{"root": {"matrix": [[0.2825705409049988, -0.9587441682815552, 0.031040599569678307, -5.960464477539063e-08], [-0.14174628257751465, -0.073737233877182, -0.9871528744697571, 0.0], [0.9487159252166748, 0.27454042434692383, -0.15673446655273438, 0.0], [0.0, 0.0, 0.0, 1.0]]}, "carpals": {"matrix": [[-0.3086693584918976, -0.33233407139778137, -0.8912222385406494, -0.30289822816848755], [0.9269741177558899, 0.1048857644200325, -0.3601634204387665, -0.28174877166748047], [0.2131713479757309, -0.9373114109039307, 0.2756900191307068, 2.4318418502807617], [0.0, 0.0, 0.0, 1.0]]}, "metacarpals": {"matrix": [[-0.6431792974472046, -0.5702162384986877, -0.5110514163970947, -0.6265895962715149], [0.7595201134681702, -0.39036157727241516, -0.5203334093093872, -0.17959070205688477], [0.0972079411149025, -0.7228215932846069, 0.6841631531715393, 1.5189062356948853], [0.0, 0.0, 0.0, 1.0]]}, "finger5joint1": {"matrix": [[-0.6739151477813721, -0.5764825940132141, -0.46206703782081604, -0.6289087533950806], [0.7345877885818481, -0.4560853838920593, -0.5023611783981323, -0.3215794861316681], [0.07886072993278503, -0.6779777407646179, 0.7308398485183716, 0.8079150319099426], [0.0, 0.0, 0.0, 1.0]]}, "finger5joint2": {"matrix": [[-0.302858829498291, -0.9491043090820312, 0.08646873384714127, -1.2378313541412354], [-0.4835306406021118, 0.07483925670385361, -0.872122049331665, -0.8033298254013062], [0.8212636709213257, -0.3059399425983429, -0.48158708214759827, 0.09178593009710312], [0.0, 0.0, 0.0, 1.0]]}, "finger5joint3": {"matrix": [[-0.3944392800331116, -0.8226958513259888, -0.4093758761882782, -1.8901841640472412], [-0.42568179965019226, 0.5583995580673218, -0.712028443813324, -0.751890242099762], [0.8143782615661621, -0.10658784210681915, -0.5704615712165833, -0.1184973269701004], [0.0, 0.0, 0.0, 1.0]]}, "Bone": {"matrix": [[0.5051780343055725, -0.6392381191253662, -0.5798013210296631, -1.5168555974960327], [0.5455846786499023, 0.7571028470993042, -0.3593500256538391, -0.7890534400939941], [0.6686795949935913, -0.13479475677013397, 0.7312301993370056, 0.3903810977935791], [0.0, 0.0, 0.0, 1.0]]}, "finger1joint1": {"matrix": [[-0.5641571283340454, -0.36896759271621704, -0.7386402487754822, -2.048821449279785], [0.7932367920875549, 0.006058274302631617, -0.6088829636573792, -0.15900184214115143], [0.22913317382335663, -0.9294223189353943, 0.2892608344554901, 0.2782065272331238], [0.0, 0.0, 0.0, 1.0]]}, "finger1joint2": {"matrix": [[-0.30499181151390076, -0.0970558226108551, -0.9473963975906372, -2.2573540210723877], [0.9406698942184448, 0.1246548742055893, -0.3155966103076935, -0.15557783842086792], [0.14872828125953674, -0.9874416589736938, 0.05327880010008812, -0.24708279967308044], [0.0, 0.0, 0.0, 1.0]]}, "finger1joint3": {"matrix": [[-0.39560240507125854, 0.29279613494873047, -0.8704992532730103, -2.2989602088928223], [0.8986625075340271, 0.31895628571510315, -0.3011189103126526, -0.10214032977819443], [0.18948498368263245, -0.901408314704895, -0.3893047273159027, -0.6703828573226929], [0.0, 0.0, 0.0, 1.0]]}, "Bone.001": {"matrix": [[0.18701818585395813, -0.9332915544509888, -0.3065791428089142, -1.5168554782867432], [0.7231260538101196, 0.3420282006263733, -0.600087583065033, -0.7890534400939941], [0.6649156212806702, -0.10946796834468842, 0.7388529181480408, 0.3903810977935791], [0.0, 0.0, 0.0, 1.0]]}, "finger2joint1": {"matrix": [[-0.03467099741101265, -0.7853588461875916, -0.6180688142776489, -2.1084537506103516], [0.5595715045928955, 0.4971567988395691, -0.6631097197532654, -0.5722473859786987], [0.8280564546585083, -0.36884427070617676, 0.4222274720668793, 0.3209911286830902], [0.0, 0.0, 0.0, 1.0]]}, "finger2joint2": {"matrix": [[-0.04828381910920143, 0.372069776058197, -0.9269479513168335, -2.7879061698913574], [0.6611128449440002, 0.7075612545013428, 0.24957284331321716, -0.1421327143907547], [0.7487313151359558, -0.6007667183876038, -0.28014370799064636, 0.0018859058618545532], [0.0, 0.0, 0.0, 1.0]]}, "finger2joint3": {"matrix": [[0.07773017883300781, 0.9596921801567078, 0.27008992433547974, -2.646662473678589], [0.7129430174827576, -0.24287660419940948, 0.6578167080879211, 0.12646915018558502], [0.6969003677368164, 0.14142638444900513, -0.7030847072601318, -0.22617501020431519], [0.0, 0.0, 0.0, 1.0]]}, "Bone.002": {"matrix": [[-0.5118996500968933, -0.8303986191749573, -0.21999232470989227, -1.5168555974960327], [0.7661490440368652, -0.32548755407333374, -0.5541420578956604, -0.7890534400939941], [0.38855433464050293, -0.45221203565597534, 0.8028259873390198, 0.3903810977935791], [0.0, 0.0, 0.0, 1.0]]}, "finger3joint1": {"matrix": [[-0.5839958190917969, -0.7759813070297241, 0.23833121359348297, -1.8668768405914307], [0.793381929397583, -0.6077366471290588, -0.03466029465198517, -0.9262497425079346], [0.1717386692762375, 0.16884614527225494, 0.9705650806427002, 0.19976916909217834], [0.0, 0.0, 0.0, 1.0]]}, "finger3joint2": {"matrix": [[-0.708149254322052, 0.10183338820934296, -0.6986804604530334, -2.547553539276123], [0.6880437135696411, 0.3216569721698761, -0.6504864692687988, -1.4593451023101807], [0.1584945023059845, -0.9413641691207886, -0.2978469729423523, 0.3478778600692749], [0.0, 0.0, 0.0, 1.0]]}, "finger3joint3": {"matrix": [[-0.5746343731880188, 0.8006978631019592, 0.16934581100940704, -2.481658935546875], [0.8027329444885254, 0.5111218094825745, 0.30720406770706177, -1.2512072324752808], [0.15942157804965973, 0.31246939301490784, -0.9364547729492188, -0.26126033067703247], [0.0, 0.0, 0.0, 1.0]]}, "Bone.003": {"matrix": [[-0.8872779011726379, -0.09645317494869232, 0.4510371685028076, -1.5168555974960327], [0.04575440287590027, -0.9914729595184326, -0.12201610207557678, -0.7890535593032837], [0.45896005630493164, -0.08762546628713608, 0.8841251730918884, 0.3903810977935791], [0.0, 0.0, 0.0, 1.0]]}, "finger4joint1": {"matrix": [[-0.46233507990837097, -0.7447121739387512, -0.48129987716674805, -1.558197259902954], [0.8398582339286804, -0.1936880201101303, -0.5070728063583374, -1.2140179872512817], [0.28440162539482117, -0.63866126537323, 0.7150015234947205, 0.35282307863235474], [0.0, 0.0, 0.0, 1.0]]}, "finger4joint2": {"matrix": [[-0.4884924590587616, -0.09157828986644745, -0.8677488565444946, -2.297963857650757], [0.8252492547035217, 0.27455222606658936, -0.49354270100593567, -1.4064198732376099], [0.2834404706954956, -0.9572010636329651, -0.05854174867272377, -0.2815968096256256], [0.0, 0.0, 0.0, 1.0]]}, "finger4joint3": {"matrix": [[-0.4664428234100342, 0.29385799169540405, -0.834312915802002, -2.33615779876709], [0.8067018985748291, 0.5282338261604309, -0.264954149723053, -1.2919142246246338], [0.3628537058830261, -0.796627938747406, -0.4834466874599457, -0.6808098554611206], [0.0, 0.0, 0.0, 1.0]]}}