{"root": {"matrix": [[0.2622973322868347, -0.9054189324378967, 0.3337913453578949, -5.960464477539063e-08], [0.15516464412212372, -0.3018289804458618, -0.9406504034996033, 0.0], [0.9524306058883667, 0.2985226809978485, 0.061319999396800995, 0.0], [0.0, 0.0, 0.0, 1.0]]}, "carpals": {"matrix": [[-0.5029674172401428, -0.34723910689353943, -0.7914850115776062, -0.33058714866638184], [0.864281952381134, -0.20878656208515167, -0.45762941241264343, 0.1612195372581482], [-0.006344398483633995, -0.9142389297485352, 0.40512534976005554, 2.439201831817627], [0.0, 0.0, 0.0, 1.0]]}, "metacarpals": {"matrix": [[-0.6644222140312195, -0.5462762117385864, -0.5100246667861938, -0.6687959432601929], [0.7459465861320496, -0.442827969789505, -0.4974604845046997, -0.042137324810028076], [0.04589783400297165, -0.7109749913215637, 0.7017175555229187, 1.5487385988235474], [0.0, 0.0, 0.0, 1.0]]}, "finger5joint1": {"matrix": [[-0.38988181948661804, -0.6998066306114197, -0.5985504388809204, -0.6541481614112854], [0.7638389468193054, 0.11727599054574966, -0.6346623301506042, -0.22109457850456238], [0.5143367052078247, -0.7046393156051636, 0.4888157248497009, 0.8462896347045898], [0.0, 0.0, 0.0, 1.0]]}, "finger5joint2": {"matrix": [[-0.6218501329421997, -0.7807101011276245, -0.06159121170639992, -1.3933345079421997], [-0.6127544045448303, 0.534027099609375, -0.5825347900390625, -0.09721919894218445], [0.4876822233200073, -0.32450875639915466, -0.8104686737060547, 0.1019986942410469], [0.0, 0.0, 0.0, 1.0]]}, "finger5joint3": {"matrix": [[-0.6876797676086426, -0.6500774025917053, -0.3232572078704834, -1.9299440383911133], [-0.5272197127342224, 0.7532591819763184, -0.3932424485683441, 0.2698363661766052], [0.4991346001625061, -0.09999699890613556, -0.8607348799705505, -0.12104755640029907], [0.0, 0.0, 0.0, 1.0]]}, "Bone": {"matrix": [[0.47824400663375854, -0.6560894250869751, -0.5838057398796082, -1.5216846466064453], [0.5932000875473022, 0.7315168976783752, -0.33614957332611084, -0.7335147261619568], [0.6476079821586609, -0.18555189669132233, 0.7390358448028564, 0.4387092888355255], [0.0, 0.0, 0.0, 1.0]]}, "finger1joint1": {"matrix": [[-0.5790529251098633, -0.35344398021698, -0.734693706035614, -2.067674160003662], [0.790473997592926, -0.022747742012143135, -0.6120729446411133, -0.1247553825378418], [0.1996210366487503, -0.935178816318512, 0.2925604283809662, 0.2842952609062195], [0.0, 0.0, 0.0, 1.0]]}, "finger1joint2": {"matrix": [[-0.3206893801689148, -0.08230350911617279, -0.9436017274856567, -2.2674331665039062], [0.9395861625671387, 0.09829004853963852, -0.32789772748947144, -0.13761192560195923], [0.11973394453525543, -0.9917483925819397, 0.04581074416637421, -0.24424755573272705], [0.0, 0.0, 0.0, 1.0]]}, "finger1joint3": {"matrix": [[-0.4113655388355255, 0.3032739758491516, -0.8595365881919861, -2.302715301513672], [0.8973065614700317, 0.3003484308719635, -0.32346853613853455, -0.09547658264636993], [0.1600610315799713, -0.9043314456939697, -0.39568260312080383, -0.66939377784729], [0.0, 0.0, 0.0, 1.0]]}, "Bone.001": {"matrix": [[0.1556989997625351, -0.9396671056747437, -0.3046033978462219, -1.5216846466064453], [0.761660635471344, 0.3105565905570984, -0.5687068104743958, -0.7335147261619568], [0.6289917826652527, -0.14345720410346985, 0.7640607953071594, 0.4387092888355255], [0.0, 0.0, 0.0, 1.0]]}, "finger2joint1": {"matrix": [[-0.0643954649567604, -0.7920498847961426, -0.6070501804351807, -2.1173243522644043], [0.6017134785652161, 0.4544743597507477, -0.656805694103241, -0.536657989025116], [0.7961117625236511, -0.4075654447078705, 0.44732099771499634, 0.34777408838272095], [0.0, 0.0, 0.0, 1.0]]}, "finger2joint2": {"matrix": [[-0.07938212156295776, 0.4072718918323517, -0.9098504185676575, -2.802565574645996], [0.6984586119651794, 0.6739448308944702, 0.24073585867881775, -0.14346995949745178], [0.7112341523170471, -0.6163826584815979, -0.3379615545272827, -0.0048307329416275024], [0.0, 0.0, 0.0, 1.0]]}, "finger2joint3": {"matrix": [[0.04947221651673317, 0.9624642133712769, 0.26686105132102966, -2.647958517074585], [0.7468258738517761, -0.21305778622627258, 0.6299660205841064, 0.1123705580830574], [0.6631767749786377, 0.1681327521800995, -0.7293336391448975, -0.2388196885585785], [0.0, 0.0, 0.0, 1.0]]}, "Bone.002": {"matrix": [[-0.5388208627700806, -0.8130642771720886, -0.22045037150382996, -1.5216846466064453], [0.7713268995285034, -0.3709399700164795, -0.5171637535095215, -0.7335147261619568], [0.33871370553970337, -0.4486978054046631, 0.8270084261894226, 0.4387092888355255], [0.0, 0.0, 0.0, 1.0]]}, "finger3joint1": {"matrix": [[-0.6075412034988403, -0.7629256248474121, 0.22099323570728302, -1.8643994331359863], [0.7852397561073303, -0.6187815070152283, 0.0225397739559412, -0.8898695707321167], [0.11955061554908752, 0.18722650408744812, 0.9750146269798279, 0.24957862496376038], [0.0, 0.0, 0.0, 1.0]]}, "finger3joint2": {"matrix": [[-0.7286434769630432, 0.08175165206193924, -0.6799963712692261, -2.533623695373535], [0.6760448217391968, 0.24492868781089783, -0.6949629187583923, -1.4326533079147339], [0.10973652452230453, -0.9660881757736206, -0.2337334007024765, 0.41381025314331055], [0.0, 0.0, 0.0, 1.0]]}, "finger3joint3": {"matrix": [[-0.5989494919776917, 0.797843337059021, 0.06859476119279861, -2.4807238578796387], [0.7945924401283264, 0.5814981460571289, 0.17459329962730408, -1.2741647958755493], [0.09941062331199646, 0.15907727181911469, -0.9822483062744141, -0.21132633090019226], [0.0, 0.0, 0.0, 1.0]]}, "Bone.003": {"matrix": [[-0.8965805768966675, -0.06897588819265366, 0.43747615814208984, -1.5216848850250244], [0.045738011598587036, -0.996936559677124, -0.0634475126862526, -0.733514666557312], [0.44051241874694824, -0.036876656115055084, 0.8969886898994446, 0.4387092590332031], [0.0, 0.0, 0.0, 1.0]]}, "finger4joint1": {"matrix": [[-0.48049619793891907, -0.7067845463752747, -0.5192095637321472, -1.5512492656707764], [0.8405015468597412, -0.20211435854434967, -0.5026994943618774, -1.1608210802078247], [0.25036078691482544, -0.677941620349884, 0.6911687254905701, 0.42290326952934265], [0.0, 0.0, 0.0, 1.0]]}, "finger4joint2": {"matrix": [[-0.5065080523490906, -0.10442288964986801, -0.8558884263038635, -2.2533397674560547], [0.8257835507392883, 0.22682124376296997, -0.5163655877113342, -1.3615933656692505], [0.24805431067943573, -0.9683219194412231, -0.028655968606472015, -0.250536173582077], [0.0, 0.0, 0.0, 1.0]]}, "finger4joint3": {"matrix": [[-0.4834998846054077, 0.1935979276895523, -0.8536669015884399, -2.2968909740448], [0.8115358352661133, 0.46466001868247986, -0.35426029562950134, -1.2669944763183594], [0.32808107137680054, -0.8640662431716919, -0.3817746341228485, -0.6543872952461243], [0.0, 0.0, 0.0, 1.0]]}}