{"root": {"matrix": [[0.21210110187530518, -0.819793701171875, 0.5319317579269409, 0.0], [0.601799726486206, -0.31929388642311096, -0.7320441007614136, 0.0], [0.7699677348136902, 0.4753836989402771, 0.42562898993492126, 2.9802322387695312e-08], [0.0, 0.0, 0.0, 1.0]]}, "carpals": {"matrix": [[-0.8299441933631897, -0.335234671831131, -0.44588133692741394, -0.38256946206092834], [0.5434252023696899, -0.30529049038887024, -0.7819761037826538, 1.130725383758545], [0.12602227926254272, -0.8912996649742126, 0.4355490207672119, 2.1587233543395996], [0.0, 0.0, 0.0, 1.0]]}, "metacarpals": {"matrix": [[-0.9327278137207031, -0.3259602189064026, 0.1541704535484314, -0.709086000919342], [0.02299833670258522, -0.4804692566394806, -0.8767098784446716, 0.8333742618560791], [0.3598468005657196, -0.8141860365867615, 0.45564353466033936, 1.2906029224395752], [0.0, 0.0, 0.0, 1.0]]}, "finger5joint1": {"matrix": [[-0.7643976807594299, -0.6358742117881775, 0.10658291727304459, -0.7948605418205261], [-0.009610242210328579, -0.15405471622943878, -0.9880155324935913, 0.9157996773719788], [0.6446732878684998, -0.7562609314918518, 0.11164810508489609, 0.5753941535949707], [0.0, 0.0, 0.0, 1.0]]}, "finger5joint2": {"matrix": [[0.17620012164115906, -0.6119738221168518, 0.7709999680519104, -1.4665168523788452], [-0.9754754900932312, -0.2135184109210968, 0.05345149338245392, 0.7530759572982788], [0.1319117248058319, -0.7615097165107727, -0.6345877647399902, -0.22342336177825928], [0.0, 0.0, 0.0, 1.0]]}, "finger5joint3": {"matrix": [[0.07558443397283554, -0.7611426711082458, 0.6441647410392761, -1.8871480226516724], [-0.9926053285598755, -0.11896779388189316, -0.02410265803337097, 0.6063172817230225], [0.0949803963303566, -0.6375795006752014, -0.7645066380500793, -0.7468357086181641], [0.0, 0.0, 0.0, 1.0]]}, "Bone": {"matrix": [[0.16375547647476196, -0.986440896987915, 0.010876559652388096, -1.2180004119873047], [0.5506579875946045, 0.08225381374359131, -0.8306683301925659, 0.08322834223508835], [0.8185105323791504, 0.14201585948467255, 0.556661069393158, 0.019432432949543], [0.0, 0.0, 0.0, 1.0]]}, "finger1joint1": {"matrix": [[-0.52425616979599, -0.7595205307006836, -0.3850764334201813, -2.0389041900634766], [-0.013907846994698048, 0.45977744460105896, -0.8879251480102539, 0.15167897939682007], [0.8514468669891357, -0.460144579410553, -0.2516044080257416, 0.13761626183986664], [0.0, 0.0, 0.0, 1.0]]}, "finger1joint2": {"matrix": [[-0.36682751774787903, 0.20656567811965942, -0.9070656299591064, -2.4681687355041504], [0.24789512157440186, 0.9614865779876709, 0.11870748549699783, 0.4115351736545563], [0.896652340888977, -0.1813119649887085, -0.4039062559604645, -0.12244747579097748], [0.0, 0.0, 0.0, 1.0]]}, "finger1joint3": {"matrix": [[-0.4641328752040863, 0.5931325554847717, -0.6578558683395386, -2.379617691040039], [0.22320066392421722, 0.7970474362373352, 0.5611565709114075, 0.8237087726593018], [0.8571826219558716, 0.11361730098724365, -0.5023233890533447, -0.20017291605472565], [0.0, 0.0, 0.0, 1.0]]}, "Bone.001": {"matrix": [[-0.17954948544502258, -0.9134596586227417, 0.3651754856109619, -1.2180004119873047], [0.44398143887519836, -0.40649640560150146, -0.7985242605209351, 0.08322834968566895], [0.8778622150421143, 0.018756577745079994, 0.47854530811309814, 0.019432440400123596], [0.0, 0.0, 0.0, 1.0]]}, "finger2joint1": {"matrix": [[-0.8879966735839844, -0.332019180059433, 0.3181585967540741, -1.797027587890625], [0.10202385485172272, -0.8168796300888062, -0.5677134990692139, -0.1744430661201477], [0.44838911294937134, -0.4716678857803345, 0.7592602372169495, 0.031321942806243896], [0.0, 0.0, 0.0, 1.0]]}, "finger2joint2": {"matrix": [[-0.9399695992469788, -0.3396426737308502, -0.033163417130708694, -2.08427357673645], [0.07975965738296509, -0.12416356801986694, -0.9890508651733398, -0.881165623664856], [0.33180633187294006, -0.9323227405548096, 0.1437997817993164, -0.3767410218715668], [0.0, 0.0, 0.0, 1.0]]}, "finger2joint3": {"matrix": [[-0.9659741520881653, 0.011610078625380993, -0.2583773732185364, -2.213207483291626], [0.1530454456806183, 0.8309782147407532, -0.5348383784294128, -0.928300142288208], [0.20849654078483582, -0.5561835765838623, -0.804480254650116, -0.7306660413742065], [0.0, 0.0, 0.0, 1.0]]}, "Bone.002": {"matrix": [[-0.7713396549224854, -0.4850483238697052, 0.4120231866836548, -1.2180004119873047], [0.047306228429079056, -0.6893103718757629, -0.7229200005531311, 0.08322836458683014], [0.6346630454063416, -0.5381254553794861, 0.5546380877494812, 0.01943245530128479], [0.0, 0.0, 0.0, 1.0]]}, "finger3joint1": {"matrix": [[-0.5898460149765015, -0.7340686917304993, 0.3364889323711395, -1.4224532842636108], [0.3217140734195709, -0.5958194732666016, -0.7358662486076355, -0.207322895526886], [0.7406631112098694, -0.3257943093776703, 0.5876018404960632, -0.2073928415775299], [0.0, 0.0, 0.0, 1.0]]}, "finger3joint2": {"matrix": [[-0.7111018896102905, -0.3480070233345032, -0.6109215617179871, -2.0663645267486572], [0.2517554759979248, 0.6852661371231079, -0.6833956241607666, -0.7299647331237793], [0.6564704179763794, -0.6397665739059448, -0.39968112111091614, -0.4931735694408417], [0.0, 0.0, 0.0, 1.0]]}, "finger3joint3": {"matrix": [[-0.6146175861358643, 0.29932138323783875, -0.7298299670219421, -2.291553020477295], [0.3967772126197815, 0.9169570207595825, 0.041925832629203796, -0.2865425646305084], [0.681771993637085, -0.2638116776943207, -0.6823415756225586, -0.9071539640426636], [0.0, 0.0, 0.0, 1.0]]}, "Bone.003": {"matrix": [[-0.542625904083252, 0.5656289458274841, 0.6209838390350342, -1.2180004119873047], [-0.7121207118034363, -0.7018505930900574, 0.017024178057909012, 0.08322834968566895], [0.4454672634601593, -0.43297773599624634, 0.7836382985115051, 0.01943245530128479], [0.0, 0.0, 0.0, 1.0]]}, "finger4joint1": {"matrix": [[-0.679469883441925, -0.6489589810371399, 0.34230485558509827, -0.9755607843399048], [0.3218081295490265, -0.6828717589378357, -0.6558394432067871, -0.217598557472229], [0.6593633890151978, -0.33546656370162964, 0.672831118106842, -0.16615021228790283], [0.0, 0.0, 0.0, 1.0]]}, "finger4joint2": {"matrix": [[-0.687430739402771, -0.7222998738288879, 0.07563991844654083, -1.62021005153656], [0.2933456003665924, -0.3714328110218048, -0.880900502204895, -0.8959354162216187], [0.6643696427345276, -0.5833694338798523, 0.46721795201301575, -0.4993889331817627], [0.0, 0.0, 0.0, 1.0]]}, "finger4joint3": {"matrix": [[-0.6260424256324768, -0.7645487785339355, -0.1534130871295929, -1.9214545488357544], [0.33606094121932983, -0.08699953556060791, -0.9378133416175842, -1.0508460998535156], [0.7036572694778442, -0.6386670470237732, 0.31140053272247314, -0.7426906824111938], [0.0, 0.0, 0.0, 1.0]]}}