{"root": {"matrix": [[0.3600560426712036, -0.8628433346748352, -0.3547689914703369, -5.960464477539063e-08], [-0.43318766355514526, 0.18216916918754578, -0.8827019929885864, 0.0], [0.8262614607810974, 0.47150376439094543, -0.3081820607185364, 0.0], [0.0, 0.0, 0.0, 1.0]]}, "carpals": {"matrix": [[0.8275543451309204, -0.426679402589798, -0.36482635140419006, 0.009577631950378418], [0.4068319499492645, 0.00801163911819458, 0.9134677052497864, -0.7020934820175171], [-0.3868349492549896, -0.9043673276901245, 0.18021710216999054, 2.364732027053833], [0.0, 0.0, 0.0, 1.0]]}, "metacarpals": {"matrix": [[0.3674626052379608, -0.6296548247337341, 0.6844748854637146, -0.40600550174713135], [-0.46556881070137024, 0.5125753283500671, 0.7214651107788086, -0.6942902207374573], [-0.8051191568374634, -0.5837815403938293, -0.10479522496461868, 1.4838837385177612], [0.0, 0.0, 0.0, 1.0]]}, "finger5joint1": {"matrix": [[0.3136135935783386, -0.7443693280220032, 0.5895427465438843, -1.1113780736923218], [-0.3571712076663971, 0.48279350996017456, 0.7995866537094116, -0.6168751120567322], [-0.879815399646759, -0.4613288342952728, -0.11445654183626175, 1.3351176977157593], [0.0, 0.0, 0.0, 1.0]]}, "finger5joint2": {"matrix": [[0.6347833275794983, -0.3445828855037689, -0.6916012763977051, -1.8976348638534546], [0.7707047462463379, 0.21823740005493164, 0.5986535549163818, -0.10691377520561218], [-0.05535237863659859, -0.9130356907844543, 0.4041055142879486, 0.84782874584198], [0.0, 0.0, 0.0, 1.0]]}, "finger5joint3": {"matrix": [[0.6369510293006897, -0.15531609952449799, -0.755095899105072, -2.134478807449341], [0.7535802125930786, -0.0810384526848793, 0.6523411870002747, 0.043088458478450775], [-0.16251079738140106, -0.9845349788665771, 0.06542595475912094, 0.22026734054088593], [0.0, 0.0, 0.0, 1.0]]}, "Bone": {"matrix": [[0.618686854839325, 0.14363634586334229, 0.7723956108093262, -1.3890714645385742], [-0.637493908405304, -0.4828075170516968, 0.6004149317741394, 0.10598218441009521], [0.4591597020626068, -0.8638665676116943, -0.2071392685174942, 0.572438657283783], [0.0, 0.0, 0.0, 1.0]]}, "finger1joint1": {"matrix": [[0.5229946970939636, -0.5172100067138672, 0.6774734258651733, -1.2695391178131104], [-0.5217006206512451, 0.4343050420284271, 0.7343072891235352, -0.2958042323589325], [-0.6740214824676514, -0.7374771237373352, -0.042689356952905655, -0.1464604139328003], [0.0, 0.0, 0.0, 1.0]]}, "finger1joint2": {"matrix": [[0.30213868618011475, -0.7279201745986938, 0.6155033707618713, -1.5618550777435303], [-0.7290754318237305, 0.23951919376850128, 0.6411547064781189, -0.050344452261924744], [-0.6141345500946045, -0.6424659490585327, -0.45834052562713623, -0.5632665157318115], [0.0, 0.0, 0.0, 1.0]]}, "finger1joint3": {"matrix": [[0.3894199728965759, -0.8952597379684448, 0.2164764404296875, -1.8739023208618164], [-0.6686892509460449, -0.11317063868045807, 0.7348787784576416, 0.05233348533511162], [-0.6334089040756226, -0.4309319853782654, -0.6427212953567505, -0.8386811017990112], [0.0, 0.0, 0.0, 1.0]]}, "Bone.001": {"matrix": [[0.7172900438308716, 0.1646730750799179, 0.6770358681678772, -1.3890715837478638], [-0.6877131462097168, 0.011122548021376133, 0.7258970141410828, 0.10598216950893402], [0.11200521141290665, -0.9862853288650513, 0.12122609466314316, 0.5724387168884277], [0.0, 0.0, 0.0, 1.0]]}, "finger2joint1": {"matrix": [[0.7618287801742554, -0.6369525194168091, -0.11793263256549835, -1.2846879959106445], [-0.406471312046051, -0.6118023991584778, 0.6785856485366821, 0.11303260922431946], [-0.5043784976005554, -0.4690300524234772, -0.7249916195869446, -0.05275145173072815], [0.0, 0.0, 0.0, 1.0]]}, "finger2joint2": {"matrix": [[0.7087317705154419, -0.5389310717582703, -0.4552498757839203, -1.8357466459274292], [-0.5210955739021301, -0.8349131345748901, 0.1771414577960968, -0.41626760363578796], [-0.47556138038635254, 0.11168278008699417, -0.8725640773773193, -0.45853227376937866], [0.0, 0.0, 0.0, 1.0]]}, "finger2joint3": {"matrix": [[0.6800644993782043, -0.38381874561309814, -0.6246560215950012, -2.0403337478637695], [-0.6271486878395081, -0.7458459138870239, -0.2244947850704193, -0.7332143187522888], [-0.37973207235336304, 0.5444231629371643, -0.7479349374771118, -0.41613566875457764], [0.0, 0.0, 0.0, 1.0]]}, "Bone.002": {"matrix": [[0.6182089447975159, -0.30006644129753113, 0.726483166217804, -1.3890714645385742], [-0.4965114891529083, 0.567432165145874, 0.6568841934204102, 0.10598218441009521], [-0.6093389987945557, -0.766798734664917, 0.20180533826351166, 0.5724387168884277], [0.0, 0.0, 0.0, 1.0]]}, "finger3joint1": {"matrix": [[0.5753473043441772, 0.11729137599468231, 0.8094555139541626, -1.5155525207519531], [-0.7422884702682495, 0.49049532413482666, 0.4565325677394867, 0.34516048431396484], [-0.34348711371421814, -0.8635141253471375, 0.3692692220211029, 0.24922531843185425], [0.0, 0.0, 0.0, 1.0]]}, "finger3joint2": {"matrix": [[0.5548157691955566, -0.7371227145195007, 0.3857843279838562, -1.41266667842865], [-0.6725361347198486, -0.12438952922821045, 0.7295356392860413, 0.7754139304161072], [-0.4897700250148773, -0.6642116904258728, -0.5647547841072083, -0.508233368396759], [0.0, 0.0, 0.0, 1.0]]}, "finger3joint3": {"matrix": [[0.44477468729019165, -0.8947321772575378, -0.04037103056907654, -1.8896441459655762], [-0.7909715175628662, -0.4135417640209198, 0.45094016194343567, 0.6949238777160645], [-0.4201660752296448, -0.16863447427749634, -0.8916404247283936, -0.9380316734313965], [0.0, 0.0, 0.0, 1.0]]}, "Bone.003": {"matrix": [[0.6494346261024475, -0.22943417727947235, 0.724979043006897, -1.3890715837478638], [0.3140029311180115, 0.94922935962677, 0.019119683653116226, 0.10598218441009521], [-0.6925580501556396, 0.21522881090641022, 0.6885054707527161, 0.5724387168884277], [0.0, 0.0, 0.0, 1.0]]}, "finger4joint1": {"matrix": [[0.526867151260376, -0.15908344089984894, 0.8349271416664124, -1.4874114990234375], [-0.6728182435035706, 0.5221792459487915, 0.524064838886261, 0.5128403902053833], [-0.5193518996238708, -0.8378666639328003, 0.16808494925498962, 0.6646898984909058], [0.0, 0.0, 0.0, 1.0]]}, "finger4joint2": {"matrix": [[0.5391062498092651, -0.8418237566947937, 0.02640150859951973, -1.6454384326934814], [-0.6504261493682861, -0.39621075987815857, 0.648045003414154, 1.0315518379211426], [-0.5350793600082397, -0.3665374517440796, -0.7611437439918518, -0.1676124632358551], [0.0, 0.0, 0.0, 1.0]]}, "finger4joint3": {"matrix": [[0.6067737340927124, -0.47073638439178467, -0.6404941082000732, -1.9965318441390991], [-0.6246498227119446, -0.7806975245475769, -0.017983881756663322, 0.8663070201873779], [-0.4915667176246643, 0.41099652647972107, -0.7677522301673889, -0.32048165798187256], [0.0, 0.0, 0.0, 1.0]]}}