{"root": {"matrix": [[0.32292672991752625, -0.6733720302581787, -0.6650477051734924, 5.960464477539063e-08], [-0.7722734808921814, 0.21872162818908691, -0.5964516401290894, 1.4901161193847656e-08], [0.5470941066741943, 0.7062088847160339, -0.4493963122367859, 0.0], [0.0, 0.0, 0.0, 1.0]]}, "carpals": {"matrix": [[0.928723931312561, -0.37047645449638367, 0.0147963622584939, 0.14595182240009308], [0.15536949038505554, 0.42509976029396057, 0.8917118906974792, -1.4653311967849731], [-0.33664819598197937, -0.8258553743362427, 0.45236125588417053, 1.9790116548538208], [0.0, 0.0, 0.0, 1.0]]}, "metacarpals": {"matrix": [[0.1874479502439499, -0.6106704473495483, 0.7693794965744019, -0.2148900032043457], [-0.5565583109855652, 0.5793736577033997, 0.595456600189209, -1.0512865781784058], [-0.8093861937522888, -0.5398216843605042, -0.23127123713493347, 1.1746336221694946], [0.0, 0.0, 0.0, 1.0]]}, "finger5joint1": {"matrix": [[0.11016292124986649, -0.724635660648346, 0.6802698969841003, -0.9127694368362427], [-0.41585496068000793, 0.5880422592163086, 0.6937366724014282, -0.867950439453125], [-0.9027339816093445, -0.3593176305294037, -0.2365628033876419, 1.1037309169769287], [0.0, 0.0, 0.0, 1.0]]}, "finger5joint2": {"matrix": [[0.7265351414680481, -0.5227171182632446, -0.4459966719150543, -1.6781818866729736], [0.6621009707450867, 0.3589785397052765, 0.6578419804573059, -0.2468176782131195], [-0.18376202881336212, -0.7732402086257935, 0.6069024205207825, 0.7241935729980469], [0.0, 0.0, 0.0, 1.0]]}, "finger5joint3": {"matrix": [[0.698011040687561, -0.4064904451370239, -0.5895299911499023, -2.037463903427124], [0.6554964780807495, 0.03127758577466011, 0.7545497417449951, -7.914192974567413e-05], [-0.288278192281723, -0.9131191968917847, 0.288285493850708, 0.1927184909582138], [0.0, 0.0, 0.0, 1.0]]}, "Bone": {"matrix": [[0.5650129318237305, -0.04191380739212036, 0.8240166306495667, -1.1683162450790405], [-0.7066460251808167, -0.5401361584663391, 0.45705997943878174, -0.1467234194278717], [0.42592403292655945, -0.8405331969261169, -0.33480212092399597, 0.33182209730148315], [0.0, 0.0, 0.0, 1.0]]}, "finger1joint1": {"matrix": [[0.6436421275138855, -0.6840713620185852, 0.34317800402641296, -1.2031962871551514], [-0.6250372529029846, -0.2110859453678131, 0.7515122890472412, -0.5962181091308594], [-0.4416481554508209, -0.6982041597366333, -0.563433825969696, -0.367659330368042], [0.0, 0.0, 0.0, 1.0]]}, "finger1joint2": {"matrix": [[0.5221491456031799, -0.7990281581878662, 0.29818493127822876, -1.5898184776306152], [-0.8198146820068359, -0.3738703429698944, 0.43373316526412964, -0.7155193090438843], [-0.23508267104625702, -0.47092995047569275, -0.8502711057662964, -0.762269139289856], [0.0, 0.0, 0.0, 1.0]]}, "finger1joint3": {"matrix": [[0.5786234140396118, -0.8072874546051025, -0.11611172556877136, -1.9323488473892212], [-0.7574034333229065, -0.5846768021583557, 0.29067644476890564, -0.8757913112640381], [-0.30254748463630676, -0.0802488848567009, -0.9497500061988831, -0.9641491174697876], [0.0, 0.0, 0.0, 1.0]]}, "Bone.001": {"matrix": [[0.6104936599731445, 0.0398641936480999, 0.7910171747207642, -1.1683162450790405], [-0.7885735630989075, -0.06248749792575836, 0.6117568612098694, -0.1467234343290329], [0.07381582260131836, -0.997249186038971, -0.006712264847010374, 0.33182209730148315], [0.0, 0.0, 0.0, 1.0]]}, "finger2joint1": {"matrix": [[0.5632163286209106, -0.8259537220001221, -0.02424093708395958, -1.1430468559265137], [-0.5828388929367065, -0.4178900718688965, 0.696897566318512, -0.18633323907852173], [-0.5857353806495667, -0.37837567925453186, -0.716760516166687, -0.3003178834915161], [0.0, 0.0, 0.0, 1.0]]}, "finger2joint2": {"matrix": [[0.486036479473114, -0.6709853410720825, -0.5599527359008789, -1.8576197624206543], [-0.6801390647888184, -0.6927623748779297, 0.2397720366716385, -0.5478703379631042], [-0.5487979650497437, 0.26430773735046387, -0.7930712699890137, -0.6276691555976868], [0.0, 0.0, 0.0, 1.0]]}, "finger2joint3": {"matrix": [[0.4539448916912079, -0.23093686997890472, -0.8605823516845703, -2.1123368740081787], [-0.7737941145896912, -0.5810475945472717, -0.25224149227142334, -0.8108543157577515], [-0.4417876601219177, 0.7804174423217773, -0.4424613118171692, -0.5273336172103882], [0.0, 0.0, 0.0, 1.0]]}, "Bone.002": {"matrix": [[0.45285603404045105, -0.3020465672016144, 0.838861882686615, -1.168316125869751], [-0.6183220744132996, 0.5714490413665771, 0.5395585894584656, -0.1467234194278717], [-0.6423388719558716, -0.7630290985107422, 0.07202219218015671, 0.33182206749916077], [0.0, 0.0, 0.0, 1.0]]}, "finger3joint1": {"matrix": [[0.27007919549942017, -0.10260914266109467, 0.9573550224304199, -1.295631766319275], [-0.6399921774864197, 0.7237300276756287, 0.25811728835105896, 0.09414809942245483], [-0.7193520665168762, -0.6824116706848145, 0.1297953724861145, 0.010197639465332031], [0.0, 0.0, 0.0, 1.0]]}, "finger3joint2": {"matrix": [[0.21311216056346893, -0.7405474781990051, 0.6373167634010315, -1.3856385946273804], [-0.5270280241966248, 0.46212926506996155, 0.7132164835929871, 0.7289907932281494], [-0.8226935863494873, -0.4878787398338318, -0.29180383682250977, -0.5884012579917908], [0.0, 0.0, 0.0, 1.0]]}, "finger3joint3": {"matrix": [[0.06589551270008087, -0.9296144843101501, 0.3625943958759308, -1.8648324012756348], [-0.6158735156059265, 0.24801728129386902, 0.7477880716323853, 1.0280253887176514], [-0.7850844860076904, -0.2725880444049835, -0.5561815500259399, -0.9040979743003845], [0.0, 0.0, 0.0, 1.0]]}, "Bone.003": {"matrix": [[0.5985234379768372, -0.05101818963885307, 0.7994791865348816, -1.168316125869751], [0.17159344255924225, 0.9829722046852112, -0.06573428958654404, -0.1467234492301941], [-0.7825121283531189, 0.17652906477451324, 0.5970863699913025, 0.3318220376968384], [0.0, 0.0, 0.0, 1.0]]}, "finger4joint1": {"matrix": [[0.2261483520269394, -0.3744262158870697, 0.8992562294006348, -1.1901836395263672], [-0.6116974949836731, 0.6638625860214233, 0.43024659156799316, 0.2745975852012634], [-0.7580784559249878, -0.6473722457885742, -0.07890407741069794, 0.40748587250709534], [0.0, 0.0, 0.0, 1.0]]}, "finger4joint2": {"matrix": [[0.23482847213745117, -0.9706308245658875, -0.05226102098822594, -1.56212317943573], [-0.5878966450691223, -0.18463745713233948, 0.7875823378562927, 0.9340514540672302], [-0.7741012573242188, -0.15422269701957703, -0.6139886975288391, -0.2355872094631195], [0.0, 0.0, 0.0, 1.0]]}, "finger4joint3": {"matrix": [[0.3154396712779999, -0.5460556745529175, -0.7760933041572571, -1.9669374227523804], [-0.5819719433784485, -0.7573079466819763, 0.29629838466644287, 0.8570460081100464], [-0.7495372891426086, 0.35820019245147705, -0.5566740036010742, -0.29990777373313904], [0.0, 0.0, 0.0, 1.0]]}}