{"root": {"matrix": [[0.16165047883987427, -0.9386194944381714, -0.3047335147857666, -5.960464477539063e-08], [-0.3004046380519867, 0.2473369985818863, -0.9211848378181458, 0.0], [0.9400138854980469, 0.2404533475637436, -0.2419835925102234, 1.4901161193847656e-08], [0.0, 0.0, 0.0, 1.0]]}, "carpals": {"matrix": [[0.9139332175254822, -0.2696971297264099, -0.3032974302768707, -0.5189076662063599], [0.2900446653366089, -0.08872207999229431, 0.95289146900177, -0.3336943984031677], [-0.2839012145996094, -0.9588491320610046, -0.002861620392650366, 2.3883819580078125], [0.0, 0.0, 0.0, 1.0]]}, "metacarpals": {"matrix": [[0.3882423937320709, -0.5425852537155151, 0.7448952794075012, -0.7815910577774048], [-0.6334123015403748, 0.42999324202537537, 0.6433462500572205, -0.4201091527938843], [-0.6693702936172485, -0.7216000556945801, -0.1767384260892868, 1.4544686079025269], [0.0, 0.0, 0.0, 1.0]]}, "finger5joint1": {"matrix": [[0.26727333664894104, -0.3703347444534302, 0.8896161913871765, -1.4657766819000244], [-0.5593529939651489, 0.6921215653419495, 0.4561706781387329, -0.3282347321510315], [-0.7846586108207703, -0.6195315718650818, -0.02216210402548313, 1.2328295707702637], [0.0, 0.0, 0.0, 1.0]]}, "finger5joint2": {"matrix": [[0.9062225818634033, -0.279863566160202, -0.31691741943359375, -1.856951117515564], [0.41681650280952454, 0.7170284390449524, 0.5586892366409302, 0.40283405780792236], [0.07088210433721542, -0.638392984867096, 0.7664393782615662, 0.5784355401992798], [0.0, 0.0, 0.0, 1.0]]}, "finger5joint3": {"matrix": [[0.8922053575515747, -0.3061656951904297, -0.3320116698741913, -2.0493111610412598], [0.45054152607917786, 0.5523858070373535, 0.7013428211212158, 0.8956727981567383], [-0.03132851421833038, -0.7753267288208008, 0.6307822465896606, 0.13964560627937317], [0.0, 0.0, 0.0, 1.0]]}, "Bone": {"matrix": [[0.5310778617858887, 0.16870832443237305, 0.830357551574707, -1.6287171840667725], [-0.5755213499069214, -0.6474144458770752, 0.4996291995048523, 0.2512297034263611], [0.6218770146369934, -0.7432307600975037, -0.24673211574554443, 0.3278505802154541], [0.0, 0.0, 0.0, 1.0]]}, "finger1joint1": {"matrix": [[0.8237832188606262, -0.43754252791404724, 0.36046862602233887, -1.4883203506469727], [-0.5523567795753479, -0.47636324167251587, 0.6840904355049133, -0.28754061460494995], [-0.12760485708713531, -0.7626497149467468, -0.6340994834899902, -0.29065683484077454], [0.0, 0.0, 0.0, 1.0]]}, "finger1joint2": {"matrix": [[0.6835055351257324, -0.5818549990653992, 0.44075489044189453, -1.735609769821167], [-0.72476726770401, -0.612765371799469, 0.3150092661380768, -0.5567708015441895], [0.08678940683603287, -0.5347554683685303, -0.8405379056930542, -0.7216899394989014], [0.0, 0.0, 0.0, 1.0]]}, "finger1joint3": {"matrix": [[0.7455120086669922, -0.6598966717720032, 0.09353172034025192, -1.985041618347168], [-0.6661680936813354, -0.7421509027481079, 0.07370124012231827, -0.819453239440918], [0.020779257640242577, -0.11725319921970367, -0.9928845167160034, -0.9509308338165283], [0.0, 0.0, 0.0, 1.0]]}, "Bone.001": {"matrix": [[0.6508132219314575, 0.23746457695960999, 0.7211466431617737, -1.6287171840667725], [-0.6974260807037354, -0.1884085088968277, 0.6914467811584473, 0.2512297034263611], [0.30006417632102966, -0.9529494047164917, 0.04299540817737579, 0.3278506100177765], [0.0, 0.0, 0.0, 1.0]]}, "finger2joint1": {"matrix": [[0.6733974814414978, -0.7000380754470825, 0.2376600205898285, -1.4781924486160278], [-0.6312173008918762, -0.3770985007286072, 0.6777617931365967, 0.13180063664913177], [-0.3848380148410797, -0.6064183712005615, -0.6958132386207581, -0.27620840072631836], [0.0, 0.0, 0.0, 1.0]]}, "finger2joint2": {"matrix": [[0.5824765563011169, -0.5415318608283997, -0.6061882376670837, -2.083829641342163], [-0.7226541638374329, -0.6864264607429504, -0.08117493987083435, -0.19444569945335388], [-0.37214505672454834, 0.48534685373306274, -0.7911676168441772, -0.8008506298065186], [0.0, 0.0, 0.0, 1.0]]}, "finger2joint3": {"matrix": [[0.5683394074440002, 0.17339873313903809, -0.8043152093887329, -2.2894039154052734], [-0.7864531874656677, -0.17282740771770477, -0.592976987361908, -0.45502448081970215], [-0.24182941019535065, 0.9695684909820557, 0.0381452813744545, -0.6166049838066101], [0.0, 0.0, 0.0, 1.0]]}, "Bone.002": {"matrix": [[0.6206294894218445, -0.19708670675754547, 0.7589307427406311, -1.628717303276062], [-0.6420555710792542, 0.42785659432411194, 0.6361628174781799, 0.2512297034263611], [-0.45009294152259827, -0.8820969462394714, 0.13899990916252136, 0.3278506100177765], [0.0, 0.0, 0.0, 1.0]]}, "finger3joint1": {"matrix": [[0.4433034360408783, 0.3353559672832489, 0.831275224685669, -1.7117912769317627], [-0.6715293526649475, 0.7385305762290955, 0.06017334759235382, 0.4315755367279053], [-0.593742847442627, -0.5849004983901978, 0.5525943636894226, -0.04396212100982666], [0.0, 0.0, 0.0, 1.0]]}, "finger3joint2": {"matrix": [[0.4581682085990906, -0.7031427621841431, 0.5437574982643127, -1.4176232814788818], [-0.5481252670288086, 0.25808432698249817, 0.7955821752548218, 1.079400897026062], [-0.6997432708740234, -0.6625574231147766, -0.26716405153274536, -0.5570260286331177], [0.0, 0.0, 0.0, 1.0]]}, "finger3joint3": {"matrix": [[0.32474467158317566, -0.9059720039367676, -0.2715800702571869, -1.8726130723953247], [-0.6606184244155884, -0.42276304960250854, 0.6203664541244507, 1.2464021444320679], [-0.6768487691879272, -0.022050051018595695, -0.7357915043830872, -0.9857539534568787], [0.0, 0.0, 0.0, 1.0]]}, "Bone.003": {"matrix": [[0.7214853167533875, -0.1694411039352417, 0.6713781356811523, -1.628717303276062], [0.1338944286108017, 0.9854369163513184, 0.10481532663106918, 0.25122973322868347], [-0.6793607473373413, 0.014271317049860954, 0.7336655259132385, 0.3278506100177765], [0.0, 0.0, 0.0, 1.0]]}, "finger4joint1": {"matrix": [[0.5153046250343323, -0.1865558922290802, 0.8364555239677429, -1.701343059539795], [-0.7662091255187988, 0.3369311988353729, 0.5471751093864441, 0.6736071109771729], [-0.3839069604873657, -0.922861635684967, 0.030681539326906204, 0.3339676856994629], [0.0, 0.0, 0.0, 1.0]]}, "finger4joint2": {"matrix": [[0.5269487500190735, -0.7522627711296082, -0.39550670981407166, -1.8866599798202515], [-0.7475752830505371, -0.6316325664520264, 0.20535609126091003, 1.00830078125], [-0.404296875, 0.18745876848697662, -0.8952109217643738, -0.5827653408050537], [0.0, 0.0, 0.0, 1.0]]}, "finger4joint3": {"matrix": [[0.593386709690094, 0.04986155778169632, -0.8033715486526489, -2.2004008293151855], [-0.6954066753387451, -0.4708566665649414, -0.5428656339645386, 0.7448703050613403], [-0.40534117817878723, 0.8807991147041321, -0.24472613632678986, -0.5045832395553589], [0.0, 0.0, 0.0, 1.0]]}}