{"root": {"matrix": [[0.20733925700187683, -0.784264326095581, 0.5847562551498413, 0.0], [0.6205888986587524, -0.3566267192363739, -0.6983457803726196, 0.0], [0.756227433681488, 0.5076877474784851, 0.41276296973228455, 0.0], [0.0, 0.0, 0.0, 1.0]]}, "carpals": {"matrix": [[-0.8479079604148865, -0.3277469575405121, -0.4166938066482544, -0.36450037360191345], [0.516396164894104, -0.3327699601650238, -0.7890494465827942, 1.1328860521316528], [0.1199454814195633, -0.8842203617095947, 0.4514055848121643, 2.1607160568237305], [0.0, 0.0, 0.0, 1.0]]}, "metacarpals": {"matrix": [[-0.9317020177841187, -0.33465248346328735, 0.14120495319366455, -0.6837238669395447], [0.03641772270202637, -0.4728630781173706, -0.8803829550743103, 0.8087700605392456], [0.3613930344581604, -0.8151121735572815, 0.4527547061443329, 1.2994908094406128], [0.0, 0.0, 0.0, 1.0]]}, "finger5joint1": {"matrix": [[-0.792371392250061, -0.6092100143432617, 0.0317888967692852, -0.7693052291870117], [-0.10704874247312546, 0.08755441755056381, -0.9903911352157593, 0.8946925401687622], [0.6005730628967285, -0.7881604433059692, -0.13459081947803497, 0.5846706628799438], [0.0, 0.0, 0.0, 1.0]]}, "finger5joint2": {"matrix": [[0.042702529579401016, -0.6560124158859253, 0.7535406351089478, -1.412796974182129], [-0.9875154495239258, 0.08674848079681396, 0.13148248195648193, 0.9871737957000732], [-0.1516227275133133, -0.7497475743293762, -0.6441183686256409, -0.24784141778945923], [0.0, 0.0, 0.0, 1.0]]}, "finger5joint3": {"matrix": [[-0.06027683615684509, -0.7872243523597717, 0.6137132048606873, -1.8636972904205322], [-0.9808387160301208, 0.16082386672496796, 0.10995771735906601, 1.0467990636825562], [-0.18526116013526917, -0.5953256487846375, -0.7818343639373779, -0.7631692290306091], [0.0, 0.0, 0.0, 1.0]]}, "Bone": {"matrix": [[0.17356687784194946, -0.9848212599754333, -0.001199247781187296, -1.2062093019485474], [0.5455541610717773, 0.09716331213712692, -0.8324240446090698, 0.07049952447414398], [0.8199054002761841, 0.14382709562778473, 0.5541375875473022, 0.026874437928199768], [0.0, 0.0, 0.0, 1.0]]}, "finger1joint1": {"matrix": [[-0.5206925868988037, -0.75758296251297, -0.39363324642181396, -2.0257654190063477], [-0.006655137520283461, 0.464654803276062, -0.8854668140411377, 0.15135765075683594], [0.8537181615829468, -0.45843619108200073, -0.24698403477668762, 0.14656557142734528], [0.0, 0.0, 0.0, 1.0]]}, "finger1joint2": {"matrix": [[-0.36086738109588623, 0.16254326701164246, -0.9183432459831238, -2.453935146331787], [0.2539559602737427, 0.964610755443573, 0.07093934714794159, 0.4139704704284668], [0.8973744511604309, -0.2076190561056137, -0.3893752694129944, -0.11253264546394348], [0.0, 0.0, 0.0, 1.0]]}, "finger1joint3": {"matrix": [[-0.45773449540138245, 0.6061561703681946, -0.6504258513450623, -2.3842554092407227], [0.22427400946617126, 0.7866270542144775, 0.5752555131912231, 0.8274832963943481], [0.8603373169898987, 0.1174406036734581, -0.49601128697395325, -0.20153550803661346], [0.0, 0.0, 0.0, 1.0]]}, "Bone.001": {"matrix": [[-0.1712653934955597, -0.9196469187736511, 0.35343652963638306, -1.206209421157837], [0.4440532922744751, -0.3922868072986603, -0.8055604100227356, 0.07049955427646637], [0.8794796466827393, 0.018980098888278008, 0.4755573570728302, 0.026874445378780365], [0.0, 0.0, 0.0, 1.0]]}, "finger2joint1": {"matrix": [[-0.8856099247932434, -0.34113383293151855, 0.3151547312736511, -1.7891587018966675], [0.11446823924779892, -0.8179794549942017, -0.5637432336807251, -0.17816460132598877], [0.4501020312309265, -0.46318137645721436, 0.7634596824645996, 0.03890565037727356], [0.0, 0.0, 0.0, 1.0]]}, "finger2joint2": {"matrix": [[-0.9381495714187622, -0.3415276110172272, -0.0568695142865181, -2.084290027618408], [0.09163322299718857, -0.08652147650718689, -0.9920268058776855, -0.8858387470245361], [0.33388423919677734, -0.9358805418014526, 0.11246539652347565, -0.3618152439594269], [0.0, 0.0, 0.0, 1.0]]}, "finger2joint3": {"matrix": [[-0.9622713923454285, 0.013253424316644669, -0.27176788449287415, -2.2139394283294678], [0.1693761944770813, 0.8108696937561035, -0.5601801872253418, -0.918683648109436], [0.2129441350698471, -0.5850763916969299, -0.7825214862823486, -0.7170908451080322], [0.0, 0.0, 0.0, 1.0]]}, "Bone.002": {"matrix": [[-0.7695323824882507, -0.4965474009513855, 0.40157249569892883, -1.206209421157837], [0.05737623572349548, -0.680040717124939, -0.7309258580207825, 0.07049955427646637], [0.636025071144104, -0.5394302606582642, 0.5518032312393188, 0.026874452829360962], [0.0, 0.0, 0.0, 1.0]]}, "finger3joint1": {"matrix": [[-0.5847868919372559, -0.7419293522834778, 0.32797110080718994, -1.4155092239379883], [0.3288620114326477, -0.5864304304122925, -0.7402358055114746, -0.21614444255828857], [0.7415350079536438, -0.32502275705337524, 0.5869290828704834, -0.20050081610679626], [0.0, 0.0, 0.0, 1.0]]}, "finger3joint2": {"matrix": [[-0.7070228457450867, -0.3422068655490875, -0.6188805103302002, -2.0663158893585205], [0.2604621350765228, 0.6876017451286316, -0.6777634620666504, -0.7305503487586975], [0.6574787497520447, -0.6403890252113342, -0.3970179557800293, -0.48560482263565063], [0.0, 0.0, 0.0, 1.0]]}, "finger3joint3": {"matrix": [[-0.6089755296707153, 0.28738829493522644, -0.7392946481704712, -2.2877511978149414], [0.4045177698135376, 0.9142608642578125, 0.022192221134901047, -0.28561684489250183], [0.6822860240936279, -0.28554344177246094, -0.6730158925056458, -0.8999878764152527], [0.0, 0.0, 0.0, 1.0]]}, "Bone.003": {"matrix": [[-0.5529596209526062, 0.5539678931236267, 0.6223785877227783, -1.206209421157837], [-0.7049398422241211, -0.7092496752738953, 0.004977826029062271, 0.07049953937530518], [0.44417935609817505, -0.4359869658946991, 0.7827003598213196, 0.026874467730522156], [0.0, 0.0, 0.0, 1.0]]}, "finger4joint1": {"matrix": [[-0.6779323816299438, -0.655335009098053, 0.3330816328525543, -0.9687678813934326], [0.3274024724960327, -0.6748374700546265, -0.6613635420799255, -0.23349863290786743], [0.6581908464431763, -0.33930790424346924, 0.6720525026321411, -0.15999799966812134], [0.0, 0.0, 0.0, 1.0]]}, "finger4joint2": {"matrix": [[-0.68621826171875, -0.7245203852653503, 0.0646088719367981, -1.6197508573532104], [0.2990149259567261, -0.36194321513175964, -0.8829421997070312, -0.9038546085357666], [0.6630944609642029, -0.5865719318389893, 0.46501457691192627, -0.4970526099205017], [0.0, 0.0, 0.0, 1.0]]}, "finger4joint3": {"matrix": [[-0.6244882345199585, -0.7634981274604797, -0.16457398235797882, -1.9219214916229248], [0.3409510552883148, -0.07691653817892075, -0.9369289875030518, -1.0548075437545776], [0.7026851773262024, -0.6412127614021301, 0.3083491325378418, -0.741689920425415], [0.0, 0.0, 0.0, 1.0]]}}