{"root": {"matrix": [[0.19362376630306244, -0.8078584671020508, -0.5566637516021729, 0.0], [-0.936560869216919, 0.016772113740444183, -0.3501035273075104, 0.0], [0.2921704351902008, 0.589137852191925, -0.753361165523529, 0.0], [0.0, 0.0, 0.0, 1.0]]}, "carpals": {"matrix": [[0.8650140166282654, -0.4878336489200592, -0.11734113842248917, -0.29028627276420593], [0.3461233675479889, 0.41085994243621826, 0.8434407711029053, -2.062230348587036], [-0.3632480204105377, -0.7702027559280396, 0.5242503881454468, 1.3220911026000977], [0.0, 0.0, 0.0, 1.0]]}, "metacarpals": {"matrix": [[0.21778789162635803, -0.29740825295448303, 0.9295787215232849, -0.7654331922531128], [-0.2936744689941406, 0.8883324861526489, 0.3530159890651703, -1.662055253982544], [-0.9307650327682495, -0.34987619519233704, 0.10612689703702927, 0.5719183087348938], [0.0, 0.0, 0.0, 1.0]]}, "finger5joint1": {"matrix": [[0.4449974298477173, -0.41653746366500854, 0.792763352394104, -1.3557679653167725], [-0.4935680329799652, 0.6245782971382141, 0.6052206754684448, -1.24880051612854], [-0.7472400665283203, -0.6606043577194214, 0.07234621047973633, 0.4919148087501526], [0.0, 0.0, 0.0, 1.0]]}, "finger5joint2": {"matrix": [[0.7897811532020569, -0.37822893261909485, -0.48289573192596436, -1.7957448959350586], [0.6032838225364685, 0.6212812066078186, 0.500057578086853, -0.5890758037567139], [0.1108778715133667, -0.6862592101097107, 0.7188558578491211, -0.20586326718330383], [0.0, 0.0, 0.0, 1.0]]}, "finger5joint3": {"matrix": [[0.7764046788215637, -0.35904157161712646, -0.5179619193077087, -2.0557148456573486], [0.6301998496055603, 0.45087409019470215, 0.6321075558662415, -0.16204743087291718], [0.006582758855074644, -0.817190945148468, 0.5763289928436279, -0.6775532960891724], [0.0, 0.0, 0.0, 1.0]]}, "Bone": {"matrix": [[0.24778442084789276, 0.014184638857841492, 0.968711256980896, -1.2297700643539429], [-0.9496669769287109, -0.1942560374736786, 0.2457575500011444, -0.2751215398311615], [0.19166402518749237, -0.9808482527732849, -0.03466292843222618, 0.025664448738098145], [0.0, 0.0, 0.0, 1.0]]}, "finger1joint1": {"matrix": [[0.5951544642448425, -0.7917115688323975, 0.13778159022331238, -1.217965841293335], [-0.5182680487632751, -0.24711328744888306, 0.8187384605407715, -0.43677905201911926], [-0.6141572594642639, -0.5586838722229004, -0.557389497756958, -0.7905853390693665], [0.0, 0.0, 0.0, 1.0]]}, "finger1joint2": {"matrix": [[0.5406609773635864, -0.8165972232818604, -0.20212538540363312, -1.6654239892959595], [-0.7378836870193481, -0.5757290124893188, 0.35222625732421875, -0.5764421224594116], [-0.4039965569972992, -0.04129001125693321, -0.9138281345367432, -1.1063413619995117], [0.0, 0.0, 0.0, 1.0]]}, "finger1joint3": {"matrix": [[0.5470041036605835, -0.5747768878936768, -0.608619749546051, -2.015486001968384], [-0.6767979264259338, -0.7315236926078796, 0.08256679773330688, -0.8232476711273193], [-0.4926774203777313, 0.36674821376800537, -0.7891544103622437, -1.1240416765213013], [0.0, 0.0, 0.0, 1.0]]}, "Bone.001": {"matrix": [[0.35036325454711914, 0.2512088119983673, 0.902296781539917, -1.2297701835632324], [-0.9233661890029907, 0.2540956437587738, 0.2878016531467438, -0.2751215398311615], [-0.15697140991687775, -0.933985710144043, 0.3209836184978485, 0.025664448738098145], [0.0, 0.0, 0.0, 1.0]]}, "finger2joint1": {"matrix": [[0.23261496424674988, -0.40259817242622375, 0.8853275179862976, -1.0705329179763794], [-0.4098154902458191, 0.7849622368812561, 0.46463432908058167, -0.11405450105667114], [-0.882009744644165, -0.4709019362926483, 0.01760302297770977, -0.5663738250732422], [0.0, 0.0, 0.0, 1.0]]}, "finger2joint2": {"matrix": [[0.11243926733732224, -0.8649200201034546, 0.4891528785228729, -1.4188404083251953], [-0.3783281743526459, 0.4179329574108124, 0.8259536027908325, 0.5650547742843628], [-0.9188172221183777, -0.27792996168136597, -0.2802315652370453, -0.9737740755081177], [0.0, 0.0, 0.0, 1.0]]}, "finger2joint3": {"matrix": [[-0.031666841357946396, -0.9200031757354736, -0.3906291425228119, -1.747178077697754], [-0.40017348527908325, -0.34646302461624146, 0.8484243750572205, 0.723708987236023], [-0.9158919453620911, 0.1831863969564438, -0.3571895658969879, -1.0792808532714844], [0.0, 0.0, 0.0, 1.0]]}, "Bone.002": {"matrix": [[0.4120469391345978, 0.04140646010637283, 0.91022127866745, -1.2297701835632324], [-0.48908162117004395, 0.8529098033905029, 0.1826024204492569, -0.2751215398311615], [-0.7687758803367615, -0.5204132795333862, 0.3716900944709778, 0.025664448738098145], [0.0, 0.0, 0.0, 1.0]]}, "finger3joint1": {"matrix": [[0.289255827665329, -0.12067106366157532, 0.949615478515625, -1.212316870689392], [-0.5105287432670593, 0.8197134733200073, 0.2596725523471832, 0.08438849449157715], [-0.8097478151321411, -0.5599177479743958, 0.17550088465213776, -0.19369497895240784], [0.0, 0.0, 0.0, 1.0]]}, "finger3joint2": {"matrix": [[0.2294771820306778, -0.8196790218353271, 0.5248490571975708, -1.3181673288345337], [-0.38417521119117737, 0.41917696595191956, 0.8226176500320435, 0.8034260272979736], [-0.8942872285842896, -0.39040589332580566, -0.21870876848697662, -0.6848444938659668], [0.0, 0.0, 0.0, 1.0]]}, "finger3joint3": {"matrix": [[0.09699404239654541, -0.9797787070274353, 0.17500239610671997, -1.8485654592514038], [-0.495761901140213, 0.10490477085113525, 0.8620990514755249, 1.07466721534729], [-0.8630250692367554, -0.1703779697418213, -0.4755617678165436, -0.9374684691429138], [0.0, 0.0, 0.0, 1.0]]}, "Bone.003": {"matrix": [[0.7863497734069824, 0.16701039671897888, 0.5947785973548889, -1.2297700643539429], [0.21049150824546814, 0.8327263593673706, -0.5121131539344788, -0.2751215696334839], [-0.5808159708976746, 0.5278960466384888, 0.619659960269928, 0.025664448738098145], [0.0, 0.0, 0.0, 1.0]]}, "finger4joint1": {"matrix": [[0.20973098278045654, -0.3855861723423004, 0.8985188007354736, -1.1581861972808838], [-0.28575101494789124, 0.8546651601791382, 0.4334665536880493, 0.08180111646652222], [-0.9350717067718506, -0.3476639986038208, 0.06906819343566895, 0.25193095207214355], [0.0, 0.0, 0.0, 1.0]]}, "finger4joint2": {"matrix": [[0.21814841032028198, -0.9727292060852051, -0.07879682630300522, -1.5412118434906006], [-0.2576606869697571, -0.13528388738632202, 0.9567176103591919, 0.9307904839515686], [-0.9412873387336731, -0.1884036660194397, -0.2801460027694702, -0.0934242308139801], [0.0, 0.0, 0.0, 1.0]]}, "finger4joint3": {"matrix": [[0.29938173294067383, -0.5971792340278625, -0.7441420555114746, -1.9469009637832642], [-0.2594911456108093, -0.8014771938323975, 0.5387930870056152, 0.8743686079978943], [-0.9181690812110901, 0.031793348491191864, -0.39491039514541626, -0.17200040817260742], [0.0, 0.0, 0.0, 1.0]]}}