{"root": {"matrix": [[0.3573314845561981, -0.48677176237106323, -0.7970994114875793, 0.0], [-0.6868718266487122, -0.7152606844902039, 0.12887699902057648, 0.0], [-0.6328676342964172, 0.5014532208442688, -0.5899349451065063, 5.960464477539063e-08], [0.0, 0.0, 0.0, 1.0]]}, "carpals": {"matrix": [[0.5822432637214661, -0.8128650188446045, -0.01559072732925415, 0.4212506413459778], [0.8011344075202942, 0.5703635215759277, 0.18129770457744598, -2.2679405212402344], [-0.13847821950912476, -0.11804965883493423, 0.983304500579834, -0.8740588426589966], [0.0, 0.0, 0.0, 1.0]]}, "metacarpals": {"matrix": [[-0.20527759194374084, -0.6181856989860535, 0.7587538957595825, -0.37047499418258667], [0.3395937383174896, 0.6821077466011047, 0.6476147770881653, -1.7124099731445312], [-0.9178980588912964, 0.3906088173389435, 0.06991051137447357, -0.9890384674072266], [0.0, 0.0, 0.0, 1.0]]}, "finger5joint1": {"matrix": [[-0.15547092258930206, -0.6020921468734741, 0.7831434607505798, -0.9993621110916138], [0.3260576128959656, 0.717074990272522, 0.616027295589447, -1.6491466760635376], [-0.9324778318405151, 0.35112419724464417, 0.08483237773180008, -0.6338292360305786], [0.0, 0.0, 0.0, 1.0]]}, "finger5joint2": {"matrix": [[0.8701798915863037, -0.49272722005844116, 0.0025255088694393635, -1.6353354454040527], [0.4840521514415741, 0.8538785576820374, -0.19127021729946136, -0.8917202949523926], [0.09208754450082779, 0.16766200959682465, 0.981533944606781, -0.2629464864730835], [0.0, 0.0, 0.0, 1.0]]}, "finger5joint3": {"matrix": [[0.8189163208007812, -0.5706394910812378, -0.06120522692799568, -1.9740040302276611], [0.5714452266693115, 0.8206237554550171, -0.005140366498380899, -0.30481958389282227], [0.053159717470407486, -0.030765924602746964, 0.9981116652488708, -0.147706538438797], [0.0, 0.0, 0.0, 1.0]]}, "Bone": {"matrix": [[0.5126476883888245, -0.4236217439174652, 0.7468177676200867, -1.3356345891952515], [-0.6737631559371948, 0.3406643271446228, 0.6557368040084839, -0.6474504470825195], [-0.5321984887123108, -0.839340329170227, -0.11077998578548431, -0.37918955087661743], [0.0, 0.0, 0.0, 1.0]]}, "finger1joint1": {"matrix": [[-0.10724374651908875, -0.9886153340339661, 0.10553882271051407, -1.6881673336029053], [0.25153201818466187, 0.07571934908628464, 0.9648823738098145, -0.36395376920700073], [-0.96188884973526, 0.13002395629882812, 0.24054786562919617, -1.0776782035827637], [0.0, 0.0, 0.0, 1.0]]}, "finger1joint2": {"matrix": [[-0.11448942869901657, -0.17375916242599487, -0.9781103730201721, -2.2469112873077393], [-0.05574209988117218, -0.9819096326828003, 0.18095877766609192, -0.3211587965488434], [-0.9918591976165771, 0.07523985952138901, 0.10273253172636032, -1.004191517829895], [0.0, 0.0, 0.0, 1.0]]}, "finger1joint3": {"matrix": [[-0.20650480687618256, 0.2805637717247009, -0.9373578429222107, -2.321398973464966], [-0.0010682129068300128, -0.9580711126327515, -0.28652822971343994, -0.7420873641967773], [-0.9784449338912964, -0.05816807970404625, 0.19814597070217133, -0.9719374775886536], [0.0, 0.0, 0.0, 1.0]]}, "Bone.001": {"matrix": [[0.42336779832839966, -0.2996927499771118, 0.8549525141716003, -1.335634469985962], [-0.4364672601222992, 0.7594869136810303, 0.4823646545410156, -0.6474503874778748], [-0.7938863635063171, -0.5773764848709106, 0.19073620438575745, -0.3791896104812622], [0.0, 0.0, 0.0, 1.0]]}, "finger2joint1": {"matrix": [[-0.14330078661441803, -0.12873002886772156, 0.9812712669372559, -1.5256047248840332], [0.23756954073905945, 0.9580396413803101, 0.16037602722644806, -0.16602402925491333], [-0.9607419371604919, 0.2561021149158478, -0.10670550912618637, -0.7451791763305664], [0.0, 0.0, 0.0, 1.0]]}, "finger2joint2": {"matrix": [[-0.2444210797548294, -0.3464246988296509, 0.90567547082901, -1.6369754076004028], [0.30739161372184753, 0.8581499457359314, 0.4112039804458618, 0.6628229022026062], [-0.9196566939353943, 0.378903865814209, -0.10326191037893295, -0.5236126184463501], [0.0, 0.0, 0.0, 1.0]]}, "finger2joint3": {"matrix": [[-0.36248254776000977, -0.8466007113456726, 0.38970935344696045, -1.7684839963912964], [0.36581048369407654, 0.25535035133361816, 0.8949740529060364, 0.9885907173156738], [-0.857198178768158, 0.4669722318649292, 0.21713531017303467, -0.3797745108604431], [0.0, 0.0, 0.0, 1.0]]}, "Bone.002": {"matrix": [[0.08098731935024261, -0.4074396789073944, 0.9096339344978333, -1.335634469985962], [0.20918026566505432, 0.8992547988891602, 0.3841668665409088, -0.6474503874778748], [-0.9745175242424011, 0.15916477143764496, 0.15805654227733612, -0.3791896104812622], [0.0, 0.0, 0.0, 1.0]]}, "finger3joint1": {"matrix": [[0.18535993993282318, 0.040034834295511246, 0.9818547964096069, -1.5073745250701904], [-0.4591667652130127, 0.8869122266769409, 0.050520505756139755, -0.2684054374694824], [-0.8687965273857117, -0.4601997137069702, 0.1827806830406189, -0.3121000826358795], [0.0, 0.0, 0.0, 1.0]]}, "finger3joint2": {"matrix": [[0.1511281132698059, -0.6382395029067993, 0.7548580169677734, -1.4722565412521362], [-0.3147592842578888, 0.6928125023841858, 0.6487967371940613, 0.5095776319503784], [-0.9370627999305725, -0.33565008640289307, -0.09618846327066422, -0.7157787084579468], [0.0, 0.0, 0.0, 1.0]]}, "finger3joint3": {"matrix": [[-0.009818678721785545, -0.8668665885925293, 0.4984433948993683, -1.8852487802505493], [-0.38461461663246155, 0.4633939564228058, 0.7983341813087463, 0.9578828811645508], [-0.9230248928070068, -0.1838701218366623, -0.3379595875740051, -0.9329713582992554], [0.0, 0.0, 0.0, 1.0]]}, "Bone.003": {"matrix": [[0.33415770530700684, 0.21453668177127838, 0.9177759289741516, -1.335634469985962], [0.8089801073074341, 0.4343625605106354, -0.39608103036880493, -0.6474503874778748], [-0.48362138867378235, 0.8748159408569336, -0.028410296887159348, -0.3791896402835846], [0.0, 0.0, 0.0, 1.0]]}, "finger4joint1": {"matrix": [[0.01380285806953907, -0.18152888119220734, 0.9832886457443237, -1.2436798810958862], [-0.10821137577295303, 0.9773353934288025, 0.18194888532161713, -0.4612741470336914], [-0.9940319061279297, -0.10891450196504593, -0.006153518334031105, -0.00422649085521698], [0.0, 0.0, 0.0, 1.0]]}, "finger4joint2": {"matrix": [[0.02862289361655712, -0.9172813296318054, 0.39720967411994934, -1.42400324344635], [-0.08224568516016006, 0.3938637971878052, 0.9154815077781677, 0.5095707178115845], [-0.996200680732727, -0.05887250974774361, -0.06416898965835571, -0.11241769790649414], [0.0, 0.0, 0.0, 1.0]]}, "finger4joint3": {"matrix": [[0.0989600196480751, -0.9553679823875427, -0.2783500552177429, -1.8065674304962158], [-0.12808476388454437, -0.2896255850791931, 0.9485308527946472, 0.6738367080688477], [-0.9868133664131165, -0.058214183896780014, -0.15102949738502502, -0.13697123527526855], [0.0, 0.0, 0.0, 1.0]]}}