{"root": {"matrix": [[0.2055746167898178, -0.8948239684104919, -0.3962689936161041, 0.0], [-0.2398829460144043, 0.3464903235435486, -0.9068630933761597, 0.0], [0.948786199092865, 0.2814862132072449, -0.14342346787452698, 0.0], [0.0, 0.0, 0.0, 1.0]]}, "carpals": {"matrix": [[0.7536506652832031, -0.5769689679145813, -0.3148290514945984, -0.3664156198501587], [0.33197394013404846, -0.07926247268915176, 0.9399523735046387, -0.10138335824012756], [-0.5672774314880371, -0.8129108548164368, 0.13180264830589294, 2.437303066253662], [0.0, 0.0, 0.0, 1.0]]}, "metacarpals": {"matrix": [[0.6312587261199951, -0.5235552191734314, 0.5721907019615173, -0.9283799529075623], [-0.5081418752670288, 0.27816304564476013, 0.8151177167892456, -0.1785845160484314], [-0.585921585559845, -0.8053041696548462, -0.0904473066329956, 1.6455327272415161], [0.0, 0.0, 0.0, 1.0]]}, "finger5joint1": {"matrix": [[0.48185887932777405, -0.3861826956272125, 0.7865588068962097, -1.5733017921447754], [-0.460836261510849, 0.6517888903617859, 0.6023295521736145, -0.26599693298339844], [-0.7452797293663025, -0.6527125239372253, 0.13610339164733887, 1.325986623764038], [0.0, 0.0, 0.0, 1.0]]}, "finger5joint2": {"matrix": [[0.8058193922042847, -0.1836109459400177, -0.5629758238792419, -1.9812158346176147], [0.5100670456886292, 0.6981697678565979, 0.5023844242095947, 0.4224696159362793], [0.3008095324039459, -0.6919862627983093, 0.6562528610229492, 0.6365443468093872], [0.0, 0.0, 0.0, 1.0]]}, "finger5joint3": {"matrix": [[0.8149258494377136, -0.15548880398273468, -0.5583177208900452, -2.1074180603027344], [0.5445820093154907, 0.5350579619407654, 0.6458659768104553, 0.9023461937904358], [0.19830752909183502, -0.8303825855255127, 0.520709216594696, 0.16091793775558472], [0.0, 0.0, 0.0, 1.0]]}, "Bone": {"matrix": [[0.5644882917404175, 0.4358919560909271, 0.7009643316268921, -1.7457950115203857], [-0.42124128341674805, -0.5781750082969666, 0.6987625956535339, 0.25570523738861084], [0.7098649740219116, -0.6897186636924744, -0.14275717735290527, 0.3882293701171875], [0.0, 0.0, 0.0, 1.0]]}, "finger1joint1": {"matrix": [[0.708318293094635, -0.7058926224708557, 0.0008292865823023021, -1.3830510377883911], [-0.5321938395500183, -0.5332502126693726, 0.657581627368927, -0.22544485330581665], [-0.4637400209903717, -0.46621859073638916, -0.7533824443817139, -0.18574601411819458], [0.0, 0.0, 0.0, 1.0]]}, "finger1joint2": {"matrix": [[0.688408374786377, -0.6674351692199707, -0.28394392132759094, -1.7820062637329102], [-0.696357250213623, -0.717694103717804, -0.0012817280367016792, -0.5268262624740601], [-0.20292961597442627, 0.19860859215259552, -0.9588398933410645, -0.44924262166023254], [0.0, 0.0, 0.0, 1.0]]}, "finger1joint3": {"matrix": [[0.680133581161499, -0.4278845191001892, -0.5952588319778442, -2.068124771118164], [-0.6661055684089661, -0.6997929811477661, -0.2580561339855194, -0.8344900012016296], [-0.3061399459838867, 0.5720176696777344, -0.7609690427780151, -0.36410239338874817], [0.0, 0.0, 0.0, 1.0]]}, "Bone.001": {"matrix": [[0.7571375370025635, 0.41427484154701233, 0.5050929188728333, -1.7457950115203857], [-0.5064818263053894, -0.11605185270309448, 0.8544049263000488, 0.25570523738861084], [0.412575364112854, -0.9027225375175476, 0.12195567786693573, 0.3882293105125427], [0.0, 0.0, 0.0, 1.0]]}, "finger2joint1": {"matrix": [[0.9346790313720703, -0.3396614193916321, 0.1049046516418457, -1.4831929206848145], [-0.3233477771282196, -0.6896802186965942, 0.6479097604751587, 0.18214187026023865], [-0.1477193832397461, -0.6395086050033569, -0.7544583082199097, -0.1839916706085205], [0.0, 0.0, 0.0, 1.0]]}, "finger2joint2": {"matrix": [[0.8864225745201111, -0.45500096678733826, 0.08502370119094849, -1.7770507335662842], [-0.44287753105163574, -0.7802829742431641, 0.4416080117225647, -0.41453418135643005], [-0.13458965718746185, -0.42910656332969666, -0.8931701183319092, -0.7372618913650513], [0.0, 0.0, 0.0, 1.0]]}, "finger2joint3": {"matrix": [[0.8172186613082886, -0.575538158416748, 0.030153028666973114, -1.9497764110565186], [-0.5671268105506897, -0.7937597036361694, 0.21980060636997223, -0.7107424736022949], [-0.10256953537464142, -0.19672593474388123, -0.9750784635543823, -0.9001578092575073], [0.0, 0.0, 0.0, 1.0]]}, "Bone.002": {"matrix": [[0.8235086798667908, -0.16951234638690948, 0.5413861274719238, -1.7457948923110962], [-0.4573290944099426, 0.3663187026977539, 0.8103459477424622, 0.25570523738861084], [-0.3356836438179016, -0.9149184226989746, 0.2241438776254654, 0.3882293403148651], [0.0, 0.0, 0.0, 1.0]]}, "finger3joint1": {"matrix": [[0.6826210618019104, 0.21601882576942444, 0.6981148719787598, -1.8172460794448853], [-0.5310508012771606, 0.8028943538665771, 0.2708238363265991, 0.41011226177215576], [-0.5020096302032471, -0.5556042194366455, 0.662789523601532, 0.0025820136070251465], [0.0, 0.0, 0.0, 1.0]]}, "finger3joint2": {"matrix": [[0.6805884838104248, -0.49261975288391113, 0.5423330664634705, -1.627758264541626], [-0.4075154960155487, 0.3606291115283966, 0.8389741778373718, 1.114396333694458], [-0.6088764071464539, -0.7920050024986267, 0.044690024107694626, -0.48478376865386963], [0.0, 0.0, 0.0, 1.0]]}, "finger3joint3": {"matrix": [[0.5544040203094482, -0.6788562536239624, -0.48144614696502686, -1.9465229511260986], [-0.5243960618972778, -0.7341498732566833, 0.43131500482559204, 1.347752332687378], [-0.6462545990943909, 0.013345458544790745, -0.7630049586296082, -0.9972745776176453], [0.0, 0.0, 0.0, 1.0]]}, "Bone.003": {"matrix": [[0.7540016770362854, -0.4170770049095154, 0.5074723362922668, -1.7457950115203857], [0.3193260133266449, 0.9078624248504639, 0.271692156791687, 0.25570523738861084], [-0.5740314722061157, -0.042806997895240784, 0.8177133798599243, 0.3882293701171875], [0.0, 0.0, 0.0, 1.0]]}, "finger4joint1": {"matrix": [[0.7266493439674377, -0.04253058880567551, 0.685690701007843, -1.9245623350143433], [-0.6204409599304199, 0.3879692852497101, 0.6815662384033203, 0.6448327302932739], [-0.29501450061798096, -0.92069011926651, 0.25553008913993835, 0.36988145112991333], [0.0, 0.0, 0.0, 1.0]]}, "finger4joint2": {"matrix": [[0.7385886907577515, -0.6146883368492126, -0.2768479585647583, -1.9668104648590088], [-0.5981075167655945, -0.7869458198547363, 0.15160241723060608, 1.0302255153656006], [-0.31105273962020874, 0.05361280217766762, -0.9488789439201355, -0.5446943640708923], [0.0, 0.0, 0.0, 1.0]]}, "finger4joint3": {"matrix": [[0.7910996079444885, 0.10820914804935455, -0.6020398139953613, -2.2231740951538086], [-0.532775342464447, -0.36165231466293335, -0.7650866508483887, 0.7020195722579956], [-0.30051860213279724, 0.9260116815567017, -0.22845204174518585, -0.5223345160484314], [0.0, 0.0, 0.0, 1.0]]}}