{"root": {"matrix": [[0.20674125850200653, -0.9483662247657776, -0.24054017663002014, 0.0], [-0.1253097802400589, 0.21816080808639526, -0.9678343534469604, 0.0], [0.9703378081321716, 0.2302333414554596, -0.07373680174350739, 1.4901161193847656e-08], [0.0, 0.0, 0.0, 1.0]]}, "carpals": {"matrix": [[0.8086335062980652, -0.38128170371055603, -0.4480355978012085, -0.4336932897567749], [0.38362735509872437, -0.23564036190509796, 0.8929184675216675, 0.03896459937095642], [-0.4460286796092987, -0.8939226269721985, -0.044276390224695206, 2.428039789199829], [0.0, 0.0, 0.0, 1.0]]}, "metacarpals": {"matrix": [[0.6029573678970337, -0.5632059574127197, 0.5650144219398499, -0.8050593137741089], [-0.5009678602218628, 0.283881813287735, 0.8175830841064453, -0.19054770469665527], [-0.6208651065826416, -0.7760217785835266, -0.11097928136587143, 1.5573644638061523], [0.0, 0.0, 0.0, 1.0]]}, "finger5joint1": {"matrix": [[0.4345818758010864, -0.423245906829834, 0.7949851155281067, -1.4646906852722168], [-0.4442545175552368, 0.6670971512794495, 0.5980126261711121, -0.27696946263313293], [-0.7834388017654419, -0.6130610108375549, 0.1018795296549797, 1.269106388092041], [0.0, 0.0, 0.0, 1.0]]}, "finger5joint2": {"matrix": [[0.8193252086639404, -0.24531935155391693, -0.5181933045387268, -1.9117536544799805], [0.521869957447052, 0.6933608055114746, 0.49689239263534546, 0.4276667833328247], [0.2373977154493332, -0.6775456666946411, 0.6961129903793335, 0.6215471029281616], [0.0, 0.0, 0.0, 1.0]]}, "finger5joint3": {"matrix": [[0.8201257586479187, -0.22558677196502686, -0.5258363485336304, -2.0803701877593994], [0.5561688542366028, 0.5301908850669861, 0.6399791836738586, 0.9042379260063171], [0.1344228982925415, -0.8173171281814575, 0.5602878332138062, 0.15584620833396912], [0.0, 0.0, 0.0, 1.0]]}, "Bone": {"matrix": [[0.5997546911239624, 0.40289947390556335, 0.6913509368896484, -1.6843801736831665], [-0.42597106099128723, -0.5706357955932617, 0.7020848989486694, 0.25267064571380615], [0.6773791313171387, -0.7155744433403015, -0.17061784863471985, 0.3457791209220886], [0.0, 0.0, 0.0, 1.0]]}, "finger1joint1": {"matrix": [[0.732714831829071, -0.4814740717411041, 0.4809485375881195, -1.3490922451019287], [-0.5042715072631836, 0.09044908732175827, 0.8587950468063354, -0.22220541536808014], [-0.4569891393184662, -0.871780514717102, -0.17652007937431335, -0.24971309304237366], [0.0, 0.0, 0.0, 1.0]]}, "finger1joint2": {"matrix": [[0.5609772801399231, -0.7575671672821045, 0.33376091718673706, -1.6212109327316284], [-0.7435014247894287, -0.28378111124038696, 0.6055359244346619, -0.17108556628227234], [-0.36401933431625366, -0.587843656539917, -0.722446858882904, -0.7424245476722717], [0.0, 0.0, 0.0, 1.0]]}, "finger1joint3": {"matrix": [[0.6193073987960815, -0.7317132949829102, -0.2846996486186981, -1.9459675550460815], [-0.6674402356147766, -0.6815990209579468, 0.299910306930542, -0.2927378714084625], [-0.4134996235370636, 0.004283179994672537, -0.9104940295219421, -0.994423508644104], [0.0, 0.0, 0.0, 1.0]]}, "Bone.001": {"matrix": [[0.7777678966522217, 0.36968252062797546, 0.5083420872688293, -1.6843801736831665], [-0.5079553127288818, -0.10667334496974945, 0.8547525405883789, 0.25267061591148376], [0.3702135384082794, -0.923014223575592, 0.1048152893781662, 0.34577906131744385], [0.0, 0.0, 0.0, 1.0]]}, "finger2joint1": {"matrix": [[0.9274228811264038, -0.3671952188014984, 0.07109323889017105, -1.4500445127487183], [-0.3198080062866211, -0.6799932718276978, 0.6597967147827148, 0.18505215644836426], [-0.19393137097358704, -0.6346469521522522, -0.748073160648346, -0.2393045425415039], [0.0, 0.0, 0.0, 1.0]]}, "finger2joint2": {"matrix": [[0.8798620104789734, -0.4747980535030365, 0.020237280055880547, -1.7677232027053833], [-0.4395899474620819, -0.796959638595581, 0.4142652153968811, -0.4032433331012726], [-0.18056416511535645, -0.3733924627304077, -0.9099308848381042, -0.7883686423301697], [0.0, 0.0, 0.0, 1.0]]}, "finger2joint3": {"matrix": [[0.8142459988594055, -0.579291820526123, -0.037738945335149765, -1.9479641914367676], [-0.5633437633514404, -0.804179847240448, 0.18957380950450897, -0.7057822942733765], [-0.14016762375831604, -0.13309986889362335, -0.981140673160553, -0.9301145672798157], [0.0, 0.0, 0.0, 1.0]]}, "Bone.002": {"matrix": [[0.8071496486663818, -0.21520133316516876, 0.5497252345085144, -1.6843801736831665], [-0.4518512487411499, 0.37406623363494873, 0.80987948179245, 0.25267061591148376], [-0.3799208998680115, -0.9020877480506897, 0.20468856394290924, 0.34577909111976624], [0.0, 0.0, 0.0, 1.0]]}, "finger3joint1": {"matrix": [[0.6584399938583374, 0.186436727643013, 0.7291763424873352, -1.7750896215438843], [-0.5244823694229126, 0.8085124492645264, 0.2668815851211548, 0.4103432893753052], [-0.5397917628288269, -0.5581653714179993, 0.6301395893096924, -0.03445994853973389], [0.0, 0.0, 0.0, 1.0]]}, "finger3joint2": {"matrix": [[0.6508474946022034, -0.5330851674079895, 0.5405717492103577, -1.6115509271621704], [-0.3999934494495392, 0.3644123673439026, 0.8409571051597595, 1.1195553541183472], [-0.6452928185462952, -0.7635596394538879, 0.023946477100253105, -0.5240724086761475], [0.0, 0.0, 0.0, 1.0]]}, "finger3joint3": {"matrix": [[0.52341228723526, -0.6481785774230957, -0.5530860424041748, -1.9564998149871826], [-0.5171362161636353, -0.7575342655181885, 0.39838653802871704, 1.3553595542907715], [-0.6772072911262512, 0.07750023901462555, -0.7316991090774536, -1.0181567668914795], [0.0, 0.0, 0.0, 1.0]]}, "Bone.003": {"matrix": [[0.7240692377090454, -0.4209434688091278, 0.5463792085647583, -1.6843801736831665], [0.326716810464859, 0.9069797396659851, 0.2657891511917114, 0.25267061591148376], [-0.6074368953704834, -0.013938268646597862, 0.7942454218864441, 0.34577906131744385], [0.0, 0.0, 0.0, 1.0]]}, "finger4joint1": {"matrix": [[0.6992993354797363, -0.14991718530654907, 0.6989313960075378, -1.8648046255111694], [-0.5969367623329163, 0.4154262840747833, 0.6863579154014587, 0.6414197087287903], [-0.39325150847435, -0.897187352180481, 0.2010164111852646, 0.33980488777160645], [0.0, 0.0, 0.0, 1.0]]}, "finger4joint2": {"matrix": [[0.7090449929237366, -0.589299201965332, -0.3872743248939514, -2.0137264728546143], [-0.5738919973373413, -0.801367998123169, 0.16869206726551056, 1.0540872812271118], [-0.4097594916820526, 0.10264315456151962, -0.9063999652862549, -0.5514242649078369], [0.0, 0.0, 0.0, 1.0]]}, "finger4joint3": {"matrix": [[0.7611662745475769, 0.20084866881370544, -0.6166728734970093, -2.2595009803771973], [-0.507697343826294, -0.40714192390441895, -0.7592617869377136, 0.7198663353919983], [-0.4035702347755432, 0.8910075426101685, -0.2079325169324875, -0.5086156129837036], [0.0, 0.0, 0.0, 1.0]]}}