{"root": {"matrix": [[0.25136327743530273, -0.9328509569168091, -0.25808069109916687, 0.0], [-0.10972526669502258, 0.2374587208032608, -0.9651806950569153, 1.4901161193847656e-08], [0.9616531729698181, 0.2709289491176605, -0.042668990790843964, 2.9802322387695312e-08], [0.0, 0.0, 0.0, 1.0]]}, "carpals": {"matrix": [[0.8753684759140015, -0.29695960879325867, -0.3815033733844757, -0.31562313437461853], [0.33015066385269165, -0.20927546918392181, 0.9204369187355042, 0.09279933571815491], [-0.35317182540893555, -0.931675136089325, -0.0851515382528305, 2.4447405338287354], [0.0, 0.0, 0.0, 1.0]]}, "metacarpals": {"matrix": [[0.39928922057151794, -0.5796436071395874, 0.710338830947876, -0.6048600673675537], [-0.6062235832214355, 0.4143140912055969, 0.678849458694458, -0.11103367805480957], [-0.6877943277359009, -0.7016813158988953, -0.18596236407756805, 1.5372943878173828], [0.0, 0.0, 0.0, 1.0]]}, "finger5joint1": {"matrix": [[0.2756713330745697, -0.5234087109565735, 0.8062558770179749, -1.2979168891906738], [-0.5133931636810303, 0.628939151763916, 0.5838345885276794, -0.04748255014419556], [-0.8126700520515442, -0.5748724937438965, -0.09533385187387466, 1.3340495824813843], [0.0, 0.0, 0.0, 1.0]]}, "finger5joint2": {"matrix": [[0.8511666655540466, -0.30983561277389526, -0.4236942529678345, -1.8507789373397827], [0.5238979458808899, 0.5512068867683411, 0.6493854522705078, 0.6168485283851624], [0.032340485602617264, -0.774707555770874, 0.631491482257843, 0.7268276810646057], [0.0, 0.0, 0.0, 1.0]]}, "finger5joint3": {"matrix": [[0.8405541777610779, -0.26895782351493835, -0.47024449706077576, -2.063739776611328], [0.5365186929702759, 0.29322725534439087, 0.7913058996200562, 0.9957123398780823], [-0.07493935525417328, -0.9174304008483887, 0.39077460765838623, 0.19434401392936707], [0.0, 0.0, 0.0, 1.0]]}, "Bone": {"matrix": [[0.5721859335899353, 0.17880266904830933, 0.8003953695297241, -1.5098446607589722], [-0.558890163898468, -0.6292288303375244, 0.5401042699813843, 0.5358256101608276], [0.600203812122345, -0.7563733458518982, -0.2601047158241272, 0.4417751133441925], [0.0, 0.0, 0.0, 1.0]]}, "finger1joint1": {"matrix": [[0.748160183429718, -0.5181447863578796, 0.41446617245674133, -1.3610472679138184], [-0.5978750586509705, -0.2555462419986725, 0.7597639560699463, 0.012189164757728577], [-0.2877526581287384, -0.816224217414856, -0.5009751915931702, -0.18766945600509644], [0.0, 0.0, 0.0, 1.0]]}, "finger1joint2": {"matrix": [[0.5966606140136719, -0.6689339280128479, 0.4433096647262573, -1.6538915634155273], [-0.7955707907676697, -0.4206637144088745, 0.43601492047309875, -0.13224002718925476], [-0.10518111288547516, -0.6128371953964233, -0.7831776142120361, -0.6489816904067993], [0.0, 0.0, 0.0, 1.0]]}, "finger1joint3": {"matrix": [[0.662625789642334, -0.7461389303207397, 0.06483609229326248, -1.94065260887146], [-0.7313527464866638, -0.625971257686615, 0.2707083523273468, -0.31257164478302], [-0.16140075027942657, -0.226796492934227, -0.9604753255844116, -0.9116949439048767], [0.0, 0.0, 0.0, 1.0]]}, "Bone.001": {"matrix": [[0.6890744566917419, 0.2213977426290512, 0.6900429129600525, -1.5098446607589722], [-0.6709738373756409, -0.16484928131103516, 0.7229235768318176, 0.5358256697654724], [0.2738066017627716, -0.9611490368843079, 0.034958820790052414, 0.4417751729488373], [0.0, 0.0, 0.0, 1.0]]}, "finger2joint1": {"matrix": [[0.7862167954444885, -0.6041395664215088, 0.12991681694984436, -1.3695042133331299], [-0.5256994366645813, -0.5433904528617859, 0.6544972062110901, 0.4313303828239441], [-0.3248122036457062, -0.5828740000724792, -0.7448184490203857, -0.16748148202896118], [0.0, 0.0, 0.0, 1.0]]}, "finger2joint2": {"matrix": [[0.7129778861999512, -0.5756483674049377, -0.4003639221191406, -1.8921750783920288], [-0.6309102177619934, -0.7758137583732605, -0.008065350353717804, -0.03878328204154968], [-0.30596524477005005, 0.25834399461746216, -0.9163205027580261, -0.6717543601989746], [0.0, 0.0, 0.0, 1.0]]}, "finger2joint3": {"matrix": [[0.6751499176025391, -0.20602744817733765, -0.7083255052566528, -2.1107006072998047], [-0.7124691009521484, -0.4310041069984436, -0.5537353754043579, -0.33329492807388306], [-0.19120670855045319, 0.8785144090652466, -0.4377806782722473, -0.5736827254295349], [0.0, 0.0, 0.0, 1.0]]}, "Bone.002": {"matrix": [[0.6373357176780701, -0.2385985553264618, 0.7327167987823486, -1.5098447799682617], [-0.6071670651435852, 0.4300153851509094, 0.6681577563285828, 0.5358256697654724], [-0.4745011031627655, -0.8707221150398254, 0.12919506430625916, 0.4417751431465149], [0.0, 0.0, 0.0, 1.0]]}, "finger3joint1": {"matrix": [[0.4974452555179596, 0.2585366666316986, 0.8280742764472961, -1.6104164123535156], [-0.7423540353775024, 0.6207531094551086, 0.25214287638664246, 0.7170814871788025], [-0.44884175062179565, -0.7401512861251831, 0.5007163286209106, 0.07475703954696655], [0.0, 0.0, 0.0, 1.0]]}, "finger3joint2": {"matrix": [[0.4995649456977844, -0.7623520493507385, 0.41140520572662354, -1.3836328983306885], [-0.6440752744674683, -0.009275573305785656, 0.7649058699607849, 1.2615946531295776], [-0.5793116688728333, -0.6470958590507507, -0.49564558267593384, -0.5744900107383728], [0.0, 0.0, 0.0, 1.0]]}, "finger3joint3": {"matrix": [[0.38481947779655457, -0.8926042914390564, -0.23488634824752808, -1.8769359588623047], [-0.7631882429122925, -0.450839638710022, 0.4629116952419281, 1.2555925846099854], [-0.5190932154655457, 0.0011249842355027795, -0.8547166585922241, -0.9932129979133606], [0.0, 0.0, 0.0, 1.0]]}, "Bone.003": {"matrix": [[0.6971752047538757, -0.21335607767105103, 0.6844164729118347, -1.5098446607589722], [0.17551879584789276, 0.9764315485954285, 0.1255965232849121, 0.5358256101608276], [-0.6950824856758118, 0.0325654074549675, 0.7181918621063232, 0.4417751431465149], [0.0, 0.0, 0.0, 1.0]]}, "finger4joint1": {"matrix": [[0.6352632641792297, -0.17474466562271118, 0.7522664070129395, -1.6012932062149048], [-0.7530651688575745, 0.0758553072810173, 0.6535583138465881, 0.9543431401252747], [-0.1712694764137268, -0.9816871285438538, -0.08340587466955185, 0.4557332992553711], [0.0, 0.0, 0.0, 1.0]]}, "finger4joint2": {"matrix": [[0.6454984545707703, -0.7405727505683899, -0.18677127361297607, -1.7748774290084839], [-0.7383676171302795, -0.6676236391067505, 0.09534958750009537, 1.029694676399231], [-0.1953064501285553, 0.07635774463415146, -0.977764904499054, -0.5194344520568848], [0.0, 0.0, 0.0, 1.0]]}, "finger4joint3": {"matrix": [[0.7074881196022034, -0.24820798635482788, -0.6617046594619751, -2.08374285697937], [-0.6816308498382568, -0.48693886399269104, -0.5461406111717224, 0.7512536644935608], [-0.1866534799337387, 0.8374262452125549, -0.5136897563934326, -0.4875885248184204], [0.0, 0.0, 0.0, 1.0]]}}