{"root": {"matrix": [[0.3384268283843994, -0.7494590282440186, -0.569015383720398, 0.0], [-0.683316171169281, 0.22000932693481445, -0.6961859464645386, 0.0], [0.6469514966011047, 0.6244254112243652, -0.43766045570373535, 0.0], [0.0, 0.0, 0.0, 1.0]]}, "carpals": {"matrix": [[0.9075326323509216, -0.4095348119735718, -0.09308923035860062, 0.09573304653167725], [0.2133663147687912, 0.2586766481399536, 0.9421044588088989, -1.2516834735870361], [-0.36174455285072327, -0.8748527765274048, 0.32213863730430603, 2.1234662532806396], [0.0, 0.0, 0.0, 1.0]]}, "metacarpals": {"matrix": [[0.2261325865983963, -0.4995577037334442, 0.8362451791763306, -0.30315130949020386], [-0.576522171497345, 0.6233388781547546, 0.5282711386680603, -0.9997338652610779], [-0.785166323184967, -0.6015732288360596, -0.14704875648021698, 1.2713649272918701], [0.0, 0.0, 0.0, 1.0]]}, "finger5joint1": {"matrix": [[0.1244032233953476, -0.7289758324623108, 0.6731403470039368, -0.9719162583351135], [-0.3598017394542694, 0.5990937948226929, 0.7152823805809021, -0.7601672410964966], [-0.924697995185852, -0.3311804234981537, -0.1877574622631073, 1.126326322555542], [0.0, 0.0, 0.0, 1.0]]}, "finger5joint2": {"matrix": [[0.69039386510849, -0.4910617768764496, -0.5312383770942688, -1.7419133186340332], [0.6993787884712219, 0.2652655243873596, 0.6637039184570312, -0.12736105918884277], [-0.18500036001205444, -0.8297539949417114, 0.5265762805938721, 0.7765095233917236], [0.0, 0.0, 0.0, 1.0]]}, "finger5joint3": {"matrix": [[0.6697307229042053, -0.2976546883583069, -0.6803395748138428, -2.079437017440796], [0.683483362197876, -0.11114849895238876, 0.7214539051055908, 0.05496523901820183], [-0.29036280512809753, -0.9481809735298157, 0.12900277972221375, 0.20619052648544312], [0.0, 0.0, 0.0, 1.0]]}, "Bone": {"matrix": [[0.4559570550918579, 0.0035536596551537514, 0.8899946212768555, -1.083099603652954], [-0.7473258972167969, -0.5415319800376892, 0.3850281238555908, -0.02652883529663086], [0.48332875967025757, -0.8406726121902466, -0.2442595511674881, 0.33214208483695984], [0.0, 0.0, 0.0, 1.0]]}, "finger1joint1": {"matrix": [[0.4312516450881958, -0.7304227352142334, 0.5296267867088318, -1.0801422595977783], [-0.6777017116546631, 0.12527120113372803, 0.7245875000953674, -0.47718510031700134], [-0.5956024527549744, -0.6714086532592773, -0.44098523259162903, -0.3674553334712982], [0.0, 0.0, 0.0, 1.0]]}, "finger1joint2": {"matrix": [[0.26404765248298645, -0.8818784356117249, 0.39060115814208984, -1.4929614067077637], [-0.8684977293014526, -0.041250888258218765, 0.49397340416908264, -0.40638452768325806], [-0.4195121228694916, -0.46966880559921265, -0.776801586151123, -0.7469208836555481], [0.0, 0.0, 0.0, 1.0]]}, "finger1joint3": {"matrix": [[0.3344222903251648, -0.9411360025405884, -0.04924089089035988, -1.871008038520813], [-0.8119052648544312, -0.31424322724342346, 0.4919966757297516, -0.4240680932998657], [-0.47850969433784485, -0.1245557889342308, -0.8692032098770142, -0.9482601881027222], [0.0, 0.0, 0.0, 1.0]]}, "Bone.001": {"matrix": [[0.5318387150764465, 0.1407962441444397, 0.8350591659545898, -1.083099603652954], [-0.8355191349983215, -0.07349494844675064, 0.5445234179496765, -0.026528839021921158], [0.13803941011428833, -0.9873067736625671, 0.07855061441659927, 0.33214208483695984], [0.0, 0.0, 0.0, 1.0]]}, "finger2joint1": {"matrix": [[0.41262662410736084, -0.5096083879470825, 0.7550088763237, -0.9938512444496155], [-0.7169325947761536, 0.3296147286891937, 0.6142973899841309, -0.07311610877513885], [-0.5619133710861206, -0.7947660684585571, -0.22934700548648834, -0.29369550943374634], [0.0, 0.0, 0.0, 1.0]]}, "finger2joint2": {"matrix": [[0.2933058738708496, -0.9180805683135986, 0.26664498448371887, -1.4347383975982666], [-0.7378758788108826, -0.0400533564388752, 0.673746645450592, 0.21204973757266998], [-0.6078739762306213, -0.39436477422714233, -0.6891773343086243, -0.9812866449356079], [0.0, 0.0, 0.0, 1.0]]}, "finger2joint3": {"matrix": [[0.16106219589710236, -0.871963620185852, -0.4623183012008667, -1.7832567691802979], [-0.7948302030563354, -0.3922899067401886, 0.4629826843738556, 0.19684481620788574], [-0.5850671529769897, 0.2928955852985382, -0.7562462091445923, -1.1309938430786133], [0.0, 0.0, 0.0, 1.0]]}, "Bone.002": {"matrix": [[0.46617162227630615, -0.17058612406253815, 0.8680923581123352, -1.083099603652954], [-0.6585824489593506, 0.5882699489593506, 0.4692624807357788, -0.026528865098953247], [-0.5907225012779236, -0.7904672026634216, 0.16188980638980865, 0.33214208483695984], [0.0, 0.0, 0.0, 1.0]]}, "finger3joint1": {"matrix": [[0.2861095368862152, -0.2038891613483429, 0.9362534284591675, -1.1550034284591675], [-0.647254228591919, 0.6793573498725891, 0.34573885798454285, 0.22143280506134033], [-0.7065433263778687, -0.7049130201339722, 0.06240253522992134, -0.0010477900505065918], [0.0, 0.0, 0.0, 1.0]]}, "finger3joint2": {"matrix": [[0.21373257040977478, -0.8043787479400635, 0.5543403625488281, -1.3338510990142822], [-0.5446085929870605, 0.3729775846004486, 0.7511917352676392, 0.8173525333404541], [-0.81099933385849, -0.4624525010585785, -0.35835397243499756, -0.6193844079971313], [0.0, 0.0, 0.0, 1.0]]}, "finger3joint3": {"matrix": [[0.0772930458188057, -0.9615450501441956, 0.26354679465293884, -1.85434889793396], [-0.6439909934997559, 0.153646320104599, 0.7494452595710754, 1.0586990118026733], [-0.7611185312271118, -0.2276485711336136, -0.6073503494262695, -0.9186283946037292], [0.0, 0.0, 0.0, 1.0]]}, "Bone.003": {"matrix": [[0.6907649040222168, 0.01185713429003954, 0.7229822278022766, -1.0830997228622437], [0.1155274286866188, 0.9852114319801331, -0.126537024974823, -0.026528865098953247], [-0.7137906551361084, 0.17093181610107422, 0.6791796684265137, 0.33214205503463745], [0.0, 0.0, 0.0, 1.0]]}, "finger4joint1": {"matrix": [[0.2577424645423889, -0.491390198469162, 0.8319280743598938, -1.0780174732208252], [-0.6201324462890625, 0.5761487483978271, 0.5324358344078064, 0.3957518935203552], [-0.7409483194351196, -0.6531368494033813, -0.1562288999557495, 0.40540677309036255], [0.0, 0.0, 0.0, 1.0]]}, "finger4joint2": {"matrix": [[0.26242709159851074, -0.9566307663917542, -0.1264491230249405, -1.5661442279815674], [-0.596365213394165, -0.26380783319473267, 0.7581248879432678, 0.9680744409561157], [-0.758604109287262, -0.12354271113872528, -0.6397315859794617, -0.24339258670806885], [0.0, 0.0, 0.0, 1.0]]}, "finger4joint3": {"matrix": [[0.3428612947463989, -0.5507857799530029, -0.7609736919403076, -1.965119481086731], [-0.5833982229232788, -0.759765625, 0.28705766797065735, 0.8580499887466431], [-0.7362691164016724, 0.3455296456813812, -0.5818216800689697, -0.29491767287254333], [0.0, 0.0, 0.0, 1.0]]}}