{"root": {"matrix": [[-0.059534985572099686, -0.9981650710105896, -0.011049949564039707, 0.0], [-0.5521900057792664, 0.042152732610702515, -0.8326519727706909, 0.0], [0.8315898776054382, -0.04347024857997894, -0.5536863803863525, 0.0], [0.0, 0.0, 0.0, 1.0]]}, "carpals": {"matrix": [[0.8622416853904724, -0.0003159262996632606, -0.5064967274665833, -1.110414743423462], [0.5011709928512573, 0.14516782760620117, 0.8530847430229187, -1.1138916015625], [0.07325764745473862, -0.9894068837165833, 0.12532828748226166, 1.9003183841705322], [0.0, 0.0, 0.0, 1.0]]}, "metacarpals": {"matrix": [[0.5838022232055664, -0.3604343831539154, 0.7275038957595825, -1.110722541809082], [-0.3217385411262512, 0.7199892401695251, 0.6148979067802429, -0.972498893737793], [-0.7454255223274231, -0.5930446982383728, 0.304365873336792, 0.9366419911384583], [0.0, 0.0, 0.0, 1.0]]}, "finger5joint1": {"matrix": [[0.6739226579666138, -0.23746269941329956, 0.6995996236801147, -1.7181199789047241], [-0.4275508522987366, 0.6469067931175232, 0.6314360499382019, -0.7581180930137634], [-0.6025184392929077, -0.724653422832489, 0.33443793654441833, 0.6037998795509338], [0.0, 0.0, 0.0, 1.0]]}, "finger5joint2": {"matrix": [[0.6838727593421936, -0.22133763134479523, -0.695217490196228, -1.9689453840255737], [0.6353848576545715, 0.6490305662155151, 0.41838353872299194, -0.07480832934379578], [0.35861366987228394, -0.7278516292572021, 0.5844891667366028, -0.16163140535354614], [0.0, 0.0, 0.0, 1.0]]}, "finger5joint3": {"matrix": [[0.6974560022354126, -0.15493763983249664, -0.6996778249740601, -2.1210782527923584], [0.6691988706588745, 0.4901016354560852, 0.5585451126098633, 0.3712931275367737], [0.2563738524913788, -0.8577842712402344, 0.4455086588859558, -0.6619093418121338], [0.0, 0.0, 0.0, 1.0]]}, "Bone": {"matrix": [[0.3834512233734131, 0.3920852839946747, 0.8362022042274475, -1.6734604835510254], [-0.8104372620582581, -0.2913416624069214, 0.5082430839538574, 0.15160419046878815], [0.4428950548171997, -0.872576117515564, 0.20604534447193146, 0.010734498500823975], [0.0, 0.0, 0.0, 1.0]]}, "finger1joint1": {"matrix": [[0.6388300657272339, -0.6543145775794983, 0.4046831429004669, -1.3471721410751343], [-0.4049873650074005, 0.1612289547920227, 0.899994432926178, -0.09084673970937729], [-0.6541264057159424, -0.7388351559638977, -0.16199102997779846, -0.7154125571250916], [0.0, 0.0, 0.0, 1.0]]}, "finger1joint2": {"matrix": [[0.4982457458972931, -0.8143418431282043, -0.2976549565792084, -1.716976523399353], [-0.6629105806350708, -0.5790639519691467, 0.47458839416503906, 0.00027638673782348633], [-0.5588387250900269, -0.03914317116141319, -0.8283519744873047, -1.1329861879348755], [0.0, 0.0, 0.0, 1.0]]}, "finger1joint3": {"matrix": [[0.49507832527160645, -0.3958292007446289, -0.773444652557373, -2.0660715103149414], [-0.5897467136383057, -0.8068113327026367, 0.03541131690144539, -0.24795883893966675], [-0.638041079044342, 0.43860486149787903, -0.6328738331794739, -1.149766206741333], [0.0, 0.0, 0.0, 1.0]]}, "Bone.001": {"matrix": [[0.5892447233200073, 0.4867074489593506, 0.6449079513549805, -1.673460602760315], [-0.7952714562416077, 0.20851215720176697, 0.5692675113677979, 0.15160419046878815], [0.14259549975395203, -0.8483149409294128, 0.5099294781684875, 0.01073455810546875], [0.0, 0.0, 0.0, 1.0]]}, "finger2joint1": {"matrix": [[0.6361708641052246, -0.518151044845581, 0.5716693997383118, -1.3649446964263916], [-0.43759027123451233, 0.36793240904808044, 0.8204511404037476, 0.2837766408920288], [-0.635453462600708, -0.7721041440963745, 0.0073302146047353745, -0.5269984006881714], [0.0, 0.0, 0.0, 1.0]]}, "finger2joint2": {"matrix": [[0.5311440229415894, -0.7894129753112793, -0.3077547252178192, -1.8132225275039673], [-0.47646448016166687, -0.5786388516426086, 0.6619352698326111, 0.602092981338501], [-0.7006193995475769, -0.20494890213012695, -0.6834677457809448, -1.1949834823608398], [0.0, 0.0, 0.0, 1.0]]}, "finger2joint3": {"matrix": [[0.4624551236629486, -0.1725986897945404, -0.8696807622909546, -2.112896680831909], [-0.5969156622886658, -0.7858930230140686, -0.1614416241645813, 0.3824321925640106], [-0.6556117534637451, 0.5937855243682861, -0.4664672315120697, -1.2727855443954468], [0.0, 0.0, 0.0, 1.0]]}, "Bone.002": {"matrix": [[0.7514939904212952, 0.014406685717403889, 0.6595826148986816, -1.673460602760315], [-0.4334957003593445, 0.7644318342208862, 0.4772055745124817, 0.15160414576530457], [-0.4973311424255371, -0.6445431709289551, 0.580711305141449, 0.01073455810546875], [0.0, 0.0, 0.0, 1.0]]}, "finger3joint1": {"matrix": [[0.6194433569908142, 0.2374342978000641, 0.7482746243476868, -1.6673879623413086], [-0.3907773494720459, 0.9199428558349609, 0.031590551137924194, 0.4738198518753052], [-0.6808694005012512, -0.3119770586490631, 0.662636399269104, -0.2609468996524811], [0.0, 0.0, 0.0, 1.0]]}, "finger3joint2": {"matrix": [[0.619694173336029, -0.7503017783164978, 0.23027470707893372, -1.4591151475906372], [-0.24132513999938965, 0.09702912718057632, 0.9655812978744507, 1.2807767391204834], [-0.746820867061615, -0.6539361476898193, -0.12093795835971832, -0.5346074104309082], [0.0, 0.0, 0.0, 1.0]]}, "finger3joint3": {"matrix": [[0.5341453552246094, -0.684418261051178, -0.4962463676929474, -1.9446206092834473], [-0.3951490819454193, -0.7210584878921509, 0.5691498517990112, 1.343562364578247], [-0.7473593354225159, -0.10791774094104767, -0.6555970907211304, -0.9577565789222717], [0.0, 0.0, 0.0, 1.0]]}, "Bone.003": {"matrix": [[0.8641512393951416, -0.22297336161136627, 0.4511379301548004, -1.6734607219696045], [0.360677033662796, 0.899595320224762, -0.24625219404697418, 0.15160417556762695], [-0.3509337604045868, 0.37551450729370117, 0.8578078150749207, 0.010734528303146362], [0.0, 0.0, 0.0, 1.0]]}, "finger4joint1": {"matrix": [[0.5781200528144836, -0.6685240268707275, 0.46781694889068604, -1.769031286239624], [-0.3203999102115631, 0.3412941098213196, 0.8836637735366821, 0.5371882319450378], [-0.7504138350486755, -0.6607522964477539, -0.016885768622159958, 0.17168739438056946], [0.0, 0.0, 0.0, 1.0]]}, "finger4joint2": {"matrix": [[0.5715692043304443, -0.14988338947296143, -0.806748628616333, -2.4331157207489014], [-0.2953687012195587, -0.954851508140564, -0.03186528757214546, 0.8762158155441284], [-0.7655492424964905, 0.25650128722190857, -0.5900347232818604, -0.48467686772346497], [0.0, 0.0, 0.0, 1.0]]}, "finger4joint3": {"matrix": [[0.5937904715538025, 0.8034278154373169, 0.043776072561740875, -2.495626449584961], [-0.214475616812706, 0.21048109233379364, -0.9537805914878845, 0.47798269987106323], [-0.7755079865455627, 0.5569571256637573, 0.2972971498966217, -0.37769970297813416], [0.0, 0.0, 0.0, 1.0]]}}