{"root": {"matrix": [[0.45089730620384216, -0.6799866557121277, -0.5781952738761902, 0.0], [-0.3740447163581848, 0.44420942664146423, -0.8141059875488281, 0.0], [0.8104209303855896, 0.5833491086959839, -0.05405263975262642, 5.960464477539063e-08], [0.0, 0.0, 0.0, 1.0]]}, "carpals": {"matrix": [[0.6507588028907776, -0.7555958032608032, -0.07475142925977707, 0.4191149175167084], [0.1749582141637802, 0.053422119468450546, 0.9831253290176392, -0.3195660412311554], [-0.7388520240783691, -0.6528559327125549, 0.16696284711360931, 2.4098143577575684], [0.0, 0.0, 0.0, 1.0]]}, "metacarpals": {"matrix": [[0.33235734701156616, -0.5196504592895508, 0.7870844006538391, -0.3168308734893799], [-0.6904227137565613, 0.43448224663734436, 0.5783954858779907, -0.26753321290016174], [-0.6425378918647766, -0.735654890537262, -0.2143750637769699, 1.7739366292953491], [0.0, 0.0, 0.0, 1.0]]}, "finger5joint1": {"matrix": [[0.47793814539909363, -0.6504709720611572, 0.5903071165084839, -0.9954777956008911], [-0.6563543677330017, 0.18215467035770416, 0.7321327328681946, -0.13637512922286987], [-0.5837584733963013, -0.7373647689819336, -0.33988067507743835, 1.5550512075424194], [0.0, 0.0, 0.0, 1.0]]}, "finger5joint2": {"matrix": [[0.5938869118690491, -0.5018385648727417, -0.6288529634475708, -1.6825522184371948], [0.7392591834068298, 0.03194344416260719, 0.672662615776062, 0.0560297966003418], [-0.31748026609420776, -0.8643707633018494, 0.38995981216430664, 0.7761932015419006], [0.0, 0.0, 0.0, 1.0]]}, "finger5joint3": {"matrix": [[0.578160285949707, -0.43223264813423157, -0.6920297741889954, -2.0274834632873535], [0.7008538246154785, -0.1711924821138382, 0.6924569010734558, 0.07798565179109573], [-0.41777271032333374, -0.8853628635406494, 0.20395547151565552, 0.18208086490631104], [0.0, 0.0, 0.0, 1.0]]}, "Bone": {"matrix": [[0.4963012933731079, 0.1114155724644661, 0.860971212387085, -1.1281495094299316], [-0.5832532048225403, -0.6917844414710999, 0.4257342517375946, 0.41081416606903076], [0.6430398225784302, -0.713456928730011, -0.27834996581077576, 0.6253750920295715], [0.0, 0.0, 0.0, 1.0]]}, "finger1joint1": {"matrix": [[0.4216279685497284, -0.8468105792999268, 0.32425540685653687, -1.035430908203125], [-0.7330785989761353, -0.10786016285419464, 0.6715367436408997, -0.16488027572631836], [-0.5336904525756836, -0.5208434462547302, -0.6662554740905762, 0.03164505958557129], [0.0, 0.0, 0.0, 1.0]]}, "finger1joint2": {"matrix": [[0.3197375237941742, -0.9459787607192993, -0.05377774313092232, -1.5140297412872314], [-0.9004196524620056, -0.32102808356285095, 0.2935732305049896, -0.2258405089378357], [-0.29497846961021423, -0.04544389247894287, -0.9544224739074707, -0.262724369764328], [0.0, 0.0, 0.0, 1.0]]}, "finger1joint3": {"matrix": [[0.3471362292766571, -0.8053067922592163, -0.480601042509079, -1.9195553064346313], [-0.853672444820404, -0.48350343108177185, 0.1935657560825348, -0.3634599447250366], [-0.3882523477077484, 0.343082070350647, -0.8553096652030945, -0.2822054326534271], [0.0, 0.0, 0.0, 1.0]]}, "Bone.001": {"matrix": [[0.6025726795196533, 0.21040770411491394, 0.7698276042938232, -1.1281495094299316], [-0.7283687591552734, -0.24924425780773163, 0.6382443308830261, 0.41081419587135315], [0.3261665403842926, -0.945307195186615, 0.0030667439568787813, 0.6253751516342163], [0.0, 0.0, 0.0, 1.0]]}, "finger2joint1": {"matrix": [[0.57594233751297, -0.5283293128013611, 0.6238255500793457, -0.9947755336761475], [-0.7467379570007324, -0.02946612797677517, 0.6644650101661682, 0.2528223395347595], [-0.3326748311519623, -0.8485278487205505, -0.41149431467056274, 0.026160359382629395], [0.0, 0.0, 0.0, 1.0]]}, "finger2joint2": {"matrix": [[0.46568071842193604, -0.7857545018196106, 0.4071009159088135, -1.4518589973449707], [-0.8045393824577332, -0.18430505692958832, 0.5645774602890015, 0.22732973098754883], [-0.36858877539634705, -0.5904415845870972, -0.7179977297782898, -0.7079426050186157], [0.0, 0.0, 0.0, 1.0]]}, "finger2joint3": {"matrix": [[0.3342326581478119, -0.9424892663955688, -0.0014986337628215551, -1.7501442432403564], [-0.8675761222839355, -0.3082869350910187, 0.39021843671798706, 0.15736451745033264], [-0.3682389557361603, -0.12912358343601227, -0.9207208156585693, -0.9320839643478394], [0.0, 0.0, 0.0, 1.0]]}, "Bone.002": {"matrix": [[0.5664264559745789, -0.17739541828632355, 0.8047930598258972, -1.1281496286392212], [-0.7058117985725403, 0.399701863527298, 0.5848656892776489, 0.41081416606903076], [-0.42542997002601624, -0.8993157744407654, 0.10119400918483734, 0.6253751516342163], [0.0, 0.0, 0.0, 1.0]]}, "finger3joint1": {"matrix": [[0.4104132652282715, -0.17144186794757843, 0.8956387042999268, -1.2029234170913696], [-0.7551748156547546, 0.48663651943206787, 0.4391990005970001, 0.5792925357818604], [-0.5111477971076965, -0.8566166162490845, 0.07025352865457535, 0.24630451202392578], [0.0, 0.0, 0.0, 1.0]]}, "finger3joint2": {"matrix": [[0.343083918094635, -0.7787399888038635, 0.5252213478088379, -1.353309154510498], [-0.6851882934570312, 0.17498986423015594, 0.7070328593254089, 1.006161093711853], [-0.6425033211708069, -0.6024469137191772, -0.47354719042778015, -0.5051037669181824], [0.0, 0.0, 0.0, 1.0]]}, "finger3joint3": {"matrix": [[0.21080952882766724, -0.9531010389328003, 0.21715852618217468, -1.8572163581848145], [-0.7847900986671448, -0.03256811946630478, 0.618905246257782, 1.1193937063217163], [-0.5828068852424622, -0.3008948862552643, -0.7548496723175049, -0.8949353694915771], [0.0, 0.0, 0.0, 1.0]]}, "Bone.003": {"matrix": [[0.7201165556907654, -0.09744198620319366, 0.6869768500328064, -1.1281495094299316], [0.049236834049224854, 0.9947700500488281, 0.08948802947998047, 0.41081422567367554], [-0.6921038627624512, -0.03061702847480774, 0.7211481332778931, 0.6253750920295715], [0.0, 0.0, 0.0, 1.0]]}, "finger4joint1": {"matrix": [[0.47921329736709595, -0.4202526807785034, 0.7705466747283936, -1.1699150800704956], [-0.786247730255127, 0.1846398562192917, 0.5896797776222229, 0.8371918797492981], [-0.39008837938308716, -0.8884229063987732, -0.2419407218694687, 0.6122521162033081], [0.0, 0.0, 0.0, 1.0]]}, "finger4joint2": {"matrix": [[0.48424381017684937, -0.8714522123336792, -0.07796622812747955, -1.5873768329620361], [-0.7702750563621521, -0.46688583493232727, 0.4343886077404022, 1.0206056833267212], [-0.4149504601955414, -0.15029458701610565, -0.8973444700241089, -0.27027082443237305], [0.0, 0.0, 0.0, 1.0]]}, "finger4joint3": {"matrix": [[0.5560966730117798, -0.5871384143829346, -0.5882386565208435, -1.9508272409439087], [-0.7350706458091736, -0.6777395009994507, -0.01843399740755558, 0.8258848190307617], [-0.38784945011138916, 0.4426479637622833, -0.808476984500885, -0.3329531252384186], [0.0, 0.0, 0.0, 1.0]]}}