{"root": {"matrix": [[0.3669265806674957, -0.9055116176605225, -0.2131045162677765, -5.960464477539063e-08], [-0.282265305519104, 0.1099071204662323, -0.9530197978019714, 0.0], [0.8863921761512756, 0.40984031558036804, -0.21526676416397095, 2.9802322387695312e-08], [0.0, 0.0, 0.0, 1.0]]}, "carpals": {"matrix": [[0.6577057838439941, -0.46164941787719727, -0.5952333807945251, -0.03257608413696289], [0.6125771999359131, -0.13206826150417328, 0.7792989611625671, -0.4236122965812683], [-0.43837425112724304, -0.8771759271621704, 0.19593405723571777, 2.42991304397583], [0.0, 0.0, 0.0, 1.0]]}, "metacarpals": {"matrix": [[0.5695159435272217, -0.7379298806190491, 0.36209237575531006, -0.4822198152542114], [-0.19447413086891174, 0.3070404827594757, 0.9316145777702332, -0.5522459745407104], [-0.7986434102058411, -0.600986897945404, 0.03135634586215019, 1.5755488872528076], [0.0, 0.0, 0.0, 1.0]]}, "finger5joint1": {"matrix": [[0.4995346665382385, -0.7779132723808289, 0.38120317459106445, -1.1522173881530762], [-0.14250335097312927, 0.36025556921958923, 0.9219048023223877, -0.7261397838592529], [-0.8544926643371582, -0.5148460268974304, 0.06910509616136551, 1.3598195314407349], [0.0, 0.0, 0.0, 1.0]]}, "finger5joint2": {"matrix": [[0.47009673714637756, -0.27477559447288513, -0.8387532234191895, -1.9739056825637817], [0.8476372361183167, 0.4054255485534668, 0.34225836396217346, -0.3456118106842041], [0.24600791931152344, -0.8718529343605042, 0.42349958419799805, 0.8160018920898438], [0.0, 0.0, 0.0, 1.0]]}, "finger5joint3": {"matrix": [[0.48785272240638733, -0.08170199394226074, -0.8690937757492065, -2.162768602371216], [0.8616501092910767, 0.20457741618156433, 0.4644422233104706, -0.06694861501455307], [0.13985125720500946, -0.9754343032836914, 0.17020250856876373, 0.21674683690071106], [0.0, 0.0, 0.0, 1.0]]}, "Bone": {"matrix": [[0.7837441563606262, 0.37364840507507324, 0.4961166977882385, -1.6343333721160889], [-0.4110696315765381, -0.2867266535758972, 0.8653376698493958, -0.07287052273750305], [0.46558183431625366, -0.8821420669555664, -0.07112466543912888, 0.6372414231300354], [0.0, 0.0, 0.0, 1.0]]}, "finger1joint1": {"matrix": [[0.7078449726104736, -0.5222266316413879, 0.47564131021499634, -1.323387622833252], [-0.19915829598903656, 0.4984953999519348, 0.8437049388885498, -0.31148087978363037], [-0.6777104139328003, -0.6919401288032532, 0.24885191023349762, -0.09686630964279175], [0.0, 0.0, 0.0, 1.0]]}, "finger1joint2": {"matrix": [[0.5397241711616516, -0.6876325607299805, 0.485653281211853, -1.6185388565063477], [-0.4565039575099945, 0.2456463724374771, 0.8551384806632996, -0.029742099344730377], [-0.7073202729225159, -0.6832414865493774, -0.1813254952430725, -0.4879358112812042], [0.0, 0.0, 0.0, 1.0]]}, "finger1joint3": {"matrix": [[0.6109948754310608, -0.785401463508606, 0.09914469718933105, -1.9133156538009644], [-0.37625762820243835, -0.17792460322380066, 0.9092705249786377, 0.07556246221065521], [-0.6965023875236511, -0.5928635597229004, -0.40422406792640686, -0.7808302640914917], [0.0, 0.0, 0.0, 1.0]]}, "Bone.001": {"matrix": [[0.9166266918182373, 0.212321475148201, 0.338695764541626, -1.6343333721160889], [-0.3787449598312378, 0.19028465449810028, 0.905728280544281, -0.07287053763866425], [0.12785688042640686, -0.9584941267967224, 0.25483590364456177, 0.6372414231300354], [0.0, 0.0, 0.0, 1.0]]}, "finger2joint1": {"matrix": [[0.9061319828033447, -0.37313172221183777, -0.19924168288707733, -1.4997460842132568], [-0.06207137554883957, -0.5832213759422302, 0.8099380731582642, 0.04774776101112366], [-0.4184156656265259, -0.7215437889099121, -0.5516362190246582, 0.02966773509979248], [0.0, 0.0, 0.0, 1.0]]}, "finger2joint2": {"matrix": [[0.8831953406333923, -0.4339942932128906, -0.17780540883541107, -1.8225607872009277], [-0.18914052844047546, -0.6765035390853882, 0.7117362022399902, -0.4568255543708801], [-0.42917558550834656, -0.5949720740318298, -0.6795706152915955, -0.5945751667022705], [0.0, 0.0, 0.0, 1.0]]}, "finger2joint3": {"matrix": [[0.8399197459220886, -0.4960172474384308, -0.22023050487041473, -1.9873119592666626], [-0.32831957936286926, -0.7875208854675293, 0.5215522646903992, -0.7136373519897461], [-0.4321351945400238, -0.36575621366500854, -0.8243064880371094, -0.8204362392425537], [0.0, 0.0, 0.0, 1.0]]}, "Bone.002": {"matrix": [[0.7996093034744263, -0.44307106733322144, 0.405355304479599, -1.6343333721160889], [-0.1529979556798935, 0.5024235844612122, 0.8509770631790161, -0.07287053763866425], [-0.5807034969329834, -0.7424675226211548, 0.33395376801490784, 0.6372414827346802], [0.0, 0.0, 0.0, 1.0]]}, "finger3joint1": {"matrix": [[0.7833701968193054, 0.13757717609405518, 0.6061383485794067, -1.8210922479629517], [-0.45843037962913513, 0.7864258289337158, 0.41397565603256226, 0.1389060616493225], [-0.4197295010089874, -0.6021682024002075, 0.6791321039199829, 0.3242838978767395], [0.0, 0.0, 0.0, 1.0]]}, "finger3joint2": {"matrix": [[0.77115797996521, -0.4069801867008209, 0.48957380652427673, -1.7004120349884033], [-0.34402135014533997, 0.38066744804382324, 0.8583364486694336, 0.8287442922592163], [-0.5356909036636353, -0.8303366303443909, 0.15354500710964203, -0.2039269208908081], [0.0, 0.0, 0.0, 1.0]]}, "finger3joint3": {"matrix": [[0.6566917300224304, -0.6260935664176941, 0.4204316735267639, -1.9637609720230103], [-0.46414729952812195, 0.10386582463979721, 0.8796470761299133, 1.0750666856765747], [-0.5944100618362427, -0.7727990746498108, -0.22239163517951965, -0.7412214279174805], [0.0, 0.0, 0.0, 1.0]]}, "Bone.003": {"matrix": [[0.5241144895553589, -0.588374674320221, 0.6157265305519104, -1.6343332529067993], [0.6143704056739807, 0.761896550655365, 0.20509153604507446, -0.07287055253982544], [-0.589790403842926, 0.2707929015159607, 0.7608010768890381, 0.6372413635253906], [0.0, 0.0, 0.0, 1.0]]}, "finger4joint1": {"matrix": [[0.7424046397209167, 0.14832396805286407, 0.6533262729644775, -1.8865221738815308], [-0.504874050617218, 0.7648881077766418, 0.4000599980354309, 0.253693163394928], [-0.44038325548171997, -0.6268536448478699, 0.6427415013313293, 0.7533085346221924], [0.0, 0.0, 0.0, 1.0]]}, "finger4joint2": {"matrix": [[0.7580869197845459, -0.6055141091346741, 0.2421913594007492, -1.7391830682754517], [-0.4793882966041565, -0.2656254768371582, 0.8364385962486267, 1.0135016441345215], [-0.44214338064193726, -0.7501969933509827, -0.49164336919784546, 0.13061781227588654], [0.0, 0.0, 0.0, 1.0]]}, "finger4joint3": {"matrix": [[0.8021727800369263, -0.4828008711338043, -0.3513144552707672, -1.9917207956314087], [-0.4678332507610321, -0.873809278011322, 0.13262344896793365, 0.9027191400527954], [-0.37101274728775024, 0.05796940252184868, -0.9268163442611694, -0.18226152658462524], [0.0, 0.0, 0.0, 1.0]]}}