{"root": {"matrix": [[0.39000555872917175, -0.8840118050575256, -0.2577185034751892, 0.0], [-0.20993976294994354, 0.18714500963687897, -0.959636390209198, 0.0], [0.8965606093406677, 0.4283688962459564, -0.11260170489549637, 0.0], [0.0, 0.0, 0.0, 1.0]]}, "carpals": {"matrix": [[0.7143542170524597, -0.46285080909729004, -0.5248494744300842, 0.045676589012145996], [0.5527248978614807, -0.08678984642028809, 0.8288319706916809, -0.18370433151721954], [-0.42917707562446594, -0.8821771144866943, 0.193830668926239, 2.4595022201538086], [0.0, 0.0, 0.0, 1.0]]}, "metacarpals": {"matrix": [[0.4645386338233948, -0.7721890211105347, 0.4335063695907593, -0.405137300491333], [-0.24115720391273499, 0.3607197403907776, 0.9009574055671692, -0.26823708415031433], [-0.8520838618278503, -0.5230726003646851, -0.018650520592927933, 1.6002671718597412], [0.0, 0.0, 0.0, 1.0]]}, "finger5joint1": {"matrix": [[0.5333627462387085, -0.7800111174583435, 0.3272715210914612, -1.1056430339813232], [-0.20117877423763275, 0.2588241398334503, 0.9447417259216309, -0.3906952142715454], [-0.8216149210929871, -0.5697300434112549, -0.018874339759349823, 1.458949327468872], [0.0, 0.0, 0.0, 1.0]]}, "finger5joint2": {"matrix": [[0.37362322211265564, -0.33907270431518555, -0.8633857369422913, -1.9295470714569092], [0.9255922436714172, 0.19719254970550537, 0.32310011982917786, -0.1173064261674881], [0.060698967427015305, -0.9198607802391052, 0.38751909136772156, 0.8571592569351196], [0.0, 0.0, 0.0, 1.0]]}, "finger5joint3": {"matrix": [[0.38730114698410034, -0.08207390457391739, -0.9182925820350647, -2.1626038551330566], [0.920760989189148, -0.016199221834540367, 0.38978996872901917, 0.018230929970741272], [-0.04686705023050308, -0.9964942336082458, 0.06929677724838257, 0.22490671277046204], [0.0, 0.0, 0.0, 1.0]]}, "Bone": {"matrix": [[0.7952131628990173, 0.2544075548648834, 0.5503749847412109, -1.6107388734817505], [-0.4685281217098236, -0.31833168864250183, 0.8241031765937805, 0.2949466109275818], [0.38485977053642273, -0.9132040739059448, -0.1339443027973175, 0.7836055755615234], [0.0, 0.0, 0.0, 1.0]]}, "finger1joint1": {"matrix": [[0.7908074855804443, -0.4869862198829651, 0.37076646089553833, -1.3990238904953003], [-0.28592216968536377, 0.24167679250240326, 0.9272758960723877, 0.03003491461277008], [-0.541176438331604, -0.8393070101737976, 0.0518798753619194, 0.023648440837860107], [0.0, 0.0, 0.0, 1.0]]}, "finger1joint2": {"matrix": [[0.6499558091163635, -0.6296299695968628, 0.42558595538139343, -1.6742581129074097], [-0.5594379305839539, -0.017361173406243324, 0.8286902904510498, 0.16662538051605225], [-0.5143797993659973, -0.776701033115387, -0.3635226786136627, -0.45070967078208923], [0.0, 0.0, 0.0, 1.0]]}, "finger1joint3": {"matrix": [[0.7123740315437317, -0.6990714073181152, 0.06182467192411423, -1.9441699981689453], [-0.4716222584247589, -0.41163018345832825, 0.7798287272453308, 0.15918293595314026], [-0.5197073221206665, -0.5846877098083496, -0.6229320764541626, -0.7836686372756958], [0.0, 0.0, 0.0, 1.0]]}, "Bone.001": {"matrix": [[0.8933926820755005, 0.1227877140045166, 0.4321717619895935, -1.6107388734817505], [-0.44794371724128723, 0.16940878331661224, 0.8778648972511292, 0.2949465811252594], [0.034577228128910065, -0.9778667688369751, 0.20635074377059937, 0.7836055755615234], [0.0, 0.0, 0.0, 1.0]]}, "finger2joint1": {"matrix": [[0.779461145401001, -0.42777466773986816, -0.45765581727027893, -1.5329056978225708], [-0.1181802824139595, -0.8178474307060242, 0.563168466091156, 0.4023320972919464], [-0.6152019500732422, -0.38488224148750305, -0.6880347728729248, 0.16375184059143066], [0.0, 0.0, 0.0, 1.0]]}, "finger2joint2": {"matrix": [[0.7765271067619324, -0.3945118188858032, -0.49129000306129456, -1.9029946327209473], [-0.2431914210319519, -0.9069617390632629, 0.3439156413078308, -0.30522778630256653], [-0.5812602043151855, -0.14758248627185822, -0.8002222776412964, -0.16922862827777863], [0.0, 0.0, 0.0, 1.0]]}, "finger2joint3": {"matrix": [[0.766924262046814, -0.35735002160072327, -0.5330364108085632, -2.052757740020752], [-0.37536320090293884, -0.9235002994537354, 0.07905200123786926, -0.6495253443717957], [-0.5205087661743164, 0.13945521414279938, -0.8423909544944763, -0.22525335848331451], [0.0, 0.0, 0.0, 1.0]]}, "Bone.002": {"matrix": [[0.7190594673156738, -0.4800388216972351, 0.5025097727775574, -1.610738754272461], [-0.21670635044574738, 0.5321497917175293, 0.8184465765953064, 0.294946551322937], [-0.6602967381477356, -0.6974086165428162, 0.27862003445625305, 0.7836055755615234], [0.0, 0.0, 0.0, 1.0]]}, "finger3joint1": {"matrix": [[0.7557092905044556, 0.16766396164894104, 0.6330815553665161, -1.813080072402954], [-0.5792473554611206, 0.6221617460250854, 0.5266755819320679, 0.5192530751228333], [-0.305574893951416, -0.7647242546081543, 0.567292332649231, 0.48964083194732666], [0.0, 0.0, 0.0, 1.0]]}, "finger3joint2": {"matrix": [[0.7475783228874207, -0.436931848526001, 0.5002171397209167, -1.6660082340240479], [-0.49357205629348755, 0.13848145306110382, 0.8586090207099915, 1.0650018453598022], [-0.44442465901374817, -0.8887705206871033, -0.11213148385286331, -0.18116110563278198], [0.0, 0.0, 0.0, 1.0]]}, "finger3joint3": {"matrix": [[0.630201518535614, -0.6723984479904175, 0.388234943151474, -1.9487383365631104], [-0.623443067073822, -0.1401931196451187, 0.7691972851753235, 1.1546103954315186], [-0.4627794325351715, -0.7267916202545166, -0.507551908493042, -0.7562670707702637], [0.0, 0.0, 0.0, 1.0]]}, "Bone.003": {"matrix": [[0.5036250948905945, -0.49617284536361694, 0.7072299718856812, -1.610738754272461], [0.5696182250976562, 0.8061912059783936, 0.1599709540605545, 0.294946551322937], [-0.6495356559753418, 0.3222859501838684, 0.6886472105979919, 0.7836055755615234], [0.0, 0.0, 0.0, 1.0]]}, "finger4joint1": {"matrix": [[0.7737423777580261, 0.06936529278755188, 0.6296911835670471, -1.8234081268310547], [-0.5868549942970276, 0.4528350532054901, 0.6712237596511841, 0.640495777130127], [-0.23858687281608582, -0.8888915777206421, 0.3910851776599884, 0.921743631362915], [0.0, 0.0, 0.0, 1.0]]}, "finger4joint2": {"matrix": [[0.7871441841125488, -0.5588354468345642, 0.2609725594520569, -1.7545034885406494], [-0.563249409198761, -0.47891542315483093, 0.6733421683311462, 1.0903234481811523], [-0.25130394101142883, -0.677010178565979, -0.6917390823364258, 0.03875516355037689], [0.0, 0.0, 0.0, 1.0]]}, "finger4joint3": {"matrix": [[0.8269714713096619, -0.49366453289985657, -0.26909705996513367, -1.9875729084014893], [-0.5312793254852295, -0.8427544236183167, -0.0866420567035675, 0.890585720539093], [-0.18401086330413818, 0.21461603045463562, -0.9592077136039734, -0.24360066652297974], [0.0, 0.0, 0.0, 1.0]]}}