{"root": {"matrix": [[0.3400394320487976, -0.9054408073425293, -0.25406718254089355, 0.0], [-0.09139424562454224, 0.23706917464733124, -0.9671841859817505, 1.4901161193847656e-08], [0.93595951795578, 0.35210105776786804, -0.002139283809810877, 2.9802322387695312e-08], [0.0, 0.0, 0.0, 1.0]]}, "carpals": {"matrix": [[0.5966909527778625, -0.4149169325828552, -0.6868796348571777, -0.08870607614517212], [0.7081170678138733, -0.13045063614845276, 0.6939399242401123, 0.13409844040870667], [-0.37753117084503174, -0.9004589319229126, 0.2159712314605713, 2.461530923843384], [0.0, 0.0, 0.0, 1.0]]}, "metacarpals": {"matrix": [[0.6446250677108765, -0.7640409469604492, 0.02645355835556984, -0.49283266067504883], [0.18779344856739044, 0.19179470837116241, 0.9633007049560547, 0.007040292024612427], [-0.741074800491333, -0.6159998774528503, 0.2671177387237549, 1.5844892263412476], [0.0, 0.0, 0.0, 1.0]]}, "finger5joint1": {"matrix": [[0.3418995141983032, -0.7862550020217896, -0.5146918296813965, -1.0528392791748047], [0.3039973974227905, -0.42571091651916504, 0.852264940738678, -0.31273022294044495], [-0.8892074227333069, -0.4478539824485779, 0.09346934407949448, 1.2531065940856934], [0.0, 0.0, 0.0, 1.0]]}, "finger5joint2": {"matrix": [[-0.5810237526893616, -0.45313408970832825, -0.6760772466659546, -1.883338451385498], [0.8134672045707703, -0.3499748706817627, -0.4645301401615143, -0.7623968720436096], [-0.026115374639630318, -0.8198696970939636, 0.571953535079956, 0.7800508737564087], [0.0, 0.0, 0.0, 1.0]]}, "finger5joint3": {"matrix": [[-0.5826828479766846, -0.06818711757659912, -0.8098337650299072, -2.194793462753296], [0.8015778064727783, -0.21250756084918976, -0.5588498115539551, -1.0029468536376953], [-0.13398919999599457, -0.974777102470398, 0.17848186194896698, 0.21652567386627197], [0.0, 0.0, 0.0, 1.0]]}, "Bone": {"matrix": [[0.8494343757629395, 0.49591973423957825, 0.1803460419178009, -1.6857126951217651], [-0.24125835299491882, 0.06101950630545616, 0.9685405492782593, 0.3064850866794586], [0.4693136513233185, -0.8662216663360596, 0.17147701978683472, 0.6227424144744873], [0.0, 0.0, 0.0, 1.0]]}, "finger1joint1": {"matrix": [[0.7485969662666321, -0.6465086936950684, 0.14706753194332123, -1.2730144262313843], [0.20335753262043, 0.43500566482543945, 0.8771633505821228, 0.35726478695869446], [-0.631069004535675, -0.6267344355583191, 0.4571165442466736, -0.09811654686927795], [0.0, 0.0, 0.0, 1.0]]}, "finger1joint2": {"matrix": [[0.6810553669929504, -0.7139627933502197, 0.16254384815692902, -1.6384071111679077], [-0.08209855854511261, 0.1461288332939148, 0.9858529567718506, 0.6031205058097839], [-0.7276148200035095, -0.6847649812698364, 0.040906768292188644, -0.4523333013057709], [0.0, 0.0, 0.0, 1.0]]}, "finger1joint3": {"matrix": [[0.7197475433349609, -0.6606298685073853, -0.21338115632534027, -1.9444713592529297], [0.012858351692557335, -0.29462307691574097, 0.9555269479751587, 0.6657636165618896], [-0.6941168308258057, -0.6904819011688232, -0.20355932414531708, -0.7458807826042175], [0.0, 0.0, 0.0, 1.0]]}, "Bone.001": {"matrix": [[0.9820863604545593, 0.1884286105632782, 0.000878145161550492, -1.6857128143310547], [-0.09039231389760971, 0.46702420711517334, 0.8796120882034302, 0.3064850866794586], [0.16533394157886505, -0.863934338092804, 0.4756908118724823, 0.6227424144744873], [0.0, 0.0, 0.0, 1.0]]}, "finger2joint1": {"matrix": [[0.8043226003646851, -0.3682252764701843, -0.4663420617580414, -1.5662710666656494], [0.20612840354442596, -0.5631824731826782, 0.800210177898407, 0.6025241017341614], [-0.5572932958602905, -0.7397536635398865, -0.3770785629749298, 0.0751085877418518], [0.0, 0.0, 0.0, 1.0]]}, "finger2joint2": {"matrix": [[0.807367742061615, -0.3831499516963959, -0.4487239718437195, -1.8848406076431274], [0.07951907813549042, -0.6828951835632324, 0.7261753678321838, 0.11528737843036652], [-0.5846655964851379, -0.6219727993011475, -0.5208796858787537, -0.564888596534729], [0.0, 0.0, 0.0, 1.0]]}, "finger2joint3": {"matrix": [[0.7949369549751282, -0.37627923488616943, -0.47590842843055725, -2.0302906036376953], [-0.06453808397054672, -0.8324282765388489, 0.5503614544868469, -0.14395081996917725], [-0.6032493114471436, -0.4067886173725128, -0.6860122680664062, -0.800999641418457], [0.0, 0.0, 0.0, 1.0]]}, "Bone.002": {"matrix": [[0.8351762890815735, -0.544481098651886, 0.07759378850460052, -1.6857126951217651], [0.24701908230781555, 0.49741220474243164, 0.8316023945808411, 0.306485116481781], [-0.49138787388801575, -0.6753672361373901, 0.5499242544174194, 0.6227424144744873], [0.0, 0.0, 0.0, 1.0]]}, "finger3joint1": {"matrix": [[0.9642428755760193, 0.07660257071256638, 0.2537079453468323, -1.9152169227600098], [-0.20149315893650055, 0.8337527513504028, 0.5140591263771057, 0.5161493420600891], [-0.17215164005756378, -0.546798050403595, 0.8193750381469727, 0.3380683660507202], [0.0, 0.0, 0.0, 1.0]]}, "finger3joint2": {"matrix": [[0.9536476731300354, -0.28284671902656555, 0.10273192077875137, -1.8480225801467896], [-0.08691149950027466, 0.06795787066221237, 0.993895411491394, 1.2475018501281738], [-0.2881016135215759, -0.9567544460296631, 0.04022546112537384, -0.14157283306121826], [0.0, 0.0, 0.0, 1.0]]}, "finger3joint3": {"matrix": [[0.9075663089752197, -0.4197474420070648, -0.01163850910961628, -2.0310471057891846], [-0.24933113157749176, -0.5609848499298096, 0.7893857359886169, 1.2914760112762451], [-0.33787184953689575, -0.7135181427001953, -0.6137868165969849, -0.7606697082519531], [0.0, 0.0, 0.0, 1.0]]}, "Bone.003": {"matrix": [[0.3192620575428009, -0.8236889839172363, 0.46862366795539856, -1.6857126951217651], [0.8684077858924866, 0.45225822925567627, 0.2032986283302307, 0.3064850866794586], [-0.37939348816871643, 0.34205102920532227, 0.8596868515014648, 0.6227424144744873], [0.0, 0.0, 0.0, 1.0]]}, "finger4joint1": {"matrix": [[0.9629651308059692, -8.916255319491029e-05, 0.2696254551410675, -2.038761854171753], [-0.18593889474868774, 0.7239519357681274, 0.6643192172050476, 0.5003318190574646], [-0.19525526463985443, -0.6898499131202698, 0.6971240639686584, 0.76935213804245], [0.0, 0.0, 0.0, 1.0]]}, "finger4joint2": {"matrix": [[0.9677368998527527, -0.2513418197631836, -0.017669668421149254, -2.0388505458831787], [-0.15643197298049927, -0.6543211340904236, 0.7398598194122314, 1.2194758653640747], [-0.1975194811820984, -0.713225781917572, -0.6725283861160278, 0.08408349752426147], [0.0, 0.0, 0.0, 1.0]]}, "finger4joint3": {"matrix": [[0.9854351878166199, -0.0945756658911705, -0.14132416248321533, -2.1436758041381836], [-0.11230583488941193, -0.9859998226165771, -0.12325374037027359, 0.9465829133987427], [-0.12768889963626862, 0.13732978701591492, -0.9822604060173035, -0.2133764922618866], [0.0, 0.0, 0.0, 1.0]]}}