{"root": {"matrix": [[0.4630120098590851, -0.3616182804107666, -0.80922931432724, 0.0], [-0.8811401128768921, -0.08892786502838135, -0.46441781520843506, 0.0], [0.09597887098789215, 0.9280754327774048, -0.35981106758117676, 5.960464477539063e-08], [0.0, 0.0, 0.0, 1.0]]}, "carpals": {"matrix": [[0.5756468176841736, -0.8171842694282532, 0.028990544378757477, 0.7841103672981262], [0.5933095812797546, 0.44181501865386963, 0.67289137840271, -2.0275068283081055], [-0.5626847743988037, -0.3701474964618683, 0.7391728758811951, 1.1659213304519653], [0.0, 0.0, 0.0, 1.0]]}, "metacarpals": {"matrix": [[0.14025957882404327, -0.7464597821235657, 0.6504805684089661, -0.011822223663330078], [-0.06879106909036636, 0.6480403542518616, 0.7584925889968872, -1.5971815586090088], [-0.9877220392227173, -0.15113312005996704, 0.03954413905739784, 0.8053998947143555], [0.0, 0.0, 0.0, 1.0]]}, "finger5joint1": {"matrix": [[0.13946516811847687, -0.9475821852684021, 0.28746703267097473, -0.7300012111663818], [0.08433213084936142, 0.3006153404712677, 0.9500094652175903, -1.527313470840454], [-0.98662930727005, -0.10825049877166748, 0.1218370646238327, 0.8761969208717346], [0.0, 0.0, 0.0, 1.0]]}, "finger5joint2": {"matrix": [[0.2470388561487198, -0.576543927192688, -0.7788249850273132, -1.7309060096740723], [0.9679630398750305, 0.18409405648708344, 0.17075218260288239, -1.2097818851470947], [0.044930990785360336, -0.7960563898086548, 0.603551983833313, 0.7618549466133118], [0.0, 0.0, 0.0, 1.0]]}, "finger5joint3": {"matrix": [[0.2346377819776535, -0.24326921999454498, -0.9411507248878479, -2.1271848678588867], [0.9700467586517334, -0.004029001109302044, 0.24288316071033478, -1.0832475423812866], [-0.06287785619497299, -0.9699501991271973, 0.2350374162197113, 0.21469749510288239], [0.0, 0.0, 0.0, 1.0]]}, "Bone": {"matrix": [[0.7014468312263489, -0.0914635956287384, 0.7068285346031189, -1.1772531270980835], [-0.712685763835907, -0.08007723093032837, 0.6968975067138672, -0.5854105949401855], [-0.007139881141483784, -0.9925834536552429, -0.12135472893714905, 0.569439172744751], [0.0, 0.0, 0.0, 1.0]]}, "finger1joint1": {"matrix": [[0.6936183571815491, -0.7143595814704895, 0.09264920651912689, -1.2533680200576782], [-0.20758898556232452, -0.0750657245516777, 0.9753314256668091, -0.6520498991012573], [-0.6897827386856079, -0.6957409381866455, -0.20036016404628754, -0.2565765678882599], [0.0, 0.0, 0.0, 1.0]]}, "finger1joint2": {"matrix": [[0.6466234922409058, -0.7589488625526428, 0.07664601504802704, -1.6571086645126343], [-0.493135929107666, -0.33925068378448486, 0.8010777235031128, -0.6944754123687744], [-0.581974983215332, -0.5557926893234253, -0.5936324596405029, -0.6497942805290222], [0.0, 0.0, 0.0, 1.0]]}, "finger1joint3": {"matrix": [[0.6784672141075134, -0.6672220230102539, -0.3074035942554474, -1.9824573993682861], [-0.39669322967529297, -0.6849427223205566, 0.611136257648468, -0.8399065732955933], [-0.6183176040649414, -0.29269108176231384, -0.729393720626831, -0.8880534768104553], [0.0, 0.0, 0.0, 1.0]]}, "Bone.001": {"matrix": [[0.7072895169258118, -0.09174171090126038, 0.7009456753730774, -1.177253246307373], [-0.6102913618087769, 0.421171098947525, 0.6709387898445129, -0.5854105949401855], [-0.35677117109298706, -0.9023292064666748, 0.24190080165863037, 0.5694391131401062], [0.0, 0.0, 0.0, 1.0]]}, "finger2joint1": {"matrix": [[0.7813578248023987, -0.4537726044654846, 0.42845091223716736, -1.235406756401062], [-0.3320889472961426, 0.27894726395606995, 0.9010576605796814, -0.3184371292591095], [-0.5283905267715454, -0.8463324308395386, 0.06726478785276413, -0.0025326013565063477], [0.0, 0.0, 0.0, 1.0]]}, "finger2joint2": {"matrix": [[0.6941693425178528, -0.7147896885871887, 0.08487958461046219, -1.6279876232147217], [-0.3873448669910431, -0.271549791097641, 0.8810358643531799, -0.07710617780685425], [-0.6067065000534058, -0.6444658041000366, -0.46537166833877563, -0.7347362041473389], [0.0, 0.0, 0.0, 1.0]]}, "finger2joint3": {"matrix": [[0.5972241759300232, -0.6542195677757263, -0.46402573585510254, -1.8993334770202637], [-0.4930979907512665, -0.7557660937309265, 0.4308960437774658, -0.18019095063209534], [-0.6325957179069519, -0.02853137068450451, -0.7739562392234802, -0.9793859720230103], [0.0, 0.0, 0.0, 1.0]]}, "Bone.002": {"matrix": [[0.43187758326530457, -0.47325432300567627, 0.7677968740463257, -1.177253007888794], [-0.1542515605688095, 0.7999820113182068, 0.579857587814331, -0.5854105949401855], [-0.8886439800262451, -0.3688613474369049, 0.2724941372871399, 0.5694391131401062], [0.0, 0.0, 0.0, 1.0]]}, "finger3joint1": {"matrix": [[0.31967008113861084, -0.04865071922540665, 0.9462791085243225, -1.3767346143722534], [-0.31203553080558777, 0.937569260597229, 0.15361419320106506, -0.2482101321220398], [-0.8946759104728699, -0.3443785309791565, 0.2845320701599121, 0.41396036744117737], [0.0, 0.0, 0.0, 1.0]]}, "finger3joint2": {"matrix": [[0.2710030674934387, -0.7003844976425171, 0.6603172421455383, -1.4194101095199585], [-0.16558048129081726, 0.6418429613113403, 0.7487459182739258, 0.5742082595825195], [-0.9482301473617554, -0.31224799156188965, 0.057971417903900146, 0.11187788099050522], [0.0, 0.0, 0.0, 1.0]]}, "finger3joint3": {"matrix": [[0.12101446837186813, -0.9058030843734741, 0.4060496389865875, -1.872615098953247], [-0.25708332657814026, 0.36650004982948303, 0.8941954374313354, 0.9895322918891907], [-0.9587823748588562, -0.21259911358356476, -0.18851503729820251, -0.09017163515090942], [0.0, 0.0, 0.0, 1.0]]}, "Bone.003": {"matrix": [[0.4582023620605469, -0.14670492708683014, 0.8766574859619141, -1.177253007888794], [0.6206391453742981, 0.7588410973548889, -0.19740040600299835, -0.5854105949401855], [-0.6362841129302979, 0.634537398815155, 0.4387536644935608, 0.5694390535354614], [0.0, 0.0, 0.0, 1.0]]}, "finger4joint1": {"matrix": [[0.4218733608722687, -0.28721922636032104, 0.8599580526351929, -1.2401336431503296], [-0.44654935598373413, 0.759650707244873, 0.4727831482887268, -0.2601565718650818], [-0.7890604138374329, -0.5834683775901794, 0.19221888482570648, 0.841414213180542], [0.0, 0.0, 0.0, 1.0]]}, "finger4joint2": {"matrix": [[0.4317057430744171, -0.7546700835227966, 0.49406781792640686, -1.5254454612731934], [-0.4198055863380432, 0.3167010545730591, 0.8505663275718689, 0.49444931745529175], [-0.7983689904212952, -0.5746068954467773, -0.18009305000305176, 0.26182061433792114], [0.0, 0.0, 0.0, 1.0]]}, "finger4joint3": {"matrix": [[0.48567041754722595, -0.8698709011077881, 0.08630573004484177, -1.8401904106140137], [-0.4570762813091278, -0.16855017840862274, 0.8733106255531311, 0.626533567905426], [-0.7451208233833313, -0.46358954906463623, -0.47945722937583923, 0.02217341959476471], [0.0, 0.0, 0.0, 1.0]]}}