{"root": {"matrix": [[0.31404995918273926, -0.014056731946766376, 0.9493023753166199, 0.0], [-0.3706764578819275, 0.9187164306640625, 0.1362316906452179, 0.0], [-0.8740547299385071, -0.39466753602027893, 0.2833123505115509, 0.0], [0.0, 0.0, 0.0, 1.0]]}, "carpals": {"matrix": [[-0.2717663645744324, -0.895481288433075, -0.3524995744228363, 0.5897301435470581], [-0.09436753392219543, -0.3397233486175537, 0.9357791543006897, 0.045663416385650635], [-0.9577252268791199, 0.28757768869400024, 0.007821016944944859, -2.394810676574707], [0.0, 0.0, 0.0, 1.0]]}, "metacarpals": {"matrix": [[-0.8052085638046265, -0.5873712301254272, 0.08144879341125488, -0.2824632525444031], [-0.19814985990524292, 0.39596983790397644, 0.8966293931007385, -0.2852250337600708], [-0.558905839920044, 0.7058346271514893, -0.43522584438323975, -2.1147117614746094], [0.0, 0.0, 0.0, 1.0]]}, "finger5joint1": {"matrix": [[-0.7322058081626892, -0.653822660446167, 0.19076231122016907, -0.5098769068717957], [-0.25985151529312134, 0.5270749926567078, 0.8091161251068115, -0.39333289861679077], [-0.6295648217201233, 0.5428696274757385, -0.5558241605758667, -1.4348070621490479], [0.0, 0.0, 0.0, 1.0]]}, "finger5joint2": {"matrix": [[0.40430474281311035, -0.8920890092849731, 0.20177729427814484, -1.2004916667938232], [0.7052180171012878, 0.4445381760597229, 0.552315890789032, 0.16340181231498718], [-0.5824127793312073, -0.08100723475217819, 0.8088465929031372, -0.8613888025283813], [0.0, 0.0, 0.0, 1.0]]}, "finger5joint3": {"matrix": [[0.30753323435783386, -0.9514886140823364, 0.009589086286723614, -1.8136556148529053], [0.7121567130088806, 0.23683811724185944, 0.6608631014823914, 0.46894851326942444], [-0.6310749053955078, -0.19640879333019257, 0.7504449486732483, -0.9170680046081543], [0.0, 0.0, 0.0, 1.0]]}, "Bone": {"matrix": [[0.446928471326828, -0.8942538499832153, -0.023763326928019524, -1.1995127201080322], [-0.4962182343006134, -0.26992663741111755, 0.8251707553863525, 0.3329938054084778], [-0.7443265914916992, -0.35700076818466187, -0.5643830299377441, -1.0127079486846924], [0.0, 0.0, 0.0, 1.0]]}, "finger1joint1": {"matrix": [[-0.4070269465446472, -0.54835045337677, -0.7305070757865906, -1.943699836730957], [-0.06213236227631569, -0.7812792658805847, 0.6210813522338867, 0.10836419463157654], [-0.9113004803657532, 0.298184871673584, 0.28393128514289856, -1.3097995519638062], [0.0, 0.0, 0.0, 1.0]]}, "finger1joint2": {"matrix": [[-0.15424275398254395, -0.14922575652599335, -0.9766988158226013, -2.2536158561706543], [-0.2326366901397705, -0.9552514553070068, 0.18268737196922302, -0.3331978917121887], [-0.9602547883987427, 0.2553941607475281, 0.11262506246566772, -1.1412718296051025], [0.0, 0.0, 0.0, 1.0]]}, "finger1joint3": {"matrix": [[-0.24678395688533783, 0.26981133222579956, -0.9307519793510437, -2.3175861835479736], [-0.17773659527301788, -0.9567679762840271, -0.23022715747356415, -0.7426984906196594], [-0.9526318907737732, 0.10861233621835709, 0.2840701639652252, -1.0317885875701904], [0.0, 0.0, 0.0, 1.0]]}, "Bone.001": {"matrix": [[0.11192898452281952, -0.9463396072387695, 0.303171306848526, -1.1995127201080322], [-0.457294225692749, 0.22181189060211182, 0.8612091541290283, 0.3329938054084778], [-0.8822435140609741, -0.23503293097019196, -0.407928466796875, -1.0127079486846924], [0.0, 0.0, 0.0, 1.0]]}, "finger2joint1": {"matrix": [[-0.6779775619506836, -0.6013553142547607, -0.4227502942085266, -1.799381971359253], [-0.24469035863876343, -0.357683002948761, 0.9012154340744019, 0.4735967516899109], [-0.6931614875793457, 0.7144467830657959, 0.09535518288612366, -1.161691427230835], [0.0, 0.0, 0.0, 1.0]]}, "finger2joint2": {"matrix": [[-0.6876005530357361, -0.1733109951019287, -0.705101728439331, -2.319643974304199], [-0.3582659959793091, -0.763668954372406, 0.5370800495147705, 0.16414766013622284], [-0.6315464973449707, 0.6219104528427124, 0.46300771832466125, -0.5435885190963745], [0.0, 0.0, 0.0, 1.0]]}, "finger2joint3": {"matrix": [[-0.637169361114502, 0.3771176338195801, -0.6721585392951965, -2.3854353427886963], [-0.4900394380092621, -0.8713598847389221, -0.024350056424736977, -0.12575364112854004], [-0.5948750972747803, 0.3138691782951355, 0.7400063872337341, -0.3075011372566223], [0.0, 0.0, 0.0, 1.0]]}, "Bone.002": {"matrix": [[-0.5844038128852844, -0.7171908617019653, 0.3796170949935913, -1.1995127201080322], [-0.18660657107830048, 0.5740586519241333, 0.7972669005393982, 0.3329938054084778], [-0.7897152900695801, 0.3950866758823395, -0.4693145453929901, -1.0127079486846924], [0.0, 0.0, 0.0, 1.0]]}, "finger3joint1": {"matrix": [[-0.7416163682937622, -0.30351048707962036, 0.5982359647750854, -1.501815915107727], [-0.23426498472690582, 0.952823281288147, 0.19299617409706116, 0.574965238571167], [-0.628589928150177, 0.0029833693988621235, -0.77773118019104, -0.8461748957633972], [0.0, 0.0, 0.0, 1.0]]}, "finger3joint2": {"matrix": [[-0.8029202222824097, -0.5893622040748596, -0.08928036689758301, -1.7680495977401733], [-0.08796337246894836, -0.030989157035946846, 0.9956415295600891, 1.410764217376709], [-0.5895605087280273, 0.8072741031646729, -0.02696048468351364, -0.8435579538345337], [0.0, 0.0, 0.0, 1.0]]}, "finger3joint3": {"matrix": [[-0.8047096729278564, -0.05559762567281723, -0.5910592079162598, -2.149414300918579], [-0.2555695176124573, -0.8661849498748779, 0.4294271767139435, 1.390711784362793], [-0.5358420610427856, 0.4966210126876831, 0.6828183531761169, -0.32118678092956543], [0.0, 0.0, 0.0, 1.0]]}, "Bone.003": {"matrix": [[-0.5546786785125732, 0.3075750172138214, 0.7731292843818665, -1.1995127201080322], [0.5998672246932983, 0.7917341589927673, 0.11539603024721146, 0.3329938054084778], [-0.5766200423240662, 0.5277827978134155, -0.6236622333526611, -1.0127079486846924], [0.0, 0.0, 0.0, 1.0]]}, "finger4joint1": {"matrix": [[-0.43777504563331604, -0.8534414768218994, 0.2828252613544464, -1.0676801204681396], [-0.4161088764667511, 0.47117525339126587, 0.7777190208435059, 0.6723464727401733], [-0.7969983220100403, 0.2227797955274582, -0.5613934397697449, -0.7864899039268494], [0.0, 0.0, 0.0, 1.0]]}, "finger4joint2": {"matrix": [[-0.4516805112361908, -0.601963222026825, -0.6585016250610352, -1.9154537916183472], [-0.39010319113731384, -0.5305348634719849, 0.7525635957717896, 1.1403926610946655], [-0.802374005317688, 0.5968019962310791, 0.004804300609976053, -0.5651895999908447], [0.0, 0.0, 0.0, 1.0]]}, "finger4joint3": {"matrix": [[-0.39039698243141174, -0.03652511164546013, -0.9199214577674866, -2.166510581970215], [-0.3556189239025116, -0.9156763553619385, 0.1872742474079132, 0.9191262722015381], [-0.8491908311843872, 0.40025296807289124, 0.3444882035255432, -0.3162856698036194], [0.0, 0.0, 0.0, 1.0]]}}