{"root": {"matrix": [[0.5209051370620728, -0.8528029918670654, 0.03721410036087036, -5.960464477539063e-08], [-0.286415696144104, -0.21568317711353302, -0.9335131645202637, 0.0], [0.8041292428970337, 0.4756130874156952, -0.35660669207572937, 0.0], [0.0, 0.0, 0.0, 1.0]]}, "carpals": {"matrix": [[-0.08727361261844635, -0.6046878695487976, -0.7916663885116577, 0.33909207582473755], [0.9810271263122559, 0.08593165129423141, -0.17378495633602142, -0.7538843154907227], [0.1731150895357132, -0.7918131351470947, 0.5857157111167908, 2.3241472244262695], [0.0, 0.0, 0.0, 1.0]]}, "metacarpals": {"matrix": [[0.02814652770757675, -0.7665941119194031, -0.6415145397186279, -0.24987030029296875], [0.9885613918304443, 0.11647457629442215, -0.0958111509680748, -0.6701874732971191], [0.1481686383485794, -0.631479799747467, 0.7611038684844971, 1.5529258251190186], [0.0, 0.0, 0.0, 1.0]]}, "finger5joint1": {"matrix": [[-0.30448174476623535, -0.7811989188194275, -0.5449942946434021, -0.4283825755119324], [0.9437959790229797, -0.32468342781066895, -0.06188398599624634, -0.7377639412879944], [-0.1286066621541977, -0.533206045627594, 0.8361527323722839, 0.8534678220748901], [0.0, 0.0, 0.0, 1.0]]}, "finger5joint2": {"matrix": [[-0.38620078563690186, -0.9168503880500793, 0.10116098076105118, -1.253541350364685], [-0.07558947801589966, -0.0778438001871109, -0.9940956830978394, -1.080717921257019], [0.9193121194839478, -0.3915671706199646, -0.03924122080206871, 0.2902570366859436], [0.0, 0.0, 0.0, 1.0]]}, "finger5joint3": {"matrix": [[-0.47508811950683594, -0.8743086457252502, -0.09937310218811035, -1.8837246894836426], [-0.02768225222826004, 0.1277262270450592, -0.9914228320121765, -1.1342228651046753], [0.8795024156570435, -0.46826231479644775, -0.08488432317972183, 0.02111917734146118], [0.0, 0.0, 0.0, 1.0]]}, "Bone": {"matrix": [[0.8132156729698181, 0.0021443285513669252, -0.5819582343101501, -1.446736454963684], [0.04614504426717758, 0.9966070055961609, 0.06815412640571594, -0.48833832144737244], [0.5801298022270203, -0.0822782889008522, 0.8103576302528381, 0.5670106410980225], [0.0, 0.0, 0.0, 1.0]]}, "finger1joint1": {"matrix": [[0.4216516613960266, -0.7743450403213501, -0.47180426120758057, -1.444952130317688], [0.7300551533699036, 0.5985119342803955, -0.3298526108264923, 0.3410257399082184], [0.5378004312515259, -0.2053600698709488, 0.8176782727241516, 0.49853962659835815], [0.0, 0.0, 0.0, 1.0]]}, "finger1joint2": {"matrix": [[0.5606770515441895, -0.5903656482696533, -0.5806112289428711, -1.882595181465149], [0.7836989164352417, 0.6047097444534302, 0.1419229358434677, 0.6792916655540466], [0.2673149108886719, -0.5345971584320068, 0.8017159104347229, 0.3824745714664459], [0.0, 0.0, 0.0, 1.0]]}, "finger1joint3": {"matrix": [[0.5202736258506775, -0.08910150080919266, -0.8493385910987854, -2.1356751918792725], [0.7713273167610168, 0.47591760754585266, 0.422559529542923, 0.9385209083557129], [0.36656466126441956, -0.8749645948410034, 0.31633397936820984, 0.15330155193805695], [0.0, 0.0, 0.0, 1.0]]}, "Bone.001": {"matrix": [[0.6913363337516785, -0.4861242473125458, -0.5345436334609985, -1.4467365741729736], [0.38827505707740784, 0.8738734126091003, -0.29255321621894836, -0.48833832144737244], [0.6093408465385437, -0.005297086667269468, 0.7928904891014099, 0.5670105814933777], [0.0, 0.0, 0.0, 1.0]]}, "finger2joint1": {"matrix": [[0.18681734800338745, -0.35322174429893494, -0.9166969656944275, -1.7548828125], [0.9210927486419678, 0.38744205236434937, 0.03842391446232796, 0.06559580564498901], [0.3415950536727905, -0.85154128074646, 0.39773106575012207, 0.5636529326438904], [0.0, 0.0, 0.0, 1.0]]}, "finger2joint2": {"matrix": [[0.23802120983600616, -0.24516823887825012, -0.9398074746131897, -2.060472249984741], [0.9448471665382385, 0.28257012367248535, 0.16558320820331573, 0.40079087018966675], [0.22496601939201355, -0.9273867011070251, 0.2989043593406677, -0.1730571985244751], [0.0, 0.0, 0.0, 1.0]]}, "finger2joint3": {"matrix": [[0.29134631156921387, -0.05791374295949936, -0.9548627734184265, -2.1535422801971436], [0.9524216651916504, 0.11094637215137482, 0.2838723659515381, 0.5080591440200806], [0.08949866890907288, -0.9921373128890991, 0.0874822735786438, -0.5251083374023438], [0.0, 0.0, 0.0, 1.0]]}, "Bone.002": {"matrix": [[0.16489648818969727, -0.886543333530426, -0.43226128816604614, -1.4467365741729736], [0.8921768665313721, 0.3209221363067627, -0.3178510367870331, -0.48833829164505005], [0.4205111861228943, -0.3332408666610718, 0.8438724279403687, 0.5670106410980225], [0.0, 0.0, 0.0, 1.0]]}, "finger3joint1": {"matrix": [[0.1841958612203598, -0.7367171049118042, -0.6506301164627075, -1.8204234838485718], [0.9400919675827026, 0.3252575099468231, -0.10215002298355103, -0.3530663847923279], [0.2868782877922058, -0.5928364396095276, 0.7524929642677307, 0.4265463054180145], [0.0, 0.0, 0.0, 1.0]]}, "finger3joint2": {"matrix": [[0.09048649668693542, 0.1300404667854309, -0.987371027469635, -2.466658115386963], [0.9829416871070862, 0.1477394700050354, 0.10953826457262039, -0.0677565187215805], [0.16011838614940643, -0.9804398417472839, -0.11445363610982895, -0.09347891807556152], [0.0, 0.0, 0.0, 1.0]]}, "finger3joint3": {"matrix": [[0.2615770995616913, 0.5784117579460144, -0.7726687788963318, -2.382511615753174], [0.9566251039505005, -0.04900146275758743, 0.287170946598053, 0.02784278616309166], [0.1282414197921753, -0.814271867275238, -0.5661407113075256, -0.7279022336006165], [0.0, 0.0, 0.0, 1.0]]}, "Bone.003": {"matrix": [[-0.5786041617393494, -0.7312208414077759, 0.3612937331199646, -1.4467365741729736], [0.5895689725875854, -0.6810681819915771, -0.4342285096645355, -0.48833829164505005], [0.5635828375816345, -0.03823890909552574, 0.8251739740371704, 0.5670106410980225], [0.0, 0.0, 0.0, 1.0]]}, "finger4joint1": {"matrix": [[-0.23268145322799683, -0.5871798396110535, -0.7752926349639893, -1.7601521015167236], [0.9627814292907715, -0.2517887055873871, -0.09825488924980164, -0.7802573442459106], [-0.13751640915870667, -0.7692996859550476, 0.6239126324653625, 0.5506206750869751], [0.0, 0.0, 0.0, 1.0]]}, "finger4joint2": {"matrix": [[-0.2610079348087311, -0.03043478913605213, -0.9648565053939819, -2.3434324264526367], [0.9546797275543213, -0.15624265372753143, -0.25332674384117126, -1.0303739309310913], [-0.14304155111312866, -0.9872495532035828, 0.06983611732721329, -0.21357011795043945], [0.0, 0.0, 0.0, 1.0]]}, "finger4joint3": {"matrix": [[-0.24343208968639374, 0.3447490632534027, -0.9065806269645691, -2.356125593185425], [0.9679667353630066, 0.027097679674625397, -0.2496109902858734, -1.0955369472503662], [-0.06148665025830269, -0.938303530216217, -0.34030213952064514, -0.625315248966217], [0.0, 0.0, 0.0, 1.0]]}}