{"root": {"matrix": [[0.20599083602428436, 0.20486776530742645, 0.9568682909011841, 0.0], [-0.46068698167800903, 0.8830003142356873, -0.08987757563591003, 0.0], [-0.8633280396461487, -0.4223027527332306, 0.2762698531150818, -2.9802322387695312e-08], [0.0, 0.0, 0.0, 1.0]]}, "carpals": {"matrix": [[-0.35524696111679077, -0.8957582116127014, -0.2672388553619385, 0.5587936043739319], [-0.010099729523062706, -0.28219184279441833, 0.959304690361023, -0.16743195056915283], [-0.9347178339958191, 0.34348902106285095, 0.09120087325572968, -2.396810531616211], [0.0, 0.0, 0.0, 1.0]]}, "metacarpals": {"matrix": [[-0.8030107021331787, -0.5760259032249451, 0.1528649926185608, -0.31366944313049316], [-0.15509141981601715, 0.4496433734893799, 0.8796404004096985, -0.44228509068489075], [-0.5754306316375732, 0.6826526522636414, -0.4504051208496094, -2.0622544288635254], [0.0, 0.0, 0.0, 1.0]]}, "finger5joint1": {"matrix": [[-0.7277583479881287, -0.6359285116195679, 0.25683143734931946, -0.564372718334198], [-0.22428105771541595, 0.5745645761489868, 0.7871297597885132, -0.5203297138214111], [-0.6481248140335083, 0.5152378082275391, -0.5607709288597107, -1.3864351511001587], [0.0, 0.0, 0.0, 1.0]]}, "finger5joint2": {"matrix": [[0.46849921345710754, -0.8550786375999451, 0.22214467823505402, -1.236086368560791], [0.6666820645332336, 0.5071706175804138, 0.5461798906326294, 0.0865669846534729], [-0.5796921253204346, -0.10778526216745377, 0.8076750636100769, -0.8422037363052368], [0.0, 0.0, 0.0, 1.0]]}, "finger5joint3": {"matrix": [[0.373683363199234, -0.9249386787414551, 0.06963127106428146, -1.8238120079040527], [0.6800326108932495, 0.3242434859275818, 0.657587468624115, 0.43516308069229126], [-0.6308056712150574, -0.198378324508667, 0.7501531839370728, -0.9162883758544922], [0.0, 0.0, 0.0, 1.0]]}, "Bone": {"matrix": [[0.43006011843681335, -0.901617169380188, 0.04620138928294182, -1.213005781173706], [-0.54096519947052, -0.2163870930671692, 0.8127318024635315, 0.25973305106163025], [-0.7227755784988403, -0.3745171129703522, -0.5808030366897583, -0.9964442253112793], [0.0, 0.0, 0.0, 1.0]]}, "finger1joint1": {"matrix": [[-0.38964971899986267, -0.6044197082519531, -0.6948738694190979, -1.9633204936981201], [-0.053817883133888245, -0.7382749319076538, 0.672349214553833, 0.07965835928916931], [-0.9193893074989319, 0.2993772625923157, 0.25513991713523865, -1.308112621307373], [0.0, 0.0, 0.0, 1.0]]}, "finger1joint2": {"matrix": [[-0.14742152392864227, -0.08748316764831543, -0.985197126865387, -2.3049254417419434], [-0.2411876767873764, -0.9628316164016724, 0.12158755958080292, -0.33759868144989014], [-0.9592159986495972, 0.2555420696735382, 0.1208420842885971, -1.1389111280441284], [0.0, 0.0, 0.0, 1.0]]}, "finger1joint3": {"matrix": [[-0.2431282252073288, 0.3393307328224182, -0.9087041020393372, -2.342428207397461], [-0.19214749336242676, -0.935097873210907, -0.29777687788009644, -0.7503488063812256], [-0.9507723450660706, 0.10220731794834137, 0.29255008697509766, -1.0293644666671753], [0.0, 0.0, 0.0, 1.0]]}, "Bone.001": {"matrix": [[0.10193940252065659, -0.9230479001998901, 0.37093210220336914, -1.213005781173706], [-0.4824249744415283, 0.2802236080169678, 0.8299039006233215, 0.25973308086395264], [-0.8699851632118225, -0.26354700326919556, -0.41673555970191956, -0.9964442253112793], [0.0, 0.0, 0.0, 1.0]]}, "finger2joint1": {"matrix": [[-0.08063457161188126, -0.996735692024231, 0.003953529056161642, -1.798110842704773], [-0.1972237378358841, 0.019842835143208504, 0.9801574945449829, 0.4373622238636017], [-0.9770366549491882, 0.07825472950935364, -0.19818001985549927, -1.1635022163391113], [0.0, 0.0, 0.0, 1.0]]}, "finger2joint2": {"matrix": [[-0.17045947909355164, 0.003891907399520278, -0.9853568077087402, -2.660435676574707], [-0.28435277938842773, -0.9576436281204224, 0.04540843889117241, 0.4545292258262634], [-0.9434441924095154, 0.28792932629585266, 0.16434596478939056, -1.0958003997802734], [0.0, 0.0, 0.0, 1.0]]}, "finger2joint3": {"matrix": [[-0.08015724271535873, 0.9857260584831238, -0.1480487883090973, -2.6589581966400146], [-0.3952277898788452, -0.1677825152873993, -0.9031299352645874, 0.09099199622869492], [-0.9150789976119995, -0.01387923676520586, 0.40303540229797363, -0.9864976406097412], [0.0, 0.0, 0.0, 1.0]]}, "Bone.002": {"matrix": [[-0.5763884782791138, -0.6858276128768921, 0.4443157911300659, -1.213005781173706], [-0.16339550912380219, 0.6294662952423096, 0.7596538066864014, 0.25973305106163025], [-0.8006736636161804, 0.3652564287185669, -0.4748782813549042, -0.9964442253112793], [0.0, 0.0, 0.0, 1.0]]}, "finger3joint1": {"matrix": [[-0.7403505444526672, -0.23791025578975677, 0.6287126541137695, -1.5020889043807983], [-0.1968916654586792, 0.9710049033164978, 0.13558390736579895, 0.5250594019889832], [-0.6427401900291443, -0.02340869978070259, -0.7657265067100525, -0.8424849510192871], [0.0, 0.0, 0.0, 1.0]]}, "finger3joint2": {"matrix": [[-0.7924807071685791, -0.6080683469772339, -0.047190479934215546, -1.7107794284820557], [-0.045986607670784, -0.017580175772309303, 0.9987872838973999, 1.3768069744110107], [-0.6081609129905701, 0.7936897873878479, -0.014031104743480682, -0.8630186319351196], [0.0, 0.0, 0.0, 1.0]]}, "finger3joint3": {"matrix": [[-0.802437961101532, -0.19456574320793152, -0.5641252398490906, -2.104248523712158], [-0.2141067087650299, -0.7885331511497498, 0.5765185356140137, 1.3654311895370483], [-0.5570024847984314, 0.583403468132019, 0.5910910367965698, -0.3494375944137573], [0.0, 0.0, 0.0, 1.0]]}, "Bone.003": {"matrix": [[-0.4983683228492737, 0.347853422164917, 0.7941201329231262, -1.2130059003829956], [0.6236144304275513, 0.7801551818847656, 0.049627479165792465, 0.25973302125930786], [-0.6022740006446838, 0.5199576616287231, -0.6057310104370117, -0.9964442253112793], [0.0, 0.0, 0.0, 1.0]]}, "finger4joint1": {"matrix": [[-0.45589977502822876, -0.825610876083374, 0.33244800567626953, -1.0639090538024902], [-0.3925301134586334, 0.5217472314834595, 0.7574295401573181, 0.5941226482391357], [-0.7987962365150452, 0.21481600403785706, -0.5619416832923889, -0.7735802531242371], [0.0, 0.0, 0.0, 1.0]]}, "finger4joint2": {"matrix": [[-0.4682008922100067, -0.6600136756896973, -0.5875111222267151, -1.8840371370315552], [-0.36576756834983826, -0.4604886472225189, 0.8088039755821228, 1.1124050617218018], [-0.8043642044067383, 0.5935753583908081, -0.025810573250055313, -0.5601907968521118], [0.0, 0.0, 0.0, 1.0]]}, "finger4joint3": {"matrix": [[-0.40307143330574036, -0.054797105491161346, -0.9135262370109558, -2.159304141998291], [-0.33801552653312683, -0.9187096357345581, 0.2042490541934967, 0.9203522801399231], [-0.8504579067230225, 0.39111319184303284, 0.35178327560424805, -0.31263256072998047], [0.0, 0.0, 0.0, 1.0]]}}