{"root": {"matrix": [[0.2960338294506073, -0.4828861355781555, -0.8241267800331116, -2.9802322387695312e-08], [-0.9549236297607422, -0.12973058223724365, -0.2670033574104309, 0.0], [0.022017698734998703, 0.866020143032074, -0.4995240569114685, 0.0], [0.0, 0.0, 0.0, 1.0]]}, "carpals": {"matrix": [[0.8900764584541321, -0.4320838153362274, 0.14514580368995667, 0.28946954011917114], [0.2885158956050873, 0.7805900573730469, 0.5544703006744385, -2.2564992904663086], [-0.35287705063819885, -0.4516442120075226, 0.8194480538368225, 0.9536266922950745], [0.0, 0.0, 0.0, 1.0]]}, "metacarpals": {"matrix": [[0.09710181504487991, -0.6750750541687012, 0.7313308715820312, -0.1313774585723877], [-0.10322514176368713, 0.7240093946456909, 0.6820223927497864, -1.4962091445922852], [-0.9899068474769592, -0.1417173594236374, 0.0006179203628562391, 0.5137280225753784], [0.0, 0.0, 0.0, 1.0]]}, "finger5joint1": {"matrix": [[-0.049385227262973785, -0.8643903136253357, 0.5003902316093445, -0.8345059752464294], [0.1362854540348053, 0.49048346281051636, 0.8607274889945984, -1.3454885482788086], [-0.9894378185272217, 0.11070320010185242, 0.09358122199773788, 0.6062947511672974], [0.0, 0.0, 0.0, 1.0]]}, "finger5joint2": {"matrix": [[0.5137975215911865, -0.5557672381401062, -0.653555154800415, -1.74753737449646], [0.8556811213493347, 0.3868713080883026, 0.34371447563171387, -0.8274043798446655], [0.06181652843952179, -0.7358346581459045, 0.6743335127830505, 0.7232273817062378], [0.0, 0.0, 0.0, 1.0]]}, "finger5joint3": {"matrix": [[0.49486809968948364, -0.20222969353199005, -0.8451083898544312, -2.1295359134674072], [0.8678343892097473, 0.06536269932985306, 0.49253469705581665, -0.5614941716194153], [-0.04436657577753067, -0.9771542549133301, 0.2078479826450348, 0.2174624502658844], [0.0, 0.0, 0.0, 1.0]]}, "Bone": {"matrix": [[0.6176737546920776, -0.13447584211826324, 0.7748517990112305, -1.1853570938110352], [-0.7863191366195679, -0.08874773234128952, 0.611412763595581, -0.3658294379711151], [-0.013453897088766098, -0.9869346022605896, -0.1605580896139145, 0.2924678921699524], [0.0, 0.0, 0.0, 1.0]]}, "finger1joint1": {"matrix": [[0.6726595163345337, -0.7369152903556824, 0.06696980446577072, -1.2972662448883057], [-0.2665441036224365, -0.15687991678714752, 0.9509692192077637, -0.4396842122077942], [-0.690277636051178, -0.6575290560722351, -0.3019472658634186, -0.5288469195365906], [0.0, 0.0, 0.0, 1.0]]}, "finger1joint2": {"matrix": [[0.6349334716796875, -0.7546074390411377, -0.16561131179332733, -1.7137548923492432], [-0.5402262806892395, -0.5869057178497314, 0.6030728816986084, -0.5283492803573608], [-0.5522815585136414, -0.2934436500072479, -0.7803049087524414, -0.9004681706428528], [0.0, 0.0, 0.0, 1.0]]}, "finger1joint3": {"matrix": [[0.6421517729759216, -0.5139030814170837, -0.5688098669052124, -2.0372424125671387], [-0.45447641611099243, -0.8527660369873047, 0.25737300515174866, -0.7799462080001831], [-0.6173266768455505, 0.09323813021183014, -0.7811622023582458, -1.026262640953064], [0.0, 0.0, 0.0, 1.0]]}, "Bone.001": {"matrix": [[0.6225472092628479, -0.07617515325546265, 0.7788659334182739, -1.1853569746017456], [-0.6920503377914429, 0.4110828638076782, 0.5933604836463928, -0.3658294677734375], [-0.365377813577652, -0.9084095358848572, 0.2032015025615692, 0.2924678325653076], [0.0, 0.0, 0.0, 1.0]]}, "finger2joint1": {"matrix": [[0.3627868890762329, -0.42165106534957886, 0.8310210108757019, -1.2336432933807373], [-0.35307320952415466, 0.7630926370620728, 0.5413210391998291, -0.1052507758140564], [-0.8623946905136108, -0.4897955358028412, 0.12796632945537567, -0.28335803747177124], [0.0, 0.0, 0.0, 1.0]]}, "finger2joint2": {"matrix": [[0.24481414258480072, -0.5635099411010742, 0.7890008687973022, -1.598434329032898], [-0.33112671971321106, 0.716242790222168, 0.614288866519928, 0.5549379587173462], [-0.9112743735313416, -0.41164591908454895, -0.011246851645410061, -0.7071042060852051], [0.0, 0.0, 0.0, 1.0]]}, "finger2joint3": {"matrix": [[0.10708004236221313, -0.7530466318130493, 0.6491951942443848, -1.812351942062378], [-0.30034539103507996, 0.5979450345039368, 0.7431378364562988, 0.8268355131149292], [-0.9478006958961487, -0.27455806732177734, -0.1621461808681488, -0.863371729850769], [0.0, 0.0, 0.0, 1.0]]}, "Bone.002": {"matrix": [[0.380775511264801, -0.3945438265800476, 0.8362686038017273, -1.1853569746017456], [-0.21865712106227875, 0.8403289914131165, 0.49601998925209045, -0.3658294379711151], [-0.8984425663948059, -0.3717283308506012, 0.23370692133903503, 0.2924678325653076], [0.0, 0.0, 0.0, 1.0]]}, "finger3joint1": {"matrix": [[0.1861022412776947, 0.07712482661008835, 0.9794986844062805, -1.351661205291748], [-0.219858780503273, 0.9749037623405457, -0.03499041870236397, -0.011622309684753418], [-0.957615852355957, -0.208839550614357, 0.19838829338550568, 0.13578063249588013], [0.0, 0.0, 0.0, 1.0]]}, "finger3joint2": {"matrix": [[0.15781666338443756, -0.86606764793396, 0.4743635356426239, -1.2840087413787842], [-0.06141369789838791, 0.47084492444992065, 0.8800755739212036, 0.8435451984405518], [-0.9855568408966064, -0.16802290081977844, 0.02111881785094738, -0.04740956425666809], [0.0, 0.0, 0.0, 1.0]]}, "finger3joint3": {"matrix": [[0.03263188898563385, -0.9926146268844604, -0.116839699447155, -1.8444240093231201], [-0.18509899079799652, -0.12088160216808319, 0.9752566814422607, 1.1482197046279907], [-0.9821779131889343, -0.010197506286203861, -0.18767645955085754, -0.15613387525081635], [0.0, 0.0, 0.0, 1.0]]}, "Bone.003": {"matrix": [[0.5014312863349915, -0.039590589702129364, 0.864291250705719, -1.1853570938110352], [0.5532655119895935, 0.7826852798461914, -0.2851327061653137, -0.3658294379711151], [-0.665179431438446, 0.6211571097373962, 0.41436704993247986, 0.2924678921699524], [0.0, 0.0, 0.0, 1.0]]}, "finger4joint1": {"matrix": [[0.31359490752220154, -0.2784348726272583, 0.9078172445297241, -1.2023264169692993], [-0.44569557905197144, 0.801025390625, 0.3996413052082062, -0.030355334281921387], [-0.8384589552879333, -0.5299356579780579, 0.12710028886795044, 0.5587078928947449], [0.0, 0.0, 0.0, 1.0]]}, "finger4joint2": {"matrix": [[0.3246014714241028, -0.923111617565155, 0.20615212619304657, -1.4789122343063354], [-0.4194161295890808, 0.0548776239156723, 0.9061334729194641, 0.7653504610061646], [-0.8477756977081299, -0.3805958330631256, -0.36935457587242126, 0.03229151666164398], [0.0, 0.0, 0.0, 1.0]]}, "finger4joint3": {"matrix": [[0.39716199040412903, -0.809220016002655, -0.4329262375831604, -1.863907814025879], [-0.4357367753982544, -0.5814352035522461, 0.6870704889297485, 0.7882378697395325], [-0.8077099323272705, -0.08423644304275513, -0.5835309624671936, -0.1264408826828003], [0.0, 0.0, 0.0, 1.0]]}}