{"root": {"matrix": [[0.25928112864494324, -0.42395177483558655, -0.8677777647972107, 0.0], [-0.9642202854156494, -0.06222899630665779, -0.2576950490474701, -3.725290298461914e-09], [0.05524926260113716, 0.9035443663597107, -0.42491772770881653, 5.960464477539063e-08], [0.0, 0.0, 0.0, 1.0]]}, "carpals": {"matrix": [[0.8034049868583679, -0.4930119812488556, 0.33388546109199524, 0.26894769072532654], [0.24467821419239044, 0.7845646739006042, 0.5697283744812012, -2.212498188018799], [-0.5428377389907837, -0.3760281801223755, 0.7509526014328003, 1.0571205615997314], [0.0, 0.0, 0.0, 1.0]]}, "metacarpals": {"matrix": [[-0.07300198823213577, -0.5938743948936462, 0.8012388944625854, -0.21124303340911865], [-0.2957970201969147, 0.780127227306366, 0.5512759685516357, -1.4483368396759033], [-0.9524571895599365, -0.19675984978675842, -0.23261715471744537, 0.6908714771270752], [0.0, 0.0, 0.0, 1.0]]}, "finger5joint1": {"matrix": [[-0.03685880824923515, -0.8207117915153503, 0.5701521039009094, -0.866943359375], [-0.1717030256986618, 0.5672560930252075, 0.8054428100585938, -1.1780169010162354], [-0.9844589233398438, -0.06820912659168243, -0.16182707250118256, 0.8414012789726257], [0.0, 0.0, 0.0, 1.0]]}, "finger5joint2": {"matrix": [[0.5656867623329163, -0.5445157885551453, -0.6192741990089417, -1.7338382005691528], [0.7982155680656433, 0.17305898666381836, 0.5769764184951782, -0.5788400769233704], [-0.20700185000896454, -0.8207024335861206, 0.5325385332107544, 0.7693538665771484], [0.0, 0.0, 0.0, 1.0]]}, "finger5joint3": {"matrix": [[0.5456147789955139, -0.2578188478946686, -0.7973916530609131, -2.1081032752990723], [0.777904748916626, -0.19811013340950012, 0.5963352918624878, -0.45989057421684265], [-0.3117179572582245, -0.9456645250320435, 0.09246689826250076, 0.20525629818439484], [0.0, 0.0, 0.0, 1.0]]}, "Bone": {"matrix": [[0.5055550336837769, -0.2976379096508026, 0.8098306655883789, -1.1384458541870117], [-0.860247790813446, -0.24594534933567047, 0.44663646817207336, -0.23034168779850006], [0.06623813509941101, -0.9224545359611511, -0.380381315946579, 0.38367465138435364], [0.0, 0.0, 0.0, 1.0]]}, "finger1joint1": {"matrix": [[0.3576306700706482, -0.9337173700332642, 0.016496742144227028, -1.386136531829834], [-0.45761507749557495, -0.15982136130332947, 0.874668538570404, -0.43501436710357666], [-0.8140568733215332, -0.3203575313091278, -0.48444023728370667, -0.3839806318283081], [0.0, 0.0, 0.0, 1.0]]}, "finger1joint2": {"matrix": [[0.3542294502258301, -0.6140239238739014, -0.7053340673446655, -1.9138531684875488], [-0.6988970637321472, -0.6749593615531921, 0.23658478260040283, -0.5253419876098633], [-0.6213406920433044, 0.409150630235672, -0.6682301163673401, -0.5650397539138794], [0.0, 0.0, 0.0, 1.0]]}, "finger1joint3": {"matrix": [[0.30326396226882935, -0.12310248613357544, -0.9449215531349182, -2.177075147628784], [-0.6461089849472046, -0.7554292678833008, -0.10894693434238434, -0.8146859407424927], [-0.7004099488258362, 0.6435620188713074, -0.30863213539123535, -0.3896435499191284], [0.0, 0.0, 0.0, 1.0]]}, "Bone.001": {"matrix": [[0.4667971730232239, -0.16620004177093506, 0.8686068058013916, -1.1384458541870117], [-0.8336822390556335, 0.2450229525566101, 0.494911253452301, -0.23034167289733887], [-0.2950829267501831, -0.955165445804596, -0.024182017892599106, 0.383674681186676], [0.0, 0.0, 0.0, 1.0]]}, "finger2joint1": {"matrix": [[0.1628824770450592, -0.42688605189323425, 0.8895152807235718, -1.2437974214553833], [-0.5415180325508118, 0.7149507403373718, 0.4422703981399536, -0.07502567768096924], [-0.8247588276863098, -0.5537267923355103, -0.11471357941627502, -0.22178903222084045], [0.0, 0.0, 0.0, 1.0]]}, "finger2joint2": {"matrix": [[0.040708743035793304, -0.5560107827186584, 0.8301774859428406, -1.6131174564361572], [-0.5131897330284119, 0.7012649774551392, 0.49483659863471985, 0.543513298034668], [-0.857309103012085, -0.4461827278137207, -0.25679147243499756, -0.7008451819419861], [0.0, 0.0, 0.0, 1.0]]}, "finger2joint3": {"matrix": [[-0.09767559170722961, -0.7280452251434326, 0.6785348057746887, -1.824187994003296], [-0.47151824831962585, 0.6342702507972717, 0.6126754283905029, 0.8097249269485474], [-0.876430094242096, -0.2600981295108795, -0.405239462852478, -0.8702234029769897], [0.0, 0.0, 0.0, 1.0]]}, "Bone.002": {"matrix": [[0.20497526228427887, -0.34067919850349426, 0.9175634980201721, -1.1384457349777222], [-0.4343949854373932, 0.8084165453910828, 0.3971942067146301, -0.23034170269966125], [-0.8770895600318909, -0.47999998927116394, 0.01771603710949421, 0.3836747109889984], [0.0, 0.0, 0.0, 1.0]]}, "finger3joint1": {"matrix": [[0.007271985057741404, 0.01731247641146183, 0.9998236298561096, -1.2820454835891724], [-0.4129474461078644, 0.9106652140617371, -0.012765191495418549, 0.11041396856307983], [-0.9107258915901184, -0.4127817451953888, 0.013771415688097477, 0.18134987354278564], [0.0, 0.0, 0.0, 1.0]]}, "finger3joint2": {"matrix": [[-0.0288736242800951, -0.9114550948143005, 0.4103850722312927, -1.2668594121932983], [-0.2629457712173462, 0.4030223488807678, 0.8766026496887207, 0.9092327356338501], [-0.9643784761428833, -0.08259818702936172, -0.2512999475002289, -0.18073461949825287], [0.0, 0.0, 0.0, 1.0]]}, "finger3joint3": {"matrix": [[-0.14265947043895721, -0.9550508856773376, -0.25985804200172424, -1.8566440343856812], [-0.38629019260406494, -0.18799813091754913, 0.9030150771141052, 1.1700204610824585], [-0.9112783074378967, 0.22920435667037964, -0.3421069383621216, -0.23418229818344116], [0.0, 0.0, 0.0, 1.0]]}, "Bone.003": {"matrix": [[0.4555370509624481, 0.15575788915157318, 0.876484751701355, -1.1384458541870117], [0.3396298885345459, 0.8796961903572083, -0.3328450918197632, -0.23034170269966125], [-0.8228835463523865, 0.4493038058280945, 0.34783416986465454, 0.383674681186676], [0.0, 0.0, 0.0, 1.0]]}, "finger4joint1": {"matrix": [[0.19328927993774414, -0.37637802958488464, 0.9060787558555603, -1.0716849565505981], [-0.6732838749885559, 0.6208573579788208, 0.4015275537967682, 0.14671319723129272], [-0.7136720418930054, -0.6876592636108398, -0.1334042251110077, 0.5762550830841064], [0.0, 0.0, 0.0, 1.0]]}, "finger4joint2": {"matrix": [[0.2020711600780487, -0.965762734413147, 0.16269414126873016, -1.445563554763794], [-0.6509957909584045, -0.008342580869793892, 0.759035050868988, 0.7634474039077759], [-0.7316907048225403, -0.25929227471351624, -0.630393385887146, -0.1068374514579773], [0.0, 0.0, 0.0, 1.0]]}, "finger4joint3": {"matrix": [[0.2792500853538513, -0.8487781286239624, -0.4489932656288147, -1.8483473062515259], [-0.6590829491615295, -0.5094801783561707, 0.5532078742980957, 0.759968101978302], [-0.6983040571212769, 0.14144054055213928, -0.7016876339912415, -0.21497862040996552], [0.0, 0.0, 0.0, 1.0]]}}