{"root": {"matrix": [[0.30515235662460327, -0.4908560514450073, -0.8160529136657715, 0.0], [-0.952258288860321, -0.16563577950000763, -0.25645458698272705, 0.0], [-0.009285353124141693, 0.8553508520126343, -0.5179659128189087, 0.0], [0.0, 0.0, 0.0, 1.0]]}, "carpals": {"matrix": [[0.7607691287994385, -0.6127534508705139, 0.213923841714859, 0.30138200521469116], [0.40741264820098877, 0.7074498534202576, 0.5775198936462402, -2.286802053451538], [-0.5052177309989929, -0.3522041141986847, 0.7878496646881104, 0.8744657039642334], [0.0, 0.0, 0.0, 1.0]]}, "metacarpals": {"matrix": [[-0.054135512560606, -0.5371829867362976, 0.8417266011238098, -0.29543620347976685], [-0.20648795366287231, 0.8307645320892334, 0.5169067978858948, -1.597750186920166], [-0.9769502878189087, -0.1458234190940857, -0.15589570999145508, 0.5314210653305054], [0.0, 0.0, 0.0, 1.0]]}, "finger5joint1": {"matrix": [[0.00016167765716090798, -0.6794939041137695, 0.7336810231208801, -0.9387499690055847], [-0.14594610035419464, 0.7258090376853943, 0.6722354292869568, -1.3000653982162476], [-0.9892924427986145, -0.10718654841184616, -0.09905214607715607, 0.6837558150291443], [0.0, 0.0, 0.0, 1.0]]}, "finger5joint2": {"matrix": [[0.7834240794181824, -0.5218558311462402, -0.3375096917152405, -1.6564807891845703], [0.6187111735343933, 0.6036226153373718, 0.5028274655342102, -0.5334134101867676], [-0.05867501348257065, -0.6027482151985168, 0.7957709431648254, 0.5705375671386719], [0.0, 0.0, 0.0, 1.0]]}, "finger5joint3": {"matrix": [[0.7486725449562073, -0.46416690945625305, -0.4733264744281769, -2.0151703357696533], [0.6437353491783142, 0.33840301632881165, 0.6863580942153931, -0.11852239817380905], [-0.15840966999530792, -0.8185547590255737, 0.5521540641784668, 0.1562476009130478], [0.0, 0.0, 0.0, 1.0]]}, "Bone": {"matrix": [[0.4492396116256714, -0.2763034701347351, 0.8496116995811462, -1.1341279745101929], [-0.8933920860290527, -0.14513374865055084, 0.42518970370292664, -0.30069607496261597], [0.005825959146022797, -0.9500486254692078, -0.31204724311828613, 0.303750216960907], [0.0, 0.0, 0.0, 1.0]]}, "finger1joint1": {"matrix": [[0.1124858483672142, -0.9902642965316772, -0.08199647068977356, -1.3640642166137695], [-0.3413546681404114, -0.11600902676582336, 0.9327477812767029, -0.4214745759963989], [-0.9331793785095215, -0.07693108171224594, -0.3510808050632477, -0.4868685305118561], [0.0, 0.0, 0.0, 1.0]]}, "finger1joint2": {"matrix": [[0.15189208090305328, -0.5798631906509399, -0.8004295229911804, -1.9237401485443115], [-0.606739342212677, -0.6939888000488281, 0.38761648535728455, -0.48704037070274353], [-0.7802538275718689, 0.426776260137558, -0.45723727345466614, -0.5303483009338379], [0.0, 0.0, 0.0, 1.0]]}, "finger1joint3": {"matrix": [[0.0912199318408966, -0.13629509508609772, -0.9864596128463745, -2.1723179817199707], [-0.5384938716888428, -0.8400194644927979, 0.06626645475625992, -0.7845419645309448], [-0.8376772999763489, 0.5251576900482178, -0.15002062916755676, -0.3473963439464569], [0.0, 0.0, 0.0, 1.0]]}, "Bone.001": {"matrix": [[0.42612841725349426, -0.11401492357254028, 0.8974491953849792, -1.1341278553009033], [-0.8330503702163696, 0.33737489581108093, 0.4384116530418396, -0.30069607496261597], [-0.3527623116970062, -0.9344401955604553, 0.048784855753183365, 0.303750216960907], [0.0, 0.0, 0.0, 1.0]]}, "finger2joint1": {"matrix": [[0.18809404969215393, -0.4489690661430359, 0.8735257387161255, -1.2064001560211182], [-0.4827478528022766, 0.7322857975959778, 0.48032432794570923, -0.08683961629867554], [-0.8553214073181152, -0.5120389461517334, -0.07900027930736542, -0.2885761559009552], [0.0, 0.0, 0.0, 1.0]]}, "finger2joint2": {"matrix": [[0.06518931686878204, -0.5782289505004883, 0.8132659196853638, -1.5948251485824585], [-0.4568619132041931, 0.7072697281837463, 0.5394870042800903, 0.546696662902832], [-0.8871456384658813, -0.40671905875205994, -0.21806442737579346, -0.7315660119056702], [0.0, 0.0, 0.0, 1.0]]}, "finger2joint3": {"matrix": [[-0.0744924247264862, -0.7489511966705322, 0.658424437046051, -1.8143304586410522], [-0.4190899133682251, 0.6226339936256409, 0.660825252532959, 0.8151878118515015], [-0.9048835039138794, -0.22671259939670563, -0.3602595329284668, -0.8859633207321167], [0.0, 0.0, 0.0, 1.0]]}, "Bone.002": {"matrix": [[0.2117631435394287, -0.2720058262348175, 0.93870609998703, -1.1341278553009033], [-0.368659645318985, 0.8673015236854553, 0.33448126912117004, -0.30069607496261597], [-0.9051222801208496, -0.4168938994407654, 0.0833849161863327, 0.30375024676322937], [0.0, 0.0, 0.0, 1.0]]}, "finger3joint1": {"matrix": [[0.027738552540540695, -0.03693430870771408, 0.9989326000213623, -1.2487809658050537], [-0.3498534858226776, 0.9357555508613586, 0.0443132184445858, 0.06488025188446045], [-0.936393678188324, -0.3507091999053955, 0.01303485594689846, 0.12802526354789734], [0.0, 0.0, 0.0, 1.0]]}, "finger3joint2": {"matrix": [[-0.017223207280039787, -0.8896320462226868, 0.456353098154068, -1.2811791896820068], [-0.19894053041934967, 0.45034390687942505, 0.8704094886779785, 0.8857077360153198], [-0.9798601865768433, -0.07579577714204788, -0.18474023044109344, -0.17961037158966064], [0.0, 0.0, 0.0, 1.0]]}, "finger3joint3": {"matrix": [[-0.1378369778394699, -0.9544625282287598, -0.2645795941352844, -1.8568426370620728], [-0.3198871314525604, -0.2099141925573349, 0.9239090085029602, 1.1771163940429688], [-0.9373756647109985, 0.21198450028896332, -0.2763862609863281, -0.2286563217639923], [0.0, 0.0, 0.0, 1.0]]}, "Bone.003": {"matrix": [[0.5067721605300903, 0.1916664093732834, 0.840503454208374, -1.1341278553009033], [0.38004276156425476, 0.8254481554031372, -0.4173758029937744, -0.30069607496261597], [-0.7737889289855957, 0.5309417843818665, 0.3454727232456207, 0.303750216960907], [0.0, 0.0, 0.0, 1.0]]}, "finger4joint1": {"matrix": [[0.18621079623699188, -0.391909122467041, 0.9009620547294617, -1.051975965499878], [-0.5919187664985657, 0.6871572136878967, 0.42124396562576294, 0.05310702323913574], [-0.7841922044754028, -0.6117365956306458, -0.1040223017334938, 0.531322181224823], [0.0, 0.0, 0.0, 1.0]]}, "finger4joint2": {"matrix": [[0.1945410519838333, -0.9621362090110779, 0.1909124255180359, -1.4412825107574463], [-0.5677667260169983, 0.04826004058122635, 0.8217732310295105, 0.7357008457183838], [-0.7998714447021484, -0.2682623267173767, -0.5368804335594177, -0.07635188102722168], [0.0, 0.0, 0.0, 1.0]]}, "finger4joint3": {"matrix": [[0.27103257179260254, -0.8635766506195068, -0.425178200006485, -1.8425538539886475], [-0.5817738175392151, -0.49886852502822876, 0.6423929929733276, 0.7558283805847168], [-0.7668638229370117, 0.07324817776679993, -0.637615978717804, -0.1882341355085373], [0.0, 0.0, 0.0, 1.0]]}}