{"root": {"matrix": [[0.298892617225647, -0.5752952694892883, -0.7613793611526489, -5.960464477539063e-08], [-0.8347207307815552, 0.229069322347641, -0.5007679462432861, 0.0], [0.4624980390071869, 0.7852150201797485, -0.41174381971359253, 0.0], [0.0, 0.0, 0.0, 1.0]]}, "carpals": {"matrix": [[0.8795998096466064, -0.47296780347824097, 0.051043372601270676, 0.19842857122421265], [0.2434488832950592, 0.5397239923477173, 0.8058723211288452, -1.6071829795837402], [-0.4087010324001312, -0.696418821811676, 0.5898848176002502, 1.8607993125915527], [0.0, 0.0, 0.0, 1.0]]}, "metacarpals": {"matrix": [[0.20911096036434174, -0.6184977293014526, 0.7574517130851746, -0.2622392773628235], [-0.31745511293411255, 0.6896898150444031, 0.6508070230484009, -1.0814950466156006], [-0.9249295592308044, -0.37654781341552734, -0.05212349072098732, 1.1824915409088135], [0.0, 0.0, 0.0, 1.0]]}, "finger5joint1": {"matrix": [[0.24829396605491638, -0.8643365502357483, 0.437346875667572, -0.9634798765182495], [-0.18397095799446106, 0.40119221806526184, 0.8973288536071777, -0.8999285697937012], [-0.9510545134544373, -0.3032604455947876, -0.05939909443259239, 1.1513426303863525], [0.0, 0.0, 0.0, 1.0]]}, "finger5joint2": {"matrix": [[0.40740010142326355, -0.4360588490962982, -0.8024197220802307, -1.8764547109603882], [0.9010355472564697, 0.04870449751615524, 0.4310012757778168, -0.47616034746170044], [-0.1488603800535202, -0.898598849773407, 0.4127471148967743, 0.8310169577598572], [0.0, 0.0, 0.0, 1.0]]}, "finger5joint3": {"matrix": [[0.40846842527389526, -0.08146055787801743, -0.9091299176216125, -2.176172971725464], [0.8765464425086975, -0.2428060919046402, 0.41558486223220825, -0.4426840543746948], [-0.2545959949493408, -0.9666483402252197, -0.027774453163146973, 0.2133784145116806], [0.0, 0.0, 0.0, 1.0]]}, "Bone": {"matrix": [[0.57707279920578, -0.020234154537320137, 0.8164419531822205, -1.2278858423233032], [-0.782986581325531, -0.2979421317577362, 0.5460420846939087, -0.004697740077972412], [0.23220370709896088, -0.9543694257736206, -0.1877773106098175, 0.5945959091186523], [0.0, 0.0, 0.0, 1.0]]}, "finger1joint1": {"matrix": [[0.6801116466522217, -0.6193280816078186, 0.3922763466835022, -1.2447245121002197], [-0.48855894804000854, 0.01605052687227726, 0.8723829388618469, -0.252641499042511], [-0.5465877056121826, -0.7849681377410889, -0.2916620671749115, -0.19961854815483093], [0.0, 0.0, 0.0, 1.0]]}, "finger1joint2": {"matrix": [[0.5406364798545837, -0.7665895223617554, 0.3464861810207367, -1.5947551727294922], [-0.7311870455741882, -0.224512979388237, 0.6441731452941895, -0.24357008934020996], [-0.41602593660354614, -0.6016098856925964, -0.6819002032279968, -0.6432654857635498], [0.0, 0.0, 0.0, 1.0]]}, "finger1joint3": {"matrix": [[0.6007046699523926, -0.794862687587738, -0.08571577817201614, -1.92337965965271], [-0.6534589529037476, -0.5499334335327148, 0.5201579332351685, -0.33981508016586304], [-0.4605923295021057, -0.25644969940185547, -0.849757730960846, -0.901165783405304], [0.0, 0.0, 0.0, 1.0]]}, "Bone.001": {"matrix": [[0.6281940340995789, 0.051852211356163025, 0.7763268947601318, -1.2278858423233032], [-0.7674187421798706, 0.2057209312915802, 0.6072452664375305, -0.004697754979133606], [-0.12821973860263824, -0.9772358536720276, 0.16902515292167664, 0.5945959091186523], [0.0, 0.0, 0.0, 1.0]]}, "finger2joint1": {"matrix": [[0.40997567772865295, -0.44479507207870483, 0.7962896227836609, -1.1950175762176514], [-0.5023307800292969, 0.6185879111289978, 0.6041624546051025, 0.1257053017616272], [-0.7613037824630737, -0.6476927995681763, 0.030171822756528854, -0.024857938289642334], [0.0, 0.0, 0.0, 1.0]]}, "finger2joint2": {"matrix": [[0.29272350668907166, -0.5865254402160645, 0.7551825642585754, -1.579831600189209], [-0.49800655245780945, 0.580690324306488, 0.6440401673316956, 0.6608760356903076], [-0.8162734508514404, -0.564611554145813, -0.12211175262928009, -0.5852087140083313], [0.0, 0.0, 0.0, 1.0]]}, "finger2joint3": {"matrix": [[0.15486225485801697, -0.7740358114242554, 0.613910436630249, -1.8024863004684448], [-0.4836577773094177, 0.48244643211364746, 0.7302876114845276, 0.8813155889511108], [-0.8614479303359985, -0.41001659631729126, -0.2996557056903839, -0.7995445132255554], [0.0, 0.0, 0.0, 1.0]]}, "Bone.002": {"matrix": [[0.47413086891174316, -0.3074350655078888, 0.8250355124473572, -1.2278858423233032], [-0.41607901453971863, 0.7475824356079102, 0.51768559217453, -0.0046977698802948], [-0.7759369611740112, -0.5887305736541748, 0.22653473913669586, 0.5945958495140076], [0.0, 0.0, 0.0, 1.0]]}, "finger3joint1": {"matrix": [[0.2728637158870697, 0.0956595242023468, 0.9572850465774536, -1.3574728965759277], [-0.3835645616054535, 0.9233562350273132, 0.01706182025372982, 0.3104158043861389], [-0.8822832703590393, -0.37183600664138794, 0.2886419892311096, 0.34644001722335815], [0.0, 0.0, 0.0, 1.0]]}, "finger3joint2": {"matrix": [[0.2472129762172699, -0.9320732951164246, 0.26481151580810547, -1.2735620737075806], [-0.23310527205467224, 0.20805929601192474, 0.9499331116676331, 1.1203668117523193], [-0.9405039548873901, -0.29656463861465454, -0.16583603620529175, 0.020272329449653625], [0.0, 0.0, 0.0, 1.0]]}, "finger3joint3": {"matrix": [[0.1526077389717102, -0.8929706811904907, -0.42345523834228516, -1.8766883611679077], [-0.3789164125919342, -0.4485974609851837, 0.8094332814216614, 1.254997968673706], [-0.9127613306045532, 0.03692827746272087, -0.40682047605514526, -0.17162878811359406], [0.0, 0.0, 0.0, 1.0]]}, "Bone.003": {"matrix": [[0.6025117039680481, -0.07615403085947037, 0.7944685220718384, -1.2278859615325928], [0.38542813062667847, 0.899429202079773, -0.20608720183372498, -0.0046977698802948], [-0.69887375831604, 0.4303806722164154, 0.5712685585021973, 0.5945958495140076], [0.0, 0.0, 0.0, 1.0]]}, "finger4joint1": {"matrix": [[0.45523005723953247, -0.27274003624916077, 0.8475720286369324, -1.2605270147323608], [-0.6517056226730347, 0.5465406775474548, 0.5259016156196594, 0.3808150887489319], [-0.6066672801971436, -0.7917736768722534, 0.07105564326047897, 0.7790654301643372], [0.0, 0.0, 0.0, 1.0]]}, "finger4joint2": {"matrix": [[0.465140163898468, -0.8762367367744446, 0.12591102719306946, -1.5314557552337646], [-0.6287290453910828, -0.22687426209449768, 0.7437924146652222, 0.9237262010574341], [-0.6231725215911865, -0.42513176798820496, -0.6564438343048096, -0.007450103759765625], [0.0, 0.0, 0.0, 1.0]]}, "finger4joint3": {"matrix": [[0.5344765186309814, -0.7247146368026733, -0.4348832070827484, -1.8969016075134277], [-0.6185070872306824, -0.6860507726669312, 0.38312220573425293, 0.8291053771972656], [-0.5760064721107483, 0.06420842558145523, -0.8149192333221436, -0.184756800532341], [0.0, 0.0, 0.0, 1.0]]}}