{"root": {"matrix": [[0.5229090452194214, -0.848350465297699, 0.08287131041288376, -5.960464477539063e-08], [-0.22750620543956757, -0.23260104656219482, -0.9455885291099548, -1.4901161193847656e-08], [0.8214663863182068, 0.47560301423072815, -0.3146342635154724, 2.9802322387695312e-08], [0.0, 0.0, 0.0, 1.0]]}, "carpals": {"matrix": [[-0.12126382440328598, -0.5963793992996216, -0.7934900522232056, 0.3428489565849304], [0.9802985787391663, 0.05361080914735794, -0.19010600447654724, -0.6358639597892761], [0.15591518580913544, -0.800910234451294, 0.5781288743019104, 2.358626127243042], [0.0, 0.0, 0.0, 1.0]]}, "metacarpals": {"matrix": [[0.00156403798609972, -0.7643351554870605, -0.644817054271698, -0.23802101612091064], [0.9888140559196472, 0.09735334664583206, -0.11299968510866165, -0.5836473703384399], [0.1491449624300003, -0.6374274492263794, 0.7559376955032349, 1.5785443782806396], [0.0, 0.0, 0.0, 1.0]]}, "finger5joint1": {"matrix": [[-0.16616322100162506, -0.812717080116272, -0.5584625601768494, -0.4092212915420532], [0.9859872460365295, -0.1284395158290863, -0.10645287483930588, -0.6551093459129333], [0.014787668362259865, -0.5683255791664124, 0.8226706981658936, 0.8776459097862244], [0.0, 0.0, 0.0, 1.0]]}, "finger5joint2": {"matrix": [[-0.4160522520542145, -0.9049943089485168, -0.08879786729812622, -1.267671823501587], [-0.15294481813907623, 0.16590221226215363, -0.9742093682289124, -0.7907764315605164], [0.8963860273361206, -0.39174070954322815, -0.20743852853775024, 0.2773393392562866], [0.0, 0.0, 0.0, 1.0]]}, "finger5joint3": {"matrix": [[-0.49319887161254883, -0.8240379095077515, -0.27877527475357056, -1.8897061347961426], [-0.08292175084352493, 0.36353588104248047, -0.9278821349143982, -0.6767460107803345], [0.8659551739692688, -0.43451377749443054, -0.24762645363807678, 0.008082211017608643], [0.0, 0.0, 0.0, 1.0]]}, "Bone": {"matrix": [[0.807165265083313, -0.022819897159934044, -0.5898840427398682, -1.4313603639602661], [0.06646014004945755, 0.996412456035614, 0.052393730729818344, -0.431651771068573], [0.5865721702575684, -0.08149397373199463, 0.8057863116264343, 0.5833430290222168], [0.0, 0.0, 0.0, 1.0]]}, "finger1joint1": {"matrix": [[0.39683881402015686, -0.8059514164924622, -0.4392732083797455, -1.4503507614135742], [0.7480635046958923, 0.561299741268158, -0.3540387749671936, 0.3975503444671631], [0.5319021344184875, -0.18810774385929108, 0.8256484270095825, 0.5155247449874878], [0.0, 0.0, 0.0, 1.0]]}, "finger1joint2": {"matrix": [[0.527775228023529, -0.5928161144256592, -0.6082944273948669, -1.905856966972351], [0.8089564442634583, 0.5691353678703308, 0.14722220599651337, 0.7147847414016724], [0.25892630219459534, -0.5697838068008423, 0.7799381017684937, 0.40921035408973694], [0.0, 0.0, 0.0, 1.0]]}, "finger1joint3": {"matrix": [[0.4848495125770569, -0.02123265154659748, -0.8743396997451782, -2.159987449645996], [0.7982797026634216, 0.4191655218601227, 0.43249252438545227, 0.9587637186050415], [0.3573102355003357, -0.9076613783836365, 0.22018197178840637, 0.16495341062545776], [0.0, 0.0, 0.0, 1.0]]}, "Bone.001": {"matrix": [[0.6763074398040771, -0.5083644390106201, -0.533079206943512, -1.4313602447509766], [0.40531739592552185, 0.8611001968383789, -0.30695927143096924, -0.4316518306732178], [0.6150819063186646, -0.008467217907309532, 0.7884175777435303, 0.5833430290222168], [0.0, 0.0, 0.0, 1.0]]}, "finger2joint1": {"matrix": [[0.15251034498214722, -0.35775548219680786, -0.9212769865989685, -1.7536042928695679], [0.9340779185295105, 0.35670503973960876, 0.016111666336655617, 0.11418551206588745], [0.32286033034324646, -0.8630017638206482, 0.3885728716850281, 0.577975869178772], [0.0, 0.0, 0.0, 1.0]]}, "finger2joint2": {"matrix": [[0.20401544868946075, -0.24551700055599213, -0.9476807117462158, -2.0631158351898193], [0.9570056796073914, 0.25391441583633423, 0.1402408331632614, 0.42278850078582764], [0.2061985284090042, -0.9355471134185791, 0.2867637574672699, -0.16864925622940063], [0.0, 0.0, 0.0, 1.0]]}, "finger2joint3": {"matrix": [[0.2583653926849365, -0.051994822919368744, -0.9646468162536621, -2.156318426132202], [0.9634286761283875, 0.08733884245157242, 0.2533314824104309, 0.519178569316864], [0.07107941806316376, -0.9948205947875977, 0.07265879213809967, -0.5237982869148254], [0.0, 0.0, 0.0, 1.0]]}, "Bone.002": {"matrix": [[0.138595849275589, -0.8918448090553284, -0.4305853247642517, -1.4313604831695557], [0.8957105278968811, 0.29836225509643555, -0.3296703100204468, -0.4316518306732178], [0.42248544096946716, -0.33998870849609375, 0.840186595916748, 0.5833430290222168], [0.0, 0.0, 0.0, 1.0]]}, "finger3joint1": {"matrix": [[0.13516651093959808, -0.7464154362678528, -0.6516085863113403, -1.8072819709777832], [0.9537429213523865, 0.27624210715293884, -0.11859486252069473, -0.3058890998363495], [0.26852306723594666, -0.6054368615150452, 0.7492271661758423, 0.4400343894958496], [0.0, 0.0, 0.0, 1.0]]}, "finger3joint2": {"matrix": [[0.04061577841639519, 0.1238158792257309, -0.9914735555648804, -2.4620237350463867], [0.9892979860305786, 0.13419348001480103, 0.057284675538539886, -0.0635746419429779], [0.14014235138893127, -0.9831894636154175, -0.11704029887914658, -0.09104365110397339], [0.0, 0.0, 0.0, 1.0]]}, "finger3joint3": {"matrix": [[0.21285997331142426, 0.5765665173530579, -0.7888354659080505, -2.3819048404693604], [0.9709981083869934, -0.03486524894833565, 0.2365313321352005, 0.023259319365024567], [0.1088733896613121, -0.8163059949874878, -0.5672662854194641, -0.7272461652755737], [0.0, 0.0, 0.0, 1.0]]}, "Bone.003": {"matrix": [[-0.5979866981506348, -0.7131526470184326, 0.36582106351852417, -1.4313603639602661], [0.5739617943763733, -0.6995925307273865, -0.42560315132141113, -0.4316518008708954], [0.5594459176063538, -0.04453777149319649, 0.8276693820953369, 0.5833430290222168], [0.0, 0.0, 0.0, 1.0]]}, "finger4joint1": {"matrix": [[-0.26466110348701477, -0.5658209323883057, -0.7808973789215088, -1.7370315790176392], [0.9525973200798035, -0.27938950061798096, -0.12041427940130234, -0.7315107583999634], [-0.1500413566827774, -0.775749921798706, 0.6129432320594788, 0.5642533302307129], [0.0, 0.0, 0.0, 1.0]]}, "finger4joint2": {"matrix": [[-0.29259181022644043, -0.0649925023317337, -0.9540259838104248, -2.2990946769714355], [0.9434395432472229, -0.18229998648166656, -0.276926189661026, -1.0090447664260864], [-0.15592053532600403, -0.9810924530029297, 0.11465606838464737, -0.20634490251541138], [0.0, 0.0, 0.0, 1.0]]}, "finger4joint3": {"matrix": [[-0.27218908071517944, 0.26836317777633667, -0.9240637421607971, -2.326200485229492], [0.9592779278755188, 0.0003410876961424947, -0.28246283531188965, -1.0850753784179688], [-0.0754871517419815, -0.9633176326751709, -0.2575277090072632, -0.6155221462249756], [0.0, 0.0, 0.0, 1.0]]}}