{"root": {"matrix": [[0.45131412148475647, -0.5578978061676025, -0.6964665055274963, 0.0], [-0.8760114312171936, -0.12825217843055725, -0.46492505073547363, -1.4901161193847656e-08], [0.1700572371482849, 0.819939911365509, -0.5466068983078003, -5.960464477539063e-08], [0.0, 0.0, 0.0, 1.0]]}, "carpals": {"matrix": [[0.7452316880226135, -0.6328713297843933, -0.21000823378562927, 0.5528568625450134], [0.6300092935562134, 0.56509929895401, 0.532682478427887, -2.05434250831604], [-0.21844394505023956, -0.5292791128158569, 0.8198449015617371, 1.2486035823822021], [0.0, 0.0, 0.0, 1.0]]}, "metacarpals": {"matrix": [[0.33554673194885254, -0.7954396605491638, 0.504662275314331, -0.06355607509613037], [0.2718636989593506, 0.5946958661079407, 0.7565887570381165, -1.503939151763916], [-0.9019414186477661, -0.11667155474424362, 0.4157995581626892, 0.7330888509750366], [0.0, 0.0, 0.0, 1.0]]}, "finger5joint1": {"matrix": [[-0.052968401461839676, -0.9964277744293213, 0.06577212363481522, -0.7839677333831787], [0.5268979072570801, 0.02806234546005726, 0.8494648933410645, -1.5235034227371216], [-0.8482762575149536, 0.07965002208948135, 0.5235294699668884, 0.653721272945404], [0.0, 0.0, 0.0, 1.0]]}, "finger5joint2": {"matrix": [[0.03149312362074852, -0.46876081824302673, -0.8827632069587708, -1.8364667892456055], [0.8969771265983582, 0.4028986394405365, -0.1819453090429306, -1.4938619136810303], [0.44095316529273987, -0.7860886454582214, 0.4331565201282501, 0.7378534078598022], [0.0, 0.0, 0.0, 1.0]]}, "finger5joint3": {"matrix": [[0.036146070808172226, -0.1619299054145813, -0.986139714717865, -2.1586625576019287], [0.9393230676651001, 0.34234029054641724, -0.021784355863928795, -1.2169355154037476], [0.341123104095459, -0.9255168437957764, 0.16447889804840088, 0.19754712283611298], [0.0, 0.0, 0.0, 1.0]]}, "Bone": {"matrix": [[0.7921581268310547, 0.11367157846689224, 0.5996366739273071, -1.3054581880569458], [-0.6073952913284302, 0.2428334653377533, 0.7563745379447937, -0.5754538178443909], [-0.05963355675339699, -0.9633849263191223, 0.26140618324279785, 0.5509321689605713], [0.0, 0.0, 0.0, 1.0]]}, "finger1joint1": {"matrix": [[0.6686049699783325, -0.6483826041221619, 0.36409792304039, -1.210862159729004], [0.09480956196784973, 0.5599625110626221, 0.8230751156806946, -0.37337082624435425], [-0.7375488877296448, -0.5157922506332397, 0.43586671352386475, -0.25078484416007996], [0.0, 0.0, 0.0, 1.0]]}, "finger1joint2": {"matrix": [[0.5388386845588684, -0.772845983505249, 0.33520421385765076, -1.5773138999938965], [-0.17150212824344635, 0.2889368534088135, 0.9418609738349915, -0.05689214915037155], [-0.8247665166854858, -0.564999520778656, 0.02314569242298603, -0.5422995090484619], [0.0, 0.0, 0.0, 1.0]]}, "finger1joint3": {"matrix": [[0.5980042815208435, -0.7981797456741333, -0.07280005514621735, -1.9086203575134277], [-0.08571947365999222, -0.15400175750255585, 0.9843450784683228, 0.0669703260064125], [-0.7968958616256714, -0.5824023485183716, -0.160513237118721, -0.7845054864883423], [0.0, 0.0, 0.0, 1.0]]}, "Bone.001": {"matrix": [[0.8487376570701599, 0.018057625740766525, 0.5285055637359619, -1.3054581880569458], [-0.395734578371048, 0.6846126317977905, 0.6121267676353455, -0.5754538774490356], [-0.3507680296897888, -0.7286831140518188, 0.588202714920044, 0.5509321689605713], [0.0, 0.0, 0.0, 1.0]]}, "finger2joint1": {"matrix": [[0.8188495635986328, -0.5722858905792236, 0.04443052038550377, -1.2940118312835693], [0.08981545269489288, 0.20419202744960785, 0.9748016595840454, -0.14148911833763123], [-0.5669376850128174, -0.7942255139350891, 0.2186027467250824, 0.0890318751335144], [0.0, 0.0, 0.0, 1.0]]}, "finger2joint2": {"matrix": [[0.7561173439025879, -0.5834106802940369, -0.2965104877948761, -1.7891242504119873], [0.017442896962165833, -0.4349510669708252, 0.9002848863601685, 0.035167396068573], [-0.654203474521637, -0.6858931183815002, -0.3186976909637451, -0.5980915427207947], [0.0, 0.0, 0.0, 1.0]]}, "finger2joint3": {"matrix": [[0.7076610326766968, -0.41852328181266785, -0.5692573189735413, -2.010596752166748], [-0.11307327449321747, -0.8623828887939453, 0.4934670031070709, -0.12994712591171265], [-0.6974453330039978, -0.2848396599292755, -0.6575986742973328, -0.8584677577018738], [0.0, 0.0, 0.0, 1.0]]}, "Bone.002": {"matrix": [[0.6125176548957825, -0.5127039551734924, 0.6016283631324768, -1.3054581880569458], [0.18412236869335175, 0.8327199220657349, 0.5221840143203735, -0.5754538774490356], [-0.7687138319015503, -0.20907364785671234, 0.6044560670852661, 0.5509321689605713], [0.0, 0.0, 0.0, 1.0]]}, "finger3joint1": {"matrix": [[0.6119973659515381, 0.04823506996035576, 0.7893875241279602, -1.5215680599212646], [-0.17693647742271423, 0.9811880588531494, 0.07722076028585434, -0.22445404529571533], [-0.7708131074905396, -0.1869303286075592, 0.6090191006660461, 0.46280550956726074], [0.0, 0.0, 0.0, 1.0]]}, "finger3joint2": {"matrix": [[0.5808359384536743, -0.6365124583244324, 0.5074262619018555, -1.4792572259902954], [-0.022423408925533295, 0.6106101870536804, 0.7916135787963867, 0.6362259387969971], [-0.8137117624282837, -0.4711758494377136, 0.34039169549942017, 0.2988336980342865], [0.0, 0.0, 0.0, 1.0]]}, "finger3joint3": {"matrix": [[0.4549276828765869, -0.8489646911621094, 0.2688862085342407, -1.89113187789917], [-0.12490220367908478, 0.23812687397003174, 0.9631690382957458, 1.0313398838043213], [-0.8817257285118103, -0.47175681591033936, 0.002292998367920518, -0.006054893136024475], [0.0, 0.0, 0.0, 1.0]]}, "Bone.003": {"matrix": [[0.46905413269996643, -0.38173922896385193, 0.7964065670967102, -1.3054581880569458], [0.8323246240615845, 0.4926240146160126, -0.25408047437667847, -0.5754538774490356], [-0.29533645510673523, 0.7820464372634888, 0.5487983822822571, 0.5509321689605713], [0.0, 0.0, 0.0, 1.0]]}, "finger4joint1": {"matrix": [[0.6818474531173706, -0.1905789077281952, 0.706231951713562, -1.4690790176391602], [-0.22999100387096405, 0.8606486320495605, 0.45429885387420654, -0.36430564522743225], [-0.6943975687026978, -0.4721895456314087, 0.542999804019928, 0.8861324787139893], [0.0, 0.0, 0.0, 1.0]]}, "finger4joint2": {"matrix": [[0.6908098459243774, -0.617398202419281, 0.376299113035202, -1.6583924293518066], [-0.20138630270957947, 0.3355489671230316, 0.9202443957328796, 0.4906274676322937], [-0.6944242119789124, -0.711495578289032, 0.10746514052152634, 0.41707873344421387], [0.0, 0.0, 0.0, 1.0]]}, "finger4joint3": {"matrix": [[0.7341618537902832, -0.6763820648193359, 0.05927388742566109, -1.9158861637115479], [-0.24202243983745575, -0.1791306734085083, 0.9535914659500122, 0.630572497844696], [-0.6343745589256287, -0.7144363522529602, -0.29521051049232483, 0.12034033238887787], [0.0, 0.0, 0.0, 1.0]]}}