{"root": {"matrix": [[0.42301520705223083, -0.0074025592766702175, 0.9060923457145691, 0.0], [-0.008850706741213799, 0.9998851418495178, 0.01230083592236042, 5.960464477539063e-08], [-0.9060793519020081, -0.013222922571003437, 0.42290112376213074, 0.0], [0.0, 0.0, 0.0, 1.0]]}, "carpals": {"matrix": [[-0.30775484442710876, -0.9248533248901367, -0.22345682978630066, 0.8475234508514404], [0.16661947965621948, -0.28361251950263977, 0.9443525075912476, 0.9573053121566772], [-0.9367629289627075, 0.2533966600894928, 0.24138176441192627, -2.109562873840332], [0.0, 0.0, 0.0, 1.0]]}, "metacarpals": {"matrix": [[-0.6640870571136475, -0.733721137046814, 0.1436709761619568, -0.05327808856964111], [0.08049202710390091, 0.1208825334906578, 0.9893979430198669, 0.6810684204101562], [-0.743309736251831, 0.668610692024231, -0.02121773548424244, -1.8627560138702393], [0.0, 0.0, 0.0, 1.0]]}, "finger5joint1": {"matrix": [[-0.560964822769165, -0.7829164862632751, 0.2689979672431946, -0.41456735134124756], [0.05038388818502426, 0.2920486629009247, 0.9550752639770508, 0.32892265915870667], [-0.8263049721717834, 0.5493167638778687, -0.12438256293535233, -1.3420467376708984], [0.0, 0.0, 0.0, 1.0]]}, "finger5joint2": {"matrix": [[0.510102391242981, -0.858825147151947, -0.047054000198841095, -1.2415404319763184], [0.8487666249275208, 0.49376246333122253, 0.18919137120246887, 0.637405514717102], [-0.13924871385097504, -0.13644511997699738, 0.9808120131492615, -0.7618187069892883], [0.0, 0.0, 0.0, 1.0]]}, "finger5joint3": {"matrix": [[0.42951223254203796, -0.8698163032531738, -0.24277156591415405, -1.8318411111831665], [0.8794465661048889, 0.3418075144290924, 0.3312714993953705, 0.9767858386039734], [-0.2051641345024109, -0.35579022765159607, 0.911767840385437, -0.8556022047996521], [0.0, 0.0, 0.0, 1.0]]}, "Bone": {"matrix": [[0.6075270771980286, -0.7912068367004395, 0.0700160339474678, -1.1988203525543213], [-0.19023559987545013, -0.059354379773139954, 0.9799424409866333, 0.8697996139526367], [-0.7711814641952515, -0.608661413192749, -0.18657507002353668, -0.8188691139221191], [0.0, 0.0, 0.0, 1.0]]}, "finger1joint1": {"matrix": [[-0.5436509847640991, -0.8251526355743408, -0.15351369976997375, -1.857253074645996], [0.09347279369831085, -0.24129080772399902, 0.9659406542778015, 0.8204056024551392], [-0.8340901732444763, 0.5107851028442383, 0.20830732583999634, -1.3253896236419678], [0.0, 0.0, 0.0, 1.0]]}, "finger1joint2": {"matrix": [[-0.45448583364486694, -0.19169414043426514, -0.8698825836181641, -2.3236114978790283], [-0.20024634897708893, -0.9295847415924072, 0.30947282910346985, 0.6840332746505737], [-0.8679540157318115, 0.31484177708625793, 0.3840968906879425, -1.0367048978805542], [0.0, 0.0, 0.0, 1.0]]}, "finger1joint3": {"matrix": [[-0.5329045653343201, 0.5913609862327576, -0.6052310466766357, -2.405787467956543], [-0.13363638520240784, -0.765096127986908, -0.6298960447311401, 0.2855355739593506], [-0.8355562090873718, -0.25479355454444885, 0.48675045371055603, -0.9017373919487], [0.0, 0.0, 0.0, 1.0]]}, "Bone.001": {"matrix": [[0.3077865242958069, -0.8824501633644104, 0.3557369112968445, -1.1988204717636108], [-0.08213500678539276, 0.347848504781723, 0.933945894241333, 0.8697996139526367], [-0.9479034543037415, -0.3166745901107788, 0.03458314761519432, -0.8188691139221191], [0.0, 0.0, 0.0, 1.0]]}, "finger2joint1": {"matrix": [[-0.4317045509815216, -0.41071072220802307, -0.8030862212181091, -1.7581913471221924], [0.20047812163829803, -0.9117442965507507, 0.358511745929718, 1.0902950763702393], [-0.8794540762901306, -0.0062301806174218655, 0.4759426712989807, -1.019603967666626], [0.0, 0.0, 0.0, 1.0]]}, "finger2joint2": {"matrix": [[-0.3910066485404968, -0.25369203090667725, -0.8847337365150452, -2.1135172843933105], [0.08321376889944077, -0.9670692086219788, 0.2405250370502472, 0.30150049924850464], [-0.9166183471679688, 0.020424777641892433, 0.3992410898208618, -1.0249940156936646], [0.0, 0.0, 0.0, 1.0]]}, "finger2joint3": {"matrix": [[-0.33689600229263306, 0.0046610464341938496, -0.9415301084518433, -2.2098228931427], [-0.050082407891750336, -0.9986606240272522, 0.012976490892469883, -0.06561484932899475], [-0.9402088522911072, 0.051525797694921494, 0.33667808771133423, -1.0172404050827026], [0.0, 0.0, 0.0, 1.0]]}, "Bone.002": {"matrix": [[-0.40032315254211426, -0.8009461164474487, 0.44522619247436523, -1.1988204717636108], [0.1689850240945816, 0.41300076246261597, 0.8949158191680908, 0.8697996139526367], [-0.900658369064331, 0.4334920048713684, -0.02998572774231434, -0.8188691139221191], [0.0, 0.0, 0.0, 1.0]]}, "finger3joint1": {"matrix": [[-0.5862627029418945, -0.3259766399860382, 0.7416433691978455, -1.53642737865448], [0.07098457962274551, 0.8912813067436218, 0.44786015152931213, 1.0438835620880127], [-0.8070052266120911, 0.31520897150039673, -0.4993855655193329, -0.6361478567123413], [0.0, 0.0, 0.0, 1.0]]}, "finger3joint2": {"matrix": [[-0.6587550044059753, -0.6506322622299194, -0.37778177857398987, -1.8223680257797241], [0.19359521567821503, -0.6318130493164062, 0.7505552172660828, 1.825698971748352], [-0.7270232439041138, 0.421295166015625, 0.5421693325042725, -0.35965240001678467], [0.0, 0.0, 0.0, 1.0]]}, "finger3joint3": {"matrix": [[-0.617301881313324, 0.23316101729869843, -0.7513813376426697, -2.2433793544769287], [0.03303300589323044, -0.9465495944023132, -0.3208623230457306, 1.4168652296066284], [-0.7860326766967773, -0.2228892296552658, 0.5766047239303589, -0.08704059571027756], [0.0, 0.0, 0.0, 1.0]]}, "Bone.003": {"matrix": [[-0.43955177068710327, 0.16633328795433044, 0.8826818466186523, -1.1988204717636108], [0.8069781064987183, 0.5046667456626892, 0.30675363540649414, 0.8697996735572815], [-0.39443686604499817, 0.8471391797065735, -0.3560543656349182, -0.8188691139221191], [0.0, 0.0, 0.0, 1.0]]}, "finger4joint1": {"matrix": [[-0.3073500394821167, -0.9264540076255798, 0.21729791164398193, -1.1275267601013184], [0.008612092584371567, 0.2256334275007248, 0.9741740822792053, 1.0861095190048218], [-0.9515575170516968, 0.30128371715545654, -0.06136969104409218, -0.45576876401901245], [0.0, 0.0, 0.0, 1.0]]}, "finger4joint2": {"matrix": [[-0.324253112077713, -0.4594528079032898, -0.8268992900848389, -2.047828197479248], [0.03259189799427986, -0.8790353536605835, 0.4756409823894501, 1.3102445602416992], [-0.9454085826873779, 0.12727777659893036, 0.3000043034553528, -0.1564858853816986], [0.0, 0.0, 0.0, 1.0]]}, "finger4joint3": {"matrix": [[-0.27280718088150024, 0.14952896535396576, -0.9503771066665649, -2.2394490242004395], [0.09858828783035278, -0.9783021211624146, -0.18222256004810333, 0.9436315298080444], [-0.9570037722587585, -0.14340771734714508, 0.252145916223526, -0.10340305417776108], [0.0, 0.0, 0.0, 1.0]]}}