{"root": {"matrix": [[0.36342287063598633, -0.8588138222694397, -0.36105772852897644, 0.0], [-0.3606634736061096, 0.22763927280902863, -0.904490053653717, 1.4901161193847656e-08], [0.8589794039726257, 0.45893269777297974, -0.22701352834701538, 0.0], [0.0, 0.0, 0.0, 1.0]]}, "carpals": {"matrix": [[0.846299946308136, -0.36082279682159424, -0.39189690351486206, 0.02184280753135681], [0.4176676869392395, -0.007189652416855097, 0.9085712432861328, -0.49112552404403687], [-0.3306507468223572, -0.93260657787323, 0.1446196287870407, 2.417292594909668], [0.0, 0.0, 0.0, 1.0]]}, "metacarpals": {"matrix": [[0.2955414652824402, -0.686141312122345, 0.6647294163703918, -0.3295964002609253], [-0.44388270378112793, 0.5175148248672485, 0.7315369248390198, -0.49812817573547363], [-0.8459451794624329, -0.5112612843513489, -0.15161903202533722, 1.5089393854141235], [0.0, 0.0, 0.0, 1.0]]}, "finger5joint1": {"matrix": [[0.4107249081134796, -0.736867368221283, 0.536965012550354, -1.0464617013931274], [-0.42717912793159485, 0.36477237939834595, 0.8273202776908875, -0.4258427023887634], [-0.8054954409599304, -0.5691812038421631, -0.1649530827999115, 1.4279837608337402], [0.0, 0.0, 0.0, 1.0]]}, "finger5joint2": {"matrix": [[0.5631190538406372, -0.42651766538619995, -0.7077988386154175, -1.8247944116592407], [0.8167580962181091, 0.15696759521961212, 0.5552178621292114, -0.04054374247789383], [-0.12570862472057343, -0.8907541632652283, 0.4367535710334778, 0.826773464679718], [0.0, 0.0, 0.0, 1.0]]}, "finger5joint3": {"matrix": [[0.5589515566825867, -0.19798074662685394, -0.8052181601524353, -2.117954969406128], [0.7960337400436401, -0.14377698302268982, 0.5879268050193787, 0.06734558939933777], [-0.23216991126537323, -0.9696035981178284, 0.07723529636859894, 0.2145269215106964], [0.0, 0.0, 0.0, 1.0]]}, "Bone": {"matrix": [[0.6648513078689575, 0.06740167737007141, 0.7439284920692444, -1.4008535146713257], [-0.6398582458496094, -0.46248966455459595, 0.613746166229248, 0.309856116771698], [0.3854266405105591, -0.884058952331543, -0.2643592357635498, 0.7107186317443848], [0.0, 0.0, 0.0, 1.0]]}, "finger1joint1": {"matrix": [[0.6388849020004272, -0.46960946917533875, 0.609338104724884, -1.3447625637054443], [-0.5533652305603027, 0.26971226930618286, 0.7880620956420898, -0.07502204179763794], [-0.5344276428222656, -0.8406674861907959, -0.08755026757717133, -0.024984359741210938], [0.0, 0.0, 0.0, 1.0]]}, "finger1joint2": {"matrix": [[0.4322950541973114, -0.6711618304252625, 0.6022148132324219, -1.6101758480072021], [-0.7723042964935303, 0.06916486471891403, 0.631476104259491, 0.07741347700357437], [-0.46547505259513855, -0.7380771040916443, -0.4884413778781891, -0.5001113414764404], [0.0, 0.0, 0.0, 1.0]]}, "finger1joint3": {"matrix": [[0.5153909921646118, -0.8284553289413452, 0.21916623413562775, -1.8978917598724365], [-0.7063969969749451, -0.26592355966567993, 0.6559631824493408, 0.10706331580877304], [-0.48515501618385315, -0.4928959608078003, -0.7222728133201599, -0.8165128231048584], [0.0, 0.0, 0.0, 1.0]]}, "Bone.001": {"matrix": [[0.7312427759170532, 0.07216896861791611, 0.6782886385917664, -1.4008533954620361], [-0.6814749836921692, 0.034160029143095016, 0.7310434579849243, 0.3098561465740204], [0.029588162899017334, -0.9968070983886719, 0.07416077703237534, 0.7107186317443848], [0.0, 0.0, 0.0, 1.0]]}, "finger2joint1": {"matrix": [[0.7622995376586914, -0.6171122193336487, 0.1951197236776352, -1.3551065921783447], [-0.4480404555797577, -0.2855907678604126, 0.8471701741218567, 0.33150961995124817], [-0.46707481145858765, -0.7332190871238708, -0.4941968321800232, 0.07885891199111938], [0.0, 0.0, 0.0, 1.0]]}, "finger2joint2": {"matrix": [[0.6820627450942993, -0.5516701936721802, -0.4800523817539215, -1.889000654220581], [-0.5483952164649963, -0.820118248462677, 0.1633046269416809, 0.08443108201026917], [-0.48379021883010864, 0.1518743336200714, -0.8619053959846497, -0.5554847717285156], [0.0, 0.0, 0.0, 1.0]]}, "finger2joint3": {"matrix": [[0.6544339060783386, -0.23197343945503235, -0.7196556925773621, -2.098423719406128], [-0.6512250304222107, -0.6565609574317932, -0.3805696368217468, -0.22689929604530334], [-0.3842160105705261, 0.7177154421806335, -0.5807427763938904, -0.4978308081626892], [0.0, 0.0, 0.0, 1.0]]}, "Bone.002": {"matrix": [[0.5636887550354004, -0.3755398094654083, 0.7356798052787781, -1.4008533954620361], [-0.4760587513446808, 0.5801451802253723, 0.6609079837799072, 0.3098561465740204], [-0.6749985814094543, -0.722773015499115, 0.14824242889881134, 0.7107186317443848], [0.0, 0.0, 0.0, 1.0]]}, "finger3joint1": {"matrix": [[0.3655674457550049, 0.18416282534599304, 0.9123839735984802, -1.5591472387313843], [-0.49213695526123047, 0.870251476764679, 0.021527478471398354, 0.5543931126594543], [-0.7900391221046448, -0.4568873345851898, 0.40876880288124084, 0.4060625433921814], [0.0, 0.0, 0.0, 1.0]]}, "finger3joint2": {"matrix": [[0.35441598296165466, -0.9131403565406799, 0.20140500366687775, -1.3976030349731445], [-0.3487992584705353, 0.07074221223592758, 0.9345236420631409, 1.3177616596221924], [-0.8675992488861084, -0.40145987272262573, -0.2934302091598511, 0.005289405584335327], [0.0, 0.0, 0.0, 1.0]]}, "finger3joint3": {"matrix": [[0.26975217461586, -0.5499444007873535, -0.790439784526825, -1.988478183746338], [-0.4970398247241974, -0.7825828194618225, 0.37485378980636597, 1.3635375499725342], [-0.8247334361076355, 0.2917621433734894, -0.4844474196434021, -0.25448736548423767], [0.0, 0.0, 0.0, 1.0]]}, "Bone.003": {"matrix": [[0.5791683793067932, -0.2176462560892105, 0.7856169939041138, -1.4008535146713257], [0.3363618850708008, 0.9416443705558777, 0.012901060283184052, 0.3098560869693756], [-0.7425795793533325, 0.2567799687385559, 0.6185785531997681, 0.7107186317443848], [0.0, 0.0, 0.0, 1.0]]}, "finger4joint1": {"matrix": [[0.5865474939346313, -0.11764876544475555, 0.8013243079185486, -1.494140863418579], [-0.7395479083061218, 0.3255702257156372, 0.5891285538673401, 0.7134631872177124], [-0.33019787073135376, -0.9381695985794067, 0.10395562648773193, 0.82077956199646], [0.0, 0.0, 0.0, 1.0]]}, "finger4joint2": {"matrix": [[0.5990607738494873, -0.7898088097572327, 0.13163599371910095, -1.6110084056854248], [-0.7203763723373413, -0.4598604142665863, 0.5192165374755859, 1.036871314048767], [-0.3495478928089142, -0.40586981177330017, -0.8444438576698303, -0.11115968227386475], [0.0, 0.0, 0.0, 1.0]]}, "finger4joint3": {"matrix": [[0.6606510877609253, -0.6141708493232727, -0.4316643476486206, -1.9404083490371704], [-0.687174916267395, -0.7262590527534485, -0.018384458497166634, 0.8450806140899658], [-0.30220919847488403, 0.30877450108528137, -0.9018466472625732, -0.28043293952941895], [0.0, 0.0, 0.0, 1.0]]}}