{"root": {"matrix": [[0.4186115562915802, -0.46483922004699707, -0.7801851630210876, 0.0], [-0.906852662563324, -0.26012757420539856, -0.3315899074077606, 0.0], [-0.048811741173267365, 0.8463203310966492, -0.5304331183433533, 5.960464477539063e-08], [0.0, 0.0, 0.0, 1.0]]}, "carpals": {"matrix": [[0.6654325127601624, -0.7347184419631958, -0.13186445832252502, 0.5794003009796143], [0.7109215259552002, 0.569929838180542, 0.41203176975250244, -2.2681612968444824], [-0.22757387161254883, -0.36792469024658203, 0.9015771150588989, 0.7776402831077576], [0.0, 0.0, 0.0, 1.0]]}, "metacarpals": {"matrix": [[0.3303830027580261, -0.7321681380271912, 0.5956314206123352, -0.13621103763580322], [0.40241163969039917, 0.680105447769165, 0.612797737121582, -1.7130531072616577], [-0.8537632822990417, 0.037231020629405975, 0.5193283557891846, 0.41928383708000183], [0.0, 0.0, 0.0, 1.0]]}, "finger5joint1": {"matrix": [[0.4889458417892456, -0.8693631887435913, -0.07169052958488464, -0.8570312857627869], [0.511350691318512, 0.2190675586462021, 0.8309810161590576, -1.6476322412490845], [-0.7067193388938904, -0.44296377897262573, 0.5516617298126221, 0.3767017722129822], [0.0, 0.0, 0.0, 1.0]]}, "finger5joint2": {"matrix": [[-0.14304248988628387, -0.5266563296318054, -0.8379567861557007, -1.7753156423568726], [0.8857274651527405, 0.3096659481525421, -0.3458225131034851, -1.4162373542785645], [0.4416164755821228, -0.791668713092804, 0.42217880487442017, -0.09118866920471191], [0.0, 0.0, 0.0, 1.0]]}, "finger5joint3": {"matrix": [[-0.14523307979106903, -0.2170509397983551, -0.965295672416687, -2.1373047828674316], [0.928458034992218, 0.30721384286880493, -0.20876917243003845, -1.2033931016921997], [0.3418659269809723, -0.9265570044517517, 0.15690523386001587, -0.6353302597999573], [0.0, 0.0, 0.0, 1.0]]}, "Bone": {"matrix": [[0.7213843464851379, 0.10466668009757996, 0.6845797300338745, -1.27932870388031], [-0.6591445207595825, 0.407010555267334, 0.6323531270027161, -0.6512197256088257], [-0.21244484186172485, -0.9074068069458008, 0.36260154843330383, 0.47741180658340454], [0.0, 0.0, 0.0, 1.0]]}, "finger1joint1": {"matrix": [[0.6634010076522827, -0.675983726978302, 0.32085034251213074, -1.192226529121399], [0.17737574875354767, 0.558639407157898, 0.8102218508720398, -0.31251057982444763], [-0.7269365191459656, -0.4805910885334015, 0.4905051290988922, -0.27772092819213867], [0.0, 0.0, 0.0, 1.0]]}, "finger1joint2": {"matrix": [[0.5476019978523254, -0.8003661036491394, 0.24402068555355072, -1.5742778778076172], [-0.08893328160047531, 0.23430879414081573, 0.9680856466293335, 0.0032203271985054016], [-0.8319993019104004, -0.5518273115158081, 0.05712877959012985, -0.5493406653404236], [0.0, 0.0, 0.0, 1.0]]}, "finger1joint3": {"matrix": [[0.5984918475151062, -0.7741797566413879, -0.20604167878627777, -1.9173815250396729], [0.0010289809433743358, -0.25644615292549133, 0.9665578007698059, 0.10366465151309967], [-0.8011282682418823, -0.5786890387535095, -0.15268434584140778, -0.7858998775482178], [0.0, 0.0, 0.0, 1.0]]}, "Bone.001": {"matrix": [[0.7896317839622498, 0.06428790837526321, 0.6102036833763123, -1.2793289422988892], [-0.4031311273574829, 0.8040859699249268, 0.436955988407135, -0.6512197256088257], [-0.46256527304649353, -0.5910265445709229, 0.6608484387397766, 0.47741180658340454], [0.0, 0.0, 0.0, 1.0]]}, "finger2joint1": {"matrix": [[0.40585392713546753, -0.6015742421150208, 0.6880339980125427, -1.2385777235031128], [0.3008992373943329, 0.7988045811653137, 0.5209323167800903, -0.1415228247642517], [-0.862984299659729, -0.0043935589492321014, 0.505211353302002, 0.10276975482702255], [0.0, 0.0, 0.0, 1.0]]}, "finger2joint2": {"matrix": [[0.28446274995803833, -0.8979090452194214, -0.33591681718826294, -1.7590291500091553], [0.3224698603153229, -0.2403581142425537, 0.9155548810958862, 0.5495621562004089], [-0.9028255343437195, -0.36876440048217773, 0.2211756706237793, 0.09896866977214813], [0.0, 0.0, 0.0, 1.0]]}, "finger2joint3": {"matrix": [[0.2084673047065735, -0.20019403100013733, -0.9573209881782532, -2.0998899936676025], [0.20966728031635284, -0.9469217658042908, 0.24367664754390717, 0.45831823348999023], [-0.9552909135818481, -0.25151753425598145, -0.1554281860589981, -0.04102035611867905], [0.0, 0.0, 0.0, 1.0]]}, "Bone.002": {"matrix": [[0.601108968257904, -0.42941099405288696, 0.6739986538887024, -1.2793288230895996], [0.2648821175098419, 0.9027574062347412, 0.33891910314559937, -0.6512197256088257], [-0.7539929747581482, -0.025197118520736694, 0.6563989520072937, 0.47741180658340454], [0.0, 0.0, 0.0, 1.0]]}, "finger3joint1": {"matrix": [[0.636322021484375, -0.040956828743219376, 0.7703355550765991, -1.4603297710418701], [-0.13687720894813538, 0.9767498970031738, 0.16499648988246918, -0.2706984281539917], [-0.7591831088066101, -0.21043233573436737, 0.6159214377403259, 0.46679097414016724], [0.0, 0.0, 0.0, 1.0]]}, "finger3joint2": {"matrix": [[0.5914719104766846, -0.6256266236305237, 0.5086770057678223, -1.4962563514709473], [0.012994506396353245, 0.6381717324256897, 0.769784152507782, 0.5860885977745056], [-0.8062208890914917, -0.44869571924209595, 0.38559040427207947, 0.2822035849094391], [0.0, 0.0, 0.0, 1.0]]}, "finger3joint3": {"matrix": [[0.46572861075401306, -0.818382978439331, 0.3366691470146179, -1.9010869264602661], [-0.08499455451965332, 0.33732113242149353, 0.9375446438789368, 0.999036967754364], [-0.8808363676071167, -0.4652565121650696, 0.08754198998212814, -0.00813855230808258], [0.0, 0.0, 0.0, 1.0]]}, "Bone.003": {"matrix": [[0.5432373285293579, -0.30019038915634155, 0.7840784192085266, -1.27932870388031], [0.8236101865768433, 0.37181705236434937, -0.4282732903957367, -0.6512197256088257], [-0.1629701554775238, 0.878429114818573, 0.4492248296737671, 0.47741180658340454], [0.0, 0.0, 0.0, 1.0]]}, "finger4joint1": {"matrix": [[0.6933846473693848, -0.2668105959892273, 0.6693502068519592, -1.4079962968826294], [-0.14527033269405365, 0.8580855131149292, 0.49252936244010925, -0.4918517768383026], [-0.7057719230651855, -0.43874913454055786, 0.5562238097190857, 0.8539236187934875], [0.0, 0.0, 0.0, 1.0]]}, "finger4joint2": {"matrix": [[0.6998822093009949, -0.6077285408973694, 0.3752742111682892, -1.6730350255966187], [-0.11602421849966049, 0.42169302701950073, 0.8992845416069031, 0.36053526401519775], [-0.7047715187072754, -0.672934353351593, 0.22462432086467743, 0.4180881977081299], [0.0, 0.0, 0.0, 1.0]]}, "finger4joint3": {"matrix": [[0.7424130439758301, -0.6495702266693115, 0.16395480930805206, -1.9264960289001465], [-0.16381916403770447, 0.061280205845832825, 0.9845848679542542, 0.5364077091217041], [-0.649604320526123, -0.7578278183937073, -0.06091678515076637, 0.137432262301445], [0.0, 0.0, 0.0, 1.0]]}}