{"root": {"matrix": [[0.4481740891933441, -0.5609526038169861, -0.6960403919219971, 0.0], [-0.8813198804855347, -0.14685587584972382, -0.44911983609199524, -1.4901161193847656e-08], [0.14971724152565002, 0.8147180676460266, -0.5601956844329834, 5.960464477539063e-08], [0.0, 0.0, 0.0, 1.0]]}, "carpals": {"matrix": [[0.6443575620651245, -0.7554786801338196, -0.11855439096689224, 0.5427177548408508], [0.6474891304969788, 0.4564918279647827, 0.6102234125137329, -2.086333990097046], [-0.40689170360565186, -0.4699648916721344, 0.7833083271980286, 1.1990216970443726], [0.0, 0.0, 0.0, 1.0]]}, "metacarpals": {"matrix": [[0.2004709392786026, -0.6497793197631836, 0.7332108616828918, -0.19311392307281494], [0.04425082355737686, 0.7536453008651733, 0.6557897329330444, -1.6417136192321777], [-0.9786996841430664, -0.09902162849903107, 0.17983731627464294, 0.7412787675857544], [0.0, 0.0, 0.0, 1.0]]}, "finger5joint1": {"matrix": [[0.18455548584461212, -0.8555029630661011, 0.4837910830974579, -0.9007179737091064], [0.19403494894504547, 0.5142742395401001, 0.8353873491287231, -1.489166498184204], [-0.9634778499603271, -0.06030290573835373, 0.26090970635414124, 0.7825190424919128], [0.0, 0.0, 0.0, 1.0]]}, "finger5joint2": {"matrix": [[0.4815431535243988, -0.4811270236968994, -0.7325520515441895, -1.8043619394302368], [0.8479641675949097, 0.4670340120792389, 0.25066953897476196, -0.945952832698822], [0.2215229719877243, -0.7418862581253052, 0.632875919342041, 0.7188227772712708], [0.0, 0.0, 0.0, 1.0]]}, "finger5joint3": {"matrix": [[0.4741208851337433, -0.18822979927062988, -0.8601037263870239, -2.1350574493408203], [0.8727689981460571, 0.2293076366186142, 0.430919349193573, -0.6249440312385559], [0.11611657589673996, -0.9549801349639893, 0.27300089597702026, 0.20889832079410553], [0.0, 0.0, 0.0, 1.0]]}, "Bone": {"matrix": [[0.6085810661315918, -0.029980547726154327, 0.7929250597953796, -1.2075998783111572], [-0.7904937267303467, 0.06387258321046829, 0.6091300845146179, -0.4650641083717346], [-0.0689082220196724, -0.9975075721740723, 0.015172235667705536, 0.5866785049438477], [0.0, 0.0, 0.0, 1.0]]}, "finger1joint1": {"matrix": [[0.5817372798919678, -0.5732530355453491, 0.5770290493965149, -1.2325493097305298], [-0.2321820855140686, 0.5628705620765686, 0.7932639718055725, -0.41191011667251587], [-0.7795338034629822, -0.5954472422599792, 0.19434377551078796, -0.24343499541282654], [0.0, 0.0, 0.0, 1.0]]}, "finger1joint2": {"matrix": [[0.3897821605205536, -0.7565561532974243, 0.5250644087791443, -1.556539535522461], [-0.4738834500312805, 0.3240985870361328, 0.81877601146698, -0.09378786385059357], [-0.7896228432655334, -0.5679637789726257, -0.2321915626525879, -0.5799688100814819], [0.0, 0.0, 0.0, 1.0]]}, "finger1joint3": {"matrix": [[0.4684450626373291, -0.8758192658424377, 0.11618834733963013, -1.8808625936508179], [-0.40009671449661255, -0.09304448217153549, 0.911737322807312, 0.045147866010665894], [-0.7877066731452942, -0.4735855460166931, -0.3939986526966095, -0.8234455585479736], [0.0, 0.0, 0.0, 1.0]]}, "Bone.001": {"matrix": [[0.6515404582023621, 0.02413497120141983, 0.7582297325134277, -1.2075997591018677], [-0.6445848345756531, 0.5446315407752991, 0.5365504622459412, -0.4650641083717346], [-0.4000062346458435, -0.8383278846740723, 0.3704066276550293, 0.5866785049438477], [0.0, 0.0, 0.0, 1.0]]}, "finger2joint1": {"matrix": [[0.6522923111915588, -0.36813387274742126, 0.6625646948814392, -1.1923010349273682], [-0.3447813093662262, 0.6343545317649841, 0.6918957233428955, -0.11983105540275574], [-0.6750112771987915, -0.6797583103179932, 0.28685900568962097, 0.05527615547180176], [0.0, 0.0, 0.0, 1.0]]}, "finger2joint2": {"matrix": [[0.5522965788841248, -0.6571676731109619, 0.512931764125824, -1.510791540145874], [-0.34846141934394836, 0.3769696056842804, 0.8581771850585938, 0.42898011207580566], [-0.7573261857032776, -0.6527053117752075, -0.02079852484166622, -0.5328161120414734], [0.0, 0.0, 0.0, 1.0]]}, "finger2joint3": {"matrix": [[0.4252203702926636, -0.8925474286079407, 0.15015484392642975, -1.7602633237838745], [-0.37820178270339966, -0.024498509243130684, 0.9253986477851868, 0.5720838904380798], [-0.8222838044166565, -0.4502872824668884, -0.3479803502559662, -0.7805936932563782], [0.0, 0.0, 0.0, 1.0]]}, "Bone.002": {"matrix": [[0.47182050347328186, -0.3454384505748749, 0.8112075328826904, -1.2075998783111572], [-0.09062899649143219, 0.896180272102356, 0.43433502316474915, -0.4650641083717346], [-0.8770243525505066, -0.27844706177711487, 0.39152956008911133, 0.5866785049438477], [0.0, 0.0, 0.0, 1.0]]}, "finger3joint1": {"matrix": [[0.3915501832962036, -0.007961890660226345, 0.9201222658157349, -1.3532055616378784], [-0.3115655779838562, 0.9397475719451904, 0.14071586728096008, -0.08731508255004883], [-0.8658033609390259, -0.3417757749557495, 0.36547771096229553, 0.4693102538585663], [0.0, 0.0, 0.0, 1.0]]}, "finger3joint2": {"matrix": [[0.34937259554862976, -0.7637865543365479, 0.5427420139312744, -1.36018967628479], [-0.1642720103263855, 0.5203419923782349, 0.8380086421966553, 0.7370141744613647], [-0.9224714040756226, -0.38193458318710327, 0.056324552744627, 0.1695108711719513], [0.0, 0.0, 0.0, 1.0]]}, "finger3joint3": {"matrix": [[0.21479633450508118, -0.9616303443908691, 0.17067408561706543, -1.854420781135559], [-0.276834100484848, 0.10763855278491974, 0.95486980676651, 1.0737171173095703], [-0.9366031289100647, -0.25235095620155334, -0.2430916577577591, -0.07763146609067917], [0.0, 0.0, 0.0, 1.0]]}, "Bone.003": {"matrix": [[0.5739784836769104, -0.0981663316488266, 0.8129650354385376, -1.2075997591018677], [0.6342569589614868, 0.6812455058097839, -0.3655439019203186, -0.4650641083717346], [-0.5179446339607239, 0.7254431843757629, 0.45328301191329956, 0.5866785049438477], [0.0, 0.0, 0.0, 1.0]]}, "finger4joint1": {"matrix": [[0.4999925494194031, -0.2944643199443817, 0.8144311308860779, -1.2496757507324219], [-0.41936805844306946, 0.7404806613922119, 0.525183916091919, -0.17306900024414062], [-0.7577186822891235, -0.6041345596313477, 0.2467459887266159, 0.8976175785064697], [0.0, 0.0, 0.0, 1.0]]}, "finger4joint2": {"matrix": [[0.5087445974349976, -0.7565984129905701, 0.4107767939567566, -1.542184591293335], [-0.39206409454345703, 0.22117900848388672, 0.8929529190063477, 0.5624940991401672], [-0.7664621472358704, -0.6153359413146973, -0.18411140143871307, 0.297495037317276], [0.0, 0.0, 0.0, 1.0]]}, "finger4joint3": {"matrix": [[0.5638130903244019, -0.8246768712997437, 0.04497348517179489, -1.8577337265014648], [-0.42211347818374634, -0.24092966318130493, 0.8739407658576965, 0.6547396779060364], [-0.709883451461792, -0.5117233395576477, -0.4839465618133545, 0.04086124897003174], [0.0, 0.0, 0.0, 1.0]]}}