{"root": {"matrix": [[0.3210850656032562, -0.6489694118499756, -0.689741313457489, 5.960464477539063e-08], [-0.8945719599723816, -0.44690561294555664, 0.004051355179399252, -2.9802322387695312e-08], [-0.31087854504585266, 0.6157223582267761, -0.7240445017814636, 0.0], [0.0, 0.0, 0.0, 1.0]]}, "carpals": {"matrix": [[0.9442547559738159, -0.27038082480430603, -0.18782185018062592, 0.1684487760066986], [0.2865481674671173, 0.9558899998664856, 0.06453028321266174, -2.4609451293945312], [0.1620892882347107, -0.1147531121969223, 0.9800808429718018, -0.018963001668453217], [0.0, 0.0, 0.0, 1.0]]}, "metacarpals": {"matrix": [[0.37077832221984863, -0.7247511148452759, 0.5807401537895203, -0.09490048885345459], [0.5739960670471191, 0.670412003993988, 0.47018712759017944, -1.5299140214920044], [-0.7301039099693298, 0.15900731086730957, 0.6645785570144653, -0.13073182106018066], [0.0, 0.0, 0.0, 1.0]]}, "finger5joint1": {"matrix": [[-0.025006594136357307, -0.9735040068626404, -0.22729842364788055, -0.8124502897262573], [0.8320358991622925, -0.14630572497844696, 0.535079836845398, -1.4414668083190918], [-0.554157555103302, -0.17573994398117065, 0.8136489391326904, -0.18526910245418549], [0.0, 0.0, 0.0, 1.0]]}, "finger5joint2": {"matrix": [[-0.33140209317207336, -0.7422811985015869, -0.5824008584022522, -1.840735673904419], [0.588524580001831, 0.31983649730682373, -0.7425246238708496, -1.5960053205490112], [0.7374353408813477, -0.5888315439224243, 0.33085644245147705, -0.37089839577674866], [0.0, 0.0, 0.0, 1.0]]}, "finger5joint3": {"matrix": [[-0.3666823208332062, 0.33633092045783997, -0.8674243688583374, -2.350931406021118], [0.6557954549789429, 0.7547804713249207, 0.01543346606194973, -1.3761705160140991], [0.6599058508872986, -0.5631940364837646, -0.49732905626296997, -0.7756229639053345], [0.0, 0.0, 0.0, 1.0]]}, "Bone": {"matrix": [[0.7215822339057922, 0.147583469748497, 0.6764156222343445, -1.226438283920288], [-0.6110382676124573, 0.5951066017150879, 0.521996259689331, -0.48321473598480225], [-0.32550129294395447, -0.7899791598320007, 0.5195974707603455, 0.11752277612686157], [0.0, 0.0, 0.0, 1.0]]}, "finger1joint1": {"matrix": [[0.5770545601844788, -0.7278721928596497, 0.3704186677932739, -1.103621244430542], [0.42147478461265564, 0.6538964509963989, 0.6283136606216431, 0.012025624513626099], [-0.6995475888252258, -0.20644930005073547, 0.6841137409210205, -0.5398881435394287], [0.0, 0.0, 0.0, 1.0]]}, "finger1joint2": {"matrix": [[0.4513191878795624, -0.8438878655433655, 0.2901107668876648, -1.5149986743927002], [0.1970042735338211, 0.41130661964416504, 0.8899527192115784, 0.3815937638282776], [-0.8703448176383972, -0.3444998264312744, 0.3518800437450409, -0.6565688848495483], [0.0, 0.0, 0.0, 1.0]]}, "finger1joint3": {"matrix": [[0.5090335607528687, -0.8497154712677002, -0.13736246526241302, -1.87675940990448], [0.27089667320251465, 0.0066756317391991615, 0.9625850915908813, 0.557914137840271], [-0.8170065879821777, -0.5271992683410645, 0.23358313739299774, -0.8042502403259277], [0.0, 0.0, 0.0, 1.0]]}, "Bone.001": {"matrix": [[0.8033727407455444, 0.09880679100751877, 0.587221622467041, -1.2264381647109985], [-0.30759748816490173, 0.913241446018219, 0.26715797185897827, -0.48321473598480225], [-0.5098780989646912, -0.395255446434021, 0.7640661597251892, 0.11752274632453918], [0.0, 0.0, 0.0, 1.0]]}, "finger2joint1": {"matrix": [[0.4893793761730194, -0.8352740406990051, -0.250649094581604, -1.1638063192367554], [0.46577006578445435, 0.007357096299529076, 0.8848749399185181, 0.09567411243915558], [-0.7372690439224243, -0.5497845411300659, 0.39264604449272156, -0.1330232322216034], [0.0, 0.0, 0.0, 1.0]]}, "finger2joint2": {"matrix": [[0.43289944529533386, -0.6100836396217346, -0.6636232733726501, -1.8864425420761108], [0.38075199723243713, -0.5435371994972229, 0.7480607032775879, 0.10203909128904343], [-0.8170837163925171, -0.5765109658241272, -0.003006492042914033, -0.6086688041687012], [0.0, 0.0, 0.0, 1.0]]}, "finger2joint3": {"matrix": [[0.41762101650238037, -0.19039581716060638, -0.8884491324424744, -2.1180403232574463], [0.24752232432365417, -0.9169794321060181, 0.31285932660102844, -0.10429653525352478], [-0.8742568492889404, -0.35056760907173157, -0.33582279086112976, -0.8275217413902283], [0.0, 0.0, 0.0, 1.0]]}, "Bone.002": {"matrix": [[0.6353866457939148, -0.4169536232948303, 0.64994877576828, -1.2264381647109985], [0.4121273458003998, 0.8948975205421448, 0.1711990088224411, -0.48321473598480225], [-0.6530196666717529, 0.15908406674861908, 0.7404440641403198, 0.1175227090716362], [0.0, 0.0, 0.0, 1.0]]}, "finger3joint1": {"matrix": [[0.6367800831794739, -0.008371077477931976, 0.7710000276565552, -1.4021884202957153], [0.07874804735183716, 0.9954181909561157, -0.05423136055469513, -0.1060064435005188], [-0.7670136094093323, 0.09524809569120407, 0.6345217227935791, 0.18457825481891632], [0.0, 0.0, 0.0, 1.0]]}, "finger3joint2": {"matrix": [[0.5970506072044373, -0.7370902299880981, 0.3165889084339142, -1.4095312356948853], [0.237199068069458, 0.5392116904258728, 0.8080761432647705, 0.7671559453010559], [-0.7663335800170898, -0.40736785531044006, 0.4967738091945648, 0.2681281268596649], [0.0, 0.0, 0.0, 1.0]]}, "finger3joint3": {"matrix": [[0.4979931116104126, -0.8633183240890503, -0.08175849169492722, -1.8864879608154297], [0.12438783794641495, -0.022192291915416718, 0.9919852614402771, 1.1160693168640137], [-0.8582135438919067, -0.5041716694831848, 0.09633460640907288, 0.004528418183326721], [0.0, 0.0, 0.0, 1.0]]}, "Bone.003": {"matrix": [[0.5595818758010864, -0.33222323656082153, 0.7592732906341553, -1.226438283920288], [0.8275812268257141, 0.17483823001384735, -0.5334234237670898, -0.48321470618247986], [0.04446566477417946, 0.9268544316291809, 0.37277811765670776, 0.1175227165222168], [0.0, 0.0, 0.0, 1.0]]}, "finger4joint1": {"matrix": [[0.6725654602050781, -0.2653670907020569, 0.6908226013183594, -1.368835687637329], [0.08583425730466843, 0.9551687836647034, 0.28334516286849976, -0.40827566385269165], [-0.7350428104400635, -0.13127203285694122, 0.6651912331581116, 0.5147905349731445], [0.0, 0.0, 0.0, 1.0]]}, "finger4joint2": {"matrix": [[0.6795200705528259, -0.7182077169418335, 0.14976635575294495, -1.6324403285980225], [0.11316260695457458, 0.30429887771606445, 0.945830762386322, 0.5405498743057251], [-0.7248767614364624, -0.6257632374763489, 0.2880514860153198, 0.38439029455184937], [0.0, 0.0, 0.0, 1.0]]}, "finger4joint3": {"matrix": [[0.734606146812439, -0.6355596780776978, -0.23752367496490479, -1.9319783449172974], [0.07362744212150574, -0.2733355164527893, 0.9590964913368225, 0.6674615740776062], [-0.6744867563247681, -0.7220466732978821, -0.15399938821792603, 0.12340769171714783], [0.0, 0.0, 0.0, 1.0]]}}