{"root": {"matrix": [[0.23733310401439667, -0.9326266646385193, -0.27180975675582886, 0.0], [-0.5819758176803589, 0.08752820640802383, -0.8084818720817566, 0.0], [0.7778027057647705, 0.35006624460220337, -0.5219928622245789, 0.0], [0.0, 0.0, 0.0, 1.0]]}, "carpals": {"matrix": [[0.8181515336036682, -0.23162758350372314, -0.5262855887413025, -0.34558892250061035], [0.5710872411727905, 0.2207038402557373, 0.7906635403633118, -1.139554500579834], [-0.06698612123727798, -0.9474377036094666, 0.3128489553928375, 2.1603167057037354], [0.0, 0.0, 0.0, 1.0]]}, "metacarpals": {"matrix": [[0.5071746706962585, -0.6269896030426025, 0.591318666934967, -0.5711928606033325], [-0.11162758618593216, 0.632540225982666, 0.7664409875869751, -0.9245902299880981], [-0.8545835018157959, -0.4547268748283386, 0.25081923604011536, 1.237518310546875], [0.0, 0.0, 0.0, 1.0]]}, "finger5joint1": {"matrix": [[0.3073706328868866, -0.8350856900215149, 0.45624011754989624, -1.261237621307373], [0.11563331633806229, 0.5086748600006104, 0.8531579375267029, -0.859321117401123], [-0.9445379376411438, -0.20947903394699097, 0.2529156506061554, 1.0247907638549805], [0.0, 0.0, 0.0, 1.0]]}, "finger5joint2": {"matrix": [[0.5157565474510193, -0.22268065810203552, -0.8272895812988281, -2.143315315246582], [0.8044467568397522, 0.4580536186695099, 0.37822166085243225, -0.3220219314098358], [0.2947206199169159, -0.8605808019638062, 0.41537925601005554, 0.8035237789154053], [0.0, 0.0, 0.0, 1.0]]}, "finger5joint3": {"matrix": [[0.5374757647514343, 0.2645248472690582, -0.8007158637046814, -2.2963716983795166], [0.8216472864151001, 0.049412988126277924, 0.5678498148918152, -0.007185596972703934], [0.18977637588977814, -0.963111937046051, -0.1907876431941986, 0.21201641857624054], [0.0, 0.0, 0.0, 1.0]]}, "Bone": {"matrix": [[0.6455220580101013, 0.2948872745037079, 0.7045158743858337, -1.5500975847244263], [-0.7047167420387268, -0.1256072074174881, 0.6982812881469727, 0.06298062950372696], [0.2944064438343048, -0.9472402930259705, 0.12672995030879974, 0.5275633335113525], [0.0, 0.0, 0.0, 1.0]]}, "finger1joint1": {"matrix": [[0.6146354675292969, -0.49002397060394287, 0.6181420683860779, -1.3046960830688477], [-0.1656709462404251, 0.6859660744667053, 0.7085219025611877, -0.04154816269874573], [-0.771217405796051, -0.5378907918930054, 0.34043657779693604, -0.260718435049057], [0.0, 0.0, 0.0, 1.0]]}, "finger1joint2": {"matrix": [[0.4069298207759857, -0.6914345026016235, 0.5969308018684387, -1.5816469192504883], [-0.3872053921222687, 0.4613021910190582, 0.7982931137084961, 0.34614503383636475], [-0.8273331522941589, -0.5559840798377991, -0.0800093412399292, -0.5647226572036743], [0.0, 0.0, 0.0, 1.0]]}, "finger1joint3": {"matrix": [[0.49038198590278625, -0.8464229106903076, 0.20759008824825287, -1.8780536651611328], [-0.3210309147834778, 0.04600777477025986, 0.9459503293037415, 0.5438977479934692], [-0.8102251291275024, -0.5305199027061462, -0.2491663247346878, -0.8030638694763184], [0.0, 0.0, 0.0, 1.0]]}, "Bone.001": {"matrix": [[0.7855085134506226, 0.26374325156211853, 0.5598353147506714, -1.5500977039337158], [-0.6180911064147949, 0.37916073203086853, 0.6886218786239624, 0.06298060715198517], [-0.030648276209831238, -0.8869476914405823, 0.46085160970687866, 0.5275633335113525], [0.0, 0.0, 0.0, 1.0]]}, "finger2joint1": {"matrix": [[0.8881617784500122, -0.45054003596305847, 0.0904550701379776, -1.3829151391983032], [-0.19007867574691772, -0.1809752881526947, 0.9649443626403809, 0.3033244013786316], [-0.41837599873542786, -0.8742204904556274, -0.2463732361793518, -0.03465825319290161], [0.0, 0.0, 0.0, 1.0]]}, "finger2joint2": {"matrix": [[0.8316041827201843, -0.5116158127784729, -0.21606402099132538, -1.772699236869812], [-0.2940221130847931, -0.7356327772140503, 0.610241711139679, 0.14675383269786835], [-0.47115322947502136, -0.44395214319229126, -0.7621816396713257, -0.7909892201423645], [0.0, 0.0, 0.0, 1.0]]}, "finger2joint3": {"matrix": [[0.7833923101425171, -0.510658323764801, -0.35429418087005615, -1.9669170379638672], [-0.42979979515075684, -0.8568676710128784, 0.28469187021255493, -0.1325044333934784], [-0.44896364212036133, -0.07075000554323196, -0.8907445073127747, -0.9595207571983337], [0.0, 0.0, 0.0, 1.0]]}, "Bone.002": {"matrix": [[0.7380192875862122, -0.29014456272125244, 0.6092156171798706, -1.5500975847244263], [-0.1894116848707199, 0.7774608731269836, 0.5997312068939209, 0.06298062205314636], [-0.6476501822471619, -0.5580055713653564, 0.5188245177268982, 0.5275632739067078], [0.0, 0.0, 0.0, 1.0]]}, "finger3joint1": {"matrix": [[0.5720800757408142, 0.17183086276054382, 0.8019965887069702, -1.6723964214324951], [-0.18031717836856842, 0.9802347421646118, -0.08139518648386002, 0.3906882405281067], [-0.8001313805580139, -0.09804894030094147, 0.5917568206787109, 0.2923583388328552], [0.0, 0.0, 0.0, 1.0]]}, "finger3joint2": {"matrix": [[0.5605054497718811, -0.8005135655403137, 0.21215960383415222, -1.521669626235962], [-0.01975656859576702, 0.2431863397359848, 0.9697782397270203, 1.2505319118499756], [-0.8279150128364563, -0.5477574467658997, 0.12049219012260437, 0.206351637840271], [0.0, 0.0, 0.0, 1.0]]}, "finger3joint3": {"matrix": [[0.4764285981655121, -0.39274927973747253, -0.7866154909133911, -2.039666175842285], [-0.17046698927879333, -0.9189670085906982, 0.35558435320854187, 1.4078930616378784], [-0.8625293374061584, -0.03531889617443085, -0.5047728419303894, -0.1480914056301117], [0.0, 0.0, 0.0, 1.0]]}, "Bone.003": {"matrix": [[0.6713955998420715, -0.37288546562194824, 0.6404563784599304, -1.5500975847244263], [0.5962809920310974, 0.7849888801574707, -0.16805116832256317, 0.06298062205314636], [-0.44008710980415344, 0.49472102522850037, 0.7493826150894165, 0.5275633335113525], [0.0, 0.0, 0.0, 1.0]]}, "finger4joint1": {"matrix": [[0.7040689587593079, -0.013575315475463867, 0.7100017666816711, -1.7099236249923706], [-0.5083174705505371, 0.6885352730751038, 0.5172349214553833, 0.39944207668304443], [-0.49588313698768616, -0.7250753045082092, 0.4778759479522705, 0.7396103739738464], [0.0, 0.0, 0.0, 1.0]]}, "finger4joint2": {"matrix": [[0.7171516418457031, -0.6933055520057678, 0.0708572193980217, -1.723408818244934], [-0.4823177754878998, -0.4203600287437439, 0.7685482501983643, 1.083404779434204], [-0.5030534267425537, -0.5853415727615356, -0.6358553767204285, 0.019350305199623108], [0.0, 0.0, 0.0, 1.0]]}, "finger4joint3": {"matrix": [[0.7711877226829529, -0.4299085736274719, -0.469518780708313, -2.0125608444213867], [-0.45689666271209717, -0.8873534798622131, 0.06203708425164223, 0.9080882668495178], [-0.4432995915412903, 0.16667908430099487, -0.8807401061058044, -0.22477395832538605], [0.0, 0.0, 0.0, 1.0]]}}