{"root": {"matrix": [[0.4801343083381653, -0.877140998840332, -0.00973088014870882, 0.0], [-0.24145501852035522, -0.1214880719780922, -0.962777316570282, -7.450580596923828e-09], [0.843309223651886, 0.4646119773387909, -0.270120769739151, 2.9802322387695312e-08], [0.0, 0.0, 0.0, 1.0]]}, "carpals": {"matrix": [[-0.1645255833864212, -0.6198998689651489, -0.7672387361526489, 0.2283453345298767], [0.9483259916305542, 0.11454043537378311, -0.2959021329879761, -0.5567172765731812], [0.2713097929954529, -0.7762759327888489, 0.5690223574638367, 2.3922603130340576], [0.0, 0.0, 0.0, 1.0]]}, "metacarpals": {"matrix": [[-0.2796633839607239, -0.8049243688583374, -0.523340106010437, -0.37543344497680664], [0.9011676907539368, -0.03204262629151344, -0.432284414768219, -0.4451555609703064], [0.33118733763694763, -0.5925113558769226, 0.7343330383300781, 1.6361721754074097], [0.0, 0.0, 0.0, 1.0]]}, "finger5joint1": {"matrix": [[-0.5854097604751587, -0.6670295596122742, -0.4608325958251953, -0.5704225301742554], [0.8077187538146973, -0.43084481358528137, -0.4024462103843689, -0.44373753666877747], [0.06989645957946777, -0.6078191995620728, 0.7909930348396301, 0.9378513097763062], [0.0, 0.0, 0.0, 1.0]]}, "finger5joint2": {"matrix": [[-0.302412748336792, -0.872570812702179, 0.3836221992969513, -1.2749874591827393], [-0.3840494453907013, -0.25681018829345703, -0.8868789076805115, -0.8988269567489624], [0.8723829388618469, -0.4155333638191223, -0.25744807720184326, 0.29582875967025757], [0.0, 0.0, 0.0, 1.0]]}, "finger5joint3": {"matrix": [[-0.40321052074432373, -0.8976244330406189, 0.17801956832408905, -1.8747358322143555], [-0.35693544149398804, -0.0248592346906662, -0.9337979555130005, -1.0753415822982788], [0.8426254987716675, -0.4400586783885956, -0.3103708326816559, 0.010218128561973572], [0.0, 0.0, 0.0, 1.0]]}, "Bone": {"matrix": [[0.7934073209762573, -0.32260313630104065, -0.5161702632904053, -1.6321438550949097], [0.20729830861091614, 0.9405161738395691, -0.26917764544487, -0.4951830208301544], [0.5723040699958801, 0.10656654089689255, 0.813087522983551, 0.7110974788665771], [0.0, 0.0, 0.0, 1.0]]}, "finger1joint1": {"matrix": [[0.022328762337565422, -0.47400158643722534, -0.8802406787872314, -1.9006102085113525], [0.7235004305839539, 0.6152974367141724, -0.3129793107509613, 0.2875029742717743], [0.6899627447128296, -0.6298659443855286, 0.356679230928421, 0.7997808456420898], [0.0, 0.0, 0.0, 1.0]]}, "finger1joint2": {"matrix": [[0.29874005913734436, -0.1988406628370285, -0.9333897829055786, -2.1685056686401367], [0.7719837427139282, 0.6253615021705627, 0.11385929584503174, 0.6352556943893433], [0.5610663890838623, -0.7545760273933411, 0.34032243490219116, 0.44379425048828125], [0.0, 0.0, 0.0, 1.0]]}, "finger1joint3": {"matrix": [[0.20976968109607697, 0.2413627803325653, -0.9474916458129883, -2.2537453174591064], [0.7560806274414062, 0.5743924975395203, 0.3137121796607971, 0.9033378958702087], [0.6199507713317871, -0.782187283039093, -0.06199943646788597, 0.1203199028968811], [0.0, 0.0, 0.0, 1.0]]}, "Bone.001": {"matrix": [[0.5707369446754456, -0.7394123077392578, -0.35711124539375305, -1.6321437358856201], [0.4799777567386627, 0.6532776355743408, -0.5855333805084229, -0.49518299102783203], [0.6662435531616211, 0.162780299782753, 0.7277511358261108, 0.7110975384712219], [0.0, 0.0, 0.0, 1.0]]}, "finger2joint1": {"matrix": [[0.03715919330716133, -0.6819756031036377, -0.7304300665855408, -2.1008453369140625], [0.7658007740974426, 0.48902034759521484, -0.41762176156044006, -0.08108094334602356], [0.6420032978057861, -0.5438454151153564, 0.5404291152954102, 0.8142812848091125], [0.0, 0.0, 0.0, 1.0]]}, "finger2joint2": {"matrix": [[0.04267614334821701, 0.2067383974790573, -0.9774649143218994, -2.6908557415008545], [0.8421889543533325, 0.5188929438591003, 0.14651818573474884, 0.3419944643974304], [0.537490963935852, -0.829463005065918, -0.1519683301448822, 0.3437740206718445], [0.0, 0.0, 0.0, 1.0]]}, "finger2joint3": {"matrix": [[0.15327434241771698, 0.9152863621711731, -0.3725016415119171, -2.6123743057250977], [0.8796635270118713, 0.045365914702415466, 0.4734276235103607, 0.5389747619628906], [0.4502210021018982, -0.40024057030677795, -0.7981905937194824, 0.028896227478981018], [0.0, 0.0, 0.0, 1.0]]}, "Bone.002": {"matrix": [[-0.10093028843402863, -0.9632629156112671, -0.24887214601039886, -1.6321437358856201], [0.8086917996406555, 0.0662756934762001, -0.5844869613647461, -0.49518299102783203], [0.5795090794563293, -0.2602531909942627, 0.7722935676574707, 0.7110974788665771], [0.0, 0.0, 0.0, 1.0]]}, "finger3joint1": {"matrix": [[-0.1984158158302307, -0.5139078497886658, -0.8345834612846375, -2.0381689071655273], [0.8983699679374695, 0.2450932413339615, -0.36450067162513733, -0.4672471284866333], [0.3918708860874176, -0.8220873475074768, 0.41304901242256165, 0.6013981103897095], [0.0, 0.0, 0.0, 1.0]]}, "finger3joint2": {"matrix": [[-0.24465282261371613, 0.19169388711452484, -0.9504726529121399, -2.488959312438965], [0.9392779469490051, 0.29012665152549744, -0.18325787782669067, -0.2522558569908142], [0.24062837660312653, -0.9375925064086914, -0.2510341703891754, -0.11972171068191528], [0.0, 0.0, 0.0, 1.0]]}, "finger3joint3": {"matrix": [[-0.07151689380407333, 0.5243979692459106, -0.8484644293785095, -2.364917755126953], [0.9699399471282959, 0.23492857813835144, 0.063442662358284, -0.06452061235904694], [0.23259808123111725, -0.8184223771095276, -0.5254358649253845, -0.7264193296432495], [0.0, 0.0, 0.0, 1.0]]}, "Bone.003": {"matrix": [[-0.696807324886322, -0.47556471824645996, 0.5369334816932678, -1.6321437358856201], [0.25932571291923523, -0.8649896383285522, -0.42958468198776245, -0.49518293142318726], [0.6687373518943787, -0.16009727120399475, 0.726057231426239, 0.7110975384712219], [0.0, 0.0, 0.0, 1.0]]}, "finger4joint1": {"matrix": [[-0.5503624081611633, -0.44352245330810547, -0.7073814272880554, -1.8359801769256592], [0.8349197506904602, -0.28917866945266724, -0.4682781994342804, -0.8659342527389526], [0.0031325439922511578, -0.8483297228813171, 0.5294588208198547, 0.6424767374992371], [0.0, 0.0, 0.0, 1.0]]}, "finger4joint2": {"matrix": [[-0.573941707611084, -0.03852178901433945, -0.8179892897605896, -2.276556968688965], [0.8188731074333191, -0.0344286747276783, -0.5729407072067261, -1.1531926393508911], [-0.006091325078159571, -0.9986643195152283, 0.05130446329712868, -0.2002192735671997], [0.0, 0.0, 0.0, 1.0]]}, "finger4joint3": {"matrix": [[-0.5567254424095154, 0.18241192400455475, -0.8104209303855896, -2.292623281478882], [0.8271943926811218, 0.21122057735919952, -0.5207061767578125, -1.1675515174865723], [0.07619483768939972, -0.9602662920951843, -0.2684820890426636, -0.6167250871658325], [0.0, 0.0, 0.0, 1.0]]}}