{"root": {"matrix": [[0.2988976240158081, -0.7682452201843262, -0.5660914182662964, 0.0], [-0.9192792177200317, -0.0726027712225914, -0.38685208559036255, 7.450580596923828e-09], [0.25609737634658813, 0.6360252499580383, -0.7279326915740967, 5.960464477539063e-08], [0.0, 0.0, 0.0, 1.0]]}, "carpals": {"matrix": [[0.8149113059043884, -0.47875532507896423, -0.3266691267490387, -0.012378156185150146], [0.5724719762802124, 0.5768459439277649, 0.5826869606971741, -2.1064982414245605], [-0.09052669256925583, -0.6618472933769226, 0.7441524863243103, 1.2835482358932495], [0.0, 0.0, 0.0, 1.0]]}, "metacarpals": {"matrix": [[0.4079586863517761, -0.6624478697776794, 0.6282773613929749, -0.47868287563323975], [0.1727857142686844, 0.7317288517951965, 0.6593311429023743, -1.5446538925170898], [-0.8965013027191162, -0.16042254865169525, 0.41297680139541626, 0.6389129161834717], [0.0, 0.0, 0.0, 1.0]]}, "finger5joint1": {"matrix": [[0.4951407313346863, -0.8667860627174377, -0.0593077689409256, -1.1867573261260986], [0.34723493456840515, 0.13485528528690338, 0.9280309677124023, -1.428624153137207], [-0.7964065074920654, -0.48009976744651794, 0.367750883102417, 0.5347846746444702], [0.0, 0.0, 0.0, 1.0]]}, "finger5joint2": {"matrix": [[-0.0931847095489502, -0.27332544326782227, -0.9573972225189209, -2.1023194789886475], [0.9657930731773376, 0.20889700949192047, -0.15363956987857819, -1.2861801385879517], [0.24199120700359344, -0.9389646053314209, 0.2445100098848343, 0.027668535709381104], [0.0, 0.0, 0.0, 1.0]]}, "finger5joint3": {"matrix": [[-0.0654434934258461, 0.17898668348789215, -0.9816722869873047, -2.2901856899261475], [0.9880642294883728, 0.1491035670042038, -0.038683898746967316, -1.142598032951355], [0.13944709300994873, -0.9724872708320618, -0.18660812079906464, -0.6177147626876831], [0.0, 0.0, 0.0, 1.0]]}, "Bone": {"matrix": [[0.6619752645492554, 0.18654821813106537, 0.7259396314620972, -1.5129480361938477], [-0.7493653893470764, 0.18473535776138306, 0.6358646750450134, -0.40222203731536865], [-0.01548727322369814, -0.9649209380149841, 0.26208311319351196, 0.3884487450122833], [0.0, 0.0, 0.0, 1.0]]}, "finger1joint1": {"matrix": [[0.626431941986084, -0.43859270215034485, 0.6443751454353333, -1.3577048778533936], [-0.010933024808764458, 0.821651816368103, 0.5698844194412231, -0.24848756194114685], [-0.7793993353843689, -0.3640389144420624, 0.509913980960846, -0.41454654932022095], [0.0, 0.0, 0.0, 1.0]]}, "finger1joint2": {"matrix": [[0.40914830565452576, -0.6508128046989441, 0.6395625472068787, -1.6055879592895508], [-0.2003505527973175, 0.6197348237037659, 0.7588069438934326, 0.2158922553062439], [-0.890200674533844, -0.43860143423080444, 0.12317284941673279, -0.6202934980392456], [0.0, 0.0, 0.0, 1.0]]}, "finger1joint3": {"matrix": [[0.49541473388671875, -0.8277998566627502, 0.26327094435691833, -1.8845806121826172], [-0.1450744867324829, 0.21997374296188354, 0.964657723903656, 0.4815623462200165], [-0.856456458568573, -0.5160996913909912, -0.01111434493213892, -0.8083146214485168], [0.0, 0.0, 0.0, 1.0]]}, "Bone.001": {"matrix": [[0.7667442560195923, 0.17080897092819214, 0.6188111901283264, -1.512947916984558], [-0.5621457099914551, 0.6441325545310974, 0.5187340378761292, -0.40222206711769104], [-0.3099920451641083, -0.745598554611206, 0.5899046063423157, 0.3884487748146057], [0.0, 0.0, 0.0, 1.0]]}, "finger2joint1": {"matrix": [[0.7266704440116882, -0.23354725539684296, 0.6460692882537842, -1.404675006866455], [-0.1946246176958084, 0.8319242596626282, 0.5196371674537659, 0.006083011627197266], [-0.6588406562805176, -0.5033460855484009, 0.5590808987617493, -0.08417391777038574], [0.0, 0.0, 0.0, 1.0]]}, "finger2joint2": {"matrix": [[0.6397455930709839, -0.49898603558540344, 0.5845839381217957, -1.606728196144104], [-0.16577975451946259, 0.6531057357788086, 0.738897442817688, 0.7258214354515076], [-0.7504948377609253, -0.5696186423301697, 0.33509987592697144, -0.519643247127533], [0.0, 0.0, 0.0, 1.0]]}, "finger2joint3": {"matrix": [[0.5234808325767517, -0.7877217531204224, 0.3247491419315338, -1.7961515188217163], [-0.1551312506198883, 0.2866572141647339, 0.9453895688056946, 0.9737510681152344], [-0.8377957940101624, -0.545272171497345, 0.027859365567564964, -0.7358798980712891], [0.0, 0.0, 0.0, 1.0]]}, "Bone.002": {"matrix": [[0.6588444709777832, -0.3366222679615021, 0.6727625131607056, -1.512947916984558], [0.03810910880565643, 0.9080852270126343, 0.4170473515987396, -0.40222206711769104], [-0.7513132691383362, -0.24913091957569122, 0.6111154556274414, 0.3884488046169281], [0.0, 0.0, 0.0, 1.0]]}, "finger3joint1": {"matrix": [[0.5411047339439392, 0.2744090259075165, 0.794924795627594, -1.654837727546692], [-0.16355085372924805, 0.9615539908409119, -0.22060059010982513, -0.019455015659332275], [-0.8248981237411499, -0.010642551816999912, 0.5651812553405762, 0.2834376096725464], [0.0, 0.0, 0.0, 1.0]]}, "finger3joint2": {"matrix": [[0.5464376211166382, -0.7126693725585938, 0.4398958384990692, -1.4141310453414917], [-0.0007676170207560062, 0.5248222351074219, 0.8512112498283386, 0.8240023851394653], [-0.8374994993209839, -0.4654715359210968, 0.2862356901168823, 0.27410218119621277], [0.0, 0.0, 0.0, 1.0]]}, "finger3joint3": {"matrix": [[0.42863988876342773, -0.8976142406463623, -0.10274537652730942, -1.8752853870391846], [-0.11786036193370819, -0.16830487549304962, 0.9786633253097534, 1.1636046171188354], [-0.895754873752594, -0.4073846638202667, -0.17793527245521545, -0.027095288038253784], [0.0, 0.0, 0.0, 1.0]]}, "Bone.003": {"matrix": [[0.6288414597511292, -0.30272799730300903, 0.7161803245544434, -1.512947916984558], [0.717017650604248, 0.5820454955101013, -0.3835471272468567, -0.40222203731536865], [-0.30073899030685425, 0.7547043561935425, 0.583075761795044, 0.3884487748146057], [0.0, 0.0, 0.0, 1.0]]}, "finger4joint1": {"matrix": [[0.614386260509491, 0.03191709890961647, 0.788359522819519, -1.6427031755447388], [-0.3517953157424927, 0.9054451584815979, 0.23750469088554382, -0.1527460217475891], [-0.7062360644340515, -0.42326080799102783, 0.5675215125083923, 0.7119297385215759], [0.0, 0.0, 0.0, 1.0]]}, "finger4joint2": {"matrix": [[0.6300651431083679, -0.7161843180656433, 0.3001628816127777, -1.6109979152679443], [-0.32629531621932983, 0.10658872872591019, 0.9392387866973877, 0.7466861009597778], [-0.7046622633934021, -0.6897236108779907, -0.16652967035770416, 0.29147982597351074], [0.0, 0.0, 0.0, 1.0]]}, "finger4joint3": {"matrix": [[0.6829593777656555, -0.6921765804290771, -0.2333621233701706, -1.9096918106079102], [-0.3477310538291931, -0.5890347361564636, 0.7294658422470093, 0.7911403179168701], [-0.6423777341842651, -0.41704854369163513, -0.6429782509803772, 0.0038217008113861084], [0.0, 0.0, 0.0, 1.0]]}}