{"root": {"matrix": [[0.5250728130340576, 0.07823635637760162, 0.8474535942077637, 0.0], [-0.2719312906265259, 0.9589895606040955, 0.07995230704545975, 0.0], [-0.8064440488815308, -0.27242985367774963, 0.524814248085022, 0.0], [0.0, 0.0, 0.0, 1.0]]}, "carpals": {"matrix": [[-0.5732767581939697, -0.7640268206596375, -0.29600074887275696, 1.1687413454055786], [0.025174200534820557, -0.3775111734867096, 0.925662636756897, 0.3147203326225281], [-0.8189749121665955, 0.523209273815155, 0.23565222322940826, -2.149413824081421], [0.0, 0.0, 0.0, 1.0]]}, "metacarpals": {"matrix": [[-0.4195314049720764, -0.8007773160934448, 0.4274911880493164, 0.4245837926864624], [0.3045361042022705, 0.31948333978652954, 0.8973226547241211, -0.05297324061393738], [-0.8551321625709534, 0.5066415667533875, 0.10983248054981232, -1.6398111581802368], [0.0, 0.0, 0.0, 1.0]]}, "finger5joint1": {"matrix": [[-0.20963358879089355, -0.9628124237060547, 0.1704275906085968, -0.1346379518508911], [0.38668370246887207, 0.07845626026391983, 0.918868899345398, -0.2932189106941223], [-0.8980697989463806, 0.2585272789001465, 0.3558569848537445, -1.2458215951919556], [0.0, 0.0, 0.0, 1.0]]}, "finger5joint2": {"matrix": [[0.22330816090106964, -0.9745451211929321, -0.01985892467200756, -1.1516300439834595], [0.9025225639343262, 0.21441511809825897, -0.3734685778617859, -0.2103477418422699], [0.3682202994823456, 0.06547537446022034, 0.9274300336837769, -0.9727463722229004], [0.0, 0.0, 0.0, 1.0]]}, "finger5joint3": {"matrix": [[0.13210707902908325, -0.9663625955581665, -0.22065860033035278, -1.8214690685272217], [0.9377840757369995, 0.1939602494239807, -0.28799301385879517, -0.06297270953655243], [0.32110488414764404, -0.16888442635536194, 0.9318633675575256, -0.9277428388595581], [0.0, 0.0, 0.0, 1.0]]}, "Bone": {"matrix": [[0.6873070001602173, -0.6096579432487488, 0.39487457275390625, -0.8256518244743347], [-0.34333914518356323, 0.20638801157474518, 0.9162543416023254, 0.44582894444465637], [-0.6400991082191467, -0.7653241753578186, -0.06746740639209747, -0.8488031029701233], [0.0, 0.0, 0.0, 1.0]]}, "finger1joint1": {"matrix": [[-0.22261744737625122, -0.37489283084869385, 0.8999424576759338, -1.333001732826233], [0.2741039991378784, 0.8618009686470032, 0.4268088638782501, 0.6175825595855713], [-0.9355791807174683, 0.3416929244995117, -0.08909211307764053, -1.4856963157653809], [0.0, 0.0, 0.0, 1.0]]}, "finger1joint2": {"matrix": [[-0.4784984290599823, -0.7664897441864014, 0.4284069240093231, -1.5448830127716064], [0.11385219544172287, 0.4296106994152069, 0.8958081007003784, 1.1046538352966309], [-0.8706761598587036, 0.4774177372455597, -0.11830136179924011, -1.292578935623169], [0.0, 0.0, 0.0, 1.0]]}, "finger1joint3": {"matrix": [[-0.404208242893219, -0.8222510814666748, -0.40064769983291626, -1.8734644651412964], [0.1881498545408249, -0.5034043788909912, 0.843316912651062, 1.288820743560791], [-0.8951064348220825, 0.2654936611652374, 0.35818660259246826, -1.0879178047180176], [0.0, 0.0, 0.0, 1.0]]}, "Bone.001": {"matrix": [[0.48199594020843506, -0.6431575417518616, 0.5950024127960205, -0.8256518840789795], [-0.14268359541893005, 0.6124094128608704, 0.7775576114654541, 0.44582894444465637], [-0.8644772171974182, -0.4596768617630005, 0.20341099798679352, -0.8488031029701233], [0.0, 0.0, 0.0, 1.0]]}, "finger2joint1": {"matrix": [[-0.3223715126514435, -0.6950324177742004, -0.6426554918289185, -1.2333389520645142], [0.244344562292099, -0.7169899344444275, 0.6528559327125549, 0.8340252637863159], [-0.914533793926239, 0.05343261733651161, 0.40096455812454224, -1.140184760093689], [0.0, 0.0, 0.0, 1.0]]}, "finger2joint2": {"matrix": [[-0.3231288492679596, -0.566536545753479, -0.7580393552780151, -1.834645390510559], [0.11712278425693512, -0.8187921047210693, 0.5620154738426208, 0.2137221395969391], [-0.9390793442726135, 0.09281958639621735, 0.3309296667575836, -1.093957543373108], [0.0, 0.0, 0.0, 1.0]]}, "finger2joint3": {"matrix": [[-0.3169424533843994, -0.3347543478012085, -0.8874043822288513, -2.0497121810913086], [-0.028252827003598213, -0.9318941831588745, 0.3616277873516083, -0.09710481762886047], [-0.948023796081543, 0.13968679308891296, 0.28589898347854614, -1.058721661567688], [0.0, 0.0, 0.0, 1.0]]}, "Bone.002": {"matrix": [[-0.11239205300807953, -0.7230234146118164, 0.6816192269325256, -0.8256518840789795], [0.31252220273017883, 0.6254333853721619, 0.714956521987915, 0.445828914642334], [-0.9432379603385925, 0.29337653517723083, 0.15566734969615936, -0.8488031029701233], [0.0, 0.0, 0.0, 1.0]]}, "finger3joint1": {"matrix": [[-0.32092103362083435, -0.2758748531341553, 0.9060366153717041, -1.1304134130477905], [0.2594117820262909, 0.8944500088691711, 0.3642314672470093, 0.7094553709030151], [-0.9108871221542358, 0.35192617774009705, -0.21548248827457428, -0.7251418828964233], [0.0, 0.0, 0.0, 1.0]]}, "finger3joint2": {"matrix": [[-0.3954088091850281, -0.9176546335220337, -0.039515189826488495, -1.3724058866500854], [0.3832535147666931, -0.20393206179141998, 0.9008486866950989, 1.49405038356781], [-0.8347266912460327, 0.3410590589046478, 0.43233102560043335, -0.4164387583732605], [0.0, 0.0, 0.0, 1.0]]}, "finger3joint3": {"matrix": [[-0.4281674027442932, -0.6184452176094055, -0.6589369177818298, -1.9662020206451416], [0.215708389878273, -0.7780200839042664, 0.590046226978302, 1.362089991569519], [-0.8775777220726013, 0.11050022393465042, 0.4665266275405884, -0.19574615359306335], [0.0, 0.0, 0.0, 1.0]]}, "Bone.003": {"matrix": [[-0.08000248670578003, 0.10476945340633392, 0.9912732839584351, -0.8256518244743347], [0.9151937961578369, 0.4017890691757202, 0.031396668404340744, 0.445828914642334], [-0.3949933350086212, 0.9097191691398621, -0.12802833318710327, -0.8488030433654785], [0.0, 0.0, 0.0, 1.0]]}, "finger4joint1": {"matrix": [[-0.2365502119064331, -0.8248593807220459, 0.5134690999984741, -0.7807456851005554], [0.21433638036251068, 0.47114819288253784, 0.8556160926818848, 0.6180434823036194], [-0.9476833939552307, 0.3124512732028961, 0.06534729897975922, -0.4588797390460968], [0.0, 0.0, 0.0, 1.0]]}, "finger4joint2": {"matrix": [[-0.2454371303319931, -0.8637896776199341, -0.44003117084503174, -1.600127100944519], [0.24156233668327332, -0.49409276247024536, 0.835176408290863, 1.0860627889633179], [-0.9388332962989807, 0.09868820011615753, 0.32992786169052124, -0.14850345253944397], [0.0, 0.0, 0.0, 1.0]]}, "finger4joint3": {"matrix": [[-0.16632090508937836, -0.562729001045227, -0.8097362518310547, -1.9603818655014038], [0.2695547938346863, -0.815842866897583, 0.5116056203842163, 0.8799951076507568], [-0.9485131502151489, -0.13317778706550598, 0.2873780429363251, -0.10734426975250244], [0.0, 0.0, 0.0, 1.0]]}}