{"root": {"matrix": [[0.3361630141735077, -0.6571502685546875, -0.6746465563774109, -5.960464477539063e-08], [-0.39765527844429016, 0.550312340259552, -0.7341843247413635, 0.0], [0.8537356853485107, 0.5150824189186096, -0.07632467150688171, 0.0], [0.0, 0.0, 0.0, 1.0]]}, "carpals": {"matrix": [[0.7334528565406799, -0.6787099242210388, 0.03741127625107765, 0.1928424835205078], [-0.030230026692152023, 0.022413766011595726, 0.9992914795875549, -0.2780907154083252], [-0.6790676116943359, -0.7340642213821411, -0.004077763296663761, 2.443453073501587], [0.0, 0.0, 0.0, 1.0]]}, "metacarpals": {"matrix": [[0.32521945238113403, -0.49517109990119934, 0.805628776550293, -0.4682168960571289], [-0.8939926624298096, 0.11669836193323135, 0.4326179623603821, -0.2562597990036011], [-0.30823570489883423, -0.8609220385551453, -0.40472668409347534, 1.7284787893295288], [0.0, 0.0, 0.0, 1.0]]}, "finger5joint1": {"matrix": [[0.287033349275589, -0.6986310482025146, 0.6553826332092285, -1.139270305633545], [-0.8325143456459045, 0.15650080144405365, 0.5314387083053589, -0.210763618350029], [-0.4738476574420929, -0.6981560587882996, -0.5366992950439453, 1.4577531814575195], [0.0, 0.0, 0.0, 1.0]]}, "finger5joint2": {"matrix": [[0.6814128160476685, -0.3569367229938507, -0.638961911201477, -1.8772149085998535], [0.5297221541404724, -0.3619067668914795, 0.7670837640762329, -0.045456185936927795], [-0.5050450563430786, -0.8611730337142944, -0.05753039941191673, 0.7203103303909302], [0.0, 0.0, 0.0, 1.0]]}, "finger5joint3": {"matrix": [[0.6792545318603516, -0.22032921016216278, -0.7000485062599182, -2.1225500106811523], [0.4505847096443176, -0.6277278065681458, 0.6347681879997253, -0.2942073941230774], [-0.5792979598045349, -0.7466005086898804, -0.32710981369018555, 0.1283959001302719], [0.0, 0.0, 0.0, 1.0]]}, "Bone": {"matrix": [[0.4695335626602173, 0.10558551549911499, 0.8765784502029419, -1.241316556930542], [-0.2895509898662567, -0.9195013642311096, 0.26585179567337036, -0.07406121492385864], [0.8340851664543152, -0.3786407709121704, -0.40116432309150696, 0.3843405246734619], [0.0, 0.0, 0.0, 1.0]]}, "finger1joint1": {"matrix": [[0.40797191858291626, -0.645902693271637, 0.6452662348747253, -1.153449535369873], [-0.8890963792800903, -0.12042064964771271, 0.44159504771232605, -0.8392589688301086], [-0.20752432942390442, -0.7538622617721558, -0.6233978867530823, 0.06924030184745789], [0.0, 0.0, 0.0, 1.0]]}, "finger1joint2": {"matrix": [[0.2049802839756012, -0.9787461161613464, 0.006252865307033062, -1.518499732017517], [-0.9787392020225525, -0.2050178200006485, -0.006094724405556917, -0.9073180556297302], [0.007246886380016804, -0.004870655480772257, -0.9999617338180542, -0.3568262755870819], [0.0, 0.0, 0.0, 1.0]]}, "finger1joint3": {"matrix": [[0.24032823741436005, -0.7913538813591003, -0.5621399283409119, -1.9380719661712646], [-0.9661406874656677, -0.25102031230926514, -0.059673771262168884, -0.9952058792114258], [-0.09388571977615356, 0.5574474334716797, -0.8248863816261292, -0.35891425609588623], [0.0, 0.0, 0.0, 1.0]]}, "Bone.001": {"matrix": [[0.5774498581886292, 0.2201964557170868, 0.7861710786819458, -1.2413164377212524], [-0.5500532388687134, -0.6066607236862183, 0.5739371180534363, -0.07406127452850342], [0.6033179759979248, -0.7638561129570007, -0.22919626533985138, 0.3843405842781067], [0.0, 0.0, 0.0, 1.0]]}, "finger2joint1": {"matrix": [[0.3665637671947479, -0.3892129063606262, 0.845070481300354, -1.1017374992370605], [-0.9108836054801941, 0.03489843010902405, 0.41118451952934265, -0.4586135745048523], [-0.1895301789045334, -0.920486330986023, -0.3417351245880127, -0.09985530376434326], [0.0, 0.0, 0.0, 1.0]]}, "finger2joint2": {"matrix": [[0.25019440054893494, -0.8352057337760925, 0.4897284507751465, -1.438464641571045], [-0.9380803108215332, -0.08394068479537964, 0.33609384298324585, -0.4284212291240692], [-0.23959963023662567, -0.543493390083313, -0.8044915199279785, -0.896213173866272], [0.0, 0.0, 0.0, 1.0]]}, "finger2joint3": {"matrix": [[0.10798119753599167, -0.9590656161308289, -0.26178810000419617, -1.7555224895477295], [-0.9677707552909851, -0.16166706383228302, 0.1930883675813675, -0.4602864980697632], [-0.22750720381736755, 0.23250097036361694, -0.9456126689910889, -1.102532148361206], [0.0, 0.0, 0.0, 1.0]]}, "Bone.002": {"matrix": [[0.5549905300140381, -0.15115323662757874, 0.8180086612701416, -1.2413164377212524], [-0.8262242674827576, 0.014074692502617836, 0.5631653070449829, -0.07406127452850342], [-0.09663766622543335, -0.9884099960327148, -0.11707507073879242, 0.3843405544757843], [0.0, 0.0, 0.0, 1.0]]}, "finger3joint1": {"matrix": [[0.6203737258911133, -0.1848948746919632, 0.7622009515762329, -1.305029034614563], [-0.710957407951355, -0.5429210066795349, 0.446963369846344, -0.06812864542007446], [0.33117347955703735, -0.8191767334938049, -0.46826618909835815, -0.0322842001914978], [0.0, 0.0, 0.0, 1.0]]}, "finger3joint2": {"matrix": [[0.5532921552658081, -0.7250056266784668, 0.41016411781311035, -1.4672155380249023], [-0.8046582341194153, -0.5925131440162659, 0.03812040761113167, -0.5443689823150635], [0.21538987755775452, -0.35113370418548584, -0.9112146496772766, -0.7508508563041687], [0.0, 0.0, 0.0, 1.0]]}, "finger3joint3": {"matrix": [[0.4397760331630707, -0.8743094205856323, 0.2053779512643814, -1.9363521337509155], [-0.8280012607574463, -0.48327821493148804, -0.28435176610946655, -0.9277725219726562], [0.34786584973335266, -0.04500218853354454, -0.936463475227356, -0.978062629699707], [0.0, 0.0, 0.0, 1.0]]}, "Bone.003": {"matrix": [[0.7330939769744873, -0.07070835679769516, 0.6764419078826904, -1.241316556930542], [-0.24117904901504517, 0.9029214978218079, 0.3557601571083069, -0.07406127452850342], [-0.6359291076660156, -0.4239490330219269, 0.6448729634284973, 0.3843405246734619], [0.0, 0.0, 0.0, 1.0]]}, "finger4joint1": {"matrix": [[0.15693825483322144, -0.2659471035003662, 0.9511269330978394, -1.2716233730316162], [-0.7529152631759644, 0.591027021408081, 0.2894914746284485, 0.31294840574264526], [-0.6391312479972839, -0.7615501284599304, -0.10748080909252167, 0.20262771844863892], [0.0, 0.0, 0.0, 1.0]]}, "finger4joint2": {"matrix": [[0.16913779079914093, -0.6960659623146057, 0.6977710723876953, -1.5358045101165771], [-0.7334386110305786, 0.3840338885784149, 0.5608790516853333, 0.9000505208969116], [-0.6583766341209412, -0.6066379547119141, -0.44556692242622375, -0.5538649559020996], [0.0, 0.0, 0.0, 1.0]]}, "finger4joint3": {"matrix": [[0.2161879688501358, -0.8713860511779785, 0.44039636850357056, -1.8261076211929321], [-0.7709495425224304, 0.12441426515579224, 0.6246258616447449, 1.0602167844772339], [-0.5990819334983826, -0.4745599031448364, -0.6448976993560791, -0.8068711161613464], [0.0, 0.0, 0.0, 1.0]]}}