{"root": {"matrix": [[0.32927173376083374, -0.45950236916542053, 0.8248865008354187, -2.9802322387695312e-08], [0.2605586349964142, -0.7954664826393127, -0.5471217632293701, -5.960464477539063e-08], [0.9075733423233032, 0.395082950592041, -0.1421973556280136, 2.9802322387695312e-08], [0.0, 0.0, 0.0, 1.0]]}, "carpals": {"matrix": [[-0.7684025764465332, -0.41681262850761414, 0.4856175482273102, 0.20213206112384796], [-0.5131622552871704, -0.052103687077760696, -0.8567085266113281, -0.12785811722278595], [0.38238948583602905, -0.9074977040290833, -0.17385609447956085, 2.4551539421081543], [0.0, 0.0, 0.0, 1.0]]}, "metacarpals": {"matrix": [[0.06519484519958496, -0.5576738715171814, 0.8274957537651062, -0.20384103059768677], [-0.987572968006134, 0.08277851343154907, 0.13359352946281433, -0.1786068081855774], [-0.14300061762332916, -0.8259219527244568, -0.5453470945358276, 1.571256399154663], [0.0, 0.0, 0.0, 1.0]]}, "finger5joint1": {"matrix": [[-0.14442844688892365, -0.6681086421012878, 0.7299116253852844, -0.8739326596260071], [-0.8697913289070129, 0.4374328553676605, 0.2282879501581192, -0.0130385160446167], [-0.4718085527420044, -0.6018993854522705, -0.644292950630188, 1.3493578433990479], [0.0, 0.0, 0.0, 1.0]]}, "finger5joint2": {"matrix": [[0.836698591709137, -0.5412868857383728, -0.08332691341638565, -1.5796372890472412], [0.2169932723045349, 0.1879567950963974, 0.9579070210456848, 0.44900965690612793], [-0.5028409957885742, -0.819560706615448, 0.2747189402580261, 0.713588297367096], [0.0, 0.0, 0.0, 1.0]]}, "finger5joint3": {"matrix": [[0.7858254909515381, -0.5939778685569763, -0.17224392294883728, -1.951682686805725], [0.18052507936954498, -0.04607374593615532, 0.9824904799461365, 0.578199028968811], [-0.5915138125419617, -0.8031603693962097, 0.0710221379995346, 0.15027546882629395], [0.0, 0.0, 0.0, 1.0]]}, "Bone": {"matrix": [[0.48904597759246826, -0.1613258272409439, 0.8572092652320862, -1.0745246410369873], [-0.24532689154148102, -0.9685165286064148, -0.04231240227818489, -0.04936659336090088], [0.8370473384857178, -0.18960388004779816, -0.5132268667221069, 0.2817630171775818], [0.0, 0.0, 0.0, 1.0]]}, "finger1joint1": {"matrix": [[0.3358665406703949, -0.5638435482978821, 0.7545024156570435, -1.2087780237197876], [-0.9350190162658691, -0.2962990701198578, 0.19479767978191376, -0.8553541302680969], [0.11372274160385132, -0.7709000706672668, -0.6267215013504028, 0.12397697567939758], [0.0, 0.0, 0.0, 1.0]]}, "finger1joint2": {"matrix": [[0.10141420364379883, -0.9716833829879761, 0.2134159505367279, -1.5274502038955688], [-0.9438151121139526, -0.16179539263248444, -0.2881583571434021, -1.0228158235549927], [0.3145282566547394, -0.17220164835453033, -0.9334978461265564, -0.31171900033950806], [0.0, 0.0, 0.0, 1.0]]}, "finger1joint3": {"matrix": [[0.1580856293439865, -0.774813175201416, -0.6121056079864502, -1.9439949989318848], [-0.9615709185600281, 0.02012740634381771, -0.2738180160522461, -1.0921748876571655], [0.22447778284549713, 0.6318697333335876, -0.741855800151825, -0.3855390250682831], [0.0, 0.0, 0.0, 1.0]]}, "Bone.001": {"matrix": [[0.503085732460022, -0.02563393861055374, 0.8638560771942139, -1.0745247602462769], [-0.561684787273407, -0.7693658471107483, 0.3042795956134796, -0.04936659336090088], [0.6568213701248169, -0.6382936835289001, -0.4014553725719452, 0.2817630171775818], [0.0, 0.0, 0.0, 1.0]]}, "finger2joint1": {"matrix": [[0.11593883484601974, -0.7326740026473999, 0.6706315875053406, -1.090773582458496], [-0.9928922057151794, -0.06721403449773788, 0.09821908175945282, -0.5370549559593201], [-0.02688685432076454, -0.6772522330284119, -0.7352592349052429, -0.12284088134765625], [0.0, 0.0, 0.0, 1.0]]}, "finger2joint2": {"matrix": [[-0.013266108930110931, -0.9677405953407288, -0.2515985667705536, -1.724645733833313], [-0.9997127056121826, 0.007814234122633934, 0.022655656561255455, -0.5952051281929016], [-0.019958876073360443, 0.25182709097862244, -0.967566192150116, -0.708764910697937], [0.0, 0.0, 0.0, 1.0]]}, "finger2joint3": {"matrix": [[-0.10164139419794083, -0.24533306062221527, -0.9640955924987793, -2.0920157432556152], [-0.9902176260948181, 0.11807180196046829, 0.07434964179992676, -0.59223872423172], [0.09559197723865509, 0.962221622467041, -0.2549338936805725, -0.6131672263145447], [0.0, 0.0, 0.0, 1.0]]}, "Bone.002": {"matrix": [[0.3290674388408661, -0.26606833934783936, 0.906047523021698, -1.0745247602462769], [-0.9437652230262756, -0.12514455616474152, 0.30601635575294495, -0.049366556107997894], [0.031965505331754684, -0.9557960629463196, -0.2922872006893158, 0.2817630469799042], [0.0, 0.0, 0.0, 1.0]]}, "finger3joint1": {"matrix": [[0.44655677676200867, -0.235122412443161, 0.8633100986480713, -1.1866751909255981], [-0.7443450093269348, -0.6330460906028748, 0.21261066198349, -0.10211622714996338], [0.4965253174304962, -0.7375431656837463, -0.4577033221721649, -0.12111461162567139], [0.0, 0.0, 0.0, 1.0]]}, "finger3joint2": {"matrix": [[0.3699299991130829, -0.8031984567642212, 0.46693021059036255, -1.3929201364517212], [-0.842759907245636, -0.5016412138938904, -0.1952226758003235, -0.6574125289916992], [0.39103376865386963, -0.32129114866256714, -0.8624756932258606, -0.7680738568305969], [0.0, 0.0, 0.0, 1.0]]}, "finger3joint3": {"matrix": [[0.24582873284816742, -0.9474014043807983, 0.20493583381175995, -1.912653923034668], [-0.8217642903327942, -0.3158257007598877, -0.4742969870567322, -0.9820147752761841], [0.5140734314918518, -0.05181291699409485, -0.8561796545982361, -0.975974977016449], [0.0, 0.0, 0.0, 1.0]]}, "Bone.003": {"matrix": [[0.5705562233924866, 0.09064638614654541, 0.816240668296814, -1.0745246410369873], [-0.5296800136566162, 0.8001623153686523, 0.28138813376426697, -0.049366533756256104], [-0.6276183128356934, -0.5928940176963806, 0.5045509934425354, 0.2817630171775818], [0.0, 0.0, 0.0, 1.0]]}, "finger4joint1": {"matrix": [[-0.18259422481060028, -0.4575478136539459, 0.8702350854873657, -1.0356718301773071], [-0.8484582304954529, 0.5205446481704712, 0.09566433727741241, 0.2935985326766968], [-0.49676719307899475, -0.72089022397995, -0.48325881361961365, 0.027637183666229248], [0.0, 0.0, 0.0, 1.0]]}, "finger4joint2": {"matrix": [[-0.17619623243808746, -0.7623695731163025, 0.6226934790611267, -1.4901810884475708], [-0.8342971801757812, 0.45137718319892883, 0.31655412912368774, 0.8106862902641296], [-0.5224008560180664, -0.46373558044433594, -0.7155739665031433, -0.6884656548500061], [0.0, 0.0, 0.0, 1.0]]}, "finger4joint3": {"matrix": [[-0.12130395323038101, -0.9171288013458252, 0.37968385219573975, -1.808137059211731], [-0.8734720349311829, 0.2803286910057068, 0.3980729579925537, 0.9989389777183533], [-0.47152039408683777, -0.283355176448822, -0.8350914716720581, -0.8818725943565369], [0.0, 0.0, 0.0, 1.0]]}}