{"root": {"matrix": [[0.3280937969684601, -0.322366327047348, 0.8879383206367493, 0.0], [0.848676860332489, 0.5133882761001587, -0.1272008717060089, 0.0], [-0.41485175490379333, 0.7953065633773804, 0.4420243501663208, 0.0], [0.0, 0.0, 0.0, 1.0]]}, "carpals": {"matrix": [[-0.7021488547325134, -0.5178821682929993, 0.48865607380867004, 0.3266105055809021], [0.18113313615322113, -0.7936236262321472, -0.5808201432228088, 2.4360742568969727], [0.6886054873466492, -0.3193105161190033, 0.6510476469993591, -0.2094126045703888], [0.0, 0.0, 0.0, 1.0]]}, "metacarpals": {"matrix": [[0.27022284269332886, -0.7562501430511475, 0.5958733558654785, -0.177803635597229], [-0.7270908355712891, -0.5659841299057007, -0.38858792185783386, 1.6630895137786865], [0.6311246156692505, -0.32824885845184326, -0.7028045654296875, -0.520419180393219], [0.0, 0.0, 0.0, 1.0]]}, "finger5joint1": {"matrix": [[0.43971875309944153, -0.6532971262931824, 0.6163197159767151, -0.9019101858139038], [-0.6026519536972046, -0.7234207987785339, -0.3368569612503052, 1.6275315284729004], [0.6659263372421265, -0.22330409288406372, -0.7118126749992371, -0.5293704271316528], [0.0, 0.0, 0.0, 1.0]]}, "finger5joint2": {"matrix": [[0.6588372588157654, -0.5746861100196838, -0.4854573905467987, -1.5919698476791382], [-0.2280595302581787, -0.7675201892852783, 0.5990833044052124, 0.863402247428894], [-0.7168835401535034, -0.283985435962677, -0.6367338299751282, -0.7652403712272644], [0.0, 0.0, 0.0, 1.0]]}, "finger5joint3": {"matrix": [[0.6280328035354614, -0.5370649099349976, -0.5631479024887085, -1.9869717359542847], [-0.33135029673576355, -0.8393430113792419, 0.4309402108192444, 0.33585870265960693], [-0.7041174173355103, -0.08404550701379776, -0.7050918936729431, -0.9604335427284241], [0.0, 0.0, 0.0, 1.0]]}, "Bone": {"matrix": [[0.735776960849762, 0.04208057001233101, 0.6759150624275208, -1.3585200309753418], [0.4776938259601593, -0.7397173047065735, -0.4739479720592499, 0.7794311046600342], [0.48004215955734253, 0.6716005802154541, -0.5643686652183533, -1.0329067707061768], [0.0, 0.0, 0.0, 1.0]]}, "finger1joint1": {"matrix": [[0.5148098468780518, -0.6808696985244751, 0.5209481716156006, -1.3235011100769043], [-0.5627445578575134, -0.7268003821372986, -0.3938013017177582, 0.16384749114513397], [0.6467528343200684, -0.0904279500246048, -0.7573198676109314, -0.4740090072154999], [0.0, 0.0, 0.0, 1.0]]}, "finger1joint2": {"matrix": [[0.3452726900577545, -0.931822657585144, -0.11177228391170502, -1.7083139419555664], [-0.40147867798805237, -0.03900272026658058, -0.9150373935699463, -0.24692431092262268], [0.8482933044433594, 0.360811710357666, -0.38757359981536865, -0.5251169800758362], [0.0, 0.0, 0.0, 1.0]]}, "finger1joint3": {"matrix": [[0.36613020300865173, -0.24180366098880768, -0.8985986113548279, -2.1077709197998047], [-0.49038058519363403, 0.7705544829368591, -0.40715157985687256, -0.26364412903785706], [0.7908701300621033, 0.589725911617279, 0.16354750096797943, -0.3704429268836975], [0.0, 0.0, 0.0, 1.0]]}, "Bone.001": {"matrix": [[0.7808741331100464, 0.0017353668808937073, 0.6246857047080994, -1.3585200309753418], [0.13984782993793488, -0.9751010537147522, -0.17210501432418823, 0.7794311046600342], [0.6088331341743469, 0.22175326943397522, -0.7616741061210632, -1.0329067707061768], [0.0, 0.0, 0.0, 1.0]]}, "finger2joint1": {"matrix": [[0.8580194115638733, -0.39245831966400146, 0.3313288390636444, -1.3574200868606567], [-0.18732629716396332, -0.8397707939147949, -0.5096012949943542, 0.16133058071136475], [0.4782376289367676, 0.37518125772476196, -0.7940576672554016, -0.892340898513794], [0.0, 0.0, 0.0, 1.0]]}, "finger2joint2": {"matrix": [[0.7847074866294861, -0.5276185274124146, 0.3253500461578369, -1.6969549655914307], [-0.2146020382642746, -0.7236536741256714, -0.6559503674507141, -0.5651962757110596], [0.5815324783325195, 0.44490835070610046, -0.6810846328735352, -0.5677533149719238], [0.0, 0.0, 0.0, 1.0]]}, "finger2joint3": {"matrix": [[0.6867815256118774, -0.687088131904602, 0.23715117573738098, -1.8972474336624146], [-0.23671174049377441, -0.5198995471000671, -0.820775032043457, -0.839907169342041], [0.6872397065162659, 0.507556676864624, -0.5196994543075562, -0.39885878562927246], [0.0, 0.0, 0.0, 1.0]]}, "Bone.002": {"matrix": [[0.5509895086288452, -0.4662908911705017, 0.6920861005783081, -1.3585200309753418], [-0.5769720077514648, -0.8120349049568176, -0.0877624899148941, 0.7794311046600342], [0.6029210686683655, -0.3509582579135895, -0.7164596915245056, -1.0329067707061768], [0.0, 0.0, 0.0, 1.0]]}, "finger3joint1": {"matrix": [[0.6443725824356079, -0.015522590838372707, 0.7645540237426758, -1.5550663471221924], [-0.0808042660355568, -0.9955787658691406, 0.047889094799757004, 0.437150239944458], [0.760430634021759, -0.09263764321804047, -0.6427780389785767, -1.1808390617370605], [0.0, 0.0, 0.0, 1.0]]}, "finger3joint2": {"matrix": [[0.603661060333252, -0.6041097640991211, 0.5202350616455078, -1.5686824321746826], [-0.23900720477104187, -0.759662389755249, -0.6048044562339783, -0.43615302443504333], [0.7605714201927185, 0.24075695872306824, -0.6029652953147888, -1.262099266052246], [0.0, 0.0, 0.0, 1.0]]}, "finger3joint3": {"matrix": [[0.4768528640270233, -0.803400993347168, 0.35659223794937134, -1.9595900774002075], [-0.17128846049308777, -0.48284393548965454, -0.8587908744812012, -0.9277156591415405], [0.8621320128440857, 0.34843680262565613, -0.36785888671875, -1.1063101291656494], [0.0, 0.0, 0.0, 1.0]]}, "Bone.003": {"matrix": [[0.5005456209182739, -0.2701549232006073, 0.8224781155586243, -1.3585199117660522], [-0.8500936627388, 0.02625717967748642, 0.525976300239563, 0.779431164264679], [-0.16369113326072693, -0.9624587893486023, -0.21651408076286316, -1.0329066514968872], [0.0, 0.0, 0.0, 1.0]]}, "finger4joint1": {"matrix": [[-0.10783559083938599, -0.9811580181121826, 0.1603127419948578, -1.4743136167526245], [-0.842927098274231, 0.004737765062600374, -0.5380064845085144, 0.7906853556632996], [0.5271099805831909, -0.19314827024936676, -0.827555775642395, -1.4454352855682373], [0.0, 0.0, 0.0, 1.0]]}, "finger4joint2": {"matrix": [[-0.1271827071905136, 0.0808236226439476, -0.9885806441307068, -2.44895601272583], [-0.8528286814689636, 0.5000030994415283, 0.15059708058834076, 0.7953917384147644], [0.5064653158187866, 0.8622437119483948, 0.00533693004399538, -1.6373008489608765], [0.0, 0.0, 0.0, 1.0]]}, "finger4joint3": {"matrix": [[-0.11898582428693771, 0.6324772238731384, -0.7653852105140686, -2.4152474403381348], [-0.893551766872406, 0.267886757850647, 0.360279381275177, 1.0039244890213013], [0.4329051375389099, 0.7267798185348511, 0.5332766175270081, -1.2776910066604614], [0.0, 0.0, 0.0, 1.0]]}}