{"root": {"matrix": [[0.20213834941387177, -0.9581723809242249, 0.202597513794899, 0.0], [-0.2988605201244354, -0.25735074281692505, -0.9189411997795105, 0.0], [0.9326426982879639, 0.12520484626293182, -0.3383804261684418, 0.0], [0.0, 0.0, 0.0, 1.0]]}, "carpals": {"matrix": [[-0.2599165141582489, -0.3020569682121277, -0.9171721339225769, -0.5035214424133301], [0.9405049085617065, 0.13607366383075714, -0.31134262681007385, -0.8244511485099792], [0.21884644031524658, -0.9435280561447144, 0.24871826171875, 2.269742488861084], [0.0, 0.0, 0.0, 1.0]]}, "metacarpals": {"matrix": [[-0.20450973510742188, -0.6615334749221802, -0.7214908599853516, -0.7977230548858643], [0.9364293813705444, 0.0824475958943367, -0.3410310745239258, -0.6919162273406982], [0.2850889265537262, -0.7453694343566895, 0.6026180386543274, 1.3507518768310547], [0.0, 0.0, 0.0, 1.0]]}, "finger5joint1": {"matrix": [[-0.267766535282135, -0.629766583442688, -0.7291740775108337, -0.8425575494766235], [0.9259152412414551, 0.04107724130153656, -0.3754909038543701, -0.6688880324363708], [0.26642441749572754, -0.7756973505020142, 0.5721113681793213, 0.6274716854095459], [0.0, 0.0, 0.0, 1.0]]}, "finger5joint2": {"matrix": [[-0.6844304203987122, -0.6621542572975159, 0.30513298511505127, -1.5077626705169678], [-0.4120705723762512, 0.006066890899091959, -0.9111315011978149, -0.6254993081092834], [0.6014585494995117, -0.7493424415588379, -0.277007132768631, -0.19187593460083008], [0.0, 0.0, 0.0, 1.0]]}, "finger5joint3": {"matrix": [[-0.7590132355690002, -0.6343641877174377, 0.1465616226196289, -1.9628843069076538], [-0.3589152991771698, 0.21986529231071472, -0.9071044921875, -0.6213293075561523], [0.5432109236717224, -0.7411075830459595, -0.394564151763916, -0.7069252729415894], [0.0, 0.0, 0.0, 1.0]]}, "Bone": {"matrix": [[0.6806237101554871, -0.19401176273822784, -0.7064775228500366, -1.830560564994812], [0.09232648462057114, 0.9793253540992737, -0.17999303340911865, -0.5631927251815796], [0.7267921566963196, 0.05728119611740112, 0.6844645738601685, 0.1870233416557312], [0.0, 0.0, 0.0, 1.0]]}, "finger1joint1": {"matrix": [[0.448337197303772, -0.6745575070381165, -0.5864858031272888, -1.992014765739441], [0.2944251000881195, 0.7309531569480896, -0.6156469583511353, 0.25178974866867065], [0.8439830541610718, 0.10334152728319168, 0.5263200998306274, 0.2346920520067215], [0.0, 0.0, 0.0, 1.0]]}, "finger1joint2": {"matrix": [[0.6190100312232971, -0.11424998939037323, -0.7770285606384277, -2.3732597827911377], [0.45320481061935425, 0.859983503818512, 0.23459263145923615, 0.6649086475372314], [0.641429603099823, -0.49736806750297546, 0.5841171741485596, 0.29309844970703125], [0.0, 0.0, 0.0, 1.0]]}, "finger1joint3": {"matrix": [[0.5409080982208252, 0.7125153541564941, -0.4469229578971863, -2.4222371578216553], [0.4427757263183594, 0.21054938435554504, 0.8715609908103943, 1.0335694551467896], [0.7151000499725342, -0.6693210601806641, -0.20159637928009033, 0.07988493144512177], [0.0, 0.0, 0.0, 1.0]]}, "Bone.001": {"matrix": [[0.48650240898132324, -0.651470422744751, -0.5821523666381836, -1.8305604457855225], [0.3962835669517517, 0.7583810687065125, -0.5175104737281799, -0.5631927251815796], [0.7786362767219543, 0.021072907373309135, 0.6271212697029114, 0.18702332675457], [0.0, 0.0, 0.0, 1.0]]}, "finger2joint1": {"matrix": [[-0.03241303190588951, -0.08258246630430222, -0.996056854724884, -2.2435169219970703], [0.6402584910392761, 0.7635373473167419, -0.08413931727409363, -0.08246731758117676], [0.7674752473831177, -0.6404610276222229, 0.028125638142228127, 0.20038112998008728], [0.0, 0.0, 0.0, 1.0]]}, "finger2joint2": {"matrix": [[0.05243927240371704, 0.05463037267327309, -0.9971285462379456, -2.3149631023406982], [0.7117075324058533, 0.6983858942985535, 0.0756918415427208, 0.578106164932251], [0.7005159258842468, -0.7136330008506775, -0.002257904037833214, -0.35371309518814087], [0.0, 0.0, 0.0, 1.0]]}, "finger2joint3": {"matrix": [[0.14724433422088623, 0.268936425447464, -0.951836109161377, -2.294224500656128], [0.7774844765663147, 0.5634005665779114, 0.2794589400291443, 0.8432248830795288], [0.6114219427108765, -0.781186580657959, -0.12613622844219208, -0.6246198415756226], [0.0, 0.0, 0.0, 1.0]]}, "Bone.002": {"matrix": [[-0.0964369922876358, -0.8683653473854065, -0.4864579141139984, -1.8305604457855225], [0.8209272623062134, 0.2069716453552246, -0.5322039723396301, -0.5631926655769348], [0.5628307461738586, -0.4506705701351166, 0.6929050087928772, 0.1870233416557312], [0.0, 0.0, 0.0, 1.0]]}, "finger3joint1": {"matrix": [[-0.007672253996133804, -0.7881211638450623, -0.615472137928009, -2.196585178375244], [0.8739768266677856, 0.29379481077194214, -0.387103408575058, -0.47595202922821045], [0.48590725660324097, -0.540878176689148, 0.6865455508232117, -0.0029388070106506348], [0.0, 0.0, 0.0, 1.0]]}, "finger3joint2": {"matrix": [[-0.10831356793642044, 0.5726558566093445, -0.8126090168952942, -2.8879103660583496], [0.9237879514694214, 0.35996556282043457, 0.13053946197032928, -0.2182406485080719], [0.3672657907009125, -0.7365391254425049, -0.5680015683174133, -0.47738710045814514], [0.0, 0.0, 0.0, 1.0]]}, "finger3joint3": {"matrix": [[0.058427780866622925, 0.9927899837493896, -0.10466174781322479, -2.5173561573028564], [0.905385434627533, -0.008531641215085983, 0.4245047867298126, 0.014685966074466705], [0.42055147886276245, -0.11956232041120529, -0.899355947971344, -0.953987181186676], [0.0, 0.0, 0.0, 1.0]]}, "Bone.003": {"matrix": [[-0.7728902697563171, -0.5557846426963806, 0.30617624521255493, -1.830560564994812], [0.3680057227611542, -0.7856914401054382, -0.4972531199455261, -0.5631927251815796], [0.5169258713722229, -0.2716476321220398, 0.8117851614952087, 0.1870233416557312], [0.0, 0.0, 0.0, 1.0]]}, "finger4joint1": {"matrix": [[-0.4846339225769043, -0.5428687334060669, -0.6858739256858826, -2.0687808990478516], [0.87074875831604, -0.37401315569877625, -0.3192341923713684, -0.8999552726745605], [-0.08322329074144363, -0.7519357800483704, 0.6539618968963623, 0.07058995962142944], [0.0, 0.0, 0.0, 1.0]]}, "finger4joint2": {"matrix": [[-0.510104775428772, 0.14384087920188904, -0.847999095916748, -2.608044147491455], [0.8556194305419922, -0.015774372965097427, -0.5173645615577698, -1.271484613418579], [-0.08779453486204147, -0.9894749522209167, -0.11502650380134583, -0.6763523817062378], [0.0, 0.0, 0.0, 1.0]]}, "finger4joint3": {"matrix": [[-0.5078363418579102, 0.8346651196479797, 0.21315696835517883, -2.54805326461792], [0.8614459037780762, 0.4930594861507416, 0.1216670498251915, -1.2780635356903076], [-0.0035475038457661867, 0.24541020393371582, -0.969412624835968, -1.089025616645813], [0.0, 0.0, 0.0, 1.0]]}}