{"root": {"matrix": [[0.2647324502468109, -0.920513391494751, -0.2873530685901642, -5.960464477539063e-08], [-0.3501100540161133, 0.18590319156646729, -0.918075680732727, 1.4901161193847656e-08], [0.898520827293396, 0.34364962577819824, -0.2730664610862732, 0.0], [0.0, 0.0, 0.0, 1.0]]}, "carpals": {"matrix": [[0.8071223497390747, -0.34900209307670593, -0.47618368268013, -0.2700219452381134], [0.49589860439300537, -0.036916349083185196, 0.8675951957702637, -0.5065838098526001], [-0.3203714191913605, -0.9363943934440613, 0.14327384531497955, 2.3990511894226074], [0.0, 0.0, 0.0, 1.0]]}, "metacarpals": {"matrix": [[0.6274787783622742, -0.6540322303771973, 0.42250680923461914, -0.6099478006362915], [-0.3720758557319641, 0.22480033338069916, 0.9005687236785889, -0.5425400733947754], [-0.6839808225631714, -0.7222923636436462, -0.10229197889566422, 1.4870085716247559], [0.0, 0.0, 0.0, 1.0]]}, "finger5joint1": {"matrix": [[0.4779444932937622, -0.5513945817947388, 0.6837638020515442, -1.2670905590057373], [-0.35476362705230713, 0.5909431576728821, 0.7245195508003235, -0.7194316387176514], [-0.8035618662834167, -0.5888545513153076, 0.08682343363761902, 1.2369132041931152], [0.0, 0.0, 0.0, 1.0]]}, "finger5joint2": {"matrix": [[0.7378809452056885, -0.3244533836841583, -0.5918288230895996, -1.8495135307312012], [0.6220608353614807, 0.6671411395072937, 0.40983229875564575, -0.0952346920967102], [0.26186197996139526, -0.6705607175827026, 0.6941007375717163, 0.6149224042892456], [0.0, 0.0, 0.0, 1.0]]}, "finger5joint3": {"matrix": [[0.735827624797821, -0.2806703746318817, -0.6162640452384949, -2.072521686553955], [0.6581147909164429, 0.5107646584510803, 0.5531760454177856, 0.36331474781036377], [0.1595059186220169, -0.8126146793365479, 0.5605484247207642, 0.15402252972126007], [0.0, 0.0, 0.0, 1.0]]}, "Bone": {"matrix": [[0.7050014138221741, 0.4343755543231964, 0.5606163740158081, -1.6310737133026123], [-0.3549220561981201, -0.4682796001434326, 0.8091626763343811, -0.19156435132026672], [0.6140056252479553, -0.7694361805915833, -0.17596815526485443, 0.3593096137046814], [0.0, 0.0, 0.0, 1.0]]}, "finger1joint1": {"matrix": [[0.7162424921989441, -0.6754180192947388, 0.1755191832780838, -1.2695918083190918], [-0.3753744661808014, -0.16085420548915863, 0.9128086566925049, -0.5812608599662781], [-0.5882946252822876, -0.7196778655052185, -0.3687450885772705, -0.2810056805610657], [0.0, 0.0, 0.0, 1.0]]}, "finger1joint2": {"matrix": [[0.642159640789032, -0.7474482655525208, 0.1701529175043106, -1.6513235569000244], [-0.6321694254875183, -0.3908138871192932, 0.6690487265586853, -0.6721721291542053], [-0.4335814118385315, -0.5372016429901123, -0.7234786748886108, -0.6877520084381104], [0.0, 0.0, 0.0, 1.0]]}, "finger1joint3": {"matrix": [[0.6830770969390869, -0.6970388293266296, -0.21804232895374298, -1.9717422723770142], [-0.5463970899581909, -0.6858275532722473, 0.48071885108947754, -0.8397076725959778], [-0.4846193790435791, -0.2092304825782776, -0.8493329286575317, -0.9180415272712708], [0.0, 0.0, 0.0, 1.0]]}, "Bone.001": {"matrix": [[0.8712608218193054, 0.31517982482910156, 0.37625250220298767, -1.6310739517211914], [-0.3943686783313751, -0.0068227932788431644, 0.9189267754554749, -0.19156436622142792], [0.2921942472457886, -0.9490072727203369, 0.11835285276174545, 0.3593096137046814], [0.0, 0.0, 0.0, 1.0]]}, "finger2joint1": {"matrix": [[0.7891765832901001, -0.37200331687927246, 0.48868557810783386, -1.4312864542007446], [-0.41232284903526306, 0.2688020169734955, 0.8704797625541687, -0.19588921964168549], [-0.45518115162849426, -0.8884585499763489, 0.05874698981642723, -0.24225056171417236], [0.0, 0.0, 0.0, 1.0]]}, "finger2joint2": {"matrix": [[0.7037505507469177, -0.7092341184616089, -0.04149679094552994, -1.7531245946884155], [-0.46499693393707275, -0.5039881467819214, 0.727855384349823, 0.03666457533836365], [-0.5371339917182922, -0.49293285608291626, -0.68447345495224, -1.010899543762207], [0.0, 0.0, 0.0, 1.0]]}, "finger2joint3": {"matrix": [[0.6186328530311584, -0.39288845658302307, -0.6803908944129944, -2.0223615169525146], [-0.5828979015350342, -0.8101637363433838, -0.06216415390372276, -0.15465760231018066], [-0.5268046855926514, 0.43505507707595825, -0.7302078604698181, -1.198024868965149], [0.0, 0.0, 0.0, 1.0]]}, "Bone.002": {"matrix": [[0.8382264375686646, -0.33400216698646545, 0.43106716871261597, -1.6310739517211914], [-0.30183783173561096, 0.3741799592971802, 0.8768597841262817, -0.19156436622142792], [-0.454169899225235, -0.8651193380355835, 0.2128332406282425, 0.3593096137046814], [0.0, 0.0, 0.0, 1.0]]}, "finger3joint1": {"matrix": [[0.9218313097953796, -0.33653751015663147, 0.19227470457553864, -1.771859049797058], [-0.31958308815956116, -0.37928032875061035, 0.8683391809463501, -0.033843785524368286], [-0.21930289268493652, -0.8619099855422974, -0.45718392729759216, -0.005346834659576416], [0.0, 0.0, 0.0, 1.0]]}, "finger3joint2": {"matrix": [[0.8488584160804749, -0.2018101066350937, -0.48858165740966797, -2.067063570022583], [-0.40897706151008606, -0.8363209962844849, -0.3651091456413269, -0.3665415048599243], [-0.33492857217788696, 0.5097445249557495, -0.792453944683075, -0.7613983750343323], [0.0, 0.0, 0.0, 1.0]]}, "finger3joint3": {"matrix": [[0.9078586101531982, -0.07194886356592178, -0.41305699944496155, -2.197650909423828], [-0.3827369511127472, -0.5444496273994446, -0.7463825345039368, -0.9077082872390747], [-0.17118753492832184, 0.8357019424438477, -0.5218208432197571, -0.4315527677536011], [0.0, 0.0, 0.0, 1.0]]}, "Bone.003": {"matrix": [[0.619835615158081, -0.5559980869293213, 0.553777813911438, -1.6310739517211914], [0.4629775285720825, 0.8288861513137817, 0.31400546431541443, -0.19156436622142792], [-0.6336050629615784, 0.06175513193011284, 0.7711878418922424, 0.3593096137046814], [0.0, 0.0, 0.0, 1.0]]}, "finger4joint1": {"matrix": [[0.7059982419013977, 0.014994288794696331, 0.7080547213554382, -1.8693853616714478], [-0.49367013573646545, 0.7272671461105347, 0.4768352806568146, 0.16371232271194458], [-0.5077953338623047, -0.686190128326416, 0.5208516716957092, 0.38577908277511597], [0.0, 0.0, 0.0, 1.0]]}, "finger4joint2": {"matrix": [[0.7196973562240601, -0.31955161690711975, 0.6163783669471741, -1.8544907569885254], [-0.4675692915916443, 0.4331994354724884, 0.7705302238464355, 0.8861497044563293], [-0.5132390856742859, -0.8427480459213257, 0.16236020624637604, -0.2958540916442871], [0.0, 0.0, 0.0, 1.0]]}, "finger4joint3": {"matrix": [[0.7346754670143127, -0.45821908116340637, 0.500286877155304, -1.98776376247406], [-0.5131827592849731, 0.10696829110383987, 0.8515872359275818, 1.0668210983276367], [-0.443728506565094, -0.882378876209259, -0.1565629094839096, -0.647333025932312], [0.0, 0.0, 0.0, 1.0]]}}