{"root": {"matrix": [[0.26360708475112915, -0.9114373326301575, -0.3159007728099823, 0.0], [-0.3972020149230957, 0.19587361812591553, -0.896584689617157, 0.0], [0.8790573477745056, 0.3618225157260895, -0.3103911280632019, 0.0], [0.0, 0.0, 0.0, 1.0]]}, "carpals": {"matrix": [[0.7963320016860962, -0.38757970929145813, -0.46436744928359985, -0.2604735493659973], [0.5153582692146301, 0.03286505863070488, 0.8563442230224609, -0.6057380437850952], [-0.31664007902145386, -0.92125004529953, 0.2259141206741333, 2.377019166946411], [0.0, 0.0, 0.0, 1.0]]}, "metacarpals": {"matrix": [[0.637191116809845, -0.6570237278938293, 0.4028736650943756, -0.6379739046096802], [-0.31983551383018494, 0.2501721680164337, 0.913848340511322, -0.5737276673316956], [-0.7012079954147339, -0.7111493349075317, -0.050731852650642395, 1.479727029800415], [0.0, 0.0, 0.0, 1.0]]}, "finger5joint1": {"matrix": [[0.5127796530723572, -0.5537847876548767, 0.6560329794883728, -1.2904515266418457], [-0.3118014931678772, 0.5918365120887756, 0.743309497833252, -0.7507693767547607], [-0.7998979687690735, -0.5857059359550476, 0.1308109611272812, 1.2178033590316772], [0.0, 0.0, 0.0, 1.0]]}, "finger5joint2": {"matrix": [[0.7141250967979431, -0.30366048216819763, -0.6307260394096375, -1.8753989934921265], [0.6199607253074646, 0.6927657723426819, 0.3684069812297821, -0.12562891840934753], [0.3250749111175537, -0.6541138291358948, 0.6829792857170105, 0.5991384387016296], [0.0, 0.0, 0.0, 1.0]]}, "finger5joint3": {"matrix": [[0.7162942886352539, -0.25059831142425537, -0.6512469053268433, -2.0841152667999268], [0.6606999635696411, 0.5438202619552612, 0.5174306631088257, 0.35053330659866333], [0.22449415922164917, -0.8009113669395447, 0.555105984210968, 0.14954303205013275], [0.0, 0.0, 0.0, 1.0]]}, "Bone": {"matrix": [[0.7111067175865173, 0.4464597702026367, 0.5431396961212158, -1.6637701988220215], [-0.3729512393474579, -0.41534194350242615, 0.8296976089477539, -0.18313944339752197], [0.5960152745246887, -0.7925683856010437, -0.12884454429149628, 0.36942556500434875], [0.0, 0.0, 0.0, 1.0]]}, "finger1joint1": {"matrix": [[0.729584813117981, -0.6741797924041748, 0.1148366704583168, -1.2922320365905762], [-0.3275807201862335, -0.19710615277290344, 0.9240344762802124, -0.5287818908691406], [-0.6003305912017822, -0.7117798924446106, -0.3646537661552429, -0.2901400625705719], [0.0, 0.0, 0.0, 1.0]]}, "finger1joint2": {"matrix": [[0.6733161807060242, -0.7296473383903503, 0.11941521614789963, -1.6732639074325562], [-0.5893474221229553, -0.4321341812610626, 0.6825903058052063, -0.6401820182800293], [-0.4464470148086548, -0.5299762487411499, -0.7209785580635071, -0.69242262840271], [0.0, 0.0, 0.0, 1.0]]}, "finger1joint3": {"matrix": [[0.7082609534263611, -0.6569854617118835, -0.2583339810371399, -1.9860517978668213], [-0.5009369254112244, -0.7255616784095764, 0.4718286097049713, -0.8254307508468628], [-0.4974220395088196, -0.20476892590522766, -0.8429951667785645, -0.9196147322654724], [0.0, 0.0, 0.0, 1.0]]}, "Bone.001": {"matrix": [[0.8789882063865662, 0.3176005482673645, 0.35568150877952576, -1.663770318031311], [-0.390870600938797, 0.05264899134635925, 0.9189384579658508, -0.18313944339752197], [0.27312904596328735, -0.9467616677284241, 0.17041879892349243, 0.36942559480667114], [0.0, 0.0, 0.0, 1.0]]}, "finger2joint1": {"matrix": [[0.7050772309303284, -0.2551890015602112, 0.6616225242614746, -1.4624485969543457], [-0.36858803033828735, 0.6651868224143982, 0.6493604779243469, -0.14976614713668823], [-0.6058123707771301, -0.7017154097557068, 0.3749486804008484, -0.23071110248565674], [0.0, 0.0, 0.0, 1.0]]}, "finger2joint2": {"matrix": [[0.614939272403717, -0.7568873763084412, 0.22129377722740173, -1.6832249164581299], [-0.36534929275512695, -0.024765685200691223, 0.9305408000946045, 0.42571955919265747], [-0.6988343596458435, -0.653075635433197, -0.2917574644088745, -0.8377994298934937], [0.0, 0.0, 0.0, 1.0]]}, "finger2joint3": {"matrix": [[0.5018185377120972, -0.4745806157588959, -0.7231535911560059, -1.97055184841156], [-0.4474540948867798, -0.8579155802726746, 0.2525179088115692, 0.4163181185722351], [-0.7402451038360596, 0.1968597024679184, -0.6428709626197815, -1.0857176780700684], [0.0, 0.0, 0.0, 1.0]]}, "Bone.002": {"matrix": [[0.8457757830619812, -0.3399999141693115, 0.41117313504219055, -1.6637701988220215], [-0.25786373019218445, 0.4141770899295807, 0.8729051947593689, -0.18313944339752197], [-0.4670862853527069, -0.8443085551261902, 0.2626274824142456, 0.36942559480667114], [0.0, 0.0, 0.0, 1.0]]}, "finger3joint1": {"matrix": [[0.9296611547470093, -0.33650532364845276, 0.14998124539852142, -1.8070836067199707], [-0.27847880125045776, -0.3753180503845215, 0.8840733766555786, -0.008559644222259521], [-0.24120491743087769, -0.8636552691459656, -0.4426279366016388, 0.013541042804718018], [0.0, 0.0, 0.0, 1.0]]}, "finger3joint2": {"matrix": [[0.8582295775413513, -0.15464210510253906, -0.4894157946109772, -2.102259874343872], [-0.3684050738811493, -0.849526584148407, -0.3776003420352936, -0.33778172731399536], [-0.3573789894580841, 0.504370927810669, -0.7860598564147949, -0.744041383266449], [0.0, 0.0, 0.0, 1.0]]}, "finger3joint3": {"matrix": [[0.9195650219917297, -0.05733253434300423, -0.3887326419353485, -2.2023258209228516], [-0.3413480222225189, -0.6065797805786133, -0.7180126905441284, -0.8874936103820801], [-0.19463205337524414, 0.7929524779319763, -0.5773599743843079, -0.41767293214797974], [0.0, 0.0, 0.0, 1.0]]}, "Bone.003": {"matrix": [[0.6110813617706299, -0.5742233395576477, 0.5448367595672607, -1.663770318031311], [0.5107777714729309, 0.811874270439148, 0.28278273344039917, -0.18313942849636078], [-0.6047192215919495, 0.10548747330904007, 0.7894218564033508, 0.36942559480667114], [0.0, 0.0, 0.0, 1.0]]}, "finger4joint1": {"matrix": [[0.7407392263412476, 0.01532039325684309, 0.6716178059577942, -1.90989351272583], [-0.4778842329978943, 0.71466463804245, 0.5107648372650146, 0.16484564542770386], [-0.4721565842628479, -0.6992989182472229, 0.5367016792297363, 0.41463953256607056], [0.0, 0.0, 0.0, 1.0]]}, "finger4joint2": {"matrix": [[0.753726601600647, -0.2832275629043579, 0.5930245518684387, -1.8946748971939087], [-0.45142418146133423, 0.43266546726226807, 0.780394971370697, 0.8747642636299133], [-0.4776107668876648, -0.8559100031852722, 0.1982559710741043, -0.28001540899276733], [0.0, 0.0, 0.0, 1.0]]}, "finger4joint3": {"matrix": [[0.765905499458313, -0.3947248160839081, 0.5075242519378662, -2.01279878616333], [-0.49719521403312683, 0.1368769109249115, 0.8567737340927124, 1.0552128553390503], [-0.40765833854675293, -0.9085463285446167, -0.0914202407002449, -0.6369836330413818], [0.0, 0.0, 0.0, 1.0]]}}