{"root": {"matrix": [[0.3105001747608185, -0.38753604888916016, 0.8679893016815186, -2.9802322387695312e-08], [0.9448937177658081, 0.2254994958639145, -0.23733066022396088, 0.0], [-0.10375688970088959, 0.8938488960266113, 0.43619799613952637, 0.0], [0.0, 0.0, 0.0, 1.0]]}, "carpals": {"matrix": [[-0.7989982962608337, -0.5510894060134888, 0.24062807857990265, 0.22527655959129333], [0.3539120852947235, -0.754469096660614, -0.552740752696991, 2.3842573165893555], [0.4861561357975006, -0.356477826833725, 0.797856867313385, 0.5912301540374756], [0.0, 0.0, 0.0, 1.0]]}, "metacarpals": {"matrix": [[-0.3165929913520813, -0.4809478521347046, 0.8175926804542542, -0.311481237411499], [-0.3902260661125183, -0.7195776700973511, -0.5743964910507202, 1.6494089365005493], [0.8645763397216797, -0.5008959770202637, 0.04013482853770256, 0.2440229058265686], [0.0, 0.0, 0.0, 1.0]]}, "finger5joint1": {"matrix": [[-0.10050956904888153, -0.6546822786331177, 0.7491919994354248, -0.8667232990264893], [-0.2583475112915039, -0.7100032567977905, -0.6550966501235962, 1.543527364730835], [0.9608091115951538, -0.25939545035362244, -0.097773477435112, -0.21003666520118713], [0.0, 0.0, 0.0, 1.0]]}, "finger5joint2": {"matrix": [[0.7765284180641174, -0.5982711315155029, -0.1976729929447174, -1.5582458972930908], [-0.6217823624610901, -0.7783646583557129, -0.08680114150047302, 0.7935705780982971], [-0.1019311249256134, 0.1903131753206253, -0.9764172434806824, -0.4840288758277893], [0.0, 0.0, 0.0, 1.0]]}, "finger5joint3": {"matrix": [[0.7269852161407471, -0.5826080441474915, -0.3634002208709717, -1.9694589376449585], [-0.6860055327415466, -0.6392220258712769, -0.3475498557090759, 0.2585732638835907], [-0.02980811335146427, 0.501958429813385, -0.8643777370452881, -0.35321998596191406], [0.0, 0.0, 0.0, 1.0]]}, "Bone": {"matrix": [[0.35538432002067566, -0.5184886455535889, 0.7777346968650818, -1.0623743534088135], [0.6966344714164734, -0.4078453779220581, -0.5902222394943237, 0.5259484648704529], [0.6232191324234009, 0.7515527009963989, 0.21625520288944244, -0.5380147695541382], [0.0, 0.0, 0.0, 1.0]]}, "finger1joint1": {"matrix": [[-0.2315434068441391, -0.7611339092254639, 0.6058569550514221, -1.493854284286499], [-0.309826135635376, -0.5326568484306335, -0.787581205368042, 0.1865445375442505], [0.9221687912940979, -0.3700695335865021, -0.11248601227998734, 0.08741806447505951], [0.0, 0.0, 0.0, 1.0]]}, "finger1joint2": {"matrix": [[-0.3897372782230377, -0.6194823384284973, -0.6814296245574951, -1.9240307807922363], [-0.04461409151554108, 0.7517714500427246, -0.6579126119613647, -0.11450158059597015], [0.9198447465896606, -0.2260117083787918, -0.3206309676170349, -0.12173721194267273], [0.0, 0.0, 0.0, 1.0]]}, "finger1joint3": {"matrix": [[-0.43375325202941895, 0.0243837870657444, -0.900701642036438, -2.1895923614501953], [-0.13856357336044312, 0.9859374165534973, 0.09341992437839508, 0.2077704668045044], [0.8903135657310486, 0.16532564163208008, -0.42427483201026917, -0.21862471103668213], [0.0, 0.0, 0.0, 1.0]]}, "Bone.001": {"matrix": [[0.24809539318084717, -0.3154887855052948, 0.9159231185913086, -1.0623743534088135], [0.4428180158138275, -0.8039892315864563, -0.39687925577163696, 0.5259484052658081], [0.8616034388542175, 0.5040512681007385, -0.05976194515824318, -0.5380147695541382], [0.0, 0.0, 0.0, 1.0]]}, "finger2joint1": {"matrix": [[-0.2600449323654175, -0.4376201033592224, 0.8607351183891296, -1.262357473373413], [-0.27399975061416626, -0.8213180303573608, -0.5003603100776672, 0.016312837600708008], [0.925905168056488, -0.36595743894577026, 0.0936717838048935, -0.21850493550300598], [0.0, 0.0, 0.0, 1.0]]}, "finger2joint2": {"matrix": [[-0.37697961926460266, -0.5998849272727966, 0.7057082653045654, -1.6409640312194824], [-0.2997332215309143, -0.6419116258621216, -0.7057684659957886, -0.6942496299743652], [0.8763824701309204, -0.4775845408439636, 0.06218213215470314, -0.5351126790046692], [0.0, 0.0, 0.0, 1.0]]}, "finger2joint3": {"matrix": [[-0.5048360228538513, -0.747494637966156, 0.4317314028739929, -1.8686901330947876], [-0.30711129307746887, -0.3118886649608612, -0.8991149663925171, -0.9379297494888306], [0.8067359328269958, -0.5864953398704529, -0.07211140543222427, -0.7164115905761719], [0.0, 0.0, 0.0, 1.0]]}, "Bone.002": {"matrix": [[-0.05659386143088341, -0.29047083854675293, 0.9552087187767029, -1.0623743534088135], [-0.237003892660141, -0.9254856705665588, -0.29547449946403503, 0.5259484052658081], [0.9698588252067566, -0.2431102693080902, -0.016465945169329643, -0.5380147099494934], [0.0, 0.0, 0.0, 1.0]]}, "finger3joint1": {"matrix": [[0.11150350421667099, -0.2237667590379715, 0.9682433605194092, -1.184810757637024], [0.3978746831417084, -0.8827678561210632, -0.2498326152563095, 0.13584691286087036], [0.9106386303901672, 0.41309690475463867, -0.009400632232427597, -0.6404881477355957], [0.0, 0.0, 0.0, 1.0]]}, "finger3joint2": {"matrix": [[0.03707220405340195, -0.8147604465484619, 0.5786111950874329, -1.3810946941375732], [0.26267221570014954, -0.5507037043571472, -0.7922931909561157, -0.6385006904602051], [0.9641726613044739, 0.1813572645187378, 0.19359922409057617, -0.2781272232532501], [0.0, 0.0, 0.0, 1.0]]}, "finger3joint3": {"matrix": [[-0.10122735798358917, -0.9609453082084656, 0.2575596570968628, -1.9083102941513062], [0.3645159900188446, -0.2767106294631958, -0.889133870601654, -0.9948502779006958], [0.9256787300109863, 0.003880017437040806, 0.37829071283340454, -0.16077451407909393], [0.0, 0.0, 0.0, 1.0]]}, "Bone.003": {"matrix": [[0.3270075023174286, 0.39148810505867004, 0.8601180911064148, -1.0623743534088135], [-0.7933030724525452, -0.38088738918304443, 0.47496819496154785, 0.5259484052658081], [0.5135524868965149, -0.8376526236534119, 0.18601571023464203, -0.5380147695541382], [0.0, 0.0, 0.0, 1.0]]}, "finger4joint1": {"matrix": [[-0.32340312004089355, -0.943240761756897, 0.07554447650909424, -0.8945749402046204], [-0.39173683524131775, 0.06078433245420456, -0.9180669784545898, 0.3626926839351654], [0.8613665699958801, -0.3264993727207184, -0.3891601264476776, -0.8970488905906677], [0.0, 0.0, 0.0, 1.0]]}, "finger4joint2": {"matrix": [[-0.343421071767807, -0.5397811532020569, -0.7685686945915222, -1.8315515518188477], [-0.40789544582366943, 0.822852373123169, -0.3956446647644043, 0.42307335138320923], [0.8459803462028503, 0.17762307822704315, -0.5027593374252319, -1.2213799953460693], [0.0, 0.0, 0.0, 1.0]]}, "finger4joint3": {"matrix": [[-0.2860826551914215, -0.2827242314815521, -0.9155453443527222, -2.0566742420196533], [-0.46905261278152466, 0.8744949698448181, -0.12348145246505737, 0.7662545442581177], [0.8355512022972107, 0.3941132426261902, -0.38279056549072266, -1.147300124168396], [0.0, 0.0, 0.0, 1.0]]}}