{"root": {"matrix": [[0.3201928734779358, -0.7730610370635986, -0.5475885272026062, 0.0], [-0.536689281463623, 0.3282964825630188, -0.7772940397262573, 2.9802322387695312e-08], [0.7806670665740967, 0.5427689552307129, -0.3097754120826721, 0.0], [0.0, 0.0, 0.0, 1.0]]}, "carpals": {"matrix": [[0.8800758719444275, -0.4647766351699829, -0.097205750644207, 0.02898654341697693], [0.15188948810100555, 0.08159685879945755, 0.9850234389305115, -0.804978609085083], [-0.44988417625427246, -0.8816600441932678, 0.14240634441375732, 2.3315560817718506], [0.0, 0.0, 0.0, 1.0]]}, "metacarpals": {"matrix": [[0.24968592822551727, -0.5430357456207275, 0.8017287254333496, -0.42370307445526123], [-0.7588353157043457, 0.40458944439888, 0.5103684663772583, -0.72550368309021], [-0.6015195250511169, -0.7358119487762451, -0.3110543489456177, 1.4728245735168457], [0.0, 0.0, 0.0, 1.0]]}, "finger5joint1": {"matrix": [[0.05826522037386894, -0.6893957853317261, 0.7220377326011658, -1.1072134971618652], [-0.5512996315956116, 0.5807574987411499, 0.5989900231361389, -0.5714163184165955], [-0.8322702646255493, -0.43295931816101074, -0.3462255895137787, 1.2864229679107666], [0.0, 0.0, 0.0, 1.0]]}, "finger5joint2": {"matrix": [[0.7865477204322815, -0.38285040855407715, -0.48452842235565186, -1.8354030847549438], [0.559837818145752, 0.11093771457672119, 0.8211418390274048, 0.042021721601486206], [-0.2606220245361328, -0.9171246290206909, 0.30159232020378113, 0.8291000127792358], [0.0, 0.0, 0.0, 1.0]]}, "finger5joint3": {"matrix": [[0.7728487253189087, -0.24818049371242523, -0.5840469002723694, -2.0985496044158936], [0.5216894149780273, -0.27553313970565796, 0.8074162602424622, 0.11827310919761658], [-0.3613092601299286, -0.9287020564079285, -0.08347200602293015, 0.19872812926769257], [0.0, 0.0, 0.0, 1.0]]}, "Bone": {"matrix": [[0.5053128600120544, 0.02474324405193329, 0.8625813126564026, -1.271532654762268], [-0.5586416125297546, -0.7524798512458801, 0.34884554147720337, -0.09382718801498413], [0.6577065587043762, -0.658150315284729, -0.3664151132106781, 0.3240179717540741], [0.0, 0.0, 0.0, 1.0]]}, "finger1joint1": {"matrix": [[0.5730565190315247, -0.5801239609718323, 0.5788456201553345, -1.2509417533874512], [-0.7778201103210449, -0.1625909060239792, 0.6070911884307861, -0.7200316786766052], [-0.2580733597278595, -0.7981354594230652, -0.5444058179855347, -0.2236866056919098], [0.0, 0.0, 0.0, 1.0]]}, "finger1joint2": {"matrix": [[0.3810996413230896, -0.7630093097686768, 0.522091805934906, -1.5788151025772095], [-0.9223121404647827, -0.27463674545288086, 0.27187269926071167, -0.8119245767593384], [-0.06405603885650635, -0.5851422548294067, -0.8083966374397278, -0.6747754812240601], [0.0, 0.0, 0.0, 1.0]]}, "finger1joint3": {"matrix": [[0.459748774766922, -0.8810354471206665, 0.11138919740915298, -1.905904769897461], [-0.8793371915817261, -0.4341171085834503, 0.19572503864765167, -0.9296567440032959], [-0.12408499419689178, -0.18793310225009918, -0.9743120074272156, -0.9256163835525513], [0.0, 0.0, 0.0, 1.0]]}, "Bone.001": {"matrix": [[0.5818542838096619, 0.13229428231716156, 0.8024609684944153, -1.271532654762268], [-0.7349909543991089, -0.33688172698020935, 0.5884712934494019, -0.09382720291614532], [0.3481857478618622, -0.932206392288208, -0.09878086298704147, 0.3240179419517517], [0.0, 0.0, 0.0, 1.0]]}, "finger2joint1": {"matrix": [[0.6564050316810608, -0.7109163403511047, 0.2524484395980835, -1.1876734495162964], [-0.7080377340316772, -0.46503162384033203, 0.5314392447471619, -0.30737102031707764], [-0.2604125142097473, -0.527582585811615, -0.8086047768592834, -0.2668924331665039], [0.0, 0.0, 0.0, 1.0]]}, "finger2joint2": {"matrix": [[0.5632763504981995, -0.7015509605407715, -0.4365156292915344, -1.8027222156524658], [-0.7932596802711487, -0.6069802641868591, -0.048100877553224564, -0.7096925973892212], [-0.2312113642692566, 0.37336426973342896, -0.8984097838401794, -0.7233299016952515], [0.0, 0.0, 0.0, 1.0]]}, "finger2joint3": {"matrix": [[0.5158286690711975, -0.3226628303527832, -0.7936052083969116, -2.069042205810547], [-0.8501513600349426, -0.3070445954799652, -0.42774495482444763, -0.9401123523712158], [-0.10565502196550369, 0.8953278064727783, -0.43269479274749756, -0.5815947651863098], [0.0, 0.0, 0.0, 1.0]]}, "Bone.002": {"matrix": [[0.49659979343414307, -0.21500229835510254, 0.8409296274185181, -1.2715327739715576], [-0.7708807587623596, 0.3360157608985901, 0.5411432981491089, -0.0938272476196289], [-0.39891284704208374, -0.9169880151748657, 0.001124299829825759, 0.3240179419517517], [0.0, 0.0, 0.0, 1.0]]}, "finger3joint1": {"matrix": [[0.5449141263961792, -0.02305564656853676, 0.8381748199462891, -1.3621584177017212], [-0.826866626739502, -0.18065422773361206, 0.5325931310653687, 0.047806769609451294], [0.1391402631998062, -0.9832763671875, -0.11750488728284836, -0.06250166893005371], [0.0, 0.0, 0.0, 1.0]]}, "finger3joint2": {"matrix": [[0.5014825463294983, -0.8349456191062927, 0.22667396068572998, -1.3823822736740112], [-0.8650602102279663, -0.47977524995803833, 0.14658227562904358, -0.11065977811813354], [-0.013635965064167976, -0.26959508657455444, -0.9628771543502808, -0.925013542175293], [0.0, 0.0, 0.0, 1.0]]}, "finger3joint3": {"matrix": [[0.41417086124420166, -0.8760901689529419, -0.24683715403079987, -1.922659158706665], [-0.9001136422157288, -0.3539740741252899, -0.253963828086853, -0.42111289501190186], [0.1351209580898285, 0.327365905046463, -0.9351863861083984, -1.0994632244110107], [0.0, 0.0, 0.0, 1.0]]}, "Bone.003": {"matrix": [[0.6736106872558594, -0.044030558317899704, 0.7377736568450928, -1.2715327739715576], [-0.05049530416727066, 0.9931495785713196, 0.10537537187337875, -0.0938272774219513], [-0.7373592853546143, -0.10823588073253632, 0.6667728424072266, 0.3240179121494293], [0.0, 0.0, 0.0, 1.0]]}, "finger4joint1": {"matrix": [[0.22812390327453613, -0.2970474660396576, 0.9272120594978333, -1.2904049158096313], [-0.7430240511894226, 0.5623007416725159, 0.362949937582016, 0.33185601234436035], [-0.6291856169700623, -0.7717382907867432, -0.09243910014629364, 0.2776259183883667], [0.0, 0.0, 0.0, 1.0]]}, "finger4joint2": {"matrix": [[0.23911672830581665, -0.6430925726890564, 0.7274991273880005, -1.585479736328125], [-0.722791850566864, 0.3824131488800049, 0.5756140947341919, 0.8904224634170532], [-0.6483785510063171, -0.6634693145751953, -0.3733806312084198, -0.4889873266220093], [0.0, 0.0, 0.0, 1.0]]}, "finger4joint3": {"matrix": [[0.28107884526252747, -0.800811231136322, 0.5288628935813904, -1.8536899089813232], [-0.760421633720398, 0.1503365933895111, 0.6317890286445618, 1.0499128103256226], [-0.5854513049125671, -0.5797412395477295, -0.5666975975036621, -0.7656957507133484], [0.0, 0.0, 0.0, 1.0]]}}