{"root": {"matrix": [[0.313031941652298, -0.8748096227645874, 0.36975544691085815, -5.960464477539063e-08], [0.6133357286453247, -0.11104868352413177, -0.7819766402244568, 0.0], [0.7251415848731995, 0.47156789898872375, 0.5017901659011841, 0.0], [0.0, 0.0, 0.0, 1.0]]}, "carpals": {"matrix": [[-0.5114187002182007, -0.5930916666984558, -0.6218463778495789, -0.18993467092514038], [0.8587534427642822, -0.32619160413742065, -0.395147442817688, 1.3662612438201904], [0.03151767700910568, -0.7360984086990356, 0.6761400103569031, 2.0450525283813477], [0.0, 0.0, 0.0, 1.0]]}, "metacarpals": {"matrix": [[-0.7816928029060364, -0.569679319858551, -0.2538139820098877, -0.7676023840904236], [0.599216639995575, -0.5732120871543884, -0.5588982701301575, 1.0485526323318481], [0.17290367186069489, -0.588976263999939, 0.7894370555877686, 1.3280973434448242], [0.0, 0.0, 0.0, 1.0]]}, "finger5joint1": {"matrix": [[-0.6965938210487366, -0.6047410368919373, -0.38606348633766174, -0.8511297702789307], [0.5760347247123718, -0.15062299370765686, -0.803428053855896, 0.8462086915969849], [0.4277159571647644, -0.7820489406585693, 0.4532748758792877, 0.6368991136550903], [0.0, 0.0, 0.0, 1.0]]}, "finger5joint2": {"matrix": [[-0.33795297145843506, -0.6129278540611267, 0.7142174243927002, -1.4899009466171265], [-0.8163898587226868, -0.18667323887348175, -0.5464983582496643, 0.6871098279953003], [0.46828946471214294, -0.767770528793335, -0.4373016059398651, -0.18915748596191406], [0.0, 0.0, 0.0, 1.0]]}, "finger5joint3": {"matrix": [[-0.43250298500061035, -0.698835551738739, 0.569709837436676, -1.9111878871917725], [-0.7989208698272705, 0.004149679094552994, -0.601421594619751, 0.5588027238845825], [0.4179307818412781, -0.7152696847915649, -0.5601093173027039, -0.716873049736023], [0.0, 0.0, 0.0, 1.0]]}, "Bone": {"matrix": [[0.4614991843700409, -0.8149583339691162, -0.35051557421684265, -1.6570298671722412], [0.7040780782699585, 0.5768407583236694, -0.41416022181510925, 0.15360942482948303], [0.5397149324417114, -0.055655620992183685, 0.8400058150291443, 0.40854182839393616], [0.0, 0.0, 0.0, 1.0]]}, "finger1joint1": {"matrix": [[-0.36415478587150574, -0.5956946611404419, -0.715918242931366, -2.335228204727173], [0.6106719970703125, 0.42766618728637695, -0.6664692163467407, 0.6336491703987122], [0.7031862139701843, -0.6798890829086304, 0.20803746581077576, 0.36222586035728455], [0.0, 0.0, 0.0, 1.0]]}, "finger1joint2": {"matrix": [[-0.1169096902012825, 0.42383190989494324, -0.898163914680481, -2.6719019412994385], [0.7759107947349548, 0.6034799814224243, 0.18377791345119476, 0.875356912612915], [0.6199148893356323, -0.6754096746444702, -0.3994083106517792, -0.022032707929611206], [0.0, 0.0, 0.0, 1.0]]}, "finger1joint3": {"matrix": [[-0.22273840010166168, 0.9024490714073181, 0.3687452971935272, -2.4902124404907227], [0.7678684592247009, -0.07063766568899155, 0.6367011666297913, 1.1340588331222534], [0.6006377339363098, 0.4249655306339264, -0.6772283911705017, -0.3115696907043457], [0.0, 0.0, 0.0, 1.0]]}, "Bone.001": {"matrix": [[0.11382867395877838, -0.9930436015129089, -0.030118713155388832, -1.6570298671722412], [0.8036520481109619, 0.10985848307609558, -0.5848711729049683, 0.15360942482948303], [0.5841113924980164, 0.04237023741006851, 0.8105666041374207, 0.40854182839393616], [0.0, 0.0, 0.0, 1.0]]}, "finger2joint1": {"matrix": [[-0.6341075897216797, -0.09466956555843353, -0.7674274444580078, -2.286504030227661], [0.6302998661994934, 0.511628270149231, -0.583916425704956, 0.22324690222740173], [0.44791677594184875, -0.8539752960205078, -0.26475709676742554, 0.4353996515274048], [0.0, 0.0, 0.0, 1.0]]}, "finger2joint2": {"matrix": [[-0.5664259195327759, 0.09500324726104736, -0.8186182379722595, -2.3684074878692627], [0.7252376675605774, 0.529228687286377, -0.4403943419456482, 0.6658815741539001], [0.39139747619628906, -0.8431435227394104, -0.36866870522499084, -0.30341610312461853], [0.0, 0.0, 0.0, 1.0]]}, "finger2joint3": {"matrix": [[-0.4763643741607666, 0.3497653305530548, -0.8066850900650024, -2.3323426246643066], [0.8175827860832214, 0.5137439370155334, -0.2600487172603607, 0.8667855262756348], [0.32347363233566284, -0.783409833908081, -0.5306913256645203, -0.6234873533248901], [0.0, 0.0, 0.0, 1.0]]}, "Bone.002": {"matrix": [[-0.6103631854057312, -0.7904028296470642, 0.052152227610349655, -1.6570298671722412], [0.6617348790168762, -0.5449764728546143, -0.5148859620094299, 0.15360942482948303], [0.4353891611099243, -0.2797563672065735, 0.855670690536499, 0.40854185819625854], [0.0, 0.0, 0.0, 1.0]]}, "finger3joint1": {"matrix": [[-0.7210526466369629, -0.6089751720428467, -0.33050286769866943, -1.9901926517486572], [0.6522140502929688, -0.43553102016448975, -0.6204270124435425, -0.07610362768173218], [0.23388054966926575, -0.6629189848899841, 0.7112228870391846, 0.29062172770500183], [0.0, 0.0, 0.0, 1.0]]}, "finger3joint2": {"matrix": [[-0.7949032187461853, 0.18294209241867065, -0.5784988403320312, -2.52437424659729], [0.5987126231193542, 0.39105650782585144, -0.699012279510498, -0.4581433832645416], [0.09834714233875275, -0.9020015001296997, -0.42038169503211975, -0.2908785939216614], [0.0, 0.0, 0.0, 1.0]]}, "finger3joint3": {"matrix": [[-0.6762306094169617, 0.6503749489784241, -0.34601205587387085, -2.405996322631836], [0.7263890504837036, 0.6669217348098755, -0.16605544090270996, -0.20509842038154602], [0.12276482582092285, -0.3636312782764435, -0.9234179854393005, -0.8745459914207458], [0.0, 0.0, 0.0, 1.0]]}, "Bone.003": {"matrix": [[-0.7859416604042053, 0.13067825138568878, 0.6043332815170288, -1.6570298671722412], [-0.11571408063173294, -0.9912282228469849, 0.06385112553834915, 0.15360945463180542], [0.6073761582374573, -0.019746629521250725, 0.7941687703132629, 0.40854185819625854], [0.0, 0.0, 0.0, 1.0]]}, "finger4joint1": {"matrix": [[-0.858605146408081, -0.42792415618896484, -0.2822723090648651, -1.6010187864303589], [0.5078670382499695, -0.6351101994514465, -0.5819845199584961, -0.2712501883506775], [0.06977137923240662, -0.6430517435073853, 0.7626375555992126, 0.40007805824279785], [0.0, 0.0, 0.0, 1.0]]}, "finger4joint2": {"matrix": [[-0.873479425907135, -0.2695404589176178, -0.4054393470287323, -2.0261011123657227], [0.48184189200401306, -0.35933512449264526, -0.7991911172866821, -0.9021427035331726], [0.069725900888443, -0.8934347629547119, 0.4437478482723236, -0.23870322108268738], [0.0, 0.0, 0.0, 1.0]]}, "finger4joint3": {"matrix": [[-0.8420256972312927, -0.21078753471374512, -0.4965488016605377, -2.138516426086426], [0.5216836333274841, -0.08398840576410294, -0.8489946126937866, -1.0520079135894775], [0.1372532993555069, -0.9739168286323547, 0.18068493902683258, -0.6113216876983643], [0.0, 0.0, 0.0, 1.0]]}}