{"root": {"matrix": [[0.6781070232391357, -0.627177894115448, 0.3831692636013031, 0.0], [0.3542318344116211, 0.7356933951377869, 0.5772997736930847, 0.0], [-0.6439647674560547, -0.2557402551174164, 0.7210453152656555, 0.0], [0.0, 0.0, 0.0, 1.0]]}, "carpals": {"matrix": [[0.2758374512195587, -0.6561102867126465, -0.7024476528167725, 0.8765511512756348], [-0.6487792730331421, -0.6663055419921875, 0.36758953332901, 1.4562909603118896], [-0.709224283695221, 0.35433849692344666, -0.6094629168510437, -1.7876967191696167], [0.0, 0.0, 0.0, 1.0]]}, "metacarpals": {"matrix": [[0.060868993401527405, -0.9920163750648499, -0.11044521629810333, 0.2375037670135498], [-0.985399603843689, -0.07734916359186172, 0.15167236328125, 0.8073134422302246], [-0.15900452435016632, 0.09960051625967026, -0.9822409152984619, -1.4425731897354126], [0.0, 0.0, 0.0, 1.0]]}, "finger5joint1": {"matrix": [[-0.4398156702518463, -0.8398035168647766, -0.3182637393474579, -0.29385656118392944], [-0.8930478096008301, 0.3714732229709625, 0.2539154291152954, 0.8736833333969116], [-0.09501281380653381, 0.3959008455276489, -0.9133646488189697, -0.9537723064422607], [0.0, 0.0, 0.0, 1.0]]}, "finger5joint2": {"matrix": [[-0.34465837478637695, -0.9385598301887512, 0.017754478380084038, -1.180917739868164], [0.2472396045923233, -0.07251320779323578, 0.9662370085716248, 1.26606023311615], [-0.9055842161178589, 0.3374113440513611, 0.2570417523384094, -0.5355932116508484], [0.0, 0.0, 0.0, 1.0]]}, "finger5joint3": {"matrix": [[-0.4312252104282379, -0.8848505020141602, -0.17630527913570404, -1.8260226249694824], [0.1858183741569519, -0.2783176004886627, 0.94234299659729, 1.2162193059921265], [-0.8829019665718079, 0.37360137701034546, 0.284439355134964, -0.30367857217788696], [0.0, 0.0, 0.0, 1.0]]}, "Bone": {"matrix": [[0.9952558875083923, -0.08821999281644821, -0.04101808741688728, -1.3113092184066772], [-0.08889491856098175, -0.9959290623664856, -0.014925757423043251, 0.6865499019622803], [-0.03953436389565468, 0.018501078709959984, -0.9990468621253967, -1.2870690822601318], [0.0, 0.0, 0.0, 1.0]]}, "finger1joint1": {"matrix": [[0.6979244351387024, -0.6908425688743591, -0.1887791007757187, -1.3847248554229736], [-0.6377032399177551, -0.7194422483444214, 0.27520400285720825, -0.1422499418258667], [-0.32593849301338196, -0.07168667763471603, -0.9426690936088562, -1.2716727256774902], [0.0, 0.0, 0.0, 1.0]]}, "finger1joint2": {"matrix": [[0.7359368205070496, -0.6552500128746033, -0.17042310535907745, -1.7751742601394653], [-0.676693856716156, -0.7200304269790649, -0.15375792980194092, -0.5488630533218384], [-0.02196001634001732, 0.22848035395145416, -0.9733008146286011, -1.3121885061264038], [0.0, 0.0, 0.0, 1.0]]}, "finger1joint3": {"matrix": [[0.7384350895881653, -0.46162569522857666, -0.4915434718132019, -2.0560688972473145], [-0.6619126200675964, -0.6354241967201233, -0.3976275324821472, -0.8575282692909241], [-0.12878361344337463, 0.6189810037612915, -0.7747756242752075, -1.214242696762085], [0.0, 0.0, 0.0, 1.0]]}, "Bone.001": {"matrix": [[0.894508421421051, -0.44702261686325073, 0.005004980135709047, -1.3113092184066772], [-0.4216812551021576, -0.8399756550788879, 0.34150460362434387, 0.686549961566925], [-0.14845632016658783, -0.30758950114250183, -0.9398666024208069, -1.2870690822601318], [0.0, 0.0, 0.0, 1.0]]}, "finger2joint1": {"matrix": [[0.18645872175693512, -0.7703420519828796, -0.6097587943077087, -1.5946694612503052], [-0.9711765646934509, -0.23832497000694275, 0.004112311638891697, 0.1541031002998352], [-0.1484888345003128, 0.5914168357849121, -0.792576253414154, -1.4820451736450195], [0.0, 0.0, 0.0, 1.0]]}, "finger2joint2": {"matrix": [[0.1715797483921051, -0.20805390179157257, -0.9629504084587097, -2.2611300945281982], [-0.9849565029144287, -0.05658184364438057, -0.16327568888664246, -0.05208350718021393], [-0.020515533164143562, 0.9764792919158936, -0.21463248133659363, -0.9703813791275024], [0.0, 0.0, 0.0, 1.0]]}, "finger2joint3": {"matrix": [[0.23193567991256714, 0.3092326819896698, -0.9222692251205444, -2.3401107788085938], [-0.9663907289505005, 0.18132741749286652, -0.18223315477371216, -0.07356290519237518], [0.11088013648986816, 0.9335391521453857, 0.34089595079421997, -0.599693775177002], [0.0, 0.0, 0.0, 1.0]]}, "Bone.002": {"matrix": [[0.3292731046676636, -0.9366479516029358, 0.11945464462041855, -1.3113092184066772], [-0.8932518362998962, -0.267983615398407, 0.3609512448310852, 0.6865499019622803], [-0.3060725927352905, -0.22555473446846008, -0.9249024987220764, -1.2870690822601318], [0.0, 0.0, 0.0, 1.0]]}, "finger3joint1": {"matrix": [[0.9380255341529846, -0.30800744891166687, 0.1588684469461441, -1.70611572265625], [-0.3465471863746643, -0.8288452625274658, 0.43922722339630127, 0.5735921263694763], [-0.0036079741548746824, -0.4670620262622833, -0.8842172026634216, -1.3821427822113037], [0.0, 0.0, 0.0, 1.0]]}, "finger3joint2": {"matrix": [[0.8706437349319458, -0.30467474460601807, -0.38620251417160034, -1.9762942790985107], [-0.4900211989879608, -0.6059788465499878, -0.6266329288482666, -0.15345561504364014], [-0.04311146214604378, 0.7348214983940125, -0.6768891215324402, -1.79184091091156], [0.0, 0.0, 0.0, 1.0]]}, "finger3joint3": {"matrix": [[0.9069863557815552, -0.1056140884757042, -0.4077019989490509, -2.17344331741333], [-0.4071184992790222, 0.0280168354511261, -0.9129455089569092, -0.5455725789070129], [0.10784237831830978, 0.9940125346183777, -0.017586713656783104, -1.316352367401123], [0.0, 0.0, 0.0, 1.0]]}, "Bone.003": {"matrix": [[-0.19764922559261322, -0.599715530872345, 0.7754197716712952, -1.3113090991973877], [-0.5398563742637634, 0.7268524765968323, 0.42454731464385986, 0.6865499019622803], [-0.8182236552238464, -0.33470383286476135, -0.46742215752601624, -1.2870690822601318], [0.0, 0.0, 0.0, 1.0]]}, "finger4joint1": {"matrix": [[-0.3361853361129761, -0.9250658750534058, 0.176725834608078, -1.5683590173721313], [-0.9292895197868347, 0.35630732774734497, 0.09729192405939102, 0.9980930089950562], [-0.1529703289270401, -0.1315212845802307, -0.9794396758079529, -1.4305295944213867], [0.0, 0.0, 0.0, 1.0]]}, "finger4joint2": {"matrix": [[-0.3538270890712738, 0.004141684155911207, -0.9353013038635254, -2.487281322479248], [-0.9188255667686462, -0.1884586066007614, 0.34675997495651245, 1.352034091949463], [-0.1748296022415161, 0.9820722937583923, 0.0704873651266098, -1.5611774921417236], [0.0, 0.0, 0.0, 1.0]]}, "finger4joint3": {"matrix": [[-0.3392266035079956, 0.8122511506080627, -0.4745236337184906, -2.4855539798736572], [-0.90495365858078, -0.4195166528224945, -0.07116247713565826, 1.2734349966049194], [-0.25687259435653687, 0.40528184175491333, 0.8773613572120667, -1.1515915393829346], [0.0, 0.0, 0.0, 1.0]]}}