{"root": {"matrix": [[0.38261327147483826, -0.45203763246536255, 0.8057723045349121, 0.0], [0.6535066366195679, -0.4840870201587677, -0.5818838477134705, 0.0], [0.65309739112854, 0.7492140531539917, 0.11019143462181091, 0.0], [0.0, 0.0, 0.0, 1.0]]}, "carpals": {"matrix": [[-0.7316664457321167, -0.5704835653305054, 0.3731117844581604, 0.33221814036369324], [-0.1066511943936348, -0.4448106288909912, -0.8892518877983093, 1.0694750547409058], [0.6732677817344666, -0.690428614616394, 0.2646101713180542, 2.1979172229766846], [0.0, 0.0, 0.0, 1.0]]}, "metacarpals": {"matrix": [[-0.1744411438703537, -0.43649226427078247, 0.8826349973678589, -0.22342944145202637], [-0.937115490436554, -0.20160025358200073, -0.2849065959453583, 0.6362321972846985], [0.30229899287223816, -0.8768303394317627, -0.3738764524459839, 1.5254439115524292], [0.0, 0.0, 0.0, 1.0]]}, "finger5joint1": {"matrix": [[-0.46482759714126587, -0.5570425987243652, 0.6882140636444092, -0.8050011992454529], [-0.8197186589241028, 0.5645435452461243, -0.09670417755842209, 0.8028180599212646], [-0.3346584141254425, -0.609092652797699, -0.7190337777137756, 1.1258212327957153], [0.0, 0.0, 0.0, 1.0]]}, "finger5joint2": {"matrix": [[0.6903066039085388, -0.723447859287262, -0.00996808335185051, -1.3933897018432617], [-0.11794651299715042, -0.1261148899793625, 0.9849788546562195, 1.3991296291351318], [-0.7138382792472839, -0.6787616014480591, -0.1723860800266266, 0.48245349526405334], [0.0, 0.0, 0.0, 1.0]]}, "finger5joint3": {"matrix": [[0.6192514300346375, -0.7172277569770813, -0.31954875588417053, -1.8906408548355103], [-0.18325243890285492, -0.5277444124221802, 0.8293997645378113, 1.3124465942382812], [-0.7635089159011841, -0.4550488293170929, -0.45824018120765686, 0.015916869044303894], [0.0, 0.0, 0.0, 1.0]]}, "Bone": {"matrix": [[0.3280799686908722, -0.38314011693000793, 0.8634621500968933, -0.9049149751663208], [0.07779484242200851, -0.8999919891357422, -0.42890822887420654, 0.3214782476425171], [0.9414409399032593, 0.2078891396522522, -0.2654632031917572, 0.1564682424068451], [0.0, 0.0, 0.0, 1.0]]}, "finger1joint1": {"matrix": [[0.21669627726078033, -0.5577601194381714, 0.801215410232544, -1.2237595319747925], [-0.7127660512924194, -0.6512088775634766, -0.26055997610092163, -0.4274839758872986], [0.6670884490013123, -0.5146166682243347, -0.5386671423912048, 0.32947102189064026], [0.0, 0.0, 0.0, 1.0]]}, "finger1joint2": {"matrix": [[-0.026417326182127, -0.7802397608757019, 0.6249223351478577, -1.5389933586120605], [-0.586424708366394, -0.4941776990890503, -0.641789972782135, -0.7955331802368164], [0.8095727562904358, -0.3834241032600403, -0.44449710845947266, 0.038620829582214355], [0.0, 0.0, 0.0, 1.0]]}, "finger1joint3": {"matrix": [[0.06564880907535553, -0.9716249704360962, 0.22723333537578583, -1.8734692335128784], [-0.6298789978027344, -0.21697154641151428, -0.7457719445228577, -1.0073789358139038], [0.7739138007164001, -0.09417025744915009, -0.6262500882148743, -0.12574677169322968], [0.0, 0.0, 0.0, 1.0]]}, "Bone.001": {"matrix": [[0.27850133180618286, -0.1589273363351822, 0.9471952319145203, -0.9049150347709656], [-0.28241634368896484, -0.9561646580696106, -0.0773942619562149, 0.3214782476425171], [0.9179747104644775, -0.24594908952713013, -0.31117698550224304, 0.1564682573080063], [0.0, 0.0, 0.0, 1.0]]}, "finger2joint1": {"matrix": [[0.19142240285873413, -0.6287561058998108, 0.7536729574203491, -1.0056564807891846], [-0.7416712045669556, -0.5956038236618042, -0.30851197242736816, -0.2846188545227051], [0.642869234085083, -0.49992144107818604, -0.5803424119949341, 0.0005651712417602539], [0.0, 0.0, 0.0, 1.0]]}, "finger2joint2": {"matrix": [[0.06330722570419312, -0.9979872107505798, -0.0036624001804739237, -1.5496242046356201], [-0.7607964873313904, -0.04588520899415016, -0.6473662257194519, -0.7999048829078674], [0.64589524269104, 0.04376948997378349, -0.7621700763702393, -0.43194133043289185], [0.0, 0.0, 0.0, 1.0]]}, "finger2joint3": {"matrix": [[-0.051504772156476974, -0.592250645160675, -0.8041057586669922, -1.9284764528274536], [-0.7001309394836426, 0.5955840349197388, -0.3938223421573639, -0.8173236846923828], [0.7121541500091553, 0.5426957607269287, -0.44532835483551025, -0.41532570123672485], [0.0, 0.0, 0.0, 1.0]]}, "Bone.002": {"matrix": [[0.07386866956949234, -0.1962144672870636, 0.9777745604515076, -0.9049149751663208], [-0.8678715825080872, -0.4956308901309967, -0.033894896507263184, 0.3214782476425171], [0.4912659525871277, -0.8460789322853088, -0.20690076053142548, 0.15646827220916748], [0.0, 0.0, 0.0, 1.0]]}, "finger3joint1": {"matrix": [[0.055516183376312256, -0.332265168428421, 0.941550612449646, -0.9876213669776917], [-0.7210338711738586, -0.6656547784805298, -0.19239003956317902, 0.11256489157676697], [0.6906722187995911, -0.6682090163230896, -0.2765292227268219, -0.20016247034072876], [0.0, 0.0, 0.0, 1.0]]}, "finger3joint2": {"matrix": [[-0.03428862988948822, -0.9383353590965271, 0.3440215289592743, -1.2790782451629639], [-0.8092048168182373, -0.17594848573207855, -0.5605619549751282, -0.471335232257843], [0.5865252017974854, -0.2976045310497284, -0.753272533416748, -0.7863031029701233], [0.0, 0.0, 0.0, 1.0]]}, "finger3joint3": {"matrix": [[-0.13816426694393158, -0.9877630472183228, -0.07235115766525269, -1.8862565755844116], [-0.7111330032348633, 0.14978544414043427, -0.6869163513183594, -0.585188090801239], [0.6893478035926819, -0.04345580190420151, -0.7231258153915405, -0.9788771271705627], [0.0, 0.0, 0.0, 1.0]]}, "Bone.003": {"matrix": [[0.47473058104515076, 0.347377747297287, 0.808677613735199, -0.9049149751663208], [-0.852552056312561, 0.40970703959465027, 0.3244919180870056, 0.3214782476425171], [-0.21859972178936005, -0.8434860706329346, 0.4906579554080963, 0.1564682573080063], [0.0, 0.0, 0.0, 1.0]]}, "finger4joint1": {"matrix": [[-0.40972718596458435, -0.6881918907165527, 0.5987614393234253, -0.7560220956802368], [-0.9122055172920227, 0.31061074137687683, -0.2672111392021179, 0.49708664417266846], [-0.002089052926748991, -0.6556771397590637, -0.7550382018089294, -0.2050662636756897], [0.0, 0.0, 0.0, 1.0]]}, "finger4joint2": {"matrix": [[-0.413756400346756, -0.8635307550430298, 0.2883051335811615, -1.4396437406539917], [-0.9098353385925293, 0.40324947237968445, -0.09792419523000717, 0.8056345582008362], [-0.03169820085167885, -0.3028268814086914, -0.952518105506897, -0.856389045715332], [0.0, 0.0, 0.0, 1.0]]}, "finger4joint3": {"matrix": [[-0.3447156548500061, -0.9384549260139465, 0.02175036631524563, -1.7997905015945435], [-0.9386767148971558, 0.34442654252052307, -0.01599757932126522, 0.9738149642944336], [0.0075217303819954395, -0.02593100629746914, -0.9996352195739746, -0.9826868772506714], [0.0, 0.0, 0.0, 1.0]]}}