{"root": {"matrix": [[0.2559707760810852, -0.4645262658596039, 0.847758412361145, 0.0], [0.8548471331596375, -0.3006901443004608, -0.42287325859069824, 0.0], [0.4513483941555023, 0.8329470157623291, 0.3201310336589813, 5.960464477539063e-08], [0.0, 0.0, 0.0, 1.0]]}, "carpals": {"matrix": [[-0.8029969334602356, -0.4549415111541748, 0.3849985599517822, 0.028874993324279785], [-0.23586978018283844, -0.3506541848182678, -0.90631502866745, 1.6864361763000488], [0.5473217964172363, -0.8185777068138123, 0.1742672473192215, 1.8000235557556152], [0.0, 0.0, 0.0, 1.0]]}, "metacarpals": {"matrix": [[0.09408413618803024, -0.3782534897327423, 0.9209083914756775, -0.41423529386520386], [-0.9271267056465149, -0.3703274428844452, -0.057388827204704285, 1.3449010848999023], [0.3627452254295349, -0.8483994007110596, -0.3855309784412384, 1.002733826637268], [0.0, 0.0, 0.0, 1.0]]}, "finger5joint1": {"matrix": [[0.13842593133449554, -0.5677115321159363, 0.8115057945251465, -1.0254333019256592], [-0.9530956745147705, -0.2990545928478241, -0.04663396254181862, 1.3198533058166504], [0.2691592574119568, -0.7669873237609863, -0.5824804306030273, 0.6135239005088806], [0.0, 0.0, 0.0, 1.0]]}, "finger5joint2": {"matrix": [[0.8401475548744202, -0.5046428442001343, -0.19871392846107483, -1.6250911951065063], [0.009641982614994049, -0.35243335366249084, 0.9357869625091553, 1.0039702653884888], [-0.5422718524932861, -0.7881151437759399, -0.2912304699420929, -0.19662350416183472], [0.0, 0.0, 0.0, 1.0]]}, "finger5joint3": {"matrix": [[0.7990275621414185, -0.5412557125091553, -0.2619096338748932, -1.9719499349594116], [-0.07483532279729843, -0.5217049717903137, 0.849837064743042, 0.7617304921150208], [-0.5966189503669739, -0.659443199634552, -0.45736193656921387, -0.7383227348327637], [0.0, 0.0, 0.0, 1.0]]}, "Bone": {"matrix": [[0.30899178981781006, -0.11825788766145706, 0.9436836838722229, -1.0047940015792847], [0.22618649899959564, -0.9546326398849487, -0.19369067251682281, 0.7667171955108643], [0.9237766861915588, 0.27329736948013306, -0.26822543144226074, -0.3218531310558319], [0.0, 0.0, 0.0, 1.0]]}, "finger1joint1": {"matrix": [[0.38714858889579773, -0.666341245174408, 0.6372637748718262, -1.1032068729400635], [-0.6850850582122803, -0.6704607009887695, -0.28485220670700073, -0.027716338634490967], [0.6170690655708313, -0.32629963755607605, -0.7160683870315552, -0.094418466091156], [0.0, 0.0, 0.0, 1.0]]}, "finger1joint2": {"matrix": [[0.1879950612783432, -0.9282332062721252, 0.32099977135658264, -1.4798083305358887], [-0.5522826313972473, -0.3701682388782501, -0.7469666600227356, -0.406646192073822], [0.8121832013130188, -0.036856405436992645, -0.5822368860244751, -0.2788359522819519], [0.0, 0.0, 0.0, 1.0]]}, "finger1joint3": {"matrix": [[0.2534640431404114, -0.9224443435668945, -0.2912941873073578, -1.8777265548706055], [-0.6111366748809814, 0.08072400093078613, -0.7873979210853577, -0.565331220626831], [0.7498452067375183, 0.37759774923324585, -0.5432788133621216, -0.2946356534957886], [0.0, 0.0, 0.0, 1.0]]}, "Bone.001": {"matrix": [[0.35975056886672974, 0.10556359589099884, 0.9270575046539307, -1.0047938823699951], [-0.13462385535240173, -0.977310061454773, 0.16352736949920654, 0.7667171955108643], [0.923285186290741, -0.18363317847251892, -0.3373766243457794, -0.3218531608581543], [0.0, 0.0, 0.0, 1.0]]}, "finger2joint1": {"matrix": [[0.32942360639572144, -0.8249031901359558, 0.4593631625175476, -0.9378789067268372], [-0.7573784589767456, -0.5213753581047058, -0.39312246441841125, 0.14721634984016418], [0.5637885928153992, -0.21840785443782806, -0.7965174317359924, -0.438255250453949], [0.0, 0.0, 0.0, 1.0]]}, "finger2joint2": {"matrix": [[0.20961008965969086, -0.9146068692207336, -0.3457708954811096, -1.651543140411377], [-0.7618402242660522, 0.06890206784009933, -0.6440898776054382, -0.30385103821754456], [0.6129134297370911, 0.3984300494194031, -0.6823417544364929, -0.6272105574607849], [0.0, 0.0, 0.0, 1.0]]}, "finger2joint3": {"matrix": [[0.13337531685829163, -0.41476738452911377, -0.9000992774963379, -1.9987428188323975], [-0.688290536403656, 0.6146913766860962, -0.3852405846118927, -0.2776946425437927], [0.7130685448646545, 0.6709115505218506, -0.20349569618701935, -0.4759599566459656], [0.0, 0.0, 0.0, 1.0]]}, "Bone.002": {"matrix": [[0.3168317973613739, -0.06608795374631882, 0.9461764693260193, -1.0047940015792847], [-0.7804916501045227, -0.5849925875663757, 0.22049108147621155, 0.7667171359062195], [0.5389344096183777, -0.8083413243293762, -0.23692551255226135, -0.3218531012535095], [0.0, 0.0, 0.0, 1.0]]}, "finger3joint1": {"matrix": [[0.35973814129829407, -0.3052038252353668, 0.881725013256073, -1.0326507091522217], [-0.5034050345420837, -0.8591387271881104, -0.09199992567300797, 0.5201369524002075], [0.785602867603302, -0.4107687175273895, -0.46270617842674255, -0.662577211856842], [0.0, 0.0, 0.0, 1.0]]}, "finger3joint2": {"matrix": [[0.27247393131256104, -0.9064988493919373, 0.32251766324043274, -1.3003698587417603], [-0.6289682984352112, -0.42147567868232727, -0.6532664895057678, -0.2334836721420288], [0.7281186580657959, -0.0248551182448864, -0.6850001811981201, -1.0228959321975708], [0.0, 0.0, 0.0, 1.0]]}, "finger3joint3": {"matrix": [[0.16904215514659882, -0.9856064915657043, 0.0021326735150069, -1.886947512626648], [-0.5302805304527283, -0.09277217835187912, -0.8427311778068542, -0.5062123537063599], [0.8307991623878479, 0.14132633805274963, -0.5383301973342896, -1.0389790534973145], [0.0, 0.0, 0.0, 1.0]]}, "Bone.003": {"matrix": [[0.686850368976593, 0.2083069384098053, 0.6963079571723938, -1.0047940015792847], [-0.7032451033592224, 0.4324009120464325, 0.5643364787101746, 0.7667171359062195], [-0.18352903425693512, -0.877289891242981, 0.44348543882369995, -0.3218531310558319], [0.0, 0.0, 0.0, 1.0]]}, "finger4joint1": {"matrix": [[-0.15211141109466553, -0.6418849229812622, 0.7515621185302734, -0.9155095219612122], [-0.9883562326431274, 0.10162892937660217, -0.11323925107717514, 0.952052652835846], [-0.0036937508266419172, -0.7600361108779907, -0.649869978427887, -0.6978766322135925], [0.0, 0.0, 0.0, 1.0]]}, "finger4joint2": {"matrix": [[-0.15224431455135345, -0.9331808090209961, -0.32556870579719543, -1.5531318187713623], [-0.9877691268920898, 0.13244396448135376, 0.08228132128715515, 1.053006649017334], [-0.03366360068321228, 0.3341137766838074, -0.9419311881065369, -1.4528653621673584], [0.0, 0.0, 0.0, 1.0]]}, "finger4joint3": {"matrix": [[-0.06936686486005783, -0.5747243762016296, -0.8154016137123108, -1.9423267841339111], [-0.9964576363563538, 0.0009678181959316134, 0.08408747613430023, 1.1082440614700317], [-0.04753783717751503, 0.8183463215827942, -0.5727556347846985, -1.3135188817977905], [0.0, 0.0, 0.0, 1.0]]}}