{"root": {"matrix": [[0.4256635010242462, -0.28266334533691406, 0.8595999479293823, 0.0], [0.8943700790405273, -0.012951849028468132, -0.44714024662971497, -9.313225746154785e-10], [0.13752363622188568, 0.9591317176818848, 0.24729248881340027, 5.960464477539063e-08], [0.0, 0.0, 0.0, 1.0]]}, "carpals": {"matrix": [[-0.7949863076210022, -0.4879039227962494, 0.36048057675361633, 0.5893097519874573], [0.12563824653625488, -0.713778555393219, -0.6890102028846741, 2.060187578201294], [0.5934742093086243, -0.5024635791778564, 0.628743588924408, 1.2220176458358765], [0.0, 0.0, 0.0, 1.0]]}, "metacarpals": {"matrix": [[-0.24431239068508148, -0.5278770327568054, 0.8134230375289917, 0.1140943169593811], [-0.6530954837799072, -0.5304836630821228, -0.5404194593429565, 1.3649715185165405], [0.7167827486991882, -0.6632741689682007, -0.21515047550201416, 0.7326211929321289], [0.0, 0.0, 0.0, 1.0]]}, "finger5joint1": {"matrix": [[-0.4908260405063629, -0.7737513184547424, 0.4004976749420166, -0.4788963198661804], [-0.8292301297187805, 0.27382388710975647, -0.48723462224006653, 1.399147629737854], [0.26733267307281494, -0.5712522268295288, -0.7760180234909058, 0.3168460726737976], [0.0, 0.0, 0.0, 1.0]]}, "finger5joint2": {"matrix": [[0.30249476432800293, -0.8744593262672424, -0.3792321979999542, -1.296188473701477], [-0.5532882213592529, -0.48507240414619446, 0.6771827340126038, 1.6883801221847534], [-0.7761241793632507, 0.004980627913028002, -0.6305601000785828, -0.2865518033504486], [0.0, 0.0, 0.0, 1.0]]}, "finger5joint3": {"matrix": [[0.23995578289031982, -0.7002475261688232, -0.6723644137382507, -1.8972349166870117], [-0.632594883441925, -0.6381486058235168, 0.4388502836227417, 1.3549728393554688], [-0.7363725304603577, 0.3200299143791199, -0.5961005687713623, -0.28312844038009644], [0.0, 0.0, 0.0, 1.0]]}, "Bone": {"matrix": [[0.41309744119644165, -0.4552977383136749, 0.7887040972709656, -0.7100683450698853], [0.46701839566230774, -0.6375923752784729, -0.6126741170883179, 0.5367392301559448], [0.7818209528923035, 0.6214335560798645, -0.050755422562360764, -0.302933931350708], [0.0, 0.0, 0.0, 1.0]]}, "finger1joint1": {"matrix": [[-0.15283772349357605, -0.7652077674865723, 0.6253778338432312, -1.0889613628387451], [-0.5948371887207031, -0.43410995602607727, -0.6765478849411011, 0.006142765283584595], [0.7891825437545776, -0.47540000081062317, -0.38882577419281006, 0.21421541273593903], [0.0, 0.0, 0.0, 1.0]]}, "finger1joint2": {"matrix": [[-0.32064640522003174, -0.9438225626945496, 0.07990391552448273, -1.5214402675628662], [-0.35181060433387756, 0.040347348898649216, -0.9352011680603027, -0.23920677602291107], [0.879440188407898, -0.32797983288764954, -0.3449840247631073, -0.054470375180244446], [0.0, 0.0, 0.0, 1.0]]}, "finger1joint3": {"matrix": [[-0.2760627269744873, -0.750025749206543, -0.6010412573814392, -1.926041603088379], [-0.4459546208381653, 0.6539095044136047, -0.6111682653427124, -0.2219105362892151], [0.8514187335968018, 0.09931644052267075, -0.5149974226951599, -0.19506993889808655], [0.0, 0.0, 0.0, 1.0]]}, "Bone.001": {"matrix": [[0.32464873790740967, -0.2774495780467987, 0.9042259454727173, -0.7100683450698853], [0.14807207882404327, -0.9293119311332703, -0.3383100926876068, 0.5367392301559448], [0.9341720938682556, 0.2437225729227066, -0.26061752438545227, -0.302933931350708], [0.0, 0.0, 0.0, 1.0]]}, "finger2joint1": {"matrix": [[0.31477323174476624, -0.6892645359039307, 0.6525579690933228, -0.8859390616416931], [-0.26614147424697876, -0.7240195274353027, -0.636367917060852, -0.05233639478683472], [0.911090612411499, 0.026638880372047424, -0.4113439917564392, -0.14844217896461487], [0.0, 0.0, 0.0, 1.0]]}, "finger2joint2": {"matrix": [[0.1894950568675995, -0.7986272573471069, 0.5712142586708069, -1.4822555780410767], [-0.2705731987953186, -0.6017028093338013, -0.7514942288398743, -0.6787211298942566], [0.9438652396202087, -0.012150817550718784, -0.3301069736480713, -0.12539556622505188], [0.0, 0.0, 0.0, 1.0]]}, "finger2joint3": {"matrix": [[0.04484132304787636, -0.924044668674469, 0.37964490056037903, -1.7854276895523071], [-0.26956358551979065, -0.3771224319934845, -0.8860664963722229, -0.9071373343467712], [0.9619378447532654, -0.06260602921247482, -0.26599955558776855, -0.13000822067260742], [0.0, 0.0, 0.0, 1.0]]}, "Bone.002": {"matrix": [[0.02497495524585247, -0.3176215887069702, 0.9478884935379028, -0.7100683450698853], [-0.5365360379219055, -0.8043090105056763, -0.25537410378456116, 0.5367392301559448], [0.843507707118988, -0.5021983981132507, -0.19050312042236328, -0.302933931350708], [0.0, 0.0, 0.0, 1.0]]}, "finger3joint1": {"matrix": [[-0.005618037190288305, -0.4869958162307739, 0.8733860850334167, -0.8439489603042603], [-0.38237252831459045, -0.8059802651405334, -0.45187047123908997, 0.19771498441696167], [0.9239912033081055, -0.33649739623069763, -0.18168586492538452, -0.5146155953407288], [0.0, 0.0, 0.0, 1.0]]}, "finger3joint2": {"matrix": [[-0.11642923206090927, -0.9624725580215454, 0.24513371288776398, -1.2711327075958252], [-0.4871847629547119, -0.15973512828350067, -0.8585659861564636, -0.5092760324478149], [0.8655028343200684, -0.21938751637935638, -0.45030421018600464, -0.8097848892211914], [0.0, 0.0, 0.0, 1.0]]}, "finger3joint3": {"matrix": [[-0.20360064506530762, -0.9639815092086792, -0.1711321920156479, -1.8939297199249268], [-0.3431831896305084, 0.23397208750247955, -0.9096604585647583, -0.6126375198364258], [0.9169362187385559, -0.1264777034521103, -0.378459095954895, -0.9517462253570557], [0.0, 0.0, 0.0, 1.0]]}, "Bone.003": {"matrix": [[0.36355581879615784, 0.315102756023407, 0.8766626119613647, -0.7100683450698853], [-0.9093515276908875, -0.0842747837305069, 0.4074031412601471, 0.5367392301559448], [0.20225435495376587, -0.9453084468841553, 0.2559005618095398, -0.30293387174606323], [0.0, 0.0, 0.0, 1.0]]}, "finger4joint1": {"matrix": [[-0.3853716552257538, -0.9154320955276489, 0.11607088148593903, -0.5750090479850769], [-0.6818429827690125, 0.19774116575717926, -0.704264223575592, 0.500617504119873], [0.6217542886734009, -0.35054564476013184, -0.7003849148750305, -0.7081114053726196], [0.0, 0.0, 0.0, 1.0]]}, "finger4joint2": {"matrix": [[-0.40394172072410583, -0.8812624216079712, -0.245371475815773, -1.4843618869781494], [-0.6906031966209412, 0.46967944502830505, -0.5499708652496338, 0.6970454454421997], [0.5999147891998291, -0.05270181968808174, -0.7983260750770569, -1.0563292503356934], [0.0, 0.0, 0.0, 1.0]]}, "finger4joint3": {"matrix": [[-0.325655072927475, -0.805472731590271, -0.4951383173465729, -1.8519037961959839], [-0.719136118888855, 0.5510010719299316, -0.42336809635162354, 0.8929312229156494], [0.6138333678245544, 0.21820001304149628, -0.7586811184883118, -1.078309178352356], [0.0, 0.0, 0.0, 1.0]]}}