{"root": {"matrix": [[0.19224430620670319, -0.9804165959358215, 0.04272502288222313, 0.0], [-0.18341314792633057, -0.07866621762514114, -0.9798832535743713, -7.450580596923828e-09], [0.9640548229217529, 0.18054065108299255, -0.19494450092315674, 0.0], [0.0, 0.0, 0.0, 1.0]]}, "carpals": {"matrix": [[0.0029647897463291883, -0.397385835647583, -0.9176467061042786, -0.5296956896781921], [0.9996218681335449, 0.02626018039882183, -0.008142336271703243, -0.3816191256046295], [0.0273334588855505, -0.917275607585907, 0.39731350541114807, 2.3788177967071533], [0.0, 0.0, 0.0, 1.0]]}, "metacarpals": {"matrix": [[0.0679733157157898, -0.7920579314231873, -0.6066495180130005, -0.9167470932006836], [0.9957714080810547, 0.016197577118873596, 0.09042525291442871, -0.35604187846183777], [-0.06179555505514145, -0.6102307438850403, 0.7898097634315491, 1.4853969812393188], [0.0, 0.0, 0.0, 1.0]]}, "finger5joint1": {"matrix": [[-0.09078609198331833, -0.528511106967926, -0.8440578579902649, -1.131121277809143], [0.9943037033081055, -0.09562660753726959, -0.047069400548934937, -0.5587201118469238], [-0.055837418884038925, -0.8435231447219849, 0.5341821312904358, 0.823097825050354], [0.0, 0.0, 0.0, 1.0]]}, "finger5joint2": {"matrix": [[-0.8556345105171204, -0.5169239044189453, 0.026053348556160927, -1.6893730163574219], [-0.05783451348543167, 0.04546576365828514, -0.9972901344299316, -0.6597278714179993], [0.5143387317657471, -0.8548226356506348, -0.0687984824180603, -0.06789219379425049], [0.0, 0.0, 0.0, 1.0]]}, "finger5joint3": {"matrix": [[-0.9002863764762878, -0.42238810658454895, -0.10522440820932388, -2.044672966003418], [0.001655610278248787, 0.238405242562294, -0.9711641073226929, -0.6284776329994202], [0.43529441952705383, -0.874500036239624, -0.2139340192079544, -0.6554418802261353], [0.0, 0.0, 0.0, 1.0]]}, "Bone": {"matrix": [[0.8414847254753113, 0.031101427972316742, -0.5393847227096558, -2.153369426727295], [0.1302182525396347, 0.9572357535362244, 0.258346289396286, -0.330752968788147], [0.5243533253669739, -0.2876319885253906, 0.8014493584632874, 0.5326573252677917], [0.0, 0.0, 0.0, 1.0]]}, "finger1joint1": {"matrix": [[0.19941498339176178, -0.3057120144367218, -0.9310067296028137, -2.1274871826171875], [0.9724841713905334, 0.17852449417114258, 0.149677574634552, 0.46584680676460266], [0.1204494759440422, -0.9352372884750366, 0.3329007029533386, 0.2932935357093811], [0.0, 0.0, 0.0, 1.0]]}, "finger1joint2": {"matrix": [[0.4794723689556122, -0.0363851934671402, -0.8768022060394287, -2.3002688884735107], [0.8769712448120117, 0.05636466294527054, 0.47722572088241577, 0.5667449831962585], [0.032056864351034164, -0.9977468848228455, 0.058934252709150314, -0.235282301902771], [0.0, 0.0, 0.0, 1.0]]}, "finger1joint3": {"matrix": [[0.38922128081321716, 0.3775504231452942, -0.8402156233787537, -2.3158669471740723], [0.9181312918663025, -0.08529315143823624, 0.38698840141296387, 0.5909075736999512], [0.07444317638874054, -0.9220523834228516, -0.37983858585357666, -0.6629999876022339], [0.0, 0.0, 0.0, 1.0]]}, "Bone.001": {"matrix": [[0.7325453162193298, -0.4566481411457062, -0.5048261880874634, -2.153369426727295], [0.47587499022483826, 0.8738214373588562, -0.09989367425441742, -0.330752968788147], [0.48674434423446655, -0.16705730557441711, 0.8574213981628418, 0.5326573848724365], [0.0, 0.0, 0.0, 1.0]]}, "finger2joint1": {"matrix": [[0.18188227713108063, -0.26808470487594604, -0.9460703730583191, -2.44283127784729], [0.9833087921142578, 0.054210081696510315, 0.17368005216121674, 0.2231481671333313], [0.004725808743387461, -0.9618687033653259, 0.27347004413604736, 0.4267624318599701], [0.0, 0.0, 0.0, 1.0]]}, "finger2joint2": {"matrix": [[0.24354112148284912, 0.30773815512657166, -0.9197742342948914, -2.674764394760132], [0.9639068245887756, -0.18197482824325562, 0.1943415105342865, 0.2700479328632355], [-0.10756928473711014, -0.9339069128036499, -0.340949147939682, -0.4053972363471985], [0.0, 0.0, 0.0, 1.0]]}, "finger2joint3": {"matrix": [[0.35843443870544434, 0.771477997303009, -0.5256863236427307, -2.5579419136047363], [0.9154270887374878, -0.400883287191391, 0.03585401549935341, 0.20096731185913086], [-0.1830781102180481, -0.49407899379730225, -0.8499222993850708, -0.7599236369132996], [0.0, 0.0, 0.0, 1.0]]}, "Bone.002": {"matrix": [[0.2145136445760727, -0.8905705809593201, -0.40108323097229004, -2.153369426727295], [0.9518871903419495, 0.28262999653816223, -0.11845230311155319, -0.330752968788147], [0.21884854137897491, -0.35637620091438293, 0.9083507657051086, 0.5326573252677917], [0.0, 0.0, 0.0, 1.0]]}, "finger3joint1": {"matrix": [[0.7251260280609131, -0.28035858273506165, -0.628960371017456, -2.5287537574768066], [0.3867194652557373, 0.9215301275253296, 0.03507586568593979, -0.21162158250808716], [0.5697721242904663, -0.2686653137207031, 0.7766456007957458, 0.3824412226676941], [0.0, 0.0, 0.0, 1.0]]}, "finger3joint2": {"matrix": [[0.695518970489502, 0.7150573134422302, -0.07032886147499084, -2.774679183959961], [0.525913417339325, -0.43994981050491333, 0.7279143929481506, 0.5967276096343994], [0.4895593822002411, -0.5432653427124023, -0.6820513606071472, 0.14677295088768005], [0.0, 0.0, 0.0, 1.0]]}, "finger3joint3": {"matrix": [[0.7320488691329956, 0.3620556592941284, 0.5770788192749023, -2.3119795322418213], [0.37353000044822693, -0.9217196702957153, 0.10444256663322449, 0.31204479932785034], [0.5697188973426819, 0.13909873366355896, -0.8099824786186218, -0.20476335287094116], [0.0, 0.0, 0.0, 1.0]]}, "Bone.003": {"matrix": [[-0.5307686924934387, -0.7543340921401978, 0.3863476812839508, -2.153369426727295], [0.7170721888542175, -0.6426948308944702, -0.2697235345840454, -0.3307529091835022], [0.4517655074596405, 0.13387826085090637, 0.8820342421531677, 0.5326573848724365], [0.0, 0.0, 0.0, 1.0]]}, "finger4joint1": {"matrix": [[-0.08052101731300354, -0.16575990617275238, -0.9828731417655945, -2.476691722869873], [0.9456920027732849, -0.32426393032073975, -0.02278853952884674, -0.6062244176864624], [-0.314932644367218, -0.9313304424285889, 0.18286797404289246, 0.5900402069091797], [0.0, 0.0, 0.0, 1.0]]}, "finger4joint2": {"matrix": [[-0.10326400399208069, 0.3836887776851654, -0.917670488357544, -2.641350746154785], [0.937393844127655, -0.2709744870662689, -0.21878120303153992, -0.9283349514007568], [-0.3326089382171631, -0.8828111290931702, -0.3316856324672699, -0.3351052701473236], [0.0, 0.0, 0.0, 1.0]]}, "finger4joint3": {"matrix": [[-0.1213657557964325, 0.6642829179763794, -0.737562358379364, -2.4813284873962402], [0.959774374961853, -0.11099697649478912, -0.2578999400138855, -1.0413483381271362], [-0.2531854212284088, -0.739193856716156, -0.6240906119346619, -0.7032930850982666], [0.0, 0.0, 0.0, 1.0]]}}