{"root": {"matrix": [[0.5411890745162964, -0.08431672304868698, 0.8366630673408508, 0.0], [0.8358476758003235, 0.16285181045532227, -0.5242498517036438, 1.4901161193847656e-08], [-0.0920490026473999, 0.9830412268638611, 0.1586095094680786, 0.0], [0.0, 0.0, 0.0, 1.0]]}, "carpals": {"matrix": [[-0.6428145170211792, -0.6844214797019958, 0.34402957558631897, 1.0472913980484009], [0.27819082140922546, -0.6270278096199036, -0.7276302576065063, 2.1085891723632812], [0.7137220501899719, -0.3720255494117737, 0.5934624075889587, 0.7362184524536133], [0.0, 0.0, 0.0, 1.0]]}, "metacarpals": {"matrix": [[-0.16126419603824615, -0.6526871919631958, 0.740265429019928, 0.3806689977645874], [-0.5996377468109131, -0.5309536457061768, -0.5987675189971924, 1.4978678226470947], [0.7838546633720398, -0.5404509902000427, -0.3057521879673004, 0.3738677501678467], [0.0, 0.0, 0.0, 1.0]]}, "finger5joint1": {"matrix": [[-0.2586182653903961, -0.9099180698394775, 0.32429200410842896, -0.2680243253707886], [-0.7720106840133667, -0.007092885207384825, -0.6355697512626648, 1.546398401260376], [0.5806167125701904, -0.41472694277763367, -0.7006323337554932, 0.053685903549194336], [0.0, 0.0, 0.0, 1.0]]}, "finger5joint2": {"matrix": [[0.19726593792438507, -0.9282891154289246, -0.31522148847579956, -1.2291456460952759], [-0.6957443356513977, -0.3590923547744751, 0.6220868825912476, 1.5389063358306885], [-0.6906704902648926, 0.0965970978140831, -0.716688871383667, -0.38437867164611816], [0.0, 0.0, 0.0, 1.0]]}, "finger5joint3": {"matrix": [[0.12679743766784668, -0.7783477306365967, -0.6148954629898071, -1.8671913146972656], [-0.759417712688446, -0.4749668836593628, 0.4446242153644562, 1.292089581489563], [-0.6381275057792664, 0.41058555245399475, -0.6513158679008484, -0.31798410415649414], [0.0, 0.0, 0.0, 1.0]]}, "Bone": {"matrix": [[0.5549720525741577, -0.38358554244041443, 0.7381516098976135, -0.6383569240570068], [0.4806728959083557, -0.5763465166091919, -0.6608918905258179, 0.6689018607139587], [0.6789397597312927, 0.7215861678123474, -0.13547712564468384, -0.46992629766464233], [0.0, 0.0, 0.0, 1.0]]}, "finger1joint1": {"matrix": [[-0.05427362397313118, -0.8525113463401794, 0.5198831558227539, -0.9575721025466919], [-0.5423315763473511, -0.41199544072151184, -0.7322131395339966, 0.189273402094841], [0.8384096026420593, -0.32168886065483093, -0.43998342752456665, 0.1305687576532364], [0.0, 0.0, 0.0, 1.0]]}, "finger1joint2": {"matrix": [[-0.19291748106479645, -0.964745044708252, 0.1790241152048111, -1.4393930435180664], [-0.2853032350540161, -0.11941619962453842, -0.9509688019752502, -0.04357748478651047], [0.9388209581375122, -0.2345346063375473, -0.2522074580192566, -0.05124281346797943], [0.0, 0.0, 0.0, 1.0]]}, "finger1joint3": {"matrix": [[-0.13827116787433624, -0.9542007446289062, -0.26529568433761597, -1.8529633283615112], [-0.37556979060173035, 0.29837965965270996, -0.8774490356445312, -0.09476923942565918], [0.9164215326309204, -0.021688751876354218, -0.3996262848377228, -0.15178394317626953], [0.0, 0.0, 0.0, 1.0]]}, "Bone.001": {"matrix": [[0.47540518641471863, -0.2829349935054779, 0.8330289721488953, -0.6383569240570068], [0.17585422098636627, -0.8972046375274658, -0.40509122610092163, 0.6689019203186035], [0.8620120882987976, 0.33907413482666016, -0.37678053975105286, -0.46992629766464233], [0.0, 0.0, 0.0, 1.0]]}, "finger2joint1": {"matrix": [[0.3158654272556305, -0.679279088973999, 0.662426233291626, -0.8177047967910767], [-0.2842189371585846, -0.7338498830795288, -0.6169956922531128, 0.10017859935760498], [0.9052338004112244, 0.006613495759665966, -0.42486193776130676, -0.2549927532672882], [0.0, 0.0, 0.0, 1.0]]}, "finger2joint2": {"matrix": [[0.19056913256645203, -0.9320345520973206, 0.3082118630409241, -1.4053823947906494], [-0.2911781370639801, -0.35350343585014343, -0.8889602422714233, -0.5347109436988831], [0.9374958872795105, 0.07966383546590805, -0.3387550711631775, -0.24927107989788055], [0.0, 0.0, 0.0, 1.0]]}, "finger2joint3": {"matrix": [[0.054102543741464615, -0.9514816403388977, -0.30291107296943665, -1.7591979503631592], [-0.24919874966144562, 0.280891090631485, -0.9268224835395813, -0.6689066290855408], [0.9669398069381714, 0.12562857568264008, -0.2219112068414688, -0.21902936697006226], [0.0, 0.0, 0.0, 1.0]]}, "Bone.002": {"matrix": [[0.1303090900182724, -0.43400293588638306, 0.8914374113082886, -0.6383568644523621], [-0.49318814277648926, -0.8083502054214478, -0.32145798206329346, 0.6689018607139587], [0.8601074814796448, -0.39775756001472473, -0.31938058137893677, -0.46992629766464233], [0.0, 0.0, 0.0, 1.0]]}, "finger3joint1": {"matrix": [[0.09419875591993332, -0.5106409192085266, 0.8546181321144104, -0.8212935328483582], [-0.34594297409057617, -0.8217307329177856, -0.4528597593307495, 0.3281741440296173], [0.9335149526596069, -0.25299033522605896, -0.25405871868133545, -0.6375850439071655], [0.0, 0.0, 0.0, 1.0]]}, "finger3joint2": {"matrix": [[-0.020955033600330353, -0.9513124227523804, 0.30751466751098633, -1.2692182064056396], [-0.4536934196949005, -0.26504018902778625, -0.850832462310791, -0.3926328420639038], [0.8909114003181458, -0.15734659135341644, -0.4260503649711609, -0.8595035076141357], [0.0, 0.0, 0.0, 1.0]]}, "finger3joint3": {"matrix": [[-0.11954191327095032, -0.9915986657142639, -0.049412451684474945, -1.884793758392334], [-0.31673574447631836, 0.08525839447975159, -0.9446741938591003, -0.5641351342201233], [0.9409506916999817, -0.09727746248245239, -0.3242667615413666, -0.9613194465637207], [0.0, 0.0, 0.0, 1.0]]}, "Bone.003": {"matrix": [[0.34362590312957764, 0.15697112679481506, 0.9258947968482971, -0.6383569240570068], [-0.9180651903152466, -0.1513870656490326, 0.36638525128364563, 0.6689018607139587], [0.19768032431602478, -0.9759313464164734, 0.0920892059803009, -0.46992626786231995], [0.0, 0.0, 0.0, 1.0]]}, "finger4joint1": {"matrix": [[-0.26204875111579895, -0.9569191932678223, 0.12504254281520844, -0.571075975894928], [-0.6248247623443604, 0.06948693841695786, -0.7776665091514587, 0.6040144562721252], [0.7354754209518433, -0.2819162905216217, -0.6161159873008728, -0.8882293701171875], [0.0, 0.0, 0.0, 1.0]]}, "finger4joint2": {"matrix": [[-0.2814520299434662, -0.8692036867141724, -0.4065331220626831, -1.521640419960022], [-0.6379679441452026, 0.4859650731086731, -0.5973561406135559, 0.6730399131774902], [0.7167852520942688, 0.09122808277606964, -0.6913002729415894, -1.1682734489440918], [0.0, 0.0, 0.0, 1.0]]}, "finger4joint3": {"matrix": [[-0.2022472769021988, -0.7230818271636963, -0.660490870475769, -1.884152889251709], [-0.6673492789268494, 0.5953583121299744, -0.44742926955223083, 0.87571781873703], [0.7167568802833557, 0.35028693079948425, -0.6029580235481262, -1.130225658416748], [0.0, 0.0, 0.0, 1.0]]}}