{"root": {"matrix": [[0.3409356474876404, -0.42422187328338623, 0.8389270901679993, 0.0], [0.6614574193954468, -0.525868833065033, -0.5347299575805664, 0.0], [0.6680097579956055, 0.7372230291366577, 0.10131722688674927, -5.960464477539063e-08], [0.0, 0.0, 0.0, 1.0]]}, "carpals": {"matrix": [[-0.8306239247322083, -0.4675946533679962, 0.30235546827316284, 0.26146429777145386], [-0.1756533980369568, -0.29523763060569763, -0.9391381740570068, 1.0412575006484985], [0.5284028053283691, -0.8331804275512695, 0.16309678554534912, 2.2209019660949707], [0.0, 0.0, 0.0, 1.0]]}, "metacarpals": {"matrix": [[-0.26284918189048767, -0.3980942964553833, 0.878880500793457, -0.19397008419036865], [-0.9190109372138977, -0.1740947812795639, -0.3537084758281708, 0.7536977529525757], [0.2938178777694702, -0.9006728529930115, -0.3200925290584564, 1.4093892574310303], [0.0, 0.0, 0.0, 1.0]]}, "finger5joint1": {"matrix": [[-0.3096638023853302, -0.6308187246322632, 0.711460292339325, -0.7365722060203552], [-0.9508453607559204, 0.20460321009159088, -0.2324444055557251, 0.9611063003540039], [0.001063292264007032, -0.748468279838562, -0.6631694436073303, 0.9755234718322754], [0.0, 0.0, 0.0, 1.0]]}, "finger5joint2": {"matrix": [[0.6161864399909973, -0.7566080093383789, -0.2187645584344864, -1.402888536453247], [-0.3038082718849182, -0.48459866642951965, 0.820283055305481, 1.1772229671478271], [-0.7266460657119751, -0.43898463249206543, -0.5284669995307922, 0.18493711948394775], [0.0, 0.0, 0.0, 1.0]]}, "finger5joint3": {"matrix": [[0.553967297077179, -0.6682831645011902, -0.4965049922466278, -1.9229316711425781], [-0.3924185633659363, -0.7355674505233765, 0.5522208213806152, 0.8441412448883057], [-0.7342530488967896, -0.11107427626848221, -0.6697270274162292, -0.11679240316152573], [0.0, 0.0, 0.0, 1.0]]}, "Bone": {"matrix": [[0.2769438326358795, -0.4621799886226654, 0.842431902885437, -0.8155056834220886], [0.0593344084918499, -0.8668254017829895, -0.4950687289237976, 0.48188748955726624], [0.9590522050857544, 0.18709146976470947, -0.21263891458511353, 0.003188788890838623], [0.0, 0.0, 0.0, 1.0]]}, "finger1joint1": {"matrix": [[-0.18541467189788818, -0.6500710248947144, 0.7369049191474915, -1.2001261711120605], [-0.8989611268043518, -0.1906406581401825, -0.3943665027618408, -0.23947390913963318], [0.3968502879142761, -0.7355700731277466, -0.5490410923957825, 0.15888401865959167], [0.0, 0.0, 0.0, 1.0]]}, "finger1joint2": {"matrix": [[-0.38792794942855835, -0.9193363785743713, -0.0658213272690773, -1.5675324201583862], [-0.7322143316268921, 0.35076725482940674, -0.5838016867637634, -0.34721988439559937], [0.5597981214523315, -0.17827750742435455, -0.8092235922813416, -0.25684425234794617], [0.0, 0.0, 0.0, 1.0]]}, "finger1joint3": {"matrix": [[-0.35860922932624817, -0.6505194306373596, -0.6694951057434082, -1.9616366624832153], [-0.7999463081359863, 0.5838046073913574, -0.13877341151237488, -0.1968517303466797], [0.4811292290687561, 0.4857948124408722, -0.729738175868988, -0.3332688808441162], [0.0, 0.0, 0.0, 1.0]]}, "Bone.001": {"matrix": [[0.20154023170471191, -0.21651725471019745, 0.9552494287490845, -0.8155058026313782], [-0.2962324619293213, -0.9430630207061768, -0.1512555181980133, 0.48188745975494385], [0.9336099028587341, -0.25249186158180237, -0.25420475006103516, 0.003188803791999817], [0.0, 0.0, 0.0, 1.0]]}, "finger2joint1": {"matrix": [[-0.23048938810825348, -0.6074402928352356, 0.7601912021636963, -0.9527525305747986], [-0.8821236491203308, -0.19934947788715363, -0.4267520606517792, -0.11590474843978882], [0.41077011823654175, -0.7689444422721863, -0.4898897111415863, -0.15686166286468506], [0.0, 0.0, 0.0, 1.0]]}, "finger2joint2": {"matrix": [[-0.3537377417087555, -0.8456365466117859, 0.399710088968277, -1.4782788753509521], [-0.8533092141151428, 0.11675076186656952, -0.5081658363342285, -0.288371741771698], [0.38305720686912537, -0.5208335518836975, -0.7628887295722961, -0.8221131563186646], [0.0, 0.0, 0.0, 1.0]]}, "finger2joint3": {"matrix": [[-0.4826863706111908, -0.8377704620361328, -0.25525301694869995, -1.7992963790893555], [-0.7854446172714233, 0.5430247187614441, -0.2969859540462494, -0.2440512478351593], [0.387414813041687, 0.05713622644543648, -0.9201329946517944, -1.0198301076889038], [0.0, 0.0, 0.0, 1.0]]}, "Bone.002": {"matrix": [[-0.021567001938819885, -0.18314680457115173, 0.9828488826751709, -0.8155058026313782], [-0.8674753308296204, -0.4852873384952545, -0.10946524888277054, 0.48188745975494385], [0.49701234698295593, -0.8549579381942749, -0.14840933680534363, 0.003188788890838623], [0.0, 0.0, 0.0, 1.0]]}, "finger3joint1": {"matrix": [[0.09431891143321991, -0.44710537791252136, 0.8894945383071899, -0.8927040100097656], [-0.5823797583580017, -0.749427855014801, -0.3149472773075104, 0.2773340046405792], [0.8074266314506531, -0.48831790685653687, -0.3310704529285431, -0.3571845591068268], [0.0, 0.0, 0.0, 1.0]]}, "finger3joint2": {"matrix": [[-0.012143048457801342, -0.9268734455108643, 0.375177264213562, -1.2848966121673584], [-0.6808927655220032, -0.26711153984069824, -0.6819358468055725, -0.3800502419471741], [0.7322824001312256, -0.2637360394001007, -0.6278579235076904, -0.7855280041694641], [0.0, 0.0, 0.0, 1.0]]}, "finger3joint3": {"matrix": [[-0.12103234231472015, -0.9923809170722961, 0.023046568036079407, -1.8846580982208252], [-0.5689208507537842, 0.05032354220747948, -0.8208511471748352, -0.5528929233551025], [0.8134372234344482, -0.11246100068092346, -0.570676863193512, -0.9561864137649536], [0.0, 0.0, 0.0, 1.0]]}, "Bone.003": {"matrix": [[0.42047229409217834, 0.42672961950302124, 0.800690233707428, -0.8155058026313782], [-0.8876472115516663, 0.3761815130710602, 0.26564979553222656, 0.48188745975494385], [-0.18784427642822266, -0.8224288821220398, 0.5369591116905212, 0.0031888186931610107], [0.0, 0.0, 0.0, 1.0]]}, "finger4joint1": {"matrix": [[-0.3649129569530487, -0.7875266671180725, 0.49662861227989197, -0.6326012015342712], [-0.9145890474319458, 0.2033749222755432, -0.3495214283466339, 0.6431261301040649], [0.17425578832626343, -0.5817559361457825, -0.7944775223731995, -0.3493201732635498], [0.0, 0.0, 0.0, 1.0]]}, "finger4joint2": {"matrix": [[-0.3732115924358368, -0.9148686528205872, 0.15403912961483002, -1.4148979187011719], [-0.9162653684616089, 0.3374374508857727, -0.21585476398468018, 0.8451504707336426], [0.1455003172159195, -0.22170011699199677, -0.9641982316970825, -0.9272127151489258], [0.0, 0.0, 0.0, 1.0]]}, "finger4joint3": {"matrix": [[-0.2980839014053345, -0.9469815492630005, -0.1198815330862999, -1.7964555025100708], [-0.937887966632843, 0.313921183347702, -0.14771312475204468, 0.9858831167221069], [0.17751507461071014, 0.06840473413467407, -0.9817376136779785, -1.019675612449646], [0.0, 0.0, 0.0, 1.0]]}}