{"root": {"matrix": [[0.16615450382232666, -0.7360263466835022, -0.6562452912330627, 0.0], [-0.7451547384262085, 0.34216171503067017, -0.5724244713783264, 2.9802322387695312e-08], [0.6458614468574524, 0.584115207195282, -0.4916018545627594, 0.0], [0.0, 0.0, 0.0, 1.0]]}, "carpals": {"matrix": [[0.968227744102478, -0.23096317052841187, -0.09586919099092484, -0.2709012031555176], [0.19615672528743744, 0.46367406845092773, 0.8640187978744507, -1.2858790159225464], [-0.155104398727417, -0.8553724884986877, 0.49424728751182556, 2.08760929107666], [0.0, 0.0, 0.0, 1.0]]}, "metacarpals": {"matrix": [[0.44589540362358093, -0.6422503590583801, 0.6234514117240906, -0.49585795402526855], [-0.3763653635978699, 0.49743080139160156, 0.7816081643104553, -0.834263265132904], [-0.8121122121810913, -0.5831610560417175, -0.019918518140912056, 1.2544817924499512], [0.0, 0.0, 0.0, 1.0]]}, "finger5joint1": {"matrix": [[0.23711006343364716, -0.9712157249450684, 0.022775525227189064, -1.1970775127410889], [-0.12487003207206726, -0.00721904169768095, 0.9921466112136841, -0.8058837056159973], [-0.9634241461753845, -0.23809197545051575, -0.1229872852563858, 1.0723812580108643], [0.0, 0.0, 0.0, 1.0]]}, "finger5joint2": {"matrix": [[0.009762438014149666, -0.2318548560142517, -0.9727011322975159, -2.2229456901550293], [0.9738137125968933, -0.2187524139881134, 0.061915893107652664, -0.8135089874267578], [-0.22713613510131836, -0.9478344917297363, 0.22364811599254608, 0.820891261100769], [0.0, 0.0, 0.0, 1.0]]}, "finger5joint3": {"matrix": [[0.04161129146814346, 0.4179386496543884, -0.9075214862823486, -2.382307767868042], [0.9442470669746399, -0.3133574426174164, -0.10101446509361267, -0.9638652205467224], [-0.32659637928009033, -0.8527215719223022, -0.4076766073703766, 0.1694113314151764], [0.0, 0.0, 0.0, 1.0]]}, "Bone": {"matrix": [[0.6483613848686218, 0.22759392857551575, 0.7265179753303528, -1.498589038848877], [-0.6138938069343567, -0.40811750292778015, 0.6757026314735413, -0.05763566493988037], [0.4502905309200287, -0.8841046690940857, -0.12488903105258942, 0.34400540590286255], [0.0, 0.0, 0.0, 1.0]]}, "finger1joint1": {"matrix": [[0.7395172715187073, -0.6670160889625549, 0.09057369828224182, -1.3091883659362793], [-0.4007241725921631, -0.32812297344207764, 0.8554267883300781, -0.3972659707069397], [-0.5408642888069153, -0.6688981652259827, -0.5099419951438904, -0.39173561334609985], [0.0, 0.0, 0.0, 1.0]]}, "finger1joint2": {"matrix": [[0.6900187730789185, -0.7164998650550842, 0.10247915238142014, -1.686171293258667], [-0.635494589805603, -0.5319687724113464, 0.5596029758453369, -0.5827140808105469], [-0.3464398980140686, -0.4512617290019989, -0.8224002122879028, -0.7697823643684387], [0.0, 0.0, 0.0, 1.0]]}, "finger1joint3": {"matrix": [[0.7226689457893372, -0.6366372108459473, -0.2691517770290375, -1.9933228492736816], [-0.5556082725524902, -0.7666910290718079, 0.32168930768966675, -0.8107602000236511], [-0.4111558198928833, -0.08293208479881287, -0.9077847003936768, -0.9632308483123779], [0.0, 0.0, 0.0, 1.0]]}, "Bone.001": {"matrix": [[0.7679882049560547, 0.21160145103931427, 0.6044987440109253, -1.4985891580581665], [-0.6315339207649231, 0.09313485771417618, 0.7697339057922363, -0.05763563513755798], [0.10657689720392227, -0.9729081988334656, 0.20516017079353333, 0.34400540590286255], [0.0, 0.0, 0.0, 1.0]]}, "finger2joint1": {"matrix": [[0.5086166858673096, -0.1459444761276245, 0.8485334515571594, -1.364458441734314], [-0.45256656408309937, 0.7930832505226135, 0.4076787531375885, 0.0014010071754455566], [-0.7324563264846802, -0.591370165348053, 0.3373259902000427, -0.27270519733428955], [0.0, 0.0, 0.0, 1.0]]}, "finger2joint2": {"matrix": [[0.4127340614795685, -0.7656558752059937, 0.4933776557445526, -1.4907220602035522], [-0.41472259163856506, 0.32429540157318115, 0.8501983284950256, 0.6875361800193787], [-0.8109597563743591, -0.5555207133293152, -0.18368689715862274, -0.7843284606933594], [0.0, 0.0, 0.0, 1.0]]}, "finger2joint3": {"matrix": [[0.27644479274749756, -0.8474222421646118, -0.4532698690891266, -1.7813775539398193], [-0.4490875005722046, -0.5308967232704163, 0.7186574339866638, 0.8106440305709839], [-0.8496460914611816, 0.004888616036623716, -0.5273303985595703, -0.9952132701873779], [0.0, 0.0, 0.0, 1.0]]}, "Bone.002": {"matrix": [[0.6884042024612427, -0.3100470304489136, 0.6557213664054871, -1.498589038848877], [-0.39975666999816895, 0.5921579599380493, 0.6996736526489258, -0.05763566493988037], [-0.6052224636077881, -0.7437872290611267, 0.2837007939815521, 0.34400540590286255], [0.0, 0.0, 0.0, 1.0]]}, "finger3joint1": {"matrix": [[0.7820196151733398, -0.4670015275478363, 0.4127408266067505, -1.629276990890503], [-0.49508145451545715, -0.063178151845932, 0.8665463328361511, 0.19196486473083496], [-0.3786024749279022, -0.8819965720176697, -0.28061017394065857, 0.03049159049987793], [0.0, 0.0, 0.0, 1.0]]}, "finger3joint2": {"matrix": [[0.6817303895950317, -0.3220723867416382, -0.6568965315818787, -2.038922071456909], [-0.5320814251899719, -0.8345239162445068, -0.14303451776504517, 0.13654619455337524], [-0.5021286010742188, 0.4470333158969879, -0.7402891516685486, -0.7431795001029968], [0.0, 0.0, 0.0, 1.0]]}, "finger3joint3": {"matrix": [[0.7656572461128235, 0.12184126675128937, -0.631604015827179, -2.247328758239746], [-0.5411901473999023, -0.4087059497833252, -0.734896183013916, -0.4034578502178192], [-0.3476811647415161, 0.9044964909553528, -0.2469893991947174, -0.45391303300857544], [0.0, 0.0, 0.0, 1.0]]}, "Bone.003": {"matrix": [[0.6530707478523254, -0.32149672508239746, 0.6856664419174194, -1.4985891580581665], [0.4143464267253876, 0.9095624089241028, 0.03182859346270561, -0.05763566493988037], [-0.6338890790939331, 0.2633172869682312, 0.7272197604179382, 0.34400537610054016], [0.0, 0.0, 0.0, 1.0]]}, "finger4joint1": {"matrix": [[0.5949009656906128, -0.12863774597644806, 0.7934387922286987, -1.636388897895813], [-0.5879944562911987, 0.6033871173858643, 0.5386890769004822, 0.33222049474716187], [-0.5480467081069946, -0.7870042324066162, 0.2833174765110016, 0.45686832070350647], [0.0, 0.0, 0.0, 1.0]]}, "finger4joint2": {"matrix": [[0.6070062518119812, -0.4403984248638153, 0.6615077257156372, -1.7641721963882446], [-0.5634965300559998, 0.34843623638153076, 0.7490415573120117, 0.9316005706787109], [-0.560370147228241, -0.827430248260498, -0.03665981814265251, -0.3249094486236572], [0.0, 0.0, 0.0, 1.0]]}, "finger4joint3": {"matrix": [[0.6317718029022217, -0.5604917407035828, 0.5354560613632202, -1.9478462934494019], [-0.6014073491096497, 0.08139334619045258, 0.7947853207588196, 1.0769202709197998], [-0.489053338766098, -0.8241503238677979, -0.2856616675853729, -0.6699998378753662], [0.0, 0.0, 0.0, 1.0]]}}