{"root": {"matrix": [[0.21785856783390045, -0.8452788591384888, -0.48789477348327637, 0.0], [-0.6481140851974487, 0.24846652150154114, -0.7198697924613953, 0.0], [0.7297161817550659, 0.473041296005249, -0.4937066435813904, 2.9802322387695312e-08], [0.0, 0.0, 0.0, 1.0]]}, "carpals": {"matrix": [[0.9349050521850586, -0.24313023686408997, -0.25853443145751953, -0.27983900904655457], [0.3323919177055359, 0.3445741832256317, 0.8779429793357849, -1.1415578126907349], [-0.12437012046575546, -0.906728208065033, 0.4029588997364044, 2.168760061264038], [0.0, 0.0, 0.0, 1.0]]}, "metacarpals": {"matrix": [[0.4655835032463074, -0.6479562520980835, 0.6028138399124146, -0.5166465044021606], [-0.3684192895889282, 0.47741183638572693, 0.7977122068405151, -0.8059446215629578], [-0.8046732544898987, -0.593489944934845, -0.01644434593617916, 1.2856124639511108], [0.0, 0.0, 0.0, 1.0]]}, "finger5joint1": {"matrix": [[0.19424818456172943, -0.8074221014976501, 0.5570790767669678, -1.2160871028900146], [-0.14510643482208252, 0.5379974842071533, 0.8303627967834473, -0.797008216381073], [-0.9701606035232544, -0.24213214218616486, -0.0126569215208292, 1.0948830842971802], [0.0, 0.0, 0.0, 1.0]]}, "finger5joint2": {"matrix": [[0.6688437461853027, -0.23520343005657196, -0.7052141427993774, -2.0689446926116943], [0.731202244758606, 0.379299521446228, 0.5669872164726257, -0.22873637080192566], [0.13413020968437195, -0.8948801159858704, 0.42567378282546997, 0.8391256332397461], [0.0, 0.0, 0.0, 1.0]]}, "finger5joint3": {"matrix": [[0.6817713975906372, 0.09416750818490982, -0.7254789471626282, -2.2306084632873535], [0.73108971118927, -0.05196433886885643, 0.6802990436553955, 0.031969476491212845], [0.026363153010606766, -0.9941990375518799, -0.10427246242761612, 0.22404314577579498], [0.0, 0.0, 0.0, 1.0]]}, "Bone": {"matrix": [[0.6587646007537842, 0.2490939050912857, 0.7099164128303528, -1.528286099433899], [-0.5943222045898438, -0.40628474950790405, 0.6940557360649109, -0.06057220697402954], [0.46131324768066406, -0.879138708114624, -0.11960382759571075, 0.35900986194610596], [0.0, 0.0, 0.0, 1.0]]}, "finger1joint1": {"matrix": [[0.748392641544342, -0.6571668982505798, 0.08966575562953949, -1.3209933042526245], [-0.38792282342910767, -0.32404324412345886, 0.8628507256507874, -0.39867737889289856], [-0.5379815697669983, -0.6805347800254822, -0.49744153022766113, -0.37259846925735474], [0.0, 0.0, 0.0, 1.0]]}, "finger1joint2": {"matrix": [[0.6985504031181335, -0.7074819803237915, 0.107221819460392, -1.6924095153808594], [-0.6256455183029175, -0.5311568379402161, 0.5713490843772888, -0.5818195343017578], [-0.3472677767276764, -0.46619918942451477, -0.8136727213859558, -0.7572219967842102], [0.0, 0.0, 0.0, 1.0]]}, "finger1joint3": {"matrix": [[0.7313003540039062, -0.6298748850822449, -0.2616436183452606, -1.9956955909729004], [-0.5446567535400391, -0.7702087759971619, 0.3318541347980499, -0.8095178008079529], [-0.41054701805114746, -0.1001792624592781, -0.9063195586204529, -0.9570739269256592], [0.0, 0.0, 0.0, 1.0]]}, "Bone.001": {"matrix": [[0.7830167412757874, 0.22097370028495789, 0.581425130367279, -1.5282859802246094], [-0.6104773283004761, 0.09392834454774857, 0.7864441275596619, -0.06057219207286835], [0.1191711351275444, -0.9707459807395935, 0.20844711363315582, 0.35900986194610596], [0.0, 0.0, 0.0, 1.0]]}, "finger2joint1": {"matrix": [[0.5293125510215759, -0.1595587134361267, 0.8332880735397339, -1.388214349746704], [-0.44254422187805176, 0.7860396504402161, 0.4316199719905853, -0.0010325908660888672], [-0.7238664031028748, -0.5972287058830261, 0.3454490602016449, -0.25633013248443604], [0.0, 0.0, 0.0, 1.0]]}, "finger2joint2": {"matrix": [[0.4334338903427124, -0.7069556713104248, 0.5588815808296204, -1.5262564420700073], [-0.40763381123542786, 0.39929184317588806, 0.821218729019165, 0.6790088415145874], [-0.8037223815917969, -0.583763062953949, -0.11511223763227463, -0.7730219960212708], [0.0, 0.0, 0.0, 1.0]]}, "finger2joint3": {"matrix": [[0.29780447483062744, -0.8193568587303162, -0.48986387252807617, -1.7946285009384155], [-0.4308827221393585, -0.573272705078125, 0.6969202756881714, 0.8305865526199341], [-0.851852297782898, 0.0035277826245874166, -0.5237699151039124, -0.9946279525756836], [0.0, 0.0, 0.0, 1.0]]}, "Bone.002": {"matrix": [[0.7060722708702087, -0.31642451882362366, 0.633512020111084, -1.5282859802246094], [-0.38437625765800476, 0.5801011323928833, 0.7181484699249268, -0.06057219207286835], [-0.5947409868240356, -0.750571608543396, 0.28796741366386414, 0.35900986194610596], [0.0, 0.0, 0.0, 1.0]]}, "finger3joint1": {"matrix": [[0.7954615354537964, -0.4314103424549103, 0.42558905482292175, -1.6616623401641846], [-0.4868893027305603, -0.036846812814474106, 0.872685968875885, 0.18394626677036285], [-0.36080440878868103, -0.9014029502868652, -0.23935911059379578, 0.04263639450073242], [0.0, 0.0, 0.0, 1.0]]}, "finger3joint2": {"matrix": [[0.7001223564147949, -0.29703643918037415, -0.6493058204650879, -2.0400872230529785], [-0.5200731158256531, -0.8352208733558655, -0.17868900299072266, 0.1516249179840088], [-0.48923683166503906, 0.4627906084060669, -0.7392375469207764, -0.7480576038360596], [0.0, 0.0, 0.0, 1.0]]}, "finger3joint3": {"matrix": [[0.7837299704551697, 0.07588283717632294, -0.6164487600326538, -2.2322938442230225], [-0.5234066843986511, -0.4536484479904175, -0.7212823629379272, -0.3888300657272339], [-0.33438417315483093, 0.8879440426826477, -0.3158203363418579, -0.44859492778778076], [0.0, 0.0, 0.0, 1.0]]}, "Bone.003": {"matrix": [[0.6496299505233765, -0.3485795557498932, 0.6756280064582825, -1.5282859802246094], [0.42835772037506104, 0.9020233154296875, 0.05351008102297783, -0.06057217717170715], [-0.6280845999717712, 0.25464892387390137, 0.735298216342926, 0.35900986194610596], [0.0, 0.0, 0.0, 1.0]]}, "finger4joint1": {"matrix": [[0.6148194074630737, -0.10723069310188293, 0.7813440561294556, -1.6776939630508423], [-0.5815842151641846, 0.6075112819671631, 0.5410076975822449, 0.32605254650115967], [-0.5326882004737854, -0.7870393395423889, 0.31114625930786133, 0.4681573510169983], [0.0, 0.0, 0.0, 1.0]]}, "finger4joint2": {"matrix": [[0.6271729469299316, -0.41622045636177063, 0.658342182636261, -1.7842127084732056], [-0.5569498538970947, 0.3512181043624878, 0.7526301741600037, 0.9295293688774109], [-0.5444819927215576, -0.838692843914032, -0.011539207771420479, -0.3136552572250366], [0.0, 0.0, 0.0, 1.0]]}, "finger4joint3": {"matrix": [[0.6499030590057373, -0.5349377989768982, 0.53987717628479, -1.9578025341033936], [-0.5951677560806274, 0.08354847878217697, 0.7992461323738098, 1.0760093927383423], [-0.4726530909538269, -0.8407500982284546, -0.26407912373542786, -0.6634429693222046], [0.0, 0.0, 0.0, 1.0]]}}