{"root": {"matrix": [[0.2357860952615738, -0.8843280076980591, -0.4029502272605896, -5.960464477539063e-08], [-0.606304407119751, 0.19018122553825378, -0.7721567749977112, 0.0], [0.7594733834266663, 0.4263743460178375, -0.49132996797561646, -2.9802322387695312e-08], [0.0, 0.0, 0.0, 1.0]]}, "carpals": {"matrix": [[0.8866968154907227, -0.321574866771698, -0.33220207691192627, -0.28706836700439453], [0.41662144660949707, 0.24415600299835205, 0.8756791949272156, -1.0981783866882324], [-0.20048722624778748, -0.9148645997047424, 0.3504675626754761, 2.1901097297668457], [0.0, 0.0, 0.0, 1.0]]}, "metacarpals": {"matrix": [[0.491966187953949, -0.6191595196723938, 0.6120544672012329, -0.6002802848815918], [-0.35083287954330444, 0.502418041229248, 0.7902480959892273, -0.8603719472885132], [-0.796796977519989, -0.6035041809082031, 0.02995133213698864, 1.299037218093872], [0.0, 0.0, 0.0, 1.0]]}, "finger5joint1": {"matrix": [[0.38658520579338074, -0.5763381123542786, 0.7199903726577759, -1.2917182445526123], [-0.27079230546951294, 0.6753401756286621, 0.6859933137893677, -0.8371806144714355], [-0.8816027045249939, -0.46016260981559753, 0.10500874370336533, 1.0821253061294556], [0.0, 0.0, 0.0, 1.0]]}, "finger5joint2": {"matrix": [[0.7849675416946411, -0.30327728390693665, -0.5402300357818604, -1.9004881381988525], [0.558270275592804, 0.7243475317955017, 0.40454208850860596, -0.12383753061294556], [0.26862603425979614, -0.6191466450691223, 0.7379003167152405, 0.5960683822631836], [0.0, 0.0, 0.0, 1.0]]}, "finger5joint3": {"matrix": [[0.781773030757904, -0.18635080754756927, -0.595066249370575, -2.1089413166046143], [0.6003317832946777, 0.4829813539981842, 0.6374402642250061, 0.3740319311618805], [0.16861854493618011, -0.8555708527565002, 0.4894544780254364, 0.17050716280937195], [0.0, 0.0, 0.0, 1.0]]}, "Bone": {"matrix": [[0.6337115168571472, 0.2780840992927551, 0.7218578457832336, -1.5669602155685425], [-0.6155899167060852, -0.3838205635547638, 0.6882807612419128, -0.07595792412757874], [0.46846380829811096, -0.880540132522583, -0.07204560190439224, 0.3567996323108673], [0.0, 0.0, 0.0, 1.0]]}, "finger1joint1": {"matrix": [[0.7602737545967102, -0.640809953212738, 0.10651879757642746, -1.33554208278656], [-0.38114506006240845, -0.307258278131485, 0.8719635009765625, -0.39536866545677185], [-0.5260343551635742, -0.7035303115844727, -0.477841854095459, -0.37597501277923584], [0.0, 0.0, 0.0, 1.0]]}, "finger1joint2": {"matrix": [[0.7044067978858948, -0.7040634155273438, 0.0900319516658783, -1.6977139711380005], [-0.6223011016845703, -0.5515793561935425, 0.5554288625717163, -0.569024384021759], [-0.34139755368232727, -0.4472750425338745, -0.8266756534576416, -0.7735950946807861], [0.0, 0.0, 0.0, 1.0]]}, "finger1joint3": {"matrix": [[0.7352563738822937, -0.6190199851989746, -0.2760657072067261, -1.999534249305725], [-0.5421948432922363, -0.781578540802002, 0.3084792196750641, -0.8054773807525635], [-0.4067220687866211, -0.07713010907173157, -0.9102900624275208, -0.9653345346450806], [0.0, 0.0, 0.0, 1.0]]}, "Bone.001": {"matrix": [[0.7708423137664795, 0.25921300053596497, 0.5819025039672852, -1.566960334777832], [-0.6234145164489746, 0.11914142221212387, 0.7727607488632202, -0.07595790922641754], [0.13098087906837463, -0.9584433436393738, 0.2534366250038147, 0.3567996323108673], [0.0, 0.0, 0.0, 1.0]]}, "finger2joint1": {"matrix": [[0.5516901016235352, -0.1274932622909546, 0.8242470622062683, -1.4026494026184082], [-0.42805153131484985, 0.804888904094696, 0.4110051691532135, -0.0004361271858215332], [-0.7158279418945312, -0.5795676708221436, 0.3894757628440857, -0.2507418990135193], [0.0, 0.0, 0.0, 1.0]]}, "finger2joint2": {"matrix": [[0.4593588411808014, -0.7333466410636902, 0.5011905431747437, -1.51295006275177], [-0.38965311646461487, 0.3406883180141449, 0.8556292653083801, 0.6959127187728882], [-0.7982228994369507, -0.5883313417434692, -0.12925243377685547, -0.7521542906761169], [0.0, 0.0, 0.0, 1.0]]}, "finger2joint3": {"matrix": [[0.325581818819046, -0.8263261318206787, -0.45954471826553345, -1.7913405895233154], [-0.42288944125175476, -0.5619674324989319, 0.7108843922615051, 0.8252435922622681], [-0.8456717729568481, -0.037114523351192474, -0.5324109792709351, -0.9754945039749146], [0.0, 0.0, 0.0, 1.0]]}, "Bone.002": {"matrix": [[0.7240028381347656, -0.28068089485168457, 0.6301096081733704, -1.5669602155685425], [-0.37585219740867615, 0.6054424047470093, 0.7015513181686401, -0.07595790922641754], [-0.5784072875976562, -0.7447531223297119, 0.3328476846218109, 0.3567996621131897], [0.0, 0.0, 0.0, 1.0]]}, "finger3joint1": {"matrix": [[0.8069522380828857, -0.4179845452308655, 0.41727331280708313, -1.6852699518203735], [-0.476548433303833, -0.04343409091234207, 0.8780744671821594, 0.17924214899539948], [-0.34889790415763855, -0.9074151515960693, -0.2342389076948166, 0.04287874698638916], [0.0, 0.0, 0.0, 1.0]]}, "finger3joint2": {"matrix": [[0.7139052152633667, -0.28986039757728577, -0.6374325156211853, -2.0519185066223145], [-0.5111208558082581, -0.8379245400428772, -0.1914096474647522, 0.14114254713058472], [-0.47863849997520447, 0.46245333552360535, -0.74635249376297, -0.7530890703201294], [0.0, 0.0, 0.0, 1.0]]}, "finger3joint3": {"matrix": [[0.7956587076187134, 0.09845255315303802, -0.597690761089325, -2.239481210708618], [-0.5125880837440491, -0.41633135080337524, -0.7509469985961914, -0.40106189250946045], [-0.32277026772499084, 0.903866708278656, -0.28079211711883545, -0.4538446366786957], [0.0, 0.0, 0.0, 1.0]]}, "Bone.003": {"matrix": [[0.6781534552574158, -0.3478131592273712, 0.6474055051803589, -1.5669602155685425], [0.4381483495235443, 0.8985874056816101, 0.023800771683454514, -0.07595792412757874], [-0.5900285243988037, 0.2675192952156067, 0.7617740035057068, 0.3567996025085449], [0.0, 0.0, 0.0, 1.0]]}, "finger4joint1": {"matrix": [[0.6325007677078247, -0.08748079836368561, 0.7696036100387573, -1.7160396575927734], [-0.5719901323318481, 0.6172163486480713, 0.5402506589889526, 0.30919408798217773], [-0.5222737193107605, -0.7819145917892456, 0.3403518497943878, 0.4714636206626892], [0.0, 0.0, 0.0, 1.0]]}, "finger4joint2": {"matrix": [[0.6450724005699158, -0.3936742842197418, 0.6549060344696045, -1.802939534187317], [-0.5471522212028503, 0.3602994978427887, 0.7555184364318848, 0.9223114848136902], [-0.5333907008171082, -0.8456974625587463, 0.017019717022776604, -0.30525824427604675], [0.0, 0.0, 0.0, 1.0]]}, "finger4joint3": {"matrix": [[0.6659147143363953, -0.5110418200492859, 0.5435012578964233, -1.967126488685608], [-0.5862022638320923, 0.09217509627342224, 0.8049037456512451, 1.072579026222229], [-0.4614369571208954, -0.8545990586280823, -0.23819291591644287, -0.6579672694206238], [0.0, 0.0, 0.0, 1.0]]}}