{"root": {"matrix": [[0.16200511157512665, -0.5646527409553528, 0.809272289276123, -5.960464477539063e-08], [0.9853425621986389, 0.0481630340218544, -0.16364718973636627, 3.725290298461914e-09], [0.05342690274119377, 0.8239220976829529, 0.564179003238678, 5.960464477539063e-08], [0.0, 0.0, 0.0, 1.0]]}, "carpals": {"matrix": [[-0.9562224745750427, -0.15259023010730743, 0.24970896542072296, -0.277304470539093], [0.007108590565621853, -0.8651559948921204, -0.5014521479606628, 2.293867588043213], [0.29255396127700806, -0.4777247905731201, 0.8283664584159851, 0.8638633489608765], [0.0, 0.0, 0.0, 1.0]]}, "metacarpals": {"matrix": [[-0.3296602964401245, -0.49568650126457214, 0.8035040497779846, -0.4259263873100281], [-0.4769039750099182, -0.6470809578895569, -0.5948516726493835, 1.4512107372283936], [0.814792275428772, -0.5792933106422424, -0.023077983409166336, 0.3985621929168701], [0.0, 0.0, 0.0, 1.0]]}, "finger5joint1": {"matrix": [[-0.4327247440814972, -0.7010788917541504, 0.5667781829833984, -0.9814910292625427], [-0.702401876449585, -0.131918802857399, -0.699448823928833, 1.4103244543075562], [0.5651376247406006, -0.7007749676704407, -0.43535467982292175, -0.06549727916717529], [0.0, 0.0, 0.0, 1.0]]}, "finger5joint2": {"matrix": [[0.6200089454650879, -0.4652368724346161, -0.6317775845527649, -1.7220211029052734], [-0.6875901818275452, -0.7100273370742798, -0.15192191302776337, 1.270982265472412], [-0.3778998851776123, 0.528597354888916, -0.7601158022880554, -0.8057063817977905], [0.0, 0.0, 0.0, 1.0]]}, "finger5joint3": {"matrix": [[0.6077063679695129, -0.3604830205440521, -0.707632839679718, -2.041794776916504], [-0.7414608597755432, -0.5767261385917664, -0.34296077489852905, 0.7829554677009583], [-0.28447893261909485, 0.733102023601532, -0.6177642941474915, -0.44238293170928955], [0.0, 0.0, 0.0, 1.0]]}, "Bone": {"matrix": [[0.3690657317638397, -0.5314096212387085, 0.7624920606613159, -1.1998307704925537], [0.6136120557785034, -0.47686439752578735, -0.6293490529060364, 0.44093772768974304], [0.6980474591255188, 0.7001456618309021, 0.15008507668972015, -0.5058754682540894], [0.0, 0.0, 0.0, 1.0]]}, "finger1joint1": {"matrix": [[-0.02128615789115429, -0.17981861531734467, 0.9834693670272827, -1.6420631408691406], [-0.13140760362148285, -0.9746548533439636, -0.18105128407478333, 0.04409700632095337], [0.9910997748374939, -0.13308915495872498, -0.0028829206712543964, 0.07677709311246872], [0.0, 0.0, 0.0, 1.0]]}, "finger1joint2": {"matrix": [[-0.3160993456840515, -0.45510604977607727, 0.8324419856071472, -1.7436927556991577], [-0.050525762140750885, -0.8681104779243469, -0.4937925338745117, -0.5067567825317383], [0.9473797082901001, -0.19814716279506683, 0.25141453742980957, 0.0015579834580421448], [0.0, 0.0, 0.0, 1.0]]}, "finger1joint3": {"matrix": [[-0.21325990557670593, -0.7891690731048584, 0.5759621262550354, -1.9387892484664917], [-0.06839127093553543, -0.5760188698768616, -0.8145701289176941, -0.878901481628418], [0.9745988249778748, -0.21310581266880035, 0.06886947154998779, -0.0833844542503357], [0.0, 0.0, 0.0, 1.0]]}, "Bone.001": {"matrix": [[0.25470003485679626, -0.33678746223449707, 0.9064777493476868, -1.1998307704925537], [0.3373435139656067, -0.8475601673126221, -0.4096837341785431, 0.44093772768974304], [0.9062708616256714, 0.4101409316062927, -0.1022605374455452, -0.5058754682540894], [0.0, 0.0, 0.0, 1.0]]}, "finger2joint1": {"matrix": [[-0.28293779492378235, -0.884116530418396, -0.37186557054519653, -1.4133145809173584], [-0.3793042004108429, 0.45924246311187744, -0.8032585382461548, -0.09631678462028503], [0.8809506893157959, -0.08622203767299652, -0.46528616547584534, -0.24589383602142334], [0.0, 0.0, 0.0, 1.0]]}, "finger2joint2": {"matrix": [[-0.32614973187446594, -0.2664152979850769, -0.9070000052452087, -2.1782071590423584], [-0.2603589594364166, 0.9476730823516846, -0.18473923206329346, 0.300996333360672], [0.9087570905685425, 0.1758929193019867, -0.37844693660736084, -0.32048875093460083], [0.0, 0.0, 0.0, 1.0]]}, "finger2joint3": {"matrix": [[-0.27219805121421814, 0.2373853623867035, -0.9324999451637268, -2.2793428897857666], [-0.13238969445228577, 0.9506364464759827, 0.2806472182273865, 0.6607486009597778], [0.9530901908874512, 0.19984500110149384, -0.22733400762081146, -0.25371691584587097], [0.0, 0.0, 0.0, 1.0]]}, "Bone.002": {"matrix": [[-0.06656284630298615, -0.311320424079895, 0.9479709267616272, -1.1998307704925537], [-0.34277036786079407, -0.8851222395896912, -0.31474870443344116, 0.44093772768974304], [0.9370580315589905, -0.3458869159221649, -0.047795191407203674, -0.5058754682540894], [0.0, 0.0, 0.0, 1.0]]}, "finger3joint1": {"matrix": [[0.2299068719148636, -0.18710453808307648, 0.9550573825836182, -1.3310554027557373], [0.4982299208641052, -0.8203657269477844, -0.2806541621685028, 0.06784987449645996], [0.8360081315040588, 0.5403627157211304, -0.09538669884204865, -0.6516702771186829], [0.0, 0.0, 0.0, 1.0]]}, "finger3joint2": {"matrix": [[0.16020438075065613, -0.9361344575881958, 0.31302836537361145, -1.4951801300048828], [0.37275126576423645, -0.23626814782619476, -0.8973481059074402, -0.6517598032951355], [0.9139971733093262, 0.2604409456253052, 0.3110943138599396, -0.1776740700006485], [0.0, 0.0, 0.0, 1.0]]}, "finger3joint3": {"matrix": [[0.0586371086537838, -0.32796940207481384, -0.9428667426109314, -2.1009342670440674], [0.5061568021774292, 0.8238523006439209, -0.2550928294658661, -0.8046443462371826], [0.8604456782341003, -0.46228066086769104, 0.21431240439414978, -0.009147852659225464], [0.0, 0.0, 0.0, 1.0]]}, "Bone.003": {"matrix": [[0.3057321608066559, 0.3860624134540558, 0.8703354001045227, -1.1998306512832642], [-0.8535252809524536, -0.293951153755188, 0.430217444896698, 0.44093769788742065], [0.421926885843277, -0.8743846416473389, 0.23964369297027588, -0.5058754086494446], [0.0, 0.0, 0.0, 1.0]]}, "finger4joint1": {"matrix": [[-0.47530969977378845, -0.8658247590065002, 0.1562943309545517, -1.0343568325042725], [-0.5264489054679871, 0.137550488114357, -0.8390058875083923, 0.3149445056915283], [0.7049339413642883, -0.48106876015663147, -0.5211916565895081, -0.8806536197662354], [0.0, 0.0, 0.0, 1.0]]}, "finger4joint2": {"matrix": [[-0.4919254779815674, -0.4308166801929474, -0.7565751671791077, -1.894431710243225], [-0.5392605662345886, 0.8330026865005493, -0.12370907515287399, 0.45158159732818604], [0.6835252642631531, 0.34713563323020935, -0.6420979499816895, -1.3585277795791626], [0.0, 0.0, 0.0, 1.0]]}, "finger4joint3": {"matrix": [[-0.4432904124259949, -0.23807582259178162, -0.8641835451126099, -2.0741093158721924], [-0.6047707796096802, 0.7910325527191162, 0.09229934215545654, 0.7989959716796875], [0.6616232395172119, 0.5635485649108887, -0.4946386218070984, -1.2137502431869507], [0.0, 0.0, 0.0, 1.0]]}}