{"root": {"matrix": [[0.32945576310157776, -0.9263691902160645, 0.18248027563095093, 0.0], [0.25408104062080383, -0.09915422648191452, -0.9620869159698486, 0.0], [0.9093413949012756, 0.36332985758781433, 0.20270583033561707, 0.0], [0.0, 0.0, 0.0, 1.0]]}, "carpals": {"matrix": [[-0.2733807861804962, -0.39336609840393066, -0.8777959942817688, -0.18220514059066772], [0.956716001033783, -0.20586171746253967, -0.20570699870586395, 0.5857077836990356], [-0.09978625923395157, -0.8960378170013428, 0.43261829018592834, 2.3892955780029297], [0.0, 0.0, 0.0, 1.0]]}, "metacarpals": {"matrix": [[-0.39843785762786865, -0.6931251287460327, -0.6006867289543152, -0.5653414726257324], [0.9126963019371033, -0.3644106984138489, -0.18490594625473022, 0.3851996660232544], [-0.09073353558778763, -0.6219180822372437, 0.7778077721595764, 1.5165600776672363], [0.0, 0.0, 0.0, 1.0]]}, "finger5joint1": {"matrix": [[-0.5887121558189392, -0.5737863183021545, -0.569374144077301, -0.6438714265823364], [0.767685055732727, -0.6174440979957581, -0.1715296357870102, 0.09315907955169678], [-0.25313514471054077, -0.5380816459655762, 0.8039840459823608, 0.8576063513755798], [0.0, 0.0, 0.0, 1.0]]}, "finger5joint2": {"matrix": [[-0.38808587193489075, -0.9103325009346008, 0.1438174694776535, -1.249946117401123], [-0.1257258504629135, -0.10229585319757462, -0.9867767691612244, -0.5590299367904663], [0.9130070209503174, -0.40103548765182495, -0.07475291192531586, 0.28924560546875], [0.0, 0.0, 0.0, 1.0]]}, "finger5joint3": {"matrix": [[-0.47870200872421265, -0.8604791164398193, -0.17441177368164062, -1.8756494522094727], [-0.08020895719528198, 0.2406821846961975, -0.9672839641571045, -0.6293415427207947], [0.8743056058883667, -0.44905123114585876, -0.18423326313495636, 0.01359984278678894], [0.0, 0.0, 0.0, 1.0]]}, "Bone": {"matrix": [[0.6715503334999084, -0.40724167227745056, -0.6190105676651001, -1.6475021839141846], [0.5153316855430603, 0.8569777607917786, -0.004726642742753029, -0.1837465763092041], [0.5324031710624695, -0.31582143902778625, 0.7853682041168213, 0.545573353767395], [0.0, 0.0, 0.0, 1.0]]}, "finger1joint1": {"matrix": [[-0.2606874108314514, -0.42791974544525146, -0.8654053807258606, -1.9864035844802856], [0.9578500390052795, -0.0025839121080935, -0.2872569262981415, 0.5294197201728821], [0.12068690359592438, -0.9038127660751343, 0.4105565845966339, 0.28275060653686523], [0.0, 0.0, 0.0, 1.0]]}, "finger1joint2": {"matrix": [[0.02378086932003498, -0.13861125707626343, -0.9900611639022827, -2.228254795074463], [0.9996851086616516, 0.011233446188271046, 0.022439345717430115, 0.5279593467712402], [0.008011553436517715, -0.9902830123901367, 0.1388348639011383, -0.22806477546691895], [0.0, 0.0, 0.0, 1.0]]}, "finger1joint3": {"matrix": [[-0.07153872400522232, 0.2987216114997864, -0.9516550898551941, -2.287674903869629], [0.995729386806488, 0.07720844447612762, -0.05061638727784157, 0.5327749252319336], [0.058355703949928284, -0.9512118697166443, -0.3029691278934479, -0.6525827646255493], [0.0, 0.0, 0.0, 1.0]]}, "Bone.001": {"matrix": [[0.41620856523513794, -0.8042172789573669, -0.4242696166038513, -1.6475021839141846], [0.7704857587814331, 0.5597050786018372, -0.30509302020072937, -0.1837465763092041], [0.48282700777053833, -0.1999112218618393, 0.8525919914245605, 0.545573353767395], [0.0, 0.0, 0.0, 1.0]]}, "finger2joint1": {"matrix": [[-0.27458706498146057, -0.5128690004348755, -0.8133676648139954, -2.1572823524475098], [0.9614208340644836, -0.1319340169429779, -0.24137772619724274, 0.1710413098335266], [0.0164844561368227, -0.8482678532600403, 0.529310405254364, 0.4188529849052429], [0.0, 0.0, 0.0, 1.0]]}, "finger2joint2": {"matrix": [[-0.24349620938301086, 0.1193254292011261, -0.9625335335731506, -2.6009905338287354], [0.9637258648872375, -0.08204833418130875, -0.25396934151649475, 0.05689873546361923], [-0.10927912592887878, -0.9894589781761169, -0.09501845389604568, -0.31502512097358704], [0.0, 0.0, 0.0, 1.0]]}, "finger2joint3": {"matrix": [[-0.14121726155281067, 0.7667326331138611, -0.6262414455413818, -2.555692672729492], [0.9667672514915466, -0.029370373114943504, -0.25396502017974854, 0.02575184404850006], [-0.21311607956886292, -0.6412941217422485, -0.7371044158935547, -0.6906399726867676], [0.0, 0.0, 0.0, 1.0]]}, "Bone.002": {"matrix": [[-0.25580140948295593, -0.910423219203949, -0.3251076340675354, -1.6475021839141846], [0.9472253322601318, -0.1688305288553238, -0.2725076675415039, -0.1837465763092041], [0.19320939481258392, -0.3776578903198242, 0.9055629968643188, 0.545573353767395], [0.0, 0.0, 0.0, 1.0]]}, "finger3joint1": {"matrix": [[0.3629859983921051, -0.9249892234802246, -0.11240918934345245, -2.031254529953003], [0.8863797783851624, 0.37997573614120483, -0.2644798159599304, -0.25491032004356384], [0.2873538136482239, -0.0036345424596220255, 0.9578174352645874, 0.38638678193092346], [0.0, 0.0, 0.0, 1.0]]}, "finger3joint2": {"matrix": [[0.21624186635017395, 0.5392558574676514, -0.813905656337738, -2.8426380157470703], [0.9448955655097961, 0.09427279978990555, 0.3135046362876892, 0.07839736342430115], [0.24578845500946045, -0.8368486762046814, -0.4891544282436371, 0.38319864869117737], [0.0, 0.0, 0.0, 1.0]]}, "finger3joint3": {"matrix": [[0.3765166699886322, 0.920171856880188, 0.10732565820217133, -2.493696451187134], [0.8822157979011536, -0.39149609208106995, 0.26158401370048523, 0.1393994390964508], [0.28271985054016113, -0.0038067365530878305, -0.9591948390007019, -0.158309668302536], [0.0, 0.0, 0.0, 1.0]]}, "Bone.003": {"matrix": [[-0.8140562176704407, -0.3750576078891754, 0.44344568252563477, -1.6475021839141846], [0.39882034063339233, -0.9160376191139221, -0.04263129457831383, -0.1837465763092041], [0.4222022593021393, 0.14215080440044403, 0.8952866792678833, 0.545573353767395], [0.0, 0.0, 0.0, 1.0]]}, "finger4joint1": {"matrix": [[-0.45633333921432495, -0.4318804442882538, -0.7779708504676819, -1.8082592487335205], [0.8727352619171143, -0.38768965005874634, -0.2966982424259186, -0.5763780474662781], [-0.17347285151481628, -0.8143559694290161, 0.5538331270217896, 0.6065019965171814], [0.0, 0.0, 0.0, 1.0]]}, "finger4joint2": {"matrix": [[-0.48105108737945557, -0.08218991756439209, -0.8728311061859131, -2.237271308898926], [0.8577266931533813, -0.250089555978775, -0.4491769075393677, -0.9614930748939514], [-0.1813679039478302, -0.9647276997566223, 0.1908024251461029, -0.2024458348751068], [0.0, 0.0, 0.0, 1.0]]}, "finger4joint3": {"matrix": [[-0.45973408222198486, 0.12893198430538177, -0.8786470293998718, -2.271549940109253], [0.8820258378982544, -0.048816245049238205, -0.46866530179977417, -1.065796136856079], [-0.10331796854734421, -0.990450918674469, -0.09127877652645111, -0.6047980189323425], [0.0, 0.0, 0.0, 1.0]]}}