{"root": {"matrix": [[0.29069745540618896, -0.8431833982467651, -0.452257364988327, -5.960464477539063e-08], [-0.5165488123893738, 0.2595721483230591, -0.8159654140472412, 2.9802322387695312e-08], [0.8054019212722778, 0.4708121120929718, -0.3600884974002838, 0.0], [0.0, 0.0, 0.0, 1.0]]}, "carpals": {"matrix": [[0.9168472290039062, -0.31040140986442566, -0.2510816156864166, -0.11707133054733276], [0.3159014880657196, 0.17947804927825928, 0.9316617250442505, -0.8223522305488586], [-0.24412542581558228, -0.9335086345672607, 0.26261043548583984, 2.3227174282073975], [0.0, 0.0, 0.0, 1.0]]}, "metacarpals": {"matrix": [[0.4526067078113556, -0.5839623212814331, 0.6738954186439514, -0.41940033435821533], [-0.4843255579471588, 0.47355571389198303, 0.7356448769569397, -0.6475417017936707], [-0.7487161159515381, -0.6593425869941711, -0.06849323213100433, 1.4134856462478638], [0.0, 0.0, 0.0, 1.0]]}, "finger5joint1": {"matrix": [[0.22573457658290863, -0.8016537427902222, 0.5535296201705933, -1.1092853546142578], [-0.2595527172088623, 0.4981667697429657, 0.8273221254348755, -0.5949358940124512], [-0.9389761090278625, -0.3304252326488495, -0.09561777114868164, 1.196768879890442], [0.0, 0.0, 0.0, 1.0]]}, "finger5joint2": {"matrix": [[0.6114169359207153, -0.3427642583847046, -0.7132191061973572, -1.9560500383377075], [0.7903031706809998, 0.21909081935882568, 0.5722058415412903, -0.06873615086078644], [-0.039871811866760254, -0.9135157465934753, 0.40484389662742615, 0.8477498292922974], [0.0, 0.0, 0.0, 1.0]]}, "finger5joint3": {"matrix": [[0.6150822043418884, -0.006965625565499067, -0.7884318828582764, -2.1916439533233643], [0.7745988965034485, -0.18135565519332886, 0.6058927774429321, 0.08185266703367233], [-0.1472068876028061, -0.9833926558494568, -0.10615281015634537, 0.21985843777656555], [0.0, 0.0, 0.0, 1.0]]}, "Bone": {"matrix": [[0.5877547860145569, 0.23577822744846344, 0.7739204168319702, -1.3311277627944946], [-0.603180468082428, -0.5098133087158203, 0.6134030222892761, 0.09181022644042969], [0.5391819477081299, -0.827344536781311, -0.15742826461791992, 0.3840687870979309], [0.0, 0.0, 0.0, 1.0]]}, "finger1joint1": {"matrix": [[0.572058916091919, -0.7155280113220215, 0.4009590744972229, -1.1349159479141235], [-0.5274385809898376, 0.0534583143889904, 0.8479093909263611, -0.33245012164115906], [-0.6281377673149109, -0.6965354681015015, -0.3468156158924103, -0.3044371008872986], [0.0, 0.0, 0.0, 1.0]]}, "finger1joint2": {"matrix": [[0.4370166063308716, -0.840596616268158, 0.3200215697288513, -1.5393168926239014], [-0.7615097761154175, -0.1564387083053589, 0.628990888595581, -0.3022366166114807], [-0.4786641001701355, -0.5185790657997131, -0.7084887027740479, -0.6981039047241211], [0.0, 0.0, 0.0, 1.0]]}, "finger1joint3": {"matrix": [[0.4977225959300995, -0.8605896234512329, -0.10797085613012314, -1.8996669054031372], [-0.6876402497291565, -0.46740296483039856, 0.5555943846702576, -0.36929935216903687], [-0.5286049246788025, -0.20228688418865204, -0.8244129419326782, -0.92041015625], [0.0, 0.0, 0.0, 1.0]]}, "Bone.001": {"matrix": [[0.7197630405426025, 0.2564558982849121, 0.6451134085655212, -1.3311277627944946], [-0.6632821559906006, -0.02027515321969986, 0.7480944395065308, 0.0918101966381073], [0.20493291318416595, -0.966343104839325, 0.15550950169563293, 0.3840688467025757], [0.0, 0.0, 0.0, 1.0]]}, "finger2joint1": {"matrix": [[0.6658360958099365, -0.7182656526565552, -0.20188242197036743, -1.1685644388198853], [-0.48697352409362793, -0.6233760714530945, 0.6117668151855469, 0.07895812392234802], [-0.5652599334716797, -0.30902522802352905, -0.7648426294326782, -0.2284802794456482], [0.0, 0.0, 0.0, 1.0]]}, "finger2joint2": {"matrix": [[0.6139495968818665, -0.6054578423500061, -0.5064449906349182, -1.7899713516235352], [-0.5957937240600586, -0.7763153910636902, 0.2058248370885849, -0.4603549838066101], [-0.517779529094696, 0.17537051439285278, -0.8373465538024902, -0.4958331286907196], [0.0, 0.0, 0.0, 1.0]]}, "finger2joint3": {"matrix": [[0.5832334756851196, -0.4271484911441803, -0.6909288167953491, -2.019813299179077], [-0.6968950629234314, -0.7001261711120605, -0.15543532371520996, -0.7550570964813232], [-0.4173436164855957, 0.5721599459648132, -0.70601487159729, -0.42925959825515747], [0.0, 0.0, 0.0, 1.0]]}, "Bone.002": {"matrix": [[0.6844801902770996, -0.24001455307006836, 0.6883893609046936, -1.3311277627944946], [-0.501244843006134, 0.5307196378707886, 0.6834397912025452, 0.0918101966381073], [-0.5293774604797363, -0.8128525018692017, 0.24296118319034576, 0.3840688467025757], [0.0, 0.0, 0.0, 1.0]]}, "finger3joint1": {"matrix": [[0.771615743637085, -0.49707916378974915, 0.3968898057937622, -1.4322962760925293], [-0.5546663403511047, -0.2203681915998459, 0.8023608326911926, 0.31551384925842285], [-0.311375230550766, -0.8392556309700012, -0.44575244188308716, 0.0414433479309082], [0.0, 0.0, 0.0, 1.0]]}, "finger3joint2": {"matrix": [[0.6673243045806885, -0.48282283544540405, -0.5670629739761353, -1.8683249950408936], [-0.6132365465164185, -0.788284420967102, -0.05048106610774994, 0.12221094965934753], [-0.42263370752334595, 0.38143086433410645, -0.8221259713172913, -0.6947362422943115], [0.0, 0.0, 0.0, 1.0]]}, "finger3joint3": {"matrix": [[0.7283920049667358, -0.08265282958745956, -0.6801570057868958, -2.1807501316070557], [-0.634358286857605, -0.4564758241176605, -0.6238743662834167, -0.3878723382949829], [-0.2589104473590851, 0.8858882784843445, -0.38492488861083984, -0.4479198455810547], [0.0, 0.0, 0.0, 1.0]]}, "Bone.003": {"matrix": [[0.704058051109314, -0.27124813199043274, 0.6562977433204651, -1.3311277627944946], [0.3062548041343689, 0.9497950673103333, 0.06400912255048752, 0.0918101966381073], [-0.6407105922698975, 0.15592843294143677, 0.7517819404602051, 0.3840687870979309], [0.0, 0.0, 0.0, 1.0]]}, "finger4joint1": {"matrix": [[0.5596622228622437, -0.23702038824558258, 0.7941029071807861, -1.4473899602890015], [-0.6157586574554443, 0.5223745107650757, 0.5898861885070801, 0.4989108443260193], [-0.5546343922615051, -0.8191125988960266, 0.1464061141014099, 0.4509027600288391], [0.0, 0.0, 0.0, 1.0]]}, "finger4joint2": {"matrix": [[0.5693117380142212, -0.5484367609024048, 0.6124549508094788, -1.6828364133834839], [-0.59211665391922, 0.2432764172554016, 0.7682538032531738, 1.0178163051605225], [-0.5703346729278564, -0.800020694732666, -0.18623825907707214, -0.362770140171051], [0.0, 0.0, 0.0, 1.0]]}, "finger4joint3": {"matrix": [[0.6039102077484131, -0.6530386805534363, 0.45698225498199463, -1.9115691184997559], [-0.6214649081230164, -0.026797305792570114, 0.7829832434654236, 1.119277834892273], [-0.4990726411342621, -0.7568500638008118, -0.42202359437942505, -0.6964291334152222], [0.0, 0.0, 0.0, 1.0]]}}