{"root": {"matrix": [[0.25824838876724243, -0.4941379725933075, 0.8301418423652649, 0.0], [0.7850269079208374, -0.3934876024723053, -0.478435218334198, 0.0], [0.5630635619163513, 0.7752387523651123, 0.28629401326179504, 0.0], [0.0, 0.0, 0.0, 1.0]]}, "carpals": {"matrix": [[-0.9025338888168335, -0.3084477484226227, 0.3004867732524872, 0.0070219337940216064], [-0.08802185207605362, -0.5509240031242371, -0.8299003839492798, 1.4439544677734375], [0.42152640223503113, -0.7754626870155334, 0.4700774550437927, 1.9999828338623047], [0.0, 0.0, 0.0, 1.0]]}, "metacarpals": {"matrix": [[-0.33230826258659363, -0.37050661444664, 0.8673499226570129, -0.2934042811393738], [-0.8269017934799194, -0.32787585258483887, -0.45687049627304077, 0.9073578119277954], [0.45365670323371887, -0.869035005569458, -0.19741684198379517, 1.2446869611740112], [0.0, 0.0, 0.0, 1.0]]}, "finger5joint1": {"matrix": [[-0.41680005192756653, -0.6118941307067871, 0.6722075939178467, -0.8033319711685181], [-0.906768262386322, 0.2281164973974228, -0.35458990931510925, 1.0532838106155396], [0.06362994015216827, -0.7573295831680298, -0.6499252319335938, 0.7503650188446045], [0.0, 0.0, 0.0, 1.0]]}, "finger5joint2": {"matrix": [[0.5942453742027283, -0.7435864210128784, -0.30651432275772095, -1.4496588706970215], [-0.4333522617816925, -0.6170713305473328, 0.6568320989608765, 1.2942368984222412], [-0.6775528788566589, -0.2574905455112457, -0.6889267563819885, -0.04958125948905945], [0.0, 0.0, 0.0, 1.0]]}, "finger5joint3": {"matrix": [[0.5382021069526672, -0.5702313184738159, -0.6206240057945251, -1.960752010345459], [-0.5245679020881653, -0.8029947280883789, 0.28289157152175903, 0.870102047920227], [-0.6596716046333313, 0.17330682277679443, -0.7312984466552734, -0.22656354308128357], [0.0, 0.0, 0.0, 1.0]]}, "Bone": {"matrix": [[0.24003355205059052, -0.5233396291732788, 0.8176180720329285, -0.8718679547309875], [0.23366430401802063, -0.7863314747810364, -0.5719122290611267, 0.3954525887966156], [0.9422231316566467, 0.32832637429237366, -0.06646023690700531, -0.11211802065372467], [0.0, 0.0, 0.0, 1.0]]}, "finger1joint1": {"matrix": [[-0.25877273082733154, -0.6461806893348694, 0.7179742455482483, -1.3073848485946655], [-0.7905644178390503, -0.28540652990341187, -0.5418033003807068, -0.2589227557182312], [0.5550174117088318, -0.7078086733818054, -0.4369921088218689, 0.16111110150814056], [0.0, 0.0, 0.0, 1.0]]}, "finger1joint2": {"matrix": [[-0.4521022439002991, -0.885273277759552, -0.10906301438808441, -1.6725921630859375], [-0.5822028517723083, 0.3855151832103729, -0.7158336043357849, -0.4202283024787903], [0.6757538318634033, -0.2601330280303955, -0.6897008419036865, -0.23892703652381897], [0.0, 0.0, 0.0, 1.0]]}, "finger1joint3": {"matrix": [[-0.428039014339447, -0.39762020111083984, -0.8115914463996887, -2.0520942211151123], [-0.6654536724090576, 0.7462950348854065, -0.014664752408862114, -0.25496432185173035], [0.6115177869796753, 0.533799409866333, -0.5840409994125366, -0.35044175386428833], [0.0, 0.0, 0.0, 1.0]]}, "Bone.001": {"matrix": [[0.14346349239349365, -0.26491937041282654, 0.9535384774208069, -0.8718680739402771], [-0.11530441045761108, -0.9614178538322449, -0.24976061284542084, 0.395452618598938], [0.9829154014587402, -0.07411567121744156, -0.16847486793994904, -0.11211802065372467], [0.0, 0.0, 0.0, 1.0]]}, "finger2joint1": {"matrix": [[0.011827260255813599, -0.6074439287185669, 0.7942743301391602, -1.039795994758606], [-0.6018227934837341, -0.6386743783950806, -0.47948309779167175, -0.2139744758605957], [0.798541784286499, -0.4723414182662964, -0.3731274902820587, -0.15909868478775024], [0.0, 0.0, 0.0, 1.0]]}, "finger2joint2": {"matrix": [[-0.11660517007112503, -0.7058559060096741, 0.6986919045448303, -1.5653254985809326], [-0.6102170348167419, -0.5041287541389465, -0.6111375689506531, -0.7665229439735413], [0.7836058735847473, -0.49761542677879333, -0.37194138765335083, -0.5677443742752075], [0.0, 0.0, 0.0, 1.0]]}, "finger2joint3": {"matrix": [[-0.2587560713291168, -0.8225318789482117, 0.5064446926116943, -1.833280086517334], [-0.6069480776786804, -0.2694207727909088, -0.7476805448532104, -0.9578984379768372], [0.7514379620552063, -0.5008524656295776, -0.42951998114585876, -0.7566473484039307], [0.0, 0.0, 0.0, 1.0]]}, "Bone.002": {"matrix": [[-0.09690936654806137, -0.17771297693252563, 0.979299008846283, -0.8718680143356323], [-0.7490625977516174, -0.6348679065704346, -0.18933503329753876, 0.395452618598938], [0.6553729176521301, -0.7519045472145081, -0.07159364223480225, -0.11211800575256348], [0.0, 0.0, 0.0, 1.0]]}, "finger3joint1": {"matrix": [[0.28228941559791565, -0.38612473011016846, 0.8781914710998535, -0.9467757940292358], [0.030414126813411713, -0.9113600254058838, -0.4104849100112915, 0.12784940004348755], [0.9588468670845032, 0.14258520305156708, -0.24552375078201294, -0.42905333638191223], [0.0, 0.0, 0.0, 1.0]]}, "finger3joint2": {"matrix": [[0.18340028822422028, -0.9829979538917542, 0.008898374624550343, -1.2854772806167603], [-0.09817424416542053, -0.0273215863853693, -0.9947941303253174, -0.6715787649154663], [0.978123664855957, 0.18157212436199188, -0.10151571780443192, -0.3039802014827728], [0.0, 0.0, 0.0, 1.0]]}, "finger3joint3": {"matrix": [[0.1302923858165741, -0.8790873289108276, -0.4585076868534088, -1.921555995941162], [0.06927970051765442, 0.4693918228149414, -0.8802679181098938, -0.6892579793930054], [0.9890519976615906, 0.08292704820632935, 0.12206128984689713, -0.18648846447467804], [0.0, 0.0, 0.0, 1.0]]}, "Bone.003": {"matrix": [[0.37105903029441833, 0.48343425989151, 0.7928470969200134, -0.8718680143356323], [-0.9285286664962769, 0.18191109597682953, 0.3236396908760071, 0.3954526484012604], [0.012230806052684784, -0.8562707901000977, 0.5163822174072266, -0.11211800575256348], [0.0, 0.0, 0.0, 1.0]]}, "finger4joint1": {"matrix": [[-0.46905288100242615, -0.802392840385437, 0.3689917027950287, -0.6646585464477539], [-0.8316189646720886, 0.2606237828731537, -0.4903924763202667, 0.47342321276664734], [0.29731959104537964, -0.5368804931640625, -0.7895315289497375, -0.4791322946548462], [0.0, 0.0, 0.0, 1.0]]}, "finger4joint2": {"matrix": [[-0.48011019825935364, -0.8767747282981873, -0.027565907686948776, -1.4617228507995605], [-0.8347405195236206, 0.4663007855415344, -0.292867511510849, 0.732316255569458], [0.269633024930954, -0.11759823560714722, -0.955755352973938, -1.0124473571777344], [0.0, 0.0, 0.0, 1.0]]}, "finger4joint3": {"matrix": [[-0.4051109850406647, -0.8678427338600159, -0.28763461112976074, -1.8273931741714478], [-0.8662393093109131, 0.46496662497520447, -0.1828523427248001, 0.9267929196357727], [0.29242774844169617, 0.17508506774902344, -0.9401227831840515, -1.0614932775497437], [0.0, 0.0, 0.0, 1.0]]}}