{"root": {"matrix": [[0.18028952181339264, -0.9288187623023987, -0.3237150013446808, 0.0], [-0.16723380982875824, 0.29537108540534973, -0.9406321048736572, 0.0], [0.9692928194999695, 0.22372221946716309, -0.1020776629447937, 1.4901161193847656e-08], [0.0, 0.0, 0.0, 1.0]]}, "carpals": {"matrix": [[0.8684520721435547, -0.33987677097320557, -0.3609357476234436, -0.4650287926197052], [0.29442837834358215, -0.2321627289056778, 0.9270448684692383, 0.01667092740535736], [-0.39887675642967224, -0.9113638401031494, -0.10155262798070908, 2.422489643096924], [0.0, 0.0, 0.0, 1.0]]}, "metacarpals": {"matrix": [[0.5051074028015137, -0.5669863820075989, 0.6506864428520203, -0.7960667610168457], [-0.6455669403076172, 0.2521733343601227, 0.720868706703186, -0.20945413410663605], [-0.5728086829185486, -0.7841777205467224, -0.23865287005901337, 1.534826636314392], [0.0, 0.0, 0.0, 1.0]]}, "finger5joint1": {"matrix": [[0.27153077721595764, -0.43887215852737427, 0.8565407991409302, -1.475928783416748], [-0.5281275510787964, 0.6760675311088562, 0.5138227343559265, -0.2488136887550354], [-0.8045819997787476, -0.591881275177002, -0.048207223415374756, 1.2860026359558105], [0.0, 0.0, 0.0, 1.0]]}, "finger5joint2": {"matrix": [[0.8998561501502991, -0.20728734135627747, -0.3837844431400299, -1.9394972324371338], [0.41770076751708984, 0.6629436016082764, 0.6213142275810242, 0.4652976989746094], [0.12563692033290863, -0.7194002270698547, 0.6831382513046265, 0.6608149409294128], [0.0, 0.0, 0.0, 1.0]]}, "finger5joint3": {"matrix": [[0.8963330984115601, -0.22164931893348694, -0.3840027153491974, -2.081973075866699], [0.4429236948490143, 0.48693737387657166, 0.7528014779090881, 0.9209620952606201], [0.02012738026678562, -0.8448446989059448, 0.5346320867538452, 0.16634590923786163], [0.0, 0.0, 0.0, 1.0]]}, "Bone": {"matrix": [[0.5811163783073425, 0.29339155554771423, 0.7590948343276978, -1.6812899112701416], [-0.40891405940055847, -0.7011933922767639, 0.5840520858764648, 0.18425843119621277], [0.7036281824111938, -0.6498070359230042, -0.2875029146671295, 0.31050753593444824], [0.0, 0.0, 0.0, 1.0]]}, "finger1joint1": {"matrix": [[0.7947143912315369, -0.4756249487400055, 0.37710708379745483, -1.4371330738067627], [-0.57045578956604, -0.37298280000686646, 0.7317538857460022, -0.3992660641670227], [-0.20738616585731506, -0.7966583967208862, -0.5677376389503479, -0.23025384545326233], [0.0, 0.0, 0.0, 1.0]]}, "finger1joint2": {"matrix": [[0.6515188217163086, -0.6209092140197754, 0.4358840882778168, -1.7059458494186401], [-0.758582353591919, -0.5266081094741821, 0.3837141990661621, -0.6100678443908691], [-0.00871180184185505, -0.5806511044502258, -0.8141056895256042, -0.680508017539978], [0.0, 0.0, 0.0, 1.0]]}, "finger1joint3": {"matrix": [[0.7146509289741516, -0.6954782605171204, 0.07472627609968185, -1.9721195697784424], [-0.6959893703460693, -0.6963526010513306, 0.17519067227840424, -0.8358160853385925], [-0.06980568915605545, -0.1772090047597885, -0.9816943407058716, -0.929423451423645], [0.0, 0.0, 0.0, 1.0]]}, "Bone.001": {"matrix": [[0.7313079833984375, 0.3039603531360626, 0.6105706691741943, -1.6812899112701416], [-0.5501169562339783, -0.2663206458091736, 0.7914823293685913, 0.18425844609737396], [0.40318673849105835, -0.9147027730941772, -0.02754848822951317, 0.31050753593444824], [0.0, 0.0, 0.0, 1.0]]}, "finger2joint1": {"matrix": [[0.8711550831794739, -0.4796113669872284, 0.10517390817403793, -1.4886143207550049], [-0.45391467213630676, -0.7049794793128967, 0.5449450612068176, 0.015442192554473877], [-0.18721649050712585, -0.5224717855453491, -0.8318490386009216, -0.26930761337280273], [0.0, 0.0, 0.0, 1.0]]}, "finger2joint2": {"matrix": [[0.8107510805130005, -0.46703091263771057, -0.352937251329422, -1.9035496711730957], [-0.564216673374176, -0.7841172814369202, -0.2584942579269409, -0.5944701433181763], [-0.15601952373981476, 0.4087074398994446, -0.8992306590080261, -0.7213236093521118], [0.0, 0.0, 0.0, 1.0]]}, "finger2joint3": {"matrix": [[0.7801045775413513, -0.29779964685440063, -0.5502290725708008, -2.0808422565460205], [-0.6250602006912231, -0.4091114401817322, -0.664776086807251, -0.8921339511871338], [-0.027135079726576805, 0.8625211119651794, -0.505292534828186, -0.5661714673042297], [0.0, 0.0, 0.0, 1.0]]}, "Bone.002": {"matrix": [[0.7264203429222107, -0.2181164175271988, 0.6517198085784912, -1.681289792060852], [-0.5923866033554077, 0.28203150629997253, 0.7546762228012085, 0.18425843119621277], [-0.3484129309654236, -0.9342820644378662, 0.07566429674625397, 0.31050750613212585], [0.0, 0.0, 0.0, 1.0]]}, "finger3joint1": {"matrix": [[0.6379904747009277, 0.317539244890213, 0.7015247941017151, -1.7732280492782593], [-0.7700424790382385, 0.26111748814582825, 0.5821101069450378, 0.3031376004219055], [0.0016621352406218648, -0.9115843772888184, 0.41110920906066895, -0.08330178260803223], [0.0, 0.0, 0.0, 1.0]]}, "finger3joint2": {"matrix": [[0.6524737477302551, -0.7246432900428772, 0.22174347937107086, -1.4946885108947754], [-0.7410610914230347, -0.5489439368247986, 0.38663795590400696, 0.5321850180625916], [-0.15845011174678802, -0.41659656167030334, -0.8951762318611145, -0.8829267024993896], [0.0, 0.0, 0.0, 1.0]]}, "finger3joint3": {"matrix": [[0.5691248774528503, -0.7091470956802368, -0.41618189215660095, -1.9635909795761108], [-0.8218358159065247, -0.5066749453544617, -0.2605116069316864, 0.17697419226169586], [-0.026128172874450684, 0.4902966320514679, -0.8711636066436768, -1.1524982452392578], [0.0, 0.0, 0.0, 1.0]]}, "Bone.003": {"matrix": [[0.7235805988311768, -0.3111206293106079, 0.6161453723907471, -1.681289792060852], [0.1558431088924408, 0.9432420134544373, 0.29327020049095154, 0.18425840139389038], [-0.6724164485931396, -0.11618239432573318, 0.730997622013092, 0.31050753593444824], [0.0, 0.0, 0.0, 1.0]]}, "finger4joint1": {"matrix": [[0.5269272327423096, 0.19701461493968964, 0.8267604112625122, -1.814642310142517], [-0.7097598910331726, 0.6371180415153503, 0.30053475499153137, 0.5885502696037292], [-0.46753445267677307, -0.7451611161231995, 0.4755479693412781, 0.2607094645500183], [0.0, 0.0, 0.0, 1.0]]}, "finger4joint2": {"matrix": [[0.5471714735031128, -0.5648438930511475, 0.6177010536193848, -1.6189359426498413], [-0.6890328526496887, 0.11502742767333984, 0.7155431509017944, 1.2214373350143433], [-0.4752228856086731, -0.817141056060791, -0.32625603675842285, -0.4795030355453491], [0.0, 0.0, 0.0, 1.0]]}, "finger4joint3": {"matrix": [[0.5831360816955566, -0.7989757061004639, 0.14693540334701538, -1.8545114994049072], [-0.7066032886505127, -0.40960365533828735, 0.5770062208175659, 1.2694109678268433], [-0.4008288085460663, -0.44029828906059265, -0.8034133315086365, -0.8203022480010986], [0.0, 0.0, 0.0, 1.0]]}}