{"root": {"matrix": [[0.19140782952308655, -0.8292612433433533, -0.525060772895813, 0.0], [-0.5100738406181335, 0.37299951910972595, -0.7750458121299744, 0.0], [0.8385628461837769, 0.4161696434020996, -0.35158950090408325, 0.0], [0.0, 0.0, 0.0, 1.0]]}, "carpals": {"matrix": [[0.8919199705123901, -0.4518648684024811, 0.017225969582796097, -0.31979990005493164], [0.02937280759215355, 0.09590762108564377, 0.9949566125869751, -0.7012851238250732], [-0.4512380361557007, -0.8869158029556274, 0.09881468862295151, 2.3432695865631104], [0.0, 0.0, 0.0, 1.0]]}, "metacarpals": {"matrix": [[0.17128200829029083, -0.27671265602111816, 0.9455646276473999, -0.7599135637283325], [-0.8522087335586548, 0.4399760365486145, 0.283127099275589, -0.6078716516494751], [-0.49437087774276733, -0.85431307554245, -0.16045692563056946, 1.4794188737869263], [0.0, 0.0, 0.0, 1.0]]}, "finger5joint1": {"matrix": [[0.037729326635599136, -0.4120241403579712, 0.9103913903236389, -1.3368537425994873], [-0.555484414100647, 0.7486656904220581, 0.36185136437416077, -0.32372671365737915], [-0.8306704759597778, -0.5193605422973633, -0.20062626898288727, 1.1446404457092285], [0.0, 0.0, 0.0, 1.0]]}, "finger5joint2": {"matrix": [[0.9293321967124939, -0.346012681722641, -0.1289050579071045, -1.7720634937286377], [0.33913499116897583, 0.6617710590362549, 0.66861492395401, 0.4670681059360504], [-0.146043598651886, -0.6650814414024353, 0.7323505282402039, 0.5960543155670166], [0.0, 0.0, 0.0, 1.0]]}, "finger5joint3": {"matrix": [[0.8986526131629944, -0.40836817026138306, -0.16018268465995789, -2.009890079498291], [0.36210715770721436, 0.48448804020881653, 0.7963348031044006, 0.9219265580177307], [-0.24759118258953094, -0.7736316323280334, 0.5832598209381104, 0.13892056047916412], [0.0, 0.0, 0.0, 1.0]]}, "Bone": {"matrix": [[0.21887683868408203, -0.03017505258321762, 0.9752857089042664, -1.191938877105713], [-0.5886797308921814, -0.8012098670005798, 0.1073242574930191, 0.07905310392379761], [0.7781699895858765, -0.5976220369338989, -0.19312971830368042, 0.14559903740882874], [0.0, 0.0, 0.0, 1.0]]}, "finger1joint1": {"matrix": [[0.5074025392532349, -0.5994519591331482, 0.6190314292907715, -1.217050313949585], [-0.8616346716880798, -0.3435123860836029, 0.3736101984977722, -0.5877039432525635], [-0.011316657066345215, -0.7229498624801636, -0.690807580947876, -0.3517346680164337], [0.0, 0.0, 0.0, 1.0]]}, "finger1joint2": {"matrix": [[0.3067280352115631, -0.7883339524269104, 0.5333362221717834, -1.5558475255966187], [-0.9274265170097351, -0.37353453040122986, -0.01875404268503189, -0.7818496227264404], [0.21400371193885803, -0.48887789249420166, -0.8456953167915344, -0.7603302597999573], [0.0, 0.0, 0.0, 1.0]]}, "finger1joint3": {"matrix": [[0.3878776729106903, -0.9143567681312561, 0.11620057374238968, -1.8937933444976807], [-0.9102262258529663, -0.3998279869556427, -0.1078222319483757, -0.9419777989387512], [0.14504802227020264, -0.06394708156585693, -0.9873558878898621, -0.9699041843414307], [0.0, 0.0, 0.0, 1.0]]}, "Bone.001": {"matrix": [[0.30914273858070374, 0.22517676651477814, 0.9239729642868042, -1.191938877105713], [-0.808000385761261, -0.45021089911460876, 0.38005930185317993, 0.07905307412147522], [0.5015631318092346, -0.8640633225440979, 0.042763590812683105, 0.14559903740882874], [0.0, 0.0, 0.0, 1.0]]}, "finger2joint1": {"matrix": [[0.4277379810810089, -0.48315709829330444, 0.7639366984367371, -1.0492030382156372], [-0.901427686214447, -0.1655120998620987, 0.40004172921180725, -0.20632824301719666], [-0.06684243679046631, -0.8597469329833984, -0.5063269734382629, -0.402116596698761], [0.0, 0.0, 0.0, 1.0]]}, "finger2joint2": {"matrix": [[0.30985739827156067, -0.9247321486473083, 0.22103984653949738, -1.4672060012817383], [-0.9457974433898926, -0.2760108709335327, 0.17112821340560913, -0.34952086210250854], [-0.09723859280347824, -0.26208433508872986, -0.9601333737373352, -1.145925760269165], [0.0, 0.0, 0.0, 1.0]]}, "finger2joint3": {"matrix": [[0.18074984848499298, -0.8264236450195312, -0.5332478284835815, -1.818249225616455], [-0.9826956987380981, -0.1740608662366867, -0.06333654373884201, -0.45429912209510803], [-0.040474992245435715, 0.5354684591293335, -0.8435845971107483, -1.2454172372817993], [0.0, 0.0, 0.0, 1.0]]}, "Bone.002": {"matrix": [[0.36401429772377014, 0.05384852737188339, 0.9298354387283325, -1.191938877105713], [-0.8989433646202087, 0.2815355062484741, 0.3356163501739502, 0.07905307412147522], [-0.24370944499969482, -0.9580384492874146, 0.1508897989988327, 0.14559906721115112], [0.0, 0.0, 0.0, 1.0]]}, "finger3joint1": {"matrix": [[0.29709964990615845, -0.15219883620738983, 0.9426384568214417, -1.169241189956665], [-0.952999472618103, 0.014108904637396336, 0.30264317989349365, 0.1977231204509735], [-0.05936180800199509, -0.9882490634918213, -0.14085356891155243, -0.25822383165359497], [0.0, 0.0, 0.0, 1.0]]}, "finger3joint2": {"matrix": [[0.23250174522399902, -0.972127377986908, 0.030187545344233513, -1.3027472496032715], [-0.9497931599617004, -0.22025972604751587, 0.22221247851848602, 0.21009919047355652], [-0.2093699723482132, -0.08033668249845505, -0.9745306968688965, -1.1250975131988525], [0.0, 0.0, 0.0, 1.0]]}, "finger3joint3": {"matrix": [[0.17559249699115753, -0.806646466255188, -0.5643481612205505, -1.9317915439605713], [-0.9833767414093018, -0.17063824832439423, -0.062069546431303024, 0.06757346540689468], [-0.046231459826231, 0.5658658146858215, -0.823199987411499, -1.1770819425582886], [0.0, 0.0, 0.0, 1.0]]}, "Bone.003": {"matrix": [[0.7712420225143433, 0.21807803213596344, 0.5980198383331299, -1.191938877105713], [-0.2746460735797882, 0.9615386724472046, 0.0035586892627179623, 0.07905310392379761], [-0.5742431282997131, -0.16698819398880005, 0.8014733791351318, 0.14559903740882874], [0.0, 0.0, 0.0, 1.0]]}, "finger4joint1": {"matrix": [[0.1223762035369873, -0.3469574749469757, 0.9298625588417053, -1.098466396331787], [-0.7879205346107483, 0.535735011100769, 0.3035931885242462, 0.4911872148513794], [-0.6034941077232361, -0.7698103189468384, -0.2078135758638382, 0.07402467727661133], [0.0, 0.0, 0.0, 1.0]]}, "finger4joint2": {"matrix": [[0.13232363760471344, -0.8268277645111084, 0.5466681718826294, -1.443119764328003], [-0.7694233059883118, 0.2620091140270233, 0.5825276970863342, 1.023364543914795], [-0.6248822808265686, -0.49770140647888184, -0.6015105247497559, -0.6906733512878418], [0.0, 0.0, 0.0, 1.0]]}, "finger4joint3": {"matrix": [[0.1925853192806244, -0.9685384035110474, 0.15762020647525787, -1.7879589796066284], [-0.7969790697097778, -0.0606733113527298, 0.6009513735771179, 1.1326388120651245], [-0.5724812746047974, -0.24135445058345795, -0.7835895419120789, -0.8982461094856262], [0.0, 0.0, 0.0, 1.0]]}}