{"root": {"matrix": [[0.33228158950805664, -0.785304605960846, -0.5223845839500427, 0.0], [-0.1857856959104538, 0.488506942987442, -0.8525518178939819, 0.0], [0.9247013330459595, 0.3803389072418213, 0.016423437744379044, 0.0], [0.0, 0.0, 0.0, 1.0]]}, "carpals": {"matrix": [[0.8333036303520203, -0.5469937324523926, -0.08001720160245895, 0.04150703549385071], [-0.004736139439046383, -0.1518036127090454, 0.9883992075920105, 0.15385830402374268], [-0.5527950525283813, -0.8232577443122864, -0.12908893823623657, 2.461623430252075], [0.0, 0.0, 0.0, 1.0]]}, "metacarpals": {"matrix": [[0.3057418763637543, -0.4749247431755066, 0.8252080082893372, -0.49126166105270386], [-0.8929970860481262, 0.15760664641857147, 0.42156392335891724, 0.006002485752105713], [-0.33026960492134094, -0.8657980561256409, -0.375919371843338, 1.6597752571105957], [0.0, 0.0, 0.0, 1.0]]}, "finger5joint1": {"matrix": [[0.0712154433131218, -0.5253914594650269, 0.8478749990463257, -1.155397653579712], [-0.7265092134475708, 0.5551178455352783, 0.40500408411026, 0.07921642065048218], [-0.6834563612937927, -0.6448314189910889, -0.3421686887741089, 1.3782830238342285], [0.0, 0.0, 0.0, 1.0]]}, "finger5joint2": {"matrix": [[0.8949867486953735, -0.4086139500141144, -0.17897742986679077, -1.710353970527649], [0.37887194752693176, 0.4844668507575989, 0.7885096669197083, 0.665571928024292], [-0.2354874610900879, -0.7735150456428528, 0.5884039998054504, 0.6971653699874878], [0.0, 0.0, 0.0, 1.0]]}, "finger5joint3": {"matrix": [[0.8614220023155212, -0.45678699016571045, -0.22202999889850616, -1.9912086725234985], [0.37845703959465027, 0.28576961159706116, 0.8804007768630981, 0.9985630512237549], [-0.33870619535446167, -0.8424253463745117, 0.41904276609420776, 0.16550135612487793], [0.0, 0.0, 0.0, 1.0]]}, "Bone": {"matrix": [[0.44493919610977173, 0.08687860518693924, 0.8913366794586182, -1.2327508926391602], [-0.32873132824897766, -0.9099627733230591, 0.2527908980846405, 0.25207024812698364], [0.833045244216919, -0.4054871201515198, -0.3763183653354645, 0.30802425742149353], [0.0, 0.0, 0.0, 1.0]]}, "finger1joint1": {"matrix": [[0.5752201080322266, -0.6995604634284973, 0.4239538609981537, -1.1604516506195068], [-0.8167890906333923, -0.46303361654281616, 0.3441731929779053, -0.5051895380020142], [-0.044465333223342896, -0.544256329536438, -0.8377395272254944, -0.02941712737083435], [0.0, 0.0, 0.0, 1.0]]}, "finger1joint2": {"matrix": [[0.4327067732810974, -0.8953804969787598, 0.10515977442264557, -1.5558280944824219], [-0.87336665391922, -0.44525566697120667, -0.19742842018604279, -0.7668861150741577], [0.22359630465507507, -0.0064145042560994625, -0.9746605753898621, -0.3370189964771271], [0.0, 0.0, 0.0, 1.0]]}, "finger1joint3": {"matrix": [[0.4736879765987396, -0.7869991064071655, -0.39528727531433105, -1.9396629333496094], [-0.8719444870948792, -0.35598355531692505, -0.3361375331878662, -0.9577599167823792], [0.12382394820451736, 0.5038927793502808, -0.8548446297645569, -0.33976879715919495], [0.0, 0.0, 0.0, 1.0]]}, "Bone.001": {"matrix": [[0.549899697303772, 0.2177131325006485, 0.80635666847229, -1.2327510118484497], [-0.5849459171295166, -0.5887466669082642, 0.5578666925430298, 0.25207024812698364], [0.5961946249008179, -0.7784459590911865, -0.19640110433101654, 0.30802422761917114], [0.0, 0.0, 0.0, 1.0]]}, "finger2joint1": {"matrix": [[0.6930952072143555, -0.5524879693984985, 0.46300745010375977, -1.0947461128234863], [-0.7162821888923645, -0.6000167727470398, 0.3562573790550232, -0.12112665176391602], [0.08098413050174713, -0.578564465045929, -0.8116060495376587, -0.18541991710662842], [0.0, 0.0, 0.0, 1.0]]}, "finger2joint2": {"matrix": [[0.5945271253585815, -0.6772469878196716, 0.43344414234161377, -1.5727306604385376], [-0.7974528074264526, -0.5656699538230896, 0.20996715128421783, -0.6402305364608765], [0.10298652946949005, -0.4704825282096863, -0.8763786554336548, -0.6859643459320068], [0.0, 0.0, 0.0, 1.0]]}, "finger2joint3": {"matrix": [[0.47180160880088806, -0.8295344710350037, 0.29879018664360046, -1.829824686050415], [-0.8726209402084351, -0.48783034086227417, 0.02353450283408165, -0.8549681901931763], [0.12623603641986847, -0.27183428406715393, -0.9540283679962158, -0.8645672798156738], [0.0, 0.0, 0.0, 1.0]]}, "Bone.002": {"matrix": [[0.5331977605819702, -0.13154025375843048, 0.8357017040252686, -1.2327508926391602], [-0.8384862542152405, 0.049113012850284576, 0.5427048802375793, 0.25207021832466125], [-0.11243155598640442, -0.9900932908058167, -0.08410768210887909, 0.3080242872238159], [0.0, 0.0, 0.0, 1.0]]}, "finger3joint1": {"matrix": [[0.4136926531791687, -0.04517871141433716, 0.9092949032783508, -1.2881964445114136], [-0.9088338613510132, 0.038374561816453934, 0.4153894782066345, 0.2727718651294708], [-0.05366077274084091, -0.9982413649559021, -0.025184625759720802, -0.10931003093719482], [0.0, 0.0, 0.0, 1.0]]}, "finger3joint2": {"matrix": [[0.3657548427581787, -0.9172288179397583, 0.15784397721290588, -1.3278262615203857], [-0.9067537188529968, -0.31294578313827515, 0.28259971737861633, 0.3064333200454712], [-0.20981216430664062, -0.24648772180080414, -0.9461618661880493, -0.9849487543106079], [0.0, 0.0, 0.0, 1.0]]}, "finger3joint3": {"matrix": [[0.2880379557609558, -0.8388438820838928, -0.4619254469871521, -1.9213471412658691], [-0.9557574391365051, -0.2818838059902191, -0.08407838642597198, 0.10393226146697998], [-0.05968084558844566, 0.46570637822151184, -0.8829243183135986, -1.1444462537765503], [0.0, 0.0, 0.0, 1.0]]}, "Bone.003": {"matrix": [[0.7381577491760254, -0.036959219723939896, 0.673615038394928, -1.2327510118484497], [-0.24235676229000092, 0.9173139333724976, 0.31590867042541504, 0.25207018852233887], [-0.6295921206474304, -0.3964453637599945, 0.6681650280952454, 0.30802422761917114], [0.0, 0.0, 0.0, 1.0]]}, "finger4joint1": {"matrix": [[0.21449768543243408, -0.207357257604599, 0.9544598460197449, -1.2485923767089844], [-0.8177330493927002, 0.4962754547595978, 0.29158711433410645, 0.6452488303184509], [-0.5341378450393677, -0.8430379033088684, -0.06311288475990295, 0.1381000280380249], [0.0, 0.0, 0.0, 1.0]]}, "finger4joint2": {"matrix": [[0.22807878255844116, -0.8095057606697083, 0.5409994125366211, -1.4545725584030151], [-0.800358772277832, 0.16053225100040436, 0.5776286125183105, 1.1382285356521606], [-0.5544416308403015, -0.5647383332252502, -0.6112809181213379, -0.6993392705917358], [0.0, 0.0, 0.0, 1.0]]}, "finger4joint3": {"matrix": [[0.28664177656173706, -0.9580374360084534, -0.0007960509974509478, -1.7921873331069946], [-0.8192971348762512, -0.24556174874305725, 0.5181227326393127, 1.2051806449890137], [-0.49657654762268066, -0.14786341786384583, -0.8553054928779602, -0.9348706603050232], [0.0, 0.0, 0.0, 1.0]]}}