{"root": {"matrix": [[0.41381126642227173, -0.6653335690498352, -0.6213626265525818, 0.0], [-0.26304760575294495, 0.5660428404808044, -0.7812819480895996, 5.960464477539063e-08], [0.8715309500694275, 0.4867512583732605, 0.059220459312200546, 0.0], [0.0, 0.0, 0.0, 1.0]]}, "carpals": {"matrix": [[0.659389078617096, -0.7501319050788879, 0.050079796463251114, 0.3544416129589081], [-0.12267012149095535, -0.04163210839033127, 0.9915737509727478, 0.04701331630349159], [-0.7417262196540833, -0.6599763035774231, -0.11947032064199448, 2.4407265186309814], [0.0, 0.0, 0.0, 1.0]]}, "metacarpals": {"matrix": [[0.18065860867500305, -0.45144566893577576, 0.8738186955451965, -0.3761823773384094], [-0.941269040107727, 0.17832019925117493, 0.28673025965690613, 0.006463885307312012], [-0.2852628827095032, -0.8742988109588623, -0.3927167057991028, 1.797913670539856], [0.0, 0.0, 0.0, 1.0]]}, "finger5joint1": {"matrix": [[0.07910327613353729, -0.6024003028869629, 0.7942646741867065, -1.0249686241149902], [-0.8433588147163391, 0.38436630368232727, 0.37551063299179077, 0.15543463826179504], [-0.5314964652061462, -0.6995541453361511, -0.4776349365711212, 1.5105829238891602], [0.0, 0.0, 0.0, 1.0]]}, "finger5joint2": {"matrix": [[0.8266444802284241, -0.48029133677482605, -0.2932211756706238, -1.6612673997879028], [0.37554240226745605, 0.08279946446418762, 0.9230989813804626, 0.5614300966262817], [-0.41907796263694763, -0.8731915950775146, 0.24881573021411896, 0.7716631889343262], [0.0, 0.0, 0.0, 1.0]]}, "finger5joint3": {"matrix": [[0.7930804491043091, -0.49118247628211975, -0.3602259159088135, -1.9913884401321411], [0.33023959398269653, -0.150202676653862, 0.9318693280220032, 0.6183410882949829], [-0.5118248462677002, -0.8580082654953003, 0.04308535158634186, 0.1714879870414734], [0.0, 0.0, 0.0, 1.0]]}, "Bone": {"matrix": [[0.3983951807022095, -0.03868289664387703, 0.9163976907730103, -1.0810143947601318], [-0.34517428278923035, -0.9319846630096436, 0.1107204258441925, 0.2848711907863617], [0.849785566329956, -0.3604276478290558, -0.3846505284309387, 0.43289053440093994], [0.0, 0.0, 0.0, 1.0]]}, "finger1joint1": {"matrix": [[0.5144599676132202, -0.735939085483551, 0.440141499042511, -1.1132057905197144], [-0.8564485311508179, -0.4665549397468567, 0.220957413315773, -0.4907148778438568], [0.04273872449994087, -0.4906323552131653, -0.8703176975250244, 0.13294705748558044], [0.0, 0.0, 0.0, 1.0]]}, "finger1joint2": {"matrix": [[0.3706430494785309, -0.8672490119934082, 0.332419753074646, -1.5291426181793213], [-0.873550534248352, -0.4470878839492798, -0.19241036474704742, -0.7544016242027283], [0.3154883086681366, -0.2190699428319931, -0.9232958555221558, -0.14434771239757538], [0.0, 0.0, 0.0, 1.0]]}, "finger1joint3": {"matrix": [[0.43396860361099243, -0.8949862122535706, -0.10330011695623398, -1.9009181261062622], [-0.8715519309043884, -0.38800889253616333, -0.2997436821460724, -0.9460608959197998], [0.22818487882614136, 0.2201106995344162, -0.9484105706214905, -0.23825940489768982], [0.0, 0.0, 0.0, 1.0]]}, "Bone.001": {"matrix": [[0.466922402381897, 0.13357771933078766, 0.8741511702537537, -1.0810143947601318], [-0.6245000958442688, -0.6500685214996338, 0.43290889263153076, 0.2848712205886841], [0.6260850429534912, -0.7480425834655762, -0.22011218965053558, 0.43289050459861755], [0.0, 0.0, 0.0, 1.0]]}, "finger2joint1": {"matrix": [[0.41752126812934875, -0.5181759595870972, 0.7464378476142883, -0.9963415861129761], [-0.90781569480896, -0.2734205722808838, 0.31798022985458374, -0.12719658017158508], [0.03932153433561325, -0.8103916049003601, -0.5845671892166138, -0.04128146171569824], [0.0, 0.0, 0.0, 1.0]]}, "finger2joint2": {"matrix": [[0.29817673563957214, -0.7883241772651672, 0.5381778478622437, -1.444640874862671], [-0.9543066620826721, -0.25786298513412476, 0.1510140597820282, -0.36374610662460327], [0.019727887585759163, -0.5586156249046326, -0.8291918039321899, -0.7423908710479736], [0.0, 0.0, 0.0, 1.0]]}, "finger2joint3": {"matrix": [[0.15650175511837006, -0.9839833378791809, 0.08534519374370575, -1.7439017295837402], [-0.9872357249259949, -0.15843082964420319, -0.016276825219392776, -0.46163511276245117], [0.029537195339798927, -0.08170845359563828, -0.9962182641029358, -0.9544505476951599], [0.0, 0.0, 0.0, 1.0]]}, "Bone.002": {"matrix": [[0.41400146484375, -0.12632796168327332, 0.9014676809310913, -1.0810142755508423], [-0.9076237678527832, 0.018256930634379387, 0.4193871319293976, 0.2848712205886841], [-0.06943856179714203, -0.9918203353881836, -0.10709983855485916, 0.43289053440093994], [0.0, 0.0, 0.0, 1.0]]}, "finger3joint1": {"matrix": [[0.3232908546924591, -0.1739041656255722, 0.930182933807373, -1.1342629194259644], [-0.9448884129524231, -0.11298713088035583, 0.3072780668735504, 0.29256671667099], [0.05166153982281685, -0.9782591462135315, -0.20084768533706665, 0.014828324317932129], [0.0, 0.0, 0.0, 1.0]]}, "finger3joint2": {"matrix": [[0.2553945779800415, -0.9166429042816162, 0.3074726462364197, -1.2868083715438843], [-0.9620668888092041, -0.20938998460769653, 0.1748800128698349, 0.1934564709663391], [-0.09592102468013763, -0.340472549200058, -0.9353487491607666, -0.8432825803756714], [0.0, 0.0, 0.0, 1.0]]}, "finger3joint3": {"matrix": [[0.15425409376621246, -0.9659035205841064, -0.20793293416500092, -1.879949927330017], [-0.9869614243507385, -0.14084561169147491, -0.0779077485203743, 0.057964347302913666], [0.04596472159028053, 0.2172393947839737, -0.9750353097915649, -1.0635955333709717], [0.0, 0.0, 0.0, 1.0]]}, "Bone.003": {"matrix": [[0.696667492389679, 0.08696530014276505, 0.7121036052703857, -1.0810143947601318], [-0.3707653284072876, 0.8934261202812195, 0.2536192238330841, 0.2848711609840393], [-0.6141558885574341, -0.4407113790512085, 0.6546646356582642, 0.43289050459861755], [0.0, 0.0, 0.0, 1.0]]}, "finger4joint1": {"matrix": [[0.09702722728252411, -0.45236098766326904, 0.8865410685539246, -1.0437391996383667], [-0.8992497324943542, 0.34189358353614807, 0.27287063002586365, 0.6678110361099243], [-0.42653888463974, -0.823697566986084, -0.3736124634742737, 0.24399304389953613], [0.0, 0.0, 0.0, 1.0]]}, "finger4joint2": {"matrix": [[0.10373332351446152, -0.7678147554397583, 0.6322181224822998, -1.4930963516235352], [-0.8857392072677612, 0.21783962845802307, 0.40989211201667786, 1.0074340105056763], [-0.4524434804916382, -0.6024997234344482, -0.6574863791465759, -0.5742343664169312], [0.0, 0.0, 0.0, 1.0]]}, "finger4joint3": {"matrix": [[0.15794003009796143, -0.903800904750824, 0.3977419435977936, -1.8133233785629272], [-0.9066828489303589, 0.026810839772224426, 0.42095947265625, 1.0982868671417236], [-0.39112749695777893, -0.4271121025085449, -0.8152263164520264, -0.8255146145820618], [0.0, 0.0, 0.0, 1.0]]}}