{"root": {"matrix": [[0.701908528804779, -0.6732603907585144, -0.23247554898262024, 0.0], [-0.5346494913101196, -0.7136721014976501, 0.45257270336151123, 0.0], [-0.4706106185913086, -0.1933717578649521, -0.860890805721283, -1.4901161193847656e-08], [0.0, 0.0, 0.0, 1.0]]}, "carpals": {"matrix": [[-0.5134115219116211, -0.7475294470787048, -0.42143577337265015, 0.9544860124588013], [-0.6113510131835938, 0.6632513999938965, -0.43167972564697266, -1.9585309028625488], [0.6022111177444458, 0.03601576387882233, -0.7975238561630249, -1.1567622423171997], [0.0, 0.0, 0.0, 1.0]]}, "metacarpals": {"matrix": [[-0.5386785864830017, -0.8326531648635864, 0.1285061240196228, 0.22639691829681396], [-0.8411170840263367, 0.5402657389640808, -0.02519575133919716, -1.3125280141830444], [-0.04844816401600838, -0.1216612160205841, -0.9913884401321411, -1.1216832399368286], [0.0, 0.0, 0.0, 1.0]]}, "finger5joint1": {"matrix": [[-0.15224188566207886, -0.9852986931800842, 0.07751549780368805, -0.20711636543273926], [-0.9845030307769775, 0.158090278506279, 0.07590201497077942, -0.84626305103302], [-0.08704059571027756, -0.06475887447595596, -0.9940975308418274, -0.7747854590415955], [0.0, 0.0, 0.0, 1.0]]}, "finger5joint2": {"matrix": [[0.15278607606887817, -0.9382193088531494, -0.3104837238788605, -1.2478601932525635], [0.09482280910015106, -0.2988053858280182, 0.949591338634491, -0.6792766451835632], [-0.983699381351471, -0.17452538013458252, 0.043311260640621185, -0.8431884050369263], [0.0, 0.0, 0.0, 1.0]]}, "finger5joint3": {"matrix": [[0.08139170706272125, -0.85120689868927, -0.5184800028800964, -1.8927311897277832], [0.014090216718614101, -0.5191713571548462, 0.8545538187026978, -0.8846561908721924], [-0.9965822696685791, -0.07685916870832443, -0.030262619256973267, -0.9631458520889282], [0.0, 0.0, 0.0, 1.0]]}, "Bone": {"matrix": [[0.725566565990448, -0.6832178235054016, 0.08225765079259872, -1.073606014251709], [-0.6596134305000305, -0.7245567440986633, -0.19981861114501953, -0.46902328729629517], [0.19612005352973938, 0.09072339534759521, -0.9763737916946411, -1.3116300106048584], [0.0, 0.0, 0.0, 1.0]]}, "finger1joint1": {"matrix": [[-0.11905176937580109, -0.8104586601257324, -0.5735706090927124, -1.6421715021133423], [-0.974591851234436, -0.015000943094491959, 0.22348500788211823, -1.0719904899597168], [-0.1897294819355011, 0.5856034755706787, -0.7880805730819702, -1.236131191253662], [0.0, 0.0, 0.0, 1.0]]}, "finger1joint2": {"matrix": [[0.07746236026287079, -0.4045688807964325, -0.9112208485603333, -2.1002249717712402], [-0.9958610534667969, 0.012185522355139256, -0.09006784111261368, -1.0804686546325684], [0.047542374581098557, 0.9144262075424194, -0.40195050835609436, -0.9051607847213745], [0.0, 0.0, 0.0, 1.0]]}, "finger1joint3": {"matrix": [[-0.00042795739136636257, 0.14713379740715027, -0.9891164302825928, -2.2736570835113525], [-0.999635636806488, -0.026757776737213135, -0.0035478484351187944, -1.0752449035644531], [-0.026988539844751358, 0.9887544512748718, 0.1470915526151657, -0.513161301612854], [0.0, 0.0, 0.0, 1.0]]}, "Bone.001": {"matrix": [[0.45596712827682495, -0.8265940546989441, 0.3299029767513275, -1.073606014251709], [-0.88451087474823, -0.46196651458740234, 0.0650164932012558, -0.4690232276916504], [0.09866193681955338, -0.3214482367038727, -0.9417730569839478, -1.3116300106048584], [0.0, 0.0, 0.0, 1.0]]}, "finger2joint1": {"matrix": [[-0.2956753373146057, -0.7595428228378296, -0.5793707370758057, -1.5975704193115234], [-0.9498096108436584, 0.16887979209423065, 0.2633267939090729, -0.7618563175201416], [-0.10216398537158966, 0.6281511187553406, -0.7713548541069031, -1.5153908729553223], [0.0, 0.0, 0.0, 1.0]]}, "finger2joint2": {"matrix": [[-0.30833888053894043, -0.25396373867988586, -0.9167492985725403, -2.254688024520874], [-0.9508994817733765, 0.10941623896360397, 0.28951364755630493, -0.6157500743865967], [0.026781275868415833, 0.9610046744346619, -0.27523139119148254, -0.9719465374946594], [0.0, 0.0, 0.0, 1.0]]}, "finger2joint3": {"matrix": [[-0.252277135848999, 0.3044314980506897, -0.918519139289856, -2.3510966300964355], [-0.9541140794754028, 0.07998360693454742, 0.2885630428791046, -0.5742138624191284], [0.16131414473056793, 0.9491700530052185, 0.2702842652797699, -0.6071333885192871], [0.0, 0.0, 0.0, 1.0]]}, "Bone.002": {"matrix": [[-0.25477761030197144, -0.8665465712547302, 0.4291679263114929, -1.0736058950424194], [-0.9570139050483704, 0.28956979513168335, 0.016543785110116005, -0.46902328729629517], [-0.13861003518104553, -0.40650475025177, -0.9030730128288269, -1.311630129814148], [0.0, 0.0, 0.0, 1.0]]}, "finger3joint1": {"matrix": [[-0.41406747698783875, -0.804257333278656, 0.42628395557403564, -1.43886399269104], [-0.9097955226898193, 0.3804086148738861, -0.16601663827896118, -0.3469667136669159], [-0.028642000630497932, -0.45657333731651306, -0.8892244696617126, -1.482975959777832], [0.0, 0.0, 0.0, 1.0]]}, "finger3joint2": {"matrix": [[-0.5522505640983582, -0.3111151456832886, -0.7734509706497192, -2.144343852996826], [-0.8310648202896118, 0.13204291462898254, 0.5402739644050598, -0.01327928900718689], [-0.06595871597528458, 0.9411544799804688, -0.3314777612686157, -1.8834736347198486], [0.0, 0.0, 0.0, 1.0]]}, "finger3joint3": {"matrix": [[-0.4290649890899658, 0.4648199677467346, -0.7744967937469482, -2.3456602096557617], [-0.9024948477745056, -0.18500715494155884, 0.38894134759902954, 0.07216309010982513], [0.037500251084566116, 0.865860641002655, 0.49887773394584656, -1.2744710445404053], [0.0, 0.0, 0.0, 1.0]]}, "Bone.003": {"matrix": [[-0.38477426767349243, 0.020947841927409172, 0.9227728843688965, -1.0736058950424194], [-0.4810388386249542, 0.8486863970756531, -0.21984772384166718, -0.4690232574939728], [-0.7877501249313354, -0.5284814238548279, -0.31647592782974243, -1.3116300106048584], [0.0, 0.0, 0.0, 1.0]]}, "finger4joint1": {"matrix": [[-0.7582444548606873, -0.6517255306243896, -0.017852310091257095, -1.0646271705627441], [-0.6503922343254089, 0.7542219758033752, 0.09021604061126709, -0.10525977611541748], [-0.04533151537179947, 0.08001682907342911, -0.9957619905471802, -1.5381474494934082], [0.0, 0.0, 0.0, 1.0]]}, "finger4joint2": {"matrix": [[-0.7731881141662598, -0.5811057090759277, -0.25396010279655457, -1.7120246887207031], [-0.631068766117096, 0.665416955947876, 0.39871323108673096, 0.6439534425735474], [-0.06270521879196167, 0.46854665875434875, -0.8812103271484375, -1.4586620330810547], [0.0, 0.0, 0.0, 1.0]]}, "finger4joint3": {"matrix": [[-0.71840900182724, -0.5437508821487427, -0.4338465929031372, -1.954382300376892], [-0.6899629235267639, 0.47761422395706177, 0.543907642364502, 0.9214740991592407], [-0.08853895217180252, 0.6900863647460938, -0.7182905077934265, -1.2632485628128052], [0.0, 0.0, 0.0, 1.0]]}}