{"root": {"matrix": [[0.5339865684509277, -0.08200504630804062, 0.8415066599845886, -7.450580596923828e-09], [0.4611298739910126, 0.8624727725982666, -0.20856644213199615, 0.0], [-0.7086730599403381, 0.4994156062602997, 0.4983638525009155, 0.0], [0.0, 0.0, 0.0, 1.0]]}, "carpals": {"matrix": [[-0.7477705478668213, -0.6572628021240234, 0.09404492378234863, 1.0327212810516357], [0.6590690612792969, -0.7519374489784241, -0.014760629273951054, 1.9104838371276855], [0.08041749149560928, 0.05094442144036293, 0.9954584240913391, -1.1698386669158936], [0.0, 0.0, 0.0, 1.0]]}, "metacarpals": {"matrix": [[-0.29779231548309326, -0.797588050365448, 0.5245690941810608, 0.3925514221191406], [0.42263761162757874, -0.6028644442558289, -0.6767065525054932, 1.1781014204025269], [0.8559772372245789, 0.020184483379125595, 0.5166192054748535, -1.120219111442566], [0.0, 0.0, 0.0, 1.0]]}, "finger5joint1": {"matrix": [[-0.1013842225074768, -0.949005663394928, 0.29851147532463074, -0.22614610195159912], [0.41000014543533325, -0.31324827671051025, -0.8566067814826965, 1.038281798362732], [0.90643310546875, 0.035543181002140045, 0.420850932598114, -1.4714155197143555], [0.0, 0.0, 0.0, 1.0]]}, "finger5joint2": {"matrix": [[0.3554285764694214, -0.913436233997345, -0.19825203716754913, -1.2285544872283936], [-0.8487133979797363, -0.22652442753314972, -0.4778827130794525, 0.7074064016342163], [0.3916066288948059, 0.3381122052669525, -0.85575932264328, -1.433872103691101], [0.0, 0.0, 0.0, 1.0]]}, "finger5joint3": {"matrix": [[0.27897536754608154, -0.8408572673797607, -0.4638221859931946, -1.856391191482544], [-0.8385518789291382, 0.022069891914725304, -0.5443741083145142, 0.5517082214355469], [0.4679775536060333, 0.540805995464325, -0.698945939540863, -1.2014758586883545], [0.0, 0.0, 0.0, 1.0]]}, "Bone": {"matrix": [[0.6947616934776306, -0.5061481595039368, 0.5109988451004028, -0.8527050018310547], [0.7159553170204163, 0.4188704192638397, -0.5585295557975769, 0.23686262965202332], [0.0686565488576889, 0.753897488117218, 0.6533947587013245, -1.0887056589126587], [0.0, 0.0, 0.0, 1.0]]}, "finger1joint1": {"matrix": [[-0.03365464508533478, -0.9953554272651672, -0.09019214659929276, -1.2739152908325195], [0.5027405619621277, 0.061134811490774155, -0.8622726798057556, 0.5854414105415344], [0.8637819290161133, -0.07436283677816391, 0.49834808707237244, -0.46132147312164307], [0.0, 0.0, 0.0, 1.0]]}, "finger1joint2": {"matrix": [[0.015317211858928204, -0.6030022501945496, -0.7975922226905823, -1.8364685773849487], [0.7400705218315125, 0.5432280898094177, -0.3964829742908478, 0.6199935078620911], [0.6723548173904419, -0.5842016339302063, 0.45458486676216125, -0.5033497214317322], [0.0, 0.0, 0.0, 1.0]]}, "finger1joint3": {"matrix": [[-0.04342411085963249, -0.20255082845687866, -0.9783083200454712, -2.094965934753418], [0.6756823658943176, 0.715355634689331, -0.1780998855829239, 0.852866530418396], [0.7359128594398499, -0.6687595844268799, 0.10579624027013779, -0.7537873387336731], [0.0, 0.0, 0.0, 1.0]]}, "Bone.001": {"matrix": [[0.5376667380332947, -0.5164723992347717, 0.6664610505104065, -0.8527050018310547], [0.7442750930786133, -0.08069763332605362, -0.6629797220230103, 0.2368626743555069], [0.396192729473114, 0.8524926900863647, 0.3410092294216156, -1.0887056589126587], [0.0, 0.0, 0.0, 1.0]]}, "finger2joint1": {"matrix": [[-0.18053168058395386, -0.5375127196311951, 0.8237038254737854, -1.1800882816314697], [0.52482670545578, -0.76092129945755, -0.3815172016620636, 0.18570977449417114], [0.8318443298339844, 0.3634258210659027, 0.4194716215133667, -0.548324465751648], [0.0, 0.0, 0.0, 1.0]]}, "finger2joint2": {"matrix": [[-0.3037450909614563, -0.6211580634117126, 0.722427248954773, -1.645116925239563], [0.48686695098876953, -0.7529695630073547, -0.4427156448364258, -0.4726005494594574], [0.8189623951911926, 0.2172531932592392, 0.5311323404312134, -0.23390696942806244], [0.0, 0.0, 0.0, 1.0]]}, "finger2joint3": {"matrix": [[-0.43631359934806824, -0.7213234901428223, 0.5378869771957397, -1.8809186220169067], [0.43488767743110657, -0.6923822164535522, -0.5757423639297485, -0.7584401369094849], [0.7877200245857239, -0.01728394627571106, 0.6157906651496887, -0.15143409371376038], [0.0, 0.0, 0.0, 1.0]]}, "Bone.002": {"matrix": [[0.014712458476424217, -0.6628881692886353, 0.7485736608505249, -0.8527050018310547], [0.4875442087650299, -0.6488710641860962, -0.584180474281311, 0.2368626594543457], [0.8729743361473083, 0.3735573887825012, 0.31364092230796814, -1.0887055397033691], [0.0, 0.0, 0.0, 1.0]]}, "finger3joint1": {"matrix": [[0.38261720538139343, -0.25835120677948, 0.8870503902435303, -1.1321189403533936], [0.860773503780365, -0.24914003908634186, -0.44384467601776123, -0.03664298355579376], [0.3356678783893585, 0.9333721995353699, 0.12705670297145844, -0.931247353553772], [0.0, 0.0, 0.0, 1.0]]}, "finger3joint2": {"matrix": [[0.30224961042404175, -0.9485266804695129, 0.0945621207356453, -1.3587398529052734], [0.8271117210388184, 0.21165411174297333, -0.5206616520881653, -0.2551840543746948], [0.47384729981422424, 0.2355831414461136, 0.8485100865364075, -0.11251053214073181], [0.0, 0.0, 0.0, 1.0]]}, "finger3joint3": {"matrix": [[0.23460537195205688, -0.6812505722045898, -0.6934390664100647, -1.97251296043396], [0.9123571515083313, 0.4005151689052582, -0.08480489999055862, -0.11822682619094849], [0.33550649881362915, -0.6127685904502869, 0.7155068516731262, 0.03993065655231476], [0.0, 0.0, 0.0, 1.0]]}, "Bone.003": {"matrix": [[0.07182306796312332, 0.07026923447847366, 0.9949389696121216, -0.8527050018310547], [-0.3227410614490509, -0.9422135353088379, 0.08984341472387314, 0.2368626743555069], [0.9437581896781921, -0.32756057381629944, -0.04499373584985733, -1.0887055397033691], [0.0, 0.0, 0.0, 1.0]]}, "finger4joint1": {"matrix": [[-0.2096053808927536, -0.634017825126648, 0.7443698644638062, -0.8225862979888916], [0.5081886053085327, -0.7210221290588379, -0.47103193402290344, -0.16698837280273438], [0.8353500366210938, 0.27954933047294617, 0.4733309745788574, -1.2291043996810913], [0.0, 0.0, 0.0, 1.0]]}, "finger4joint2": {"matrix": [[-0.2096709907054901, -0.9128467440605164, 0.3503546416759491, -1.4523935317993164], [0.48233646154403687, -0.40825003385543823, -0.7750374674797058, -0.883222222328186], [0.8505229353904724, 0.006485704332590103, 0.5258976221084595, -0.9514115452766418], [0.0, 0.0, 0.0, 1.0]]}, "finger4joint3": {"matrix": [[-0.13816674053668976, -0.9903751015663147, 0.00815717875957489, -1.8331080675125122], [0.5258892774581909, -0.08034053444862366, -0.8467499613761902, -1.0534881353378296], [0.839255690574646, -0.11270319670438766, 0.5319281220436096, -0.9487066268920898], [0.0, 0.0, 0.0, 1.0]]}}