{"root": {"matrix": [[0.34389153122901917, -0.7524700164794922, -0.5617183446884155, 0.0], [-0.45162656903266907, 0.39192891120910645, -0.8015143275260925, 2.9802322387695312e-08], [0.8232690691947937, 0.5293209552764893, -0.20505444705486298, 0.0], [0.0, 0.0, 0.0, 1.0]]}, "carpals": {"matrix": [[0.8410298824310303, -0.5240250825881958, -0.13441075384616852, 0.10432377457618713], [0.1935732066631317, 0.05949148163199425, 0.9792802929878235, -0.547603964805603], [-0.5051711201667786, -0.8496224284172058, 0.1514715552330017, 2.402963161468506], [0.0, 0.0, 0.0, 1.0]]}, "metacarpals": {"matrix": [[0.3331374526023865, -0.615411102771759, 0.7143447995185852, -0.4060734510421753], [-0.694025993347168, 0.3527873754501343, 0.6275895833969116, -0.4896596074104309], [-0.6382376551628113, -0.7048474550247192, -0.30958449840545654, 1.575435996055603], [0.0, 0.0, 0.0, 1.0]]}, "finger5joint1": {"matrix": [[0.22393514215946198, -0.7139391899108887, 0.663433313369751, -1.1095823049545288], [-0.585881233215332, 0.44537603855133057, 0.6770399212837219, -0.4247269034385681], [-0.7788428068161011, -0.5403060913085938, -0.3185481131076813, 1.4125429391860962], [0.0, 0.0, 0.0, 1.0]]}, "finger5joint2": {"matrix": [[0.7247071266174316, -0.36496293544769287, -0.5844665765762329, -1.8636963367462158], [0.6529353857040405, 0.09270051121711731, 0.751719057559967, 0.045711442828178406], [-0.22016921639442444, -0.926395058631897, 0.3054782748222351, 0.8418325781822205], [0.0, 0.0, 0.0, 1.0]]}, "finger5joint3": {"matrix": [[0.7185443639755249, -0.20687879621982574, -0.6639990210533142, -2.1145482063293457], [0.6163581013679504, -0.25284749269485474, 0.7457682490348816, 0.10942775756120682], [-0.3221741020679474, -0.9451289772987366, -0.05417042225599289, 0.20508873462677002], [0.0, 0.0, 0.0, 1.0]]}, "Bone": {"matrix": [[0.59683758020401, 0.1078416034579277, 0.7950817346572876, -1.3669010400772095], [-0.5075520873069763, -0.7167297601699829, 0.4782143533229828, 0.06113940477371216], [0.6214300990104675, -0.688961923122406, -0.3730359673500061, 0.4749733805656433], [0.0, 0.0, 0.0, 1.0]]}, "finger1joint1": {"matrix": [[0.520874559879303, -0.522926926612854, 0.6747124791145325, -1.2771565914154053], [-0.7199466228485107, 0.1555708646774292, 0.6763683557510376, -0.5353142619132996], [-0.4586571156978607, -0.8380601406097412, -0.2954464554786682, -0.09837222099304199], [0.0, 0.0, 0.0, 1.0]]}, "finger1joint2": {"matrix": [[0.3010746240615845, -0.7324217557907104, 0.6106655597686768, -1.5727035999298096], [-0.8946535587310791, 0.004708205349743366, 0.4467354714870453, -0.4473889470100403], [-0.3300741910934448, -0.6808348298072815, -0.6538460850715637, -0.5720256567001343], [0.0, 0.0, 0.0, 1.0]]}, "finger1joint3": {"matrix": [[0.3880372941493988, -0.8973378539085388, 0.21026591956615448, -1.8866808414459229], [-0.8443790078163147, -0.2546923756599426, 0.47133398056030273, -0.4453706443309784], [-0.369392991065979, -0.36043933033943176, -0.8565232753753662, -0.8638883233070374], [0.0, 0.0, 0.0, 1.0]]}, "Bone.001": {"matrix": [[0.6874567270278931, 0.14901620149612427, 0.7107722759246826, -1.3669010400772095], [-0.6599434614181519, -0.28031355142593384, 0.6970641613006592, 0.06113941967487335], [0.30311286449432373, -0.9482712149620056, -0.09436102211475372, 0.4749734401702881], [0.0, 0.0, 0.0, 1.0]]}, "finger2joint1": {"matrix": [[0.7723033428192139, -0.6021126508712769, 0.20250368118286133, -1.272442102432251], [-0.5803742408752441, -0.5391623973846436, 0.6103025674819946, -0.11654672026634216], [-0.2582886815071106, -0.5888667702674866, -0.7658475637435913, -0.1261202096939087], [0.0, 0.0, 0.0, 1.0]]}, "finger2joint2": {"matrix": [[0.6926565766334534, -0.6192341446876526, -0.3698321282863617, -1.7933592796325684], [-0.6806594729423523, -0.7308112382888794, -0.051158346235752106, -0.5830025672912598], [-0.23859868943691254, 0.2871648371219635, -0.9276888966560364, -0.6355776786804199], [0.0, 0.0, 0.0, 1.0]]}, "finger2joint3": {"matrix": [[0.6473172903060913, -0.40889251232147217, -0.6432628035545349, -2.028430700302124], [-0.7526776194572449, -0.47602903842926025, -0.4548321068286896, -0.8604305386543274], [-0.12023452669382095, 0.7785902619361877, -0.6159062385559082, -0.5265651941299438], [0.0, 0.0, 0.0, 1.0]]}, "Bone.002": {"matrix": [[0.5853813290596008, -0.28670111298561096, 0.758374035358429, -1.3669010400772095], [-0.6793642044067383, 0.3370484411716461, 0.6518146991729736, 0.06113940477371216], [-0.442484974861145, -0.8967722058296204, 0.00252747000195086, 0.4749734401702881], [0.0, 0.0, 0.0, 1.0]]}, "finger3joint1": {"matrix": [[0.5394827723503113, 0.11077667027711868, 0.8346776962280273, -1.487748384475708], [-0.8338705897331238, 0.20768201351165771, 0.5113979578018188, 0.20320868492126465], [-0.11669687926769257, -0.9719035029411316, 0.20441433787345886, 0.09697496891021729], [0.0, 0.0, 0.0, 1.0]]}, "finger3joint2": {"matrix": [[0.5174212455749512, -0.8057514429092407, 0.288166344165802, -1.3905773162841797], [-0.8097438216209412, -0.3521120250225067, 0.46939530968666077, 0.3853835463523865], [-0.2767493724822998, -0.4762159287929535, -0.8346424102783203, -0.7555608749389648], [0.0, 0.0, 0.0, 1.0]]}, "finger3joint3": {"matrix": [[0.4209703207015991, -0.8677719235420227, -0.2641136646270752, -1.9119631052017212], [-0.8936057686805725, -0.4467402994632721, 0.04349305108189583, 0.1575387865304947], [-0.15573254227638245, 0.2177041471004486, -0.9635102152824402, -1.0637108087539673], [0.0, 0.0, 0.0, 1.0]]}, "Bone.003": {"matrix": [[0.6515609622001648, -0.1831330806016922, 0.7361593842506409, -1.3669010400772095], [0.07070569694042206, 0.9808592796325684, 0.18142646551132202, 0.06113940477371216], [-0.7552938461303711, -0.06615953147411346, 0.6520382165908813, 0.4749734103679657], [0.0, 0.0, 0.0, 1.0]]}, "finger4joint1": {"matrix": [[0.3846919536590576, -0.21397535502910614, 0.897901177406311, -1.4453954696655273], [-0.7516190409660339, 0.49204152822494507, 0.43927618861198425, 0.4815548062324524], [-0.5357992053031921, -0.8438655138015747, 0.028456563130021095, 0.44661617279052734], [0.0, 0.0, 0.0, 1.0]]}, "finger4joint2": {"matrix": [[0.39695271849632263, -0.5573118925094604, 0.7292680144309998, -1.6579498052597046], [-0.7315196394920349, 0.2877872884273529, 0.6181076169013977, 0.970328688621521], [-0.5543529391288757, -0.778833270072937, -0.29344654083251953, -0.39164528250694275], [0.0, 0.0, 0.0, 1.0]]}, "finger4joint3": {"matrix": [[0.43119513988494873, -0.7072478532791138, 0.5602419972419739, -1.8903838396072388], [-0.7618740200996399, 0.047225818037986755, 0.6460009217262268, 1.090354084968567], [-0.4833408296108246, -0.7053862810134888, -0.5184701085090637, -0.7164677381515503], [0.0, 0.0, 0.0, 1.0]]}}