{"root": {"matrix": [[0.513036847114563, -0.40810877084732056, 0.7551426291465759, 0.0], [0.8263441920280457, -0.003230063710361719, -0.5631561279296875, 0.0], [0.23226818442344666, 0.9129275679588318, 0.33558112382888794, 5.960464477539063e-08], [0.0, 0.0, 0.0, 1.0]]}, "carpals": {"matrix": [[-0.6115906238555908, -0.7674968242645264, 0.19210724532604218, 0.6758579611778259], [0.39324140548706055, -0.5055807828903198, -0.767951250076294, 1.9289077520370483], [0.6865260004997253, -0.3941272795200348, 0.611020028591156, 1.3811286687850952], [0.0, 0.0, 0.0, 1.0]]}, "metacarpals": {"matrix": [[-0.29424092173576355, -0.45846232771873474, 0.8385906219482422, -0.07167929410934448], [-0.6476194262504578, -0.5496344566345215, -0.5277222990989685, 1.436475157737732], [0.7028592228889465, -0.6983651518821716, -0.13518427312374115, 0.9972510933876038], [0.0, 0.0, 0.0, 1.0]]}, "finger5joint1": {"matrix": [[-0.2941173017024994, -0.6886016130447388, 0.6628140211105347, -0.6266494393348694], [-0.7785981297492981, -0.2295876145362854, -0.5840156078338623, 1.4535382986068726], [0.5543281435966492, -0.6878349184989929, -0.4686184227466583, 0.530998170375824], [0.0, 0.0, 0.0, 1.0]]}, "finger5joint2": {"matrix": [[0.5586743950843811, -0.8017200231552124, -0.21243171393871307, -1.354000210762024], [-0.6732597947120667, -0.5879586935043335, 0.4483585059642792, 1.2110313177108765], [-0.4843593239784241, -0.10746452957391739, -0.8682436347007751, -0.19554275274276733], [0.0, 0.0, 0.0, 1.0]]}, "finger5joint3": {"matrix": [[0.49223390221595764, -0.7148383259773254, -0.49670031666755676, -1.90505051612854], [-0.7488670349121094, -0.6386479139328003, 0.17699295282363892, 0.8069067597389221], [-0.4437381625175476, 0.2848408818244934, -0.8496832251548767, -0.26940688490867615], [0.0, 0.0, 0.0, 1.0]]}, "Bone": {"matrix": [[0.334926962852478, -0.49634575843811035, 0.8009147644042969, -0.787466287612915], [0.4856419563293457, -0.637475311756134, -0.5981446504592896, 0.5783432126045227], [0.807449996471405, 0.5892927050590515, 0.027538590133190155, -0.09309083223342896], [0.0, 0.0, 0.0, 1.0]]}, "finger1joint1": {"matrix": [[-0.10251262038946152, -0.5834759473800659, 0.8056343197822571, -1.20051908493042], [-0.5107315182685852, -0.6641253232955933, -0.5459768772125244, 0.047844111919403076], [0.853606641292572, -0.46743229031562805, -0.22991842031478882, 0.397311270236969], [0.0, 0.0, 0.0, 1.0]]}, "finger1joint2": {"matrix": [[-0.3312361240386963, -0.7828806042671204, 0.5266691446304321, -1.5302871465682983], [-0.3068683445453644, -0.43845081329345703, -0.844744086265564, -0.3275051712989807], [0.8922523856163025, -0.4414277672767639, -0.09501057863235474, 0.13312867283821106], [0.0, 0.0, 0.0, 1.0]]}, "finger1joint3": {"matrix": [[-0.24725008010864258, -0.9555113315582275, 0.16082695126533508, -1.86589515209198], [-0.3745473027229309, -0.05882979929447174, -0.9253395199775696, -0.515461802482605], [0.893634021282196, -0.2890274226665497, -0.3433385193347931, -0.056104160845279694], [0.0, 0.0, 0.0, 1.0]]}, "Bone.001": {"matrix": [[0.23922036588191986, -0.2810537815093994, 0.9293987154960632, -0.787466287612915], [0.16721229255199432, -0.9309651851654053, -0.32456687092781067, 0.5783431529998779], [0.9564587473869324, 0.2330499142408371, -0.1757103055715561, -0.09309083968400955], [0.0, 0.0, 0.0, 1.0]]}, "finger2joint1": {"matrix": [[0.18445542454719543, -0.6067724227905273, 0.7731772065162659, -0.9656216502189636], [-0.2531419098377228, -0.7894651293754578, -0.5591634511947632, -0.01178044080734253], [0.9496815204620361, -0.0925828292965889, -0.2992208003997803, 0.05463569611310959], [0.0, 0.0, 0.0, 1.0]]}, "finger2joint2": {"matrix": [[0.056584302335977554, -0.7721680402755737, 0.6328936219215393, -1.4905701875686646], [-0.27073580026626587, -0.6220245957374573, -0.7347021698951721, -0.6947853565216064], [0.9609891772270203, -0.1297743320465088, -0.24425046145915985, -0.025462236255407333], [0.0, 0.0, 0.0, 1.0]]}, "finger2joint3": {"matrix": [[-0.08913351595401764, -0.9278689026832581, 0.36209678649902344, -1.7836978435516357], [-0.273555725812912, -0.3267580270767212, -0.9046525359153748, -0.9309160709381104], [0.9577171206474304, -0.1796884834766388, -0.22469884157180786, -0.07472671568393707], [0.0, 0.0, 0.0, 1.0]]}, "Bone.002": {"matrix": [[-0.03915591165423393, -0.25821641087532043, 0.9652931094169617, -0.7874662280082703], [-0.5241882801055908, -0.8171294331550598, -0.23984579741954803, 0.5783431529998779], [0.8507016897201538, -0.5153867602348328, -0.103358693420887, -0.09309083223342896], [0.0, 0.0, 0.0, 1.0]]}, "finger3joint1": {"matrix": [[-0.22246772050857544, -0.49496346712112427, 0.8399518132209778, -0.8963070511817932], [-0.5668854117393494, -0.6352590322494507, -0.5244871377944946, 0.23391491174697876], [0.7931891679763794, -0.5928378701210022, -0.13926301896572113, -0.31033146381378174], [0.0, 0.0, 0.0, 1.0]]}, "finger3joint2": {"matrix": [[-0.3303483724594116, -0.9434747695922852, 0.026925647631287575, -1.3304798603057861], [-0.6394238471984863, 0.2027224600315094, -0.7416472434997559, -0.323322594165802], [0.694267213344574, -0.26221877336502075, -0.6702494621276855, -0.8303579688072205], [0.0, 0.0, 0.0, 1.0]]}, "finger3joint3": {"matrix": [[-0.3765687644481659, -0.7785868644714355, -0.501994252204895, -1.9409838914871216], [-0.49474257230758667, 0.62715744972229, -0.6015838980674744, -0.19214491546154022], [0.7832149863243103, 0.02182029001414776, -0.6213679909706116, -1.0000344514846802], [0.0, 0.0, 0.0, 1.0]]}, "Bone.003": {"matrix": [[0.36066749691963196, 0.3978247344493866, 0.8435960412025452, -0.787466287612915], [-0.899343729019165, -0.09136859327554703, 0.4275892376899719, 0.5783431529998779], [0.247183695435524, -0.912900447845459, 0.3248274624347687, -0.09309083223342896], [0.0, 0.0, 0.0, 1.0]]}, "finger4joint1": {"matrix": [[-0.45280566811561584, -0.8618347644805908, 0.22848950326442719, -0.6169509291648865], [-0.6879944801330566, 0.17472897469997406, -0.7043671011924744, 0.5391808152198792], [0.5671245455741882, -0.4761410057544708, -0.6720559597015381, -0.4843777120113373], [0.0, 0.0, 0.0, 1.0]]}, "finger4joint2": {"matrix": [[-0.46794599294662476, -0.8756870627403259, -0.11915606260299683, -1.47306227684021], [-0.6972814202308655, 0.4486754536628723, -0.5590066909790039, 0.7127494215965271], [0.5429775714874268, -0.17849963903427124, -0.8205565214157104, -0.9573565721511841], [0.0, 0.0, 0.0, 1.0]]}, "finger4joint3": {"matrix": [[-0.3917407691478729, -0.8402727246284485, -0.37480708956718445, -1.838278889656067], [-0.7239123582839966, 0.5329180955886841, -0.4381195902824402, 0.8998752236366272], [0.5678815841674805, 0.09969829022884369, -0.8170498609542847, -1.0318021774291992], [0.0, 0.0, 0.0, 1.0]]}}