{"root": {"matrix": [[0.4632819890975952, -0.3080829083919525, 0.830936074256897, 0.0], [0.6812356114387512, -0.47590455412864685, -0.5562669038772583, 0.0], [0.5668226480484009, 0.8237716555595398, -0.010600995272397995, 0.0], [0.0, 0.0, 0.0, 1.0]]}, "carpals": {"matrix": [[-0.715965211391449, -0.5867356061935425, 0.37833160161972046, 0.6527244448661804], [-0.2019207775592804, -0.3447206914424896, -0.9167308807373047, 1.137312412261963], [0.668297529220581, -0.7327404618263245, 0.12833382189273834, 2.089367628097534], [0.0, 0.0, 0.0, 1.0]]}, "metacarpals": {"matrix": [[-0.1285727322101593, -0.5200349688529968, 0.8444124460220337, 0.08124750852584839], [-0.9590558409690857, -0.15146708488464355, -0.23931042850017548, 0.8015565872192383], [0.25235047936439514, -0.8406075239181519, -0.47926822304725647, 1.3756827116012573], [0.0, 0.0, 0.0, 1.0]]}, "finger5joint1": {"matrix": [[-0.31663572788238525, -0.7224202156066895, 0.6146954298019409, -0.5403243899345398], [-0.9375673532485962, 0.3366762399673462, -0.0872720256447792, 0.9818449020385742], [-0.14390623569488525, -0.6039517521858215, -0.7839215397834778, 1.0488502979278564], [0.0, 0.0, 0.0, 1.0]]}, "finger5joint2": {"matrix": [[0.5978070497512817, -0.8009145855903625, -0.034084971994161606, -1.3033967018127441], [-0.09442483633756638, -0.11257469654083252, 0.98914635181427, 1.3374665975570679], [-0.796059250831604, -0.5881001353263855, -0.1429242044687271, 0.41091281175613403], [0.0, 0.0, 0.0, 1.0]]}, "finger5joint3": {"matrix": [[0.5213925242424011, -0.8126802444458008, -0.2601921260356903, -1.8538933992385864], [-0.15883471071720123, -0.3920188844203949, 0.906141459941864, 1.2600901126861572], [-0.8384038209915161, -0.43112778663635254, -0.33347755670547485, 0.006690964102745056], [0.0, 0.0, 0.0, 1.0]]}, "Bone": {"matrix": [[0.4206346273422241, -0.34631162881851196, 0.8385311365127563, -0.7306714653968811], [0.02120000123977661, -0.9202716946601868, -0.39070504903793335, 0.5650744438171387], [0.9069821834564209, 0.18212094902992249, -0.37975651025772095, 0.06326106190681458], [0.0, 0.0, 0.0, 1.0]]}, "finger1joint1": {"matrix": [[0.15627388656139374, -0.7701259255409241, 0.6184531450271606, -1.0188677310943604], [-0.8651834726333618, -0.4087909460067749, -0.29042619466781616, -0.20076429843902588], [0.4764827489852905, -0.48968929052352905, -0.7301837205886841, 0.21481983363628387], [0.0, 0.0, 0.0, 1.0]]}, "finger1joint2": {"matrix": [[-0.024067828431725502, -0.9255443215370178, 0.37787339091300964, -1.454126238822937], [-0.727329671382904, -0.24310940504074097, -0.6417859792709351, -0.4318041205406189], [0.6858659386634827, -0.29028475284576416, -0.6673248410224915, -0.06194192171096802], [0.0, 0.0, 0.0, 1.0]]}, "finger1joint3": {"matrix": [[0.04829603433609009, -0.9971637725830078, -0.05772064998745918, -1.8508918285369873], [-0.7791747450828552, -0.0014555011875927448, -0.6268050670623779, -0.5360210537910461], [0.6249433159828186, 0.07524687796831131, -0.777035117149353, -0.1863822191953659], [0.0, 0.0, 0.0, 1.0]]}, "Bone.001": {"matrix": [[0.3744315803050995, -0.16844762861728668, 0.9118256568908691, -0.7306715250015259], [-0.33761027455329895, -0.9406299591064453, -0.035132844001054764, 0.5650744438171387], [0.8636085987091064, -0.2946869730949402, -0.4090714156627655, 0.06326106935739517], [0.0, 0.0, 0.0, 1.0]]}, "finger2joint1": {"matrix": [[0.07835059612989426, -0.8374339938163757, 0.5408928990364075, -0.8374477028846741], [-0.8909562230110168, -0.30224379897117615, -0.3388884961605072, -0.031175464391708374], [0.44727823138237, -0.45535972714424133, -0.7697982788085938, -0.12353619933128357], [0.0, 0.0, 0.0, 1.0]]}, "finger2joint2": {"matrix": [[-0.04802294448018074, -0.9790651798248291, -0.19779986143112183, -1.561952829360962], [-0.8794922232627869, 0.13531889021396637, -0.456269770860672, -0.2926613986492157], [0.47348394989967346, 0.15205223858356476, -0.8675786852836609, -0.5174901485443115], [0.0, 0.0, 0.0, 1.0]]}, "finger2joint3": {"matrix": [[-0.1421348601579666, -0.5529904961585999, -0.8209742903709412, -1.933622121810913], [-0.8138567805290222, 0.5373727083206177, -0.2210599035024643, -0.2412920892238617], [0.5634132623672485, 0.6367353796958923, -0.5264344215393066, -0.459768682718277], [0.0, 0.0, 0.0, 1.0]]}, "Bone.002": {"matrix": [[0.13653486967086792, -0.27342095971107483, 0.9521549344062805, -0.7306714653968811], [-0.8972591757774353, -0.44150015711784363, 0.0018816532101482153, 0.5650744438171387], [0.4198620617389679, -0.8545866012573242, -0.3056098222732544, 0.06326106190681458], [0.0, 0.0, 0.0, 1.0]]}, "finger3joint1": {"matrix": [[0.06581612676382065, -0.4610569179058075, 0.8849262595176697, -0.8459211587905884], [-0.8485478758811951, -0.49247702956199646, -0.19347593188285828, 0.3789777159690857], [0.5250093340873718, -0.7381683588027954, -0.42364194989204407, -0.2969557046890259], [0.0, 0.0, 0.0, 1.0]]}, "finger3joint2": {"matrix": [[-0.04229435324668884, -0.9842664003372192, 0.17155343294143677, -1.2503516674041748], [-0.9075919985771179, -0.03393935784697533, -0.4184792637825012, -0.05301404744386673], [0.4177175462245941, -0.17339962720870972, -0.8918769359588623, -0.9444633722305298], [0.0, 0.0, 0.0, 1.0]]}, "finger3joint3": {"matrix": [[-0.11932186037302017, -0.9434934854507446, -0.3091636002063751, -1.8872510194778442], [-0.82484370470047, 0.2675212025642395, -0.4980614483356476, -0.07497553527355194], [0.5526255965232849, 0.19558222591876984, -0.8101557493209839, -1.0566668510437012], [0.0, 0.0, 0.0, 1.0]]}, "Bone.003": {"matrix": [[0.46306273341178894, 0.2537601590156555, 0.8492223024368286, -0.7306715250015259], [-0.8250696063041687, 0.4734276235103607, 0.30842554569244385, 0.5650744438171387], [-0.32377928495407104, -0.8434879779815674, 0.4285963773727417, 0.06326103210449219], [0.0, 0.0, 0.0, 1.0]]}, "finger4joint1": {"matrix": [[-0.2714628577232361, -0.7777079343795776, 0.5669901967048645, -0.6219048500061035], [-0.9569331407546997, 0.1551196575164795, -0.24539072811603546, 0.7679947018623352], [0.10289111733436584, -0.6091861128807068, -0.7863239049911499, -0.29827427864074707], [0.0, 0.0, 0.0, 1.0]]}, "finger4joint2": {"matrix": [[-0.27821969985961914, -0.9349807500839233, 0.22000975906848907, -1.394448161125183], [-0.9576858282089233, 0.25245049595832825, -0.13822513818740845, 0.9220842719078064], [0.07369638234376907, -0.24915707111358643, -0.9656547904014587, -0.9034148454666138], [0.0, 0.0, 0.0, 1.0]]}, "finger4joint3": {"matrix": [[-0.20272418856620789, -0.9774811863899231, -0.05859222635626793, -1.7843939065933228], [-0.9732316136360168, 0.20773611962795258, -0.09831312298774719, 1.0273720026016235], [0.1082710474729538, 0.03709356114268303, -0.9934289455413818, -1.007328987121582], [0.0, 0.0, 0.0, 1.0]]}}