{"root": {"matrix": [[0.5493535995483398, -0.4207882583141327, 0.7219057083129883, 0.0], [0.654251754283905, -0.32080599665641785, -0.6848636269569397, -2.9802322387695312e-08], [0.519774317741394, 0.8485403656959534, 0.09906546026468277, 0.0], [0.0, 0.0, 0.0, 1.0]]}, "carpals": {"matrix": [[-0.7612953782081604, -0.6353289484977722, 0.12956121563911438, 0.749313235282898], [0.02531031146645546, -0.22878053784370422, -0.9731488823890686, 1.2425599098205566], [0.6479108929634094, -0.7375745177268982, 0.19024989008903503, 1.9948835372924805], [0.0, 0.0, 0.0, 1.0]]}, "metacarpals": {"matrix": [[-0.2844293713569641, -0.5476207733154297, 0.7868996262550354, 0.13050657510757446], [-0.8569941520690918, -0.22267748415470123, -0.46473172307014465, 1.0197288990020752], [0.4297216236591339, -0.8065518140792847, -0.4059720039367676, 1.2764904499053955], [0.0, 0.0, 0.0, 1.0]]}, "finger5joint1": {"matrix": [[-0.37442684173583984, -0.7502387166023254, 0.5449275970458984, -0.45580118894577026], [-0.9149400591850281, 0.20345774292945862, -0.3485533893108368, 1.234202265739441], [0.15062856674194336, -0.6290837526321411, -0.7626037001609802, 0.9078182578086853], [0.0, 0.0, 0.0, 1.0]]}, "finger5joint2": {"matrix": [[0.5180987119674683, -0.8551633358001709, -0.01639016903936863, -1.2482573986053467], [-0.3617505729198456, -0.23644940555095673, 0.9017914533615112, 1.4491090774536133], [-0.7750548124313354, -0.4612877368927002, -0.431860089302063, 0.2433345466852188], [0.0, 0.0, 0.0, 1.0]]}, "finger5joint3": {"matrix": [[0.4361151158809662, -0.8590996265411377, -0.2678631544113159, -1.8360412120819092], [-0.43134087324142456, -0.4608047306537628, 0.7756311297416687, 1.2865891456604004], [-0.7897773385047913, -0.22272399067878723, -0.5715287923812866, -0.07372469455003738], [0.0, 0.0, 0.0, 1.0]]}, "Bone": {"matrix": [[0.4285792112350464, -0.4933898150920868, 0.7568923234939575, -0.724481463432312], [0.12612663209438324, -0.7968556880950928, -0.5908578634262085, 0.6720675826072693], [0.8946571946144104, 0.34869372844696045, -0.27928632497787476, 0.017239093780517578], [0.0, 0.0, 0.0, 1.0]]}, "finger1joint1": {"matrix": [[0.10724276304244995, -0.6361402273178101, 0.7640839219093323, -1.1350743770599365], [-0.6892387270927429, -0.6014451384544373, -0.4039970338344574, 0.0089341402053833], [0.7165533304214478, -0.48331043124198914, -0.502953290939331, 0.30741772055625916], [0.0, 0.0, 0.0, 1.0]]}, "finger1joint2": {"matrix": [[-0.11777909100055695, -0.8363285064697266, 0.535427451133728, -1.4946070909500122], [-0.5213440656661987, -0.40682223439216614, -0.7501306533813477, -0.3309895992279053], [0.8451794385910034, -0.3674914836883545, -0.38809987902641296, 0.03426113724708557], [0.0, 0.0, 0.0, 1.0]]}, "finger1joint3": {"matrix": [[-0.03218711167573929, -0.9910573959350586, 0.1294950395822525, -1.8531272411346436], [-0.5793538093566895, -0.08707516640424728, -0.8104116320610046, -0.5053876042366028], [0.8144403100013733, -0.10110804438591003, -0.5713702440261841, -0.12327641248703003], [0.0, 0.0, 0.0, 1.0]]}, "Bone.001": {"matrix": [[0.3224649429321289, -0.3269025385379791, 0.8883415460586548, -0.7244814038276672], [-0.22149808704853058, -0.938477635383606, -0.2649492621421814, 0.6720676422119141], [0.9203013181686401, -0.11132917553186417, -0.3750346004962921, 0.01723911613225937], [0.0, 0.0, 0.0, 1.0]]}, "finger2joint1": {"matrix": [[-0.23123157024383545, -0.8729710578918457, 0.42948010563850403, -0.9316995143890381], [-0.8121030926704407, -0.06989813596010208, -0.5793121457099915, 0.07718196511268616], [0.5357425808906555, -0.48273733258247375, -0.692780077457428, -0.05333063006401062], [0.0, 0.0, 0.0, 1.0]]}, "finger2joint2": {"matrix": [[-0.347924143075943, -0.8586564064025879, -0.37637418508529663, -1.686949610710144], [-0.7580714225769043, 0.49386802315711975, -0.42593657970428467, 0.01670965552330017], [0.5516124367713928, 0.13712511956691742, -0.822751522064209, -0.4709703028202057], [0.0, 0.0, 0.0, 1.0]]}, "finger2joint3": {"matrix": [[-0.4090825319290161, -0.35646334290504456, -0.83999103307724, -2.0129096508026123], [-0.6553119421005249, 0.7553569078445435, -0.0014051218749955297, 0.20419010519981384], [0.6349940299987793, 0.5498815178871155, -0.5425978899002075, -0.418915331363678], [0.0, 0.0, 0.0, 1.0]]}, "Bone.002": {"matrix": [[-0.010821805335581303, -0.3532199263572693, 0.9354775547981262, -0.724481463432312], [-0.8089313507080078, -0.5468488931655884, -0.21583859622478485, 0.6720675826072693], [0.5878034234046936, -0.7590728402137756, -0.2798129618167877, 0.017239123582839966], [0.0, 0.0, 0.0, 1.0]]}, "finger3joint1": {"matrix": [[-0.0468008778989315, -0.4492533802986145, 0.8921775817871094, -0.8733672499656677], [-0.6888455748558044, -0.6322991847991943, -0.35452720522880554, 0.44156530499458313], [0.7233957648277283, -0.6311646699905396, -0.27987420558929443, -0.3027176856994629], [0.0, 0.0, 0.0, 1.0]]}, "finger3joint2": {"matrix": [[-0.15182362496852875, -0.9705843925476074, 0.1868560016155243, -1.2674440145492554], [-0.7658819556236267, -0.003980560228228569, -0.6429688930511475, -0.1130758747458458], [0.6247994899749756, -0.24072730541229248, -0.7427488565444946, -0.8563637137413025], [0.0, 0.0, 0.0, 1.0]]}, "finger3joint3": {"matrix": [[-0.22904901206493378, -0.9180247187614441, -0.3236772418022156, -1.8954899311065674], [-0.6460913419723511, 0.39208924770355225, -0.6548526287078857, -0.11565162241458893], [0.7280813455581665, 0.05913189798593521, -0.6829354166984558, -1.0121335983276367], [0.0, 0.0, 0.0, 1.0]]}, "Bone.003": {"matrix": [[0.3146674931049347, 0.31978702545166016, 0.8937116265296936, -0.7244813442230225], [-0.9374899864196777, 0.2521537244319916, 0.23985594511032104, 0.6720675826072693], [-0.14864997565746307, -0.9133207201957703, 0.37914159893989563, 0.017239093780517578], [0.0, 0.0, 0.0, 1.0]]}, "finger4joint1": {"matrix": [[-0.3412531018257141, -0.8269573450088501, 0.4468640983104706, -0.5874144434928894], [-0.8602433204650879, 0.08315107971429825, -0.5030577778816223, 0.7801455855369568], [0.37885022163391113, -0.5560818314552307, -0.7397602200508118, -0.3742278814315796], [0.0, 0.0, 0.0, 1.0]]}, "finger4joint2": {"matrix": [[-0.35142722725868225, -0.9316719174385071, 0.09211850166320801, -1.4088799953460693], [-0.8676647543907166, 0.28715768456459045, -0.40582990646362305, 0.8627444505691528], [0.3516479432582855, -0.2225475311279297, -0.9092941880226135, -0.9266167283058167], [0.0, 0.0, 0.0, 1.0]]}, "finger4joint3": {"matrix": [[-0.27407464385032654, -0.9441020488739014, -0.183177188038826, -1.7974457740783691], [-0.8825021386146545, 0.32259315252304077, -0.3422326445579529, 0.9825072288513184], [0.3821943700313568, 0.06785717606544495, -0.9215869307518005, -1.0194331407546997], [0.0, 0.0, 0.0, 1.0]]}}