{"root": {"matrix": [[0.1608315110206604, -0.8876292705535889, -0.43156397342681885, 0.0], [0.2262902557849884, 0.4587711989879608, -0.8592565059661865, 0.0], [0.9606903791427612, 0.04053682088851929, 0.27464666962623596, 3.725290298461914e-09], [0.0, 0.0, 0.0, 1.0]]}, "carpals": {"matrix": [[0.9686465263366699, -0.2481181025505066, -0.012693320401012897, -0.45659059286117554], [-0.1071287989616394, -0.4632340669631958, 0.879737138748169, 1.0574052333831787], [-0.2241586595773697, -0.8507945537567139, -0.4752905070781708, 2.1813766956329346], [0.0, 0.0, 0.0, 1.0]]}, "metacarpals": {"matrix": [[0.01259238924831152, -0.3949470520019531, 0.9186174869537354, -0.6982561349868774], [-0.995805025100708, 0.07831364870071411, 0.04732038453221321, 0.606218159198761], [-0.09062948077917099, -0.9153597354888916, -0.39230403304100037, 1.352708101272583], [0.0, 0.0, 0.0, 1.0]]}, "finger5joint1": {"matrix": [[-0.3633895814418793, -0.5154617428779602, 0.7760457992553711, -1.3037391901016235], [-0.5685621500015259, 0.782584547996521, 0.25357115268707275, 0.8061729669570923], [-0.7380276918411255, -0.3490850329399109, -0.5774550437927246, 1.0076237916946411], [0.0, 0.0, 0.0, 1.0]]}, "finger5joint2": {"matrix": [[0.8864240646362305, -0.3655152916908264, -0.2839902341365814, -1.8482072353363037], [0.1848207712173462, -0.28301191329956055, 0.941140353679657, 1.6327952146530151], [-0.42437389492988586, -0.8867368102073669, -0.1833135187625885, 0.6388949155807495], [0.0, 0.0, 0.0, 1.0]]}, "finger5joint3": {"matrix": [[0.8627146482467651, -0.17631947994232178, -0.47395604848861694, -2.0994386672973633], [0.10549771785736084, -0.8538686633110046, 0.5096843242645264, 1.4382712841033936], [-0.49456357955932617, -0.4897136986255646, -0.7180435657501221, 0.029409602284431458], [0.0, 0.0, 0.0, 1.0]]}, "Bone": {"matrix": [[0.3130307197570801, -0.19996795058250427, 0.928452730178833, -1.314878225326538], [-0.23490707576274872, -0.9635106921195984, -0.12831895053386688, 0.728487491607666], [0.9202336072921753, -0.1779324859380722, -0.34858229756355286, -0.07642264664173126], [0.0, 0.0, 0.0, 1.0]]}, "finger1joint1": {"matrix": [[0.08693966269493103, -0.6591258645057678, 0.7469902634620667, -1.4812889099121094], [-0.9960768818855286, -0.06993242353200912, 0.05422340705990791, -0.0733342170715332], [0.01649860106408596, -0.7487738132476807, -0.6626198291778564, -0.22449585795402527], [0.0, 0.0, 0.0, 1.0]]}, "finger1joint2": {"matrix": [[-0.13145004212856293, -0.9255109429359436, -0.35517656803131104, -1.853812575340271], [-0.9636899828910828, 0.20330668985843658, -0.17311255633831024, -0.11285850405693054], [0.23242713510990143, 0.3195244371891022, -0.9186301231384277, -0.6476866006851196], [0.0, 0.0, 0.0, 1.0]]}, "finger1joint3": {"matrix": [[-0.1327008306980133, 0.15716789662837982, -0.9786157011985779, -2.250563859939575], [-0.9830736517906189, 0.10496404021978378, 0.1501627117395401, -0.025704275816679], [0.12632004916667938, 0.9819777607917786, 0.14057879149913788, -0.5107117295265198], [0.0, 0.0, 0.0, 1.0]]}, "Bone.001": {"matrix": [[0.33408254384994507, 0.02785428613424301, 0.9421320557594299, -1.3148781061172485], [-0.5604048371315002, -0.7978250980377197, 0.2223089039325714, 0.728487491607666], [0.7578487396240234, -0.602245032787323, -0.25092968344688416, -0.07642260193824768], [0.0, 0.0, 0.0, 1.0]]}, "finger2joint1": {"matrix": [[0.659927248954773, -0.4135984480381012, 0.6272416710853577, -1.2972216606140137], [-0.5546090602874756, -0.8313610553741455, 0.035316575318574905, 0.2227591872215271], [0.5068573355674744, -0.3711804449558258, -0.7780233025550842, -0.4581758677959442], [0.0, 0.0, 0.0, 1.0]]}, "finger2joint2": {"matrix": [[0.5590202808380127, -0.5588217377662659, 0.6125475168228149, -1.655045986175537], [-0.628398597240448, -0.7675036191940308, -0.12670069932937622, -0.4964919686317444], [0.5409355163574219, -0.3140958249568939, -0.7802128791809082, -0.7793022990226746], [0.0, 0.0, 0.0, 1.0]]}, "finger2joint3": {"matrix": [[0.43425172567367554, -0.7505607604980469, 0.4980800747871399, -1.8671839237213135], [-0.6984306573867798, -0.6297398209571838, -0.34003233909606934, -0.787848949432373], [0.5688756704330444, -0.20021487772464752, -0.7976803183555603, -0.8985382318496704], [0.0, 0.0, 0.0, 1.0]]}, "Bone.002": {"matrix": [[0.24401602149009705, -0.10201772302389145, 0.964390218257904, -1.314877986907959], [-0.9614017009735107, -0.15581707656383514, 0.22677679359912872, 0.7284874320030212], [0.1271330863237381, -0.9825034141540527, -0.1361018568277359, -0.07642260193824768], [0.0, 0.0, 0.0, 1.0]]}, "finger3joint1": {"matrix": [[0.2237040102481842, 0.08581308275461197, 0.9708720445632935, -1.3578795194625854], [-0.7104585766792297, -0.6675708889961243, 0.2227056920528412, 0.6628089547157288], [0.6672367453575134, -0.7395843863487244, -0.08837161958217621, -0.4905577301979065], [0.0, 0.0, 0.0, 1.0]]}, "finger3joint2": {"matrix": [[0.19662518799304962, -0.973480224609375, 0.11693936586380005, -1.2826060056686401], [-0.8151763677597046, -0.22858133912086487, -0.5322011709213257, 0.0772281214594841], [0.5448172092437744, 0.009318012744188309, -0.8385027647018433, -1.1393074989318848], [0.0, 0.0, 0.0, 1.0]]}, "finger3joint3": {"matrix": [[0.12561599910259247, -0.8656626343727112, -0.4846121668815613, -1.9125258922576904], [-0.7243927121162415, 0.2537250518798828, -0.6409983038902283, -0.07068236172199249], [0.6778462529182434, 0.4315691292285919, -0.5952075719833374, -1.1332780122756958], [0.0, 0.0, 0.0, 1.0]]}, "Bone.003": {"matrix": [[0.6295637488365173, 0.2557185888290405, 0.7336603999137878, -1.3148781061172485], [-0.5998854637145996, 0.7600758671760559, 0.2498440146446228, 0.728487491607666], [-0.4937477707862854, -0.5974047183990479, 0.6319180130958557, -0.07642263174057007], [0.0, 0.0, 0.0, 1.0]]}, "finger4joint1": {"matrix": [[-0.006390151102095842, -0.2777392268180847, 0.9606351852416992, -1.2052720785140991], [-0.9919775724411011, 0.12304724007844925, 0.028976818546652794, 1.0542707443237305], [-0.12625156342983246, -0.9527432322502136, -0.27629730105400085, -0.33248192071914673], [0.0, 0.0, 0.0, 1.0]]}, "finger4joint2": {"matrix": [[0.005796072073280811, -0.9997390508651733, -0.02209341526031494, -1.481166958808899], [-0.9881516695022583, -0.009114681743085384, 0.15320861339569092, 1.1765007972717285], [-0.15337005257606506, 0.02094367705285549, -0.9879465103149414, -1.278898000717163], [0.0, 0.0, 0.0, 1.0]]}, "finger4joint3": {"matrix": [[0.0892028659582138, -0.6873577237129211, -0.720820426940918, -1.8981208801269531], [-0.9861091375350952, -0.16275279223918915, 0.03316445276141167, 1.1726994514465332], [-0.14011143147945404, 0.7078492045402527, -0.692327618598938, -1.2701631784439087], [0.0, 0.0, 0.0, 1.0]]}}