{"root": {"matrix": [[0.3301803469657898, -0.5994183421134949, 0.7291629314422607, 5.960464477539063e-08], [0.9198623895645142, 0.031046859920024872, -0.391010582447052, 0.0], [0.21174074709415436, 0.7998335957527161, 0.5616334080696106, 0.0], [0.0, 0.0, 0.0, 1.0]]}, "carpals": {"matrix": [[-0.9196698069572449, -0.3868867754936218, 0.06727372109889984, 0.07799670100212097], [0.20110149681568146, -0.6111541390419006, -0.7655380964279175, 2.1545939445495605], [0.33729127049446106, -0.6905134916305542, 0.6398636102676392, 1.1985938549041748], [0.0, 0.0, 0.0, 1.0]]}, "metacarpals": {"matrix": [[-0.3704015910625458, -0.4331587553024292, 0.8216909170150757, -0.298828661441803], [-0.49492815136909485, -0.6565451622009277, -0.5692050457000732, 1.5593335628509521], [0.7860334515571594, -0.6175124049186707, 0.02880284935235977, 0.5260379314422607], [0.0, 0.0, 0.0, 1.0]]}, "finger5joint1": {"matrix": [[-0.13735108077526093, -0.6558687090873718, 0.7422739863395691, -0.8190432190895081], [-0.36715084314346313, -0.6622853875160217, -0.6531293988227844, 1.5056586265563965], [0.9199645519256592, -0.36223453283309937, -0.1498371958732605, 0.023872077465057373], [0.0, 0.0, 0.0, 1.0]]}, "finger5joint2": {"matrix": [[0.7569559216499329, -0.6284630298614502, -0.17902874946594238, -1.5118193626403809], [-0.6369354128837585, -0.7708102464675903, 0.012813875451683998, 0.8061048984527588], [-0.1460503339767456, 0.10433032363653183, -0.9837601780891418, -0.358746200799942], [0.0, 0.0, 0.0, 1.0]]}, "finger5joint3": {"matrix": [[0.7036830186843872, -0.6491163969039917, -0.28892481327056885, -1.9437839984893799], [-0.7058482766151428, -0.6851784586906433, -0.17974433302879333, 0.27629998326301575], [-0.08129014074802399, 0.3304203748703003, -0.940326452255249, -0.28703629970550537], [0.0, 0.0, 0.0, 1.0]]}, "Bone": {"matrix": [[0.2996840476989746, -0.5635503530502319, 0.7698053121566772, -0.975109875202179], [0.6179752945899963, -0.5000683069229126, -0.606661319732666, 0.534284234046936], [0.7268394231796265, 0.6575275659561157, 0.198397696018219, -0.4380703866481781], [0.0, 0.0, 0.0, 1.0]]}, "finger1joint1": {"matrix": [[-0.29227086901664734, -0.7629100680351257, 0.5766677856445312, -1.444089412689209], [-0.4197879731655121, -0.4394530653953552, -0.7941402792930603, 0.1181335300207138], [0.8592762351036072, -0.4741821885108948, -0.1918211430311203, 0.10911591351032257], [0.0, 0.0, 0.0, 1.0]]}, "finger1joint2": {"matrix": [[-0.4386466443538666, -0.57875657081604, -0.6874808073043823, -1.8752696514129639], [-0.14919966459274292, 0.8012915253639221, -0.5793713331222534, -0.13023582100868225], [0.8861876130104065, -0.15156736969947815, -0.4378340244293213, -0.15888160467147827], [0.0, 0.0, 0.0, 1.0]]}, "finger1joint3": {"matrix": [[-0.484485000371933, -0.1607348620891571, -0.8599060773849487, -2.123373031616211], [-0.23640331625938416, 0.9704583883285522, -0.04820584878325462, 0.21326470375061035], [0.8422515988349915, 0.17992959916591644, -0.5081706643104553, -0.22385603189468384], [0.0, 0.0, 0.0, 1.0]]}, "Bone.001": {"matrix": [[0.17991293966770172, -0.3374428153038025, 0.9239931702613831, -0.9751098155975342], [0.3362424373626709, -0.8616445660591125, -0.38014382123947144, 0.5342841744422913], [0.9244306087493896, 0.37907856702804565, -0.041558463126420975, -0.4380704164505005], [0.0, 0.0, 0.0, 1.0]]}, "finger2joint1": {"matrix": [[-0.22803515195846558, -0.538124680519104, 0.8114317655563354, -1.189009189605713], [-0.31774577498435974, -0.7466320991516113, -0.5844465494155884, -0.011898159980773926], [0.9203462600708008, -0.3911033868789673, -0.0007285024039447308, -0.1977786421775818], [0.0, 0.0, 0.0, 1.0]]}, "finger2joint2": {"matrix": [[-0.34977105259895325, -0.6153542995452881, 0.706398606300354, -1.6545672416687012], [-0.32858744263648987, -0.625543475151062, -0.7076194882392883, -0.6578461527824402], [0.8773199915885925, -0.47961845993995667, 0.016599293798208237, -0.5361413955688477], [0.0, 0.0, 0.0, 1.0]]}, "finger2joint3": {"matrix": [[-0.4797526001930237, -0.7060502171516418, 0.5208935737609863, -1.8881657123565674], [-0.33361613750457764, -0.4022941589355469, -0.8525604605674744, -0.8953127264976501], [0.8115031719207764, -0.5827966332435608, -0.04254807531833649, -0.718212366104126], [0.0, 0.0, 0.0, 1.0]]}, "Bone.002": {"matrix": [[-0.12089109420776367, -0.2580556273460388, 0.9585366249084473, -0.9751097559928894], [-0.3538448214530945, -0.8909854888916016, -0.28449690341949463, 0.534284234046936], [0.9274584054946899, -0.37356632947921753, 0.016400493681430817, -0.4380704164505005], [0.0, 0.0, 0.0, 1.0]]}, "finger3joint1": {"matrix": [[-0.23030921816825867, -0.4558747112751007, 0.859730064868927, -1.0838828086853027], [-0.2971171736717224, -0.8083499670028687, -0.508223831653595, 0.15872490406036377], [0.9266493916511536, -0.3724891245365143, 0.05072220414876938, -0.5955322980880737], [0.0, 0.0, 0.0, 1.0]]}, "finger3joint2": {"matrix": [[-0.3326717019081116, -0.8984503746032715, -0.2865593433380127, -1.4837676286697388], [-0.4012555778026581, 0.4098438322544098, -0.8191592693328857, -0.5503447651863098], [0.8534187078475952, -0.15752749145030975, -0.4968516230583191, -0.9222729802131653], [0.0, 0.0, 0.0, 1.0]]}, "finger3joint3": {"matrix": [[-0.3239053189754486, -0.39663994312286377, -0.8589307069778442, -2.0651373863220215], [-0.23695270717144012, 0.9129496812820435, -0.3322290778160095, -0.2851429283618927], [0.9159359931945801, 0.09591516852378845, -0.38969406485557556, -1.0242058038711548], [0.0, 0.0, 0.0, 1.0]]}, "Bone.003": {"matrix": [[0.3025481402873993, 0.45535025000572205, 0.8373295068740845, -0.9751097559928894], [-0.8476494550704956, -0.27316802740097046, 0.45482897758483887, 0.5342841744422913], [0.43583816289901733, -0.8473696708679199, 0.3033308684825897, -0.4380704164505005], [0.0, 0.0, 0.0, 1.0]]}, "finger4joint1": {"matrix": [[-0.37694457173347473, -0.918796181678772, 0.11715848743915558, -0.779937744140625], [-0.4960845708847046, 0.09345034509897232, -0.8632303476333618, 0.41719910502433777], [0.7821844816207886, -0.383510559797287, -0.49102625250816345, -0.8012694120407104], [0.0, 0.0, 0.0, 1.0]]}, "finger4joint2": {"matrix": [[-0.39557453989982605, -0.7300154566764832, -0.5573130249977112, -1.6926323175430298], [-0.5103886127471924, 0.6792125701904297, -0.5274212956428528, 0.5100287795066833], [0.7635599374771118, 0.07581181079149246, -0.6412709355354309, -1.1822330951690674], [0.0, 0.0, 0.0, 1.0]]}, "finger4joint3": {"matrix": [[-0.3253270387649536, -0.43480563163757324, -0.8397058844566345, -1.9970943927764893], [-0.5573120713233948, 0.8055557608604431, -0.20120294392108917, 0.7933031320571899], [0.7639142870903015, 0.40252164006233215, -0.504391610622406, -1.150614857673645], [0.0, 0.0, 0.0, 1.0]]}}