{"root": {"matrix": [[0.37436243891716003, -0.4573221802711487, 0.8066654801368713, 0.0], [0.9211342930793762, 0.083396315574646, -0.38020604848861694, 0.0], [0.10660380870103836, 0.8853821158409119, 0.45247557759284973, 0.0], [0.0, 0.0, 0.0, 1.0]]}, "carpals": {"matrix": [[-0.8072839379310608, -0.5829628705978394, 0.0919058620929718, 0.30828604102134705], [0.30449336767196655, -0.5448356866836548, -0.7813050746917725, 2.207495927810669], [0.5055455565452576, -0.6027503609657288, 0.6173455119132996, 1.056838035583496], [0.0, 0.0, 0.0, 1.0]]}, "metacarpals": {"matrix": [[-0.3364197611808777, -0.4291418492794037, 0.8382474184036255, -0.25951629877090454], [-0.474151074886322, -0.6918792724609375, -0.5445030927658081, 1.6768293380737305], [0.8136352300643921, -0.5806375741958618, 0.02928374521434307, 0.46976274251937866], [0.0, 0.0, 0.0, 1.0]]}, "finger5joint1": {"matrix": [[0.004747286904603243, -0.6587733626365662, 0.752326250076294, -0.7902120351791382], [-0.20307643711566925, -0.7372928857803345, -0.644328236579895, 1.5891830921173096], [0.9791513085365295, -0.14972089231014252, -0.13728156685829163, -0.016400769352912903], [0.0, 0.0, 0.0, 1.0]]}, "finger5joint2": {"matrix": [[0.7613429427146912, -0.6429734230041504, -0.08331593871116638, -1.4860559701919556], [-0.6288462281227112, -0.7635998725891113, 0.1465161144733429, 0.8104010820388794], [-0.15782612562179565, -0.0591561533510685, -0.9856932163238525, -0.17454680800437927], [0.0, 0.0, 0.0, 1.0]]}, "finger5joint3": {"matrix": [[0.7014201283454895, -0.690079391002655, -0.1783243864774704, -1.9279942512512207], [-0.7044944763183594, -0.7092124223709106, -0.02654402330517769, 0.28555214405059814], [-0.10815247148275375, 0.14424709975719452, -0.9836134314537048, -0.21520689129829407], [0.0, 0.0, 0.0, 1.0]]}, "Bone": {"matrix": [[0.29957860708236694, -0.532455563545227, 0.7916712760925293, -0.9295258522033691], [0.6538774371147156, -0.489669531583786, -0.5767735838890076, 0.5966137647628784], [0.6947636604309082, 0.6904452443122864, 0.2014661431312561, -0.43677377700805664], [0.0, 0.0, 0.0, 1.0]]}, "finger1joint1": {"matrix": [[-0.2584661543369293, -0.7545086145401001, 0.6032509803771973, -1.3726288080215454], [-0.3943953216075897, -0.4876360595226288, -0.7788858413696289, 0.18911680579185486], [0.8818431496620178, -0.4392349421977997, -0.17153729498386383, 0.137806236743927], [0.0, 0.0, 0.0, 1.0]]}, "finger1joint2": {"matrix": [[-0.41471534967422485, -0.6738535761833191, -0.6115001440048218, -1.7990607023239136], [-0.12869849801063538, 0.7086952924728394, -0.693676769733429, -0.08648452162742615], [0.9008039832115173, -0.20897921919822693, -0.3806307017803192, -0.11043982952833176], [0.0, 0.0, 0.0, 1.0]]}, "finger1joint3": {"matrix": [[-0.44950932264328003, -0.2598668932914734, -0.854640543460846, -2.08793044090271], [-0.22420039772987366, 0.9589451551437378, -0.1736610382795334, 0.21732154488563538], [0.8646823763847351, 0.11354848742485046, -0.4893169701099396, -0.2000257968902588], [0.0, 0.0, 0.0, 1.0]]}, "Bone.001": {"matrix": [[0.19291239976882935, -0.30294883251190186, 0.9332773089408875, -0.9295257925987244], [0.37680360674858093, -0.8553429841995239, -0.3555378317832947, 0.5966137647628784], [0.9059820175170898, 0.42024996876716614, -0.050854116678237915, -0.43677371740341187], [0.0, 0.0, 0.0, 1.0]]}, "finger2joint1": {"matrix": [[0.11939263343811035, -0.41074174642562866, 0.9039006233215332, -1.1215602159500122], [0.04571752995252609, -0.9071725010871887, -0.4182673692703247, 0.054425835609436035], [0.9917938113212585, 0.09126216918230057, -0.08953168243169785, -0.17038413882255554], [0.0, 0.0, 0.0, 1.0]]}, "finger2joint2": {"matrix": [[-0.0022854777052998543, -0.7665244340896606, 0.6422107815742493, -1.4769129753112793], [0.0019499278860166669, -0.6422144770622253, -0.7665222883224487, -0.730413556098938], [0.9999954104423523, -0.0004995788331143558, 0.002962402068078518, -0.09142877161502838], [0.0, 0.0, 0.0, 1.0]]}, "finger2joint3": {"matrix": [[-0.14756295084953308, -0.961262047290802, 0.23280921578407288, -1.7678980827331543], [-0.0032401252537965775, -0.23491474986076355, -0.9720103740692139, -0.974208652973175], [0.9890471696853638, -0.1441870480775833, 0.031550101935863495, -0.09161842614412308], [0.0, 0.0, 0.0, 1.0]]}, "Bone.002": {"matrix": [[-0.08766981959342957, -0.241367369890213, 0.9664655327796936, -0.9295257925987244], [-0.32077017426490784, -0.9116842746734619, -0.256784051656723, 0.5966137647628784], [0.9430908560752869, -0.3325255513191223, 0.0025036679580807686, -0.4367736876010895], [0.0, 0.0, 0.0, 1.0]]}, "finger3joint1": {"matrix": [[-0.21428778767585754, -0.4597705006599426, 0.8617956042289734, -1.0312645435333252], [-0.2946450710296631, -0.8107651472091675, -0.5058101415634155, 0.2123296856880188], [0.9312707185745239, -0.3623127341270447, 0.03826791048049927, -0.5769365429878235], [0.0, 0.0, 0.0, 1.0]]}, "finger3joint2": {"matrix": [[-0.3175601661205292, -0.9178825616836548, -0.23800604045391083, -1.434566855430603], [-0.3992919921875, 0.3571006953716278, -0.8444198369979858, -0.4988585114479065], [0.8600705862045288, -0.1731201410293579, -0.4799041450023651, -0.8947505950927734], [0.0, 0.0, 0.0, 1.0]]}, "finger3joint3": {"matrix": [[-0.318156898021698, -0.5091186761856079, -0.7997338175773621, -2.028510570526123], [-0.23338840901851654, 0.8596675992012024, -0.4544241428375244, -0.2677856981754303], [0.9188612699508667, 0.04207043722271919, -0.3923315405845642, -1.0067732334136963], [0.0, 0.0, 0.0, 1.0]]}, "Bone.003": {"matrix": [[0.3375779390335083, 0.4419741630554199, 0.8310835957527161, -0.9295258522033691], [-0.8212979435920715, -0.2930785119533539, 0.4894634187221527, 0.5966137647628784], [0.45990291237831116, -0.8477994203567505, 0.26405563950538635, -0.4367736876010895], [0.0, 0.0, 0.0, 1.0]]}, "finger4joint1": {"matrix": [[-0.3430197536945343, -0.930306613445282, 0.12987196445465088, -0.74008709192276], [-0.47563832998275757, 0.05279858782887459, -0.878054678440094, 0.47099462151527405], [0.8100032806396484, -0.3629622161388397, -0.4606005549430847, -0.8001570701599121], [0.0, 0.0, 0.0, 1.0]]}, "finger4joint2": {"matrix": [[-0.36168330907821655, -0.7533798217773438, -0.5491845011711121, -1.6642156839370728], [-0.49116966128349304, 0.6546637415885925, -0.5746017694473267, 0.5234425663948059], [0.7924247980117798, 0.0619189478456974, -0.6068184971809387, -1.1607087850570679], [0.0, 0.0, 0.0, 1.0]]}, "finger4joint3": {"matrix": [[-0.2897334396839142, -0.4823960065841675, -0.8266487717628479, -1.9784222841262817], [-0.535430908203125, 0.7975925207138062, -0.27777576446533203, 0.7964785099029541], [0.7933269739151001, 0.36213254928588867, -0.4893791377544403, -1.1348847150802612], [0.0, 0.0, 0.0, 1.0]]}}