{"root": {"matrix": [[0.3734637200832367, -0.5136229991912842, 0.7724741101264954, -5.960464477539063e-08], [0.9065568447113037, 0.025533189997076988, -0.42131078243255615, 0.0], [0.1966712474822998, 0.8576359748840332, 0.47516414523124695, 0.0], [0.0, 0.0, 0.0, 1.0]]}, "carpals": {"matrix": [[-0.7944377660751343, -0.6070816516876221, 0.0178962554782629, 0.25498947501182556], [0.3021177649497986, -0.42057517170906067, -0.8554771542549133, 2.1225132942199707], [0.5268713235855103, -0.674216628074646, 0.5175309777259827, 1.230813980102539], [0.0, 0.0, 0.0, 1.0]]}, "metacarpals": {"matrix": [[-0.35134458541870117, -0.37779510021209717, 0.8566373586654663, -0.33630436658859253], [-0.5094506144523621, -0.6905080676078796, -0.5134768486022949, 1.7128758430480957], [0.785504162311554, -0.616821825504303, 0.05013824626803398, 0.5741310119628906], [0.0, 0.0, 0.0, 1.0]]}, "finger5joint1": {"matrix": [[-0.03019089438021183, -0.6342793703079224, 0.7725139856338501, -0.8426443338394165], [-0.24682147800922394, -0.7442014813423157, -0.620679497718811, 1.6194427013397217], [0.9685904383659363, -0.2094118744134903, -0.1340857446193695, 0.06367549300193787], [0.0, 0.0, 0.0, 1.0]]}, "finger5joint2": {"matrix": [[0.7839070558547974, -0.6165018081665039, -0.07358395308256149, -1.5126161575317383], [-0.6021275520324707, -0.7837811708450317, 0.15208187699317932, 0.8333632946014404], [-0.1514325886964798, -0.07491116970777512, -0.9856247305870056, -0.15752047300338745], [0.0, 0.0, 0.0, 1.0]]}, "finger5joint3": {"matrix": [[0.7257868647575378, -0.6683647036552429, -0.16285398602485657, -1.9363594055175781], [-0.6801236271858215, -0.732703447341919, -0.024017708376049995, 0.29464301466941833], [-0.10327118635177612, 0.12819266319274902, -0.986357569694519, -0.2090095430612564], [0.0, 0.0, 0.0, 1.0]]}, "Bone": {"matrix": [[0.24517369270324707, -0.5413677096366882, 0.8042453527450562, -0.9261473417282104], [0.6444512009620667, -0.5287387371063232, -0.5523746609687805, 0.634800910949707], [0.7242735028266907, 0.6537247896194458, 0.21925222873687744, -0.3888990879058838], [0.0, 0.0, 0.0, 1.0]]}, "finger1joint1": {"matrix": [[-0.2796704173088074, -0.7238500714302063, 0.6307339668273926, -1.3766670227050781], [-0.4285045266151428, -0.4937809109687805, -0.7566795945167542, 0.19479107856750488], [0.8591670989990234, -0.4818931818008423, -0.17207716405391693, 0.15512260794639587], [0.0, 0.0, 0.0, 1.0]]}, "finger1joint2": {"matrix": [[-0.4438890516757965, -0.6694045662879944, -0.5957011580467224, -1.785771369934082], [-0.16781918704509735, 0.7151246070861816, -0.6785523295402527, -0.08428320288658142], [0.8802267909049988, -0.20123185217380524, -0.42977485060691833, -0.11723297089338303], [0.0, 0.0, 0.0, 1.0]]}, "finger1joint3": {"matrix": [[-0.47707653045654297, -0.302318811416626, -0.8252279758453369, -2.0727341175079346], [-0.26179763674736023, 0.9452317953109741, -0.19493241608142853, 0.22227898240089417], [0.8389636278152466, 0.12304506450891495, -0.5300941467285156, -0.2034977525472641], [0.0, 0.0, 0.0, 1.0]]}, "Bone.001": {"matrix": [[0.14058658480644226, -0.2869720458984375, 0.9475664496421814, -0.9261474013328552], [0.3576628565788269, -0.8777187466621399, -0.3188837170600891, 0.6348009705543518], [0.9232076406478882, 0.3837401568889618, -0.020756294950842857, -0.3888990581035614], [0.0, 0.0, 0.0, 1.0]]}, "finger2joint1": {"matrix": [[-0.2978527247905731, -0.4695281386375427, 0.8311598896980286, -1.1080543994903564], [-0.38868990540504456, -0.7355854511260986, -0.5548278093338013, 0.07842934131622314], [0.871896505355835, -0.4883204698562622, 0.036595214158296585, -0.14565244317054749], [0.0, 0.0, 0.0, 1.0]]}, "finger2joint2": {"matrix": [[-0.41462239623069763, -0.7844092845916748, 0.46129173040390015, -1.5142661333084106], [-0.4006742537021637, -0.2977691888809204, -0.8664833307266235, -0.5579615831375122], [0.8170362710952759, -0.5440910458564758, -0.19083084166049957, -0.568122386932373], [0.0, 0.0, 0.0, 1.0]]}, "finger2joint3": {"matrix": [[-0.5414039492607117, -0.8390156030654907, -0.054167862981557846, -1.8120408058166504], [-0.35314711928367615, 0.28540292382240295, -0.8909724950790405, -0.6709996461868286], [0.7629996538162231, -0.46324682235717773, -0.45081424713134766, -0.774668276309967], [0.0, 0.0, 0.0, 1.0]]}, "Bone.002": {"matrix": [[-0.11425363272428513, -0.192143052816391, 0.974693238735199, -0.9261474609375], [-0.35066577792167664, -0.9101652503013611, -0.22052782773971558, 0.634800910949707], [0.9295049905776978, -0.3669876754283905, 0.03661160543560982, -0.3888990581035614], [0.0, 0.0, 0.0, 1.0]]}, "finger3joint1": {"matrix": [[-0.21789999306201935, -0.4581398367881775, 0.8617582321166992, -1.007137656211853], [-0.29874423146247864, -0.8092820048332214, -0.5057809352874756, 0.25115716457366943], [0.9291240572929382, -0.3676548898220062, 0.03947585076093674, -0.5435880422592163], [0.0, 0.0, 0.0, 1.0]]}, "finger3joint2": {"matrix": [[-0.32086488604545593, -0.9283537268638611, -0.18762952089309692, -1.4090094566345215], [-0.4031030535697937, 0.3131222724914551, -0.8599199056625366, -0.4587300717830658], [0.8570610284805298, -0.2002839893102646, -0.474692165851593, -0.8660881519317627], [0.0, 0.0, 0.0, 1.0]]}, "finger3joint3": {"matrix": [[-0.3304014801979065, -0.5669291019439697, -0.7546032667160034, -2.0097289085388184], [-0.23671583831310272, 0.8237238526344299, -0.5152130126953125, -0.2561148405075073], [0.9136741757392883, 0.00839940831065178, -0.40636056661605835, -0.9956879615783691], [0.0, 0.0, 0.0, 1.0]]}, "Bone.003": {"matrix": [[0.3495788276195526, 0.4876548647880554, 0.7999920845031738, -0.9261474013328552], [-0.8209574818611145, -0.25201693177223206, 0.5123631954193115, 0.634800910949707], [0.45146793127059937, -0.8358709216117859, 0.31224408745765686, -0.388899028301239], [0.0, 0.0, 0.0, 1.0]]}, "finger4joint1": {"matrix": [[-0.35772639513015747, -0.9158166646957397, 0.1825139969587326, -0.717129111289978], [-0.5110785365104675, 0.028428565710783005, -0.8590635061264038, 0.5267815589904785], [0.7815563082695007, -0.4005886912345886, -0.4782239496707916, -0.7471696138381958], [0.0, 0.0, 0.0, 1.0]]}, "finger4joint2": {"matrix": [[-0.3750346601009369, -0.7927035689353943, -0.4805930256843567, -1.626863718032837], [-0.5267858505249023, 0.6088325381278992, -0.5931434035301208, 0.555021345615387], [0.7627877593040466, 0.03072032518684864, -0.6459184885025024, -1.1450978517532349], [0.0, 0.0, 0.0, 1.0]]}, "finger4joint3": {"matrix": [[-0.3007717430591583, -0.5359494090080261, -0.7888562083244324, -1.9574711322784424], [-0.5668389797210693, 0.7656603455543518, -0.3040679097175598, 0.8089427947998047], [0.7669611573219299, 0.3556995987892151, -0.5340861678123474, -1.132285714149475], [0.0, 0.0, 0.0, 1.0]]}}