{"root": {"matrix": [[0.3052811920642853, -0.7423940300941467, 0.5963677763938904, 0.0], [0.8941365480422974, 0.008022383786737919, -0.44772255420684814, 0.0], [0.3276022970676422, 0.669915497303009, 0.6662506461143494, 0.0], [0.0, 0.0, 0.0, 1.0]]}, "carpals": {"matrix": [[-0.9790884256362915, -0.20097903907299042, -0.03151171654462814, -0.10332931578159332], [0.12135212123394012, -0.4526716470718384, -0.8833808898925781, 2.080254554748535], [0.16327665746212006, -0.8687320947647095, 0.4675948917865753, 1.3216841220855713], [0.0, 0.0, 0.0, 1.0]]}, "metacarpals": {"matrix": [[-0.3464847207069397, -0.4271807372570038, 0.8351435661315918, -0.2990816831588745], [-0.4818103611469269, -0.6828399896621704, -0.5491703748703003, 1.639355182647705], [0.8048645257949829, -0.5926599502563477, 0.03077346831560135, 0.4755443334579468], [0.0, 0.0, 0.0, 1.0]]}, "finger5joint1": {"matrix": [[-0.08425083756446838, -0.652086079120636, 0.7534489631652832, -0.825615406036377], [-0.3095186948776245, -0.701607346534729, -0.6418294310569763, 1.560131549835205], [0.9471535086631775, -0.2872811555862427, -0.14272186160087585, -0.0165538489818573], [0.0, 0.0, 0.0, 1.0]]}, "finger5joint2": {"matrix": [[0.7663000226020813, -0.6215619444847107, -0.16261745989322662, -1.514395833015442], [-0.62565678358078, -0.7794787287712097, 0.031077897176146507, 0.8190430402755737], [-0.14607375860214233, 0.07792782038450241, -0.9861994385719299, -0.32000094652175903], [0.0, 0.0, 0.0, 1.0]]}, "finger5joint3": {"matrix": [[0.7127127647399902, -0.6547165513038635, -0.251766175031662, -1.9416170120239258], [-0.6964508891105652, -0.7032759189605713, -0.14268337190151215, 0.28328001499176025], [-0.08364395052194595, 0.2770352363586426, -0.9572119116783142, -0.26643842458724976], [0.0, 0.0, 0.0, 1.0]]}, "Bone": {"matrix": [[0.2963559925556183, -0.5414282083511353, 0.7867835760116577, -0.9660294055938721], [0.6441910266876221, -0.49487417936325073, -0.583195686340332, 0.5732524991035461], [0.705117404460907, 0.6796726584434509, 0.20212425291538239, -0.44976240396499634], [0.0, 0.0, 0.0, 1.0]]}, "finger1joint1": {"matrix": [[-0.26899757981300354, -0.7593172192573547, 0.5925179123878479, -1.4165992736816406], [-0.40295127034187317, -0.4700404107570648, -0.7852973937988281, 0.16142430901527405], [0.8747973442077637, -0.4499988257884979, -0.17952808737754822, 0.11585275828838348], [0.0, 0.0, 0.0, 1.0]]}, "finger1joint2": {"matrix": [[-0.4213806390762329, -0.6450820565223694, -0.637422502040863, -1.845748782157898], [-0.13524632155895233, 0.7397114634513855, -0.6591928005218506, -0.10423232614994049], [0.8967422842979431, -0.19156204164028168, -0.3989449441432953, -0.13847681879997253], [0.0, 0.0, 0.0, 1.0]]}, "finger1joint3": {"matrix": [[-0.4598166346549988, -0.16376928985118866, -0.8727818727493286, -2.1222848892211914], [-0.22835570573806763, 0.9716011881828308, -0.062004707753658295, 0.212869793176651], [0.8581505417823792, 0.17079386115074158, -0.48415589332580566, -0.2205963432788849], [0.0, 0.0, 0.0, 1.0]]}, "Bone.001": {"matrix": [[0.1862918585538864, -0.31125664710998535, 0.9318875074386597, -0.9660293459892273], [0.3652421832084656, -0.8585758805274963, -0.3597850501537323, 0.5732524991035461], [0.9120817184448242, 0.40738973021507263, -0.04626169800758362, -0.44976240396499634], [0.0, 0.0, 0.0, 1.0]]}, "finger2joint1": {"matrix": [[-0.210575133562088, -0.942358672618866, -0.26003462076187134, -1.163329839706421], [-0.38036009669303894, 0.324018657207489, -0.8662204146385193, 0.029015272855758667], [0.9005464911460876, -0.08349765092134476, -0.42666587233543396, -0.1915246844291687], [0.0, 0.0, 0.0, 1.0]]}, "finger2joint2": {"matrix": [[-0.2699960470199585, -0.4704678952693939, -0.8400962948799133, -1.9786103963851929], [-0.2678160071372986, 0.8747639656066895, -0.40380969643592834, 0.30933964252471924], [0.9248656630516052, 0.11596421897411346, -0.36218157410621643, -0.26376259326934814], [0.0, 0.0, 0.0, 1.0]]}, "finger2joint3": {"matrix": [[-0.24602338671684265, -0.02163378894329071, -0.969022274017334, -2.157207727432251], [-0.12855543196201324, 0.9916465878486633, 0.010499930009245872, 0.64141446352005], [0.9607005715370178, 0.12715624272823334, -0.24674932658672333, -0.21974068880081177], [0.0, 0.0, 0.0, 1.0]]}, "Bone.002": {"matrix": [[-0.09818525612354279, -0.24287615716457367, 0.9650754928588867, -0.9660294651985168], [-0.33124300837516785, -0.9064887166023254, -0.26183220744132996, 0.5732524991035461], [0.9384229183197021, -0.3453824818134308, 0.008552730083465576, -0.44976240396499634], [0.0, 0.0, 0.0, 1.0]]}, "finger3joint1": {"matrix": [[-0.2204231172800064, -0.4378342032432556, 0.8716161251068115, -1.068404197692871], [-0.2943057417869568, -0.8220945000648499, -0.48738545179367065, 0.1911584734916687], [0.9299450516700745, -0.36395254731178284, 0.052351467311382294, -0.5953445434570312], [0.0, 0.0, 0.0, 1.0]]}, "finger3joint2": {"matrix": [[-0.32052597403526306, -0.904962956905365, -0.2798301875591278, -1.4524643421173096], [-0.4014633595943451, 0.39735570549964905, -0.825188159942627, -0.5299676656723022], [0.8579570055007935, -0.15215261280536652, -0.4906722605228424, -0.9145970344543457], [0.0, 0.0, 0.0, 1.0]]}, "finger3joint3": {"matrix": [[-0.3134024739265442, -0.47991281747817993, -0.8194281458854675, -2.0380477905273438], [-0.23676301538944244, 0.8751398324966431, -0.42198747396469116, -0.27284663915634155], [0.9196315407752991, 0.06175832450389862, -0.38789644837379456, -1.013051986694336], [0.0, 0.0, 0.0, 1.0]]}, "Bone.003": {"matrix": [[0.3290337026119232, 0.44843775033950806, 0.831047773361206, -0.9660294055938721], [-0.8283345103263855, -0.2855105698108673, 0.4820222854614258, 0.5732524991035461], [0.4534299075603485, -0.8469871878623962, 0.2775137722492218, -0.4497624337673187], [0.0, 0.0, 0.0, 1.0]]}, "finger4joint1": {"matrix": [[-0.3530576825141907, -0.9265650510787964, 0.12971988320350647, -0.7738202214241028], [-0.4832209050655365, 0.06186220794916153, -0.8733099102973938, 0.4508771300315857], [0.8011538982391357, -0.3710121512413025, -0.46957656741142273, -0.8127975463867188], [0.0, 0.0, 0.0, 1.0]]}, "finger4joint2": {"matrix": [[-0.371633917093277, -0.7423467040061951, -0.5575026869773865, -1.6942321062088013], [-0.498449444770813, 0.6661666035652161, -0.5547699332237244, 0.5123285055160522], [0.7832214832305908, 0.07171560078859329, -0.6175925135612488, -1.1813459396362305], [0.0, 0.0, 0.0, 1.0]]}, "finger4joint3": {"matrix": [[-0.30044400691986084, -0.41761043667793274, -0.8575165271759033, -2.0038373470306396], [-0.5439310073852539, 0.8135465383529663, -0.2056223452091217, 0.7901618480682373], [0.7834997773170471, 0.404651939868927, -0.4715765416622162, -1.1514358520507812], [0.0, 0.0, 0.0, 1.0]]}}