{"root": {"matrix": [[0.2551949620246887, -0.6917433738708496, -0.6755491495132446, 0.0], [-0.5762800574302673, 0.45220696926116943, -0.6807423830032349, 2.9802322387695312e-08], [0.7763869762420654, 0.563027560710907, -0.2832370102405548, 0.0], [0.0, 0.0, 0.0, 1.0]]}, "carpals": {"matrix": [[0.9336326122283936, -0.358166366815567, 0.006845131982117891, -0.024023354053497314], [0.10347890108823776, 0.2879336178302765, 0.9520430564880371, -0.7840814590454102], [-0.3429607152938843, -0.8881502151489258, 0.3058871030807495, 2.3387227058410645], [0.0, 0.0, 0.0, 1.0]]}, "metacarpals": {"matrix": [[0.31545647978782654, -0.713803231716156, 0.625277578830719, -0.3728753328323364], [-0.669601559638977, 0.2994593679904938, 0.679674506187439, -0.503635823726654], [-0.6723992824554443, -0.6330946087837219, -0.3834972679615021, 1.4736697673797607], [0.0, 0.0, 0.0, 1.0]]}, "finger5joint1": {"matrix": [[0.3066976070404053, -0.8042076826095581, 0.509103536605835, -1.0927915573120117], [-0.6068422198295593, 0.2468511313199997, 0.7555174827575684, -0.49484747648239136], [-0.7332659959793091, -0.5406609177589417, -0.4123184084892273, 1.3881233930587769], [0.0, 0.0, 0.0, 1.0]]}, "finger5joint2": {"matrix": [[0.5642697215080261, -0.3281533122062683, -0.7575715780258179, -1.9422539472579956], [0.7506295442581177, -0.1781291663646698, 0.6362583637237549, -0.2341054528951645], [-0.34373584389686584, -0.9276770353317261, 0.14580896496772766, 0.8170382380485535], [0.0, 0.0, 0.0, 1.0]]}, "finger5joint3": {"matrix": [[0.5720185041427612, -0.10343229025602341, -0.8136929273605347, -2.1678051948547363], [0.6945500373840332, -0.466643750667572, 0.5475794672966003, -0.35653984546661377], [-0.4363420903682709, -0.878376305103302, -0.19508975744247437, 0.17941328883171082], [0.0, 0.0, 0.0, 1.0]]}, "Bone": {"matrix": [[0.6984935998916626, 0.08846970647573471, 0.710126519203186, -1.4873203039169312], [-0.4556896984577179, -0.7101430892944336, 0.5366966128349304, -0.03609663248062134], [0.5517728328704834, -0.6984767913818359, -0.4557155966758728, 0.4852333962917328], [0.0, 0.0, 0.0, 1.0]]}, "finger1joint1": {"matrix": [[0.7377120852470398, -0.4650876820087433, 0.4893610179424286, -1.4136968851089478], [-0.6208595633506775, -0.18266387283802032, 0.7623430490493774, -0.6270689368247986], [-0.2651679813861847, -0.8662142753601074, -0.42350736260414124, -0.0960303544998169], [0.0, 0.0, 0.0, 1.0]]}, "finger1joint2": {"matrix": [[0.5628472566604614, -0.6392493844032288, 0.5239877104759216, -1.6765544414520264], [-0.8197022080421448, -0.3501892685890198, 0.4532719850540161, -0.7303065657615662], [-0.10625920444726944, -0.6846368908882141, -0.7210971117019653, -0.585595965385437], [0.0, 0.0, 0.0, 1.0]]}, "finger1joint3": {"matrix": [[0.6360906362533569, -0.7563482522964478, 0.15272869169712067, -1.9505901336669922], [-0.7561815977096558, -0.5716464519500732, 0.318448543548584, -0.8804270029067993], [-0.1535513699054718, -0.31805288791656494, -0.9355555176734924, -0.8790885806083679], [0.0, 0.0, 0.0, 1.0]]}, "Bone.001": {"matrix": [[0.7657934427261353, 0.06702733784914017, 0.6395838856697083, -1.4873203039169312], [-0.6023993492126465, -0.2733747065067291, 0.7499205470085144, -0.036096587777137756], [0.225111186504364, -0.9595693945884705, -0.16897118091583252, 0.4852333664894104], [0.0, 0.0, 0.0, 1.0]]}, "finger2joint1": {"matrix": [[0.791398286819458, -0.5788371562957764, 0.1965608298778534, -1.4448328018188477], [-0.5343998670578003, -0.4989701211452484, 0.6822353601455688, -0.20938432216644287], [-0.2968253195285797, -0.6449621915817261, -0.7042145729064941, -0.12302196025848389], [0.0, 0.0, 0.0, 1.0]]}, "finger2joint2": {"matrix": [[0.7142452597618103, -0.6051772236824036, -0.3515879213809967, -1.9456130266189575], [-0.6380839347839355, -0.7694509029388428, 0.02817441336810589, -0.6410678029060364], [-0.28758034110069275, 0.2042190581560135, -0.9357306361198425, -0.6810103058815002], [0.0, 0.0, 0.0, 1.0]]}, "finger2joint3": {"matrix": [[0.6686586737632751, -0.09735523164272308, -0.7371684312820435, -2.1753482818603516], [-0.7220749855041504, -0.3216624855995178, -0.6124871373176575, -0.9331640005111694], [-0.17749078571796417, 0.9418358206748962, -0.2853803336620331, -0.6034854054450989], [0.0, 0.0, 0.0, 1.0]]}, "Bone.002": {"matrix": [[0.5854731798171997, -0.4075748324394226, 0.7007880210876465, -1.4873203039169312], [-0.6341190338134766, 0.3083339035511017, 0.7091001272201538, -0.03609661012887955], [-0.5050882697105408, -0.8595420718193054, -0.07792958617210388, 0.4852333664894104], [0.0, 0.0, 0.0, 1.0]]}, "finger3joint1": {"matrix": [[0.38778024911880493, -0.15332242846488953, 0.9089107513427734, -1.6591172218322754], [-0.6942576169967651, 0.6000518798828125, 0.39742156863212585, 0.09386920928955078], [-0.6063274145126343, -0.7851302623748779, 0.1262430101633072, 0.122927725315094], [0.0, 0.0, 0.0, 1.0]]}, "finger3joint2": {"matrix": [[0.323103129863739, -0.7207158803939819, -0.6133294105529785, -1.7936086654663086], [-0.6055297255516052, -0.6555014848709106, 0.4512775242328644, 0.6202236413955688], [-0.7272813320159912, 0.22557994723320007, -0.648209273815155, -0.5657740235328674], [0.0, 0.0, 0.0, 1.0]]}, "finger3joint3": {"matrix": [[0.38548049330711365, 0.2018263339996338, -0.9003726840019226, -2.25996994972229], [-0.7045606970787048, -0.5657040476799011, -0.42845419049263, 0.19606155157089233], [-0.5958179831504822, 0.7995277047157288, -0.0758688822388649, -0.419805645942688], [0.0, 0.0, 0.0, 1.0]]}, "Bone.003": {"matrix": [[0.5584515333175659, -0.2654894292354584, 0.7859054207801819, -1.4873203039169312], [0.11697816848754883, 0.9631388187408447, 0.24223855137825012, -0.03609657287597656], [-0.8212476968765259, -0.04334452748298645, 0.5689228773117065, 0.4852333664894104], [0.0, 0.0, 0.0, 1.0]]}, "finger4joint1": {"matrix": [[0.38731205463409424, -0.11712777614593506, 0.9144781827926636, -1.601114273071289], [-0.7471246123313904, 0.541287899017334, 0.38576123118400574, 0.37672340869903564], [-0.5401795506477356, -0.8326390385627747, 0.1221383661031723, 0.46665507555007935], [0.0, 0.0, 0.0, 1.0]]}, "finger4joint2": {"matrix": [[0.40211179852485657, -0.47499972581863403, 0.7827395796775818, -1.7174640893936157], [-0.7269317507743835, 0.35413968563079834, 0.5883491635322571, 0.9144166707992554], [-0.5566650629043579, -0.8055803179740906, -0.20288854837417603, -0.3604544699192047], [0.0, 0.0, 0.0, 1.0]]}, "finger4joint3": {"matrix": [[0.42871132493019104, -0.6430239081382751, 0.6346075534820557, -1.9155688285827637], [-0.7623828053474426, 0.11940115690231323, 0.6360151767730713, 1.06211519241333], [-0.4847460389137268, -0.7564807534217834, -0.4390416443347931, -0.6964321136474609], [0.0, 0.0, 0.0, 1.0]]}}