{"root": {"matrix": [[0.29866376519203186, -0.8337474465370178, -0.4643976092338562, -5.960464477539063e-08], [-0.47018343210220337, 0.29490670561790466, -0.8318398594856262, 0.0], [0.8304982781410217, 0.4667925238609314, -0.3039363622665405, 2.9802322387695312e-08], [0.0, 0.0, 0.0, 1.0]]}, "carpals": {"matrix": [[0.9052626490592957, -0.3760562539100647, -0.1976892054080963, -0.0884547233581543], [0.2562004029750824, 0.11201798915863037, 0.9601109027862549, -0.6811274290084839], [-0.33891090750694275, -0.9198007583618164, 0.1977517008781433, 2.369224786758423], [0.0, 0.0, 0.0, 1.0]]}, "metacarpals": {"matrix": [[0.34360751509666443, -0.659050703048706, 0.6690186262130737, -0.4547313451766968], [-0.6292597055435181, 0.3672410547733307, 0.6849568486213684, -0.5720226168632507], [-0.6971126198768616, -0.6563428044319153, -0.28852716088294983, 1.4733444452285767], [0.0, 0.0, 0.0, 1.0]]}, "finger5joint1": {"matrix": [[0.2799433171749115, -0.5379799604415894, 0.7951158285140991, -1.166335105895996], [-0.6062936782836914, 0.5430856347084045, 0.5809179544448853, -0.5338048934936523], [-0.7443383932113647, -0.6446976661682129, -0.1741405427455902, 1.3397996425628662], [0.0, 0.0, 0.0, 1.0]]}, "finger5joint2": {"matrix": [[0.8355306386947632, -0.4130828380584717, -0.36228546500205994, -1.734588623046875], [0.5461518168449402, 0.5523384213447571, 0.6297935247421265, 0.03984144330024719], [-0.06005265936255455, -0.7240744829177856, 0.6871019601821899, 0.6588234305381775], [0.0, 0.0, 0.0, 1.0]]}, "finger5joint3": {"matrix": [[0.8119907975196838, -0.42050546407699585, -0.4047785699367523, -2.018514633178711], [0.5598257184028625, 0.3649047911167145, 0.7439348101615906, 0.4194830060005188], [-0.16512297093868256, -0.8306736946105957, 0.5317094326019287, 0.16114161908626556], [0.0, 0.0, 0.0, 1.0]]}, "Bone": {"matrix": [[0.6452457308769226, 0.11799725145101547, 0.7548075318336487, -1.4836924076080322], [-0.5166274905204773, -0.6604514122009277, 0.5448848605155945, 0.0013426542282104492], [0.5628085732460022, -0.7415392994880676, -0.3651927709579468, 0.4486110806465149], [0.0, 0.0, 0.0, 1.0]]}, "finger1joint1": {"matrix": [[0.7507652640342712, -0.5062294602394104, 0.4243619740009308, -1.3854964971542358], [-0.5968260765075684, -0.24450351297855377, 0.7642095685005188, -0.5482769012451172], [-0.2831076681613922, -0.8270124793052673, -0.4856955409049988, -0.1684887707233429], [0.0, 0.0, 0.0, 1.0]]}, "finger1joint2": {"matrix": [[0.5958903431892395, -0.6606203317642212, 0.4566130042076111, -1.6716065406799316], [-0.7961462140083313, -0.41149014234542847, 0.4436517059803009, -0.6864649057388306], [-0.10519381612539291, -0.627898633480072, -0.7711532711982727, -0.6358982920646667], [0.0, 0.0, 0.0, 1.0]]}, "finger1joint3": {"matrix": [[0.6629022359848022, -0.7443721890449524, 0.08044026046991348, -1.954803466796875], [-0.7314879894256592, -0.6209999918937683, 0.2815745174884796, -0.8628640174865723], [-0.15964308381080627, -0.24549761414527893, -0.9561614990234375, -0.905068039894104], [0.0, 0.0, 0.0, 1.0]]}, "Bone.001": {"matrix": [[0.7313382029533386, 0.1269015669822693, 0.6701046824455261, -1.4836924076080322], [-0.6415156722068787, -0.2055387794971466, 0.7390608787536621, 0.001342684030532837], [0.2315203994512558, -0.9703863263130188, -0.06890886276960373, 0.4486111104488373], [0.0, 0.0, 0.0, 1.0]]}, "finger2joint1": {"matrix": [[0.790596604347229, -0.5941094756126404, 0.14829276502132416, -1.4032514095306396], [-0.5199448466300964, -0.5234062671661377, 0.675057590007782, -0.12894496321678162], [-0.32344090938568115, -0.6108025312423706, -0.7227073311805725, -0.16650092601776123], [0.0, 0.0, 0.0, 1.0]]}, "finger2joint2": {"matrix": [[0.7165298461914062, -0.5367889404296875, -0.44546881318092346, -1.917244791984558], [-0.6252967119216919, -0.7773205637931824, -0.06911072134971619, -0.5817693471908569], [-0.30917441844940186, 0.3280700147151947, -0.8926258683204651, -0.6949360370635986], [0.0, 0.0, 0.0, 1.0]]}, "finger2joint3": {"matrix": [[0.6871514916419983, -0.21205231547355652, -0.6948786973953247, -2.121018648147583], [-0.7016335725784302, -0.44185692071914673, -0.5589922070503235, -0.8768530488014221], [-0.18850156664848328, 0.8716626763343811, -0.45240581035614014, -0.5703953504562378], [0.0, 0.0, 0.0, 1.0]]}, "Bone.002": {"matrix": [[0.6020488739013672, -0.337519109249115, 0.723614513874054, -1.4836924076080322], [-0.6146811842918396, 0.38249891996383667, 0.689827024936676, 0.001342669129371643], [-0.5096117854118347, -0.8601017594337463, 0.022816507145762444, 0.4486111104488373], [0.0, 0.0, 0.0, 1.0]]}, "finger3joint1": {"matrix": [[0.41051891446113586, -0.2638571858406067, 0.8728422522544861, -1.625960111618042], [-0.6610363721847534, 0.5732308626174927, 0.48418712615966797, 0.16256976127624512], [-0.6280965805053711, -0.7757481932640076, 0.060902971774339676, 0.08606958389282227], [0.0, 0.0, 0.0, 1.0]]}, "finger3joint2": {"matrix": [[0.32945960760116577, -0.6369969248771667, -0.6969155669212341, -1.8574105501174927], [-0.580358624458313, -0.7188448905944824, 0.38268229365348816, 0.6653972864151001], [-0.7447417974472046, 0.27838248014450073, -0.6065167784690857, -0.5944024324417114], [0.0, 0.0, 0.0, 1.0]]}, "finger3joint3": {"matrix": [[0.40994831919670105, 0.23102924227714539, -0.8823649287223816, -2.269598960876465], [-0.6713869571685791, -0.5783865451812744, -0.46336641907691956, 0.2002469301223755], [-0.6173993945121765, 0.7823643684387207, -0.08199849724769592, -0.41426658630371094], [0.0, 0.0, 0.0, 1.0]]}, "Bone.003": {"matrix": [[0.6178382635116577, -0.23541180789470673, 0.7502380609512329, -1.4836924076080322], [0.15772686898708344, 0.971842348575592, 0.17505581676959991, 0.0013426542282104492], [-0.7703232169151306, 0.01017674244940281, 0.6375722289085388, 0.4486110806465149], [0.0, 0.0, 0.0, 1.0]]}, "finger4joint1": {"matrix": [[0.42470937967300415, -0.10859218239784241, 0.8987933993339539, -1.584594488143921], [-0.7298263907432556, 0.5463792085647583, 0.41088050603866577, 0.4178932309150696], [-0.5357006788253784, -0.8304678201675415, 0.15279902517795563, 0.4529730975627899], [0.0, 0.0, 0.0, 1.0]]}, "finger4joint2": {"matrix": [[0.4393851161003113, -0.492409884929657, 0.7513142228126526, -1.6924654245376587], [-0.7090395092964172, 0.3234170079231262, 0.6266289949417114, 0.9606438875198364], [-0.5515463352203369, -0.8080428838729858, -0.20703335106372833, -0.37197962403297424], [0.0, 0.0, 0.0, 1.0]]}, "finger4joint3": {"matrix": [[0.46775856614112854, -0.6883562207221985, 0.5544072985649109, -1.8978313207626343], [-0.7425605058670044, 0.034150853753089905, 0.6689074039459229, 1.0955291986465454], [-0.4793802499771118, -0.7245681285858154, -0.4951716661453247, -0.7089843153953552], [0.0, 0.0, 0.0, 1.0]]}}