{"root": {"matrix": [[-0.0058185867965221405, -0.7128579020500183, -0.7012843489646912, -5.960464477539063e-08], [-0.5892953276634216, 0.569028913974762, -0.5735304355621338, 5.960464477539063e-08], [0.8078967332839966, 0.40992647409439087, -0.4233947992324829, 2.9802322387695312e-08], [0.0, 0.0, 0.0, 1.0]]}, "carpals": {"matrix": [[0.8966938853263855, -0.4097927212715149, 0.16736137866973877, -0.6320728063583374], [-0.09929299354553223, 0.1822434514760971, 0.978226900100708, -0.7112212777137756], [-0.4313707947731018, -0.8937880396842957, 0.12272725254297256, 2.275880813598633], [0.0, 0.0, 0.0, 1.0]]}, "metacarpals": {"matrix": [[0.22042131423950195, -0.14803563058376312, 0.9641056656837463, -1.0312082767486572], [-0.8454115390777588, 0.464006632566452, 0.26453134417533875, -0.5337172746658325], [-0.4865117073059082, -0.8733744621276855, -0.022873973473906517, 1.405336618423462], [0.0, 0.0, 0.0, 1.0]]}, "finger5joint1": {"matrix": [[0.48254573345184326, -0.32363906502723694, 0.8138840198516846, -1.5509659051895142], [-0.8735408186912537, -0.11009779572486877, 0.4741355776786804, -0.2294018268585205], [-0.06384209543466568, -0.9397531747817993, -0.33583906292915344, 1.001704216003418], [0.0, 0.0, 0.0, 1.0]]}, "finger5joint2": {"matrix": [[0.806590735912323, -0.30075645446777344, -0.5088778138160706, -1.8928169012069702], [0.5033254027366638, -0.10197362303733826, 0.8580584526062012, -0.34569504857063293], [-0.30995872616767883, -0.9482332468032837, 0.06912741810083389, 0.00906902551651001], [0.0, 0.0, 0.0, 1.0]]}, "finger5joint3": {"matrix": [[0.8017781376838684, -0.2801894247531891, -0.5278686285018921, -2.0995373725891113], [0.4436010718345642, -0.31285351514816284, 0.8398452997207642, -0.4157851040363312], [-0.4004613161087036, -0.9075329303741455, -0.1265467405319214, -0.6426848769187927], [0.0, 0.0, 0.0, 1.0]]}, "Bone": {"matrix": [[0.09823291003704071, 0.03609519824385643, 0.9945085644721985, -1.2623330354690552], [-0.6097121834754944, -0.7876313924789429, 0.08881114423274994, 0.1907259225845337], [0.7865118384361267, -0.6150884628295898, -0.055363576859235764, 0.041756629943847656], [0.0, 0.0, 0.0, 1.0]]}, "finger1joint1": {"matrix": [[0.5551085472106934, -0.5937106013298035, 0.5825479030609131, -1.232295036315918], [-0.8278478384017944, -0.46235671639442444, 0.3176378905773163, -0.4647311866283417], [0.08075979351997375, -0.6585848331451416, -0.748160183429718, -0.47011232376098633], [0.0, 0.0, 0.0, 1.0]]}, "finger1joint2": {"matrix": [[0.36315208673477173, -0.7760081887245178, 0.5156857371330261, -1.567847490310669], [-0.8758326768875122, -0.4731317162513733, -0.09520073980093002, -0.7260452508926392], [0.31786370277404785, -0.4170823097229004, -0.8514721393585205, -0.8423303365707397], [0.0, 0.0, 0.0, 1.0]]}, "finger1joint3": {"matrix": [[0.4417337477207184, -0.8963069915771484, 0.03879477083683014, -1.9005093574523926], [-0.8630205988883972, -0.4363466203212738, -0.2545521855354309, -0.9288690090179443], [0.245084747672081, 0.07896345853805542, -0.9662805199623108, -1.021126627922058], [0.0, 0.0, 0.0, 1.0]]}, "Bone.001": {"matrix": [[0.22119344770908356, 0.3325517177581787, 0.9167783856391907, -1.2623330354690552], [-0.8252260088920593, -0.43712297081947327, 0.3576660752296448, 0.1907259225845337], [0.519687294960022, -0.8356630206108093, 0.17774176597595215, 0.041756659746170044], [0.0, 0.0, 0.0, 1.0]]}, "finger2joint1": {"matrix": [[0.21605466306209564, -0.49264639616012573, 0.8429826498031616, -1.0515339374542236], [-0.9023513197898865, 0.22902531921863556, 0.36511507630348206, -0.0863591805100441], [-0.37293723225593567, -0.8395514488220215, -0.3950580954551697, -0.48795652389526367], [0.0, 0.0, 0.0, 1.0]]}, "finger2joint2": {"matrix": [[0.09178798645734787, -0.9759232401847839, 0.19786004722118378, -1.4777463674545288], [-0.9078069925308228, -0.00035420319181866944, 0.4193876385688782, 0.11178184300661087], [-0.4092203378677368, -0.218113511800766, -0.8859824538230896, -1.2142935991287231], [0.0, 0.0, 0.0, 1.0]]}, "finger2joint3": {"matrix": [[-0.03880259394645691, -0.7340444922447205, -0.6779917478561401, -1.8482228517532349], [-0.9356745481491089, -0.21145538985729218, 0.2824876606464386, 0.11164738237857819], [-0.3507238030433655, 0.6453409194946289, -0.6786218285560608, -1.2970929145812988], [0.0, 0.0, 0.0, 1.0]]}, "Bone.002": {"matrix": [[0.37596768140792847, 0.19039714336395264, 0.9068611860275269, -1.2623330354690552], [-0.9018099904060364, 0.3001857399940491, 0.3108489215373993, 0.1907259225845337], [-0.213042214512825, -0.9346855282783508, 0.28456228971481323, 0.041756659746170044], [0.0, 0.0, 0.0, 1.0]]}, "finger3joint1": {"matrix": [[0.2372381091117859, -0.767444908618927, 0.5956058502197266, -1.1820788383483887], [-0.8870609998703003, 0.07880957424640656, 0.45487555861473083, 0.31725722551345825], [-0.39603158831596375, -0.6362525224685669, -0.6620736122131348, -0.3522226810455322], [0.0, 0.0, 0.0, 1.0]]}, "finger3joint2": {"matrix": [[0.08961714059114456, -0.5910817980766296, -0.8016177415847778, -1.8552674055099487], [-0.8804094195365906, -0.42332473397254944, 0.21371769905090332, 0.38638752698898315], [-0.4656694233417511, 0.6865989565849304, -0.5583311319351196, -0.9103316068649292], [0.0, 0.0, 0.0, 1.0]]}, "finger3joint3": {"matrix": [[0.19370630383491516, 0.13364127278327942, -0.9719144701957703, -2.2377448081970215], [-0.9237141013145447, -0.308895468711853, -0.22657376527786255, 0.11246243119239807], [-0.3304997384548187, 0.9416599273681641, 0.06361132115125656, -0.4660469889640808], [0.0, 0.0, 0.0, 1.0]]}, "Bone.003": {"matrix": [[0.8370891809463501, 0.2581009864807129, 0.48235419392585754, -1.2623329162597656], [-0.2802993655204773, 0.9595328569412231, -0.026994401589035988, 0.1907259225845337], [-0.46980196237564087, -0.11260664463043213, 0.8755602240562439, 0.04175664111971855], [0.0, 0.0, 0.0, 1.0]]}, "finger4joint1": {"matrix": [[0.18162988126277924, -0.26793500781059265, 0.9461613297462463, -1.1517059803009033], [-0.7686190605163574, 0.5614743232727051, 0.30654680728912354, 0.60200035572052], [-0.6133800745010376, -0.7829156517982483, -0.10395928472280502, -0.0065087080001831055], [0.0, 0.0, 0.0, 1.0]]}, "finger4joint2": {"matrix": [[0.1936768740415573, -0.895189106464386, 0.401404470205307, -1.4178615808486938], [-0.7494834661483765, 0.12900832295417786, 0.6493310928344727, 1.1597458124160767], [-0.6330587863922119, -0.42660653591156006, -0.6459434032440186, -0.7842250466346741], [0.0, 0.0, 0.0, 1.0]]}, "finger4joint3": {"matrix": [[0.2615272104740143, -0.9603686928749084, -0.09641213715076447, -1.7912118434906006], [-0.7670317888259888, -0.26742756366729736, 0.5832188129425049, 1.2135504484176636], [-0.5858885049819946, -0.07857655733823776, -0.8065729141235352, -0.9621468186378479], [0.0, 0.0, 0.0, 1.0]]}}