{"root": {"matrix": [[0.18226268887519836, -0.6068890690803528, -0.7736058235168457, 0.0], [-0.7217442989349365, 0.4517330229282379, -0.5244258642196655, 0.0], [0.6677315831184387, 0.6539288759231567, -0.35568469762802124, 0.0], [0.0, 0.0, 0.0, 1.0]]}, "carpals": {"matrix": [[0.8943294286727905, -0.4322364032268524, 0.11552650481462479, -0.09487694501876831], [0.08438807725906372, 0.4165414869785309, 0.9051914215087891, -1.1310828924179077], [-0.4393782317638397, -0.7997903823852539, 0.4090011417865753, 2.190122127532959], [0.0, 0.0, 0.0, 1.0]]}, "metacarpals": {"matrix": [[0.2800494134426117, -0.5934218764305115, 0.754601001739502, -0.5158725380897522], [-0.6040048599243164, 0.5020471215248108, 0.6189720630645752, -0.7253740429878235], [-0.7461570501327515, -0.6291254758834839, -0.21783161163330078, 1.4111311435699463], [0.0, 0.0, 0.0, 1.0]]}, "finger5joint1": {"matrix": [[0.4234575033187866, -0.860701322555542, 0.28262490034103394, -1.2140777111053467], [-0.4848216772079468, 0.04822803661227226, 0.8732820749282837, -0.5875140428543091], [-0.765265703201294, -0.506820559501648, -0.39686402678489685, 1.2726421356201172], [0.0, 0.0, 0.0, 1.0]]}, "finger5joint2": {"matrix": [[0.2728785276412964, -0.2046094685792923, -0.9400382041931152, -2.1232125759124756], [0.8278867602348328, -0.4477761685848236, 0.33778610825538635, -0.5365720987319946], [-0.49004095792770386, -0.870419979095459, 0.04720516875386238, 0.7373017072677612], [0.0, 0.0, 0.0, 1.0]]}, "finger5joint3": {"matrix": [[0.30392277240753174, 0.1108761578798294, -0.9462224841117859, -2.263847827911377], [0.7626112103462219, -0.6236043572425842, 0.17187519371509552, -0.8443443775177002], [-0.5710116028785706, -0.7738370299339294, -0.27408286929130554, 0.13903149962425232], [0.0, 0.0, 0.0, 1.0]]}, "Bone": {"matrix": [[0.5635873079299927, 0.053421471267938614, 0.8243271708488464, -1.4423688650131226], [-0.6398454308509827, -0.602922260761261, 0.47653135657310486, 0.05846092104911804], [0.5224621891975403, -0.796009361743927, -0.3056177794933319, 0.42889153957366943], [0.0, 0.0, 0.0, 1.0]]}, "finger1joint1": {"matrix": [[0.7685812711715698, -0.5041316151618958, 0.39387059211730957, -1.3979122638702393], [-0.5959063172340393, -0.3401445746421814, 0.727459192276001, -0.4432835578918457], [-0.232762411236763, -0.7938217520713806, -0.5618438720703125, -0.23353758454322815], [0.0, 0.0, 0.0, 1.0]]}, "finger1joint2": {"matrix": [[0.6220981478691101, -0.6510745286941528, 0.4348515272140503, -1.6828364133834839], [-0.7821685075759888, -0.4921770691871643, 0.3820652365684509, -0.6355258822441101], [-0.03472913056612015, -0.5778094530105591, -0.8154323697090149, -0.6821884512901306], [0.0, 0.0, 0.0, 1.0]]}, "finger1joint3": {"matrix": [[0.6864035129547119, -0.7244858741760254, 0.06301161646842957, -1.9619414806365967], [-0.7208684682846069, -0.666421115398407, 0.1903451532125473, -0.846514105796814], [-0.09591025859117508, -0.17607684433460236, -0.979692816734314, -0.9298858642578125], [0.0, 0.0, 0.0, 1.0]]}, "Bone.001": {"matrix": [[0.6414515972137451, 0.12345017492771149, 0.7571656107902527, -1.442368984222412], [-0.7451520562171936, -0.13446515798568726, 0.6531975269317627, 0.05846089869737625], [0.18244969844818115, -0.983198344707489, 0.005736401304602623, 0.4288915991783142], [0.0, 0.0, 0.0, 1.0]]}, "finger2joint1": {"matrix": [[0.33512774109840393, -0.12466629594564438, 0.9338883757591248, -1.364115834236145], [-0.675365686416626, 0.6593437194824219, 0.33037325739860535, -0.026774346828460693], [-0.6569401025772095, -0.7414335012435913, 0.1367691606283188, -0.194341778755188], [0.0, 0.0, 0.0, 1.0]]}, "finger2joint2": {"matrix": [[0.23473773896694183, -0.6947393417358398, 0.6798788905143738, -1.471970796585083], [-0.6406017541885376, 0.41549280285835266, 0.6457512378692627, 0.5436561703681946], [-0.731113851070404, -0.5871137976646423, -0.3475193381309509, -0.8357921242713928], [0.0, 0.0, 0.0, 1.0]]}, "finger2joint3": {"matrix": [[0.09180940687656403, -0.9440460801124573, -0.31677719950675964, -1.7357053756713867], [-0.6438384056091309, -0.29895737767219543, 0.7043408751487732, 0.7013840079307556], [-0.7596334218978882, 0.13928815722465515, -0.6352602243423462, -1.058670163154602], [0.0, 0.0, 0.0, 1.0]]}, "Bone.002": {"matrix": [[0.5338558554649353, -0.26775696873664856, 0.8020623922348022, -1.442368984222412], [-0.6380435824394226, 0.4948946535587311, 0.5898976922035217, 0.05846087634563446], [-0.5548858046531677, -0.8266710638999939, 0.09336189180612564, 0.42889153957366943], [0.0, 0.0, 0.0, 1.0]]}, "finger3joint1": {"matrix": [[0.46418604254722595, -0.3132528066635132, 0.8284950256347656, -1.5552312135696411], [-0.7443548440933228, 0.36901095509529114, 0.5565667152404785, 0.2670639157295227], [-0.4800700843334198, -0.8750447034835815, -0.0618814155459404, 0.080441415309906], [0.0, 0.0, 0.0, 1.0]]}, "finger3joint2": {"matrix": [[0.37632042169570923, -0.6416162848472595, -0.6683647632598877, -1.830011010169983], [-0.6976649761199951, -0.6709213256835938, 0.2512527406215668, 0.5907535552978516], [-0.6096282005310059, 0.3717430830001831, -0.7001145482063293, -0.6871316432952881], [0.0, 0.0, 0.0, 1.0]]}, "finger3joint3": {"matrix": [[0.45105287432670593, 0.1563837081193924, -0.8786895871162415, -2.245187997817993], [-0.7623968124389648, -0.44434112310409546, -0.47043800354003906, 0.1566135734319687], [-0.4640069901943207, 0.8821024298667908, -0.08119482547044754, -0.4465840458869934], [0.0, 0.0, 0.0, 1.0]]}, "Bone.003": {"matrix": [[0.650425136089325, -0.11454496532678604, 0.7508838772773743, -1.4423688650131226], [0.14614935219287872, 0.9889647364616394, 0.024267010390758514, 0.058460891246795654], [-0.745377242565155, 0.09395750612020493, 0.659988284111023, 0.42889153957366943], [0.0, 0.0, 0.0, 1.0]]}, "finger4joint1": {"matrix": [[0.3975968360900879, -0.18656180799007416, 0.8983937501907349, -1.4914650917053223], [-0.7544759511947632, 0.4907468259334564, 0.43581315875053406, 0.4823504090309143], [-0.5221902132034302, -0.8510943651199341, 0.05436311289668083, 0.46916359663009644], [0.0, 0.0, 0.0, 1.0]]}, "finger4joint2": {"matrix": [[0.4104897081851959, -0.5325120091438293, 0.7402222752571106, -1.6767879724502563], [-0.7344717979431152, 0.28800880908966064, 0.6144928932189941, 0.9698381423950195], [-0.5404155850410461, -0.795915424823761, -0.2728902995586395, -0.37627869844436646], [0.0, 0.0, 0.0, 1.0]]}, "finger4joint3": {"matrix": [[0.44246208667755127, -0.6855485439300537, 0.5781438946723938, -1.898879051208496], [-0.7647811770439148, 0.048224881291389465, 0.6424822807312012, 1.0899559259414673], [-0.4683339297771454, -0.7264276742935181, -0.5029568672180176, -0.7082254886627197], [0.0, 0.0, 0.0, 1.0]]}}