{"root": {"matrix": [[0.37050655484199524, -0.7571144700050354, -0.5380544066429138, -5.960464477539063e-08], [-0.03962070867419243, 0.5658720135688782, -0.8235405683517456, 0.0], [0.9279844164848328, 0.3264453113079071, 0.179661825299263, 0.0], [0.0, 0.0, 0.0, 1.0]]}, "carpals": {"matrix": [[0.9110648036003113, -0.41139885783195496, -0.026677889749407768, 0.15730641782283783], [-0.13728436827659607, -0.36376816034317017, 0.9213172793388367, 0.5568711757659912], [-0.388733446598053, -0.8357173800468445, -0.3878948390483856, 2.3979439735412598], [0.0, 0.0, 0.0, 1.0]]}, "metacarpals": {"matrix": [[0.14806370437145233, -0.5314306020736694, 0.8340615034103394, -0.2433936595916748], [-0.9806728959083557, 0.03017052263021469, 0.1933138519525528, 0.20256318151950836], [-0.12789715826511383, -0.8465641736984253, -0.5166923999786377, 1.5839600563049316], [0.0, 0.0, 0.0, 1.0]]}, "finger5joint1": {"matrix": [[-0.11893267184495926, -0.6047177314758301, 0.787509560585022, -0.9157506823539734], [-0.8432354927062988, 0.4802693724632263, 0.24144361913204193, 0.3123319745063782], [-0.5242220759391785, -0.6353403925895691, -0.5670391321182251, 1.3358439207077026], [0.0, 0.0, 0.0, 1.0]]}, "finger5joint2": {"matrix": [[0.8377957344055176, -0.5458694100379944, -0.011157910339534283, -1.554497241973877], [0.23651690781116486, 0.3444331884384155, 0.9085291028022766, 0.8196272253990173], [-0.4920952022075653, -0.7638006806373596, 0.41767215728759766, 0.6647515296936035], [0.0, 0.0, 0.0, 1.0]]}, "finger5joint3": {"matrix": [[0.7825151085853577, -0.6162115931510925, -0.0891786515712738, -1.9296923875808716], [0.21726007759571075, 0.1360083967447281, 0.9665915966033936, 1.056368112564087], [-0.5834959745407104, -0.7757474780082703, 0.24030701816082, 0.13976451754570007], [0.0, 0.0, 0.0, 1.0]]}, "Bone": {"matrix": [[0.4754577577114105, -0.07736850529909134, 0.876329779624939, -1.0731043815612793], [-0.19752590358257294, -0.980080246925354, 0.0206405408680439, 0.24966776371002197], [0.8572764992713928, -0.18291175365447998, -0.4812690317630768, 0.26223844289779663], [0.0, 0.0, 0.0, 1.0]]}, "finger1joint1": {"matrix": [[0.4749824106693268, -0.6687242984771729, 0.5720134973526001, -1.1374894380569458], [-0.8643650412559509, -0.4765045642852783, 0.16067466139793396, -0.5659429430961609], [0.1651197373867035, -0.570746123790741, -0.8043530583381653, 0.11002153158187866], [0.0, 0.0, 0.0, 1.0]]}, "finger1joint2": {"matrix": [[0.2915542423725128, -0.8974365592002869, 0.33106452226638794, -1.5154379606246948], [-0.8625370264053345, -0.39628228545188904, -0.3146270215511322, -0.8352530002593994], [0.41355258226394653, -0.19382454454898834, -0.8896099925041199, -0.21255181729793549], [0.0, 0.0, 0.0, 1.0]]}, "finger1joint3": {"matrix": [[0.3563101589679718, -0.8975781798362732, -0.2596081495285034, -1.9001541137695312], [-0.8748435974121094, -0.22289294004440308, -0.43007832765579224, -1.0051326751708984], [0.32816392183303833, 0.3803577423095703, -0.8646594882011414, -0.2956411838531494], [0.0, 0.0, 0.0, 1.0]]}, "Bone.001": {"matrix": [[0.5210573077201843, 0.05876583606004715, 0.851496160030365, -1.0731043815612793], [-0.5135456323623657, -0.7752572298049927, 0.3677590489387512, 0.24966773390769958], [0.6817401051521301, -0.6289058923721313, -0.3737744688987732, 0.262238472700119], [0.0, 0.0, 0.0, 1.0]]}, "finger2joint1": {"matrix": [[0.5377475023269653, -0.5841374397277832, 0.6079563498497009, -1.035853624343872], [-0.8097696900367737, -0.5586053729057312, 0.17953485250473022, -0.24175512790679932], [0.2347344607114792, -0.5888491272926331, -0.7734054327011108, -0.13641470670700073], [0.0, 0.0, 0.0, 1.0]]}, "finger2joint2": {"matrix": [[0.42422622442245483, -0.7118657827377319, 0.5597133636474609, -1.5412195920944214], [-0.8700792193412781, -0.49173370003700256, 0.03405667841434479, -0.7250319719314575], [0.2509859800338745, -0.5014427304267883, -0.827985942363739, -0.6458569169044495], [0.0, 0.0, 0.0, 1.0]]}, "finger2joint3": {"matrix": [[0.2880571186542511, -0.8687113523483276, 0.40294355154037476, -1.811455488204956], [-0.9202771782875061, -0.36747539043426514, -0.13435541093349457, -0.9117022156715393], [0.2647877037525177, -0.3321177661418915, -0.9053092002868652, -0.8362128734588623], [0.0, 0.0, 0.0, 1.0]]}, "Bone.002": {"matrix": [[0.4009898602962494, -0.21973174810409546, 0.8893396854400635, -1.0731042623519897], [-0.9143732190132141, -0.15527720749378204, 0.37391233444213867, 0.24966773390769958], [0.055933594703674316, -0.9631233215332031, -0.2631813883781433, 0.26223844289779663], [0.0, 0.0, 0.0, 1.0]]}, "finger3joint1": {"matrix": [[0.20350401103496552, -0.5533580183982849, 0.807701051235199, -1.1657233238220215], [-0.9781076312065125, -0.0782562717795372, 0.1928251087665558, 0.18421682715415955], [-0.043493784964084625, -0.8292590379714966, -0.5571690201759338, -0.14372766017913818], [0.0, 0.0, 0.0, 1.0]]}, "finger3joint2": {"matrix": [[0.08195729553699493, -0.7844484448432922, -0.6147549152374268, -1.6511188745498657], [-0.9849111437797546, -0.15808619558811188, 0.07041805982589722, 0.11557187885046005], [-0.152423694729805, 0.5997076630592346, -0.7855681777000427, -0.8711383938789368], [0.0, 0.0, 0.0, 1.0]]}, "finger3joint3": {"matrix": [[0.14514777064323425, -0.10917055606842041, -0.9833686351776123, -2.158720016479492], [-0.9893396496772766, -0.004164949059486389, -0.1455666869878769, 0.013277418911457062], [0.011795793659985065, 0.9940142035484314, -0.1086111068725586, -0.48307937383651733], [0.0, 0.0, 0.0, 1.0]]}, "Bone.003": {"matrix": [[0.6334099173545837, 0.049257367849349976, 0.7722471356391907, -1.0731042623519897], [-0.4890085756778717, 0.7989221215248108, 0.3501342236995697, 0.24966779351234436], [-0.5997186303138733, -0.5994137525558472, 0.5301324129104614, 0.26223844289779663], [0.0, 0.0, 0.0, 1.0]]}, "finger4joint1": {"matrix": [[-0.03678659722208977, -0.36358943581581116, 0.9308326244354248, -1.051991581916809], [-0.893216609954834, 0.4296520948410034, 0.13252496719360352, 0.5921012163162231], [-0.4481189250946045, -0.826559841632843, -0.34056952595710754, 0.005318045616149902], [0.0, 0.0, 0.0, 1.0]]}, "finger4joint2": {"matrix": [[-0.027130164206027985, -0.8700617551803589, 0.4921954274177551, -1.4131664037704468], [-0.8804072141647339, 0.25399455428123474, 0.4004616439342499, 1.0189001560211182], [-0.47344136238098145, -0.4224676787853241, -0.7728995084762573, -0.8157526254653931], [0.0, 0.0, 0.0, 1.0]]}, "finger4joint3": {"matrix": [[0.03809122368693352, -0.9991586208343506, -0.015197142958641052, -1.7760368585586548], [-0.9042373299598694, -0.04093772917985916, 0.4250629246234894, 1.1248316764831543], [-0.42532745003700256, -0.002449251711368561, -0.9050357937812805, -0.9919481873512268], [0.0, 0.0, 0.0, 1.0]]}}