{"root": {"matrix": [[0.33018237352371216, -0.9034304618835449, 0.27348318696022034, 5.960464477539063e-08], [0.39715126156806946, -0.12987370789051056, -0.9085173010826111, -1.4901161193847656e-08], [0.8563004732131958, 0.40859055519104004, 0.3159164488315582, 2.9802322387695312e-08], [0.0, 0.0, 0.0, 1.0]]}, "carpals": {"matrix": [[-0.3577525019645691, -0.34813183546066284, -0.8664970397949219, -0.16834032535552979], [0.9182010293006897, -0.3001245856285095, -0.2585188150405884, 0.8731659650802612], [-0.17005829513072968, -0.8881042003631592, 0.42702537775039673, 2.3009190559387207], [0.0, 0.0, 0.0, 1.0]]}, "metacarpals": {"matrix": [[-0.4163520932197571, -0.6936713457107544, -0.5877676010131836, -0.5074186325073242], [0.9075640439987183, -0.3558841943740845, -0.2228763848543167, 0.5808464288711548], [-0.05457410588860512, -0.6262317299842834, 0.7777242660522461, 1.4359108209609985], [0.0, 0.0, 0.0, 1.0]]}, "finger5joint1": {"matrix": [[-0.5913367867469788, -0.6228286623954773, -0.5122547745704651, -0.5884316563606262], [0.7766080498695374, -0.6109554767608643, -0.15366634726524353, 0.3101919889450073], [-0.21725685894489288, -0.48868972063064575, 0.8449742197990417, 0.7681849598884583], [0.0, 0.0, 0.0, 1.0]]}, "finger5joint2": {"matrix": [[-0.33688297867774963, -0.8943151235580444, 0.2944648861885071, -1.2463083267211914], [-0.10504411906003952, -0.27509433031082153, -0.9556613564491272, -0.33514338731765747], [0.9356682300567627, -0.352877676486969, -0.0012680948711931705, 0.2519955635070801], [0.0, 0.0, 0.0, 1.0]]}, "finger5joint3": {"matrix": [[-0.43459922075271606, -0.8984519243240356, 0.06250599026679993, -1.8610024452209473], [-0.07749374955892563, -0.031840790063142776, -0.996484100818634, -0.5242252945899963], [0.8972834348678589, -0.4379149079322815, -0.05578652769327164, 0.009450361132621765], [0.0, 0.0, 0.0, 1.0]]}, "Bone": {"matrix": [[0.668228268623352, -0.4268248677253723, -0.6093366742134094, -1.5904321670532227], [0.5093569159507751, 0.8594580888748169, -0.04344286397099495, 0.025212347507476807], [0.5422418117523193, -0.28134000301361084, 0.7917203903198242, 0.4581892490386963], [0.0, 0.0, 0.0, 1.0]]}, "finger1joint1": {"matrix": [[-0.15996043384075165, -0.4482228457927704, -0.8794934153556824, -1.945630669593811], [0.9163721203804016, 0.26380518078804016, -0.3011127710342407, 0.7404428124427795], [0.3669806122779846, -0.8541092872619629, 0.36854061484336853, 0.22406157851219177], [0.0, 0.0, 0.0, 1.0]]}, "finger1joint2": {"matrix": [[0.1244000568985939, -0.16121837496757507, -0.9790470004081726, -2.1989564895629883], [0.9590756893157959, 0.2724809944629669, 0.0769934132695198, 0.8895397782325745], [0.2543589770793915, -0.9485580325126648, 0.18851739168167114, -0.25866246223449707], [0.0, 0.0, 0.0, 1.0]]}, "finger1joint3": {"matrix": [[0.030439892783761024, 0.2813641428947449, -0.9591180086135864, -2.2680678367614746], [0.9512966871261597, 0.28634700179100037, 0.11419365555047989, 1.006347894668579], [0.3067706227302551, -0.9158816933631897, -0.25894424319267273, -0.6652936935424805], [0.0, 0.0, 0.0, 1.0]]}, "Bone.001": {"matrix": [[0.40762269496917725, -0.8167996406555176, -0.4082668423652649, -1.5904321670532227], [0.7611813545227051, 0.550910472869873, -0.34219932556152344, 0.025212377309799194], [0.5044267773628235, -0.1712767779827118, 0.8462963104248047, 0.4581892490386963], [0.0, 0.0, 0.0, 1.0]]}, "finger2joint1": {"matrix": [[-0.18363505601882935, -0.5828262567520142, -0.7915753126144409, -2.1081881523132324], [0.9478129148483276, 0.1085270345211029, -0.29978713393211365, 0.3744255304336548], [0.2606312334537506, -0.805316686630249, 0.5324809551239014, 0.34961971640586853], [0.0, 0.0, 0.0, 1.0]]}, "finger2joint2": {"matrix": [[-0.16164791584014893, 0.13032592833042145, -0.9782049059867859, -2.612419605255127], [0.9773752689361572, 0.15815924108028412, -0.14043927192687988, 0.46831759810447693], [0.13640938699245453, -0.978774905204773, -0.15294331312179565, -0.3470991849899292], [0.0, 0.0, 0.0, 1.0]]}, "finger2joint3": {"matrix": [[-0.05757670849561691, 0.8105482459068298, -0.5828345417976379, -2.56294584274292], [0.9976785182952881, 0.06797917932271957, -0.004019319545477629, 0.5283574461936951], [0.036362867802381516, -0.581713080406189, -0.8125805258750916, -0.7186582088470459], [0.0, 0.0, 0.0, 1.0]]}, "Bone.002": {"matrix": [[-0.2709794044494629, -0.9116079807281494, -0.3090968132019043, -1.5904321670532227], [0.9350091218948364, -0.17296646535396576, -0.30958130955696106, 0.02521241083741188], [0.22875352203845978, -0.3728983402252197, 0.8992320895195007, 0.4581892192363739], [0.0, 0.0, 0.0, 1.0]]}, "finger3joint1": {"matrix": [[-0.11622895300388336, -0.9798558354377747, -0.16239790618419647, -1.9746840000152588], [0.9838763475418091, -0.09120785444974899, -0.1538461446762085, -0.04769469052553177], [0.1359352171421051, -0.17766065895557404, 0.9746578931808472, 0.30100885033607483], [0.0, 0.0, 0.0, 1.0]]}, "finger3joint2": {"matrix": [[-0.26331543922424316, 0.5902273058891296, -0.7630835771560669, -2.834195375442505], [0.9622947573661804, 0.21663331985473633, -0.16449591517448425, -0.127700537443161], [0.06821949779987335, -0.7776256203651428, -0.6250153183937073, 0.14516818523406982], [0.0, 0.0, 0.0, 1.0]]}, "finger3joint3": {"matrix": [[-0.10162965953350067, 0.7925962209701538, 0.60121750831604, -2.4522712230682373], [0.9857988953590393, -0.0009774669306352735, 0.1679277867078781, 0.012478613294661045], [0.13368670642375946, 0.6097456216812134, -0.7812411785125732, -0.35801804065704346], [0.0, 0.0, 0.0, 1.0]]}, "Bone.003": {"matrix": [[-0.8161794543266296, -0.35627493262290955, 0.45488354563713074, -1.5904321670532227], [0.36858075857162476, -0.9273226261138916, -0.06496988236904144, 0.025212407112121582], [0.4449710249900818, 0.1146342009305954, 0.8881776332855225, 0.4581892490386963], [0.0, 0.0, 0.0, 1.0]]}, "finger4joint1": {"matrix": [[-0.5479820370674133, -0.4513233006000519, -0.7042886018753052, -1.7431385517120361], [0.8061951398849487, -0.5094913244247437, -0.300778865814209, -0.3722561001777649], [-0.22308026254177094, -0.7326155304908752, 0.6430468559265137, 0.5073237419128418], [0.0, 0.0, 0.0, 1.0]]}, "finger4joint2": {"matrix": [[-0.5716814994812012, -0.12800151109695435, -0.8104291558265686, -2.191464424133301], [0.7883456349372864, -0.35940560698509216, -0.49933815002441406, -0.878363847732544], [-0.22735653817653656, -0.9243607521057129, 0.30637508630752563, -0.2204265296459198], [0.0, 0.0, 0.0, 1.0]]}, "finger4joint3": {"matrix": [[-0.5471457839012146, 0.06077297031879425, -0.8348278999328613, -2.24484920501709], [0.8227131366729736, -0.14467619359493256, -0.5497378706932068, -1.0282585620880127], [-0.15418872237205505, -0.9876107573509216, 0.029160363599658012, -0.6059430837631226], [0.0, 0.0, 0.0, 1.0]]}}