{"root": {"matrix": [[0.3467150032520294, -0.7208803296089172, -0.6001002192497253, 0.0], [-0.22186456620693207, 0.5586006045341492, -0.7992130517959595, 0.0], [0.9113532900810242, 0.41024017333984375, 0.03373735025525093, 0.0], [0.0, 0.0, 0.0, 1.0]]}, "carpals": {"matrix": [[0.9360268712043762, -0.34036287665367126, 0.08948015421628952, 0.14594462513923645], [-0.1594780534505844, -0.18357332050800323, 0.9699831604957581, 0.134879007935524], [-0.31372010707855225, -0.9222005009651184, -0.22610975801944733, 2.458758592605591], [0.0, 0.0, 0.0, 1.0]]}, "metacarpals": {"matrix": [[0.02439458668231964, -0.49507996439933777, 0.8685048222541809, -0.18556678295135498], [-0.9811931848526001, 0.1545431911945343, 0.11565516144037247, -0.04392029345035553], [-0.19148026406764984, -0.8549923300743103, -0.4819990396499634, 1.5605406761169434], [0.0, 0.0, 0.0, 1.0]]}, "finger5joint1": {"matrix": [[-0.12758328020572662, -0.6478802561759949, 0.7509816884994507, -0.8296488523483276], [-0.8565683364868164, 0.4536883533000946, 0.24588075280189514, 0.1688617467880249], [-0.5000131130218506, -0.6118967533111572, -0.6128367185592651, 1.304499864578247], [0.0, 0.0, 0.0, 1.0]]}, "finger5joint2": {"matrix": [[0.7637394070625305, -0.6240418553352356, -0.16514676809310913, -1.5139868259429932], [0.24148528277873993, 0.038942549377679825, 0.9696225523948669, 0.6480801105499268], [-0.5986539125442505, -0.7804193496704102, 0.18043912947177887, 0.6581701636314392], [0.0, 0.0, 0.0, 1.0]]}, "finger5joint3": {"matrix": [[0.7100749611854553, -0.6166821122169495, -0.3398474454879761, -1.9429128170013428], [0.1903165578842163, -0.29659712314605713, 0.9358468055725098, 0.6748467087745667], [-0.6779178380966187, -0.7292000651359558, -0.0932411402463913, 0.12176059186458588], [0.0, 0.0, 0.0, 1.0]]}, "Bone": {"matrix": [[0.4176599383354187, -0.1971527338027954, 0.886955976486206, -0.9585239887237549], [-0.31346750259399414, -0.9475064873695374, -0.06300270557403564, 0.19736456871032715], [0.8528175950050354, -0.2517184019088745, -0.4575364589691162, 0.22566033899784088], [0.0, 0.0, 0.0, 1.0]]}, "finger1joint1": {"matrix": [[0.11137404292821884, -0.7037379145622253, 0.7016755938529968, -1.1225920915603638], [-0.9892637133598328, -0.011284141801297665, 0.1457044631242752, -0.5911386013031006], [-0.0946202203631401, -0.7103698253631592, -0.6974390745162964, 0.016183316707611084], [0.0, 0.0, 0.0, 1.0]]}, "finger1joint2": {"matrix": [[-0.09349215030670166, -0.9951936602592468, 0.029133722186088562, -1.5203295946121216], [-0.9862267374992371, 0.0885603055357933, -0.1396915316581726, -0.5975162386894226], [0.13643980026245117, -0.04179246723651886, -0.9897662401199341, -0.38530227541923523], [0.0, 0.0, 0.0, 1.0]]}, "finger1joint3": {"matrix": [[-0.05348706245422363, -0.7291306853294373, -0.6822810769081116, -1.9469527006149292], [-0.9978849291801453, 0.06430590897798538, 0.00950698647648096, -0.5595518350601196], [0.03694263845682144, 0.6813464760780334, -0.7310279607772827, -0.40321803092956543], [0.0, 0.0, 0.0, 1.0]]}, "Bone.001": {"matrix": [[0.42782559990882874, -0.02119336649775505, 0.9036127328872681, -0.9585240483283997], [-0.6206341981887817, -0.7336783409118652, 0.27663856744766235, 0.19736450910568237], [0.6570980548858643, -0.6791661977767944, -0.3270396590232849, 0.22566033899784088], [0.0, 0.0, 0.0, 1.0]]}, "finger2joint1": {"matrix": [[0.5149171948432922, -0.6276099681854248, 0.583922803401947, -0.9719580411911011], [-0.8241205811500549, -0.5499293804168701, 0.1356562227010727, -0.2677021622657776], [0.2359769195318222, -0.5510746836662292, -0.8003944158554077, -0.2048519253730774], [0.0, 0.0, 0.0, 1.0]]}, "finger2joint2": {"matrix": [[0.39987730979919434, -0.7491820454597473, 0.5280381441116333, -1.5149343013763428], [-0.8794701099395752, -0.47586590051651, -0.009147243574261665, -0.7434729337692261], [0.2581281363964081, -0.46073609590530396, -0.8491711616516113, -0.6816136837005615], [0.0, 0.0, 0.0, 1.0]]}, "finger2joint3": {"matrix": [[0.26251712441444397, -0.894440233707428, 0.36202380061149597, -1.7993361949920654], [-0.9238879084587097, -0.34124457836151123, -0.17315569519996643, -0.9241194725036621], [0.27841588854789734, -0.28901317715644836, -0.9159451723098755, -0.8565167188644409], [0.0, 0.0, 0.0, 1.0]]}, "Bone.002": {"matrix": [[0.2776033878326416, -0.20626693964004517, 0.9382911324501038, -0.9585240483283997], [-0.9606924653053284, -0.06213861703872681, 0.2705709934234619, 0.19736453890800476], [0.0024940615985542536, -0.9765205383300781, -0.21540896594524384, 0.22566036880016327], [0.0, 0.0, 0.0, 1.0]]}, "finger3joint1": {"matrix": [[0.18928776681423187, -0.6288069486618042, 0.7541697025299072, -1.0454676151275635], [-0.9811139702796936, -0.15226370096206665, 0.11929459869861603, 0.17117246985435486], [0.039819203317165375, -0.7625072598457336, -0.6457527875900269, -0.18595290184020996], [0.0, 0.0, 0.0, 1.0]]}, "finger3joint2": {"matrix": [[0.05807720869779587, -0.8055776953697205, -0.5896368026733398, -1.597045660018921], [-0.9967271685600281, -0.08005834370851517, 0.01120369415730238, 0.03760956600308418], [-0.056230973452329636, 0.5870563387870789, -0.807590663433075, -0.8548101782798767], [0.0, 0.0, 0.0, 1.0]]}, "finger3joint3": {"matrix": [[0.11636531352996826, -0.23327352106571198, -0.9654234647750854, -2.118319034576416], [-0.9871436357498169, 0.08007398247718811, -0.13833139836788177, -0.014194615185260773], [0.10957416146993637, 0.9691085815429688, -0.220956489443779, -0.4749376177787781], [0.0, 0.0, 0.0, 1.0]]}, "Bone.003": {"matrix": [[0.5843157172203064, 0.17153963446617126, 0.7931893467903137, -0.9585239887237549], [-0.5276533365249634, 0.8229040503501892, 0.21073855459690094, 0.19736450910568237], [-0.6165687441825867, -0.5416666865348816, 0.5713492035865784, 0.22566033899784088], [0.0, 0.0, 0.0, 1.0]]}, "finger4joint1": {"matrix": [[-0.11594101786613464, -0.5483060479164124, 0.8282017111778259, -0.8849987983703613], [-0.9134777784347534, 0.3862787187099457, 0.1278546005487442, 0.5500771999359131], [-0.3900202512741089, -0.7417200803756714, -0.5456508994102478, -0.006508529186248779], [0.0, 0.0, 0.0, 1.0]]}, "finger4joint2": {"matrix": [[-0.11246512085199356, -0.8532822132110596, 0.5091766715049744, -1.4296636581420898], [-0.9017437100410461, 0.3028887212276459, 0.30840933322906494, 0.9337906241416931], [-0.41738414764404297, -0.4244614839553833, -0.8035062551498413, -0.7433028817176819], [0.0, 0.0, 0.0, 1.0]]}, "finger4joint3": {"matrix": [[-0.04858245328068733, -0.9748015403747559, 0.21771882474422455, -1.7855359315872192], [-0.928215503692627, 0.12455972284078598, 0.35057157278060913, 1.0601142644882202], [-0.368856817483902, -0.18505826592445374, -0.9108772873878479, -0.9203300476074219], [0.0, 0.0, 0.0, 1.0]]}}