{"root": {"matrix": [[0.25688642263412476, -0.8339053988456726, -0.4884783923625946, 0.0], [0.40668821334838867, 0.5517851114273071, -0.7281056642532349, 0.0], [0.8767064213752747, -0.011617893353104591, 0.4808855354785919, 0.0], [0.0, 0.0, 0.0, 1.0]]}, "carpals": {"matrix": [[0.8749383687973022, -0.4701208770275116, -0.11605618894100189, -0.18038037419319153], [-0.1630914807319641, -0.5117601752281189, 0.8435060977935791, 1.5416693687438965], [-0.4559427499771118, -0.719088077545166, -0.5244312286376953, 1.9172124862670898], [0.0, 0.0, 0.0, 1.0]]}, "metacarpals": {"matrix": [[0.429992139339447, -0.4062451124191284, 0.8062701225280762, -0.6382753252983093], [-0.9025189876556396, -0.16988001763820648, 0.39572739601135254, 1.0432178974151611], [-0.023793213069438934, -0.8978337049484253, -0.4396909177303314, 1.216825246810913], [0.0, 0.0, 0.0, 1.0]]}, "finger5joint1": {"matrix": [[0.4473423957824707, -0.43963631987571716, 0.7788482308387756, -1.2772291898727417], [-0.8915743231773376, -0.15049950778484344, 0.42713576555252075, 0.9418443441390991], [-0.07056818157434464, -0.8854769468307495, -0.4592932164669037, 0.8895085453987122], [0.0, 0.0, 0.0, 1.0]]}, "finger5joint2": {"matrix": [[0.777708113193512, -0.4161553978919983, -0.47115227580070496, -1.7416048049926758], [0.4610034227371216, -0.13197864592075348, 0.877528965473175, 0.7828758955001831], [-0.42737051844596863, -0.899664044380188, 0.08920814841985703, -0.04579627513885498], [0.0, 0.0, 0.0, 1.0]]}, "finger5joint3": {"matrix": [[0.7602155804634094, -0.3970666527748108, -0.5142080783843994, -2.0276429653167725], [0.39765533804893494, -0.3415083885192871, 0.851611316204071, 0.6921623349189758], [-0.513752818107605, -0.8518857359886169, -0.10172434151172638, -0.6641669273376465], [0.0, 0.0, 0.0, 1.0]]}, "Bone": {"matrix": [[0.39812660217285156, 0.22223174571990967, 0.890004575252533, -1.2725367546081543], [-0.005648303311318159, -0.9695992469787598, 0.2446330040693283, 0.7779881358146667], [0.9173128604888916, -0.10242202132940292, -0.38476797938346863, -0.18494242429733276], [0.0, 0.0, 0.0, 1.0]]}, "finger1joint1": {"matrix": [[0.5106931924819946, -0.7911580204963684, 0.3365432024002075, -1.087598204612732], [-0.8531354069709778, -0.514829158782959, 0.08432572335004807, -0.0289003849029541], [0.10654714703559875, -0.33018144965171814, -0.937884509563446, -0.2701767683029175], [0.0, 0.0, 0.0, 1.0]]}, "finger1joint2": {"matrix": [[0.3997015655040741, -0.9162116050720215, -0.028193365782499313, -1.5347435474395752], [-0.8278313279151917, -0.34759625792503357, -0.440309077501297, -0.3198707103729248], [0.3936162292957306, 0.19933156669139862, -0.8974032998085022, -0.45678818225860596], [0.0, 0.0, 0.0, 1.0]]}, "finger1joint3": {"matrix": [[0.4281339645385742, -0.7832441926002502, -0.45081016421318054, -1.9275084733963013], [-0.8548542261123657, -0.18919390439987183, -0.48314592242240906, -0.4688795208930969], [0.2931305766105652, 0.5922280550003052, -0.7505597472190857, -0.37133803963661194], [0.0, 0.0, 0.0, 1.0]]}, "Bone.001": {"matrix": [[0.5518280267715454, 0.3518230617046356, 0.7561125755310059, -1.2725367546081543], [-0.3044465482234955, -0.75909423828125, 0.5754024982452393, 0.777988076210022], [0.7764004468917847, -0.5477191209793091, -0.31177809834480286, -0.18494242429733276], [0.0, 0.0, 0.0, 1.0]]}, "finger2joint1": {"matrix": [[0.6028342843055725, -0.49189162254333496, 0.6281984448432922, -1.0495216846466064], [-0.7623503804206848, -0.5874042510986328, 0.27162081003189087, 0.29681068658828735], [0.2353983372449875, -0.6426496505737305, -0.7291011810302734, -0.5321325659751892], [0.0, 0.0, 0.0, 1.0]]}, "finger2joint2": {"matrix": [[0.49523794651031494, -0.8159843683242798, 0.2981756925582886, -1.4750813245773315], [-0.834172248840332, -0.5425146222114563, -0.09916877746582031, -0.21138149499893188], [0.2426847368478775, -0.1996176838874817, -0.9493452310562134, -1.0881203413009644], [0.0, 0.0, 0.0, 1.0]]}, "finger2joint3": {"matrix": [[0.369741290807724, -0.8969565629959106, -0.24240483343601227, -1.7848423719406128], [-0.8786720633506775, -0.25274115800857544, -0.4050394892692566, -0.41732895374298096], [0.3020370304584503, 0.362754225730896, -0.8815795183181763, -1.1638984680175781], [0.0, 0.0, 0.0, 1.0]]}, "Bone.002": {"matrix": [[0.6288800239562988, -0.043046291917562485, 0.7763098478317261, -1.2725366353988647], [-0.7565209269523621, -0.26426881551742554, 0.5981956124305725, 0.777988076210022], [0.17940428853034973, -0.9634877443313599, -0.1987587809562683, -0.184942364692688], [0.0, 0.0, 0.0, 1.0]]}, "finger3joint1": {"matrix": [[0.6846742630004883, -0.46740037202835083, 0.5592477917671204, -1.2906811237335205], [-0.631077766418457, -0.7640500068664551, 0.1340467780828476, 0.6665961742401123], [0.36463966965675354, -0.44470709562301636, -0.818091094493866, -0.5910621285438538], [0.0, 0.0, 0.0, 1.0]]}, "finger3joint2": {"matrix": [[0.5799373984336853, -0.565301775932312, -0.5866059064865112, -1.7006759643554688], [-0.7486708760261536, -0.08593178540468216, -0.6573489308357239, -0.0036143921315670013], [0.32119229435920715, 0.8203958868980408, -0.4730599820613861, -0.9811510443687439], [0.0, 0.0, 0.0, 1.0]]}, "finger3joint3": {"matrix": [[0.6415531039237976, -0.39266690611839294, -0.658955454826355, -2.066471815109253], [-0.6307945847511292, 0.21873874962329865, -0.7444806694984436, -0.05921915918588638], [0.4364718794822693, 0.8932893872261047, -0.1073596179485321, -0.4502890110015869], [0.0, 0.0, 0.0, 1.0]]}, "Bone.003": {"matrix": [[0.815579891204834, -0.09873493015766144, 0.5701586008071899, -1.2725367546081543], [-0.3189566135406494, 0.7454192638397217, 0.5853347182273865, 0.7779881954193115], [-0.48280012607574463, -0.6592429876327515, 0.5764567852020264, -0.18494239449501038], [0.0, 0.0, 0.0, 1.0]]}, "finger4joint1": {"matrix": [[0.2312876582145691, -0.3852238953113556, 0.8933691382408142, -1.3148562908172607], [-0.8701499104499817, 0.328799307346344, 0.3670557737350464, 1.097489356994629], [-0.4351377487182617, -0.8622604012489319, -0.2591552436351776, -0.4675068259239197], [0.0, 0.0, 0.0, 1.0]]}, "finger4joint2": {"matrix": [[0.23960426449775696, -0.9621062278747559, -0.13015854358673096, -1.6975220441818237], [-0.8551338911056519, -0.27261608839035034, 0.4409378468990326, 1.4241050481796265], [-0.45971226692199707, 0.00565243000164628, -0.8880494832992554, -1.3240408897399902], [0.0, 0.0, 0.0, 1.0]]}, "finger4joint3": {"matrix": [[0.3206293284893036, -0.17528444528579712, -0.930844783782959, -2.098780632019043], [-0.8358712792396545, -0.5146204829216003, -0.1910092830657959, 1.3104069232940674], [-0.4455507695674896, 0.839309573173523, -0.3115175664424896, -1.3216835260391235], [0.0, 0.0, 0.0, 1.0]]}}