{"root": {"matrix": [[0.5295961499214172, -0.6603079438209534, -0.5324671864509583, 0.0], [0.16749459505081177, 0.6967690587043762, -0.697465717792511, 0.0], [0.831548810005188, 0.2801898419857025, 0.47960418462753296, 2.9802322387695312e-08], [0.0, 0.0, 0.0, 1.0]]}, "carpals": {"matrix": [[0.7554840445518494, -0.6511430740356445, -0.07250124216079712, 0.6112111210823059], [-0.3084395229816437, -0.4511129558086395, 0.8374735713005066, 1.139207124710083], [-0.5780214071273804, -0.610335648059845, -0.5416467189788818, 2.100860118865967], [0.0, 0.0, 0.0, 1.0]]}, "metacarpals": {"matrix": [[0.1668025255203247, -0.5941010117530823, 0.786905825138092, -0.022998273372650146], [-0.9854680895805359, -0.07448267936706543, 0.15265914797782898, 0.6998257637023926], [-0.03208424150943756, -0.8009344339370728, -0.5978915095329285, 1.506397008895874], [0.0, 0.0, 0.0, 1.0]]}, "finger5joint1": {"matrix": [[0.07729136198759079, -0.7399976253509521, 0.6681537628173828, -0.7150092124938965], [-0.9704653024673462, 0.09776660799980164, 0.22054153680801392, 0.7674375772476196], [-0.22852341830730438, -0.6654658913612366, -0.7105854749679565, 1.3009110689163208], [0.0, 0.0, 0.0, 1.0]]}, "finger5joint2": {"matrix": [[0.6979492902755737, -0.6405174732208252, -0.3203180134296417, -1.4966481924057007], [0.23771676421165466, -0.21470940113067627, 0.9473068118095398, 0.8707057237625122], [-0.6755420565605164, -0.7373169660568237, 0.002405564533546567, 0.5979979038238525], [0.0, 0.0, 0.0, 1.0]]}, "finger5joint3": {"matrix": [[0.651677131652832, -0.6322658658027649, -0.41899433732032776, -1.9368983507156372], [0.16411903500556946, -0.4217754900455475, 0.8917230367660522, 0.7231284379959106], [-0.7405276894569397, -0.6498804092407227, -0.17109446227550507, 0.09121409058570862], [0.0, 0.0, 0.0, 1.0]]}, "Bone": {"matrix": [[0.5440312623977661, -0.06204153597354889, 0.8367679715156555, -0.9505549073219299], [-0.09181064367294312, -0.9956761598587036, -0.014132196083664894, 0.5835376381874084], [0.834026575088501, -0.06913599371910095, -0.5473750829696655, 0.255916029214859], [0.0, 0.0, 0.0, 1.0]]}, "finger1joint1": {"matrix": [[0.2739720344543457, -0.8027681708335876, 0.5296248197555542, -1.0021852254867554], [-0.9595881104469299, -0.26497286558151245, 0.09476250410079956, -0.24505175650119781], [0.06426368653774261, -0.5341838598251343, -0.8429219126701355, 0.19838190078735352], [0.0, 0.0, 0.0, 1.0]]}, "finger1joint2": {"matrix": [[0.11571528762578964, -0.939496636390686, 0.32242199778556824, -1.4558923244476318], [-0.937382698059082, -0.2106485813856125, -0.2773820161819458, -0.39480867981910706], [0.32851704955101013, -0.2701353430747986, -0.9050431251525879, -0.1035272404551506], [0.0, 0.0, 0.0, 1.0]]}, "finger1joint3": {"matrix": [[0.18216204643249512, -0.9753972291946411, -0.12416576594114304, -1.8586390018463135], [-0.9522923231124878, -0.1435643583536148, -0.2693115174770355, -0.48511025309562683], [0.24485976994037628, 0.1673005223274231, -0.9550150632858276, -0.2193298041820526], [0.0, 0.0, 0.0, 1.0]]}, "Bone.001": {"matrix": [[0.5855990052223206, 0.03417205810546875, 0.8098801374435425, -0.9505549669265747], [-0.42422428727149963, -0.8384431600570679, 0.3421206474304199, 0.5835376977920532], [0.6907293200492859, -0.5439164638519287, -0.4764949083328247, 0.2559159994125366], [0.0, 0.0, 0.0, 1.0]]}, "finger2joint1": {"matrix": [[0.39812561869621277, -0.6271920204162598, 0.6694220900535583, -0.9288938641548157], [-0.8956890106201172, -0.42336004972457886, 0.13604088127613068, 0.05206224322319031], [0.19808262586593628, -0.6537553668022156, -0.7303195595741272, -0.08886373043060303], [0.0, 0.0, 0.0, 1.0]]}, "finger2joint2": {"matrix": [[0.27620264887809753, -0.7779741287231445, 0.5643298625946045, -1.471508264541626], [-0.9390275478363037, -0.3435555398464203, -0.014026258140802383, -0.3142072558403015], [0.20479054749011993, -0.5260471105575562, -0.8254300951957703, -0.654459536075592], [0.0, 0.0, 0.0, 1.0]]}, "finger2joint3": {"matrix": [[0.1336115300655365, -0.9355206489562988, 0.32703039050102234, -1.7668402194976807], [-0.9672008156776428, -0.19502758979797363, -0.16274677217006683, -0.4446265697479248], [0.2160327434539795, -0.294559121131897, -0.9308943152427673, -0.8541556596755981], [0.0, 0.0, 0.0, 1.0]]}, "Bone.002": {"matrix": [[0.430749773979187, -0.28671109676361084, 0.8557168245315552, -0.9505548477172852], [-0.894015371799469, -0.2650611996650696, 0.36121872067451477, 0.5835376381874084], [0.12325175106525421, -0.9206187725067139, -0.37049922347068787, 0.255916029214859], [0.0, 0.0, 0.0, 1.0]]}, "finger3joint1": {"matrix": [[0.41216427087783813, -0.4993439316749573, 0.7620867490768433, -1.071406602859497], [-0.8676954507827759, -0.47024673223495483, 0.16116034984588623, 0.4718116819858551], [0.27789419889450073, -0.7276835441589355, -0.6270973086357117, -0.1321340799331665], [0.0, 0.0, 0.0, 1.0]]}, "finger3joint2": {"matrix": [[0.29814377427101135, -0.8501047492027283, -0.43408772349357605, -1.5094218254089355], [-0.9367263913154602, -0.1731765866279602, -0.3042261600494385, 0.05931995436549187], [0.1834501177072525, 0.4973246157169342, -0.8479469418525696, -0.7704446315765381], [0.0, 0.0, 0.0, 1.0]]}, "finger3joint3": {"matrix": [[0.3243462145328522, -0.41399258375167847, -0.8505349159240723, -2.0595078468322754], [-0.8796482086181641, 0.19866490364074707, -0.43214723467826843, -0.052739210426807404], [0.34787702560424805, 0.8883368372917175, -0.29973143339157104, -0.44863566756248474], [0.0, 0.0, 0.0, 1.0]]}, "Bone.003": {"matrix": [[0.6007266044616699, -0.01934751309454441, 0.7992203831672668, -0.9505549073219299], [-0.5387189388275146, 0.7288476228713989, 0.4225671589374542, 0.5835376381874084], [-0.5906854867935181, -0.684402346611023, 0.4274151921272278, 0.255916029214859], [0.0, 0.0, 0.0, 1.0]]}, "finger4joint1": {"matrix": [[0.01319185085594654, -0.43931201100349426, 0.8982375860214233, -0.9588475227355957], [-0.9652426242828369, 0.228905588388443, 0.12612955272197723, 0.8959358930587769], [-0.26102185249328613, -0.8686809539794922, -0.42102301120758057, -0.037432074546813965], [0.0, 0.0, 0.0, 1.0]]}, "finger4joint2": {"matrix": [[0.02046061120927334, -0.9300187826156616, 0.3669416606426239, -1.3952422142028809], [-0.9571260809898376, 0.08785072714090347, 0.2760281562805176, 1.123321294784546], [-0.2889474928379059, -0.35685697197914124, -0.8883478045463562, -0.90034419298172], [0.0, 0.0, 0.0, 1.0]]}, "finger4joint3": {"matrix": [[0.09232845902442932, -0.9809790253639221, -0.1707495152950287, -1.783118486404419], [-0.9650512933731079, -0.1303960233926773, 0.22731569409370422, 1.1599606275558472], [-0.24525700509548187, 0.1437944918870926, -0.9587342739105225, -1.0491759777069092], [0.0, 0.0, 0.0, 1.0]]}}