{"root": {"matrix": [[0.32943210005760193, -0.801101803779602, -0.4997103214263916, 0.0], [-0.39195799827575684, 0.36546096205711365, -0.8442791104316711, 0.0], [0.8589780926704407, 0.473998099565506, -0.1936037391424179, 0.0], [0.0, 0.0, 0.0, 1.0]]}, "carpals": {"matrix": [[0.8413832783699036, -0.49276185035705566, -0.22194552421569824, 0.017051219940185547], [0.3085521161556244, 0.10082708299160004, 0.9458484053611755, -0.43376439809799194], [-0.44369983673095703, -0.8643028140068054, 0.2368771731853485, 2.4282798767089844], [0.0, 0.0, 0.0, 1.0]]}, "metacarpals": {"matrix": [[0.4315777122974396, -0.6396969556808472, 0.6360254287719727, -0.46289581060409546], [-0.5431782007217407, 0.3786338269710541, 0.7493954300880432, -0.3355594277381897], [-0.7202069163322449, -0.6688975095748901, -0.18405936658382416, 1.586454153060913], [0.0, 0.0, 0.0, 1.0]]}, "finger5joint1": {"matrix": [[0.4585346281528473, -0.8089896440505981, 0.3678065240383148, -1.165318489074707], [-0.44159626960754395, 0.15174461901187897, 0.8842884302139282, -0.33245253562927246], [-0.7711929678916931, -0.5678988099098206, -0.2876664698123932, 1.4068224430084229], [0.0, 0.0, 0.0, 1.0]]}, "finger5joint2": {"matrix": [[0.3605400323867798, -0.3005259931087494, -0.8830031752586365, -2.019832134246826], [0.863487958908081, -0.2504301369190216, 0.4378044605255127, -0.17216891050338745], [-0.35270214080810547, -0.9203087687492371, 0.1692107915878296, 0.8069666028022766], [0.0, 0.0, 0.0, 1.0]]}, "finger5joint3": {"matrix": [[0.3789735734462738, 0.04828105494379997, -0.9241468906402588, -2.226393938064575], [0.8109196424484253, -0.49846434593200684, 0.3064996600151062, -0.3442983031272888], [-0.4458560645580292, -0.8655644655227661, -0.2280566543340683, 0.17440609633922577], [0.0, 0.0, 0.0, 1.0]]}, "Bone": {"matrix": [[0.6425729393959045, 0.21208122372627258, 0.7362889647483826, -1.461640477180481], [-0.5199955105781555, -0.5850687623023987, 0.6223334074020386, 0.25559312105178833], [0.5627648234367371, -0.782761812210083, -0.26566794514656067, 0.5421193838119507], [0.0, 0.0, 0.0, 1.0]]}, "finger1joint1": {"matrix": [[0.5425875186920166, -0.5053241848945618, 0.6710037589073181, -1.285149097442627], [-0.5574877262115479, 0.38089948892593384, 0.7376466989517212, -0.23129388689994812], [-0.6283360123634338, -0.7743142247200012, -0.0750405415892601, -0.1092853844165802], [0.0, 0.0, 0.0, 1.0]]}, "finger1joint2": {"matrix": [[0.32252928614616394, -0.7161250114440918, 0.6189827919006348, -1.5707473754882812], [-0.7631046175956726, 0.19018438458442688, 0.6176576614379883, -0.016017749905586243], [-0.5600412487983704, -0.6715613007545471, -0.4851381480693817, -0.5469110012054443], [0.0, 0.0, 0.0, 1.0]]}, "finger1joint3": {"matrix": [[0.4096115827560425, -0.8845464587211609, 0.22314977645874023, -1.8777382373809814], [-0.7030901908874512, -0.15023982524871826, 0.6950482130050659, 0.06551116704940796], [-0.5812767744064331, -0.4415942132472992, -0.6834557056427002, -0.8347983360290527], [0.0, 0.0, 0.0, 1.0]]}, "Bone.001": {"matrix": [[0.758488118648529, 0.2034776657819748, 0.619106113910675, -1.4616403579711914], [-0.6100252270698547, -0.11253639310598373, 0.7843496203422546, 0.25559312105178833], [0.22926951944828033, -0.9725903868675232, 0.03876917436718941, 0.5421193242073059], [0.0, 0.0, 0.0, 1.0]]}, "finger2joint1": {"matrix": [[0.8200711011886597, -0.5655446648597717, -0.0874210000038147, -1.3326592445373535], [-0.4120182991027832, -0.6895239353179932, 0.5956485867500305, 0.18425816297531128], [-0.3971449136734009, -0.4524553418159485, -0.7984733581542969, -0.07438981533050537], [0.0, 0.0, 0.0, 1.0]]}, "finger2joint2": {"matrix": [[0.7701230049133301, -0.49064502120018005, -0.4076492488384247, -1.8219397068023682], [-0.5259599685668945, -0.8499999642372131, 0.029423244297504425, -0.4122827351093292], [-0.3609384000301361, 0.1917475312948227, -0.9126642346382141, -0.46583107113838196], [0.0, 0.0, 0.0, 1.0]]}, "finger2joint3": {"matrix": [[0.7420884370803833, -0.4514426589012146, -0.4954836666584015, -2.0081965923309326], [-0.6204928159713745, -0.742273211479187, -0.2530190944671631, -0.7349567413330078], [-0.2535608410835266, 0.4952065348625183, -0.8309494853019714, -0.39304056763648987], [0.0, 0.0, 0.0, 1.0]]}, "Bone.002": {"matrix": [[0.6757017374038696, -0.30758151412010193, 0.6699408292770386, -1.461640477180481], [-0.5279793739318848, 0.43229931592941284, 0.7309958338737488, 0.25559312105178833], [-0.5144559144973755, -0.8476499319076538, 0.12970885634422302, 0.5421193242073059], [0.0, 0.0, 0.0, 1.0]]}, "finger3joint1": {"matrix": [[0.667639434337616, -0.25396427512168884, 0.6998283863067627, -1.5912890434265137], [-0.662753701210022, 0.22546306252479553, 0.7140894532203674, 0.43781161308288574], [-0.339138925075531, -0.9405679702758789, -0.017787599936127663, 0.18482637405395508], [0.0, 0.0, 0.0, 1.0]]}, "finger3joint2": {"matrix": [[0.591425359249115, -0.590970516204834, -0.5486072301864624, -1.8140619993209839], [-0.6459615230560303, -0.7544534206390381, 0.11633391678333282, 0.6355836391448975], [-0.48264873027801514, 0.2855762541294098, -0.8279469609260559, -0.6402224898338318], [0.0, 0.0, 0.0, 1.0]]}, "finger3joint3": {"matrix": [[0.6451995968818665, 0.006581162102520466, -0.7639856934547424, -2.196467161178589], [-0.6929501295089722, -0.4161039888858795, -0.5887932777404785, 0.147391676902771], [-0.3217726945877075, 0.909292995929718, -0.26390963792800903, -0.4554317593574524], [0.0, 0.0, 0.0, 1.0]]}, "Bone.003": {"matrix": [[0.6535133719444275, -0.3038378059864044, 0.6932552456855774, -1.461640477180481], [0.26338398456573486, 0.9499406218528748, 0.16805212199687958, 0.25559312105178833], [-0.7096117734909058, 0.07276823371648788, 0.7008249759674072, 0.5421193838119507], [0.0, 0.0, 0.0, 1.0]]}, "finger4joint1": {"matrix": [[0.5815191864967346, -0.15269441902637482, 0.7990742921829224, -1.5918712615966797], [-0.6935029029846191, 0.42045971751213074, 0.5850358605384827, 0.6627561450004578], [-0.42531052231788635, -0.8943697810173035, 0.13861151039600372, 0.5733092427253723], [0.0, 0.0, 0.0, 1.0]]}, "finger4joint2": {"matrix": [[0.5931878685951233, -0.4659562110900879, 0.6565156579017639, -1.74355149269104], [-0.6722558736801147, 0.16198745369911194, 0.7223791480064392, 1.0804235935211182], [-0.44294455647468567, -0.8698530197143555, -0.2171526551246643, -0.3151211440563202], [0.0, 0.0, 0.0, 1.0]]}, "finger4joint3": {"matrix": [[0.6202002763748169, -0.5860830545425415, 0.5214000940322876, -1.9378846883773804], [-0.6938897967338562, -0.09986420720815659, 0.7131224274635315, 1.1479825973510742], [-0.36587995290756226, -0.8040729761123657, -0.4686127007007599, -0.677904486656189], [0.0, 0.0, 0.0, 1.0]]}}