{"root": {"matrix": [[0.4500124454498291, -0.8808209300041199, -0.14711658656597137, 0.0], [0.5054174661636353, 0.3870272934436798, -0.7712088227272034, 2.9802322387695312e-08], [0.7362350821495056, 0.272698312997818, 0.6193493008613586, 0.0], [0.0, 0.0, 0.0, 1.0]]}, "carpals": {"matrix": [[0.6666519641876221, -0.3587326407432556, -0.6533650159835815, 0.17206929624080658], [0.37887802720069885, -0.5917864441871643, 0.7115055322647095, 1.6085212230682373], [-0.6418927907943726, -0.7218722105026245, -0.25859957933425903, 1.8622667789459229], [0.0, 0.0, 0.0, 1.0]]}, "metacarpals": {"matrix": [[0.4995390474796295, -0.8351221084594727, 0.23028594255447388, -0.17733407020568848], [-0.4285300374031067, -0.007189895026385784, 0.9034988880157471, 1.0321247577667236], [-0.7528761625289917, -0.5500172972679138, -0.36146652698516846, 1.1591676473617554], [0.0, 0.0, 0.0, 1.0]]}, "finger5joint1": {"matrix": [[0.2621632218360901, -0.9532376527786255, 0.15036028623580933, -0.836296796798706], [-0.38793352246284485, 0.03856527432799339, 0.9208800792694092, 0.7315439581871033], [-0.8836162686347961, -0.29975050687789917, -0.3596824109554291, 1.126089096069336], [0.0, 0.0, 0.0, 1.0]]}, "finger5joint2": {"matrix": [[0.2614002227783203, -0.45141083002090454, -0.8531691431999207, -1.8431754112243652], [0.9317885041236877, -0.11263614892959595, 0.34508389234542847, 0.7722793817520142], [-0.25187239050865173, -0.8851781487464905, 0.39117664098739624, 0.8094708919525146], [0.0, 0.0, 0.0, 1.0]]}, "finger5joint3": {"matrix": [[0.2646893560886383, -0.07103962451219559, -0.9617131948471069, -2.1534459590911865], [0.8967863321304321, -0.3485422730445862, 0.2725657820701599, 0.6948606371879578], [-0.3545607924461365, -0.9345967173576355, -0.02854778803884983, 0.20105694234371185], [0.0, 0.0, 0.0, 1.0]]}, "Bone": {"matrix": [[0.8797557353973389, 0.3104044795036316, 0.3601092994213104, -1.481191635131836], [-0.13552524149417877, -0.5622826814651489, 0.8157640099525452, 1.0208992958068848], [0.4556999206542969, -0.7664770483970642, -0.4526037573814392, 0.30043789744377136], [0.0, 0.0, 0.0, 1.0]]}, "finger1joint1": {"matrix": [[0.6956174969673157, -0.7071990966796875, 0.1264335960149765, -1.222876787185669], [-0.3589804470539093, -0.18972116708755493, 0.9138593077659607, 0.5529746413230896], [-0.6222934722900391, -0.681083619594574, -0.385843962430954, -0.33741480112075806], [0.0, 0.0, 0.0, 1.0]]}, "finger1joint2": {"matrix": [[0.6380981802940369, -0.7620527744293213, 0.1100277453660965, -1.6225703954696655], [-0.6162996292114258, -0.4198571443557739, 0.6662542819976807, 0.44574835896492004], [-0.4615250825881958, -0.4929455518722534, -0.7375628352165222, -0.7223485708236694], [0.0, 0.0, 0.0, 1.0]]}, "finger1joint3": {"matrix": [[0.673486053943634, -0.6848968863487244, -0.2780873775482178, -1.9492498636245728], [-0.5298371911048889, -0.7096006870269775, 0.46447765827178955, 0.2657625079154968], [-0.5154504179954529, -0.16547809541225433, -0.840789794921875, -0.9336661696434021], [0.0, 0.0, 0.0, 1.0]]}, "Bone.001": {"matrix": [[0.9688315987586975, 0.07690754532814026, 0.23547881841659546, -1.4811915159225464], [-0.2205587476491928, -0.16496138274669647, 0.9613227248191833, 1.0208992958068848], [0.11277779191732407, -0.9832967519760132, -0.142857164144516, 0.300437867641449], [0.0, 0.0, 0.0, 1.0]]}, "finger2joint1": {"matrix": [[0.7014678716659546, -0.5188294053077698, -0.48862922191619873, -1.4324411153793335], [-0.3313089609146118, -0.8444036841392517, 0.4209710657596588, 0.9163330793380737], [-0.6310125589370728, -0.13341037929058075, -0.7642148733139038, -0.3228577971458435], [0.0, 0.0, 0.0, 1.0]]}, "finger2joint2": {"matrix": [[0.6938166618347168, -0.43431344628334045, -0.5744475722312927, -1.8813058137893677], [-0.4437917470932007, -0.8860688805580139, 0.13390520215034485, 0.18579810857772827], [-0.5671570897102356, 0.1620294600725174, -0.8075140118598938, -0.4382776916027069], [0.0, 0.0, 0.0, 1.0]]}, "finger2joint3": {"matrix": [[0.6879579424858093, -0.3426171839237213, -0.6397867202758789, -2.0461783409118652], [-0.5526705384254456, -0.8186964988708496, -0.15585608780384064, -0.15056821703910828], [-0.47039228677749634, 0.4608137309551239, -0.7525830864906311, -0.37676864862442017], [0.0, 0.0, 0.0, 1.0]]}, "Bone.002": {"matrix": [[0.7442266345024109, -0.587688684463501, 0.31740909814834595, -1.481191635131836], [-0.2882091701030731, 0.14614367485046387, 0.946349561214447, 1.0208994150161743], [-0.6025463342666626, -0.7957785725593567, -0.06061330437660217, 0.30043792724609375], [0.0, 0.0, 0.0, 1.0]]}, "finger3joint1": {"matrix": [[0.8879287242889404, -0.45124807953834534, 0.08920604735612869, -1.7289081811904907], [-0.28886842727661133, -0.3961111009120941, 0.8715795874595642, 1.0825003385543823], [-0.35796332359313965, -0.7996691465377808, -0.48206964135169983, -0.03499072790145874], [0.0, 0.0, 0.0, 1.0]]}, "finger3joint2": {"matrix": [[0.8012682199478149, -0.1578093022108078, -0.5771181583404541, -2.12473464012146], [-0.3814592659473419, -0.8778595328330994, -0.2895711064338684, 0.7350389957427979], [-0.46093180775642395, 0.4521712064743042, -0.763598620891571, -0.7364457845687866], [0.0, 0.0, 0.0, 1.0]]}, "finger3joint3": {"matrix": [[0.8780773282051086, 0.10037616640329361, -0.46787258982658386, -2.2268500328063965], [-0.3704090714454651, -0.4764333963394165, -0.7973759174346924, 0.1669934242963791], [-0.3029478192329407, 0.873461902141571, -0.38116487860679626, -0.4438547194004059], [0.0, 0.0, 0.0, 1.0]]}, "Bone.003": {"matrix": [[0.3654153645038605, -0.6551358699798584, 0.6612628102302551, -1.481191635131836], [0.39219093322753906, 0.7526168823242188, 0.5289179682731628, 1.0208992958068848], [-0.8441905379295349, 0.06606661528348923, 0.5319559574127197, 0.300437867641449], [0.0, 0.0, 0.0, 1.0]]}, "finger4joint1": {"matrix": [[0.8282545208930969, -0.023695893585681915, 0.5598506331443787, -1.761995553970337], [-0.530377984046936, 0.2892375886440277, 0.796894371509552, 1.3434855937957764], [-0.18081314861774445, -0.9569637179374695, 0.22699445486068726, 0.32875537872314453], [0.0, 0.0, 0.0, 1.0]]}, "finger4joint2": {"matrix": [[0.8381499648094177, -0.45177969336509705, 0.3056131601333618, -1.785534143447876], [-0.5081213116645813, -0.44304004311561584, 0.7385987043380737, 1.6308023929595947], [-0.19828523695468903, -0.7743449211120605, -0.6008928418159485, -0.6218531131744385], [0.0, 0.0, 0.0, 1.0]]}, "finger4joint3": {"matrix": [[0.8682430386543274, -0.4937978684902191, -0.04813800007104874, -1.973954677581787], [-0.4802846908569336, -0.8608648777008057, 0.16804195940494537, 1.4460268020629883], [-0.12441926449537277, -0.12278124690055847, -0.9846034049987793, -0.9448037147521973], [0.0, 0.0, 0.0, 1.0]]}}