{"root": {"matrix": [[0.29617762565612793, -0.7174880504608154, -0.6304678916931152, 0.0], [-0.5782627463340759, 0.3906625509262085, -0.7162366509437561, 2.9802322387695312e-08], [0.7601913809776306, 0.5767093896865845, -0.2991911470890045, 0.0], [0.0, 0.0, 0.0, 1.0]]}, "carpals": {"matrix": [[0.8464723229408264, -0.5260359048843384, -0.08228401839733124, 0.03839021921157837], [0.19097477197647095, 0.15570791065692902, 0.9691662788391113, -0.8448153734207153], [-0.4970040023326874, -0.8360867500305176, 0.2322622537612915, 2.3172824382781982], [0.0, 0.0, 0.0, 1.0]]}, "metacarpals": {"matrix": [[0.34897199273109436, -0.5937620401382446, 0.7250276207923889, -0.473965585231781], [-0.6684496402740479, 0.38452279567718506, 0.6366450786590576, -0.6931568384170532], [-0.6568055748939514, -0.706815779209137, -0.2627122104167938, 1.502938985824585], [0.0, 0.0, 0.0, 1.0]]}, "finger5joint1": {"matrix": [[0.2411912977695465, -0.7951535582542419, 0.5563788414001465, -1.172292947769165], [-0.527813196182251, 0.3736208975315094, 0.762771487236023, -0.6183266043663025], [-0.8143954277038574, -0.4776378870010376, -0.3295782804489136, 1.3228989839553833], [0.0, 0.0, 0.0, 1.0]]}, "finger5joint2": {"matrix": [[0.5916056632995605, -0.291380912065506, -0.7517309784889221, -2.0121915340423584], [0.7429251670837402, -0.16513636708259583, 0.648684561252594, -0.22368118166923523], [-0.31315240263938904, -0.9422454833984375, 0.11877890676259995, 0.8183833360671997], [0.0, 0.0, 0.0, 1.0]]}, "finger5joint3": {"matrix": [[0.6023047566413879, 0.012436600401997566, -0.7981690168380737, -2.212467908859253], [0.6874198317527771, -0.5163842439651489, 0.510686457157135, -0.33718520402908325], [-0.40581071376800537, -0.8562664985656738, -0.3195696771144867, 0.17074500024318695], [0.0, 0.0, 0.0, 1.0]]}, "Bone": {"matrix": [[0.5770692229270935, 0.12514834105968475, 0.8070494532585144, -1.4009931087493896], [-0.5356067419052124, -0.6880056858062744, 0.4896663725376129, -0.09280997514724731], [0.6165355443954468, -0.7148328423500061, -0.3299965560436249, 0.39940333366394043], [0.0, 0.0, 0.0, 1.0]]}, "finger1joint1": {"matrix": [[0.6647183895111084, -0.5635820627212524, 0.49043306708335876, -1.2968461513519287], [-0.673197329044342, -0.16718009114265442, 0.7203164100646973, -0.6653598546981812], [-0.32396700978279114, -0.8089659810066223, -0.49052950739860535, -0.19547173380851746], [0.0, 0.0, 0.0, 1.0]]}, "finger1joint2": {"matrix": [[0.494977742433548, -0.7282541394233704, 0.4739651381969452, -1.615370512008667], [-0.8570586442947388, -0.3194311261177063, 0.40424489974975586, -0.7598463892936707], [-0.14299403131008148, -0.6063082814216614, -0.7822677493095398, -0.6526817083358765], [0.0, 0.0, 0.0, 1.0]]}, "finger1joint3": {"matrix": [[0.5668153166770935, -0.8204694390296936, 0.07449974864721298, -1.9275610446929932], [-0.7994142770767212, -0.5258946418762207, 0.29046764969825745, -0.8967812061309814], [-0.19914105534553528, -0.22419780492782593, -0.9539800882339478, -0.9125961661338806], [0.0, 0.0, 0.0, 1.0]]}, "Bone.001": {"matrix": [[0.6762667298316956, 0.17520388960838318, 0.7155184745788574, -1.4009929895401], [-0.6750680208206177, -0.24139657616615295, 0.6971444487571716, -0.09280996024608612], [0.29486608505249023, -0.954479455947876, -0.04497378692030907, 0.3994033932685852], [0.0, 0.0, 0.0, 1.0]]}, "finger2joint1": {"matrix": [[0.7042685151100159, -0.6804983615875244, 0.20230580866336823, -1.2899341583251953], [-0.6214537024497986, -0.4531662166118622, 0.6390893459320068, -0.245827317237854], [-0.3432212769985199, -0.575814425945282, -0.7420489192008972, -0.2056254744529724], [0.0, 0.0, 0.0, 1.0]]}, "finger2joint2": {"matrix": [[0.6181226372718811, -0.6417033672332764, -0.45402759313583374, -1.878666639328003], [-0.7162776589393616, -0.6977286338806152, 0.010984883643686771, -0.6378835439682007], [-0.3238373100757599, 0.3184197247028351, -0.8909197449684143, -0.7037907838821411], [0.0, 0.0, 0.0, 1.0]]}, "finger2joint3": {"matrix": [[0.5785213112831116, -0.20995855331420898, -0.7881816625595093, -2.122267723083496], [-0.7896754741668701, -0.38616177439689636, -0.4767507016658783, -0.9027528762817383], [-0.2042679488658905, 0.8982182741165161, -0.3892020881175995, -0.5829134583473206], [0.0, 0.0, 0.0, 1.0]]}, "Bone.002": {"matrix": [[0.595547080039978, -0.25973883271217346, 0.7601706385612488, -1.4009929895401], [-0.6630690693855286, 0.37526893615722656, 0.6476977467536926, -0.09280996769666672], [-0.4535008668899536, -0.8897800445556641, 0.051265668123960495, 0.3994033932685852], [0.0, 0.0, 0.0, 1.0]]}, "finger3joint1": {"matrix": [[0.42239513993263245, 0.1887490153312683, 0.8865416646003723, -1.510475516319275], [-0.7280860543251038, 0.6532225012779236, 0.20782425999641418, 0.0653696060180664], [-0.5398825407028198, -0.7332624197006226, 0.41334351897239685, 0.024352192878723145], [0.0, 0.0, 0.0, 1.0]]}, "finger3joint2": {"matrix": [[0.41221311688423157, -0.8224160671234131, 0.3920615315437317, -1.3449084758758545], [-0.623144268989563, 0.05943349748849869, 0.7798452973365784, 0.638364315032959], [-0.6646590232849121, -0.5657732486724854, -0.48798438906669617, -0.6188520193099976], [0.0, 0.0, 0.0, 1.0]]}, "finger3joint3": {"matrix": [[0.299093633890152, -0.9337555766105652, -0.19657987356185913, -1.877077579498291], [-0.7416848540306091, -0.35710451006889343, 0.5677849650382996, 0.6768226623535156], [-0.6003720760345459, -0.024020614102482796, -0.7993597984313965, -0.9849528074264526], [0.0, 0.0, 0.0, 1.0]]}, "Bone.003": {"matrix": [[0.6731827855110168, -0.17787158489227295, 0.7177650332450867, -1.4009929895401], [0.09902680665254593, 0.9835813045501709, 0.15086841583251953, -0.09280994534492493], [-0.7328154444694519, -0.03048384003341198, 0.6797441244125366, 0.3994033932685852], [0.0, 0.0, 0.0, 1.0]]}, "finger4joint1": {"matrix": [[0.3734453320503235, -0.19249871373176575, 0.9074594974517822, -1.4772322177886963], [-0.7057241797447205, 0.5759459137916565, 0.4126005470752716, 0.3287721276283264], [-0.6020728945732117, -0.7944997549057007, 0.07923341542482376, 0.38633742928504944], [0.0, 0.0, 0.0, 1.0]]}, "finger4joint2": {"matrix": [[0.38638803362846375, -0.541230320930481, 0.7468425631523132, -1.6684526205062866], [-0.6842371821403503, 0.3747713267803192, 0.625592052936554, 0.9008931517601013], [-0.6184847354888916, -0.7527387142181396, -0.22552266716957092, -0.4028860628604889], [0.0, 0.0, 0.0, 1.0]]}, "finger4joint3": {"matrix": [[0.41907426714897156, -0.6975696086883545, 0.5811826586723328, -1.8941795825958252], [-0.7221003770828247, 0.13196934759616852, 0.6790836453437805, 1.0571963787078857], [-0.5504065752029419, -0.7042586803436279, -0.4484102129936218, -0.7168254852294922], [0.0, 0.0, 0.0, 1.0]]}}