{"root": {"matrix": [[0.2795506715774536, -0.9024332761764526, -0.32781946659088135, 0.0], [-0.39987653493881226, 0.20097991824150085, -0.8942627310752869, 0.0], [0.8728975653648376, 0.3810790777206421, -0.30467790365219116, 2.9802322387695312e-08], [0.0, 0.0, 0.0, 1.0]]}, "carpals": {"matrix": [[0.8119280338287354, -0.43288668990135193, -0.3916398584842682, -0.21426427364349365], [0.4124904274940491, -0.049283020198345184, 0.9096276760101318, -0.607049286365509], [-0.4130668640136719, -0.90010005235672, 0.13854756951332092, 2.3812952041625977], [0.0, 0.0, 0.0, 1.0]]}, "metacarpals": {"matrix": [[0.49176260828971863, -0.6191503405570984, 0.6122272610664368, -0.6358932852745056], [-0.48425865173339844, 0.38987433910369873, 0.7832568287849426, -0.6550506353378296], [-0.7236456274986267, -0.6816527247428894, -0.10810313373804092, 1.5046031475067139], [0.0, 0.0, 0.0, 1.0]]}, "finger5joint1": {"matrix": [[0.37343719601631165, -0.5517813563346863, 0.7457089424133301, -1.3273613452911377], [-0.41907745599746704, 0.6168116331100464, 0.6662710905075073, -0.6697969436645508], [-0.8275980949401855, -0.5613200664520264, -0.0008985760505311191, 1.2870500087738037], [0.0, 0.0, 0.0, 1.0]]}, "finger5joint2": {"matrix": [[0.8040977716445923, -0.2653854787349701, -0.5319745540618896, -1.9101927280426025], [0.567714512348175, 0.6083380579948425, 0.5546390414237976, -0.018275916576385498], [0.17642728984355927, -0.747993528842926, 0.639826774597168, 0.6941430568695068], [0.0, 0.0, 0.0, 1.0]]}, "finger5joint3": {"matrix": [[0.8038735389709473, -0.22870944440364838, -0.5490709543228149, -2.0926012992858887], [0.5906268358230591, 0.41608926653862, 0.6913964748382568, 0.3998561501502991], [0.07033371180295944, -0.8800913691520691, 0.4695654511451721, 0.18002091348171234], [0.0, 0.0, 0.0, 1.0]]}, "Bone": {"matrix": [[0.6336564421653748, 0.27785998582839966, 0.7219924926757812, -1.602558970451355], [-0.5248231887817383, -0.5312655568122864, 0.6650693416595459, -0.04634854197502136], [0.5683658123016357, -0.8003441095352173, -0.190812349319458, 0.44035404920578003], [0.0, 0.0, 0.0, 1.0]]}, "finger1joint1": {"matrix": [[0.7828304171562195, -0.5619847178459167, 0.26711323857307434, -1.37132728099823], [-0.4754989743232727, -0.2634102702140808, 0.8393541574478149, -0.4884611666202545], [-0.40134409070014954, -0.7840842008590698, -0.4734285771846771, -0.22568252682685852], [0.0, 0.0, 0.0, 1.0]]}, "finger1joint2": {"matrix": [[0.6754171848297119, -0.6705802083015442, 0.30681222677230835, -1.6889488697052002], [-0.7031046152114868, -0.46012377738952637, 0.5421528816223145, -0.637334942817688], [-0.22238560020923615, -0.5819005966186523, -0.782263457775116, -0.6688299179077148], [0.0, 0.0, 0.0, 1.0]]}, "finger1joint3": {"matrix": [[0.7271610498428345, -0.6834258437156677, -0.06454368680715561, -1.9764156341552734], [-0.6272279620170593, -0.6996760964393616, 0.3421085476875305, -0.8345824480056763], [-0.2789657413959503, -0.20828455686569214, -0.9374409317970276, -0.918281078338623], [0.0, 0.0, 0.0, 1.0]]}, "Bone.001": {"matrix": [[0.7707309722900391, 0.2590831518173218, 0.5821077823638916, -1.6025588512420654], [-0.5912912487983704, -0.049530670046806335, 0.8049353957176208, -0.04634855315089226], [0.2373773157596588, -0.9645839929580688, 0.11501897871494293, 0.44035404920578003], [0.0, 0.0, 0.0, 1.0]]}, "finger2joint1": {"matrix": [[0.7668812870979309, -0.6415247917175293, 0.018404852598905563, -1.4383304119110107], [-0.4494248330593109, -0.516330361366272, 0.7289854884147644, -0.0777452290058136], [-0.4581594467163086, -0.5673171281814575, -0.6842812895774841, -0.17107996344566345], [0.0, 0.0, 0.0, 1.0]]}, "finger2joint2": {"matrix": [[0.7007290720939636, -0.4911435544490814, -0.5174520611763, -1.993344783782959], [-0.5597124099731445, -0.8282086849212646, 0.028142914175987244, -0.5244479179382324], [-0.44238072633743286, 0.26990365982055664, -0.8552491068840027, -0.6618937849998474], [0.0, 0.0, 0.0, 1.0]]}, "finger2joint3": {"matrix": [[0.683185875415802, -0.08782263100147247, -0.7249441146850586, -2.17979097366333], [-0.6512727737426758, -0.5223137736320496, -0.5504831075668335, -0.8388495445251465], [-0.3303036391735077, 0.8482186794281006, -0.41403403878211975, -0.5594339370727539], [0.0, 0.0, 0.0, 1.0]]}, "Bone.002": {"matrix": [[0.7238292694091797, -0.28067272901535034, 0.6303126215934753, -1.6025588512420654], [-0.47094613313674927, 0.4666655659675598, 0.7486205697059631, -0.04634857177734375], [-0.5042627453804016, -0.8387166261672974, 0.20560461282730103, 0.44035404920578003], [0.0, 0.0, 0.0, 1.0]]}, "finger3joint1": {"matrix": [[0.6046281456947327, 0.30418339371681213, 0.7361367344856262, -1.720865249633789], [-0.6663611531257629, 0.6994640231132507, 0.25828808546066284, 0.15035563707351685], [-0.436334490776062, -0.6467009782791138, 0.6256115436553955, 0.08682659268379211], [0.0, 0.0, 0.0, 1.0]]}, "finger3joint2": {"matrix": [[0.6161019802093506, -0.6978089213371277, 0.3653506636619568, -1.4540412425994873], [-0.5568887591362, -0.057870183140039444, 0.8285685181617737, 0.763912558555603], [-0.557039737701416, -0.713942289352417, -0.4242556393146515, -0.48044756054878235], [0.0, 0.0, 0.0, 1.0]]}, "finger3joint3": {"matrix": [[0.5104982852935791, -0.845917820930481, -0.15431998670101166, -1.9055795669555664], [-0.6904690861701965, -0.5102290511131287, 0.512755811214447, 0.7264659404754639], [-0.512488067150116, -0.15520791709423065, -0.8445509076118469, -0.9424254894256592], [0.0, 0.0, 0.0, 1.0]]}, "Bone.003": {"matrix": [[0.6781510710716248, -0.3475787937641144, 0.6475338339805603, -1.6025588512420654], [0.32862231135368347, 0.9315136075019836, 0.15585114061832428, -0.04634854197502136], [-0.6573570370674133, 0.10710366815328598, 0.7459291815757751, 0.44035401940345764], [0.0, 0.0, 0.0, 1.0]]}, "finger4joint1": {"matrix": [[0.5887771844863892, -0.04038804769515991, 0.8072856068611145, -1.751537799835205], [-0.6320264935493469, 0.5995895266532898, 0.4909527003765106, 0.35291624069213867], [-0.5038688778877258, -0.7992874979972839, 0.3274984359741211, 0.4862608015537262], [0.0, 0.0, 0.0, 1.0]]}, "finger4joint2": {"matrix": [[0.6031755805015564, -0.38999176025390625, 0.6957625150680542, -1.79165780544281], [-0.608517587184906, 0.33892887830734253, 0.71751868724823, 0.9485238790512085], [-0.5156405568122864, -0.8561733961105347, -0.03288305178284645, -0.30771875381469727], [0.0, 0.0, 0.0, 1.0]]}, "finger4joint3": {"matrix": [[0.6232636570930481, -0.5440653562545776, 0.5617251396179199, -1.9543088674545288], [-0.6450163125991821, 0.048473551869392395, 0.762629508972168, 1.0898785591125488], [-0.4421493113040924, -0.837641179561615, -0.32071903347969055, -0.6647968292236328], [0.0, 0.0, 0.0, 1.0]]}}