{"root": {"matrix": [[0.2698836326599121, -0.8870701789855957, -0.37452539801597595, 0.0], [-0.46629518270492554, 0.2199045717716217, -0.8568609952926636, 0.0], [0.8424556851387024, 0.40589216351509094, -0.3542879819869995, 2.9802322387695312e-08], [0.0, 0.0, 0.0, 1.0]]}, "carpals": {"matrix": [[0.8649320602416992, -0.3990039527416229, -0.30444738268852234, -0.21583744883537292], [0.33155009150505066, -0.0011493060737848282, 0.9434367418289185, -0.7429344654083252], [-0.3767848312854767, -0.9169483780860901, 0.13129594922065735, 2.3423166275024414], [0.0, 0.0, 0.0, 1.0]]}, "metacarpals": {"matrix": [[0.36070936918258667, -0.5710873603820801, 0.7373926043510437, -0.6044648289680481], [-0.5664002895355225, 0.4940062463283539, 0.6596576571464539, -0.744053840637207], [-0.7409989237785339, -0.6556040644645691, -0.14527122676372528, 1.4492144584655762], [0.0, 0.0, 0.0, 1.0]]}, "finger5joint1": {"matrix": [[0.24717430770397186, -0.5644240379333496, 0.7876104116439819, -1.296998381614685], [-0.44989943504333496, 0.6530541777610779, 0.6091883182525635, -0.634117603302002], [-0.858193039894104, -0.5049210786819458, -0.0925157442688942, 1.2648611068725586], [0.0, 0.0, 0.0, 1.0]]}, "finger5joint2": {"matrix": [[0.8515130281448364, -0.2803405523300171, -0.4430963099002838, -1.8931838274002075], [0.5202840566635132, 0.5565733909606934, 0.6477113366127014, 0.05568543076515198], [0.06503590196371078, -0.7820704579353333, 0.6197866201400757, 0.7315269112586975], [0.0, 0.0, 0.0, 1.0]]}, "finger5joint3": {"matrix": [[0.844720184803009, -0.24602042138576508, -0.4753117263317108, -2.085871934890747], [0.5335192680358887, 0.3165821135044098, 0.7843037247657776, 0.4382377862930298], [-0.042479488998651505, -0.9161052703857422, 0.39868032932281494, 0.19398248195648193], [0.0, 0.0, 0.0, 1.0]]}, "Bone": {"matrix": [[0.5555161833763123, 0.1383705884218216, 0.8199117183685303, -1.4960907697677612], [-0.6295625567436218, -0.5741567611694336, 0.5234449505805969, 0.027227073907852173], [0.543187141418457, -0.8069681525230408, -0.2318403124809265, 0.42563456296920776], [0.0, 0.0, 0.0, 1.0]]}, "finger1joint1": {"matrix": [[0.7714316844940186, -0.5299360752105713, 0.3522226810455322, -1.3809404373168945], [-0.5679806470870972, -0.3239274024963379, 0.7566165924072266, -0.4505791664123535], [-0.2868640720844269, -0.7837338447570801, -0.5508811473846436, -0.24591436982154846], [0.0, 0.0, 0.0, 1.0]]}, "finger1joint2": {"matrix": [[0.6380087733268738, -0.663835883140564, 0.39021360874176025, -1.6804490089416504], [-0.7647759914398193, -0.4871796667575836, 0.4216318726539612, -0.633655846118927], [-0.0897904485464096, -0.5674309730529785, -0.8185105919837952, -0.6888637542724609], [0.0, 0.0, 0.0, 1.0]]}, "finger1joint3": {"matrix": [[0.6981691122055054, -0.7157501578330994, 0.016173573210835457, -1.9650243520736694], [-0.69975346326828, -0.6774414777755737, 0.2267553210258484, -0.8425017595291138], [-0.15134373307228088, -0.1696312427520752, -0.9738172888755798, -0.9321120977401733], [0.0, 0.0, 0.0, 1.0]]}, "Bone.001": {"matrix": [[0.6621342301368713, 0.198778435587883, 0.7225407958030701, -1.4960907697677612], [-0.7202882766723633, -0.09724774956703186, 0.6868239641189575, 0.027227025479078293], [0.20679116249084473, -0.9752075672149658, 0.07878687977790833, 0.42563456296920776], [0.0, 0.0, 0.0, 1.0]]}, "finger2joint1": {"matrix": [[0.49103426933288574, -0.7964175939559937, 0.3529931902885437, -1.3700883388519287], [-0.6361891031265259, -0.05103008449077606, 0.7698434591293335, -0.03441673517227173], [-0.5951038002967834, -0.602590024471283, -0.5317296385765076, -0.19253355264663696], [0.0, 0.0, 0.0, 1.0]]}, "finger2joint2": {"matrix": [[0.38227009773254395, -0.6478521227836609, -0.6589058637619019, -2.059108257293701], [-0.7066068649291992, -0.6644439101219177, 0.24335293471813202, -0.07856535911560059], [-0.5954630374908447, 0.3725608289241791, -0.7117738127708435, -0.7138636708259583], [0.0, 0.0, 0.0, 1.0]]}, "finger2joint3": {"matrix": [[0.3627762198448181, 0.20650048553943634, -0.9087082743644714, -2.3050434589385986], [-0.7970525622367859, -0.43645939230918884, -0.41738465428352356, -0.3307991921901703], [-0.48280468583106995, 0.8757055401802063, 0.0062546078115701675, -0.5724334716796875], [0.0, 0.0, 0.0, 1.0]]}, "Bone.002": {"matrix": [[0.6017462611198425, -0.23234227299690247, 0.7641456127166748, -1.4960907697677612], [-0.5948039889335632, 0.508141279220581, 0.6228967905044556, 0.027227014303207397], [-0.5330193638801575, -0.8293424844741821, 0.16757412254810333, 0.42563456296920776], [0.0, 0.0, 0.0, 1.0]]}, "finger3joint1": {"matrix": [[0.48080968856811523, 0.2508511245250702, 0.8401760458946228, -1.5940253734588623], [-0.7717937231063843, 0.5758184194564819, 0.26975440979003906, 0.2414136528968811], [-0.4161209464073181, -0.7781429290771484, 0.4704643785953522, 0.07605838775634766], [0.0, 0.0, 0.0, 1.0]]}, "finger3joint2": {"matrix": [[0.4814666211605072, -0.793296217918396, 0.3726540207862854, -1.373983383178711], [-0.6809105277061462, -0.0708388015627861, 0.7289324402809143, 0.7465109825134277], [-0.5518612265586853, -0.6047005653381348, -0.5742700695991516, -0.6065142154693604], [0.0, 0.0, 0.0, 1.0]]}, "finger3joint3": {"matrix": [[0.37198278307914734, -0.902477502822876, -0.21717116236686707, -1.8873096704483032], [-0.7964578866958618, -0.43047598004341125, 0.4246704578399658, 0.7006725668907166], [-0.47674277424812317, 0.01499748881906271, -0.8789147734642029, -0.9978040456771851], [0.0, 0.0, 0.0, 1.0]]}, "Bone.003": {"matrix": [[0.693552553653717, -0.16837579011917114, 0.7004530429840088, -1.4960906505584717], [0.1995924413204193, 0.979151725769043, 0.03774368017911911, 0.027227014303207397], [-0.6922048330307007, 0.11362814158201218, 0.7126997113227844, 0.42563456296920776], [0.0, 0.0, 0.0, 1.0]]}, "finger4joint1": {"matrix": [[0.4615972936153412, -0.13495992124080658, 0.8767631649971008, -1.5682599544525146], [-0.7141923904418945, 0.5297002196311951, 0.45754387974739075, 0.4469105005264282], [-0.5261719822883606, -0.8373785018920898, 0.1481209546327591, 0.4743378460407257], [0.0, 0.0, 0.0, 1.0]]}, "finger4joint2": {"matrix": [[0.47522658109664917, -0.4997846782207489, 0.7241373062133789, -1.7023236751556396], [-0.6928938627243042, 0.2946528494358063, 0.6580861210823059, 0.9730930924415588], [-0.5422706604003906, -0.8144902586936951, -0.2062707245349884, -0.35747963190078735], [0.0, 0.0, 0.0, 1.0]]}, "finger4joint3": {"matrix": [[0.5044827461242676, -0.655231773853302, 0.5622884035110474, -1.9107651710510254], [-0.7245415449142456, 0.03294204920530319, 0.6884430050849915, 1.0959817171096802], [-0.4696129262447357, -0.754709005355835, -0.4581238329410553, -0.6971732974052429], [0.0, 0.0, 0.0, 1.0]]}}