{"root": {"matrix": [[0.28261610865592957, -0.7591670751571655, -0.5863391160964966, 5.960464477539063e-08], [-0.592187762260437, 0.3427826464176178, -0.7292556166648865, 0.0], [0.7546136379241943, 0.5533221960067749, -0.3526935875415802, 5.960464477539063e-08], [0.0, 0.0, 0.0, 1.0]]}, "carpals": {"matrix": [[0.8669273257255554, -0.49710890650749207, 0.03632625192403793, -0.038036197423934937], [0.06860332936048508, 0.19119153916835785, 0.9791522026062012, -0.921708345413208], [-0.4936905801296234, -0.8463618159294128, 0.19985271990299225, 2.2877917289733887], [0.0, 0.0, 0.0, 1.0]]}, "metacarpals": {"matrix": [[0.1382526457309723, -0.4242633581161499, 0.8949227333068848, -0.5222172141075134], [-0.8077641129493713, 0.4745389223098755, 0.34975647926330566, -0.7354889512062073], [-0.5730647444725037, -0.7712412476539612, -0.2770984172821045, 1.4634406566619873], [0.0, 0.0, 0.0, 1.0]]}, "finger5joint1": {"matrix": [[-0.018694927915930748, -0.5546519756317139, 0.8318723440170288, -1.1567320823669434], [-0.5527392625808716, 0.6990455389022827, 0.45366761088371277, -0.46682772040367126], [-0.83314448595047, -0.4513271152973175, -0.3196464478969574, 1.2378593683242798], [0.0, 0.0, 0.0, 1.0]]}, "finger5joint2": {"matrix": [[0.8782422542572021, -0.4099150598049164, -0.24629192054271698, -1.7425956726074219], [0.410759836435318, 0.38289111852645874, 0.8274479508399963, 0.2715546786785126], [-0.24488043785095215, -0.8278666138648987, 0.5046482086181641, 0.7611350417137146], [0.0, 0.0, 0.0, 1.0]]}, "finger5joint3": {"matrix": [[0.8483606576919556, -0.40575090050697327, -0.34007346630096436, -2.0243446826934814], [0.3985307216644287, 0.06659530848264694, 0.9147336483001709, 0.5347292423248291], [-0.34850674867630005, -0.9115539789199829, 0.2182013988494873, 0.19211332499980927], [0.0, 0.0, 0.0, 1.0]]}, "Bone": {"matrix": [[0.36330270767211914, -0.07878996431827545, 0.9283335208892822, -1.18461012840271], [-0.6214724183082581, -0.7628371119499207, 0.1784689575433731, 0.0053980350494384766], [0.6941056847572327, -0.6417722105979919, -0.32610657811164856, 0.2593189477920532], [0.0, 0.0, 0.0, 1.0]]}, "finger1joint1": {"matrix": [[0.5402691960334778, -0.571194052696228, 0.6179372668266296, -1.2501782178878784], [-0.8357933759689331, -0.27892735600471497, 0.4729149639606476, -0.6294256448745728], [-0.09776684641838074, -0.7719694375991821, -0.6280959844589233, -0.27475595474243164], [0.0, 0.0, 0.0, 1.0]]}, "finger1joint2": {"matrix": [[0.3377953767776489, -0.7634365558624268, 0.5505077838897705, -1.5730047225952148], [-0.9343432784080505, -0.34255897998809814, 0.09826352447271347, -0.7870693206787109], [0.11356320977210999, -0.5475563406944275, -0.8290266990661621, -0.7110563516616821], [0.0, 0.0, 0.0, 1.0]]}, "finger1joint3": {"matrix": [[0.41958990693092346, -0.896848201751709, 0.14002716541290283, -1.9002774953842163], [-0.9063884019851685, -0.4222950041294098, 0.01126151718199253, -0.9339187145233154], [0.04903268814086914, -0.1316443234682083, -0.9900835156440735, -0.9457848072052002], [0.0, 0.0, 0.0, 1.0]]}, "Bone.001": {"matrix": [[0.42199844121932983, 0.11527442187070847, 0.8992379903793335, -1.18461012840271], [-0.8172453045845032, -0.3810139298439026, 0.43236321210861206, 0.00539804995059967], [0.39246252179145813, -0.9173548817634583, -0.06657969951629639, 0.25931891798973083], [0.0, 0.0, 0.0, 1.0]]}, "finger2joint1": {"matrix": [[0.20326459407806396, -0.37819862365722656, 0.903132975101471, -1.111539602279663], [-0.8810905814170837, 0.3316420912742615, 0.3371830880641937, -0.23612044751644135], [-0.42703932523727417, -0.8642793893814087, -0.2658161222934723, -0.32217735052108765], [0.0, 0.0, 0.0, 1.0]]}, "finger2joint2": {"matrix": [[0.08389632403850555, -0.9168767333030701, 0.39025411009788513, -1.4387377500534058], [-0.8748636245727539, 0.11971569061279297, 0.4693414270877838, 0.050799351185560226], [-0.4770480990409851, -0.38079512119293213, -0.7920984029769897, -1.0699076652526855], [0.0, 0.0, 0.0, 1.0]]}, "finger2joint3": {"matrix": [[-0.057028885930776596, -0.8643403649330139, -0.4996631145477295, -1.7867991924285889], [-0.893773078918457, -0.17881479859352112, 0.41133251786231995, 0.09624539315700531], [-0.4448787569999695, 0.4700433611869812, -0.7623265981674194, -1.2144638299942017], [0.0, 0.0, 0.0, 1.0]]}, "Bone.002": {"matrix": [[0.36865004897117615, -0.1054186075925827, 0.9235713481903076, -1.18461012840271], [-0.8581432700157166, 0.34333303570747375, 0.3817228376865387, 0.0053980350494384766], [-0.3573334813117981, -0.9332786202430725, 0.03610553964972496, 0.2593189477920532], [0.0, 0.0, 0.0, 1.0]]}, "finger3joint1": {"matrix": [[0.18312670290470123, -0.03563248738646507, 0.9824433326721191, -1.2290451526641846], [-0.8504012823104858, 0.4956495463848114, 0.17649096250534058, 0.15011638402938843], [-0.4932366609573364, -0.8677911162376404, 0.0604647621512413, -0.13406729698181152], [0.0, 0.0, 0.0, 1.0]]}, "finger3joint2": {"matrix": [[0.13693714141845703, -0.9529349207878113, 0.27048712968826294, -1.2603013515472412], [-0.7675277590751648, 0.07055050879716873, 0.637121319770813, 0.5848910212516785], [-0.626218318939209, -0.2948518395423889, -0.7217428684234619, -0.8952776193618774], [0.0, 0.0, 0.0, 1.0]]}, "finger3joint3": {"matrix": [[0.04205065220594406, -0.9337002038955688, -0.35557806491851807, -1.8769266605377197], [-0.8592791557312012, -0.2153834104537964, 0.4639494717121124, 0.6305428147315979], [-0.5097755193710327, 0.28603142499923706, -0.8113659024238586, -1.0860705375671387], [0.0, 0.0, 0.0, 1.0]]}, "Bone.003": {"matrix": [[0.6890450119972229, 0.1410290002822876, 0.7108641862869263, -1.1846102476119995], [-0.1908034086227417, 0.9815793633460999, -0.009789451025426388, 0.0053980350494384766], [-0.6991502046585083, -0.12888973951339722, 0.7032611966133118, 0.2593189477920532], [0.0, 0.0, 0.0, 1.0]]}, "finger4joint1": {"matrix": [[0.12635263800621033, -0.3995136618614197, 0.907977819442749, -1.1241624355316162], [-0.8009051084518433, 0.4989837110042572, 0.3310072720050812, 0.4261220097541809], [-0.585308313369751, -0.7690276503562927, -0.2569245398044586, 0.20407426357269287], [0.0, 0.0, 0.0, 1.0]]}, "finger4joint2": {"matrix": [[0.1346709430217743, -0.7281816601753235, 0.6720231175422668, -1.5210227966308594], [-0.7827151417732239, 0.3377126455307007, 0.5227873921394348, 0.9217919111251831], [-0.6076350808143616, -0.596406877040863, -0.5244786739349365, -0.5598462224006653], [0.0, 0.0, 0.0, 1.0]]}, "finger4joint3": {"matrix": [[0.18489041924476624, -0.8746528029441833, 0.44810476899147034, -1.8247203826904297], [-0.8156424760818481, 0.11778359115123749, 0.5664395689964294, 1.0626393556594849], [-0.5482175350189209, -0.4702225625514984, -0.6916269063949585, -0.8085854053497314], [0.0, 0.0, 0.0, 1.0]]}}