{"root": {"matrix": [[0.44686201214790344, -0.7481772303581238, 0.4904540181159973, -5.960464477539063e-08], [-0.8762702941894531, -0.476481556892395, 0.0715240091085434, -2.9802322387695312e-08], [0.18017959594726562, -0.4617316722869873, -0.8685269951820374, 0.0], [0.0, 0.0, 0.0, 1.0]]}, "carpals": {"matrix": [[-0.8699213862419128, -0.4927094280719757, -0.02176859974861145, 0.2230987846851349], [-0.38058584928512573, 0.6987205147743225, -0.6057588458061218, -2.4560914039611816], [0.31367331743240356, -0.5186778903007507, -0.7953503131866455, 0.05316624045372009], [0.0, 0.0, 0.0, 1.0]]}, "metacarpals": {"matrix": [[-0.7047812342643738, -0.5915557146072388, 0.39159291982650757, -0.25679725408554077], [-0.6013715267181396, 0.7909983396530151, 0.11257699877023697, -1.7755420207977295], [-0.3763449788093567, -0.1561507284641266, -0.9132257103919983, -0.452022910118103], [0.0, 0.0, 0.0, 1.0]]}, "finger5joint1": {"matrix": [[-0.7591596245765686, -0.5599930286407471, 0.3317892551422119, -0.6318036913871765], [-0.46607688069343567, 0.8234925270080566, 0.3234689235687256, -1.2649339437484741], [-0.45436641573905945, 0.09092527627944946, -0.886162281036377, -0.09942626953125], [0.0, 0.0, 0.0, 1.0]]}, "finger5joint2": {"matrix": [[0.31931033730506897, -0.871383547782898, 0.3724660277366638, -1.2233086824417114], [0.3211997449398041, 0.469294011592865, 0.8225529193878174, -0.3951015770435333], [-0.8915555477142334, -0.14301368594169617, 0.4297388195991516, -0.003384433686733246], [0.0, 0.0, 0.0, 1.0]]}, "finger5joint3": {"matrix": [[0.21557532250881195, -0.9641883969306946, 0.15449070930480957, -1.822241187095642], [0.31783387064933777, 0.21887852251529694, 0.922536313533783, -0.07253933697938919], [-0.9233138561248779, -0.1497737318277359, 0.3536367118358612, -0.10168275237083435], [0.0, 0.0, 0.0, 1.0]]}, "Bone": {"matrix": [[0.4403303861618042, -0.8466897010803223, 0.2987062931060791, -1.180379867553711], [-0.8810474872589111, -0.4715183973312378, -0.0377548448741436, -0.5405738353729248], [0.17281217873096466, -0.24654987454414368, -0.953597903251648, -0.6958174705505371], [0.0, 0.0, 0.0, 1.0]]}, "finger1joint1": {"matrix": [[-0.07624020427465439, -0.9873592853546143, -0.1389562040567398, -1.8849848508834839], [-0.8859348893165588, 0.0031356094405055046, 0.4637986123561859, -0.9329656362533569], [-0.45750027894973755, 0.15846629440784454, -0.874975323677063, -0.900993287563324], [0.0, 0.0, 0.0, 1.0]]}, "finger1joint2": {"matrix": [[-0.01055104285478592, -0.09046861529350281, -0.9958433508872986, -2.443018674850464], [-0.984959602355957, -0.17082341015338898, 0.025954212993383408, -0.931193470954895], [-0.17246142029762268, 0.9811394810676575, -0.08730555325746536, -0.8114315271377563], [0.0, 0.0, 0.0, 1.0]]}, "finger1joint3": {"matrix": [[-0.10802268236875534, 0.7289738655090332, -0.6759645342826843, -2.4818010330200195], [-0.9703336954116821, -0.22524549067020416, -0.08784516155719757, -1.004422664642334], [-0.21629483997821808, 0.6464219689369202, 0.7316796183586121, -0.39083319902420044], [0.0, 0.0, 0.0, 1.0]]}, "Bone.001": {"matrix": [[0.15988492965698242, -0.7935324907302856, 0.5871479511260986, -1.180379867553711], [-0.9865318536758423, -0.10765229910612106, 0.12314801663160324, -0.5405738949775696], [-0.03451411426067352, -0.5989298224449158, -0.8000572323799133, -0.6958174705505371], [0.0, 0.0, 0.0, 1.0]]}, "finger2joint1": {"matrix": [[-0.5232762694358826, -0.8500827550888062, -0.059505756944417953, -1.6833869218826294], [-0.7650831341743469, 0.4379063546657562, 0.4721074104309082, -0.6088129281997681], [-0.3752724826335907, 0.2925695478916168, -0.8795302510261536, -1.0754692554473877], [0.0, 0.0, 0.0, 1.0]]}, "finger2joint2": {"matrix": [[-0.5902590751647949, -0.18537414073944092, -0.7856400609016418, -2.418835163116455], [-0.7626890540122986, -0.19070009887218475, 0.6180117726325989, -0.22995871305465698], [-0.2643851041793823, 0.963986337184906, -0.02882041409611702, -0.8223531246185303], [0.0, 0.0, 0.0, 1.0]]}, "finger2joint3": {"matrix": [[-0.535049557685852, 0.5972944498062134, -0.5974620580673218, -2.489206314086914], [-0.8316785097122192, -0.4966544806957245, 0.24828363955020905, -0.30235162377357483], [-0.14843378961086273, 0.6297405958175659, 0.7624919414520264, -0.4564080238342285], [0.0, 0.0, 0.0, 1.0]]}, "Bone.002": {"matrix": [[-0.4479580223560333, -0.6084856390953064, 0.6550409197807312, -1.180379867553711], [-0.7839913368225098, 0.6195231080055237, 0.03935006260871887, -0.5405739545822144], [-0.4297570288181305, -0.49591928720474243, -0.7545680403709412, -0.6958174705505371], [0.0, 0.0, 0.0, 1.0]]}, "finger3joint1": {"matrix": [[-0.6403099894523621, -0.1902025192975998, 0.7441948056221008, -1.436862826347351], [-0.6777142882347107, 0.595910906791687, -0.4308054745197296, -0.27943870425224304], [-0.36153364181518555, -0.7802006006240845, -0.5104708075523376, -0.9048523902893066], [0.0, 0.0, 0.0, 1.0]]}, "finger3joint2": {"matrix": [[-0.6907112002372742, -0.7230780124664307, -0.008718623779714108, -1.6037049293518066], [-0.5577325820922852, 0.5250150561332703, 0.6428790092468262, 0.24328336119651794], [-0.4602743089199066, 0.4489065408706665, -0.7659180760383606, -1.589229941368103], [0.0, 0.0, 0.0, 1.0]]}, "finger3joint3": {"matrix": [[-0.7144205570220947, -0.33586713671684265, -0.6138373613357544, -2.071594476699829], [-0.6311541199684143, -0.06939850002527237, 0.7725464701652527, 0.5830102562904358], [-0.3020724058151245, 0.939349353313446, -0.16240409016609192, -1.2987514734268188], [0.0, 0.0, 0.0, 1.0]]}, "Bone.003": {"matrix": [[-0.25941476225852966, 0.39190584421157837, 0.8826741576194763, -1.180379867553711], [-0.1835421770811081, 0.8772991895675659, -0.4434615969657898, -0.5405739545822144], [-0.9481646418571472, -0.2770484983921051, -0.1556531935930252, -0.6958174705505371], [0.0, 0.0, 0.0, 1.0]]}, "finger4joint1": {"matrix": [[-0.6745204925537109, -0.5612322688102722, 0.4796249568462372, -1.0124014616012573], [-0.6448894739151001, 0.7641692757606506, -0.012748484499752522, -0.16454648971557617], [-0.35935989022254944, -0.31790417432785034, -0.8773808479309082, -0.8145658373832703], [0.0, 0.0, 0.0, 1.0]]}, "finger4joint2": {"matrix": [[-0.6778209805488586, -0.6962257027626038, 0.23627951741218567, -1.5699065923690796], [-0.6273286938667297, 0.7152656316757202, 0.3079826235771179, 0.5945480465888977], [-0.3834281265735626, 0.06053230166435242, -0.9215847253799438, -1.1303588151931763], [0.0, 0.0, 0.0, 1.0]]}, "finger4joint3": {"matrix": [[-0.6209842562675476, -0.7837777137756348, 0.00839530024677515, -1.8602763414382935], [-0.6890526413917542, 0.5509763956069946, 0.4707769751548767, 0.8928588032722473], [-0.3736101984977722, 0.2865605354309082, -0.8822121024131775, -1.1051130294799805], [0.0, 0.0, 0.0, 1.0]]}}