{"root": {"matrix": [[0.28752192854881287, -0.719823956489563, -0.6318106055259705, 0.0], [-0.5054658055305481, 0.44627806544303894, -0.738471508026123, 0.0], [0.8135326504707336, 0.531685471534729, -0.2355317324399948, 0.0], [0.0, 0.0, 0.0, 1.0]]}, "carpals": {"matrix": [[0.8149223327636719, -0.5596783757209778, -0.15053752064704895, 0.01668006181716919], [0.2874891757965088, 0.1648268848657608, 0.943494439125061, -0.623249888420105], [-0.5032407641410828, -0.8121526837348938, 0.29522281885147095, 2.3866851329803467], [0.0, 0.0, 0.0, 1.0]]}, "metacarpals": {"matrix": [[0.5200851559638977, -0.6234951615333557, 0.5837509036064148, -0.5284432768821716], [-0.4868258833885193, 0.34517383575439453, 0.8024058938026428, -0.46270951628685], [-0.7017919421195984, -0.7015044093132019, -0.12401363998651505, 1.5956532955169678], [0.0, 0.0, 0.0, 1.0]]}, "finger5joint1": {"matrix": [[0.5642114877700806, -0.8137921094894409, 0.13931143283843994, -1.2156460285186768], [-0.3424711227416992, -0.07714639604091644, 0.936355471611023, -0.510391891002655], [-0.7512514591217041, -0.5760127305984497, -0.32222700119018555, 1.3694819211959839], [0.0, 0.0, 0.0, 1.0]]}, "finger5joint2": {"matrix": [[0.10791417211294174, -0.26438066363334656, -0.9583616256713867, -2.0752322673797607], [0.8877620100975037, -0.4082677662372589, 0.2125922292470932, -0.5918794870376587], [-0.4474733769893646, -0.8737388849258423, 0.19064943492412567, 0.761055588722229], [0.0, 0.0, 0.0, 1.0]]}, "finger5joint3": {"matrix": [[0.13535895943641663, 0.09312541782855988, -0.9864102602005005, -2.2569501399993896], [0.8327146172523499, -0.5501828789710999, 0.062326397746801376, -0.8724962472915649], [-0.5369017720222473, -0.8298349380493164, -0.1520189344882965, 0.16050420701503754], [0.0, 0.0, 0.0, 1.0]]}, "Bone": {"matrix": [[0.6447164416313171, 0.3092385530471802, 0.6990794539451599, -1.501892328262329], [-0.4828372597694397, -0.5442554950714111, 0.6860421299934387, 0.07620269060134888], [0.5926284193992615, -0.7798445224761963, -0.20157843828201294, 0.500410258769989], [0.0, 0.0, 0.0, 1.0]]}, "finger1joint1": {"matrix": [[0.6545559763908386, -0.6076069474220276, 0.4498557150363922, -1.2445478439331055], [-0.5031673908233643, 0.09398064017295837, 0.8590633869171143, -0.37671998143196106], [-0.5642508268356323, -0.7886578440666199, -0.24421221017837524, -0.14856675267219543], [0.0, 0.0, 0.0, 1.0]]}, "finger1joint2": {"matrix": [[0.4985344707965851, -0.7577688694000244, 0.421010285615921, -1.5879541635513306], [-0.7426022291183472, -0.12276303023099899, 0.6583850383758545, -0.32360416650772095], [-0.44721946120262146, -0.6408708691596985, -0.6239222884178162, -0.5942990779876709], [0.0, 0.0, 0.0, 1.0]]}, "finger1joint3": {"matrix": [[0.5660712718963623, -0.824239194393158, 0.013892623595893383, -1.9127970933914185], [-0.6671013832092285, -0.44812142848968506, 0.5951157212257385, -0.37623071670532227], [-0.4842923879623413, -0.3461458086967468, -0.803519606590271, -0.8690298795700073], [0.0, 0.0, 0.0, 1.0]]}, "Bone.001": {"matrix": [[0.7889704704284668, 0.2746832072734833, 0.5496130585670471, -1.501892328262329], [-0.5540138483047485, -0.06877747178077698, 0.8296613097190857, 0.07620267570018768], [0.2656949758529663, -0.959071695804596, 0.09791511297225952, 0.500410258769989], [0.0, 0.0, 0.0, 1.0]]}, "finger2joint1": {"matrix": [[0.8934158086776733, -0.445877343416214, 0.054784491658210754, -1.3277751207351685], [-0.3450009822845459, -0.6028999090194702, 0.7193647027015686, 0.032605767250061035], [-0.2877189517021179, -0.6615927815437317, -0.6924684047698975, -0.10752958059310913], [0.0, 0.0, 0.0, 1.0]]}, "finger2joint2": {"matrix": [[0.8405321836471558, -0.5398618578910828, 0.04532885178923607, -1.7135255336761475], [-0.46310463547706604, -0.6725592017173767, 0.5772328972816467, -0.4889924228191376], [-0.2811398208141327, -0.5061749815940857, -0.8153201937675476, -0.6799059510231018], [0.0, 0.0, 0.0, 1.0]]}, "finger2joint3": {"matrix": [[0.7656294703483582, -0.6420462131500244, -0.03984908387064934, -1.9184659719467163], [-0.5869017839431763, -0.722545862197876, 0.3653399348258972, -0.7443069815635681], [-0.26335808634757996, -0.25632771849632263, -0.9300205707550049, -0.8720582127571106], [0.0, 0.0, 0.0, 1.0]]}, "Bone.002": {"matrix": [[0.7482891082763672, -0.2859193980693817, 0.5985929369926453, -1.5018924474716187], [-0.45804065465927124, 0.4300302565097809, 0.7779926061630249, 0.07620266079902649], [-0.47985637187957764, -0.856343150138855, 0.19082441926002502, 0.500410258769989], [0.0, 0.0, 0.0, 1.0]]}, "finger3joint1": {"matrix": [[0.6471838355064392, 0.18792322278022766, 0.7388085126876831, -1.6224102973937988], [-0.6428324580192566, 0.6554737091064453, 0.3963841497898102, 0.25746476650238037], [-0.40978002548217773, -0.7314633131027222, 0.5450151562690735, 0.1394529938697815], [0.0, 0.0, 0.0, 1.0]]}, "finger3joint2": {"matrix": [[0.6396028995513916, -0.7060053944587708, 0.30407989025115967, -1.4575674533843994], [-0.545987069606781, -0.13877828419208527, 0.8262194395065308, 0.8324342370033264], [-0.5411158800125122, -0.6944759488105774, -0.47423258423805237, -0.502173125743866], [0.0, 0.0, 0.0, 1.0]]}, "finger3joint3": {"matrix": [[0.5435320138931274, -0.8184847235679626, -0.18616069853305817, -1.9144096374511719], [-0.6833553910255432, -0.5602661371231079, 0.4681100845336914, 0.7426334619522095], [-0.48744067549705505, -0.1272190362215042, -0.8638383150100708, -0.9515548348426819], [0.0, 0.0, 0.0, 1.0]]}, "Bone.003": {"matrix": [[0.6747065782546997, -0.38397425413131714, 0.6303450465202332, -1.5018924474716187], [0.33420535922050476, 0.9203940629959106, 0.20293191075325012, 0.07620269060134888], [-0.6580862998962402, 0.07374539226293564, 0.749322235584259, 0.500410258769989], [0.0, 0.0, 0.0, 1.0]]}, "finger4joint1": {"matrix": [[0.6268764734268188, -0.11585509777069092, 0.7704565525054932, -1.6664711236953735], [-0.6153727173805237, 0.5328787565231323, 0.5808237195014954, 0.4707014560699463], [-0.477851539850235, -0.8382226228713989, 0.26275524497032166, 0.5320190191268921], [0.0, 0.0, 0.0, 1.0]]}, "finger4joint2": {"matrix": [[0.6388166546821594, -0.42144399881362915, 0.6436598896980286, -1.7815568447113037], [-0.5916651487350464, 0.26565733551979065, 0.7611557245254517, 1.0000413656234741], [-0.4917776584625244, -0.8670700788497925, -0.07964719831943512, -0.30063700675964355], [0.0, 0.0, 0.0, 1.0]]}, "finger4joint3": {"matrix": [[0.6621541976928711, -0.5362136363983154, 0.5234754085540771, -1.9573254585266113], [-0.6227715611457825, -0.005242772866040468, 0.7823858261108398, 1.1108372211456299], [-0.4167816638946533, -0.8440657258033752, -0.33740997314453125, -0.6622598171234131], [0.0, 0.0, 0.0, 1.0]]}}