{"root": {"matrix": [[0.07183929532766342, -0.9946287870407104, -0.07451614737510681, -5.960464477539063e-08], [-0.2914307713508606, 0.050517234951257706, -0.9552571177482605, 0.0], [0.9538905620574951, 0.09034129232168198, -0.28623640537261963, 7.450580596923828e-09], [0.0, 0.0, 0.0, 1.0]]}, "carpals": {"matrix": [[0.6560170650482178, -0.439249187707901, -0.6137601733207703, -0.8027186393737793], [0.6600279808044434, -0.060540687292814255, 0.7487974762916565, -0.5022199749946594], [-0.36606600880622864, -0.8963229060173035, 0.2502012252807617, 2.2778067588806152], [0.0, 0.0, 0.0, 1.0]]}, "metacarpals": {"matrix": [[0.7698372602462769, -0.5291791558265686, 0.3568190336227417, -1.2305446863174438], [-0.0875808522105217, 0.46619072556495667, 0.8803383111953735, -0.5611862540245056], [-0.6322025060653687, -0.7089676856994629, 0.3125452399253845, 1.4047935009002686], [0.0, 0.0, 0.0, 1.0]]}, "finger5joint1": {"matrix": [[0.9322769641876221, -0.2629321813583374, 0.248447448015213, -1.8143948316574097], [-0.15503202378749847, 0.3301272392272949, 0.9311180114746094, -0.6419205665588379], [-0.32684025168418884, -0.9065771698951721, 0.26700738072395325, 0.982566237449646], [0.0, 0.0, 0.0, 1.0]]}, "finger5joint2": {"matrix": [[0.23110902309417725, -0.15307797491550446, -0.9608097672462463, -2.092122793197632], [0.9275604486465454, 0.33271002769470215, 0.17010338604450226, -0.29321637749671936], [0.29363223910331726, -0.9305214881896973, 0.21888141334056854, 0.024973928928375244], [0.0, 0.0, 0.0, 1.0]]}, "finger5joint3": {"matrix": [[0.2683536112308502, 0.00808173418045044, -0.9632863998413086, -2.197338581085205], [0.9437920451164246, 0.1981181502342224, 0.264585018157959, -0.06453309953212738], [0.19298310577869415, -0.9801443815231323, 0.045538321137428284, -0.6146061420440674], [0.0, 0.0, 0.0, 1.0]]}, "Bone": {"matrix": [[0.6096439957618713, 0.6041520833969116, 0.5131610631942749, -2.0567402839660645], [-0.546885073184967, -0.14805208146572113, 0.8240126967430115, 0.1666669249534607], [0.5738034844398499, -0.7829947471618652, 0.24014289677143097, 0.29789817333221436], [0.0, 0.0, 0.0, 1.0]]}, "finger1joint1": {"matrix": [[0.8569207787513733, -0.49664971232414246, 0.1379333734512329, -1.5539723634719849], [-0.1289767026901245, 0.052485015243291855, 0.9902575612068176, 0.043459802865982056], [-0.49905070662498474, -0.8663625717163086, -0.019080476835370064, -0.3537004590034485], [0.0, 0.0, 0.0, 1.0]]}, "finger1joint2": {"matrix": [[0.783997654914856, -0.6142593026161194, -0.08962719142436981, -1.8346681594848633], [-0.4253676235675812, -0.6367489695549011, 0.6431275010108948, 0.07312321662902832], [-0.45211729407310486, -0.46608611941337585, -0.7604955434799194, -0.843349814414978], [0.0, 0.0, 0.0, 1.0]]}, "finger1joint3": {"matrix": [[0.7928949594497681, -0.3067134916782379, -0.5265400409698486, -2.0979907512664795], [-0.3344009518623352, -0.9413657784461975, 0.04479189217090607, -0.19984060525894165], [-0.509405255317688, 0.14055997133255005, -0.8489693999290466, -1.043153166770935], [0.0, 0.0, 0.0, 1.0]]}, "Bone.001": {"matrix": [[0.8340736031532288, 0.481033593416214, 0.2700510323047638, -2.0567402839660645], [-0.4635036289691925, 0.34563031792640686, 0.8159067034721375, 0.1666669100522995], [0.2991406321525574, -0.8056959509849548, 0.5112422108650208, 0.29789817333221436], [0.0, 0.0, 0.0, 1.0]]}, "finger2joint1": {"matrix": [[0.8217371702194214, -0.4043087661266327, -0.4015994369983673, -1.7518210411071777], [-0.16438724100589752, -0.8429453372955322, 0.512269139289856, 0.38575631380081177], [-0.5456413626670837, -0.3549330234527588, -0.7591427564620972, -0.21281936764717102], [0.0, 0.0, 0.0, 1.0]]}, "finger2joint2": {"matrix": [[0.8153900504112244, -0.20056182146072388, -0.5430597066879272, -2.1016082763671875], [-0.28657642006874084, -0.9549075365066528, -0.07762235403060913, -0.3435169458389282], [-0.5030039548873901, 0.21892040967941284, -0.8360984325408936, -0.5198892951011658], [0.0, 0.0, 0.0, 1.0]]}, "finger2joint3": {"matrix": [[0.8322455286979675, -0.09175904095172882, -0.5467607378959656, -2.1777448654174805], [-0.3861207962036133, -0.8036336898803711, -0.45286113023757935, -0.7060155868530273], [-0.3978414833545685, 0.5880072712898254, -0.7042508721351624, -0.43678349256515503], [0.0, 0.0, 0.0, 1.0]]}, "Bone.002": {"matrix": [[0.9288910031318665, -0.2023056000471115, 0.3102157711982727, -2.0567402839660645], [-0.10400979220867157, 0.6614111661911011, 0.7427765727043152, 0.1666668951511383], [-0.3554480969905853, -0.7222237586975098, 0.5933372974395752, 0.2978981137275696], [0.0, 0.0, 0.0, 1.0]]}, "finger3joint1": {"matrix": [[0.830338716506958, 0.4599813222885132, 0.31457096338272095, -2.142014265060425], [-0.5533272624015808, 0.7474929094314575, 0.3675364851951599, 0.44545841217041016], [-0.06607990711927414, -0.4792402386665344, 0.8751925230026245, -0.006526470184326172], [0.0, 0.0, 0.0, 1.0]]}, "finger3joint2": {"matrix": [[0.8797898292541504, -0.3818610906600952, 0.28311121463775635, -1.7385270595550537], [-0.4420067369937897, -0.43798530101776123, 0.7828146815299988, 1.1011452674865723], [-0.17492811381816864, -0.8138495087623596, -0.554119884967804, -0.42690712213516235], [0.0, 0.0, 0.0, 1.0]]}, "finger3joint3": {"matrix": [[0.7996067404747009, -0.6000750064849854, -0.023218048736453056, -1.9856218099594116], [-0.588531494140625, -0.7907409071922302, 0.1684023141860962, 0.817733645439148], [-0.11941374093294144, -0.12099137902259827, -0.9854446649551392, -0.9535331130027771], [0.0, 0.0, 0.0, 1.0]]}, "Bone.003": {"matrix": [[0.6830455660820007, -0.6256725192070007, 0.3768058121204376, -2.0567402839660645], [0.6706051826477051, 0.7416449785232544, 0.015851592645049095, 0.1666668951511383], [-0.28937381505966187, 0.2418607920408249, 0.9261565804481506, 0.2978981137275696], [0.0, 0.0, 0.0, 1.0]]}, "finger4joint1": {"matrix": [[0.8522487282752991, 0.3042106032371521, 0.4255911409854889, -2.324915647506714], [-0.5014779567718506, 0.7067385315895081, 0.4990391731262207, 0.4845503568649292], [-0.14896884560585022, -0.6387298703193665, 0.7548721432685852, 0.401564359664917], [0.0, 0.0, 0.0, 1.0]]}, "finger4joint2": {"matrix": [[0.8670574426651001, -0.0867641493678093, 0.4905945658683777, -2.0227251052856445], [-0.4754154086112976, 0.15034380555152893, 0.8668197393417358, 1.1865955591201782], [-0.14896690845489502, -0.9848188161849976, 0.08910804986953735, -0.23292380571365356], [0.0, 0.0, 0.0, 1.0]]}, "finger4joint3": {"matrix": [[0.8639991283416748, -0.27706608176231384, 0.4204040467739105, -2.0589115619659424], [-0.49889683723449707, -0.35854727029800415, 0.7890154123306274, 1.2492982149124146], [-0.06787485629320145, -0.8914471864700317, -0.44801169633865356, -0.6436550617218018], [0.0, 0.0, 0.0, 1.0]]}}