{"root": {"matrix": [[0.22651158273220062, -0.7233453392982483, -0.6522760391235352, -5.960464477539063e-08], [-0.38037770986557007, 0.5508092641830444, -0.7429144978523254, 5.960464477539063e-08], [0.8966634273529053, 0.4163900315761566, -0.15037982165813446, 0.0], [0.0, 0.0, 0.0, 1.0]]}, "carpals": {"matrix": [[0.8814412951469421, -0.42019182443618774, 0.21563845872879028, -0.1224391758441925], [-0.2252744436264038, 0.027242694050073624, 0.9739142656326294, -0.2375500202178955], [-0.415105402469635, -0.9070261716842651, -0.07064542174339294, 2.452256679534912], [0.0, 0.0, 0.0, 1.0]]}, "metacarpals": {"matrix": [[-0.06858985871076584, -0.29353660345077515, 0.9534839391708374, -0.531703531742096], [-0.9496538043022156, 0.31206855177879333, 0.02775811217725277, -0.21101579070091248], [-0.3057006001472473, -0.9035757184028625, -0.3001628816127777, 1.5688188076019287], [0.0, 0.0, 0.0, 1.0]]}, "finger5joint1": {"matrix": [[-0.0714702382683754, -0.6128798127174377, 0.7869372367858887, -1.0794129371643066], [-0.8353941440582275, 0.46785107254981995, 0.28849905729293823, 0.12228500843048096], [-0.5449848771095276, -0.6367835998535156, -0.5454335808753967, 1.2302930355072021], [0.0, 0.0, 0.0, 1.0]]}, "finger5joint2": {"matrix": [[0.7444908618927002, -0.4929056167602539, -0.4503076374530792, -1.726780891418457], [0.23491771519184113, -0.4379476308822632, 0.867764413356781, 0.6164631843566895], [-0.6249372363090515, -0.7518280148506165, -0.2102554738521576, 0.5576762557029724], [0.0, 0.0, 0.0, 1.0]]}, "finger5joint3": {"matrix": [[0.718881368637085, -0.3332616090774536, -0.6100375056266785, -2.0655722618103027], [0.14487513899803162, -0.7864841222763062, 0.6003777980804443, 0.3154464066028595], [-0.6798677444458008, -0.5199799537658691, -0.5171072483062744, 0.04091848433017731], [0.0, 0.0, 0.0, 1.0]]}, "Bone": {"matrix": [[0.19771671295166016, -0.26765117049217224, 0.9430115818977356, -0.9899955987930298], [-0.45622581243515015, -0.8765870332717896, -0.15314346551895142, 0.27620989084243774], [0.8676206469535828, -0.39994749426841736, -0.29542529582977295, 0.15808629989624023], [0.0, 0.0, 0.0, 1.0]]}, "finger1joint1": {"matrix": [[0.14848162233829498, -0.5547317862510681, 0.8186731934547424, -1.2127315998077393], [-0.9888647794723511, -0.09162912517786026, 0.11726129800081253, -0.45327502489089966], [0.009965450502932072, -0.8269683122634888, -0.5621598958969116, -0.17474502325057983], [0.0, 0.0, 0.0, 1.0]]}, "finger1joint2": {"matrix": [[-0.09675495326519012, -0.7774559259414673, 0.6214505434036255, -1.5262539386749268], [-0.9755802154541016, -0.04961879551410675, -0.21396492421627045, -0.5050618052482605], [0.19718365371227264, -0.6269770264625549, -0.7536697387695312, -0.64212965965271], [0.0, 0.0, 0.0, 1.0]]}, "finger1joint3": {"matrix": [[-0.004733326844871044, -0.9730288982391357, 0.2306346893310547, -1.8595365285873413], [-0.9897528886795044, -0.028356587514281273, -0.13994672894477844, -0.5263325572013855], [0.14271196722984314, -0.22893375158309937, -0.9629238247871399, -0.9109043478965759], [0.0, 0.0, 0.0, 1.0]]}, "Bone.001": {"matrix": [[0.205242320895195, 0.015163560397922993, 0.978593647480011, -0.9899955987930298], [-0.7405529618263245, -0.651322066783905, 0.16540998220443726, 0.27620989084243774], [0.6398877501487732, -0.7586497664451599, -0.1224493756890297, 0.15808632969856262], [0.0, 0.0, 0.0, 1.0]]}, "finger2joint1": {"matrix": [[0.048650287091732025, -0.5117138028144836, 0.8577773571014404, -0.9803836941719055], [-0.9966748952865601, 0.0313260443508625, 0.0752158835530281, -0.13665254414081573], [-0.06536001712083817, -0.8585845232009888, -0.5084882378578186, -0.3228093981742859], [0.0, 0.0, 0.0, 1.0]]}, "finger2joint2": {"matrix": [[-0.07730269432067871, -0.9325115084648132, 0.3527696132659912, -1.4230923652648926], [-0.9924266934394836, 0.10584888607263565, 0.06232978031039238, -0.1095508486032486], [-0.09546377509832382, -0.3452796936035156, -0.9336317181587219, -1.0656129121780396], [0.0, 0.0, 0.0, 1.0]]}, "finger2joint3": {"matrix": [[-0.21495887637138367, -0.885079026222229, -0.41282880306243896, -1.7770888805389404], [-0.9753096699714661, 0.17263399064540863, 0.13772481679916382, -0.069368876516819], [-0.050629325211048126, 0.43224120140075684, -0.9003353714942932, -1.1966867446899414], [0.0, 0.0, 0.0, 1.0]]}, "Bone.002": {"matrix": [[0.14226104319095612, -0.01777295209467411, 0.9896696209907532, -0.9899955987930298], [-0.9874574542045593, 0.06662362068891525, 0.14313949644565582, 0.27620986104011536], [-0.06847960501909256, -0.9976196885108948, -0.008072061464190483, 0.15808629989624023], [0.0, 0.0, 0.0, 1.0]]}, "finger3joint1": {"matrix": [[-0.016903765499591827, -0.2958187758922577, 0.9550945162773132, -0.9974870681762695], [-0.9861620664596558, 0.16249187290668488, 0.032874517142772675, 0.30429238080978394], [-0.16492021083831787, -0.9413220882415771, -0.2944719195365906, -0.2624203562736511], [0.0, 0.0, 0.0, 1.0]]}, "finger3joint2": {"matrix": [[-0.10050470381975174, -0.9868740439414978, 0.12640565633773804, -1.2569738626480103], [-0.948585569858551, 0.13337258994579315, 0.28704899549484253, 0.4468272924423218], [-0.3001404106616974, -0.0910567119717598, -0.9495388865470886, -1.0881307125091553], [0.0, 0.0, 0.0, 1.0]]}, "finger3joint3": {"matrix": [[-0.1691676527261734, -0.8766993880271912, -0.45031166076660156, -1.8955605030059814], [-0.9755458235740662, 0.08389082551002502, 0.20315660536289215, 0.5331300497055054], [-0.14033041894435883, 0.473667174577713, -0.8694517612457275, -1.1470518112182617], [0.0, 0.0, 0.0, 1.0]]}, "Bone.003": {"matrix": [[0.6185735464096069, 0.38137322664260864, 0.68696528673172, -0.9899955987930298], [-0.5478887557983398, 0.8360409736633301, 0.02920943684875965, 0.27620983123779297], [-0.5631914734840393, -0.39444854855537415, 0.7261029481887817, 0.15808631479740143], [0.0, 0.0, 0.0, 1.0]]}, "finger4joint1": {"matrix": [[-0.09477934241294861, -0.6024866104125977, 0.7924812436103821, -0.826531708240509], [-0.9341058731079102, 0.329056054353714, 0.1384485810995102, 0.6345533132553101], [-0.34418436884880066, -0.7271392941474915, -0.5939739346504211, -0.010981976985931396], [0.0, 0.0, 0.0, 1.0]]}, "finger4joint2": {"matrix": [[-0.09324470907449722, -0.8658100366592407, 0.4916077256202698, -1.425017237663269], [-0.9234696626663208, 0.2597728967666626, 0.28234973549842834, 0.9614240527153015], [-0.37216776609420776, -0.4276571571826935, -0.8237717747688293, -0.7332923412322998], [0.0, 0.0, 0.0, 1.0]]}, "finger4joint3": {"matrix": [[-0.028132231906056404, -0.9732013940811157, 0.22822675108909607, -1.7861143350601196], [-0.9458986520767212, 0.09974800795316696, 0.30874836444854736, 1.0697656869888306], [-0.32323965430259705, -0.20719358325004578, -0.9233560562133789, -0.9116522669792175], [0.0, 0.0, 0.0, 1.0]]}}