{"root": {"matrix": [[0.20287738740444183, -0.6861875653266907, -0.6985609531402588, 0.0], [-0.5115405917167664, 0.5340422987937927, -0.673145592212677, 0.0], [0.8349652290344238, 0.4939083456993103, -0.2426677644252777, 0.0], [0.0, 0.0, 0.0, 1.0]]}, "carpals": {"matrix": [[0.7849552035331726, -0.6189025640487671, -0.0283696036785841, -0.13431298732757568], [0.24029657244682312, 0.26192355155944824, 0.934694230556488, -0.5584271550178528], [-0.5710539221763611, -0.7405102849006653, 0.35431864857673645, 2.398979663848877], [0.0, 0.0, 0.0, 1.0]]}, "metacarpals": {"matrix": [[0.47177132964134216, -0.5921828150749207, 0.6532619595527649, -0.7371204495429993], [-0.5034822821617126, 0.42729616165161133, 0.7509482502937317, -0.30331525206565857], [-0.7238351702690125, -0.683181643486023, -0.0965673103928566, 1.677727222442627], [0.0, 0.0, 0.0, 1.0]]}, "finger5joint1": {"matrix": [[0.7232910990715027, -0.6799456477165222, 0.12051481753587723, -1.426571249961853], [-0.35387539863586426, -0.21510520577430725, 0.9102206230163574, -0.28004226088523865], [-0.5929772853851318, -0.7010018229484558, -0.3961995542049408, 1.4545892477035522], [0.0, 0.0, 0.0, 1.0]]}, "finger5joint2": {"matrix": [[0.09579191356897354, -0.21609094738960266, -0.9716626405715942, -2.1447792053222656], [0.8479518890380859, -0.49354827404022217, 0.19335754215717316, -0.5072519183158875], [-0.5213451981544495, -0.8424453735351562, 0.13595691323280334, 0.7141405344009399], [0.0, 0.0, 0.0, 1.0]]}, "finger5joint3": {"matrix": [[0.1285484880208969, 0.18730124831199646, -0.9738547801971436, -2.2933058738708496], [0.7862365245819092, -0.6177424192428589, -0.015027252957224846, -0.8464850187301636], [-0.6044059991836548, -0.7637487053871155, -0.22667287290096283, 0.13509826362133026], [0.0, 0.0, 0.0, 1.0]]}, "Bone": {"matrix": [[0.6005520224571228, 0.25634974241256714, 0.7573782801628113, -1.66168212890625], [-0.5618970990180969, -0.5385921597480774, 0.6278453469276428, 0.36381271481513977], [0.568865954875946, -0.8026227355003357, -0.17941030859947205, 0.6110910773277283], [0.0, 0.0, 0.0, 1.0]]}, "finger1joint1": {"matrix": [[0.7960854172706604, -0.44323986768722534, 0.41205132007598877, -1.4483511447906494], [-0.5168243050575256, -0.14368459582328796, 0.8439472913742065, -0.08439701050519943], [-0.3148658573627472, -0.8848124146461487, -0.34346216917037964, -0.05684173107147217], [0.0, 0.0, 0.0, 1.0]]}, "finger1joint2": {"matrix": [[0.6415376663208008, -0.6044392585754395, 0.47231611609458923, -1.6988606452941895], [-0.7462523579597473, -0.3492318093776703, 0.5666959285736084, -0.16560445725917816], [-0.1775856614112854, -0.7160239815711975, -0.6751095056533813, -0.5569185018539429], [0.0, 0.0, 0.0, 1.0]]}, "finger1joint3": {"matrix": [[0.7078132033348083, -0.6982360482215881, 0.10708337277173996, -1.957973837852478], [-0.6717074513435364, -0.61835116147995, 0.4079837501049042, -0.3153143525123596], [-0.21865405142307281, -0.36070516705513, -0.9066873788833618, -0.8638662695884705], [0.0, 0.0, 0.0, 1.0]]}, "Bone.001": {"matrix": [[0.7367196679115295, 0.2641829252243042, 0.6224558353424072, -1.6616822481155396], [-0.6327722072601318, -0.05521992966532707, 0.7723662853240967, 0.36381271481513977], [0.23841790854930878, -0.9628903269767761, 0.12648621201515198, 0.6110910177230835], [0.0, 0.0, 0.0, 1.0]]}, "finger2joint1": {"matrix": [[0.5273869633674622, -0.6080474853515625, 0.5934147238731384, -1.4942208528518677], [-0.5692437291145325, 0.2656227946281433, 0.7780781984329224, 0.3288096785545349], [-0.6307331323623657, -0.7481459975242615, -0.20604105293750763, 0.0007305741310119629], [0.0, 0.0, 0.0, 1.0]]}, "finger2joint2": {"matrix": [[0.41313427686691284, -0.6254040598869324, -0.6619589328765869, -2.020272731781006], [-0.6123490333557129, -0.7288045287132263, 0.30638590455055237, 0.5586130023002625], [-0.6740539073944092, 0.2787712514400482, -0.6840596795082092, -0.6465271711349487], [0.0, 0.0, 0.0, 1.0]]}, "finger2joint3": {"matrix": [[0.39615994691848755, 0.13456933200359344, -0.908266544342041, -2.257686138153076], [-0.7168104648590088, -0.5728484988212585, -0.39752596616744995, 0.2819468379020691], [-0.5737941861152649, 0.8085388541221619, -0.13047902286052704, -0.5407010316848755], [0.0, 0.0, 0.0, 1.0]]}, "Bone.002": {"matrix": [[0.7023763060569763, -0.24885016679763794, 0.6668891310691833, -1.66168212890625], [-0.5041276812553406, 0.4875149726867676, 0.7128704190254211, 0.36381274461746216], [-0.502516508102417, -0.8369004130363464, 0.21696686744689941, 0.6110910177230835], [0.0, 0.0, 0.0, 1.0]]}, "finger3joint1": {"matrix": [[0.6292647123336792, 0.31231337785720825, 0.7116785049438477, -1.7665748596191406], [-0.7667216658592224, 0.39925864338874817, 0.5027227997779846, 0.5693051815032959], [-0.12713702023029327, -0.8620049357414246, 0.49069687724113464, 0.2583291232585907], [0.0, 0.0, 0.0, 1.0]]}, "finger3joint2": {"matrix": [[0.6426442265510559, -0.637098491191864, 0.4255748987197876, -1.492619514465332], [-0.7128617167472839, -0.29364675283432007, 0.6368669867515564, 0.919527530670166], [-0.28077852725982666, -0.7126548886299133, -0.6428733468055725, -0.4978056848049164], [0.0, 0.0, 0.0, 1.0]]}, "finger3joint3": {"matrix": [[0.5295138955116272, -0.8480656147003174, -0.019995765760540962, -1.9048733711242676], [-0.8234865069389343, -0.5195411443710327, 0.22791841626167297, 0.729514479637146], [-0.2036786675453186, -0.10421986132860184, -0.9734746813774109, -0.9589506387710571], [0.0, 0.0, 0.0, 1.0]]}, "Bone.003": {"matrix": [[0.6998868584632874, -0.29923349618911743, 0.6485504508018494, -1.6616822481155396], [0.2979503870010376, 0.9475493431091309, 0.11565320938825607, 0.36381274461746216], [-0.6491407155990601, 0.11229190975427628, 0.7523341178894043, 0.6110910177230835], [0.0, 0.0, 0.0, 1.0]]}, "finger4joint1": {"matrix": [[0.6393709182739258, -0.04411063715815544, 0.767632007598877, -1.7899394035339355], [-0.7061247229576111, 0.36141085624694824, 0.6089085340499878, 0.7699508666992188], [-0.30429011583328247, -0.9313623309135437, 0.1999281793832779, 0.6592215299606323], [0.0, 0.0, 0.0, 1.0]]}, "finger4joint2": {"matrix": [[0.6528955698013306, -0.3531678020954132, 0.6700744032859802, -1.8337570428848267], [-0.6857646107673645, 0.10004662722349167, 0.7209140062332153, 1.128961443901062], [-0.3216424882411957, -0.9301949143409729, -0.17686979472637177, -0.26595568656921387], [0.0, 0.0, 0.0, 1.0]]}, "finger4joint3": {"matrix": [[0.6701209545135498, -0.47592028975486755, 0.5695942640304565, -1.9810504913330078], [-0.702180027961731, -0.157743901014328, 0.6943050622940063, 1.1706873178482056], [-0.24058404564857483, -0.8652262091636658, -0.4398890733718872, -0.6539053916931152], [0.0, 0.0, 0.0, 1.0]]}}