{"root": {"matrix": [[0.3988718092441559, -0.6533215641975403, -0.6434844136238098, 0.0], [-0.22603045403957367, 0.610025942325592, -0.759459376335144, 0.0], [0.8887133598327637, 0.44837406277656555, 0.0956515371799469, 0.0], [0.0, 0.0, 0.0, 1.0]]}, "carpals": {"matrix": [[0.6536791920661926, -0.7390509247779846, 0.1628100723028183, 0.33490097522735596], [-0.13835875689983368, 0.09479930251836777, 0.985834538936615, 0.17132461071014404], [-0.7440162301063538, -0.6669456958770752, -0.0402856282889843, 2.437924385070801], [0.0, 0.0, 0.0, 1.0]]}, "metacarpals": {"matrix": [[0.16757245361804962, -0.37707433104515076, 0.9108974933624268, -0.38493019342422485], [-0.953356146812439, 0.1733170747756958, 0.24712954461574554, 0.2636585533618927], [-0.25106051564216614, -0.9098218083381653, -0.3304429352283478, 1.7883230447769165], [0.0, 0.0, 0.0, 1.0]]}, "finger5joint1": {"matrix": [[0.2695233225822449, -0.6521095037460327, 0.7085973620414734, -1.0042316913604736], [-0.9136104583740234, 0.059456877410411835, 0.4022195637226105, 0.42818546295166016], [-0.30442237854003906, -0.7557895183563232, -0.5797489881515503, 1.4491016864776611], [0.0, 0.0, 0.0, 1.0]]}, "finger5joint2": {"matrix": [[0.6944575905799866, -0.4856134057044983, -0.5309500098228455, -1.6930370330810547], [0.3846987783908844, -0.37300169467926025, 0.8443199396133423, 0.4909881353378296], [-0.6080583930015564, -0.7906001806259155, -0.07221878319978714, 0.6507822275161743], [0.0, 0.0, 0.0, 1.0]]}, "finger5joint3": {"matrix": [[0.6742632389068604, -0.43405336141586304, -0.5974665284156799, -2.026815891265869], [0.30112767219543457, -0.5771256685256958, 0.7591097354888916, 0.23461097478866577], [-0.6743074655532837, -0.691753625869751, -0.25842899084091187, 0.10737495124340057], [0.0, 0.0, 0.0, 1.0]]}, "Bone": {"matrix": [[0.32002896070480347, -0.04495534300804138, 0.9463405013084412, -0.9736478924751282], [-0.33876726031303406, -0.9382631778717041, 0.06999111920595169, 0.5342546105384827], [0.884769856929779, -0.34298861026763916, -0.31550076603889465, 0.36783865094184875], [0.0, 0.0, 0.0, 1.0]]}, "finger1joint1": {"matrix": [[0.3303561806678772, -0.7916637659072876, 0.513938844203949, -1.0110591650009155], [-0.9428602457046509, -0.25178807973861694, 0.2182132750749588, -0.2465563714504242], [-0.04334812983870506, -0.5566606521606445, -0.8296080231666565, 0.08240774273872375], [0.0, 0.0, 0.0, 1.0]]}, "finger1joint2": {"matrix": [[0.1739644557237625, -0.973508358001709, 0.14838384091854095, -1.458490252494812], [-0.959301769733429, -0.2015690803527832, -0.19776231050491333, -0.3888615369796753], [0.22243261337280273, -0.10794126987457275, -0.9689540863037109, -0.23220480978488922], [0.0, 0.0, 0.0, 1.0]]}, "finger1joint3": {"matrix": [[0.22369474172592163, -0.9274361729621887, -0.2997044324874878, -1.8758174180984497], [-0.9663535952568054, -0.17098478972911835, -0.1921585649251938, -0.47527092695236206], [0.12696966528892517, 0.3326052725315094, -0.9344795942306519, -0.27847743034362793], [0.0, 0.0, 0.0, 1.0]]}, "Bone.001": {"matrix": [[0.39516696333885193, 0.1663053035736084, 0.9034298062324524, -0.9736478328704834], [-0.6254451274871826, -0.6716002821922302, 0.39720404148101807, 0.5342546105384827], [0.6728007793426514, -0.7220079302787781, -0.16137933731079102, 0.36783868074417114], [0.0, 0.0, 0.0, 1.0]]}, "finger2joint1": {"matrix": [[0.24888022243976593, -0.6148310303688049, 0.7483590245246887, -0.8682295083999634], [-0.9658052921295166, -0.09958536177873611, 0.2393793910741806, 0.1085381954908371], [-0.07265250384807587, -0.7823460102081299, -0.6185919046401978, -0.08983033895492554], [0.0, 0.0, 0.0, 1.0]]}, "finger2joint2": {"matrix": [[0.12203307449817657, -0.8535261750221252, 0.5065577626228333, -1.4001500606536865], [-0.9888255596160889, -0.060521602630615234, 0.13623851537704468, 0.02238202467560768], [-0.08562570810317993, -0.5175228714942932, -0.8513741493225098, -0.766676127910614], [0.0, 0.0, 0.0, 1.0]]}, "finger2joint3": {"matrix": [[-0.022423315793275833, -0.9976314902305603, 0.0650256797671318, -1.7241625785827637], [-0.9974330067634583, 0.02674802951514721, 0.0664193406701088, -0.0005929684266448021], [-0.06800159066915512, -0.06336935609579086, -0.9956704378128052, -0.9631363749504089], [0.0, 0.0, 0.0, 1.0]]}, "Bone.002": {"matrix": [[0.3849373757839203, -0.04998902231454849, 0.9215878844261169, -0.9736478328704834], [-0.9227524995803833, -0.0005798781639896333, 0.3853923976421356, 0.5342546105384827], [-0.01873118430376053, -0.9987494349479675, -0.04635068029165268, 0.36783868074417114], [0.0, 0.0, 0.0, 1.0]]}, "finger3joint1": {"matrix": [[0.2109612077474594, -0.2872450351715088, 0.9343370199203491, -0.9947186708450317], [-0.9658015370368958, 0.08615177124738693, 0.24455125629901886, 0.5340102314949036], [-0.1507411003112793, -0.953974723815918, -0.25924694538116455, -0.053144216537475586], [0.0, 0.0, 0.0, 1.0]]}, "finger3joint2": {"matrix": [[0.1264808475971222, -0.9578473567962646, 0.25793612003326416, -1.2466847896575928], [-0.948779284954071, -0.040921587496995926, 0.3132781982421875, 0.609580934047699], [-0.2895176410675049, -0.2843480110168457, -0.9139614105224609, -0.8899532556533813], [0.0, 0.0, 0.0, 1.0]]}, "finger3joint3": {"matrix": [[0.03362323343753815, -0.9659816026687622, -0.25641578435897827, -1.8664889335632324], [-0.9887948036193848, -0.06948840618133545, 0.13212153315544128, 0.5831013917922974], [-0.14544503390789032, 0.24910025298595428, -0.9574938416481018, -1.0739492177963257], [0.0, 0.0, 0.0, 1.0]]}, "Bone.003": {"matrix": [[0.7273609042167664, 0.15243804454803467, 0.6691104173660278, -0.9736478328704834], [-0.40885332226753235, 0.8793451189994812, 0.24411273002624512, 0.5342546105384827], [-0.5511669516563416, -0.4511258900165558, 0.701926052570343, 0.36783865094184875], [0.0, 0.0, 0.0, 1.0]]}, "finger4joint1": {"matrix": [[0.12711647152900696, -0.5482238531112671, 0.8266147375106812, -0.9083097577095032], [-0.9404810667037964, 0.1981918066740036, 0.2760707139968872, 0.9111589789390564], [-0.31517696380615234, -0.8125085234642029, -0.49040061235427856, 0.17447739839553833], [0.0, 0.0, 0.0, 1.0]]}, "finger4joint2": {"matrix": [[0.1304543912410736, -0.8324880599975586, 0.5384654402732849, -1.4528930187225342], [-0.9301843047142029, 0.08519396185874939, 0.35706958174705505, 1.108034610748291], [-0.34313032031059265, -0.5474533438682556, -0.7632534503936768, -0.6326353549957275], [0.0, 0.0, 0.0, 1.0]]}, "finger4joint3": {"matrix": [[0.1913132518529892, -0.9374654293060303, 0.2907879948616028, -1.8000928163528442], [-0.9391703605651855, -0.08874573558568954, 0.33178719878196716, 1.1435658931732178], [-0.2852329611778259, -0.3365747332572937, -0.8974179625511169, -0.8609578609466553], [0.0, 0.0, 0.0, 1.0]]}}