{"root": {"matrix": [[0.44331759214401245, -0.7917603254318237, -0.42022034525871277, 0.0], [0.3667021691799164, 0.587976336479187, -0.7209808230400085, 0.0], [0.8179236650466919, 0.165527805685997, 0.5510004162788391, 0.0], [0.0, 0.0, 0.0, 1.0]]}, "carpals": {"matrix": [[0.8766056299209595, -0.47708573937416077, -0.06286200135946274, 0.2748070955276489], [-0.21356768906116486, -0.5027795433998108, 0.8376165628433228, 1.4858654737472534], [-0.4312206506729126, -0.7208340167999268, -0.5426293611526489, 1.9497872591018677], [0.0, 0.0, 0.0, 1.0]]}, "metacarpals": {"matrix": [[0.00015780476678628474, -0.5717883706092834, 0.8204010128974915, -0.18987160921096802], [-0.9942167401313782, 0.08801411837339401, 0.06153377518057823, 0.9961612224578857], [-0.10739124566316605, -0.8156660795211792, -0.5684677362442017, 1.2476993799209595], [0.0, 0.0, 0.0, 1.0]]}, "finger5joint1": {"matrix": [[-0.22975540161132812, -0.6825788617134094, 0.6937566995620728, -0.8536876440048218], [-0.8589935898780823, 0.4773309528827667, 0.18516232073307037, 1.195526123046875], [-0.4575394093990326, -0.553390383720398, -0.6960002183914185, 1.0349164009094238], [0.0, 0.0, 0.0, 1.0]]}, "finger5joint2": {"matrix": [[0.6724614500999451, -0.6313545107841492, -0.38624677062034607, -1.574676752090454], [0.1453159600496292, -0.39907944202423096, 0.9053278565406799, 1.6997175216674805], [-0.7257261276245117, -0.6649258136749268, -0.17661947011947632, 0.4503854513168335], [0.0, 0.0, 0.0, 1.0]]}, "finger5joint3": {"matrix": [[0.6308245062828064, -0.41175657510757446, -0.6576598286628723, -2.008629083633423], [0.057361703366041183, -0.8205146193504333, 0.5687399506568909, 1.4254162311553955], [-0.7738019824028015, -0.3964995741844177, -0.4939814507961273, -0.006641373038291931], [0.0, 0.0, 0.0, 1.0]]}, "Bone": {"matrix": [[0.49349409341812134, -0.22582891583442688, 0.8399194478988647, -1.0825920104980469], [-0.2454126626253128, -0.9626179337501526, -0.11462671309709549, 1.133575677871704], [0.834407389163971, -0.14955934882164001, -0.5304675698280334, -0.025781825184822083], [0.0, 0.0, 0.0, 1.0]]}, "finger1joint1": {"matrix": [[0.2718472480773926, -0.4863448143005371, 0.830402135848999, -1.2705239057540894], [-0.9504283666610718, -0.2710336148738861, 0.15240277349948883, 0.3324969410896301], [0.15094640851020813, -0.8306678533554077, -0.5359156131744385, -0.15024325251579285], [0.0, 0.0, 0.0, 1.0]]}, "finger1joint2": {"matrix": [[0.015789363533258438, -0.7245514392852783, 0.6890398263931274, -1.5453956127166748], [-0.9460875391960144, -0.23380404710769653, -0.22417406737804413, 0.17931461334228516], [0.3235257863998413, -0.6483522057533264, -0.6891806721687317, -0.6197187900543213], [0.0, 0.0, 0.0, 1.0]]}, "finger1joint3": {"matrix": [[0.11206027120351791, -0.9455092549324036, 0.30570361018180847, -1.8559988737106323], [-0.954708456993103, -0.18777570128440857, -0.23080754280090332, 0.07908666133880615], [0.2756342589855194, -0.26599329710006714, -0.9237276911735535, -0.8976566791534424], [0.0, 0.0, 0.0, 1.0]]}, "Bone.001": {"matrix": [[0.483378142118454, -0.08921073377132416, 0.8708540797233582, -1.0825920104980469], [-0.568296492099762, -0.7886560559272766, 0.23464959859848022, 1.133575677871704], [0.6658709645271301, -0.6083278656005859, -0.431917279958725, -0.02578181028366089], [0.0, 0.0, 0.0, 1.0]]}, "finger2joint1": {"matrix": [[0.6662881374359131, -0.5102530121803284, 0.5437846779823303, -1.1391412019729614], [-0.653739333152771, -0.7505043148994446, 0.09678774327039719, 0.6336594820022583], [0.3587263822555542, -0.419981986284256, -0.8336246013641357, -0.41139090061187744], [0.0, 0.0, 0.0, 1.0]]}, "finger2joint2": {"matrix": [[0.5642996430397034, -0.6436328887939453, 0.5170130729675293, -1.5805859565734863], [-0.7250654697418213, -0.6858441233634949, -0.06243118271231651, -0.0156385600566864], [0.39477303624153137, -0.3396383821964264, -0.8536975383758545, -0.7747378945350647], [0.0, 0.0, 0.0, 1.0]]}, "finger2joint3": {"matrix": [[0.4382835924625397, -0.8117794990539551, 0.3859032094478607, -1.8249197006225586], [-0.7904468774795532, -0.5524915456771851, -0.26447412371635437, -0.27599620819091797], [0.42790281772613525, -0.1891212910413742, -0.8838165998458862, -0.9036701917648315], [0.0, 0.0, 0.0, 1.0]]}, "Bone.002": {"matrix": [[0.27050429582595825, -0.29697495698928833, 0.9157692193984985, -1.0825920104980469], [-0.960858166217804, -0.14239312708377838, 0.2376461923122406, 1.133575677871704], [0.059824176132678986, -0.9442084431648254, -0.3238688111305237, -0.02578181028366089], [0.0, 0.0, 0.0, 1.0]]}, "finger3joint1": {"matrix": [[0.2756217122077942, -0.09618356823921204, 0.9564419984817505, -1.207769751548767], [-0.8557236790657043, -0.4778251051902771, 0.19854530692100525, 1.073555588722229], [0.43791502714157104, -0.8731732964515686, -0.21400558948516846, -0.42377519607543945], [0.0, 0.0, 0.0, 1.0]]}, "finger3joint2": {"matrix": [[0.21963217854499817, -0.9737765789031982, 0.05933687090873718, -1.2921404838562012], [-0.927562952041626, -0.22728189826011658, -0.2965973913669586, 0.6544161438941956], [0.3023056089878082, 0.010103832930326462, -0.9531573057174683, -1.1897066831588745], [0.0, 0.0, 0.0, 1.0]]}, "finger3joint3": {"matrix": [[0.15793858468532562, -0.7947432994842529, -0.5860362648963928, -1.9222520589828491], [-0.87459397315979, 0.16293023526668549, -0.45666083693504333, 0.507346510887146], [0.45841097831726074, 0.5846682190895081, -0.669344425201416, -1.183168649673462], [0.0, 0.0, 0.0, 1.0]]}, "Bone.003": {"matrix": [[0.5207967162132263, 0.1254238486289978, 0.8444167971611023, -1.0825918912887573], [-0.5867668390274048, 0.771048367023468, 0.24736419320106506, 1.133575677871704], [-0.6200607419013977, -0.6243021488189697, 0.4751538634300232, -0.0257817804813385], [0.0, 0.0, 0.0, 1.0]]}, "finger4joint1": {"matrix": [[0.16556936502456665, -0.41028162837028503, 0.8968029618263245, -1.0288329124450684], [-0.9701442718505859, -0.23117005825042725, 0.07335091382265091, 1.464061975479126], [0.17721939086914062, -0.8821727633476257, -0.43630707263946533, -0.2933698892593384], [0.0, 0.0, 0.0, 1.0]]}, "finger4joint2": {"matrix": [[0.1734074056148529, -0.9775423407554626, 0.11975228041410446, -1.4363899230957031], [-0.9735910296440125, -0.18848659098148346, -0.12881365418434143, 1.2344270944595337], [0.14849242568016052, -0.0942523255944252, -0.9844114184379578, -1.1696840524673462], [0.0, 0.0, 0.0, 1.0]]}, "finger4joint3": {"matrix": [[0.25229597091674805, -0.8253748416900635, -0.5050771236419678, -1.8440865278244019], [-0.9525644183158875, -0.12003856152296066, -0.27966299653053284, 1.1558163166046143], [0.1701979637145996, 0.5516764521598816, -0.8165078163146973, -1.2089931964874268], [0.0, 0.0, 0.0, 1.0]]}}