{"root": {"matrix": [[0.43793487548828125, -0.8923838138580322, -0.10892269015312195, 0.0], [0.4405169188976288, 0.31862568855285645, -0.8392987847328186, 2.9802322387695312e-08], [0.7836822867393494, 0.3195759654045105, 0.532647430896759, 2.9802322387695312e-08], [0.0, 0.0, 0.0, 1.0]]}, "carpals": {"matrix": [[0.5889052152633667, -0.4929284155368805, -0.6404779553413391, 0.12914428114891052], [0.3851655423641205, -0.5255176424980164, 0.758603036403656, 1.4024529457092285], [-0.7105194330215454, -0.6934353113174438, -0.1196209192276001, 2.0251996517181396], [0.0, 0.0, 0.0, 1.0]]}, "metacarpals": {"matrix": [[0.5383264422416687, -0.8006962537765503, 0.2628496587276459, -0.3509650230407715], [-0.3592188060283661, 0.06412973999977112, 0.9310473203659058, 0.8906018733978271], [-0.762342631816864, -0.5956277847290039, -0.2531023919582367, 1.3497977256774902], [0.0, 0.0, 0.0, 1.0]]}, "finger5joint1": {"matrix": [[0.2707357406616211, -0.8831711411476135, 0.3830283582210541, -1.0104833841323853], [-0.3183492124080658, 0.2933613657951355, 0.9014392495155334, 0.6072266697883606], [-0.9084908366203308, -0.36598843336105347, -0.20173341035842896, 1.247774362564087], [0.0, 0.0, 0.0, 1.0]]}, "finger5joint2": {"matrix": [[0.5604893565177917, -0.26781293749809265, -0.7836627960205078, -1.9433526992797852], [0.825072705745697, 0.262225866317749, 0.5004919767379761, 0.9170961380004883], [0.07145832479000092, -0.9270991683006287, 0.3679402768611908, 0.861190915107727], [0.0, 0.0, 0.0, 1.0]]}, "finger5joint3": {"matrix": [[0.5753299593925476, -0.10387774556875229, -0.8112978935241699, -2.127429723739624], [0.817138671875, 0.02962099201977253, 0.5756792426109314, 1.0973331928253174], [-0.03576892241835594, -0.9941484928131104, 0.10192467272281647, 0.22396309673786163], [0.0, 0.0, 0.0, 1.0]]}, "Bone": {"matrix": [[0.8491051197052002, 0.3486824035644531, 0.3967881500720978, -1.60107421875], [-0.19735409319400787, -0.4873640239238739, 0.850604236125946, 0.9907261729240417], [0.4899708330631256, -0.8005602359771729, -0.34500935673713684, 0.419857382774353], [0.0, 0.0, 0.0, 1.0]]}, "finger1joint1": {"matrix": [[0.7615025043487549, -0.641078770160675, 0.09555977582931519, -1.3109049797058105], [-0.29030635952949524, -0.20552663505077362, 0.9346020221710205, 0.5851478576660156], [-0.5795135498046875, -0.739443302154541, -0.3426181972026825, -0.24635890126228333], [0.0, 0.0, 0.0, 1.0]]}, "finger1joint2": {"matrix": [[0.7089189291000366, -0.6947891712188721, 0.12125120311975479, -1.6732288599014282], [-0.55689936876297, -0.44593971967697144, 0.7007145285606384, 0.46898865699768066], [-0.4327782690525055, -0.5642743706703186, -0.7030625939369202, -0.6642763018608093], [0.0, 0.0, 0.0, 1.0]]}, "finger1joint3": {"matrix": [[0.7425636649131775, -0.6236159205436707, -0.2443404197692871, -1.9710736274719238], [-0.4663356840610504, -0.7432411313056946, 0.4797120690345764, 0.2778216004371643], [-0.4807600975036621, -0.2422720193862915, -0.8427180051803589, -0.906171441078186], [0.0, 0.0, 0.0, 1.0]]}, "Bone.001": {"matrix": [[0.9574902653694153, 0.1335996687412262, 0.2556622624397278, -1.60107421875], [-0.24882978200912476, -0.06583844125270844, 0.9663068056106567, 0.9907262325286865], [0.14593057334423065, -0.9888457655906677, -0.029796063899993896, 0.4198574423789978], [0.0, 0.0, 0.0, 1.0]]}, "finger2joint1": {"matrix": [[0.7491941452026367, -0.473073810338974, -0.4635827839374542, -1.5163874626159668], [-0.2550458610057831, -0.8519835472106934, 0.45724770426750183, 0.9489922523498535], [-0.6112769246101379, -0.22433239221572876, -0.7589565515518188, -0.2069557160139084], [0.0, 0.0, 0.0, 1.0]]}, "finger2joint2": {"matrix": [[0.7429654002189636, -0.3949050307273865, -0.5404185652732849, -1.9256666898727417], [-0.3722067177295685, -0.9148123860359192, 0.1567808985710144, 0.21189957857131958], [-0.5562952756881714, 0.08466461300849915, -0.82666015625, -0.40103664994239807], [0.0, 0.0, 0.0, 1.0]]}, "finger2joint3": {"matrix": [[0.7380638718605042, -0.28065529465675354, -0.6135910749435425, -2.0755791664123535], [-0.4871869683265686, -0.8508215546607971, -0.19685356318950653, -0.13537821173667908], [-0.46680864691734314, 0.444224089384079, -0.7646921873092651, -0.36889660358428955], [0.0, 0.0, 0.0, 1.0]]}, "Bone.002": {"matrix": [[0.7753106355667114, -0.5370791554450989, 0.33232393860816956, -1.60107421875], [-0.2394331693649292, 0.2369585782289505, 0.9415531754493713, 0.9907261729240417], [-0.5844357013702393, -0.8095653653144836, 0.05512192100286484, 0.4198574423789978], [0.0, 0.0, 0.0, 1.0]]}, "finger3joint1": {"matrix": [[0.8979575634002686, 0.12289134413003922, 0.4225752651691437, -1.827458381652832], [-0.440064936876297, 0.2591903507709503, 0.8597460389137268, 1.090606451034546], [-0.003872366389259696, -0.9579758644104004, 0.28682205080986023, 0.07861751317977905], [0.0, 0.0, 0.0, 1.0]]}, "finger3joint2": {"matrix": [[0.8890151977539062, -0.4515724778175354, 0.07572416961193085, -1.7196602821350098], [-0.4265614449977875, -0.7566964626312256, 0.4954349994659424, 1.3179636001586914], [-0.16642484068870544, -0.47275009751319885, -0.8653379678726196, -0.761701226234436], [0.0, 0.0, 0.0, 1.0]]}, "finger3joint3": {"matrix": [[0.8401055932044983, -0.5187260508537292, -0.15857426822185516, -2.011864185333252], [-0.5408111214637756, -0.8235363364219666, -0.17120562493801117, 0.8283202052116394], [-0.041783109307289124, 0.2295895516872406, -0.9723900556564331, -1.0676084756851196], [0.0, 0.0, 0.0, 1.0]]}, "Bone.003": {"matrix": [[0.420226514339447, -0.6484183669090271, 0.6347938179969788, -1.60107421875], [0.46888211369514465, 0.7540932893753052, 0.4598836600780487, 0.9907262325286865], [-0.7768906354904175, 0.1043882668018341, 0.6209216117858887, 0.4198574423789978], [0.0, 0.0, 0.0, 1.0]]}, "finger4joint1": {"matrix": [[0.8589861392974854, 0.0321991890668869, 0.5109851360321045, -1.8789989948272705], [-0.49764353036880493, 0.2871759235858917, 0.8184624314308167, 1.3139452934265137], [-0.12038900703191757, -0.9573361873626709, 0.2627038061618805, 0.46460026502609253], [0.0, 0.0, 0.0, 1.0]]}, "finger4joint2": {"matrix": [[0.8692054152488708, -0.3611760139465332, 0.3376883566379547, -1.8470135927200317], [-0.4750322997570038, -0.42046797275543213, 0.7730141282081604, 1.59921395778656], [-0.13720722496509552, -0.8323208689689636, -0.5370432734489441, -0.4863782823085785], [0.0, 0.0, 0.0, 1.0]]}, "finger4joint3": {"matrix": [[0.8911870121955872, -0.4330894649028778, 0.13497726619243622, -1.9976468086242676], [-0.44969356060028076, -0.8042888641357422, 0.3884519338607788, 1.4238524436950684], [-0.05967392772436142, -0.4068816602230072, -0.9115293025970459, -0.8335083723068237], [0.0, 0.0, 0.0, 1.0]]}}