{"root": {"matrix": [[0.08867603540420532, -0.6802329421043396, -0.727612316608429, 0.0], [-0.3285273015499115, 0.669638991355896, -0.6660730838775635, 0.0], [0.9403224587440491, 0.29810529947280884, -0.1640942096710205, 0.0], [0.0, 0.0, 0.0, 1.0]]}, "carpals": {"matrix": [[0.5971711277961731, -0.6951411962509155, 0.40020641684532166, -0.3834817409515381], [-0.15650679171085358, 0.38837048411369324, 0.9081154465675354, -0.01261824369430542], [-0.7866968512535095, -0.6049354076385498, 0.12312956154346466, 2.436753511428833], [0.0, 0.0, 0.0, 1.0]]}, "metacarpals": {"matrix": [[-0.048191141337156296, -0.049110617488622665, 0.9976300001144409, -1.0605450868606567], [-0.9892067909240723, 0.1407134234905243, -0.040857329964637756, 0.36565226316452026], [-0.13837364315986633, -0.9888314008712769, -0.055361658334732056, 1.8475500345230103], [0.0, 0.0, 0.0, 1.0]]}, "finger5joint1": {"matrix": [[0.23667578399181366, -0.4558142423629761, 0.8580313324928284, -1.49050772190094], [-0.9456350207328796, -0.31082454323768616, 0.0957198515534401, 0.6363322734832764], [0.22306658327579498, -0.8340391516685486, -0.5045984983444214, 1.3303080797195435], [0.0, 0.0, 0.0, 1.0]]}, "finger5joint2": {"matrix": [[0.8775930404663086, -0.21852602064609528, -0.426704078912735, -1.9719715118408203], [0.13350357115268707, -0.7434602379798889, 0.655319094657898, 0.30801695585250854], [-0.4604418873786926, -0.6320701241493225, -0.6232815980911255, 0.44933563470840454], [0.0, 0.0, 0.0, 1.0]]}, "finger5joint3": {"matrix": [[0.8755148649215698, -0.22197356820106506, -0.4291863739490509, -2.1221721172332764], [0.027233131229877472, -0.8641532063484192, 0.5024908781051636, -0.2029893398284912], [-0.48242253065109253, -0.4516265094280243, -0.7505339980125427, 0.014891698956489563], [0.0, 0.0, 0.0, 1.0]]}, "Bone": {"matrix": [[-0.04347209632396698, -0.21417149901390076, 0.9758281111717224, -1.1372203826904297], [-0.2878551483154297, -0.9326443076133728, -0.21751730144023895, 0.5853450298309326], [0.9566865563392639, -0.29035335779190063, -0.021106354892253876, 0.3037097454071045], [0.0, 0.0, 0.0, 1.0]]}, "finger1joint1": {"matrix": [[-0.01791520044207573, -0.4382777810096741, 0.8986609578132629, -1.3154512643814087], [-0.9997725486755371, 0.018245341256260872, -0.01103264931589365, -0.190790057182312], [-0.011561287567019463, -0.8986542224884033, -0.4385048747062683, 0.06208118796348572], [0.0, 0.0, 0.0, 1.0]]}, "finger1joint2": {"matrix": [[-0.2818993031978607, -0.956869900226593, -0.07023323327302933, -1.5631563663482666], [-0.9491053223609924, 0.28883078694343567, -0.1256013661623001, -0.18047818541526794], [0.14046943187713623, 0.031251780688762665, -0.9895915389060974, -0.445818692445755], [0.0, 0.0, 0.0, 1.0]]}, "finger1joint3": {"matrix": [[-0.2522672414779663, -0.6176018714904785, -0.7449356317520142, -1.9733507633209229], [-0.9668998122215271, 0.19134178757667542, 0.1687985509634018, -0.056661177426576614], [0.03828674927353859, 0.7628604173660278, -0.6454284191131592, -0.43242156505584717], [0.0, 0.0, 0.0, 1.0]]}, "Bone.001": {"matrix": [[0.0020257981959730387, 0.1591675877571106, 0.9872493743896484, -1.1372203826904297], [-0.6099140048027039, -0.7821669578552246, 0.12735502421855927, 0.5853450298309326], [0.7924646139144897, -0.6023955345153809, 0.09549414366483688, 0.3037097454071045], [0.0, 0.0, 0.0, 1.0]]}, "finger2joint1": {"matrix": [[0.05953510105609894, -0.437851220369339, 0.8970739245414734, -1.0363266468048096], [-0.9792906641960144, -0.19982600212097168, -0.03254126012325287, 0.08954215794801712], [0.19350671768188477, -0.8765590190887451, -0.44068029522895813, -0.07813888788223267], [0.0, 0.0, 0.0, 1.0]]}, "finger2joint2": {"matrix": [[-0.06346124410629272, -0.8480287790298462, 0.5261365175247192, -1.4151331186294556], [-0.9861337542533875, -0.0277178343385458, -0.1636207103729248, -0.08333710581064224], [0.153338223695755, -0.5292245745658875, -0.834510862827301, -0.8364930152893066], [0.0, 0.0, 0.0, 1.0]]}, "finger2joint3": {"matrix": [[-0.2070654034614563, -0.96989506483078, -0.1281687170267105, -1.7370588779449463], [-0.964214026927948, 0.22449161112308502, -0.14104776084423065, -0.0938592404127121], [0.1655741184949875, 0.09437599033117294, -0.9816710352897644, -1.0373953580856323], [0.0, 0.0, 0.0, 1.0]]}, "Bone.002": {"matrix": [[0.09689956158399582, 0.2264241874217987, 0.9691968560218811, -1.1372203826904297], [-0.9844703078269958, -0.12141607701778412, 0.126791849732399, 0.5853450298309326], [0.14638464152812958, -0.9664315581321716, 0.21114279329776764, 0.3037097454071045], [0.0, 0.0, 0.0, 1.0]]}, "finger3joint1": {"matrix": [[-0.008185719139873981, -0.2388247400522232, 0.9710281491279602, -1.0417802333831787], [-0.9933822751045227, -0.10930923372507095, -0.03525882959365845, 0.5341669321060181], [0.11456284672021866, -0.9648906588554382, -0.23634940385818481, -0.10365086793899536], [0.0, 0.0, 0.0, 1.0]]}, "finger3joint2": {"matrix": [[-0.08350905776023865, -0.9702327251434326, 0.22732041776180267, -1.2512730360031128], [-0.9960441589355469, 0.08822119235992432, 0.010629701428115368, 0.43828284740448], [-0.030367929488420486, -0.22553345561027527, -0.9737619161605835, -0.9500350952148438], [0.0, 0.0, 0.0, 1.0]]}, "finger3joint3": {"matrix": [[-0.16857987642288208, -0.9272695779800415, -0.3342931866645813, -1.879091501235962], [-0.9780256152153015, 0.19956140220165253, -0.06034150347113609, 0.4953690767288208], [0.1226646900177002, 0.3167749047279358, -0.940535306930542, -1.0959733724594116], [0.0, 0.0, 0.0, 1.0]]}, "Bone.003": {"matrix": [[0.7028743624687195, 0.512933611869812, 0.4928151071071625, -1.1372203826904297], [-0.6514137387275696, 0.7424443960189819, 0.15632104873657227, 0.5853449702262878], [-0.28570556640625, -0.4309003949165344, 0.8559772372245789, 0.3037097454071045], [0.0, 0.0, 0.0, 1.0]]}, "finger4joint1": {"matrix": [[-0.0533004105091095, -0.5084177255630493, 0.8594592809677124, -0.9173669815063477], [-0.9881402254104614, 0.1509733498096466, 0.028028344735503197, 0.9035710096359253], [-0.14400571584701538, -0.847772479057312, -0.5104348659515381, 0.11901748180389404], [0.0, 0.0, 0.0, 1.0]]}, "finger4joint2": {"matrix": [[-0.04833470657467842, -0.8596389889717102, 0.508610188961029, -1.4224084615707397], [-0.9836941957473755, 0.12928204238414764, 0.12502560019493103, 1.053541898727417], [-0.17323119938373566, -0.4942739009857178, -0.8518707752227783, -0.7231249809265137], [0.0, 0.0, 0.0, 1.0]]}, "finger4joint3": {"matrix": [[0.01585581712424755, -0.9867538213729858, 0.16144730150699615, -1.780931830406189], [-0.9927597045898438, 0.0036910290364176035, 0.12005861103534698, 1.107460618019104], [-0.1190643459558487, -0.1621820628643036, -0.9795510172843933, -0.9292683005332947], [0.0, 0.0, 0.0, 1.0]]}}