{"root": {"matrix": [[0.511387825012207, -0.7086259126663208, -0.4861396849155426, -5.960464477539063e-08], [0.12173823267221451, 0.6197395324707031, -0.7753081321716309, 0.0], [0.8506834506988525, 0.3373014032840729, 0.40319404006004333, 0.0], [0.0, 0.0, 0.0, 1.0]]}, "carpals": {"matrix": [[0.5969473719596863, -0.7779303789138794, 0.19615817070007324, 0.5175305604934692], [-0.2686437964439392, 0.036564748734235764, 0.9625452756881714, 0.9690840840339661], [-0.7559656500816345, -0.6272854804992676, -0.18715879321098328, 2.208624839782715], [0.0, 0.0, 0.0, 1.0]]}, "metacarpals": {"matrix": [[0.10452822595834732, -0.42706114053726196, 0.8981605768203735, -0.2401689887046814], [-0.9944857954978943, -0.03719763830304146, 0.0980517566204071, 1.0046977996826172], [-0.008464807644486427, -0.9034571051597595, -0.4285944998264313, 1.5976526737213135], [0.0, 0.0, 0.0, 1.0]]}, "finger5joint1": {"matrix": [[-0.11017946153879166, -0.7531266212463379, 0.6485835313796997, -0.8716949820518494], [-0.88516765832901, 0.3711404502391815, 0.28059375286102295, 1.1176332235336304], [-0.4520382881164551, -0.5431893467903137, -0.7075353264808655, 1.2598724365234375], [0.0, 0.0, 0.0, 1.0]]}, "finger5joint2": {"matrix": [[0.7792714834213257, -0.4861581027507782, -0.39545631408691406, -1.6672016382217407], [0.2951677739620209, -0.27191993594169617, 0.9159340858459473, 1.5096585750579834], [-0.5528213977813721, -0.8304871916770935, -0.0684010460972786, 0.6861165761947632], [0.0, 0.0, 0.0, 1.0]]}, "finger5joint3": {"matrix": [[0.7510672211647034, -0.4304656684398651, -0.5005963444709778, -2.0013551712036133], [0.217617928981781, -0.5544395446777344, 0.8032676577568054, 1.322758436203003], [-0.6233296990394592, -0.712246835231781, -0.32274413108825684, 0.11529360711574554], [0.0, 0.0, 0.0, 1.0]]}, "Bone": {"matrix": [[0.36057373881340027, -0.11258833110332489, 0.9259105324745178, -0.9069300293922424], [-0.12528765201568604, -0.9895380735397339, -0.07153493165969849, 0.9466220736503601], [0.9242776036262512, -0.09021170437335968, -0.37090742588043213, 0.1871052384376526], [0.0, 0.0, 0.0, 1.0]]}, "finger1joint1": {"matrix": [[0.17843736708164215, -0.7616747617721558, 0.6229056715965271, -1.000624656677246], [-0.9789497256278992, -0.20117506384849548, 0.03443750739097595, 0.12314067035913467], [0.09908269345760345, -0.6159381866455078, -0.7815384268760681, 0.11203216016292572], [0.0, 0.0, 0.0, 1.0]]}, "finger1joint2": {"matrix": [[-0.004485821817070246, -0.994467556476593, 0.10494807362556458, -1.431106686592102], [-0.9387306571006775, -0.031980499625205994, -0.3431646227836609, 0.009440882131457329], [0.3446221947669983, -0.10005723685026169, -0.933393657207489, -0.2360827475786209], [0.0, 0.0, 0.0, 1.0]]}, "finger1joint3": {"matrix": [[0.042652737349271774, -0.9415035247802734, -0.33429285883903503, -1.8574186563491821], [-0.9668492078781128, 0.04541787877678871, -0.25127649307250977, -0.004268631339073181], [0.25176042318344116, 0.3339284658432007, -0.9083545804023743, -0.27897563576698303], [0.0, 0.0, 0.0, 1.0]]}, "Bone.001": {"matrix": [[0.40773075819015503, 0.0860174149274826, 0.9090414643287659, -0.9069299697875977], [-0.46017134189605713, -0.8405258655548096, 0.28593409061431885, 0.9466220140457153], [0.7886680960655212, -0.5348991751670837, -0.3031255304813385, 0.18710528314113617], [0.0, 0.0, 0.0, 1.0]]}, "finger2joint1": {"matrix": [[0.26740899682044983, -0.6417847275733948, 0.7187520861625671, -0.8524048924446106], [-0.9376523494720459, -0.3451920747756958, 0.040622808039188385, 0.41382646560668945], [0.2220362424850464, -0.6848025321960449, -0.6940785050392151, -0.15195852518081665], [0.0, 0.0, 0.0, 1.0]]}, "finger2joint2": {"matrix": [[0.1407049000263214, -0.8430207967758179, 0.5191510319709778, -1.4076443910598755], [-0.9647518992424011, -0.23453159630298615, -0.11936735361814499, 0.11518387496471405], [0.22238631546497345, -0.4840562641620636, -0.8463057279586792, -0.744414746761322], [0.0, 0.0, 0.0, 1.0]]}, "finger2joint3": {"matrix": [[-0.0038702094461768866, -0.9900470972061157, 0.1406823694705963, -1.7276690006256104], [-0.9707345366477966, -0.030062049627304077, -0.2382654845714569, 0.026151837781071663], [0.24012306332588196, -0.1374872773885727, -0.9609566330909729, -0.9281704425811768], [0.0, 0.0, 0.0, 1.0]]}, "Bone.002": {"matrix": [[0.33787116408348083, -0.11528507620096207, 0.9341050982475281, -0.9069299697875977], [-0.9203447699546814, -0.24820010364055634, 0.30226171016693115, 0.9466220736503601], [0.19699855148792267, -0.9618241786956787, -0.18996171653270721, 0.18710526823997498], [0.0, 0.0, 0.0, 1.0]]}, "finger3joint1": {"matrix": [[0.20041730999946594, -0.3175341784954071, 0.9268251657485962, -0.9555237293243408], [-0.9613932371139526, -0.24582131206989288, 0.12367291748523712, 0.8420031666755676], [0.18856288492679596, -0.9158294200897217, -0.3545420467853546, -0.2183133363723755], [0.0, 0.0, 0.0, 1.0]]}, "finger3joint2": {"matrix": [[0.11157965660095215, -0.9864190816879272, 0.12052931636571884, -1.2340588569641113], [-0.9922330379486084, -0.11729738861322403, -0.041412197053432465, 0.626373291015625], [0.05498744919896126, -0.11497224122285843, -0.9918454885482788, -1.0216619968414307], [0.0, 0.0, 0.0, 1.0]]}, "finger3joint3": {"matrix": [[0.040642209351062775, -0.9479148983955383, -0.31592029333114624, -1.8723512887954712], [-0.9757185578346252, 0.030454164370894432, -0.21690061688423157, 0.5504724383354187], [0.21522429585456848, 0.31706470251083374, -0.923660159111023, -1.0960582494735718], [0.0, 0.0, 0.0, 1.0]]}, "Bone.003": {"matrix": [[0.6690930724143982, 0.16484206914901733, 0.7246665358543396, -0.9069299697875977], [-0.5793602466583252, 0.7264086604118347, 0.3696918785572052, 0.9466220140457153], [-0.4654633104801178, -0.6672011017799377, 0.5815378427505493, 0.1871052384376526], [0.0, 0.0, 0.0, 1.0]]}, "finger4joint1": {"matrix": [[0.09763834625482559, -0.5506490468978882, 0.8290067911148071, -0.8362753391265869], [-0.9951519966125488, -0.044151898473501205, 0.08787964284420013, 1.2579748630523682], [-0.011788705363869667, -0.8335680961608887, -0.5522903800010681, -0.09887009859085083], [0.0, 0.0, 0.0, 1.0]]}, "finger4joint2": {"matrix": [[0.10098010301589966, -0.9615299105644226, 0.2554663419723511, -1.3832676410675049], [-0.9940199851989746, -0.08678355067968369, 0.06627606600522995, 1.2141162157058716], [-0.0415562242269516, -0.26063111424446106, -0.964543342590332, -0.9269024133682251], [0.0, 0.0, 0.0, 1.0]]}, "finger4joint3": {"matrix": [[0.17681075632572174, -0.9782246947288513, -0.10869290679693222, -1.7842860221862793], [-0.9842284917831421, -0.1763584464788437, -0.013837553560733795, 1.177922010421753], [-0.005632767919450998, 0.10942541062831879, -0.99397873878479, -1.03560209274292], [0.0, 0.0, 0.0, 1.0]]}}