{"root": {"matrix": [[0.5047316551208496, -0.37203407287597656, 0.7789971828460693, -2.9802322387695312e-08], [0.6511562466621399, -0.42838066816329956, -0.6264866590499878, 0.0], [0.566781759262085, 0.8234565258026123, 0.026034992188215256, -5.960464477539063e-08], [0.0, 0.0, 0.0, 1.0]]}, "carpals": {"matrix": [[-0.7913556694984436, -0.5580384731292725, 0.24969759583473206, 0.6897046566009521], [-0.19283130764961243, -0.15974575281143188, -0.9681411385536194, 1.123700499534607], [0.5801482796669006, -0.8142935633659363, 0.018808314576745033, 2.084847927093506], [0.0, 0.0, 0.0, 1.0]]}, "metacarpals": {"matrix": [[-0.14051006734371185, -0.5194514393806458, 0.8428682088851929, 0.14617854356765747], [-0.9675294160842896, -0.10861599445343018, -0.22823072969913483, 0.9681091904640198], [0.21010373532772064, -0.8475685119628906, -0.4873230755329132, 1.2917307615280151], [0.0, 0.0, 0.0, 1.0]]}, "finger5joint1": {"matrix": [[-0.23083943128585815, -0.7508969306945801, 0.618762195110321, -0.4723304510116577], [-0.9701481461524963, 0.22621136903762817, -0.08741181343793869, 1.1697801351547241], [-0.07433376461267471, -0.6204690337181091, -0.7806999683380127, 0.9716523289680481], [0.0, 0.0, 0.0, 1.0]]}, "finger5joint2": {"matrix": [[0.5273420214653015, -0.8430522680282593, -0.10570008307695389, -1.2654821872711182], [-0.11543548852205276, -0.1943393349647522, 0.9741183519363403, 1.4087209701538086], [-0.8417747020721436, -0.5014918446540833, -0.1998014897108078, 0.31626805663108826], [0.0, 0.0, 0.0, 1.0]]}, "finger5joint3": {"matrix": [[0.451351523399353, -0.83575040102005, -0.3127336800098419, -1.84494149684906], [-0.18652740120887756, -0.43108269572257996, 0.8828220963478088, 1.2751446962356567], [-0.8726333379745483, -0.340129554271698, -0.3504601716995239, -0.028424888849258423], [0.0, 0.0, 0.0, 1.0]]}, "Bone": {"matrix": [[0.41834691166877747, -0.3575842082500458, 0.8349365592002869, -0.6648293733596802], [-0.023227302357554436, -0.9231540560722351, -0.3837277293205261, 0.7985293865203857], [0.907990038394928, 0.1411379873752594, -0.3945045471191406, -0.03155898302793503], [0.0, 0.0, 0.0, 1.0]]}, "finger1joint1": {"matrix": [[0.02149335667490959, -0.8527048826217651, 0.5219503045082092, -0.962406575679779], [-0.9345199465751648, -0.2026495784521103, -0.2925841510295868, 0.030291981995105743], [0.3552608788013458, -0.48148420453071594, -0.801225483417511, 0.08589428663253784], [0.0, 0.0, 0.0, 1.0]]}, "finger1joint2": {"matrix": [[-0.12138886004686356, -0.9823261499404907, 0.14247752726078033, -1.444337010383606], [-0.7968258261680603, 0.010845175944268703, -0.6041117310523987, -0.08424117416143417], [0.5918895602226257, -0.1868620067834854, -0.7840593457221985, -0.1862301230430603], [0.0, 0.0, 0.0, 1.0]]}, "finger1joint3": {"matrix": [[-0.07021487504243851, -0.9194140434265137, -0.3869721293449402, -1.8654440641403198], [-0.853767991065979, 0.25601649284362793, -0.45336052775382996, -0.0795920193195343], [0.5158973336219788, 0.2985519468784332, -0.8029423952102661, -0.2663348317146301], [0.0, 0.0, 0.0, 1.0]]}, "Bone.001": {"matrix": [[0.36805829405784607, -0.17865456640720367, 0.9124775528907776, -0.6648293733596802], [-0.37924084067344666, -0.9248707890510559, -0.028109978884458542, 0.7985294461250305], [0.8489457964897156, -0.3357027471065521, -0.40815967321395874, -0.03155897557735443], [0.0, 0.0, 0.0, 1.0]]}, "finger2joint1": {"matrix": [[-0.0932145044207573, -0.9243960380554199, 0.36986836791038513, -0.7780755162239075], [-0.9411789774894714, -0.03937536105513573, -0.33560600876808167, 0.21226894855499268], [0.32479655742645264, -0.37939560413360596, -0.8663520216941833, -0.2443554401397705], [0.0, 0.0, 0.0, 1.0]]}, "finger2joint2": {"matrix": [[-0.21020719408988953, -0.8889468312263489, -0.40692272782325745, -1.5778158903121948], [-0.905825138092041, 0.33368536829948425, -0.2610263526439667, 0.17820337414741516], [0.3678227365016937, 0.31373143196105957, -0.8753734827041626, -0.5725891590118408], [0.0, 0.0, 0.0, 1.0]]}, "finger2joint3": {"matrix": [[-0.273573637008667, -0.563234806060791, -0.7796945571899414, -1.915274739265442], [-0.8346033096313477, 0.5419456958770752, -0.09865040332078934, 0.30487579107284546], [0.4781154990196228, 0.6237477660179138, -0.6183396577835083, -0.45349156856536865], [0.0, 0.0, 0.0, 1.0]]}, "Bone.002": {"matrix": [[0.12484032660722733, -0.2762186825275421, 0.9529522061347961, -0.6648293733596802], [-0.9162156581878662, -0.4006665349006653, 0.0038920696824789047, 0.7985293865203857], [0.3807409703731537, -0.8735955953598022, -0.30309543013572693, -0.03155893087387085], [0.0, 0.0, 0.0, 1.0]]}, "finger3joint1": {"matrix": [[-0.018477100878953934, -0.5505852699279785, 0.834574282169342, -0.7812583446502686], [-0.9248529672622681, -0.30773094296455383, -0.22349220514297485, 0.6296444535255432], [0.37987589836120605, -0.7759878039360046, -0.5035246014595032, -0.3997882604598999], [0.0, 0.0, 0.0, 1.0]]}, "finger3joint2": {"matrix": [[-0.1376660168170929, -0.990257978439331, 0.02090245857834816, -1.2642216682434082], [-0.9525020122528076, 0.1265707165002823, -0.2769833207130432, 0.3597085475921631], [0.2716393768787384, -0.05804061144590378, -0.9606472849845886, -1.0804705619812012], [0.0, 0.0, 0.0, 1.0]]}, "finger3joint3": {"matrix": [[-0.1881793588399887, -0.8478758931159973, -0.49567607045173645, -1.9049980640411377], [-0.8848890662193298, 0.365330308675766, -0.28897249698638916, 0.4416099786758423], [0.42609837651252747, 0.3842398524284363, -0.819023609161377, -1.1180274486541748], [0.0, 0.0, 0.0, 1.0]]}, "Bone.003": {"matrix": [[0.45424583554267883, 0.26162534952163696, 0.8515942692756653, -0.6648293733596802], [-0.8156394362449646, 0.5066086053848267, 0.27942779660224915, 0.7985294461250305], [-0.3583196997642517, -0.8215228319168091, 0.44351667165756226, -0.031558990478515625], [0.0, 0.0, 0.0, 1.0]]}, "finger4joint1": {"matrix": [[-0.14767730236053467, -0.8264159560203552, 0.5433486104011536, -0.5526916980743408], [-0.9670472145080566, 0.005454922094941139, -0.25453826785087585, 1.015671730041504], [0.2073906511068344, -0.5630331635475159, -0.7999889254570007, -0.3836796283721924], [0.0, 0.0, 0.0, 1.0]]}, "finger4joint2": {"matrix": [[-0.15606285631656647, -0.9719920754432678, 0.1757139265537262, -1.3736194372177124], [-0.9714027643203735, 0.11880487203598022, -0.20557641983032227, 1.0210903882980347], [0.17894305288791656, -0.20277169346809387, -0.9627370238304138, -0.9429736733436584], [0.0, 0.0, 0.0, 1.0]]}, "finger4joint3": {"matrix": [[-0.07727863639593124, -0.9912685751914978, -0.10683717578649521, -1.7790011167526245], [-0.9748049378395081, 0.09761197119951248, -0.20056623220443726, 1.0706394910812378], [0.20924365520477295, 0.08864614367485046, -0.9738370180130005, -1.027542233467102], [0.0, 0.0, 0.0, 1.0]]}}