{"root": {"matrix": [[0.4577977657318115, -0.8770120143890381, 0.14584626257419586, -5.960464477539063e-08], [-0.8664644956588745, -0.4033738374710083, 0.29415786266326904, 0.0], [-0.1991494596004486, -0.2610354423522949, -0.9445633888244629, -2.9802322387695312e-08], [0.0, 0.0, 0.0, 1.0]]}, "carpals": {"matrix": [[-0.875639021396637, -0.37707462906837463, -0.30177944898605347, 0.16046714782714844], [-0.0065657831728458405, 0.6340823769569397, -0.7732374668121338, -2.3873867988586426], [0.4829212427139282, -0.6750956177711487, -0.5577030777931213, -0.5996833443641663], [0.0, 0.0, 0.0, 1.0]]}, "metacarpals": {"matrix": [[-0.8078641891479492, -0.5862416625022888, 0.06062943488359451, -0.20680123567581177], [-0.5684295296669006, 0.8022058606147766, 0.1826290488243103, -1.7697944641113281], [-0.15570206940174103, 0.113075852394104, -0.9813106060028076, -1.257222294807434], [0.0, 0.0, 0.0, 1.0]]}, "finger5joint1": {"matrix": [[-0.7022127509117126, -0.6955593228340149, 0.15196791291236877, -0.4245399832725525], [-0.691501796245575, 0.7171192765235901, 0.08697682619094849, -1.2873878479003906], [-0.1694766879081726, -0.04400992393493652, -0.9845508933067322, -0.7616937756538391], [0.0, 0.0, 0.0, 1.0]]}, "finger5joint2": {"matrix": [[0.2098921239376068, -0.9752322435379028, 0.06976112723350525, -1.1592401266098022], [0.05343201383948326, 0.08268488198518753, 0.9951421022415161, -0.5299146771430969], [-0.9762632250785828, -0.20514512062072754, 0.06946352869272232, -0.8081802725791931], [0.0, 0.0, 0.0, 1.0]]}, "finger5joint3": {"matrix": [[0.1137719601392746, -0.9798822402954102, -0.16396959125995636, -1.8295514583587646], [0.0060496339574456215, -0.16435514390468597, 0.9863824248313904, -0.47308242321014404], [-0.9934881925582886, -0.11321469396352768, -0.012771113775670528, -0.9491836428642273], [0.0, 0.0, 0.0, 1.0]]}, "Bone": {"matrix": [[0.4471670985221863, -0.8933296799659729, -0.04476006329059601, -1.1220872402191162], [-0.8929159045219421, -0.4487706422805786, 0.03613530099391937, -0.5173282623291016], [-0.0523676835000515, 0.023808442056179047, -0.9983438849449158, -1.0806795358657837], [0.0, 0.0, 0.0, 1.0]]}, "finger1joint1": {"matrix": [[-0.24743659794330597, -0.8867760896682739, -0.3903884291648865, -1.8655052185058594], [-0.8517155051231384, 0.0069899288937449455, 0.5239575505256653, -0.8907896876335144], [-0.46190425753593445, 0.46214619278907776, -0.7570106387138367, -1.0608664751052856], [0.0, 0.0, 0.0, 1.0]]}, "finger1joint2": {"matrix": [[-0.09904537349939346, -0.23524367809295654, -0.9668765664100647, -2.366691827774048], [-0.9707648754119873, -0.19065383076667786, 0.1458301693201065, -0.8868391513824463], [-0.21864432096481323, 0.9530537128448486, -0.20948296785354614, -0.7996714115142822], [0.0, 0.0, 0.0, 1.0]]}, "finger1joint3": {"matrix": [[-0.1877572387456894, 0.6892884373664856, -0.699734628200531, -2.467536687850952], [-0.9433538317680359, -0.3249571621417999, -0.06697944551706314, -0.968569278717041], [-0.27355194091796875, 0.6475214958190918, 0.7112559676170349, -0.3911129832267761], [0.0, 0.0, 0.0, 1.0]]}, "Bone.001": {"matrix": [[0.10998854041099548, -0.9527212381362915, 0.28323933482170105, -1.1220872402191162], [-0.9812038540840149, -0.058617718517780304, 0.18385465443134308, -0.5173283219337463], [-0.15855936706066132, -0.29813751578330994, -0.9412611722946167, -1.0806795358657837], [0.0, 0.0, 0.0, 1.0]]}, "finger2joint1": {"matrix": [[-0.7296339869499207, -0.5498909950256348, 0.4065142869949341, -1.7260017395019531], [-0.6678701639175415, 0.7007285952568054, -0.2508555054664612, -0.5544851422309875], [-0.14691302180290222, -0.45453163981437683, -0.8785313367843628, -1.2696640491485596], [0.0, 0.0, 0.0, 1.0]]}, "finger2joint2": {"matrix": [[-0.8108038902282715, -0.4360138475894928, -0.3904980421066284, -2.2017393112182617], [-0.5757137537002563, 0.47371160984039307, 0.6664462685585022, 0.05174945294857025], [-0.1055963858962059, 0.7651724219322205, -0.6351065039634705, -1.6629016399383545], [0.0, 0.0, 0.0, 1.0]]}, "finger2joint3": {"matrix": [[-0.8173056244850159, 0.36707836389541626, -0.4441448748111725, -2.3672571182250977], [-0.5748114585876465, -0.46585673093795776, 0.6727323532104492, 0.23157817125320435], [0.040037598460912704, 0.805127739906311, 0.5917482972145081, -1.372429609298706], [0.0, 0.0, 0.0, 1.0]]}, "Bone.002": {"matrix": [[-0.5899304747581482, -0.7227084040641785, 0.3601033389568329, -1.1220873594284058], [-0.7469382882118225, 0.6578391194343567, 0.09659542888402939, -0.5173283219337463], [-0.3067004084587097, -0.21199049055576324, -0.9278980493545532, -1.0806795358657837], [0.0, 0.0, 0.0, 1.0]]}, "finger3joint1": {"matrix": [[-0.7444374561309814, -0.6652123928070068, 0.057491034269332886, -1.4267160892486572], [-0.6458515524864197, 0.7392544746398926, 0.19073158502578735, -0.24004259705543518], [-0.16937756538391113, 0.10485702008008957, -0.9799571633338928, -1.170035719871521], [0.0, 0.0, 0.0, 1.0]]}, "finger3joint2": {"matrix": [[-0.8419197797775269, -0.290824830532074, -0.4545237123966217, -2.010228157043457], [-0.5277403593063354, 0.2681378424167633, 0.8059728145599365, 0.40841782093048096], [-0.1125219464302063, 0.9184349775314331, -0.37923070788383484, -1.078057050704956], [0.0, 0.0, 0.0, 1.0]]}, "finger3joint3": {"matrix": [[-0.7668725848197937, 0.053755294531583786, -0.6395440697669983, -2.1984150409698486], [-0.6417977809906006, -0.06646448373794556, 0.763988196849823, 0.5819244980812073], [-0.001438576728105545, 0.9963396787643433, 0.08546974509954453, -0.483755886554718], [0.0, 0.0, 0.0, 1.0]]}, "Bone.003": {"matrix": [[-0.5717105269432068, 0.2994847893714905, 0.7638428211212158, -1.1220872402191162], [-0.10828272253274918, 0.8953124284744263, -0.4320768117904663, -0.5173283219337463], [-0.8132784366607666, -0.3297339379787445, -0.47943052649497986, -1.0806796550750732], [0.0, 0.0, 0.0, 1.0]]}, "finger4joint1": {"matrix": [[-0.7409442067146301, -0.6450889706611633, 0.18671217560768127, -0.9937222599983215], [-0.6540127396583557, 0.7562792301177979, 0.01757054403424263, -0.1335800290107727], [-0.1525411456823349, -0.10909336805343628, -0.9822573661804199, -1.2220098972320557], [0.0, 0.0, 0.0, 1.0]]}, "finger4joint2": {"matrix": [[-0.7517933249473572, -0.6557790040969849, -0.06899406760931015, -1.634527325630188], [-0.6360432505607605, 0.6935844421386719, 0.3382146656513214, 0.6176767945289612], [-0.17394091188907623, 0.29815080761909485, -0.9385362863540649, -1.3303788900375366], [0.0, 0.0, 0.0, 1.0]]}, "finger4joint3": {"matrix": [[-0.6935890913009644, -0.6620803475379944, -0.2838718295097351, -1.908028244972229], [-0.6963760852813721, 0.5153746008872986, 0.4994485676288605, 0.9069451093673706], [-0.18437479436397552, 0.5440938472747803, -0.8185154795646667, -1.2060312032699585], [0.0, 0.0, 0.0, 1.0]]}}