{"root": {"matrix": [[0.26033297181129456, -0.719906747341156, -0.6433980464935303, -5.960464477539063e-08], [-0.40288493037223816, 0.52459317445755, -0.7499905228614807, 0.0], [0.8774453997612, 0.4544626474380493, -0.1534707248210907, 0.0], [0.0, 0.0, 0.0, 1.0]]}, "carpals": {"matrix": [[0.8070709705352783, -0.5749166011810303, -0.13456293940544128, -0.04358530044555664], [0.27788347005844116, 0.16875271499156952, 0.9456759691238403, -0.3133147358894348], [-0.5209769010543823, -0.8006204962730408, 0.29595544934272766, 2.4464094638824463], [0.0, 0.0, 0.0, 1.0]]}, "metacarpals": {"matrix": [[0.5086542367935181, -0.6882570385932922, 0.5172745585441589, -0.6035506725311279], [-0.47326505184173584, 0.27838146686553955, 0.8357772827148438, -0.14895057678222656], [-0.7192294001579285, -0.6699296236038208, -0.18412791192531586, 1.6666098833084106], [0.0, 0.0, 0.0, 1.0]]}, "finger5joint1": {"matrix": [[0.5508489012718201, -0.7906704545021057, 0.26721835136413574, -1.2983591556549072], [-0.3825001120567322, 0.045404184609651566, 0.9228389859199524, -0.2508566677570343], [-0.7417944669723511, -0.61055588722229, -0.2774204909801483, 1.48624587059021], [0.0, 0.0, 0.0, 1.0]]}, "finger5joint2": {"matrix": [[0.2889188528060913, -0.17409761250019073, -0.9413902163505554, -2.1335222721099854], [0.9139262437820435, -0.24264492094516754, 0.3253639340400696, -0.20289747416973114], [-0.285068541765213, -0.9543651342391968, 0.0890079215168953, 0.8413326740264893], [0.0, 0.0, 0.0, 1.0]]}, "finger5joint3": {"matrix": [[0.3227914869785309, 0.11794693022966385, -0.9390919804573059, -2.253185749053955], [0.8679779767990112, -0.43251025676727295, 0.24402578175067902, -0.36967581510543823], [-0.3773846924304962, -0.8938808441162109, -0.24198578298091888, 0.1853640377521515], [0.0, 0.0, 0.0, 1.0]]}, "Bone": {"matrix": [[0.7123225927352905, 0.2979414165019989, 0.6354740262031555, -1.678110957145691], [-0.4178163409233093, -0.5474957227706909, 0.7250362634658813, 0.2856801748275757], [0.5639376044273376, -0.7819713950157166, -0.26550865173339844, 0.6206638216972351], [0.0, 0.0, 0.0, 1.0]]}, "finger1joint1": {"matrix": [[0.7993038296699524, -0.47172263264656067, 0.37227803468704224, -1.4301677942276], [-0.4507303833961487, -0.06089835241436958, 0.8905802369117737, -0.16993898153305054], [-0.3974359333515167, -0.8796413540840149, -0.26129579544067383, -0.030083119869232178], [0.0, 0.0, 0.0, 1.0]]}, "finger1joint2": {"matrix": [[0.6572815775871277, -0.6161187887191772, 0.4340258836746216, -1.6967753171920776], [-0.699163556098938, -0.28350937366485596, 0.6563478708267212, -0.20435741543769836], [-0.28133806586265564, -0.7348605394363403, -0.6171131730079651, -0.5272374153137207], [0.0, 0.0, 0.0, 1.0]]}, "finger1joint3": {"matrix": [[0.7200162410736084, -0.6899265050888062, 0.07468614727258682, -1.9608951807022095], [-0.6182244420051575, -0.5888246893882751, 0.5206571221351624, -0.32589322328567505], [-0.3152382969856262, -0.42105451226234436, -0.8504925966262817, -0.8422600030899048], [0.0, 0.0, 0.0, 1.0]]}, "Bone.001": {"matrix": [[0.8407668471336365, 0.21913400292396545, 0.4950668513774872, -1.6781110763549805], [-0.4898071587085724, -0.08169303089380264, 0.8679947257041931, 0.28568020462989807], [0.2306506186723709, -0.9722685813903809, 0.0386488139629364, 0.6206638216972351], [0.0, 0.0, 0.0, 1.0]]}, "finger2joint1": {"matrix": [[0.8901055455207825, -0.447655588388443, -0.08553583174943924, -1.5392054319381714], [-0.28714096546173096, -0.6965781450271606, 0.6575169563293457, 0.23389631509780884], [-0.35392358899116516, -0.5606988668441772, -0.7485682964324951, 0.0043586790561676025], [0.0, 0.0, 0.0, 1.0]]}, "finger2joint2": {"matrix": [[0.8500562906265259, -0.3599691092967987, -0.38448208570480347, -1.9264942407608032], [-0.4084862470626831, -0.9114030003547668, -0.04983164742588997, -0.3687475025653839], [-0.33248040080070496, 0.1994151920080185, -0.9217863082885742, -0.480729341506958], [0.0, 0.0, 0.0, 1.0]]}, "finger2joint3": {"matrix": [[0.8340904116630554, -0.3350287675857544, -0.43823352456092834, -2.0631444454193115], [-0.5042284727096558, -0.7852343916893005, -0.3593885004520416, -0.7147310972213745], [-0.22371070086956024, 0.5207322835922241, -0.8238877654075623, -0.4050281047821045], [0.0, 0.0, 0.0, 1.0]]}, "Bone.002": {"matrix": [[0.7475345134735107, -0.36766117811203003, 0.5531883239746094, -1.678110957145691], [-0.42163601517677307, 0.38086822628974915, 0.8228986859321594, 0.2856801748275757], [-0.513239860534668, -0.848389208316803, 0.12969310581684113, 0.6206638216972351], [0.0, 0.0, 0.0, 1.0]]}, "finger3joint1": {"matrix": [[0.5770787000656128, 0.0720713660120964, 0.8135022521018982, -1.8330838680267334], [-0.496309369802475, 0.822009265422821, 0.27924469113349915, 0.4462200403213501], [-0.6485810279846191, -0.5648947358131409, 0.510133683681488, 0.26305925846099854], [0.0, 0.0, 0.0, 1.0]]}, "finger3joint2": {"matrix": [[0.5492167472839355, -0.752221405506134, -0.364038348197937, -1.7698642015457153], [-0.3705418109893799, -0.6096588373184204, 0.7007244825363159, 1.167271375656128], [-0.7490391731262207, -0.24995826184749603, -0.6135640144348145, -0.23245596885681152], [0.0, 0.0, 0.0, 1.0]]}, "finger3joint3": {"matrix": [[0.5646066069602966, 0.23276574909687042, -0.7918583154678345, -2.2566118240356445], [-0.5128864049911499, -0.652737557888031, -0.5575671195983887, 0.7727730870246887], [-0.6466583013534546, 0.7209390997886658, -0.2491575926542282, -0.39419907331466675], [0.0, 0.0, 0.0, 1.0]]}, "Bone.003": {"matrix": [[0.6077170372009277, -0.4422931671142578, 0.6595883369445801, -1.6781110763549805], [0.3573949337005615, 0.8940136432647705, 0.27020063996315, 0.2856801748275757], [-0.70918869972229, 0.07152820378541946, 0.7013806700706482, 0.6206638216972351], [0.0, 0.0, 0.0, 1.0]]}, "finger4joint1": {"matrix": [[0.6897021532058716, -0.009164796210825443, 0.7240351438522339, -1.8676865100860596], [-0.6525892615318298, 0.4253958761692047, 0.6270288825035095, 0.6688717603683472], [-0.3137483596801758, -0.904960572719574, 0.2874157428741455, 0.6513221859931946], [0.0, 0.0, 0.0, 1.0]]}, "finger4joint2": {"matrix": [[0.7031633257865906, -0.3044878840446472, 0.6425327062606812, -1.8767905235290527], [-0.6304365992546082, 0.1508944183588028, 0.761432945728302, 1.091442584991455], [-0.32880187034606934, -0.940487802028656, -0.08585668355226517, -0.2476285696029663], [0.0, 0.0, 0.0, 1.0]]}, "finger4joint3": {"matrix": [[0.7165656685829163, -0.417819619178772, 0.5585339069366455, -2.0037808418273926], [-0.6518689393997192, -0.11621405929327011, 0.7493735551834106, 1.1543750762939453], [-0.2481936812400818, -0.9010663628578186, -0.3556384742259979, -0.6398711204528809], [0.0, 0.0, 0.0, 1.0]]}}