{"root": {"matrix": [[0.6494910717010498, -0.7423260807991028, 0.16466127336025238, 0.0], [0.6820370554924011, 0.6644889116287231, 0.30541762709617615, 0.0], [-0.33613502979278564, -0.08606088161468506, 0.9378735423088074, 0.0], [0.0, 0.0, 0.0, 1.0]]}, "carpals": {"matrix": [[0.45085474848747253, -0.6535089015960693, -0.6079932451248169, 0.7236940264701843], [-0.6099768877029419, -0.7228618860244751, 0.3246513307094574, 2.158484697341919], [-0.6516579389572144, 0.22449131309986115, -0.7245312333106995, -0.9498400092124939], [0.0, 0.0, 0.0, 1.0]]}, "metacarpals": {"matrix": [[0.34461644291877747, -0.9316017031669617, 0.11557445675134659, 0.0871802568435669], [-0.9117485284805298, -0.361472487449646, -0.19506900012493134, 1.4544215202331543], [0.22350357472896576, -0.03815082833170891, -0.9739561676979065, -0.7311868071556091], [0.0, 0.0, 0.0, 1.0]]}, "finger5joint1": {"matrix": [[0.04664096236228943, -0.9492372870445251, 0.31108346581459045, -0.5524681806564331], [-0.977944552898407, -0.10686255246400833, -0.17945614457130432, 1.4883657693862915], [0.20358961820602417, -0.2958524227142334, -0.9332858324050903, -0.3915216326713562], [0.0, 0.0, 0.0, 1.0]]}, "finger5joint2": {"matrix": [[0.5033462643623352, -0.6111000180244446, -0.610899806022644, -1.5551211833953857], [-0.031988706439733505, -0.7196842432022095, 0.6935637593269348, 1.3754898309707642], [-0.8634922504425049, -0.3295609951019287, -0.38179880380630493, -0.7040224075317383], [0.0, 0.0, 0.0, 1.0]]}, "finger5joint3": {"matrix": [[0.47696444392204285, -0.5330867171287537, -0.6988009214401245, -1.9751516580581665], [-0.1371702253818512, -0.8304715752601624, 0.5399081110954285, 0.8808256387710571], [-0.8681525588035583, -0.16166236996650696, -0.46922919154167175, -0.9305412173271179], [0.0, 0.0, 0.0, 1.0]]}, "Bone": {"matrix": [[0.9604990482330322, 0.1618940383195877, 0.2263437807559967, -1.3673086166381836], [0.2314891368150711, -0.9162372946739197, -0.3269888758659363, 0.8900625705718994], [0.1544470340013504, 0.3664686679840088, -0.9175220727920532, -0.7907509207725525], [0.0, 0.0, 0.0, 1.0]]}, "finger1joint1": {"matrix": [[0.5424970388412476, -0.5747345685958862, 0.6126799583435059, -1.232582449913025], [-0.8203893899917603, -0.5193610191345215, 0.23921775817871094, 0.12758119404315948], [0.18071535229682922, -0.6324111819267273, -0.753258228302002, -0.4857802391052246], [0.0, 0.0, 0.0, 1.0]]}, "finger1joint2": {"matrix": [[0.34158846735954285, -0.7654533386230469, 0.5453422665596008, -1.5574098825454712], [-0.84371417760849, -0.5053927898406982, -0.18089871108531952, -0.16595037281513214], [0.4140816330909729, -0.3983200788497925, -0.8184604644775391, -0.8432053327560425], [0.0, 0.0, 0.0, 1.0]]}, "finger1joint3": {"matrix": [[0.42291179299354553, -0.9008169770240784, 0.09835705906152725, -1.885547161102295], [-0.838584303855896, -0.4301888942718506, -0.33423611521720886, -0.3826039731502533], [0.34339773654937744, 0.058871831744909286, -0.9373431205749512, -1.0139586925506592], [0.0, 0.0, 0.0, 1.0]]}, "Bone.001": {"matrix": [[0.9782001376152039, -0.12648877501487732, 0.1646958738565445, -1.367308497428894], [-0.13240212202072144, -0.9908706545829773, 0.025390109047293663, 0.8900625705718994], [0.15998069941997528, -0.04664276912808418, -0.9860174655914307, -0.7907508611679077], [0.0, 0.0, 0.0, 1.0]]}, "finger2joint1": {"matrix": [[0.9049080610275269, -0.3983323574066162, -0.14990784227848053, -1.4474878311157227], [-0.4237496256828308, -0.876090943813324, -0.2300010472536087, 0.26196590065956116], [-0.039716169238090515, 0.2716532349586487, -0.9615752696990967, -0.8203169703483582], [0.0, 0.0, 0.0, 1.0]]}, "finger2joint2": {"matrix": [[0.8751437067985535, -0.46528512239456177, -0.13278928399085999, -1.7921046018600464], [-0.4781638979911804, -0.789634108543396, -0.3844955265522003, -0.4959832429885864], [0.07404500991106033, 0.3999839425086975, -0.913526177406311, -0.5852965116500854], [0.0, 0.0, 0.0, 1.0]]}, "finger2joint3": {"matrix": [[0.8243423104286194, -0.5352416038513184, -0.1843252182006836, -1.9687345027923584], [-0.5292959809303284, -0.6132811903953552, -0.586286187171936, -0.7957413196563721], [0.20076151192188263, 0.5808632969856262, -0.7888551354408264, -0.4334560036659241], [0.0, 0.0, 0.0, 1.0]]}, "Bone.002": {"matrix": [[0.610233724117279, -0.7474197149276733, 0.2626372277736664, -1.3673086166381836], [-0.7861812114715576, -0.6121940612792969, 0.0844821110367775, 0.8900625705718994], [0.09764128178358078, -0.258034348487854, -0.9611890912055969, -0.7907509207725525], [0.0, 0.0, 0.0, 1.0]]}, "finger3joint1": {"matrix": [[0.48086559772491455, -0.8664043545722961, 0.13457925617694855, -1.6823533773422241], [-0.8483473062515259, -0.49853119254112244, -0.17825078964233398, 0.632016658782959], [0.22152920067310333, -0.028455251827836037, -0.9747384786605835, -0.8995149731636047], [0.0, 0.0, 0.0, 1.0]]}, "finger3joint2": {"matrix": [[0.332230806350708, 0.05251289904117584, -0.941735029220581, -2.442347526550293], [-0.9089420437812805, 0.28446727991104126, -0.3047991991043091, 0.1947142779827118], [0.25188690423965454, 0.9572464823722839, 0.14223997294902802, -0.9244754314422607], [0.0, 0.0, 0.0, 1.0]]}, "finger3joint3": {"matrix": [[0.48805588483810425, 0.6992133855819702, -0.5224000215530396, -2.408367395401001], [-0.8294922709465027, 0.5577970743179321, -0.028367385268211365, 0.37878745794296265], [0.27155837416648865, 0.4471719563007355, 0.8522285223007202, -0.3050600290298462], [0.0, 0.0, 0.0, 1.0]]}, "Bone.003": {"matrix": [[0.16432160139083862, -0.6534782648086548, 0.7388940453529358, -1.3673086166381836], [-0.7942488789558411, 0.356557160615921, 0.4919709861278534, 0.8900625109672546], [-0.5849504470825195, -0.6677073240280151, -0.4604344964027405, -0.7907509803771973], [0.0, 0.0, 0.0, 1.0]]}, "finger4joint1": {"matrix": [[-0.11166314780712128, -0.9661418795585632, 0.23259592056274414, -1.6474021673202515], [-0.9794768691062927, 0.06748107075691223, -0.18992353975772858, 1.0428898334503174], [0.1677972972393036, -0.249029740691185, -0.9538490772247314, -1.076943278312683], [0.0, 0.0, 0.0, 1.0]]}, "finger4joint2": {"matrix": [[-0.12926852703094482, 0.14264118671417236, -0.9812964200973511, -2.6071279048919678], [-0.9811573028564453, 0.12490426748991013, 0.14740653336048126, 1.1099228858947754], [0.14359436929225922, 0.9818616509437561, 0.12380741536617279, -1.3243191242218018], [0.0, 0.0, 0.0, 1.0]]}, "finger4joint3": {"matrix": [[-0.12630940973758698, 0.9704919457435608, 0.20540419220924377, -2.547637462615967], [-0.9901953339576721, -0.13580016791820526, 0.032724373042583466, 1.162015676498413], [0.05965264514088631, -0.19925706088542938, 0.9781298637390137, -0.914821207523346], [0.0, 0.0, 0.0, 1.0]]}}