{"root": {"matrix": [[0.29263973236083984, -0.8741157650947571, -0.3876642882823944, -5.960464477539063e-08], [-0.22567562758922577, 0.33082494139671326, -0.916310727596283, 0.0], [0.9292106628417969, 0.3556353449821472, -0.1004541739821434, 2.9802322387695312e-08], [0.0, 0.0, 0.0, 1.0]]}, "carpals": {"matrix": [[0.7828087210655212, -0.508644700050354, -0.3584563136100769, -0.1502179205417633], [0.3699153661727905, -0.08282852917909622, 0.9253657460212708, -0.08352527022361755], [-0.5003727078437805, -0.856982946395874, 0.12331680208444595, 2.4607810974121094], [0.0, 0.0, 0.0, 1.0]]}, "metacarpals": {"matrix": [[0.4432295858860016, -0.6556609272956848, 0.6112741827964783, -0.6456347703933716], [-0.500335693359375, 0.38485950231552124, 0.7755946516990662, -0.16419973969459534], [-0.7437819242477417, -0.6496087312698364, -0.15746930241584778, 1.626084804534912], [0.0, 0.0, 0.0, 1.0]]}, "finger5joint1": {"matrix": [[0.40610867738723755, -0.7626950144767761, 0.5033606290817261, -1.3490304946899414], [-0.41585758328437805, 0.33624181151390076, 0.8449873328208923, -0.17583492398262024], [-0.8137186765670776, -0.5524829626083374, -0.18062160909175873, 1.450658917427063], [0.0, 0.0, 0.0, 1.0]]}, "finger5joint2": {"matrix": [[0.5516183376312256, -0.1636240929365158, -0.817889928817749, -2.1546437740325928], [0.8260838389396667, -0.028418097645044327, 0.5628297924995422, 0.17932796478271484], [-0.11533528566360474, -0.9861129522323608, 0.11949160695075989, 0.8670865297317505], [0.0, 0.0, 0.0, 1.0]]}, "finger5joint3": {"matrix": [[0.578122079372406, 0.18869946897029877, -0.7938305139541626, -2.26710844039917], [0.7875787019729614, -0.3833684027194977, 0.4824395179748535, 0.15979522466659546], [-0.21329334378242493, -0.9041132926940918, -0.3702491819858551, 0.18929649889469147], [0.0, 0.0, 0.0, 1.0]]}, "Bone": {"matrix": [[0.662180483341217, 0.22471053898334503, 0.7148580551147461, -1.6693035364151], [-0.5217220187187195, -0.5465222001075745, 0.655072033405304, 0.43667280673980713], [0.5378872752189636, -0.8067333102226257, -0.24465976655483246, 0.611865222454071], [0.0, 0.0, 0.0, 1.0]]}, "finger1joint1": {"matrix": [[0.8258017301559448, -0.4301624298095703, 0.3647076189517975, -1.4823020696640015], [-0.47972604632377625, -0.19580364227294922, 0.855291485786438, -0.018136240541934967], [-0.2965033948421478, -0.8812610507011414, -0.36805489659309387, -0.05948829650878906], [0.0, 0.0, 0.0, 1.0]]}, "finger1joint2": {"matrix": [[0.6839895844459534, -0.576187252998352, 0.4473995864391327, -1.7254207134246826], [-0.7133345603942871, -0.39991798996925354, 0.5755165219306946, -0.12880022823810577], [-0.1526823788881302, -0.7127929925918579, -0.684553861618042, -0.557558000087738], [0.0, 0.0, 0.0, 1.0]]}, "finger1joint3": {"matrix": [[0.7464582920074463, -0.6575816869735718, 0.10191353410482407, -1.97242271900177], [-0.6362283229827881, -0.6604046821594238, 0.39884719252586365, -0.3002384305000305], [-0.19497065246105194, -0.36256319284439087, -0.9113364219665527, -0.8631206154823303], [0.0, 0.0, 0.0, 1.0]]}, "Bone.001": {"matrix": [[0.7785395979881287, 0.20020079612731934, 0.5948070883750916, -1.6693035364151], [-0.5947362184524536, -0.06729980558156967, 0.8010987639427185, 0.43667277693748474], [0.2004109025001526, -0.9774405360221863, 0.06667126715183258, 0.611865222454071], [0.0, 0.0, 0.0, 1.0]]}, "finger2joint1": {"matrix": [[0.8548557162284851, -0.49072203040122986, 0.16856248676776886, -1.542399525642395], [-0.4108809530735016, -0.44184091687202454, 0.7974666953086853, 0.39401254057884216], [-0.3168567717075348, -0.7509782314300537, -0.5793384909629822, -0.007718384265899658], [0.0, 0.0, 0.0, 1.0]]}, "finger2joint2": {"matrix": [[0.7877258658409119, -0.46735161542892456, -0.40133556723594666, -1.9669471979141235], [-0.5210843682289124, -0.8529964685440063, -0.0294575784355402, 0.011754363775253296], [-0.3285709619522095, 0.23233407735824585, -0.9154570698738098, -0.6574263572692871], [0.0, 0.0, 0.0, 1.0]]}, "finger2joint3": {"matrix": [[0.761611819267273, -0.1344839632511139, -0.6339253187179565, -2.1443614959716797], [-0.6107515692710876, -0.4759759306907654, -0.6327946782112122, -0.31205713748931885], [-0.2166326344013214, 0.8691147565841675, -0.4446452856063843, -0.5692285895347595], [0.0, 0.0, 0.0, 1.0]]}, "Bone.002": {"matrix": [[0.688169002532959, -0.32659462094306946, 0.6478883624076843, -1.6693035364151], [-0.48574432730674744, 0.4559304118156433, 0.7457745671272278, 0.43667274713516235], [-0.5389581322669983, -0.8279268741607666, 0.15511581301689148, 0.611865222454071], [0.0, 0.0, 0.0, 1.0]]}, "finger3joint1": {"matrix": [[0.5930748581886292, 0.06823985278606415, 0.8022502660751343, -1.8069665431976318], [-0.6543952822685242, 0.6213500499725342, 0.4309185743331909, 0.6288520097732544], [-0.46907269954681396, -0.7805555462837219, 0.4131629168987274, 0.2628857493400574], [0.0, 0.0, 0.0, 1.0]]}, "finger3joint2": {"matrix": [[0.5648301839828491, -0.7200314998626709, -0.4031396210193634, -1.7471076250076294], [-0.564130961894989, -0.6934646368026733, 0.44817739725112915, 1.173888921737671], [-0.6022650599479675, -0.02572062984108925, -0.797881543636322, -0.42180317640304565], [0.0, 0.0, 0.0, 1.0]]}, "finger3joint3": {"matrix": [[0.588150680065155, 0.09820319712162018, -0.8027670383453369, -2.2130258083343506], [-0.6651654243469238, -0.5058769583702087, -0.5492208003997803, 0.7251615524291992], [-0.4600367844104767, 0.8569971323013306, -0.2322104275226593, -0.4384465217590332], [0.0, 0.0, 0.0, 1.0]]}, "Bone.003": {"matrix": [[0.6401858925819397, -0.3325616121292114, 0.6925061941146851, -1.6693035364151], [0.3116896152496338, 0.936354398727417, 0.1615239381790161, 0.43667274713516235], [-0.7021476626396179, 0.11244186013936996, 0.703096866607666, 0.6118651628494263], [0.0, 0.0, 0.0, 1.0]]}, "finger4joint1": {"matrix": [[0.6470118165016174, -0.017797376960515976, 0.7622721195220947, -1.8118458986282349], [-0.7132402658462524, 0.33931007981300354, 0.6133161187171936, 0.8380124568939209], [-0.2695622742176056, -0.940505862236023, 0.20684395730495453, 0.6600600481033325], [0.0, 0.0, 0.0, 1.0]]}, "finger4joint2": {"matrix": [[0.6610327363014221, -0.34467729926109314, 0.666508138179779, -1.829525113105774], [-0.6932984590530396, 0.05919458717107773, 0.7182150483131409, 1.1750692129135132], [-0.28700631856918335, -0.9368526339530945, -0.19983454048633575, -0.2742000222206116], [0.0, 0.0, 0.0, 1.0]]}, "finger4joint3": {"matrix": [[0.677575409412384, -0.49548137187957764, 0.5434974431991577, -1.9732770919799805], [-0.7062516808509827, -0.23219327628612518, 0.6688007712364197, 1.1997570991516113], [-0.20518209040164948, -0.8370090126991272, -0.5072628855705261, -0.6649264693260193], [0.0, 0.0, 0.0, 1.0]]}}