{"root": {"matrix": [[0.6072214245796204, -0.7937086820602417, -0.03617550805211067, 0.0], [-0.6662807464599609, -0.5334808230400085, 0.5210261344909668, 0.0], [-0.4328419268131256, -0.29227522015571594, -0.8527737259864807, 0.0], [0.0, 0.0, 0.0, 1.0]]}, "carpals": {"matrix": [[-0.6170713305473328, -0.5711149573326111, -0.5413413047790527, 0.6003875732421875], [-0.4102613925933838, 0.820533275604248, -0.39800825715065, -2.0875332355499268], [0.6714969873428345, -0.02350812591612339, -0.7406340837478638, -1.1690703630447388], [0.0, 0.0, 0.0, 1.0]]}, "metacarpals": {"matrix": [[-0.6361687779426575, -0.7682886719703674, -0.07086266577243805, 0.04412496089935303], [-0.7291133999824524, 0.6286776065826416, -0.27047717571258545, -1.2883387804031372], [0.25235432386398315, -0.12040231376886368, -0.9601147174835205, -1.1919670104980469], [0.0, 0.0, 0.0, 1.0]]}, "finger5joint1": {"matrix": [[-0.4524114727973938, -0.8908916115760803, -0.040443673729896545, -0.2535373568534851], [-0.8611695170402527, 0.4482037425041199, -0.2397923320531845, -0.6903718113899231], [0.23175600171089172, -0.07365603744983673, -0.9699812531471252, -0.909996509552002], [0.0, 0.0, 0.0, 1.0]]}, "finger5joint2": {"matrix": [[0.12012270838022232, -0.9737177491188049, -0.19350305199623108, -1.19456148147583], [-0.23922640085220337, -0.21756181120872498, 0.9462754726409912, -0.21694663166999817], [-0.9635043740272522, -0.06737823784351349, -0.25907325744628906, -0.9877973198890686], [0.0, 0.0, 0.0, 1.0]]}, "finger5joint3": {"matrix": [[0.03916650637984276, -0.8912684321403503, -0.4517807364463806, -1.8638317584991455], [-0.3102242052555084, -0.440632164478302, 0.8423798680305481, -0.36648452281951904], [-0.9498559236526489, 0.10716022551059723, -0.29375123977661133, -1.0341087579727173], [0.0, 0.0, 0.0, 1.0]]}, "Bone": {"matrix": [[0.6640102863311768, -0.7355772852897644, -0.13422410190105438, -1.1553869247436523], [-0.7085992693901062, -0.5617389678955078, -0.4270084500312805, -0.3067984879016876], [0.23869889974594116, 0.37864911556243896, -0.8942300081253052, -1.3799484968185425], [0.0, 0.0, 0.0, 1.0]]}, "finger1joint1": {"matrix": [[-0.03957336023449898, -0.9222410917282104, -0.3845842778682709, -1.7675251960754395], [-0.9979335069656372, 0.05597631633281708, -0.0315462090075016, -0.77427077293396], [0.05062083527445793, 0.38254114985466003, -0.9225505590438843, -1.064841389656067], [0.0, 0.0, 0.0, 1.0]]}, "finger1joint2": {"matrix": [[0.0978483036160469, -0.24950212240219116, -0.9634180068969727, -2.2887558937072754], [-0.9418631196022034, 0.28945207595825195, -0.17062032222747803, -0.742634117603302], [0.32143351435661316, 0.924102783203125, -0.2066744863986969, -0.8486374616622925], [0.0, 0.0, 0.0, 1.0]]}, "finger1joint3": {"matrix": [[0.008864279836416245, 0.5257766842842102, -0.8505763411521912, -2.3957133293151855], [-0.9642817378044128, 0.22968555986881256, 0.13192887604236603, -0.6185508370399475], [0.264730304479599, 0.8190257549285889, 0.5090328454971313, -0.4524897336959839], [0.0, 0.0, 0.0, 1.0]]}, "Bone.001": {"matrix": [[0.3552565276622772, -0.9233285188674927, 0.14579741656780243, -1.1553869247436523], [-0.9019527435302734, -0.3795540928840637, -0.20596031844615936, -0.30679851770401], [0.2455071210861206, -0.058333709836006165, -0.9676378965377808, -1.3799484968185425], [0.0, 0.0, 0.0, 1.0]]}, "finger2joint1": {"matrix": [[-0.5324864387512207, -0.8463979363441467, 0.008270855993032455, -1.7406697273254395], [-0.7965499758720398, 0.49777311086654663, -0.34311774373054504, -0.5473915934562683], [0.28629714250564575, -0.1892937868833542, -0.9392557740211487, -1.416925311088562], [0.0, 0.0, 0.0, 1.0]]}, "finger2joint2": {"matrix": [[-0.6053221225738525, -0.21853478252887726, -0.7653936147689819, -2.4729299545288086], [-0.7131407856941223, 0.5760254859924316, 0.3995305597782135, -0.11674373596906662], [0.3535749316215515, 0.7876781225204468, -0.5045271515846252, -1.5806925296783447], [0.0, 0.0, 0.0, 1.0]]}, "finger2joint3": {"matrix": [[-0.5555650591850281, 0.7670149803161621, -0.3209908902645111, -2.55588960647583], [-0.6751933693885803, -0.19087250530719757, 0.7125175595283508, 0.10192498564720154], [0.4852433502674103, 0.6125809550285339, 0.6239255666732788, -1.281677007675171], [0.0, 0.0, 0.0, 1.0]]}, "Bone.002": {"matrix": [[-0.3915037214756012, -0.8872262239456177, 0.24403724074363708, -1.1553868055343628], [-0.9077867865562439, 0.3290279507637024, -0.26012247800827026, -0.3067984879016876], [0.15049241483211517, -0.3233727812767029, -0.9342279434204102, -1.3799484968185425], [0.0, 0.0, 0.0, 1.0]]}, "finger3joint1": {"matrix": [[-0.36602675914764404, -0.7366024255752563, -0.5687187910079956, -1.529361605644226], [-0.9104353189468384, 0.4099865257740021, 0.054941896349191666, -0.1681099236011505], [0.1926967352628708, 0.5378918051719666, -0.8206949234008789, -1.5162534713745117], [0.0, 0.0, 0.0, 1.0]]}, "finger3joint2": {"matrix": [[-0.4555540382862091, -0.12319253385066986, -0.881642758846283, -2.1754958629608154], [-0.8355908393859863, 0.40073683857917786, 0.3757632076740265, 0.19152268767356873], [0.3070155084133148, 0.9078729748725891, -0.28549593687057495, -1.0444246530532837], [0.0, 0.0, 0.0, 1.0]]}, "finger3joint3": {"matrix": [[-0.3063487112522125, 0.22857967019081116, -0.9240679144859314, -2.255211114883423], [-0.8659549355506897, 0.33621108531951904, 0.37024885416030884, 0.4508315622806549], [0.3953132629394531, 0.913626492023468, 0.09494177997112274, -0.45695793628692627], [0.0, 0.0, 0.0, 1.0]]}, "Bone.003": {"matrix": [[-0.5863437056541443, 0.02094358019530773, 0.8097915053367615, -1.1553869247436523], [-0.5768110156059265, 0.6910918951034546, -0.43552377820014954, -0.3067984879016876], [-0.5687617659568787, -0.7224633097648621, -0.3931368887424469, -1.379948377609253], [0.0, 0.0, 0.0, 1.0]]}, "finger4joint1": {"matrix": [[-0.6417123079299927, -0.7223894596099854, -0.2576010525226593, -1.1464099884033203], [-0.7228565812110901, 0.6819254159927368, -0.11160603910684586, -0.010583102703094482], [0.2562877833843231, 0.1145896464586258, -0.9597840309143066, -1.6896103620529175], [0.0, 0.0, 0.0, 1.0]]}, "finger4joint2": {"matrix": [[-0.6629577279090881, -0.48020631074905396, -0.574359118938446, -1.8640021085739136], [-0.7090550065040588, 0.6489560008049011, 0.27585646510124207, 0.6668136715888977], [0.24026578664779663, 0.5901334881782532, -0.7707233428955078, -1.5757815837860107], [0.0, 0.0, 0.0, 1.0]]}, "finger4joint3": {"matrix": [[-0.612272322177887, -0.26333653926849365, -0.7455037832260132, -2.0642783641815186], [-0.7645053863525391, 0.43763962388038635, 0.4732893109321594, 0.9374691843986511], [0.20162764191627502, 0.8597238063812256, -0.469277024269104, -1.32965886592865], [0.0, 0.0, 0.0, 1.0]]}}