{"root": {"matrix": [[0.4597306549549103, -0.7910180687904358, 0.4036559760570526, 0.0], [-0.887730062007904, -0.3969841003417969, 0.23310722410678864, 0.0], [-0.024147074669599533, -0.46550410985946655, -0.884716272354126, 0.0], [0.0, 0.0, 0.0, 1.0]]}, "carpals": {"matrix": [[-0.9222965240478516, -0.2670959532260895, -0.27933603525161743, 0.22002597153186798], [-0.23693569004535675, 0.9617705941200256, -0.13732634484767914, -2.4223601818084717], [0.30533650517463684, -0.060471002012491226, -0.9503223896026611, -0.41078558564186096], [0.0, 0.0, 0.0, 1.0]]}, "metacarpals": {"matrix": [[-0.718502938747406, -0.5651001334190369, 0.40548139810562134, -0.04012387990951538], [-0.5886098146438599, 0.8046116232872009, 0.078347347676754, -1.4856014251708984], [-0.3705292344093323, -0.1823776215314865, -0.9107394218444824, -0.469683974981308], [0.0, 0.0, 0.0, 1.0]]}, "finger5joint1": {"matrix": [[-0.6320959329605103, -0.7227751612663269, 0.2793753147125244, -0.4033384919166565], [-0.6109729409217834, 0.6866245865821838, 0.3940284848213196, -0.9553830027580261], [-0.47662004828453064, 0.0783730149269104, -0.8756088018417358, -0.13409753143787384], [0.0, 0.0, 0.0, 1.0]]}, "finger5joint2": {"matrix": [[0.2288699597120285, -0.938180148601532, 0.2596840262413025, -1.1667859554290771], [0.4084663987159729, 0.33469873666763306, 0.8491945862770081, -0.2301204651594162], [-0.8836138248443604, -0.08828296512365341, 0.4598177373409271, -0.05131428688764572], [0.0, 0.0, 0.0, 1.0]]}, "finger5joint3": {"matrix": [[0.12564097344875336, -0.9918815493583679, -0.019613968208432198, -1.8116298913955688], [0.3905545473098755, 0.03127753734588623, 0.9200479984283447, -7.029343396425247e-05], [-0.9119654297828674, -0.12325610965490341, 0.39131373167037964, -0.11199426651000977], [0.0, 0.0, 0.0, 1.0]]}, "Bone": {"matrix": [[0.41099420189857483, -0.857854962348938, 0.30849388241767883, -0.9224019646644592], [-0.8895819187164307, -0.4513759911060333, -0.0700240209698677, -0.2293793261051178], [0.19931726157665253, -0.24565118551254272, -0.948645293712616, -0.7544260621070862], [0.0, 0.0, 0.0, 1.0]]}, "finger1joint1": {"matrix": [[-0.36167922616004944, -0.9321457743644714, -0.01709454320371151, -1.636298418045044], [-0.8390880227088928, 0.3174707591533661, 0.4417502284049988, -0.6050088405609131], [-0.40634867548942566, 0.17411571741104126, -0.896975040435791, -0.9588539600372314], [0.0, 0.0, 0.0, 1.0]]}, "finger1joint2": {"matrix": [[-0.320585161447525, -0.40888285636901855, -0.8544236421585083, -2.1631269454956055], [-0.9399206042289734, 0.02555420808494091, 0.34043505787849426, -0.4255812168121338], [-0.11736392974853516, 0.9122289419174194, -0.392509788274765, -0.8604475259780884], [0.0, 0.0, 0.0, 1.0]]}, "finger1joint3": {"matrix": [[-0.3902493715286255, 0.3656417429447174, -0.84499192237854, -2.3384082317352295], [-0.9009128212928772, -0.3409385085105896, 0.26854586601257324, -0.4146265983581543], [-0.18989872932434082, 0.8660640120506287, 0.4624623954296112, -0.46938997507095337], [0.0, 0.0, 0.0, 1.0]]}, "Bone.001": {"matrix": [[0.12987294793128967, -0.7894352674484253, 0.5999372601509094, -0.9224019646644592], [-0.9914906620979309, -0.09797883778810501, 0.08570890873670578, -0.2293793261051178], [-0.008880426175892353, -0.6059635877609253, -0.7954426407814026, -0.7544260025024414], [0.0, 0.0, 0.0, 1.0]]}, "finger2joint1": {"matrix": [[-0.6512278914451599, -0.44705769419670105, 0.6132221221923828, -1.4228119850158691], [-0.6858893632888794, 0.6925252676010132, -0.22352652251720428, -0.2914865016937256], [-0.3247426152229309, -0.5661693811416626, -0.757624089717865, -1.1385365724563599], [0.0, 0.0, 0.0, 1.0]]}, "finger2joint2": {"matrix": [[-0.7428590059280396, -0.6606113314628601, -0.10841089487075806, -1.8095836639404297], [-0.5968490242958069, 0.5802116990089417, 0.5541887879371643, 0.3076510429382324], [-0.30320221185684204, 0.47638916969299316, -0.825300931930542, -1.6283574104309082], [0.0, 0.0, 0.0, 1.0]]}, "finger2joint3": {"matrix": [[-0.801048755645752, -0.25591763854026794, -0.5411345958709717, -2.0603623390197754], [-0.5734763741493225, 0.06895280629396439, 0.8163148164749146, 0.5279089212417603], [-0.1715966761112213, 0.9642361402511597, -0.20199735462665558, -1.447512149810791], [0.0, 0.0, 0.0, 1.0]]}, "Bone.002": {"matrix": [[-0.46681031584739685, -0.5833339691162109, 0.66468745470047, -0.9224019646644592], [-0.7802110314369202, 0.6255154013633728, 0.0010139925871044397, -0.2293793261051178], [-0.41636380553245544, -0.518123209476471, -0.74712073802948, -0.754426121711731], [0.0, 0.0, 0.0, 1.0]]}, "finger3joint1": {"matrix": [[-0.554502010345459, -0.794207751750946, 0.24851839244365692, -1.168283224105835], [-0.7589821219444275, 0.6051208972930908, 0.2403637319803238, 0.03428173065185547], [-0.3412824869155884, -0.055338840931653976, -0.9383302927017212, -0.9728202223777771], [0.0, 0.0, 0.0, 1.0]]}, "finger3joint2": {"matrix": [[-0.6823261976242065, -0.5119760036468506, -0.5218345522880554, -1.8649475574493408], [-0.6624963879585266, 0.13125181198120117, 0.7374764084815979, 0.5650825500488281], [-0.30907854437828064, 0.8489130139350891, -0.42873892188072205, -1.0213624238967896], [0.0, 0.0, 0.0, 1.0]]}, "finger3joint3": {"matrix": [[-0.6094040870666504, 0.04770456627011299, -0.7914232015609741, -2.196237087249756], [-0.7697392106056213, -0.2748953402042389, 0.5761370658874512, 0.6500130295753479], [-0.19007422029972076, 0.9602899551391602, 0.20424245297908783, -0.47204750776290894], [0.0, 0.0, 0.0, 1.0]]}, "Bone.003": {"matrix": [[-0.25387054681777954, 0.42189136147499084, 0.8703777194023132, -0.9224020838737488], [-0.19857282936573029, 0.857957661151886, -0.47379040718078613, -0.2293792963027954], [-0.9466353058815002, -0.29311487078666687, -0.13403403759002686, -0.754426121711731], [0.0, 0.0, 0.0, 1.0]]}, "finger4joint1": {"matrix": [[-0.5303417444229126, -0.7412961721420288, 0.4113602042198181, -0.7415711283683777], [-0.7917147278785706, 0.6065858006477356, 0.07239525020122528, 0.1383579969406128], [-0.3031916618347168, -0.2872857451438904, -0.9085931181907654, -0.8800607919692993], [0.0, 0.0, 0.0, 1.0]]}, "finger4joint2": {"matrix": [[-0.5391528606414795, -0.8364285230636597, 0.09849375486373901, -1.4779443740844727], [-0.776056170463562, 0.5388280749320984, 0.32772043347358704, 0.7409154772758484], [-0.3271859884262085, 0.10025480389595032, -0.9396265149116516, -1.1654386520385742], [0.0, 0.0, 0.0, 1.0]]}, "finger4joint3": {"matrix": [[-0.4691408574581146, -0.8689432740211487, -0.15761978924274445, -1.8267877101898193], [-0.8228716254234314, 0.3653196394443512, 0.4352279007434845, 0.965640664100647], [-0.3206067979335785, 0.33388423919677734, -0.886415421962738, -1.1236261129379272], [0.0, 0.0, 0.0, 1.0]]}}