{"root": {"matrix": [[0.4231020212173462, -0.8772062063217163, 0.22692283987998962, 0.0], [-0.8977063298225403, -0.37185779213905334, 0.23631566762924194, 0.0], [-0.12291460484266281, -0.3036957383155823, -0.9448073506355286, 0.0], [0.0, 0.0, 0.0, 1.0]]}, "carpals": {"matrix": [[-0.7564047574996948, -0.48034924268722534, -0.4439776837825775, 0.07269841432571411], [-0.13162921369075775, 0.7766533493995667, -0.6160219311714172, -2.4206881523132324], [0.6407224535942078, -0.40752163529396057, -0.6506924033164978, -0.4690093398094177], [0.0, 0.0, 0.0, 1.0]]}, "metacarpals": {"matrix": [[-0.8792229890823364, -0.4507116377353668, -0.154355987906456, -0.39515888690948486], [-0.4261351525783539, 0.888884961605072, -0.16820256412029266, -1.6642322540283203], [0.2130156010389328, -0.08211113512516022, -0.9735922813415527, -0.8659329414367676], [0.0, 0.0, 0.0, 1.0]]}, "finger5joint1": {"matrix": [[-0.6647390723228455, -0.7236149907112122, -0.18574999272823334, -0.4345957040786743], [-0.7410479187965393, 0.670189619064331, 0.04115286096930504, -1.0130077600479126], [0.09470893442630768, 0.16500551998615265, -0.9817347526550293, -0.5496639013290405], [0.0, 0.0, 0.0, 1.0]]}, "finger5joint2": {"matrix": [[-0.16276374459266663, -0.9150477051734924, 0.36904603242874146, -1.1989301443099976], [0.03533666208386421, 0.36838746070861816, 0.9290002584457397, -0.305105060338974], [-0.9860318899154663, 0.16424837708473206, -0.027625450864434242, -0.37537315487861633], [0.0, 0.0, 0.0, 1.0]]}, "finger5joint3": {"matrix": [[-0.2675471007823944, -0.9494429230690002, 0.1642438918352127, -1.8278745412826538], [0.018374118953943253, 0.16539950668811798, 0.9860551953315735, -0.05189942568540573], [-0.9633693099021912, 0.2668341100215912, -0.026807060465216637, -0.2624794840812683], [0.0, 0.0, 0.0, 1.0]]}, "Bone": {"matrix": [[0.32091450691223145, -0.9059292674064636, -0.2762351930141449, -1.0988447666168213], [-0.9265906810760498, -0.23993240296840668, -0.2895891070365906, -0.2764361500740051], [0.19606955349445343, 0.3488903343677521, -0.916423499584198, -0.9941312074661255], [0.0, 0.0, 0.0, 1.0]]}, "finger1joint1": {"matrix": [[0.23371043801307678, -0.9489635229110718, -0.2117721438407898, -1.852748155593872], [-0.9578896164894104, -0.2620850205421448, 0.11729684472084045, -0.4761049747467041], [-0.1668127477169037, 0.17544087767601013, -0.9702544808387756, -0.7037889361381531], [0.0, 0.0, 0.0, 1.0]]}, "finger1joint2": {"matrix": [[0.3060213327407837, -0.37946292757987976, -0.8731315732002258, -2.3890819549560547], [-0.942683756351471, 0.00737909646704793, -0.33360555768013, -0.6242296695709229], [0.13303393125534058, 0.9251774549484253, -0.3554553985595703, -0.6046335697174072], [0.0, 0.0, 0.0, 1.0]]}, "finger1joint3": {"matrix": [[0.22973762452602386, 0.9621743559837341, -0.14642760157585144, -2.551751136779785], [-0.9712551832199097, 0.23629038035869598, 0.028810160234570503, -0.6210663914680481], [0.06231990084052086, 0.1355997920036316, 0.9888016581535339, -0.20802521705627441], [0.0, 0.0, 0.0, 1.0]]}, "Bone.001": {"matrix": [[-0.039440836757421494, -0.996756911277771, 0.07014097273349762, -1.0988447666168213], [-0.9804010391235352, 0.025042524561285973, -0.19541318714618683, -0.2764361500740051], [0.19302301108837128, -0.07647359371185303, -0.978209376335144, -0.9941312074661255], [0.0, 0.0, 0.0, 1.0]]}, "finger2joint1": {"matrix": [[-0.8125724196434021, -0.3933108448982239, -0.4301537871360779, -1.730672836303711], [-0.5297906994819641, 0.8060730695724487, 0.26375675201416016, -0.26056209206581116], [0.24299705028533936, 0.4422129988670349, -0.8633654117584229, -1.0426065921783447], [0.0, 0.0, 0.0, 1.0]]}, "finger2joint2": {"matrix": [[-0.8015676736831665, -0.24661459028720856, -0.5446745157241821, -2.0709452629089355], [-0.4768235683441162, 0.8132829070091248, 0.3334813117980957, 0.4368111491203308], [0.3607332408428192, 0.5270214676856995, -0.7694931030273438, -0.6600264310836792], [0.0, 0.0, 0.0, 1.0]]}, "finger2joint3": {"matrix": [[-0.7726677656173706, -0.006120883394032717, -0.6347808241844177, -2.164564371109009], [-0.40827280282974243, 0.7705032229423523, 0.48952800035476685, 0.7455467581748962], [0.48610442876815796, 0.6374063491821289, -0.5978422164916992, -0.4599604308605194], [0.0, 0.0, 0.0, 1.0]]}, "Bone.002": {"matrix": [[-0.7243695259094238, -0.6754794120788574, 0.1378990113735199, -1.0988448858261108], [-0.6820622682571411, 0.6730351448059082, -0.2860322892665863, -0.2764361500740051], [0.10039808601140976, -0.3012489080429077, -0.9482453465461731, -0.9941310882568359], [0.0, 0.0, 0.0, 1.0]]}, "finger3joint1": {"matrix": [[-0.3127831220626831, -0.9417916536331177, -0.12326860427856445, -1.38356614112854], [-0.9336776733398438, 0.32869356870651245, -0.14214898645877838, 0.007254898548126221], [0.17439240217208862, 0.07063134014606476, -0.9821397066116333, -1.1211106777191162], [0.0, 0.0, 0.0, 1.0]]}, "finger3joint2": {"matrix": [[-0.45274612307548523, -0.15083523094654083, -0.8787887096405029, -2.209688186645508], [-0.8637315630912781, 0.3188469707965851, 0.3902616500854492, 0.29557886719703674], [0.22133396565914154, 0.935727059841156, -0.27463802695274353, -1.0591541528701782], [0.0, 0.0, 0.0, 1.0]]}, "finger3joint3": {"matrix": [[-0.3054357171058655, 0.3885658085346222, -0.8693246841430664, -2.307291030883789], [-0.9001607894897461, 0.17988750338554382, 0.3966747224330902, 0.501898467540741], [0.31051498651504517, 0.9036908149719238, 0.2948276102542877, -0.45366358757019043], [0.0, 0.0, 0.0, 1.0]]}, "Bone.003": {"matrix": [[-0.7567809820175171, 0.30927574634552, 0.5758740305900574, -1.0988448858261108], [-0.2631268799304962, 0.6623250842094421, -0.7014909982681274, -0.2764361500740051], [-0.5983700156211853, -0.6824030876159668, -0.41985630989074707, -0.994131326675415], [0.0, 0.0, 0.0, 1.0]]}, "finger4joint1": {"matrix": [[-0.629622220993042, -0.7756882905960083, -0.04339507222175598, -0.9662832617759705], [-0.7320748567581177, 0.6110662221908569, -0.30110496282577515, 0.007449209690093994], [0.2600809335708618, -0.15781398117542267, -0.9526029229164124, -1.286622405052185], [0.0, 0.0, 0.0, 1.0]]}, "finger4joint2": {"matrix": [[-0.647958517074585, -0.6064867377281189, -0.46078529953956604, -1.7368202209472656], [-0.7235527038574219, 0.6791095733642578, 0.12361721694469452, 0.614457368850708], [0.23795156180858612, 0.41350141167640686, -0.8788602948188782, -1.4433884620666504], [0.0, 0.0, 0.0, 1.0]]}, "finger4joint3": {"matrix": [[-0.588490903377533, -0.4535910487174988, -0.6692780256271362, -1.9897632598876953], [-0.7792307734489441, 0.5389357805252075, 0.31991735100746155, 0.8976887464523315], [0.21558628976345062, 0.7097907662391663, -0.6706112027168274, -1.2709323167800903], [0.0, 0.0, 0.0, 1.0]]}}