{"root": {"matrix": [[0.3932928442955017, -0.8743060827255249, -0.28444620966911316, 0.0], [0.11437831073999405, 0.3535012900829315, -0.9284150004386902, 0.0], [0.9122709631919861, 0.3326045274734497, 0.2390311062335968, 0.0], [0.0, 0.0, 0.0, 1.0]]}, "carpals": {"matrix": [[0.6464751958847046, -0.5868042707443237, -0.48757603764533997, 0.065615713596344], [0.33509546518325806, -0.35574328899383545, 0.872443437576294, 0.709054708480835], [-0.685405433177948, -0.7273975610733032, -0.033343568444252014, 2.361762523651123], [0.0, 0.0, 0.0, 1.0]]}, "metacarpals": {"matrix": [[0.5246477723121643, -0.7500717043876648, 0.402662456035614, -0.5059280395507812], [-0.5055137872695923, 0.10608559101819992, 0.8562718629837036, 0.3625628650188446], [-0.6849820613861084, -0.6527924537658691, -0.32351386547088623, 1.6532816886901855], [0.0, 0.0, 0.0, 1.0]]}, "finger5joint1": {"matrix": [[0.5463264584541321, -0.7685564160346985, 0.3329387903213501, -1.1916711330413818], [-0.4626001715660095, 0.054496414959430695, 0.8848903775215149, 0.15956053137779236], [-0.6982322931289673, -0.637456476688385, -0.3257613778114319, 1.534026861190796], [0.0, 0.0, 0.0, 1.0]]}, "finger5joint2": {"matrix": [[0.3893987536430359, -0.2720681130886078, -0.8799699544906616, -2.0034756660461426], [0.8961208462715149, -0.10894667357206345, 0.43022972345352173, 0.2171235978603363], [-0.21292157471179962, -0.9560902714729309, 0.20138248801231384, 0.8606991767883301], [0.0, 0.0, 0.0, 1.0]]}, "finger5joint3": {"matrix": [[0.41015198826789856, -0.009906777180731297, -0.9119631052017212, -2.1904778480529785], [0.8569855690002441, -0.33790379762649536, 0.389096736907959, 0.1422407180070877], [-0.3120104670524597, -0.9411281943321228, -0.13010168075561523, 0.20354481041431427], [0.0, 0.0, 0.0, 1.0]]}, "Bone": {"matrix": [[0.785334587097168, 0.3214976489543915, 0.5290449857711792, -1.676998257637024], [-0.2549275755882263, -0.610813558101654, 0.7496122717857361, 0.5281919240951538], [0.5641463398933411, -0.7235647439956665, -0.39773431420326233, 0.6340912580490112], [0.0, 0.0, 0.0, 1.0]]}, "finger1joint1": {"matrix": [[0.736547589302063, -0.4394373297691345, 0.5141908526420593, -1.4094517230987549], [-0.46776843070983887, 0.2181686908006668, 0.856501579284668, 0.01988041400909424], [-0.4885593056678772, -0.8713763356208801, -0.044863153249025345, 0.031949639320373535], [0.0, 0.0, 0.0, 1.0]]}, "finger1joint2": {"matrix": [[0.5536656975746155, -0.6218829154968262, 0.5538192391395569, -1.6578123569488525], [-0.7105951309204102, -0.006076513789594173, 0.7035748958587646, 0.143184632062912], [-0.43417614698410034, -0.7830864191055298, -0.44527119398117065, -0.46053338050842285], [0.0, 0.0, 0.0, 1.0]]}, "finger1joint3": {"matrix": [[0.629346489906311, -0.754108190536499, 0.1877332329750061, -1.924403429031372], [-0.6349847912788391, -0.3597373068332672, 0.6836544275283813, 0.1405797302722931], [-0.4480149745941162, -0.549463152885437, -0.7052463889122009, -0.7962296605110168], [0.0, 0.0, 0.0, 1.0]]}, "Bone.001": {"matrix": [[0.904351532459259, 0.1775004118680954, 0.3881257176399231, -1.676998257637024], [-0.3562537729740143, -0.18681377172470093, 0.9155237078666687, 0.5281919240951538], [0.2350129634141922, -0.9662265777587891, -0.10571001470088959, 0.6340912580490112], [0.0, 0.0, 0.0, 1.0]]}, "finger2joint1": {"matrix": [[0.8896564841270447, -0.3853588402271271, -0.2449686974287033, -1.564483642578125], [-0.2314041256904602, -0.8429610729217529, 0.48566293716430664, 0.40977373719215393], [-0.3936536908149719, -0.375386506319046, -0.8391193747520447, 0.021616071462631226], [0.0, 0.0, 0.0, 1.0]]}, "finger2joint2": {"matrix": [[0.8699781894683838, -0.3666190803050995, -0.3297397196292877, -1.8978766202926636], [-0.35057342052459717, -0.9301435351371765, 0.1092289388179779, -0.31951314210891724], [-0.34675082564353943, 0.020571086555719376, -0.9377314448356628, -0.30314919352531433], [0.0, 0.0, 0.0, 1.0]]}, "finger2joint3": {"matrix": [[0.8481464982032776, -0.3903963267803192, -0.3581032156944275, -2.037051200866699], [-0.4632931053638458, -0.8744271397590637, -0.14400142431259155, -0.6726109981536865], [-0.25691768527030945, 0.28804099559783936, -0.9225102663040161, -0.29534006118774414], [0.0, 0.0, 0.0, 1.0]]}, "Bone.002": {"matrix": [[0.7657552361488342, -0.4536950886249542, 0.455828458070755, -1.6769981384277344], [-0.3999703824520111, 0.2190689891576767, 0.8899620175361633, 0.5281919240951538], [-0.5036293864250183, -0.8638107776641846, -0.013711299747228622, 0.634091317653656], [0.0, 0.0, 0.0, 1.0]]}, "finger3joint1": {"matrix": [[0.6747678518295288, 0.03712427243590355, 0.7370957136154175, -1.8682353496551514], [-0.5770267248153687, 0.6492182612419128, 0.49553582072257996, 0.6205316185951233], [-0.46013981103897095, -0.7596953511238098, 0.4594932198524475, 0.2699863910675049], [0.0, 0.0, 0.0, 1.0]]}, "finger3joint2": {"matrix": [[0.643040657043457, -0.6447492241859436, -0.41327619552612305, -1.8356705904006958], [-0.4858948588371277, -0.7605999112129211, 0.4305739998817444, 1.1900140047073364], [-0.5919501781463623, -0.07606779038906097, -0.8023766279220581, -0.39640432596206665], [0.0, 0.0, 0.0, 1.0]]}, "finger3joint3": {"matrix": [[0.67058926820755, 0.22106796503067017, -0.7081235647201538, -2.2528748512268066], [-0.5885117650032043, -0.4225997030735016, -0.6892485022544861, 0.6978447437286377], [-0.45162370800971985, 0.8789412975311279, -0.15328963100910187, -0.44562631845474243], [0.0, 0.0, 0.0, 1.0]]}, "Bone.003": {"matrix": [[0.5232195854187012, -0.5426267981529236, 0.6571129560470581, -1.6769981384277344], [0.3247368633747101, 0.8398540019989014, 0.4349612593650818, 0.5281919240951538], [-0.7879003882408142, -0.014191285707056522, 0.6156389117240906, 0.634091317653656], [0.0, 0.0, 0.0, 1.0]]}, "finger4joint1": {"matrix": [[0.7304407954216003, 0.05971501022577286, 0.6803603172302246, -1.909578561782837], [-0.6468474864959717, 0.3801915645599365, 0.6610918641090393, 0.8881696462631226], [-0.21919037401676178, -0.9229776859283447, 0.31633394956588745, 0.6280087232589722], [0.0, 0.0, 0.0, 1.0]]}, "finger4joint2": {"matrix": [[0.7446192502975464, -0.3074280917644501, 0.5924777388572693, -1.8502602577209473], [-0.6250758171081543, -0.009802157990634441, 0.7805023193359375, 1.265836477279663], [-0.23414097726345062, -0.9515204429626465, -0.19946466386318207, -0.28883951902389526], [0.0, 0.0, 0.0, 1.0]]}, "finger4joint3": {"matrix": [[0.7588503360748291, -0.48225638270378113, 0.43769246339797974, -1.9784770011901855], [-0.6334481835365295, -0.39042696356773376, 0.6680642366409302, 1.261748194694519], [-0.15129151940345764, -0.7842162251472473, -0.6017599701881409, -0.6856834292411804], [0.0, 0.0, 0.0, 1.0]]}}