{"root": {"matrix": [[0.4133143126964569, -0.8477431535720825, -0.33241963386535645, -5.960464477539063e-08], [0.4049292802810669, 0.49809056520462036, -0.7667711973190308, 0.0], [0.8156001567840576, 0.18231113255023956, 0.54914391040802, 0.0], [0.0, 0.0, 0.0, 1.0]]}, "carpals": {"matrix": [[0.7073630094528198, -0.6288976669311523, -0.32268422842025757, 0.14228743314743042], [-0.01308588869869709, -0.4680829346179962, 0.8835875391960144, 1.4894813299179077], [-0.7067291736602783, -0.6207944750785828, -0.3393341302871704, 1.9611692428588867], [0.0, 0.0, 0.0, 1.0]]}, "metacarpals": {"matrix": [[0.46818313002586365, -0.6008503437042236, 0.6479068398475647, -0.47025495767593384], [-0.7966993451118469, 0.030110104009509087, 0.6036252379417419, 1.033571481704712], [-0.3821970224380493, -0.7987939715385437, -0.4646000266075134, 1.3565192222595215], [0.0, 0.0, 0.0, 1.0]]}, "finger5joint1": {"matrix": [[0.497245192527771, -0.7963773608207703, 0.3442820608615875, -1.1618199348449707], [-0.7207310199737549, -0.15824145078659058, 0.6749120950698853, 0.9422359466552734], [-0.4830050766468048, -0.5837314128875732, -0.6526585817337036, 1.158855676651001], [0.0, 0.0, 0.0, 1.0]]}, "finger5joint2": {"matrix": [[0.33346623182296753, -0.2913287878036499, -0.896619975566864, -2.0030112266540527], [0.622081995010376, -0.6466255187988281, 0.4414624571800232, 0.7750898599624634], [-0.7083881497383118, -0.7049838304519653, -0.0343971848487854, 0.5422764420509338], [0.0, 0.0, 0.0, 1.0]]}, "finger5joint3": {"matrix": [[0.3536675274372101, 0.023315533995628357, -0.9350802898406982, -2.203251600265503], [0.5337473154067993, -0.8259849548339844, 0.1812794804573059, 0.3306414484977722], [-0.7681357264518738, -0.5632092952728271, -0.30456846952438354, 0.05771632492542267], [0.0, 0.0, 0.0, 1.0]]}, "Bone": {"matrix": [[0.6089827418327332, 0.25227001309394836, 0.7519971132278442, -1.4083492755889893], [-0.20375008881092072, -0.8665081262588501, 0.45568570494651794, 1.0805816650390625], [0.7665672898292542, -0.4307243227958679, -0.47628846764564514, 0.10938005149364471], [0.0, 0.0, 0.0, 1.0]]}, "finger1joint1": {"matrix": [[0.5624740123748779, -0.6066603660583496, 0.5617703795433044, -1.198413372039795], [-0.7732462286949158, -0.14538298547267914, 0.6172146201133728, 0.35948431491851807], [-0.2927679717540741, -0.7815539240837097, -0.5508719682693481, -0.2490634024143219], [0.0, 0.0, 0.0, 1.0]]}, "finger1joint2": {"matrix": [[0.37675121426582336, -0.7826158404350281, 0.49555110931396484, -1.5412845611572266], [-0.9213826656341553, -0.26148128509521484, 0.287543922662735, 0.27731701731681824], [-0.0954592227935791, -0.5649245381355286, -0.8196019530296326, -0.6907808184623718], [0.0, 0.0, 0.0, 1.0]]}, "finger1joint3": {"matrix": [[0.4534570872783661, -0.8877342939376831, 0.07940053939819336, -1.8767790794372559], [-0.87730872631073, -0.42886433005332947, 0.21541796624660492, 0.16522428393363953], [-0.1571819931268692, -0.1673414707183838, -0.973288357257843, -0.9329546689987183], [0.0, 0.0, 0.0, 1.0]]}, "Bone.001": {"matrix": [[0.742576003074646, 0.2557937800884247, 0.6189912557601929, -1.4083492755889893], [-0.4296351969242096, -0.5270674824714661, 0.7332211136817932, 1.0805816650390625], [0.5138034224510193, -0.8104129433631897, -0.28148964047431946, 0.10938006639480591], [0.0, 0.0, 0.0, 1.0]]}, "finger2joint1": {"matrix": [[0.8431985378265381, -0.5372708439826965, -0.01886887103319168, -1.2462056875228882], [-0.5235374569892883, -0.8286089897155762, 0.19828113913536072, 0.7464821934700012], [-0.12216571718454361, -0.15731181204319, -0.9799633026123047, -0.4043274521827698], [0.0, 0.0, 0.0, 1.0]]}, "finger2joint2": {"matrix": [[0.7892780900001526, -0.5659404397010803, -0.23822546005249023, -1.7110251188278198], [-0.6123989820480347, -0.7538265585899353, -0.23814457654953003, 0.029612034559249878], [-0.04480515792965889, 0.33385130763053894, -0.9415600299835205, -0.5404255986213684], [0.0, 0.0, 0.0, 1.0]]}, "finger2joint3": {"matrix": [[0.7372652292251587, -0.5974993705749512, -0.3153318166732788, -1.9258652925491333], [-0.6710744500160217, -0.5937108397483826, -0.44403398036956787, -0.25655293464660645], [0.07809395343065262, 0.5389819741249084, -0.8386889696121216, -0.41369014978408813], [0.0, 0.0, 0.0, 1.0]]}, "Bone.002": {"matrix": [[0.7007783055305481, -0.2592831254005432, 0.6645916104316711, -1.4083492755889893], [-0.6869363188743591, 0.0060307676903903484, 0.7266925573348999, 1.0805816650390625], [-0.19242720305919647, -0.9657822847366333, -0.1738847941160202, 0.10938006639480591], [0.0, 0.0, 0.0, 1.0]]}, "finger3joint1": {"matrix": [[0.5757012963294983, -0.6049106121063232, 0.5501374006271362, -1.5176397562026978], [-0.7811749577522278, -0.20816299319267273, 0.5885863900184631, 1.0831236839294434], [-0.24152399599552155, -0.7686032056808472, -0.5923806428909302, -0.2977069616317749], [0.0, 0.0, 0.0, 1.0]]}, "finger3joint2": {"matrix": [[0.451028436422348, -0.36158958077430725, -0.8159818053245544, -2.0482561588287354], [-0.8265000581741333, -0.5142762660980225, -0.22894878685474396, 0.9005269408226013], [-0.33685463666915894, 0.7776713371276855, -0.530806839466095, -0.9719114303588867], [0.0, 0.0, 0.0, 1.0]]}, "finger3joint3": {"matrix": [[0.5633208155632019, 0.31150567531585693, -0.7652671337127686, -2.282233715057373], [-0.8007116913795471, -0.02262752316892147, -0.5986224412918091, 0.5677489042282104], [-0.20379045605659485, 0.9499746561050415, 0.2366798371076584, -0.46869564056396484], [0.0, 0.0, 0.0, 1.0]]}, "Bone.003": {"matrix": [[0.6922170519828796, -0.30380940437316895, 0.6546261310577393, -1.4083492755889893], [-0.06430269032716751, 0.8775028586387634, 0.47524088621139526, 1.0805816650390625], [-0.7188188433647156, -0.3710639476776123, 0.5878865718841553, 0.10938003659248352], [0.0, 0.0, 0.0, 1.0]]}, "finger4joint1": {"matrix": [[0.5665212869644165, -0.05187214910984039, 0.8224127888679504, -1.5385679006576538], [-0.8166953325271606, 0.09767122566699982, 0.5687432289123535, 1.4566965103149414], [-0.10982809215784073, -0.9938656687736511, 0.012969025410711765, -0.04966515302658081], [0.0, 0.0, 0.0, 1.0]]}, "finger4joint2": {"matrix": [[0.5809585452079773, -0.7844211459159851, 0.2171875238418579, -1.5900955200195312], [-0.8031069040298462, -0.5090705752372742, 0.3096226155757904, 1.5537190437316895], [-0.13231083750724792, -0.3543025553226471, -0.9257228374481201, -1.0369305610656738], [0.0, 0.0, 0.0, 1.0]]}, "finger4joint3": {"matrix": [[0.6409140825271606, -0.6385028958320618, -0.4260786473751068, -1.9172486066818237], [-0.7624534964561462, -0.5937766432762146, -0.25708693265914917, 1.3414045572280884], [-0.0888449028134346, 0.48963579535484314, -0.8673883676528931, -1.1846970319747925], [0.0, 0.0, 0.0, 1.0]]}}