{"root": {"matrix": [[0.4145023822784424, -0.6022049784660339, 0.6823026537895203, -5.960464477539063e-08], [0.8866843581199646, 0.43604227900505066, -0.15381143987178802, 0.0], [-0.20488671958446503, 0.6687423586845398, 0.714706301689148, 0.0], [0.0, 0.0, 0.0, 1.0]]}, "carpals": {"matrix": [[-0.8874256014823914, -0.4519360661506653, -0.09071558713912964, 0.27122947573661804], [0.43693000078201294, -0.7620286345481873, -0.4779165983200073, 2.4493112564086914], [0.14685991406440735, -0.463751882314682, 0.8737083077430725, 0.1108781099319458], [0.0, 0.0, 0.0, 1.0]]}, "metacarpals": {"matrix": [[-0.24450649321079254, -0.6734415888786316, 0.697633683681488, -0.168953537940979], [0.04020903259515762, -0.7258942127227783, -0.6866298317909241, 1.7071000337600708], [0.9688135385513306, -0.13983429968357086, 0.20456430315971375, -0.34081342816352844], [0.0, 0.0, 0.0, 1.0]]}, "finger5joint1": {"matrix": [[-0.23798148334026337, -0.7065784335136414, 0.6664168238639832, -0.7973474264144897], [-0.021934378892183304, -0.6820446848869324, -0.7309812903404236, 1.5682563781738281], [0.9710218906402588, -0.18857751786708832, 0.14681565761566162, -0.674757182598114], [0.0, 0.0, 0.0, 1.0]]}, "finger5joint2": {"matrix": [[0.799299955368042, -0.5670099854469299, 0.19904418289661407, -1.5436866283416748], [-0.5903792977333069, -0.8027373552322388, 0.08405011147260666, 0.8478314876556396], [0.11212300509214401, -0.18469299376010895, -0.9763793349266052, -0.8739464282989502], [0.0, 0.0, 0.0, 1.0]]}, "finger5joint3": {"matrix": [[0.7307000756263733, -0.6760365962982178, 0.09513804316520691, -1.9334124326705933], [-0.6664687991142273, -0.7365740537643433, -0.11522740125656128, 0.29608193039894104], [0.14797422289848328, 0.020790038630366325, -0.988772451877594, -1.0008924007415771], [0.0, 0.0, 0.0, 1.0]]}, "Bone": {"matrix": [[0.5661496520042419, -0.4612409770488739, 0.6831771731376648, -1.220382809638977], [0.7788304686546326, 0.027849426493048668, -0.6266156435012817, 0.5737776160240173], [0.26999473571777344, 0.8868376612663269, 0.37499552965164185, -0.5591335892677307], [0.0, 0.0, 0.0, 1.0]]}, "finger1joint1": {"matrix": [[-0.14036358892917633, -0.9471229314804077, 0.2885410785675049, -1.6042218208312988], [0.11996779590845108, -0.3055480122566223, -0.9445886611938477, 0.5969536304473877], [0.9828050136566162, -0.09797019511461258, 0.15651211142539978, 0.17888176441192627], [0.0, 0.0, 0.0, 1.0]]}, "finger1joint2": {"matrix": [[-0.20257624983787537, -0.32246533036231995, -0.9246506094932556, -2.1395151615142822], [0.4079453945159912, 0.8306065797805786, -0.37904223799705505, 0.42426446080207825], [0.8902490735054016, -0.45399197936058044, -0.0367128923535347, 0.12351112812757492], [0.0, 0.0, 0.0, 1.0]]}, "finger1joint3": {"matrix": [[-0.28320953249931335, 0.3084036409854889, -0.9081186056137085, -2.2777507305145264], [0.3367127478122711, 0.9185838103294373, 0.2069493532180786, 0.7803318500518799], [0.8980072140693665, -0.24716511368751526, -0.36399513483047485, -0.07110776007175446], [0.0, 0.0, 0.0, 1.0]]}, "Bone.001": {"matrix": [[0.45308718085289, -0.37311169505119324, 0.8096291422843933, -1.2203826904296875], [0.6626638770103455, -0.46654245257377625, -0.5858449339866638, 0.5737776756286621], [0.5963120460510254, 0.8019510507583618, 0.03586326166987419, -0.5591335892677307], [0.0, 0.0, 0.0, 1.0]]}, "finger2joint1": {"matrix": [[-0.17397984862327576, -0.21238744258880615, 0.9615728259086609, -1.4568921327590942], [0.14549602568149567, -0.9712918400764465, -0.18820935487747192, 0.27804404497146606], [0.9739412665367126, 0.10716044157743454, 0.1998867690563202, -0.05078994110226631], [0.0, 0.0, 0.0, 1.0]]}, "finger2joint2": {"matrix": [[-0.28058749437332153, -0.49123862385749817, 0.8245937824249268, -1.6406389474868774], [0.0738321840763092, -0.8676061630249023, -0.4917397201061249, -0.5622680187225342], [0.9569845199584961, -0.0770944356918335, 0.27970871329307556, 0.04191979765892029], [0.0, 0.0, 0.0, 1.0]]}, "finger2joint3": {"matrix": [[-0.4076295495033264, -0.8356969356536865, 0.36803317070007324, -1.8271211385726929], [0.01747383363544941, -0.41010281443595886, -0.9118716716766357, -0.8916255831718445], [0.9129800200462341, -0.36527496576309204, 0.18177293241024017, 0.01265348494052887], [0.0, 0.0, 0.0, 1.0]]}, "Bone.002": {"matrix": [[0.05180639773607254, -0.48559504747390747, 0.8726472854614258, -1.2203826904296875], [0.15880940854549408, -0.8586952090263367, -0.48725953698158264, 0.5737776756286621], [0.9859490990638733, 0.16382776200771332, 0.03263116627931595, -0.5591335892677307], [0.0, 0.0, 0.0, 1.0]]}, "finger3joint1": {"matrix": [[0.16489025950431824, -0.08454389125108719, 0.9826816916465759, -1.4250659942626953], [0.6545106172561646, -0.7359601855278015, -0.17314213514328003, 0.2118290364742279], [0.7378529906272888, 0.6717252135276794, -0.06601780652999878, -0.49007850885391235], [0.0, 0.0, 0.0, 1.0]]}, "finger3joint2": {"matrix": [[0.11120077967643738, -0.9431486129760742, -0.31321704387664795, -1.4992263317108154], [0.5361224412918091, 0.32230865955352783, -0.7801856398582458, -0.43374162912368774], [0.836783766746521, -0.08116550743579865, 0.5414842367172241, 0.09914641827344894], [0.0, 0.0, 0.0, 1.0]]}, "finger3joint3": {"matrix": [[0.11535662412643433, -0.2603837251663208, -0.9585890769958496, -2.1095192432403564], [0.6750080585479736, 0.7285286784172058, -0.11666103452444077, -0.22518205642700195], [0.7287364602088928, -0.6335978507995605, 0.2598016858100891, 0.04662582278251648], [0.0, 0.0, 0.0, 1.0]]}, "Bone.003": {"matrix": [[0.25456738471984863, 0.18317332863807678, 0.9495487809181213, -1.2203826904296875], [-0.5979498028755188, -0.7418843507766724, 0.3034196197986603, 0.5737776756286621], [0.7600337862968445, -0.6450233459472656, -0.07933109253644943, -0.5591335296630859], [0.0, 0.0, 0.0, 1.0]]}, "finger4joint1": {"matrix": [[-0.23695746064186096, -0.4246085584163666, 0.8738182783126831, -1.1418712139129639], [0.060586802661418915, -0.9041417837142944, -0.4229141175746918, 0.2557916045188904], [0.9696288704872131, -0.047270890325307846, 0.2399689108133316, -0.8356031179428101], [0.0, 0.0, 0.0, 1.0]]}, "finger4joint2": {"matrix": [[-0.22971078753471375, -0.7328194975852966, 0.6404749751091003, -1.563659906387329], [0.03166726231575012, -0.6633515357971191, -0.7476372122764587, -0.6423457860946655], [0.9727433919906616, -0.15145836770534515, 0.17558546364307404, -0.882560133934021], [0.0, 0.0, 0.0, 1.0]]}, "finger4joint3": {"matrix": [[-0.17734405398368835, -0.8978704214096069, 0.402960866689682, -1.8692917823791504], [0.09763291478157043, -0.42348209023475647, -0.9006276726722717, -0.9190051555633545], [0.9792938828468323, -0.12037882953882217, 0.162763774394989, -0.9457277655601501], [0.0, 0.0, 0.0, 1.0]]}}