{"root": {"matrix": [[0.312944620847702, -0.15527857840061188, 0.9369921088218689, 0.0], [-0.5751596093177795, 0.7540959715843201, 0.3170657157897949, 5.960464477539063e-08], [-0.7558155655860901, -0.6381439566612244, 0.1466803401708603, 0.0], [0.0, 0.0, 0.0, 1.0]]}, "carpals": {"matrix": [[0.051693420857191086, -0.9775552153587341, -0.20423831045627594, 0.45038431882858276], [-0.3787029981613159, -0.20842532813549042, 0.9017442464828491, -0.5982336401939392], [-0.9240733981132507, 0.03073127195239067, -0.3809773325920105, -2.3503735065460205], [0.0, 0.0, 0.0, 1.0]]}, "metacarpals": {"matrix": [[-0.8731802701950073, -0.4599842131137848, 0.16115349531173706, -0.5017485022544861], [-0.18867026269435883, 0.6238591074943542, 0.7584214806556702, -0.8012385964393616], [-0.4493991732597351, 0.6318338513374329, -0.6315268278121948, -2.320441722869873], [0.0, 0.0, 0.0, 1.0]]}, "finger5joint1": {"matrix": [[-0.7681543827056885, -0.5991106033325195, 0.2258426994085312, -0.6773276329040527], [-0.2942882776260376, 0.6436421275138855, 0.7064835429191589, -0.7241060733795166], [-0.568623960018158, 0.4762256145477295, -0.6707277894020081, -1.6212294101715088], [0.0, 0.0, 0.0, 1.0]]}, "finger5joint2": {"matrix": [[0.3723072409629822, -0.7688126564025879, 0.5199168920516968, -1.3101515769958496], [0.6150064468383789, 0.6239083409309387, 0.4821877181529999, -0.04424476623535156], [-0.6950926780700684, 0.140230193734169, 0.7051107883453369, -1.1182056665420532], [0.0, 0.0, 0.0, 1.0]]}, "finger5joint3": {"matrix": [[0.2697177827358246, -0.8870126605033875, 0.3747800588607788, -1.8385834693908691], [0.6430824995040894, 0.4556126594543457, 0.615517258644104, 0.3845893144607544], [-0.7167263031005859, 0.0749983936548233, 0.6933095455169678, -1.0218205451965332], [0.0, 0.0, 0.0, 1.0]]}, "Bone": {"matrix": [[0.30429232120513916, -0.9519109129905701, 0.035659220069646835, -1.2199114561080933], [-0.7073933482170105, -0.20074112713336945, 0.6777148246765137, 0.1727786511182785], [-0.637965977191925, -0.231448695063591, -0.7344594597816467, -1.3339734077453613], [0.0, 0.0, 0.0, 1.0]]}, "finger1joint1": {"matrix": [[-0.5443962812423706, -0.5291246175765991, -0.6508913636207581, -2.012080192565918], [-0.1904253214597702, -0.6777379512786865, 0.7102177143096924, 0.00572437047958374], [-0.8169276714324951, 0.5105860829353333, 0.26819929480552673, -1.52658212184906], [0.0, 0.0, 0.0, 1.0]]}, "finger1joint2": {"matrix": [[-0.30968591570854187, -0.11247610300779343, -0.9441628456115723, -2.3111300468444824], [-0.38402122259140015, -0.8935953378677368, 0.23241113126277924, -0.37731844186782837], [-0.8698404431343079, 0.43455302715301514, 0.2335405945777893, -1.2380099296569824], [0.0, 0.0, 0.0, 1.0]]}, "finger1joint3": {"matrix": [[-0.3993759751319885, 0.38661155104637146, -0.8312821984291077, -2.359346628189087], [-0.32546666264533997, -0.9074620604515076, -0.2656761407852173, -0.7603881359100342], [-0.857070803642273, 0.16444998979568481, 0.4882476329803467, -1.0517241954803467], [0.0, 0.0, 0.0, 1.0]]}, "Bone.001": {"matrix": [[-0.03373757749795914, -0.9253497123718262, 0.3776099979877472, -1.2199115753173828], [-0.6484333276748657, 0.30777499079704285, 0.696281909942627, 0.1727786660194397], [-0.7605233788490295, -0.22136417031288147, -0.6104112267494202, -1.3339734077453613], [0.0, 0.0, 0.0, 1.0]]}, "finger2joint1": {"matrix": [[-0.7852867841720581, -0.43722477555274963, -0.43835917115211487, -1.8064755201339722], [-0.2739126980304718, -0.3896162211894989, 0.8793013095855713, 0.3678722083568573], [-0.5552443265914917, 0.8105759024620056, 0.18619906902313232, -1.474292516708374], [0.0, 0.0, 0.0, 1.0]]}, "finger2joint2": {"matrix": [[-0.7777239680290222, -0.20791763067245483, -0.5932245850563049, -2.1847400665283203], [-0.3881056606769562, -0.5835457444190979, 0.7133359313011169, 0.030796155333518982], [-0.49448904395103455, 0.7850122451782227, 0.3731434941291809, -0.7730236053466797], [0.0, 0.0, 0.0, 1.0]]}, "finger2joint3": {"matrix": [[-0.7403009533882141, 0.11885589361190796, -0.6616852879524231, -2.26366925239563], [-0.514651358127594, -0.7334527373313904, 0.4440504014492035, -0.1907273828983307], [-0.4325370788574219, 0.6692682504653931, 0.6041451692581177, -0.4750201106071472], [0.0, 0.0, 0.0, 1.0]]}, "Bone.002": {"matrix": [[-0.6753305792808533, -0.5928955674171448, 0.4386378228664398, -1.2199115753173828], [-0.26105135679244995, 0.7484139204025269, 0.6096954941749573, 0.1727786362171173], [-0.6897686719894409, 0.2972390055656433, -0.6602030396461487, -1.3339734077453613], [0.0, 0.0, 0.0, 1.0]]}, "finger3joint1": {"matrix": [[-0.8218376040458679, -0.41692396998405457, 0.38827452063560486, -1.4698230028152466], [-0.2482457309961319, 0.8754757642745972, 0.41462764143943787, 0.48824256658554077], [-0.5127934813499451, 0.24436911940574646, -0.8229985237121582, -1.2086842060089111], [0.0, 0.0, 0.0, 1.0]]}, "finger3joint2": {"matrix": [[-0.8918592929840088, -0.4455704987049103, -0.07780513912439346, -1.835541009902954], [-0.12258567661046982, 0.07252977788448334, 0.9898040890693665, 1.25619375705719], [-0.435384601354599, 0.8923037648200989, -0.11930692195892334, -0.9943280220031738], [0.0, 0.0, 0.0, 1.0]]}, "finger3joint3": {"matrix": [[-0.887066662311554, -0.13394604623317719, -0.44178158044815063, -2.1238608360290527], [-0.2835378646850586, -0.5971213579177856, 0.750368058681488, 1.303126335144043], [-0.3643063008785248, 0.7908884286880493, 0.4917076826095581, -0.41693592071533203], [0.0, 0.0, 0.0, 1.0]]}, "Bone.003": {"matrix": [[-0.5196768045425415, 0.4597703814506531, 0.720102071762085, -1.2199116945266724], [0.5388790369033813, 0.8304432034492493, -0.14132730662822723, 0.1727786660194397], [-0.6629820466041565, 0.3146035075187683, -0.6793227195739746, -1.3339734077453613], [0.0, 0.0, 0.0, 1.0]]}, "finger4joint1": {"matrix": [[-0.4700850248336792, -0.6350717544555664, 0.6129465699195862, -1.0228450298309326], [-0.6732147336006165, 0.7070987820625305, 0.2163165658712387, 0.5287226438522339], [-0.5707906484603882, -0.3109576404094696, -0.7599363327026367, -1.1991281509399414], [0.0, 0.0, 0.0, 1.0]]}, "finger4joint2": {"matrix": [[-0.47259554266929626, -0.8488844037055969, -0.23674502968788147, -1.6536993980407715], [-0.6525261402130127, 0.1565009206533432, 0.7414287328720093, 1.231125831604004], [-0.5923367738723755, 0.5048783421516418, -0.6278811693191528, -1.5080207586288452], [0.0, 0.0, 0.0, 1.0]]}, "finger4joint3": {"matrix": [[-0.3968815505504608, -0.4076608121395111, -0.8223728537559509, -2.007737636566162], [-0.6740531325340271, -0.4786870777606964, 0.5625927448272705, 1.2963964939117432], [-0.6230065226554871, 0.7776059508323669, -0.08480308949947357, -1.2974547147750854], [0.0, 0.0, 0.0, 1.0]]}}