{"root": {"matrix": [[0.09636523574590683, -0.6964898705482483, -0.7110665440559387, 0.0], [-0.5576838254928589, 0.5539460182189941, -0.6181687116622925, 0.0], [0.8244406580924988, 0.4561203420162201, -0.33504006266593933, 0.0], [0.0, 0.0, 0.0, 1.0]]}, "carpals": {"matrix": [[0.8796038627624512, -0.4754946529865265, -0.014202216640114784, -0.3838655948638916], [0.22009119391441345, 0.38031005859375, 0.8982893824577332, -0.6494777202606201], [-0.42173048853874207, -0.793264627456665, 0.439174622297287, 2.348576545715332], [0.0, 0.0, 0.0, 1.0]]}, "metacarpals": {"matrix": [[0.45501700043678284, -0.588539719581604, 0.6682667136192322, -0.8469944000244141], [-0.423743337392807, 0.5169360637664795, 0.7437865138053894, -0.27905797958374023], [-0.7831991910934448, -0.621609091758728, -0.014174911193549633, 1.5759413242340088], [0.0, 0.0, 0.0, 1.0]]}, "finger5joint1": {"matrix": [[0.4941859841346741, -0.8513746857643127, 0.1759011596441269, -1.5375993251800537], [-0.2558228075504303, 0.050961486995220184, 0.9653792977333069, -0.21567562222480774], [-0.8308638334274292, -0.5220765471458435, -0.19261641800403595, 1.3644638061523438], [0.0, 0.0, 0.0, 1.0]]}, "finger5joint2": {"matrix": [[0.20985962450504303, 0.15539094805717468, -0.9653041958808899, -2.436882734298706], [0.9392246007919312, -0.3063856363296509, 0.15486913919448853, -0.16184642910957336], [-0.2716899514198303, -0.9391384124755859, -0.21024483442306519, 0.8130087852478027], [0.0, 0.0, 0.0, 1.0]]}, "finger5joint3": {"matrix": [[0.27627405524253845, 0.3172971308231354, -0.9071905612945557, -2.3300769329071045], [0.8965631723403931, -0.4250994026660919, 0.12435578554868698, -0.3724360466003418], [-0.3461883068084717, -0.8477102518081665, -0.40192076563835144, 0.16750603914260864], [0.0, 0.0, 0.0, 1.0]]}, "Bone": {"matrix": [[0.5931089520454407, 0.2382596731185913, 0.7690604329109192, -1.7658684253692627], [-0.6372137069702148, -0.444942444562912, 0.629272997379303, 0.5280227065086365], [0.4921179711818695, -0.8632835745811462, -0.11207687854766846, 0.6054370999336243], [0.0, 0.0, 0.0, 1.0]]}, "finger1joint1": {"matrix": [[0.879725992679596, -0.38205137848854065, 0.28305256366729736, -1.567591667175293], [-0.41809022426605225, -0.33802467584609985, 0.8431722521781921, 0.15774710476398468], [-0.22645650804042816, -0.8601023554801941, -0.45710089802742004, -0.11297684907913208], [0.0, 0.0, 0.0, 1.0]]}, "finger1joint2": {"matrix": [[0.7592408061027527, -0.51052325963974, 0.40363267064094543, -1.783518671989441], [-0.6481035351753235, -0.536605179309845, 0.5403854250907898, -0.03329712152481079], [-0.05928807705640793, -0.6718786358833313, -0.7382844090461731, -0.5990880727767944], [0.0, 0.0, 0.0, 1.0]]}, "finger1joint3": {"matrix": [[0.8144302368164062, -0.5739725232124329, 0.0851990133523941, -2.0023717880249023], [-0.569920003414154, -0.7636488676071167, 0.3033667504787445, -0.26333093643188477], [-0.10906219482421875, -0.2956278920173645, -0.9490571022033691, -0.8871114253997803], [0.0, 0.0, 0.0, 1.0]]}, "Bone.001": {"matrix": [[0.7250282168388367, 0.2550548017024994, 0.6397506594657898, -1.7658683061599731], [-0.6712387800216675, 0.05373518541455269, 0.7392905950546265, 0.5280227065086365], [0.15418246388435364, -0.9654321670532227, 0.21016241610050201, 0.6054370999336243], [0.0, 0.0, 0.0, 1.0]]}, "finger2joint1": {"matrix": [[0.7253363728523254, -0.6049833297729492, 0.32845407724380493, -1.6041932106018066], [-0.48473307490348816, -0.11007296293973923, 0.8677080869674683, 0.5620845556259155], [-0.48879513144493103, -0.7885929942131042, -0.37309524416923523, -0.0065346360206604], [0.0, 0.0, 0.0, 1.0]]}, "finger2joint2": {"matrix": [[0.6341848969459534, -0.5166425704956055, -0.5752302408218384, -2.127593994140625], [-0.5708054900169373, -0.8146755695343018, 0.10239358991384506, 0.4668550491333008], [-0.521527111530304, 0.26340800523757935, -0.811557412147522, -0.6887850165367126], [0.0, 0.0, 0.0, 1.0]]}, "finger2joint3": {"matrix": [[0.6195868253707886, 0.274604856967926, -0.735325813293457, -2.3237199783325195], [-0.667330265045166, -0.3089350163936615, -0.6776643395423889, 0.157590851187706], [-0.41325801610946655, 0.9105772376060486, -0.008160046301782131, -0.588791012763977], [0.0, 0.0, 0.0, 1.0]]}, "Bone.002": {"matrix": [[0.6873608827590942, -0.24527479708194733, 0.6836484670639038, -1.7658684253692627], [-0.4552037715911865, 0.5879839062690735, 0.6686285734176636, 0.5280227065086365], [-0.5659722089767456, -0.7707883715629578, 0.2925072908401489, 0.6054370403289795], [0.0, 0.0, 0.0, 1.0]]}, "finger3joint1": {"matrix": [[0.5141317844390869, 0.2498568743467331, 0.8205121159553528, -1.869254231452942], [-0.471383273601532, 0.8815169334411621, 0.026934370398521423, 0.7758638262748718], [-0.7165657877922058, -0.40062326192855835, 0.5709941983222961, 0.2805420160293579], [0.0, 0.0, 0.0, 1.0]]}, "finger3joint2": {"matrix": [[0.5149496793746948, -0.8535004258155823, -0.07977372407913208, -1.6500842571258545], [-0.3267509341239929, -0.2814692258834839, 0.9022243022918701, 1.5491141080856323], [-0.792502760887146, -0.4385340213775635, -0.4238242506980896, -0.0708773136138916], [0.0, 0.0, 0.0, 1.0]]}, "finger3joint3": {"matrix": [[0.478042334318161, 0.10728536546230316, -0.8717600107192993, -2.2023675441741943], [-0.4873760938644409, -0.7932971119880676, -0.3648890256881714, 1.366981029510498], [-0.7307120561599731, 0.5993070602416992, -0.3269413709640503, -0.3546440601348877], [0.0, 0.0, 0.0, 1.0]]}, "Bone.003": {"matrix": [[0.7007234692573547, -0.27809131145477295, 0.6570021510124207, -1.7658684253692627], [0.35847219824790955, 0.933452844619751, 0.012778065167367458, 0.5280227661132812], [-0.6168338060379028, 0.22656333446502686, 0.7537804245948792, 0.6054370403289795], [0.0, 0.0, 0.0, 1.0]]}, "finger4joint1": {"matrix": [[0.6746707558631897, 0.0048263887874782085, 0.738102912902832, -1.8850637674331665], [-0.7101967930793762, 0.27668267488479614, 0.6473536491394043, 0.9281187057495117], [-0.20109613239765167, -0.9609488844871521, 0.1900976300239563, 0.7025464773178101], [0.0, 0.0, 0.0, 1.0]]}, "finger4joint2": {"matrix": [[0.6887311339378357, -0.29701435565948486, 0.6613861918449402, -1.8802692890167236], [-0.691034734249115, 0.0070832460187375546, 0.7227864861488342, 1.2029640674591064], [-0.21936292946338654, -0.9548465013504028, -0.20036861300468445, -0.25202077627182007], [0.0, 0.0, 0.0, 1.0]]}, "finger4joint3": {"matrix": [[0.7012879252433777, -0.4170309007167816, 0.5781697630882263, -2.004142999649048], [-0.6997310519218445, -0.24764439463615417, 0.6701105833053589, 1.2059181928634644], [-0.1362764984369278, -0.8745039701461792, -0.4654793441295624, -0.6502518057823181], [0.0, 0.0, 0.0, 1.0]]}}