{"root": {"matrix": [[0.6396357417106628, -0.3914811611175537, 0.6615199446678162, 0.0], [0.043230898678302765, 0.8775530457496643, 0.4775267243385315, 0.0], [-0.7674615383148193, -0.27684497833251953, 0.5782383680343628, 0.0], [0.0, 0.0, 0.0, 1.0]]}, "carpals": {"matrix": [[-0.06641341000795364, -0.9076253175735474, -0.4144938588142395, 0.9889590740203857], [-0.6011145114898682, -0.2951698899269104, 0.7426546216011047, 0.9030420780181885], [-0.7963984608650208, 0.29848042130470276, -0.5259835720062256, -2.0715837478637695], [0.0, 0.0, 0.0, 1.0]]}, "metacarpals": {"matrix": [[-0.3920190930366516, -0.9026051759719849, -0.1778329610824585, 0.10493743419647217], [-0.8923420310020447, 0.32607242465019226, 0.31209349632263184, 0.6155484914779663], [-0.2237110137939453, 0.2810344398021698, -0.9332593083381653, -1.7808657884597778], [0.0, 0.0, 0.0, 1.0]]}, "finger5joint1": {"matrix": [[0.168220654129982, -0.9436572194099426, -0.28497785329818726, -0.2682110071182251], [-0.8720410466194153, -0.2772561013698578, 0.40332770347595215, 0.8298182487487793], [-0.45961523056030273, 0.18066424131393433, -0.8695482611656189, -1.1973217725753784], [0.0, 0.0, 0.0, 1.0]]}, "finger5joint2": {"matrix": [[-0.22589761018753052, -0.9060372114181519, -0.35786309838294983, -1.264970064163208], [0.45247822999954224, -0.422915518283844, 0.7851149439811707, 0.5369603037834167], [-0.8626895546913147, 0.015430147759616375, 0.5054980516433716, -1.0064911842346191], [0.0, 0.0, 0.0, 1.0]]}, "finger5joint3": {"matrix": [[-0.2894485294818878, -0.7943769097328186, -0.5340262651443481, -1.887721061706543], [0.367107629776001, -0.6073734164237976, 0.7045062184333801, 0.2462756335735321], [-0.8839972019195557, 0.00787297822535038, 0.46742546558380127, -0.9958855509757996], [0.0, 0.0, 0.0, 1.0]]}, "Bone": {"matrix": [[0.842986524105072, -0.5032901763916016, -0.18992704153060913, -1.3042795658111572], [-0.4852050244808197, -0.8638350367546082, 0.1355171501636505, 1.1246380805969238], [-0.23227012157440186, -0.022085784003138542, -0.9724004864692688, -1.3420929908752441], [0.0, 0.0, 0.0, 1.0]]}, "finger1joint1": {"matrix": [[0.6709771752357483, -0.6215769052505493, -0.4042664170265198, -1.7231115102767944], [-0.4517405927181244, -0.7750334143638611, 0.4418749511241913, 0.405765175819397], [-0.5879793763160706, -0.11386468261480331, -0.8008214235305786, -1.3604724407196045], [0.0, 0.0, 0.0, 1.0]]}, "finger1joint2": {"matrix": [[0.7744959592819214, -0.4832878112792969, -0.40815266966819763, -2.074413299560547], [-0.5492310523986816, -0.8338699340820312, -0.05482760816812515, -0.03226691484451294], [-0.3138487637042999, 0.2666337490081787, -0.9112657904624939, -1.4248261451721191], [0.0, 0.0, 0.0, 1.0]]}, "finger1joint3": {"matrix": [[0.7463855147361755, 0.2064652293920517, -0.6326772570610046, -2.2815909385681152], [-0.5209959745407104, -0.4102413058280945, -0.748508632183075, -0.3897332549095154], [-0.41409143805503845, 0.8882983922958374, -0.19863080978393555, -1.310524821281433], [0.0, 0.0, 0.0, 1.0]]}, "Bone.001": {"matrix": [[0.5943676829338074, -0.8040920495986938, 0.012751784175634384, -1.3042798042297363], [-0.729256272315979, -0.5322311520576477, 0.4300174117088318, 1.1246380805969238], [-0.3389868438243866, -0.2648880183696747, -0.9027303457260132, -1.3420928716659546], [0.0, 0.0, 0.0, 1.0]]}, "finger2joint1": {"matrix": [[0.03498506918549538, -0.5274693965911865, -0.8488531112670898, -1.8139805793762207], [-0.8116402626037598, -0.5105763673782349, 0.2838160991668701, 0.787265419960022], [-0.5831089615821838, 0.6790341138839722, -0.4459781348705292, -1.5100011825561523], [0.0, 0.0, 0.0, 1.0]]}, "finger2joint2": {"matrix": [[0.06543630361557007, -0.09678837656974792, -0.9931513667106628, -2.270320177078247], [-0.8772276639938354, -0.4799477756023407, -0.01102461013942957, 0.3455408215522766], [-0.47559407353401184, 0.871941328048706, -0.11631160974502563, -0.9225354790687561], [0.0, 0.0, 0.0, 1.0]]}, "finger2joint3": {"matrix": [[0.14238055050373077, 0.23927459120750427, -0.960455596446991, -2.3070626258850098], [-0.9219697117805481, -0.32099413871765137, -0.21664327383041382, 0.16334478557109833], [-0.3601381182670593, 0.9163569808006287, 0.17490050196647644, -0.5915322303771973], [0.0, 0.0, 0.0, 1.0]]}, "Bone.002": {"matrix": [[-0.13491375744342804, -0.9829035401344299, 0.12529349327087402, -1.3042798042297363], [-0.9004876017570496, 0.17438483238220215, 0.398386687040329, 1.1246380805969238], [-0.4134252667427063, -0.05907750502228737, -0.9086195230484009, -1.3420929908752441], [0.0, 0.0, 0.0, 1.0]]}, "finger3joint1": {"matrix": [[-0.2995578646659851, -0.883613646030426, -0.35984936356544495, -1.718583583831787], [-0.9196943044662476, 0.16709211468696594, 0.355306476354599, 1.1981431245803833], [-0.25382596254348755, 0.43738627433776855, -0.862708330154419, -1.3669947385787964], [0.0, 0.0, 0.0, 1.0]]}, "finger3joint2": {"matrix": [[-0.42132043838500977, 0.13256223499774933, -0.8971710801124573, -2.493673086166382], [-0.8947852849960327, -0.22199322283267975, 0.3873993754386902, 1.3447130918502808], [-0.1478116512298584, 0.9659948945045471, 0.21214500069618225, -0.9833275079727173], [0.0, 0.0, 0.0, 1.0]]}, "finger3joint3": {"matrix": [[-0.257345050573349, 0.7392088770866394, -0.6223690509796143, -2.4078946113586426], [-0.9570854902267456, -0.28380686044692993, 0.05866093188524246, 1.2010656595230103], [-0.13327018916606903, 0.6107567548751831, 0.7805224061012268, -0.35825127363204956], [0.0, 0.0, 0.0, 1.0]]}, "Bone.003": {"matrix": [[-0.5281810760498047, -0.2717702388763428, 0.8044658899307251, -1.3042798042297363], [-0.29700082540512085, 0.9466844201087952, 0.12481619417667389, 1.1246380805969238], [-0.7954968810081482, -0.17300140857696533, -0.5807368755340576, -1.3420929908752441], [0.0, 0.0, 0.0, 1.0]]}, "finger4joint1": {"matrix": [[0.33045732975006104, -0.9379029273986816, 0.10552433133125305, -1.4207655191421509], [-0.9062883853912354, -0.2841108441352844, 0.3129251301288605, 1.5304054021835327], [-0.2635130286216736, -0.19904407858848572, -0.9438973665237427, -1.4162447452545166], [0.0, 0.0, 0.0, 1.0]]}, "finger4joint2": {"matrix": [[0.31084683537483215, -0.2751036584377289, -0.9097754955291748, -2.352440118789673], [-0.9063512682914734, -0.37400898337364197, -0.19658163189888, 1.2481813430786133], [-0.2861841320991516, 0.8856832981109619, -0.3656003475189209, -1.613966941833496], [0.0, 0.0, 0.0, 1.0]]}, "finger4joint3": {"matrix": [[0.34591466188430786, 0.7649005651473999, -0.5433869361877441, -2.4671754837036133], [-0.8691514730453491, 0.043069176375865936, -0.4926665723323822, 1.092195987701416], [-0.35343798995018005, 0.642706573009491, 0.6797129511833191, -1.2445812225341797], [0.0, 0.0, 0.0, 1.0]]}}