{"root": {"matrix": [[0.46713370084762573, -0.5876437425613403, 0.6606519222259521, 0.0], [0.8161177039146423, 0.5740529894828796, -0.06644565612077713, 5.960464477539063e-08], [-0.34020277857780457, 0.5702087879180908, 0.747745931148529, 0.0], [0.0, 0.0, 0.0, 1.0]]}, "carpals": {"matrix": [[-0.8364011645317078, -0.4720410406589508, -0.27858585119247437, 0.4069407284259796], [0.5286543369293213, -0.8289740681648254, -0.18255479633808136, 2.414991617202759], [-0.1447671353816986, -0.2999647557735443, 0.942901611328125, -0.29529643058776855], [0.0, 0.0, 0.0, 1.0]]}, "metacarpals": {"matrix": [[-0.5486839413642883, -0.6430317759513855, 0.5342806577682495, -0.05282437801361084], [0.4240214228630066, -0.7648153901100159, -0.4850391447544098, 1.6075758934020996], [0.7205218076705933, -0.03958677500486374, 0.692301332950592, -0.5874602198600769], [0.0, 0.0, 0.0, 1.0]]}, "finger5joint1": {"matrix": [[-0.5024036765098572, -0.7278986573219299, 0.4666409492492676, -0.5432934761047363], [0.39006176590919495, -0.6724646687507629, -0.6290014386177063, 1.2962472438812256], [0.7716490030288696, -0.1339939385652542, 0.6217743158340454, -1.021268367767334], [0.0, 0.0, 0.0, 1.0]]}, "finger5joint2": {"matrix": [[0.5431106686592102, -0.7877002358436584, 0.2907892167568207, -1.312152624130249], [-0.5879012942314148, -0.6039990186691284, -0.5381047129631042, 0.5859414935112], [0.59950190782547, 0.1212950050830841, -0.7911287546157837, -1.1628024578094482], [0.0, 0.0, 0.0, 1.0]]}, "finger5joint3": {"matrix": [[0.4503662884235382, -0.8831928372383118, 0.13091956079006195, -1.8535666465759277], [-0.6111999154090881, -0.4118567705154419, -0.6758757829666138, 0.17079178988933563], [0.6508489847183228, 0.2243736833333969, -0.7252941727638245, -1.0794321298599243], [0.0, 0.0, 0.0, 1.0]]}, "Bone": {"matrix": [[0.503045916557312, -0.7261167764663696, 0.46872058510780334, -1.0567755699157715], [0.8593794107437134, 0.3627015948295593, -0.3604361414909363, 0.41348665952682495], [0.09171304851770401, 0.5841249227523804, 0.8064655065536499, -0.649266242980957], [0.0, 0.0, 0.0, 1.0]]}, "finger1joint1": {"matrix": [[-0.4304293096065521, -0.8923312425613403, -0.13592414557933807, -1.6610407829284668], [0.5250543355941772, -0.12503546476364136, -0.8418335318565369, 0.7153224349021912], [0.7341992259025574, -0.4337174892425537, 0.5223414301872253, -0.16316471993923187], [0.0, 0.0, 0.0, 1.0]]}, "finger1joint2": {"matrix": [[-0.35067468881607056, -0.2541506290435791, -0.9013515114784241, -2.1653671264648438], [0.7588208913803101, 0.48694324493408203, -0.43252381682395935, 0.6446551084518433], [0.5488333702087402, -0.8356396555900574, 0.022096090018749237, -0.40829241275787354], [0.0, 0.0, 0.0, 1.0]]}, "finger1joint3": {"matrix": [[-0.4305930435657501, 0.2988094687461853, -0.8516468405723572, -2.2743172645568848], [0.6927386522293091, 0.7142724394798279, -0.09963846206665039, 0.8533997535705566], [0.5785351395606995, -0.6328723430633545, -0.5145577192306519, -0.7665174007415771], [0.0, 0.0, 0.0, 1.0]]}, "Bone.001": {"matrix": [[0.27927544713020325, -0.6535606384277344, 0.7034652829170227, -1.056775450706482], [0.8825352191925049, -0.1139485090970993, -0.4562312364578247, 0.41348668932914734], [0.3783336579799652, 0.7482472062110901, 0.5449674129486084, -0.6492661833763123], [0.0, 0.0, 0.0, 1.0]]}, "finger2joint1": {"matrix": [[-0.47187578678131104, -0.31317317485809326, 0.8241695165634155, -1.4710569381713867], [0.5306733250617981, -0.8473816514015198, -0.018158255144953728, 0.34125661849975586], [0.7040729522705078, 0.4287964701652527, 0.5660517811775208, -0.1749645173549652], [0.0, 0.0, 0.0, 1.0]]}, "finger2joint2": {"matrix": [[-0.5723992586135864, -0.5888190865516663, 0.5706582069396973, -1.7419984340667725], [0.4512667655944824, -0.8072831034660339, -0.38033127784729004, -0.39185479283332825], [0.6846293210983276, 0.039817724376916885, 0.7278029918670654, 0.19600829482078552], [0.0, 0.0, 0.0, 1.0]]}, "finger2joint3": {"matrix": [[-0.6848428249359131, -0.5137612223625183, -0.5167585015296936, -1.9655237197875977], [0.3878619372844696, 0.3433503210544586, -0.8553789854049683, -0.6983126401901245], [0.6168899536132812, -0.7862313985824585, -0.03587260842323303, 0.2111237645149231], [0.0, 0.0, 0.0, 1.0]]}, "Bone.002": {"matrix": [[-0.2666306793689728, -0.5777332186698914, 0.7714480757713318, -1.056775450706482], [0.5601898431777954, -0.744232714176178, -0.3637372851371765, 0.41348668932914734], [0.7842801809310913, 0.3351738452911377, 0.5220757126808167, -0.649266242980957], [0.0, 0.0, 0.0, 1.0]]}, "finger3joint1": {"matrix": [[-0.4012705981731415, -0.15208162367343903, 0.903245747089386, -1.3002958297729492], [0.6210192441940308, -0.7700320482254028, 0.14623790979385376, 0.09978514909744263], [0.6732882857322693, 0.6196140050888062, 0.40343695878982544, -0.5079870820045471], [0.0, 0.0, 0.0, 1.0]]}, "finger3joint2": {"matrix": [[-0.455003559589386, -0.7981738448143005, 0.3948290944099426, -1.4336990118026733], [0.485300749540329, -0.5940165519714355, -0.6415818929672241, -0.5756728053092957], [0.7466291189193726, -0.10031133145093918, 0.6576341390609741, 0.03552688658237457], [0.0, 0.0, 0.0, 1.0]]}, "finger3joint3": {"matrix": [[-0.5539522171020508, -0.8324078917503357, 0.015293474309146404, -1.9501816034317017], [0.5562027096748352, -0.3836861848831177, -0.7371724247932434, -0.9600492119789124], [0.6194961667060852, -0.3998522460460663, 0.6755313873291016, -0.02938258647918701], [0.0, 0.0, 0.0, 1.0]]}, "Bone.003": {"matrix": [[-0.05988352373242378, 0.3287888765335083, 0.9425029158592224, -1.056775450706482], [-0.204628124833107, -0.9281887412071228, 0.31079381704330444, 0.41348668932914734], [0.9770062565803528, -0.17425119876861572, 0.12286277115345001, -0.649266242980957], [0.0, 0.0, 0.0, 1.0]]}, "finger4joint1": {"matrix": [[-0.5376949310302734, -0.6336683630943298, 0.5561907291412354, -0.9158501625061035], [0.4422997534275055, -0.773601770401001, -0.45377397537231445, 0.01564699411392212], [0.7178125977516174, 0.0020109328906983137, 0.696233332157135, -0.7239536643028259], [0.0, 0.0, 0.0, 1.0]]}, "finger4joint2": {"matrix": [[-0.5412388443946838, -0.7948939204216003, 0.2742328345775604, -1.5453104972839355], [0.4156051576137543, -0.5363948941230774, -0.7345423102378845, -0.7528173327445984], [0.7309805154800415, -0.28359049558639526, 0.6206799745559692, -0.7219561338424683], [0.0, 0.0, 0.0, 1.0]]}, "finger4joint3": {"matrix": [[-0.4772428572177887, -0.8784821033477783, 0.02253866195678711, -1.8768310546875], [0.4694558382034302, -0.27654919028282166, -0.8385292291641235, -0.976527750492096], [0.7428661584854126, -0.389601469039917, 0.5443898439407349, -0.84023118019104], [0.0, 0.0, 0.0, 1.0]]}}