{"root": {"matrix": [[0.46874022483825684, 0.009671133942902088, 0.8832831382751465, 9.313225746154785e-10], [-0.3841906487941742, 0.9026416540145874, 0.19399899244308472, 0.0], [-0.7954119443893433, -0.43028417229652405, 0.4268200099468231, 0.0], [0.0, 0.0, 0.0, 1.0]]}, "carpals": {"matrix": [[-0.1497107595205307, -0.9809668064117432, -0.12365464121103287, 0.9702057242393494], [-0.34282198548316956, -0.06580425798892975, 0.937092661857605, -0.0071273669600486755], [-0.9273940324783325, 0.1826842725276947, -0.3264453709125519, -2.267958402633667], [0.0, 0.0, 0.0, 1.0]]}, "metacarpals": {"matrix": [[-0.7478545904159546, -0.656345784664154, 0.09961595386266708, 0.014749884605407715], [-0.3449234962463379, 0.5123751163482666, 0.786447286605835, -0.07122033834457397], [-0.5672223567962646, 0.553788423538208, -0.6095712184906006, -2.090024948120117], [0.0, 0.0, 0.0, 1.0]]}, "finger5joint1": {"matrix": [[-0.5672638416290283, -0.8177353739738464, 0.09757111221551895, -0.2695624828338623], [-0.400270015001297, 0.3773125410079956, 0.8351161479949951, -0.04182016849517822], [-0.7197191119194031, 0.4346764385700226, -0.5413507223129272, -1.4237091541290283], [0.0, 0.0, 0.0, 1.0]]}, "finger5joint2": {"matrix": [[0.2098139226436615, -0.9662340879440308, 0.14956219494342804, -1.1333136558532715], [0.8092249631881714, 0.25746071338653564, 0.5280800461769104, 0.3567246198654175], [-0.5487555265426636, 0.010230730287730694, 0.8359200954437256, -0.9645724296569824], [0.0, 0.0, 0.0, 1.0]]}, "finger5joint3": {"matrix": [[0.110140860080719, -0.9933887124061584, -0.03235781565308571, -1.7974401712417603], [0.7994205355644226, 0.0691959336400032, 0.5967731475830078, 0.5336863994598389], [-0.5905888676643372, -0.09159687906503677, 0.8017570972442627, -0.9575405120849609], [0.0, 0.0, 0.0, 1.0]]}, "Bone": {"matrix": [[0.5221477746963501, -0.8528183102607727, 0.007893668487668037, -1.0099880695343018], [-0.6241571307182312, -0.3758073151111603, 0.6849791407585144, 0.7287395000457764], [-0.5811963677406311, -0.36258748173713684, -0.7285196781158447, -1.225407600402832], [0.0, 0.0, 0.0, 1.0]]}, "finger1joint1": {"matrix": [[-0.21799001097679138, -0.7629157304763794, -0.6086374521255493, -1.7196928262710571], [-0.2899722754955292, -0.5448418855667114, 0.7868056297302246, 0.4159972071647644], [-0.9318779110908508, 0.34800365567207336, -0.10245440900325775, -1.5271483659744263], [0.0, 0.0, 0.0, 1.0]]}, "finger1joint2": {"matrix": [[-0.007032602559775114, -0.4090512990951538, -0.9124841094017029, -2.15087628364563], [-0.504797101020813, -0.7862516641616821, 0.3563538193702698, 0.10806439816951752], [-0.8632093667984009, 0.46312540769577026, -0.20095866918563843, -1.330464243888855], [0.0, 0.0, 0.0, 1.0]]}, "finger1joint3": {"matrix": [[-0.08439482003450394, 0.33145031332969666, -0.9396902918815613, -2.3262298107147217], [-0.4369259476661682, -0.8598668575286865, -0.26405397057533264, -0.22898873686790466], [-0.8955296277999878, 0.3882903456687927, 0.21738740801811218, -1.1319299936294556], [0.0, 0.0, 0.0, 1.0]]}, "Bone.001": {"matrix": [[0.19990594685077667, -0.9265066981315613, 0.3187829256057739, -1.0099880695343018], [-0.6290915012359619, 0.1280665546655655, 0.7667089104652405, 0.7287394404411316], [-0.7511865496635437, -0.353813499212265, -0.5572562217712402, -1.225407600402832], [0.0, 0.0, 0.0, 1.0]]}, "finger2joint1": {"matrix": [[-0.6169309020042419, -0.5972229242324829, -0.5125627517700195, -1.5972853899002075], [-0.41172701120376587, -0.31012728810310364, 0.8569140434265137, 0.8099187612533569], [-0.6707286834716797, 0.7396928071975708, -0.05456574633717537, -1.4496841430664062], [0.0, 0.0, 0.0, 1.0]]}, "finger2joint2": {"matrix": [[-0.618392825126648, -0.2476416975259781, -0.7458307147026062, -2.1139721870422363], [-0.5155059695243835, -0.5885061621665955, 0.6228272914886475, 0.541612446308136], [-0.593164324760437, 0.7696321606636047, 0.23626719415187836, -0.8097397089004517], [0.0, 0.0, 0.0, 1.0]]}, "finger2joint3": {"matrix": [[-0.5735833644866943, 0.02908208779990673, -0.8186305165290833, -2.2079811096191406], [-0.6331796050071716, -0.6497780084609985, 0.4205613136291504, 0.31820589303970337], [-0.5196975469589233, 0.7595672607421875, 0.39111602306365967, -0.517574667930603], [0.0, 0.0, 0.0, 1.0]]}, "Bone.002": {"matrix": [[-0.5077725648880005, -0.7620617747306824, 0.40178170800209045, -1.0099879503250122], [-0.37360215187072754, 0.6150317192077637, 0.6943754553794861, 0.7287394404411316], [-0.7762657999992371, 0.20247824490070343, -0.5970041155815125, -1.225407600402832], [0.0, 0.0, 0.0, 1.0]]}, "finger3joint1": {"matrix": [[-0.6775429844856262, -0.6618448495864868, 0.3207749128341675, -1.3312047719955444], [-0.3923723101615906, 0.6941632032394409, 0.6034743189811707, 0.9879814982414246], [-0.6220769286155701, 0.2830166220664978, -0.7300150394439697, -1.1400609016418457], [0.0, 0.0, 0.0, 1.0]]}, "finger3joint2": {"matrix": [[-0.7855989336967468, -0.43375107645988464, -0.4412413537502289, -1.9117627143859863], [-0.3007846772670746, -0.35547539591789246, 0.8849665522575378, 1.5968886613845825], [-0.5407059788703918, 0.8279474377632141, 0.14879541099071503, -0.8918039798736572], [0.0, 0.0, 0.0, 1.0]]}, "finger3joint3": {"matrix": [[-0.7207489013671875, 0.07678612321615219, -0.6889299154281616, -2.192434549331665], [-0.46258169412612915, -0.7934677004814148, 0.39550867676734924, 1.3668675422668457], [-0.5162743926048279, 0.6037489771842957, 0.6074109077453613, -0.35605552792549133], [0.0, 0.0, 0.0, 1.0]]}, "Bone.003": {"matrix": [[-0.5146692395210266, 0.24177560210227966, 0.8225933909416199, -1.0099880695343018], [0.4407199025154114, 0.8975653052330017, 0.011932638473808765, 0.7287394404411316], [-0.7354463934898376, 0.3686748147010803, -0.5685045719146729, -1.225407600402832], [0.0, 0.0, 0.0, 1.0]]}, "finger4joint1": {"matrix": [[-0.04887960106134415, -0.8824862241744995, 0.4677908718585968, -0.9063582420349121], [-0.7291629314422607, 0.3516032099723816, 0.5871084332466125, 1.1134533882141113], [-0.6825922131538391, -0.31239834427833557, -0.6606625318527222, -1.067386269569397], [0.0, 0.0, 0.0, 1.0]]}, "finger4joint2": {"matrix": [[-0.06005388870835304, -0.9477086663246155, -0.313434362411499, -1.7829840183258057], [-0.7094382643699646, -0.18036891520023346, 0.6812958717346191, 1.4627217054367065], [-0.7022041082382202, 0.26327675580978394, -0.6615092754364014, -1.3777101039886475], [0.0, 0.0, 0.0, 1.0]]}, "finger4joint3": {"matrix": [[0.023524729534983635, 0.0274807121604681, -0.9993451833724976, -2.1782381534576416], [-0.7018797993659973, -0.7113804817199707, -0.03608459234237671, 1.3874964714050293], [-0.7119065523147583, 0.7022693753242493, 0.0025529854465276003, -1.2679071426391602], [0.0, 0.0, 0.0, 1.0]]}}