{"root": {"matrix": [[0.19443148374557495, -0.8583177328109741, -0.47485479712486267, 0.0], [-0.40140247344970703, 0.37208619713783264, -0.8369157314300537, 0.0], [0.895026445388794, 0.35333070158958435, -0.27218565344810486, 0.0], [0.0, 0.0, 0.0, 1.0]]}, "carpals": {"matrix": [[0.8254578709602356, -0.5172484517097473, -0.22599363327026367, -0.34704750776290894], [0.3653780519962311, 0.18445153534412384, 0.9124013185501099, -0.44946590065956116], [-0.430253267288208, -0.8357220888137817, 0.34124845266342163, 2.4005258083343506], [0.0, 0.0, 0.0, 1.0]]}, "metacarpals": {"matrix": [[0.45609110593795776, -0.5895177125930786, 0.666670560836792, -0.8508444428443909], [-0.42881521582603455, 0.5108416676521301, 0.7450892329216003, -0.26981115341186523], [-0.7798065543174744, -0.6257070302963257, -0.019803648814558983, 1.5865373611450195], [0.0, 0.0, 0.0, 1.0]]}, "finger5joint1": {"matrix": [[0.36144086718559265, -0.656659722328186, 0.6619353294372559, -1.541538953781128], [-0.3142441511154175, 0.5826034545898438, 0.7495488524436951, -0.20955264568328857], [-0.877844512462616, -0.47892680764198303, 0.004225393291562796, 1.374441385269165], [0.0, 0.0, 0.0, 1.0]]}, "finger5joint2": {"matrix": [[0.7277771234512329, -0.04047602042555809, -0.6846179962158203, -2.2351503372192383], [0.6621803045272827, 0.30127349495887756, 0.6861129403114319, 0.40583527088165283], [0.17848628759384155, -0.952677845954895, 0.2460627555847168, 0.8685643076896667], [0.0, 0.0, 0.0, 1.0]]}, "finger5joint3": {"matrix": [[0.7574025392532349, 0.21257688105106354, -0.6173750758171082, -2.2629709243774414], [0.6486318707466125, -0.1364196240901947, 0.7487761974334717, 0.6129110455513], [0.07495055347681046, -0.967574417591095, -0.24120843410491943, 0.21375545859336853], [0.0, 0.0, 0.0, 1.0]]}, "Bone": {"matrix": [[0.594372570514679, 0.23939670622348785, 0.7677305936813354, -1.7712452411651611], [-0.6321081519126892, -0.45109960436820984, 0.6300381422042847, 0.5277544856071472], [0.4971519410610199, -0.85976642370224, -0.11679649353027344, 0.609635055065155], [0.0, 0.0, 0.0, 1.0]]}, "finger1joint1": {"matrix": [[0.8798809051513672, -0.3759790062904358, 0.2906014323234558, -1.5720221996307373], [-0.4210541546344757, -0.3333717882633209, 0.8435497879981995, 0.15235495567321777], [-0.22027887403964996, -0.8645825386047363, -0.45163485407829285, -0.10585197806358337], [0.0, 0.0, 0.0, 1.0]]}, "finger1joint2": {"matrix": [[0.7569685578346252, -0.5074670314788818, 0.4116743206977844, -1.7845174074172974], [-0.6511341333389282, -0.5327673554420471, 0.5405396223068237, -0.036059558391571045], [-0.054979581385850906, -0.6772269010543823, -0.7337170839309692, -0.5944952964782715], [0.0, 0.0, 0.0, 1.0]]}, "finger1joint3": {"matrix": [[0.8128735423088074, -0.5748181343078613, 0.09391870349645615, -2.0020601749420166], [-0.5730581283569336, -0.7604873180389404, 0.3053901791572571, -0.2644481360912323], [-0.10412000864744186, -0.3020646870136261, -0.9475841522216797, -0.884811282157898], [0.0, 0.0, 0.0, 1.0]]}, "Bone.001": {"matrix": [[0.7264358401298523, 0.2551422119140625, 0.6381169557571411, -1.7712452411651611], [-0.6684648990631104, 0.0468071773648262, 0.7422690391540527, 0.5277544856071472], [0.1595156192779541, -0.9657697677612305, 0.20455622673034668, 0.609635055065155], [0.0, 0.0, 0.0, 1.0]]}, "finger2joint1": {"matrix": [[0.726357102394104, 0.019391709938645363, 0.6870437264442444, -1.6095147132873535], [-0.6239718198776245, 0.43776121735572815, 0.6473205089569092, 0.557424783706665], [-0.28820860385894775, -0.8988818526268005, 0.3300710618495941, -0.0025505423545837402], [0.0, 0.0, 0.0, 1.0]]}, "finger2joint2": {"matrix": [[0.6585220098495483, -0.6297094225883484, 0.41208571195602417, -1.5927380323410034], [-0.6389673352241516, -0.17856262624263763, 0.748221755027771, 0.9361534714698792], [-0.3975794017314911, -0.7560299038887024, -0.5199509859085083, -0.780217170715332], [0.0, 0.0, 0.0, 1.0]]}, "finger2joint3": {"matrix": [[0.5424773097038269, -0.7404806017875671, -0.3967449963092804, -1.8317861557006836], [-0.7195139527320862, -0.653316080570221, 0.23553626239299774, 0.8683681488037109], [-0.43361014127731323, 0.15769034624099731, -0.887195348739624, -1.067218542098999], [0.0, 0.0, 0.0, 1.0]]}, "Bone.002": {"matrix": [[0.6884562373161316, -0.24637477099895477, 0.6821491122245789, -1.7712452411651611], [-0.45809343457221985, 0.5814701318740845, 0.6723411679267883, 0.5277544856071472], [-0.5622974038124084, -0.7753653526306152, 0.2874542474746704, 0.609635055065155], [0.0, 0.0, 0.0, 1.0]]}, "finger3joint1": {"matrix": [[0.5152940154075623, 0.24804727733135223, 0.8203320503234863, -1.8750946521759033], [-0.4758106768131256, 0.8789238929748535, 0.033117957413196564, 0.7728500366210938], [-0.7127947807312012, -0.40738797187805176, 0.5709276795387268, 0.2828108072280884], [0.0, 0.0, 0.0, 1.0]]}, "finger3joint2": {"matrix": [[0.5158172845840454, -0.8533690571784973, -0.07545719295740128, -1.6575120687484741], [-0.3317691683769226, -0.2801876664161682, 0.9007906913757324, 1.5438258647918701], [-0.7898492217063904, -0.4396090805530548, -0.42764684557914734, -0.07454243302345276], [0.0, 0.0, 0.0, 1.0]]}, "finger3joint3": {"matrix": [[0.47817713022232056, 0.12984082102775574, -0.8686127662658691, -2.2097105979919434], [-0.4920119345188141, -0.7796453833580017, -0.3873979151248932, 1.3625218868255615], [-0.7275100946426392, 0.6126123070716858, -0.30892544984817505, -0.35900479555130005], [0.0, 0.0, 0.0, 1.0]]}, "Bone.003": {"matrix": [[0.7000818252563477, -0.2801433801651001, 0.6568143367767334, -1.7712452411651611], [0.35519126057624817, 0.9345790147781372, 0.020025795325636864, 0.5277544856071472], [-0.6194548606872559, 0.21927525103092194, 0.7537863254547119, 0.609635055065155], [0.0, 0.0, 0.0, 1.0]]}, "finger4joint1": {"matrix": [[0.6737803220748901, 0.008753892965614796, 0.7388797402381897, -1.891319990158081], [-0.7117915749549866, 0.2761995494365692, 0.6458065509796143, 0.9283331632614136], [-0.19842515885829926, -0.961060106754303, 0.19232897460460663, 0.7036206722259521], [0.0, 0.0, 0.0, 1.0]]}, "finger4joint2": {"matrix": [[0.6879461407661438, -0.29370439052581787, 0.6636773943901062, -1.8826245069503784], [-0.6926697492599487, 0.007273925002664328, 0.7212178707122803, 1.2026985883712769], [-0.21665263175964355, -0.9558683633804321, -0.19843588769435883, -0.2510570287704468], [0.0, 0.0, 0.0, 1.0]]}, "finger4joint3": {"matrix": [[0.7001970410346985, -0.4145628809928894, 0.5812585353851318, -2.005117416381836], [-0.701353132724762, -0.24714715778827667, 0.6685966849327087, 1.2057322263717651], [-0.13351920247077942, -0.875817060470581, -0.46380653977394104, -0.6497142314910889], [0.0, 0.0, 0.0, 1.0]]}}