{"root": {"matrix": [[0.09233632683753967, -0.7534854412078857, -0.6509482860565186, 0.0], [-0.2340916246175766, 0.6189914345741272, -0.7497003674507141, 5.960464477539063e-08], [0.9678197503089905, 0.22160618007183075, -0.11922929435968399, 1.4901161193847656e-08], [0.0, 0.0, 0.0, 1.0]]}, "carpals": {"matrix": [[0.38539919257164, -0.9023701548576355, 0.19286100566387177, -0.45552390813827515], [0.27754563093185425, 0.3126889169216156, 0.9084017872810364, 0.16077286005020142], [-0.8800201416015625, -0.2965696156024933, 0.37095916271209717, 2.419015407562256], [0.0, 0.0, 0.0, 1.0]]}, "metacarpals": {"matrix": [[0.6108620166778564, -0.3578268885612488, 0.7062629461288452, -1.3344268798828125], [-0.6308408379554749, 0.31905752420425415, 0.707277774810791, 0.4653300344944], [-0.4784216582775116, -0.87758868932724, -0.030831491574645042, 2.1301584243774414], [0.0, 0.0, 0.0, 1.0]]}, "finger5joint1": {"matrix": [[0.7422526478767395, -0.42377620935440063, 0.5191093683242798, -1.9363467693328857], [-0.568371593952179, 0.012237568385899067, 0.8226808309555054, 0.4671461284160614], [-0.3549852967262268, -0.9056841135025024, -0.2317788153886795, 1.7259750366210938], [0.0, 0.0, 0.0, 1.0]]}, "finger5joint2": {"matrix": [[0.5339522957801819, 0.09838967025279999, -0.8397702574729919, -2.383969783782959], [0.806658148765564, -0.35690852999687195, 0.47108227014541626, 0.4800723195075989], [-0.2533714175224304, -0.9289429783821106, -0.2699389159679413, 0.7693259716033936], [0.0, 0.0, 0.0, 1.0]]}, "finger5joint3": {"matrix": [[0.5862250924110413, 0.31626254320144653, -0.7458670735359192, -2.316343069076538], [0.742652177810669, -0.5776813626289368, 0.3387499153614044, 0.23475658893585205], [-0.3237394690513611, -0.7525036931037903, -0.5735243558883667, 0.13083094358444214], [0.0, 0.0, 0.0, 1.0]]}, "Bone": {"matrix": [[0.38686057925224304, 0.4222380220890045, 0.8197888135910034, -1.8930941820144653], [-0.4713289439678192, -0.6735672354698181, 0.5693469643592834, 0.9634674787521362], [0.7925828099250793, -0.606648325920105, -0.06156345084309578, 0.7599987983703613], [0.0, 0.0, 0.0, 1.0]]}, "finger1joint1": {"matrix": [[0.869430661201477, -0.3133303225040436, 0.38198724389076233, -1.5417128801345825], [-0.4921669065952301, -0.616813063621521, 0.6142581701278687, 0.4029330611228943], [0.04314889386296272, -0.7220565676689148, -0.6904869079589844, 0.2551535367965698], [0.0, 0.0, 0.0, 1.0]]}, "finger1joint2": {"matrix": [[0.7179405689239502, -0.6084474921226501, 0.3381611108779907, -1.7188003063201904], [-0.6433774828910828, -0.7654648423194885, -0.011350677348673344, 0.054323673248291016], [0.26575663685798645, -0.20941635966300964, -0.9410196542739868, -0.15293720364570618], [0.0, 0.0, 0.0, 1.0]]}, "finger1joint3": {"matrix": [[0.7703323364257812, -0.637514591217041, -0.012776358984410763, -1.9796319007873535], [-0.6127012372016907, -0.7345029711723328, -0.29172322154045105, -0.2738185524940491], [0.17659343779087067, 0.2325517237186432, -0.9564173817634583, -0.24271056056022644], [0.0, 0.0, 0.0, 1.0]]}, "Bone.001": {"matrix": [[0.6006931662559509, 0.5061781406402588, 0.6188304424285889, -1.8930940628051758], [-0.6007766127586365, -0.22490128874778748, 0.7671287059783936, 0.9634674191474915], [0.5274795293807983, -0.8325880169868469, 0.16900354623794556, 0.7599988579750061], [0.0, 0.0, 0.0, 1.0]]}, "finger2joint1": {"matrix": [[0.8347090482711792, -0.14809550344944, 0.5304038524627686, -1.5722360610961914], [-0.5453546643257141, -0.35605865716934204, 0.7588215470314026, 0.8209061622619629], [0.07647676765918732, -0.9226536750793457, -0.3779698312282562, 0.2322348952293396], [0.0, 0.0, 0.0, 1.0]]}, "finger2joint2": {"matrix": [[0.7652938365936279, -0.42282795906066895, 0.48532634973526, -1.700360655784607], [-0.6431006193161011, -0.5342710018157959, 0.5486125946044922, 0.5128623247146606], [0.027326982468366623, -0.7319636344909668, -0.6807951927185059, -0.5659979581832886], [0.0, 0.0, 0.0, 1.0]]}, "finger2joint3": {"matrix": [[0.6652990579605103, -0.7074430584907532, 0.23853982985019684, -1.8608733415603638], [-0.7465664744377136, -0.6320918202400208, 0.2076006829738617, 0.3100443184375763], [0.003913306165486574, -0.3162025511264801, -0.9486834406852722, -0.8438633680343628], [0.0, 0.0, 0.0, 1.0]]}, "Bone.002": {"matrix": [[0.7736849188804626, 0.017358532175421715, 0.6333326697349548, -1.8930940628051758], [-0.5994282364845276, 0.34377482533454895, 0.7228447198867798, 0.9634674191474915], [-0.20517638325691223, -0.9388914108276367, 0.2763787806034088, 0.7599987983703613], [0.0, 0.0, 0.0, 1.0]]}, "finger3joint1": {"matrix": [[0.6460357904434204, 0.3090587258338928, 0.6979401707649231, -1.8857773542404175], [-0.6575846076011658, 0.6896304488182068, 0.30330222845077515, 1.1083718538284302], [-0.3875827193260193, -0.6548985242843628, 0.6487582325935364, 0.364246666431427], [0.0, 0.0, 0.0, 1.0]]}, "finger3joint2": {"matrix": [[0.6592098474502563, -0.7362043857574463, -0.15311941504478455, -1.614676833152771], [-0.5515304803848267, -0.6117852330207825, 0.5670387148857117, 1.7133029699325562], [-0.5111325979232788, -0.2893475890159607, -0.8093336820602417, -0.21021825075149536], [0.0, 0.0, 0.0, 1.0]]}, "finger3joint3": {"matrix": [[0.6382215023040771, -0.2347431629896164, -0.7331910133361816, -2.091060161590576], [-0.668695867061615, -0.6409481763839722, -0.376870334148407, 1.3174288272857666], [-0.3814697861671448, 0.7308081388473511, -0.5660386681556702, -0.39744940400123596], [0.0, 0.0, 0.0, 1.0]]}, "Bone.003": {"matrix": [[0.8663533926010132, -0.2513163685798645, 0.43159219622612, -1.8930941820144653], [0.165765181183815, 0.9598752856254578, 0.226188525557518, 0.9634674787521362], [-0.4711194336414337, -0.1244160383939743, 0.8732507824897766, 0.7599987983703613], [0.0, 0.0, 0.0, 1.0]]}, "finger4joint1": {"matrix": [[0.6927738189697266, 0.06858821213245392, 0.7178856730461121, -2.0008132457733154], [-0.7204506397247314, 0.021846747025847435, 0.6931617856025696, 1.37488853931427], [0.0318591482937336, -0.9974055886268616, 0.064549520611763, 0.7066717147827148], [0.0, 0.0, 0.0, 1.0]]}, "finger4joint2": {"matrix": [[0.7078972458839417, -0.2307090014219284, 0.6675736308097839, -1.9326804876327515], [-0.7062410712242126, -0.24488766491413116, 0.6642689108848572, 1.3965901136398315], [0.010227613151073456, -0.9417021870613098, -0.33629128336906433, -0.2841101884841919], [0.0, 0.0, 0.0, 1.0]]}, "finger4joint3": {"matrix": [[0.7147834300994873, -0.3538464605808258, 0.6032221913337708, -2.028900623321533], [-0.693081796169281, -0.4736035466194153, 0.5434491038322449, 1.2944567203521729], [0.09339050948619843, -0.8065308928489685, -0.583768367767334, -0.6768591403961182], [0.0, 0.0, 0.0, 1.0]]}}