{"root": {"matrix": [[0.4479580223560333, -0.8859601616859436, -0.12003437429666519, 0.0], [0.43375539779663086, 0.33276093006134033, -0.8373329043388367, 2.9802322387695312e-08], [0.7817863821983337, 0.3230244517326355, 0.5333528518676758, 2.9802322387695312e-08], [0.0, 0.0, 0.0, 1.0]]}, "carpals": {"matrix": [[0.6505852937698364, -0.38602498173713684, -0.6540055274963379, 0.15934820473194122], [0.3861413896083832, -0.57340008020401, 0.7225697636604309, 1.4007766246795654], [-0.6539368033409119, -0.7226318717002869, -0.22398532927036285, 2.0242080688476562], [0.0, 0.0, 0.0, 1.0]]}, "metacarpals": {"matrix": [[0.39619848132133484, -0.8390936255455017, 0.37275782227516174, -0.21663784980773926], [-0.5257413387298584, 0.12551142275333405, 0.8413339257240295, 0.8422883152961731], [-0.7527433633804321, -0.5293093323707581, -0.39141878485679626, 1.3203691244125366], [0.0, 0.0, 0.0, 1.0]]}, "finger5joint1": {"matrix": [[0.3750750720500946, -0.8729202151298523, 0.3119755685329437, -0.9183425903320312], [-0.4817335605621338, 0.10398638248443604, 0.8701261281967163, 0.6600660085678101], [-0.7919919490814209, -0.47665154933929443, -0.38151222467422485, 1.311406135559082], [0.0, 0.0, 0.0, 1.0]]}, "finger5joint2": {"matrix": [[0.38858699798583984, -0.4447706639766693, -0.80695641040802, -1.8403840065002441], [0.8767037987709045, -0.09101907908916473, 0.4723406136035919, 0.7699039578437805], [-0.2835317850112915, -0.8910070657730103, 0.3545635938644409, 0.8079321980476379], [0.0, 0.0, 0.0, 1.0]]}, "finger5joint3": {"matrix": [[0.3892025947570801, -0.09010141342878342, -0.9167346954345703, -2.146090507507324], [0.8370381593704224, -0.38088446855545044, 0.39280247688293457, 0.7073432803153992], [-0.3845621347427368, -0.920221745967865, -0.07282262295484543, 0.1955118328332901], [0.0, 0.0, 0.0, 1.0]]}, "Bone": {"matrix": [[0.8556537628173828, 0.1864633560180664, 0.4827917218208313, -1.526695966720581], [-0.2759109139442444, -0.6248818635940552, 0.7303394079208374, 1.0382466316223145], [0.43786919116973877, -0.7581252455711365, -0.483235239982605, 0.4939703047275543], [0.0, 0.0, 0.0, 1.0]]}, "finger1joint1": {"matrix": [[0.7981000542640686, -0.5383833646774292, 0.270516961812973, -1.3715236186981201], [-0.41809532046318054, -0.17156149446964264, 0.8920553922653198, 0.5182275772094727], [-0.43385764956474304, -0.8250512480735779, -0.36201873421669006, -0.13693219423294067], [0.0, 0.0, 0.0, 1.0]]}, "finger1joint2": {"matrix": [[0.6884503364562988, -0.6501523852348328, 0.3214619755744934, -1.6758060455322266], [-0.6663205027580261, -0.3919145464897156, 0.6343657970428467, 0.42126473784446716], [-0.28644898533821106, -0.6509259343147278, -0.7030234932899475, -0.6032333374023438], [0.0, 0.0, 0.0, 1.0]]}, "finger1joint3": {"matrix": [[0.7408525347709656, -0.6702544093132019, -0.04354780912399292, -1.954515814781189], [-0.5838215947151184, -0.6746602654457092, 0.4516480267047882, 0.2532574236392975], [-0.33209922909736633, -0.309180349111557, -0.8911325931549072, -0.8822745084762573], [0.0, 0.0, 0.0, 1.0]]}, "Bone.001": {"matrix": [[0.9188660979270935, 0.019159022718667984, 0.39410367608070374, -1.526695966720581], [-0.3828762173652649, -0.19806139171123505, 0.9023177027702332, 1.0382466316223145], [0.09534414112567902, -0.9800021052360535, -0.17465636134147644, 0.49397027492523193], [0.0, 0.0, 0.0, 1.0]]}, "finger2joint1": {"matrix": [[0.8159502744674683, -0.4693005681037903, -0.33761200308799744, -1.5145512819290161], [-0.26042988896369934, -0.8197494149208069, 0.5100852847099304, 0.9126986861228943], [-0.5161406397819519, -0.32827991247177124, -0.7910946011543274, -0.12723702192306519], [0.0, 0.0, 0.0, 1.0]]}, "finger2joint2": {"matrix": [[0.7978610992431641, -0.39092138409614563, -0.4589095115661621, -1.920566201210022], [-0.3795134127140045, -0.9171770215034485, 0.12147296965122223, 0.20349335670471191], [-0.46838778257369995, 0.07724377512931824, -0.8801397085189819, -0.4112480580806732], [0.0, 0.0, 0.0, 1.0]]}, "finger2joint3": {"matrix": [[0.785550057888031, -0.2943113446235657, -0.5443267822265625, -2.0689663887023926], [-0.4915323853492737, -0.8311521410942078, -0.2599649131298065, -0.1446821093559265], [-0.37590786814689636, 0.4717697203159332, -0.7975751757621765, -0.3819250464439392], [0.0, 0.0, 0.0, 1.0]]}, "Bone.002": {"matrix": [[0.6656574606895447, -0.5759636759757996, 0.4745163917541504, -1.526695966720581], [-0.4266839325428009, 0.22792378067970276, 0.8752094507217407, 1.038246512413025], [-0.6122425198554993, -0.7850580215454102, -0.094035305082798, 0.4939703345298767], [0.0, 0.0, 0.0, 1.0]]}, "finger3joint1": {"matrix": [[0.5125822424888611, -0.19613084197044373, 0.8359377980232239, -1.769470453262329], [-0.5535638928413391, 0.6687416434288025, 0.49633821845054626, 1.1343187093734741], [-0.6563737988471985, -0.7171589136123657, 0.2342139631509781, 0.16306045651435852], [0.0, 0.0, 0.0, 1.0]]}, "finger3joint2": {"matrix": [[0.44230180978775024, -0.6314459443092346, -0.6369026899337769, -1.9415128231048584], [-0.45968911051750183, -0.7693802714347839, 0.4435538649559021, 1.7209265232086182], [-0.7701006531715393, 0.09659267961978912, -0.6305667757987976, -0.46601811051368713], [0.0, 0.0, 0.0, 1.0]]}, "finger3joint3": {"matrix": [[0.5112259387969971, 0.561145544052124, -0.6509712338447571, -2.350109100341797], [-0.5653303861618042, -0.3509416878223419, -0.7464861869812012, 1.2230756282806396], [-0.6473404169082642, 0.7496365308761597, 0.1378222554922104, -0.40351489186286926], [0.0, 0.0, 0.0, 1.0]]}, "Bone.003": {"matrix": [[0.4035664200782776, -0.5128713250160217, 0.7576919794082642, -1.526695966720581], [0.3035164475440979, 0.8562736511230469, 0.41793927550315857, 1.0382466316223145], [-0.8631405830383301, 0.06130583584308624, 0.5012280344963074, 0.49397027492523193], [0.0, 0.0, 0.0, 1.0]]}, "finger4joint1": {"matrix": [[0.7708536386489868, -0.03395920991897583, 0.6361063122749329, -1.7465225458145142], [-0.6276271939277649, 0.1302892416715622, 0.767534077167511, 1.4052621126174927], [-0.10894288122653961, -0.9908939599990845, 0.07912014424800873, 0.520247220993042], [0.0, 0.0, 0.0, 1.0]]}, "finger4joint2": {"matrix": [[0.7820121049880981, -0.42054933309555054, 0.4599946141242981, -1.7802562713623047], [-0.6095373630523682, -0.3620099127292633, 0.7052749991416931, 1.5346860885620117], [-0.13008052110671997, -0.8319173455238342, -0.5394366979598999, -0.4640662670135498], [0.0, 0.0, 0.0, 1.0]]}, "finger4joint3": {"matrix": [[0.807451069355011, -0.5407326817512512, 0.23586136102676392, -1.9556516408920288], [-0.5875870585441589, -0.7015355229377747, 0.4032234251499176, 1.3837051391601562], [-0.05257118120789528, -0.4641721844673157, -0.8841831088066101, -0.8110280632972717], [0.0, 0.0, 0.0, 1.0]]}}