{"root": {"matrix": [[0.668952465057373, -0.7426918745040894, -0.03018905222415924, 0.0], [0.6781754493713379, 0.6264595985412598, -0.3842218220233917, 0.0], [0.3042706847190857, 0.23655271530151367, 0.9227470755577087, 0.0], [0.0, 0.0, 0.0, 1.0]]}, "carpals": {"matrix": [[0.4600216746330261, -0.7338306307792664, -0.4998723864555359, 0.7892537713050842], [-0.1864546835422516, -0.6302635073661804, 0.7536593079566956, 2.190061569213867], [-0.8681097626686096, -0.253495991230011, -0.42676103115081787, 0.8159008026123047], [0.0, 0.0, 0.0, 1.0]]}, "metacarpals": {"matrix": [[0.2547457814216614, -0.8935360908508301, 0.3697263300418854, 0.07450711727142334], [-0.8638771772384644, -0.03847762942314148, 0.5022305250167847, 1.5761888027191162], [-0.4345349967479706, -0.44733917713165283, -0.7817075848579407, 0.5689972639083862], [0.0, 0.0, 0.0, 1.0]]}, "finger5joint1": {"matrix": [[0.35499536991119385, -0.922240674495697, 0.15313434600830078, -0.6321991086006165], [-0.8041096925735474, -0.2176671028137207, 0.5531983971595764, 1.499210238456726], [-0.47684985399246216, -0.3195195198059082, -0.8188536167144775, 0.711529552936554], [0.0, 0.0, 0.0, 1.0]]}, "finger5joint2": {"matrix": [[0.15799714624881744, -0.6358528137207031, -0.755465030670166, -1.6063363552093506], [0.5481492280960083, -0.5798867344856262, 0.6027133464813232, 1.2692945003509521], [-0.8213214874267578, -0.5093344449996948, 0.25692200660705566, 0.3740299344062805], [0.0, 0.0, 0.0, 1.0]]}, "finger5joint3": {"matrix": [[0.1392976939678192, -0.3562948703765869, -0.9239315390586853, -2.0433802604675293], [0.45760291814804077, -0.8042704463005066, 0.37914133071899414, 0.8707180023193359], [-0.8781772255897522, -0.4756072759628296, 0.051008790731430054, 0.023946508765220642], [0.0, 0.0, 0.0, 1.0]]}, "Bone": {"matrix": [[0.8876525163650513, 0.040243640542030334, 0.45875173807144165, -1.320550799369812], [-0.1380355954170227, -0.9271189570426941, 0.3484199345111847, 1.5161144733428955], [0.4393390119075775, -0.3725999593734741, -0.817404568195343, -0.1294233798980713], [0.0, 0.0, 0.0, 1.0]]}, "finger1joint1": {"matrix": [[0.7317702770233154, -0.5896239876747131, 0.3418412506580353, -1.2870604991912842], [-0.6493621468544006, -0.4508507251739502, 0.6124232411384583, 0.7445775270462036], [-0.20698024332523346, -0.6701318621635437, -0.7127988338470459, -0.4394964575767517], [0.0, 0.0, 0.0, 1.0]]}, "finger1joint2": {"matrix": [[0.6045930981636047, -0.7149079442024231, 0.35124579071998596, -1.6203033924102783], [-0.7958377003669739, -0.5606018900871277, 0.22884035110473633, 0.48976653814315796], [0.033309172838926315, -0.417889803647995, -0.907886803150177, -0.8182405233383179], [0.0, 0.0, 0.0, 1.0]]}, "finger1joint3": {"matrix": [[0.6628751754760742, -0.747746467590332, -0.03836102411150932, -1.9267725944519043], [-0.7474653720855713, -0.663862943649292, 0.024114230647683144, 0.24944570660591125], [-0.04349790886044502, 0.012688991613686085, -0.9989728331565857, -0.9973829984664917], [0.0, 0.0, 0.0, 1.0]]}, "Bone.001": {"matrix": [[0.896439254283905, -0.12768372893333435, 0.4243738353252411, -1.3205506801605225], [-0.40143632888793945, -0.6396217346191406, 0.6555399298667908, 1.5161144733428955], [0.1877368539571762, -0.7580108642578125, -0.6246391534805298, -0.1294233798980713], [0.0, 0.0, 0.0, 1.0]]}, "finger2joint1": {"matrix": [[0.7883502244949341, -0.6038834452629089, -0.11759380251169205, -1.4014874696731567], [-0.5382043123245239, -0.769540548324585, 0.34371963143348694, 1.1106687784194946], [-0.29805994033813477, -0.20768186450004578, -0.9316803216934204, -0.6099141240119934], [0.0, 0.0, 0.0, 1.0]]}, "finger2joint2": {"matrix": [[0.7379897832870483, -0.4599520266056061, -0.49377623200416565, -1.9239366054534912], [-0.635041356086731, -0.7208579182624817, -0.27764368057250977, 0.44490158557891846], [-0.22823992371559143, 0.5184667110443115, -0.824074387550354, -0.7895898818969727], [0.0, 0.0, 0.0, 1.0]]}, "finger2joint3": {"matrix": [[0.7215127348899841, -0.2031806856393814, -0.6619188785552979, -2.0985419750213623], [-0.6861655116081238, -0.33782434463500977, -0.6442447304725647, 0.1712520718574524], [-0.09271436929702759, 0.9190168976783752, -0.3831600844860077, -0.5927714109420776], [0.0, 0.0, 0.0, 1.0]]}, "Bone.002": {"matrix": [[0.5467212200164795, -0.6616795063018799, 0.5131042003631592, -1.320550799369812], [-0.7439853549003601, -0.10273053497076035, 0.6602515578269958, 1.5161144733428955], [-0.3841635584831238, -0.7427154779434204, -0.5484449863433838, -0.1294233500957489], [0.0, 0.0, 0.0, 1.0]]}, "finger3joint1": {"matrix": [[0.34470435976982117, -0.8216609954833984, 0.45392945408821106, -1.5994553565979004], [-0.8540197610855103, -0.0737752765417099, 0.5149829387664795, 1.472812533378601], [-0.38965272903442383, -0.5651813745498657, -0.7271454930305481, -0.44248536229133606], [0.0, 0.0, 0.0, 1.0]]}, "finger3joint2": {"matrix": [[0.19257275760173798, -0.13972565531730652, -0.9712837934494019, -2.3202011585235596], [-0.8742679357528687, -0.473916232585907, -0.10516159236431122, 1.4080982208251953], [-0.44561341404914856, 0.8694136738777161, -0.2134208232164383, -0.9382520914077759], [0.0, 0.0, 0.0, 1.0]]}, "finger3joint3": {"matrix": [[0.3459925055503845, 0.7472829818725586, -0.5673243999481201, -2.4106149673461914], [-0.8665537238121033, 0.02271137572824955, -0.49856671690940857, 1.1014364957809448], [-0.3596857488155365, 0.6641173958778381, 0.655419111251831, -0.3756716251373291], [0.0, 0.0, 0.0, 1.0]]}, "Bone.003": {"matrix": [[0.3008503019809723, -0.4429667890071869, 0.844552755355835, -1.320550799369812], [-0.19409506022930145, 0.8386046886444092, 0.5089883804321289, 1.516114592552185], [-0.9337109327316284, -0.31705281138420105, 0.16631661355495453, -0.12942339479923248], [0.0, 0.0, 0.0, 1.0]]}, "finger4joint1": {"matrix": [[0.6694058179855347, -0.13319267332553864, 0.7308592200279236, -1.5104150772094727], [-0.7329633235931396, -0.2787545919418335, 0.6205323338508606, 1.8755568265914917], [0.12107988446950912, -0.9510809779167175, -0.2842255234718323, -0.2653183937072754], [0.0, 0.0, 0.0, 1.0]]}, "finger4joint2": {"matrix": [[0.6801648139953613, -0.7230798602104187, 0.12054422497749329, -1.6427230834960938], [-0.7270413637161255, -0.6864251494407654, -0.015200014226138592, 1.5986534357070923], [0.09373526275157928, -0.07730184495449066, -0.992591381072998, -1.210083246231079], [0.0, 0.0, 0.0, 1.0]]}, "finger4joint3": {"matrix": [[0.736081063747406, -0.5697838664054871, -0.365418404340744, -1.9442929029464722], [-0.6671649217605591, -0.5195054411888123, -0.5338583588600159, 1.312371015548706], [0.11434683948755264, 0.6367576718330383, -0.7625378370285034, -1.2423229217529297], [0.0, 0.0, 0.0, 1.0]]}}