{"root": {"matrix": [[0.46563485264778137, -0.8833997249603271, 0.052811723202466965, 0.0], [-0.12166502326726913, -0.12300973385572433, -0.9849194288253784, 7.450580596923828e-09], [0.876573920249939, 0.4521874487400055, -0.16475653648376465, 0.0], [0.0, 0.0, 0.0, 1.0]]}, "carpals": {"matrix": [[-0.08292011171579361, -0.47746261954307556, -0.8747305274009705, 0.18239757418632507], [0.9929099082946777, 0.035433828830718994, -0.11346420645713806, -0.28481534123420715], [0.0851701945066452, -0.8779370784759521, 0.47113925218582153, 2.4434804916381836], [0.0, 0.0, 0.0, 1.0]]}, "metacarpals": {"matrix": [[-0.027387989684939384, -0.7241337895393372, -0.6891153454780579, -0.28264808654785156], [0.9967172145843506, 0.032758746296167374, -0.07403676211833954, -0.2503030002117157], [0.07618730515241623, -0.6888808012008667, 0.7208594679832458, 1.5883749723434448], [0.0, 0.0, 0.0, 1.0]]}, "finger5joint1": {"matrix": [[-0.2142729014158249, -0.7972010374069214, -0.5644088983535767, -0.4076036810874939], [0.9710787534713745, -0.236166849732399, -0.03508717939257622, -0.3760419189929962], [-0.10532286763191223, -0.5556037425994873, 0.824749231338501, 0.8853453397750854], [0.0, 0.0, 0.0, 1.0]]}, "finger5joint2": {"matrix": [[-0.401302307844162, -0.9155738949775696, 0.026081062853336334, -1.2496651411056519], [-0.06622786074876785, 0.0006044880137778819, -0.9978041648864746, -0.6254984736442566], [0.913547933101654, -0.4021482765674591, -0.06087939813733101, 0.29847651720046997], [0.0, 0.0, 0.0, 1.0]]}, "finger5joint3": {"matrix": [[-0.4858480393886566, -0.8518824577331543, -0.1955692619085312, -1.8789710998535156], [-0.010848036035895348, 0.22961218655109406, -0.9732215404510498, -0.6250829100608826], [0.8739756941795349, -0.47071611881256104, -0.12079814821481705, 0.0220659077167511], [0.0, 0.0, 0.0, 1.0]]}, "Bone": {"matrix": [[0.7668665051460266, -0.03723834827542305, -0.6407251954078674, -1.413222074508667], [0.1279708594083786, 0.9871408343315125, 0.09579305350780487, -0.19915753602981567], [0.6289188265800476, -0.15545444190502167, 0.7617707848548889, 0.512840747833252], [0.0, 0.0, 0.0, 1.0]]}, "finger1joint1": {"matrix": [[0.39369478821754456, -0.9044920802116394, -0.16400660574436188, -1.4442112445831299], [0.8038322925567627, 0.4252949059009552, -0.41590598225593567, 0.6223289370536804], [0.4459349811077118, 0.03190641105175018, 0.8944963216781616, 0.3834734857082367], [0.0, 0.0, 0.0, 1.0]]}, "finger1joint2": {"matrix": [[0.4429450035095215, -0.726547360420227, -0.5252888798713684, -1.9554105997085571], [0.8836219906806946, 0.45291420817375183, 0.1186627745628357, 0.8626964092254639], [0.15169677138328552, -0.5167177319526672, 0.8426094055175781, 0.40150630474090576], [0.0, 0.0, 0.0, 1.0]]}, "finger1joint3": {"matrix": [[0.41382524371147156, 0.2780345380306244, -0.8668593764305115, -2.26686954498291], [0.8738824129104614, 0.14551202952861786, 0.4638489782810211, 1.0568532943725586], [0.2551046311855316, -0.9494855403900146, -0.18275275826454163, 0.17999787628650665], [0.0, 0.0, 0.0, 1.0]]}, "Bone.001": {"matrix": [[0.6278108358383179, -0.5236759185791016, -0.5758616924285889, -1.413222074508667], [0.46472591161727905, 0.8456820845603943, -0.26239535212516785, -0.1991574764251709], [0.6244062185287476, -0.10288301110267639, 0.7742942571640015, 0.512840747833252], [0.0, 0.0, 0.0, 1.0]]}, "finger2joint1": {"matrix": [[0.20144587755203247, -0.34943076968193054, -0.9150505065917969, -1.7451716661453247], [0.8421496748924255, 0.5388584136962891, -0.020377201959490776, 0.3369065821170807], [0.5002033114433289, -0.7665045261383057, 0.40282395482063293, 0.44762492179870605], [0.0, 0.0, 0.0, 1.0]]}, "finger2joint2": {"matrix": [[0.25271761417388916, -0.24314729869365692, -0.9364896416664124, -2.047481060028076], [0.8856934905052185, 0.4477468729019165, 0.12275823950767517, 0.8030993938446045], [0.38946226239204407, -0.8604658842086792, 0.3285076320171356, -0.21551567316055298], [0.0, 0.0, 0.0, 1.0]]}, "finger2joint3": {"matrix": [[0.30582189559936523, -0.05864680930972099, -0.9502805471420288, -2.139784097671509], [0.9166684746742249, 0.2878480851650238, 0.2772400975227356, 0.9730713963508606], [0.2572774291038513, -0.9558783769607544, 0.14179009199142456, -0.5421626567840576], [0.0, 0.0, 0.0, 1.0]]}, "Bone.002": {"matrix": [[0.09383810311555862, -0.874190092086792, -0.4764302968978882, -1.413221836090088], [0.9268336296081543, 0.25145408511161804, -0.2788371741771698, -0.1991575062274933], [0.3635573089122772, -0.41540589928627014, 0.8338248133659363, 0.512840747833252], [0.0, 0.0, 0.0, 1.0]]}, "finger3joint1": {"matrix": [[0.04361794516444206, -0.9761049151420593, 0.21287652850151062, -1.7817020416259766], [0.9880973100662231, 0.010686185210943222, -0.15345890820026398, -0.09316707402467728], [0.14751745760440826, 0.2170363962650299, 0.9649526476860046, 0.33774298429489136], [0.0, 0.0, 0.0, 1.0]]}, "finger3joint2": {"matrix": [[-0.11956623196601868, 0.192031592130661, -0.9740778207778931, -2.637923240661621], [0.9825561046600342, 0.16364111006259918, -0.08834656327962875, -0.08379334956407547], [0.14243414998054504, -0.9676493406295776, -0.2082476019859314, 0.5281233191490173], [0.0, 0.0, 0.0, 1.0]]}, "finger3joint3": {"matrix": [[0.05561835318803787, 0.9814772009849548, -0.1833270937204361, -2.5136632919311523], [0.9903115630149841, -0.030828263610601425, 0.13539782166481018, 0.022095590829849243], [0.12723849713802338, -0.1890818327665329, -0.9736828804016113, -0.09802354872226715], [0.0, 0.0, 0.0, 1.0]]}, "Bone.003": {"matrix": [[-0.6434639692306519, -0.6949646472930908, 0.3209020495414734, -1.4132219552993774], [0.5979753732681274, -0.7180795669555664, -0.3560717701911926, -0.1991575062274933], [0.4778907001018524, -0.037227921187877655, 0.8776299953460693, 0.512840747833252], [0.0, 0.0, 0.0, 1.0]]}, "finger4joint1": {"matrix": [[-0.317977637052536, -0.5622131824493408, -0.7634173631668091, -1.7110974788665771], [0.9114352464675903, -0.4030196964740753, -0.08282910287380219, -0.5069403648376465], [-0.26110437512397766, -0.7221434712409973, 0.6405723690986633, 0.49688413739204407], [0.0, 0.0, 0.0, 1.0]]}, "finger4joint2": {"matrix": [[-0.34546414017677307, -0.09698952734470367, -0.9334061741828918, -2.2695767879486084], [0.9001877903938293, -0.315305233001709, -0.30040672421455383, -0.90728360414505], [-0.2651712894439697, -0.9440208673477173, 0.1962355524301529, -0.2204636037349701], [0.0, 0.0, 0.0, 1.0]]}, "finger4joint3": {"matrix": [[-0.3225145936012268, 0.227025106549263, -0.9189360737800598, -2.310027599334717], [0.9275801777839661, -0.11765428632497787, -0.35461536049842834, -1.0387858152389526], [-0.1886230707168579, -0.9667558073997498, -0.17263874411582947, -0.6141796112060547], [0.0, 0.0, 0.0, 1.0]]}}