{"root": {"matrix": [[0.24053728580474854, -0.9234616160392761, -0.2989322543144226, 0.0], [-0.229645773768425, 0.24508759379386902, -0.9419102072715759, 1.4901161193847656e-08], [0.9430825114250183, 0.29521307349205017, -0.15311641991138458, 0.0], [0.0, 0.0, 0.0, 1.0]]}, "carpals": {"matrix": [[0.6544601917266846, -0.6535283327102661, -0.3802398443222046, -0.32632261514663696], [0.5513673424720764, 0.06839163601398468, 0.8314543962478638, -0.1735466867685318], [-0.5173736810684204, -0.7538056969642639, 0.4050940275192261, 2.4389302730560303], [0.0, 0.0, 0.0, 1.0]]}, "metacarpals": {"matrix": [[0.6662812829017639, -0.5338059067726135, 0.5206921696662903, -0.9628552198410034], [-0.26143181324005127, 0.4867278039455414, 0.8335161805152893, -0.10693365335464478], [-0.6983712911605835, -0.6914816498756409, 0.1847439706325531, 1.7047280073165894], [0.0, 0.0, 0.0, 1.0]]}, "finger5joint1": {"matrix": [[0.5167365074157715, -0.7212709784507751, 0.4612497389316559, -1.5985872745513916], [-0.10036161541938782, 0.4840058386325836, 0.869290292263031, -0.1261821687221527], [-0.8502415418624878, -0.49548569321632385, 0.17771577835083008, 1.3566631078720093], [0.0, 0.0, 0.0, 1.0]]}, "finger5joint2": {"matrix": [[0.5125584602355957, 0.00805540569126606, -0.8586143255233765, -2.360445976257324], [0.8123866319656372, 0.3192567527294159, 0.48795753717422485, 0.38505983352661133], [0.2780493199825287, -0.9476335644721985, 0.15709397196769714, 0.8332952857017517], [0.0, 0.0, 0.0, 1.0]]}, "finger5joint3": {"matrix": [[0.5575615763664246, 0.4510249197483063, -0.6969226002693176, -2.3549091815948486], [0.8105415105819702, -0.11445654183626175, 0.5743879675865173, 0.6044961214065552], [0.1792961210012436, -0.8851416707038879, -0.4293907582759857, 0.18195348978042603], [0.0, 0.0, 0.0, 1.0]]}, "Bone": {"matrix": [[0.5843437314033508, 0.4764791429042816, 0.6568940877914429, -1.7962744235992432], [-0.5899949669837952, -0.30633780360221863, 0.7470359802246094, 0.6529836058616638], [0.5571784377098083, -0.8240901827812195, 0.10211388766765594, 0.6251331567764282], [0.0, 0.0, 0.0, 1.0]]}, "finger1joint1": {"matrix": [[0.8180691599845886, -0.520263135433197, 0.24513043463230133, -1.399754524230957], [-0.3098357617855072, -0.03959891200065613, 0.9499649405479431, 0.3980530798435211], [-0.48452505469322205, -0.853087306022644, -0.19359055161476135, -0.06066456437110901], [0.0, 0.0, 0.0, 1.0]]}, "finger1joint2": {"matrix": [[0.7148339748382568, -0.632554829120636, 0.2981387674808502, -1.693795919418335], [-0.5834935307502747, -0.3045547902584076, 0.7528489232063293, 0.3756726384162903], [-0.3854188621044159, -0.7121241092681885, -0.5867975354194641, -0.5428110361099243], [0.0, 0.0, 0.0, 1.0]]}, "finger1joint3": {"matrix": [[0.7640750408172607, -0.6410901546478271, -0.07206019014120102, -1.9649616479873657], [-0.4926822781562805, -0.6519808769226074, 0.5763549208641052, 0.2451149970293045], [-0.4164775609970093, -0.4048757553100586, -0.8140158653259277, -0.8480868935585022], [0.0, 0.0, 0.0, 1.0]]}, "Bone.001": {"matrix": [[0.784209132194519, 0.42758503556251526, 0.4496518075466156, -1.7962744235992432], [-0.566377580165863, 0.19727922976016998, 0.8001856207847595, 0.6529836058616638], [0.25344035029411316, -0.882185697555542, 0.39688295125961304, 0.6251331567764282], [0.0, 0.0, 0.0, 1.0]]}, "finger2joint1": {"matrix": [[0.8655092716217041, -0.18025480210781097, 0.4673345983028412, -1.5252354145050049], [-0.3895905315876007, 0.3441542387008667, 0.8542697429656982, 0.7780357003211975], [-0.3148215115070343, -0.9214475154876709, 0.22764332592487335, 0.0659300684928894], [0.0, 0.0, 0.0, 1.0]]}, "finger2joint2": {"matrix": [[0.7987557053565979, -0.577751874923706, 0.16790452599525452, -1.6811825037002563], [-0.43414321541786194, -0.36025935411453247, 0.8256710171699524, 1.0757803916931152], [-0.41654396057128906, -0.7324040532112122, -0.5385860800743103, -0.731259286403656], [0.0, 0.0, 0.0, 1.0]]}, "finger2joint3": {"matrix": [[0.7089985609054565, -0.5948544144630432, -0.3787730634212494, -1.900506615638733], [-0.5446268320083618, -0.8030762076377869, 0.241764098405838, 0.939020037651062], [-0.4479982554912567, 0.034879397600889206, -0.8933535218238831, -1.0092918872833252], [0.0, 0.0, 0.0, 1.0]]}, "Bone.002": {"matrix": [[0.8530623912811279, -0.18515504896640778, 0.48785457015037537, -1.7962744235992432], [-0.2809259593486786, 0.6249116659164429, 0.7283995151519775, 0.652983546257019], [-0.43973296880722046, -0.7584210634231567, 0.48107394576072693, 0.6251331567764282], [0.0, 0.0, 0.0, 1.0]]}, "finger3joint1": {"matrix": [[0.7183376550674438, 0.16953404247760773, 0.6747216582298279, -1.8743191957473755], [-0.3065732419490814, 0.9477466344833374, 0.08825534582138062, 0.9163901209831238], [-0.6245030164718628, -0.2702484428882599, 0.7327765822410583, 0.30545103549957275], [0.0, 0.0, 0.0, 1.0]]}, "finger3joint2": {"matrix": [[0.7093856930732727, -0.6486262679100037, -0.2757825553417206, -1.725606918334961], [-0.15604636073112488, -0.5261054635047913, 0.8359799385070801, 1.7477359771728516], [-0.6873292326927185, -0.5499973893165588, -0.47442707419395447, 0.06839409470558167], [0.0, 0.0, 0.0, 1.0]]}, "finger3joint3": {"matrix": [[0.7125927209854126, -0.06799416989088058, -0.6982753276824951, -2.145320177078247], [-0.3203132748603821, -0.9170345664024353, -0.23758547008037567, 1.4073035717010498], [-0.6241883039474487, 0.392968088388443, -0.6752516031265259, -0.2874983847141266], [0.0, 0.0, 0.0, 1.0]]}, "Bone.003": {"matrix": [[0.7368690371513367, -0.47277557849884033, 0.48322588205337524, -1.7962744235992432], [0.5259860157966614, 0.8499804735183716, 0.02952502854168415, 0.6529836654663086], [-0.4246911108493805, 0.23241421580314636, 0.8749976754188538, 0.6251331567764282], [0.0, 0.0, 0.0, 1.0]]}, "finger4joint1": {"matrix": [[0.8483375310897827, 0.018879709765315056, 0.5291188955307007, -1.9989153146743774], [-0.5148463249206543, 0.26255759596824646, 0.8160859942436218, 1.0173017978668213], [-0.12351689487695694, -0.9647312760353088, 0.23245786130428314, 0.7247503995895386], [0.0, 0.0, 0.0, 1.0]]}, "finger4joint2": {"matrix": [[0.8586064577102661, -0.2036494016647339, 0.47044822573661804, -1.9801608324050903], [-0.4928375780582428, -0.07534711807966232, 0.8668526411056519, 1.2781157493591309], [-0.14108727872371674, -0.9761399626731873, -0.16505935788154602, -0.23357412219047546], [0.0, 0.0, 0.0, 1.0]]}, "finger4joint3": {"matrix": [[0.8655892014503479, -0.2614177465438843, 0.42710158228874207, -2.0650956630706787], [-0.4974965453147888, -0.35180819034576416, 0.7929235696792603, 1.2466912269592285], [-0.05702665075659752, -0.8988277912139893, -0.4345755875110626, -0.6406859159469604], [0.0, 0.0, 0.0, 1.0]]}}