{"root": {"matrix": [[-0.3446645438671112, -0.7706091403961182, 0.5360670685768127, 0.0], [-0.8708490133285522, 0.4756816029548645, 0.12389088422060013, 0.0], [-0.3504687547683716, -0.42413264513015747, -0.8350347876548767, -2.9802322387695312e-08], [0.0, 0.0, 0.0, 1.0]]}, "carpals": {"matrix": [[-0.4369160532951355, -0.6405612230300903, -0.6314947009086609, -1.5940027236938477], [0.8096765875816345, 0.025745529681444168, -0.5863110423088074, -1.5177260637283325], [0.3918262720108032, -0.7674752473831177, 0.5073989033699036, -1.1138440370559692], [0.0, 0.0, 0.0, 1.0]]}, "metacarpals": {"matrix": [[0.3457961082458496, -0.41450124979019165, -0.8417918682098389, -2.2179057598114014], [-0.421779602766037, 0.7327242493629456, -0.5340570211410522, -1.4926501512527466], [0.8381686806678772, 0.5397255420684814, 0.07854510843753815, -1.8613603115081787], [0.0, 0.0, 0.0, 1.0]]}, "finger5joint1": {"matrix": [[0.2668399512767792, -0.08687947690486908, -0.9598167538642883, -2.1688380241394043], [-0.5698994994163513, 0.7889131903648376, -0.22984836995601654, -0.7808052897453308], [0.7771812677383423, 0.6083317995071411, 0.1610010713338852, -1.7327361106872559], [0.0, 0.0, 0.0, 1.0]]}, "finger5joint2": {"matrix": [[-0.9604082703590393, 0.012436073273420334, -0.27831801772117615, -2.260606527328491], [-0.22619763016700745, 0.548377513885498, 0.8050566911697388, 0.05250188708305359], [0.1626351922750473, 0.8361378908157349, -0.5238534808158875, -1.0901721715927124], [0.0, 0.0, 0.0, 1.0]]}, "finger5joint3": {"matrix": [[-0.9382674694061279, 0.18510256707668304, -0.292216956615448, -2.252058744430542], [-0.21799296140670776, 0.3394979238510132, 0.9149971008300781, 0.42942094802856445], [0.2685754597187042, 0.9222133159637451, -0.2781890034675598, -0.5154653191566467], [0.0, 0.0, 0.0, 1.0]]}, "Bone": {"matrix": [[0.5326282382011414, 0.4017685651779175, -0.7449086904525757, -2.8650569915771484], [-0.741256594657898, -0.20333018898963928, -0.6396836638450623, -0.3486641049385071], [-0.40846720337867737, 0.8928821682929993, 0.18951429426670074, -1.0186989307403564], [0.0, 0.0, 0.0, 1.0]]}, "finger1joint1": {"matrix": [[0.3962700366973877, -0.3213340938091278, -0.8600664138793945, -2.530709981918335], [-0.6631936430931091, 0.5476345419883728, -0.5101669430732727, -0.5178729891777039], [0.6349362134933472, 0.7725545167922974, 0.0039044709410518408, -0.2756533622741699], [0.0, 0.0, 0.0, 1.0]]}, "finger1joint2": {"matrix": [[0.6456547379493713, 0.6751587986946106, -0.3567779064178467, -2.7123212814331055], [-0.4871986210346222, 0.7239757180213928, 0.48836103081703186, -0.20836181938648224], [0.588019847869873, -0.14149093627929688, 0.7963747382164001, 0.16097773611545563], [0.0, 0.0, 0.0, 1.0]]}, "finger1joint3": {"matrix": [[0.5809968113899231, 0.6390252709388733, 0.5040727257728577, -2.422891616821289], [-0.46146684885025024, -0.25152572989463806, 0.8507543206214905, 0.10199463367462158], [0.6704409122467041, -0.7268983721733093, 0.1487533003091812, 0.1003229022026062], [0.0, 0.0, 0.0, 1.0]]}, "Bone.001": {"matrix": [[0.5453543663024902, -0.09296482056379318, -0.8330341577529907, -2.8650569915771484], [-0.836269199848175, -0.1278567612171173, -0.5332037210464478, -0.34866413474082947], [-0.05693989247083664, 0.9874258637428284, -0.14747080206871033, -1.0186989307403564], [0.0, 0.0, 0.0, 1.0]]}, "finger2joint1": {"matrix": [[0.4132334887981415, 0.8048911094665527, -0.42589685320854187, -2.9239859580993652], [-0.4979420006275177, 0.5913065671920776, 0.6343579292297363, -0.4297104477882385], [0.7624247074127197, -0.050066087394952774, 0.645136833190918, -0.39278578758239746], [0.0, 0.0, 0.0, 1.0]]}, "finger2joint2": {"matrix": [[0.5219106078147888, 0.2509685456752777, 0.8152446746826172, -2.227635145187378], [-0.49891212582588196, -0.6853969097137451, 0.530393660068512, 0.08185781538486481], [0.6918784379959106, -0.6835535764694214, -0.232504740357399, -0.4361003637313843], [0.0, 0.0, 0.0, 1.0]]}, "finger2joint3": {"matrix": [[0.47230562567710876, -0.15967170894145966, 0.866851806640625, -2.1323633193969727], [-0.6196160316467285, -0.7596035003662109, 0.19768193364143372, -0.17833012342453003], [0.6268995404243469, -0.6304816007614136, -0.457700252532959, -0.6955885887145996], [0.0, 0.0, 0.0, 1.0]]}, "Bone.002": {"matrix": [[0.33911117911338806, -0.5397855639457703, -0.7704771757125854, -2.8650572299957275], [-0.6800670623779297, 0.42523321509361267, -0.597231388092041, -0.34866413474082947], [0.6500094532966614, 0.7265039086341858, -0.2228889763355255, -1.0186989307403564], [0.0, 0.0, 0.0, 1.0]]}, "finger3joint1": {"matrix": [[0.38809025287628174, 0.24081580340862274, -0.8896030783653259, -3.0925819873809814], [-0.6784364581108093, 0.7279706597328186, -0.09890671819448471, -0.16942408680915833], [0.6237868070602417, 0.6419237852096558, 0.4458965063095093, -0.7124702334403992], [0.0, 0.0, 0.0, 1.0]]}, "finger3joint2": {"matrix": [[0.45550069212913513, 0.703735888004303, -0.5452291369438171, -2.881342887878418], [-0.5504388213157654, 0.7039881348609924, 0.44879579544067383, 0.46913838386535645], [0.6996685862541199, 0.09568838030099869, 0.708030641078949, -0.14938651025295258], [0.0, 0.0, 0.0, 1.0]]}, "finger3joint3": {"matrix": [[0.5750480890274048, 0.7942985892295837, -0.19598323106765747, -2.425969123840332], [-0.5824559330940247, 0.5657047629356384, 0.5837149024009705, 0.9246751666069031], [0.5745126008987427, -0.22151261568069458, 0.7879512310028076, -0.0874684527516365], [0.0, 0.0, 0.0, 1.0]]}, "Bone.003": {"matrix": [[-0.4660082161426544, -0.876675546169281, -0.11948353797197342, -2.8650569915771484], [-0.5567730069160461, 0.39551541209220886, -0.7304596304893494, -0.34866413474082947], [0.6876336336135864, -0.273874968290329, -0.6724226474761963, -1.018698811531067], [0.0, 0.0, 0.0, 1.0]]}, "finger4joint1": {"matrix": [[0.34755218029022217, 0.392906129360199, -0.851370632648468, -3.2408173084259033], [-0.36665651202201843, 0.8926249742507935, 0.2622659206390381, -0.17913854122161865], [0.8630006313323975, 0.22100941836833954, 0.4542953073978424, -1.1360870599746704], [0.0, 0.0, 0.0, 1.0]]}, "finger4joint2": {"matrix": [[0.33996257185935974, 0.7654290199279785, -0.5463914275169373, -2.850520372390747], [-0.34096559882164, 0.6417849063873291, 0.6869164705276489, 0.7075585126876831], [0.8764516115188599, -0.04722528159618378, 0.47916778922080994, -0.9165452718734741], [0.0, 0.0, 0.0, 1.0]]}, "finger4joint3": {"matrix": [[0.2831153869628906, 0.9289350509643555, -0.23858973383903503, -2.5312881469726562], [-0.40314656496047974, 0.3409879803657532, 0.8492347598075867, 0.975223183631897], [0.8702402114868164, -0.14424487948417664, 0.4710358679294586, -0.9362411499023438], [0.0, 0.0, 0.0, 1.0]]}}