{"root": {"matrix": [[0.33684292435646057, -0.8674673438072205, 0.3661109209060669, 0.0], [-0.941340446472168, -0.3186766803264618, 0.11101070791482925, 0.0], [0.02037278190255165, -0.3820282220840454, -0.923926055431366, 0.0], [0.0, 0.0, 0.0, 1.0]]}, "carpals": {"matrix": [[-0.8498883843421936, -0.36171117424964905, -0.3832160532474518, -0.12849020957946777], [-0.16696466505527496, 0.8745858669281006, -0.4552164375782013, -2.45322322845459], [0.4998123049736023, -0.322899729013443, -0.8036934733390808, -0.223989337682724], [0.0, 0.0, 0.0, 1.0]]}, "metacarpals": {"matrix": [[-0.8789028525352478, -0.43304747343063354, 0.19999873638153076, -0.4807947278022766], [-0.4673343002796173, 0.8657283782958984, -0.17920030653476715, -1.6013818979263306], [-0.09554233402013779, -0.25096601247787476, -0.9632691740989685, -0.5384917259216309], [0.0, 0.0, 0.0, 1.0]]}, "finger5joint1": {"matrix": [[-0.7559389472007751, -0.6070994734764099, 0.24492095410823822, -0.6559773087501526], [-0.6505076289176941, 0.7385936379432678, -0.17697158455848694, -0.9516189098358154], [-0.07345768809318542, -0.2931027412414551, -0.9532546997070312, -0.26868826150894165], [0.0, 0.0, 0.0, 1.0]]}, "finger5joint2": {"matrix": [[0.5129332542419434, -0.8497788310050964, -0.1215512678027153, -1.2972397804260254], [-0.23083879053592682, -0.27292460203170776, 0.9339299201965332, -0.17146292328834534], [-0.8268085718154907, -0.4509850740432739, -0.33615416288375854, -0.5782846212387085], [0.0, 0.0, 0.0, 1.0]]}, "finger5joint3": {"matrix": [[0.4372723400592804, -0.8457242250442505, -0.30584776401519775, -1.8813226222991943], [-0.30637475848197937, -0.4598284363746643, 0.8334816694259644, -0.3590535521507263], [-0.8455334305763245, -0.27075451612472534, -0.460178941488266, -0.8882624506950378], [0.0, 0.0, 0.0, 1.0]]}, "Bone": {"matrix": [[0.27360740303993225, -0.9591925144195557, 0.07133416831493378, -1.1569020748138428], [-0.9092296361923218, -0.282121479511261, -0.3061186373233795, -0.24973955750465393], [0.3137516975402832, 0.01889719069004059, -0.9493169188499451, -0.9303193688392639], [0.0, 0.0, 0.0, 1.0]]}, "finger1joint1": {"matrix": [[-0.8109278082847595, -0.5831493139266968, -0.04829923063516617, -1.9551303386688232], [-0.5792296528816223, 0.7882807850837708, 0.20761986076831818, -0.48451754450798035], [-0.08300003409385681, 0.19634109735488892, -0.9770163297653198, -0.9145933389663696], [0.0, 0.0, 0.0, 1.0]]}, "finger1joint2": {"matrix": [[-0.745891273021698, -0.16656337678432465, -0.6449052095413208, -2.2847135066986084], [-0.6305869221687317, 0.48838281631469727, 0.6031932234764099, -0.038998305797576904], [0.21449080109596252, 0.8565855026245117, -0.46931323409080505, -0.8036255836486816], [0.0, 0.0, 0.0, 1.0]]}, "finger1joint3": {"matrix": [[-0.8007525205612183, 0.45262888073921204, -0.392329603433609, -2.356116533279419], [-0.5837483406066895, -0.4428441822528839, 0.6805340647697449, 0.17036333680152893], [0.13428857922554016, 0.7739611864089966, 0.6188300251960754, -0.4364214539527893], [0.0, 0.0, 0.0, 1.0]]}, "Bone.001": {"matrix": [[-0.0606422983109951, -0.9086353182792664, 0.41316351294517517, -1.1569019556045532], [-0.9804142713546753, -0.023480992764234543, -0.1955404132604599, -0.24973954260349274], [0.1873764842748642, -0.41692954301834106, -0.8894153237342834, -0.9303193092346191], [0.0, 0.0, 0.0, 1.0]]}, "finger2joint1": {"matrix": [[-0.8222673535346985, -0.4497983753681183, 0.34865090250968933, -1.7328709363937378], [-0.5675297975540161, 0.6935915350914001, -0.44366684556007385, -0.2646237909793854], [-0.042260680347681046, -0.5626827478408813, -0.8255918622016907, -1.1946041584014893], [0.0, 0.0, 0.0, 1.0]]}, "finger2joint2": {"matrix": [[-0.8882609009742737, -0.37685805559158325, -0.26262208819389343, -2.122013807296753], [-0.45904287695884705, 0.7077591419219971, 0.5369880199432373, 0.3354361653327942], [-0.016495071351528168, 0.5975404381752014, -0.8016690015792847, -1.6814085245132446], [0.0, 0.0, 0.0, 1.0]]}, "finger2joint3": {"matrix": [[-0.8985806107521057, 0.17849932610988617, -0.40086227655410767, -2.265075206756592], [-0.42096829414367676, -0.09283517301082611, 0.9023119211196899, 0.6041132211685181], [0.12384799122810364, 0.9795506000518799, 0.15856249630451202, -1.4545724391937256], [0.0, 0.0, 0.0, 1.0]]}, "Bone.002": {"matrix": [[-0.683516800403595, -0.5582579970359802, 0.4702686667442322, -1.1569020748138428], [-0.7159034013748169, 0.638423502445221, -0.2826613783836365, -0.24973955750465393], [-0.14243261516094208, -0.5298708081245422, -0.8360321521759033, -0.9303193092346191], [0.0, 0.0, 0.0, 1.0]]}, "finger3joint1": {"matrix": [[-0.7726879119873047, -0.6315615773200989, -0.06390081346035004, -1.3922133445739746], [-0.6303645968437195, 0.7515469789505005, 0.19446715712547302, 0.01936239004135132], [-0.0747935101389885, 0.1905432492494583, -0.9788253903388977, -1.15366530418396], [0.0, 0.0, 0.0, 1.0]]}, "finger3joint2": {"matrix": [[-0.8597631454467773, -0.31093794107437134, -0.40512311458587646, -1.9462076425552368], [-0.510661244392395, 0.5145924687385559, 0.688781201839447, 0.6786054372787476], [-0.005694905295968056, 0.7990694642066956, -0.601211667060852, -0.986524224281311], [0.0, 0.0, 0.0, 1.0]]}, "finger3joint3": {"matrix": [[-0.7937448620796204, -0.061317794024944305, -0.6051520705223083, -2.147409439086914], [-0.5930481553077698, 0.29906487464904785, 0.7475653290748596, 1.0115880966186523], [0.13514070212841034, 0.9522606134414673, -0.2737456262111664, -0.4694620966911316], [0.0, 0.0, 0.0, 1.0]]}, "Bone.003": {"matrix": [[-0.4902987480163574, 0.49701258540153503, 0.7159507870674133, -1.1569020748138428], [-0.3017067015171051, 0.6738857626914978, -0.6744263172149658, -0.24973954260349274], [-0.8176674842834473, -0.5466776490211487, -0.1804533749818802, -0.9303193092346191], [0.0, 0.0, 0.0, 1.0]]}, "finger4joint1": {"matrix": [[-0.6709826588630676, -0.7152811288833618, 0.19533249735832214, -0.9438728094100952], [-0.7414566874504089, 0.6490094661712646, -0.17037706077098846, 0.03910094499588013], [-0.00490512466058135, -0.2591506242752075, -0.9658243060112, -1.1646360158920288], [0.0, 0.0, 0.0, 1.0]]}, "finger4joint2": {"matrix": [[-0.6833057403564453, -0.6846303343772888, -0.2537204623222351, -1.6544036865234375], [-0.7295361757278442, 0.6261619329452515, 0.2751321494579315, 0.683800458908081], [-0.029493682086467743, 0.37309783697128296, -0.9273229837417603, -1.4220654964447021], [0.0, 0.0, 0.0, 1.0]]}, "finger4joint3": {"matrix": [[-0.6202453374862671, -0.5807852149009705, -0.5272416472434998, -1.939937710762024], [-0.7830080389976501, 0.4182836413383484, 0.46036580204963684, 0.9449492692947388], [-0.046837083995342255, 0.6983745098114014, -0.7141981720924377, -1.2664602994918823], [0.0, 0.0, 0.0, 1.0]]}}