{"root": {"matrix": [[0.2518453896045685, -0.9423650503158569, 0.22027717530727386, 0.0], [-0.5575382709503174, -0.327327162027359, -0.7628945112228394, 0.0], [0.7910277843475342, 0.069318488240242, -0.6078404784202576, 0.0], [0.0, 0.0, 0.0, 1.0]]}, "carpals": {"matrix": [[0.3220215141773224, -0.30024945735931396, -0.8978597521781921, -0.377625435590744], [0.945628821849823, 0.14778149127960205, 0.2897350490093231, -1.495482087135315], [0.04569443687796593, -0.9423431754112244, 0.33151352405548096, 1.9250760078430176], [0.0, 0.0, 0.0, 1.0]]}, "metacarpals": {"matrix": [[0.6452140808105469, -0.7541148662567139, 0.12251245230436325, -0.6700667142868042], [0.5267959237098694, 0.5552723407745361, 0.6435514092445374, -1.351543664932251], [-0.5533394813537598, -0.35068926215171814, 0.7555344104766846, 1.0072394609451294], [0.0, 0.0, 0.0, 1.0]]}, "finger5joint1": {"matrix": [[0.6954551935195923, -0.6712103486061096, -0.25655123591423035, -1.2640273571014404], [0.5884043574333191, 0.32700884342193604, 0.7394897937774658, -1.391837477684021], [-0.4124586880207062, -0.6652379035949707, 0.6223633885383606, 0.5934015512466431], [0.0, 0.0, 0.0, 1.0]]}, "finger5joint2": {"matrix": [[-0.2817107141017914, -0.3811641335487366, -0.8805410265922546, -1.973008394241333], [0.7731575965881348, 0.45328789949417114, -0.4435727894306183, -1.0464271306991577], [0.5682131052017212, -0.805756151676178, 0.16700389981269836, -0.10927081108093262], [0.0, 0.0, 0.0, 1.0]]}, "finger5joint3": {"matrix": [[-0.26715758442878723, 0.07081041485071182, -0.9610474705696106, -2.2349956035614014], [0.835340678691864, 0.5142408013343811, -0.1943235546350479, -0.7348664999008179], [0.4804501235485077, -0.8547171950340271, -0.1965341418981552, -0.663095235824585], [0.0, 0.0, 0.0, 1.0]]}, "Bone": {"matrix": [[0.831630527973175, 0.4828246235847473, 0.2743552327156067, -1.8474493026733398], [-0.5196503400802612, 0.5023699402809143, 0.6910771131515503, -0.4846093952655792], [0.19584114849567413, -0.7172897458076477, 0.6686864495277405, 0.45971614122390747], [0.0, 0.0, 0.0, 1.0]]}, "finger1joint1": {"matrix": [[0.8498302102088928, -0.5212443470954895, 0.07805544883012772, -1.4456486701965332], [0.37816599011421204, 0.70619136095047, 0.5985682606697083, -0.0665433406829834], [-0.36712247133255005, -0.47916343808174133, 0.7972599267959595, -0.13720351457595825], [0.0, 0.0, 0.0, 1.0]]}, "finger1joint2": {"matrix": [[0.7959673404693604, -0.581770122051239, 0.16727003455162048, -1.740244746208191], [0.1637708991765976, 0.47297897934913635, 0.865719199180603, 0.33258068561553955], [-0.5827649235725403, -0.6616902947425842, 0.4717531204223633, -0.4080163538455963], [0.0, 0.0, 0.0, 1.0]]}, "finger1joint3": {"matrix": [[0.829619824886322, -0.5346711277961731, -0.16080288589000702, -1.9896398782730103], [0.23313988745212555, 0.07004650682210922, 0.9699169993400574, 0.5353390574455261], [-0.507323145866394, -0.8421520590782166, 0.182765394449234, -0.6916719675064087], [0.0, 0.0, 0.0, 1.0]]}, "Bone.001": {"matrix": [[0.9721195697784424, 0.21519802510738373, 0.09312913566827774, -1.8474493026733398], [-0.23371155560016632, 0.8569871783256531, 0.4592946171760559, -0.484609454870224], [0.019028767943382263, -0.46825459599494934, 0.8833885192871094, 0.45971614122390747], [0.0, 0.0, 0.0, 1.0]]}, "finger2joint1": {"matrix": [[0.912641167640686, -0.40180182456970215, -0.07510662823915482, -1.7110387086868286], [0.3105003237724304, 0.561949610710144, 0.7666823267936707, 0.05862069129943848], [-0.26584821939468384, -0.7230265736579895, 0.6376182436943054, 0.1628972589969635], [0.0, 0.0, 0.0, 1.0]]}, "finger2joint2": {"matrix": [[0.8755856156349182, -0.31788602471351624, -0.3637280762195587, -2.058657169342041], [0.2878607511520386, -0.261312335729599, 0.9213314652442932, 0.5447908043861389], [-0.3879251182079315, -0.9114077687263489, -0.13729417324066162, -0.46262842416763306], [0.0, 0.0, 0.0, 1.0]]}, "finger2joint3": {"matrix": [[0.8623208403587341, -0.031751811504364014, -0.5053654313087463, -2.1793322563171387], [0.1725063920021057, -0.9199084043502808, 0.3521501123905182, 0.44559237360954285], [-0.47607138752937317, -0.39084547758102417, -0.7877788543701172, -0.8086137771606445], [0.0, 0.0, 0.0, 1.0]]}, "Bone.002": {"matrix": [[0.8452474474906921, -0.5078177452087402, 0.16636629402637482, -1.8474493026733398], [0.42283007502555847, 0.8259435892105103, 0.37286946177482605, -0.4846094250679016], [-0.3267589211463928, -0.24482208490371704, 0.9128475785255432, 0.45971614122390747], [0.0, 0.0, 0.0, 1.0]]}, "finger3joint1": {"matrix": [[0.8720067739486694, -0.22712329030036926, -0.43361175060272217, -2.06149959564209], [0.407524973154068, -0.15386438369750977, 0.900138258934021, -0.13646593689918518], [-0.271159827709198, -0.9616343975067139, -0.041612137109041214, 0.3565211594104767], [0.0, 0.0, 0.0, 1.0]]}, "finger3joint2": {"matrix": [[0.8412795066833496, 0.009686744771897793, -0.5405135750770569, -2.260727882385254], [0.3428390324115753, -0.7826196551322937, 0.5195841193199158, -0.27143287658691406], [-0.4179835021495819, -0.622424840927124, -0.6617228388786316, -0.4870067536830902], [0.0, 0.0, 0.0, 1.0]]}, "finger3joint3": {"matrix": [[0.9196233749389648, 0.10272329300642014, -0.3791314363479614, -2.254459857940674], [0.21132391691207886, -0.9429992437362671, 0.257088303565979, -0.7778506278991699], [-0.3311117887496948, -0.31654423475265503, -0.8889120817184448, -0.8897656202316284], [0.0, 0.0, 0.0, 1.0]]}, "Bone.003": {"matrix": [[0.392630010843277, -0.7705519795417786, 0.5020868182182312, -1.8474493026733398], [0.9078196287155151, 0.2372581958770752, -0.3457915484905243, -0.4846094250679016], [0.14732638001441956, 0.591572642326355, 0.7926769852638245, 0.4597160816192627], [0.0, 0.0, 0.0, 1.0]]}, "finger4joint1": {"matrix": [[0.9550330638885498, 0.06491193920373917, 0.28930604457855225, -2.177722692489624], [-0.1436045616865158, 0.9549251198768616, 0.2597983777523041, -0.3829159736633301], [-0.25940173864364624, -0.28966155648231506, 0.9213070273399353, 0.713275671005249], [0.0, 0.0, 0.0, 1.0]]}, "finger4joint2": {"matrix": [[0.9616784453392029, -0.06781452894210815, 0.2656601667404175, -2.1132421493530273], [-0.11663339287042618, 0.7757067680358887, 0.6202217936515808, 0.5656675100326538], [-0.2481345534324646, -0.6274387836456299, 0.7380715012550354, 0.42553776502609253], [0.0, 0.0, 0.0, 1.0]]}, "finger4joint3": {"matrix": [[0.9599977731704712, -0.06634301692247391, 0.2720339298248291, -2.1415250301361084], [-0.1897715926170349, 0.560208797454834, 0.8063201904296875, 0.8891860246658325], [-0.20588965713977814, -0.8256900310516357, 0.5252096652984619, 0.16385632753372192], [0.0, 0.0, 0.0, 1.0]]}}