{"root": {"matrix": [[0.41918978095054626, -0.8858668804168701, -0.1987958699464798, -5.960464477539063e-08], [-0.5072008371353149, -0.046891216188669205, -0.8605512976646423, 0.0], [0.7530120611190796, 0.46156373620033264, -0.46896883845329285, 0.0], [0.0, 0.0, 0.0, 1.0]]}, "carpals": {"matrix": [[0.5364576578140259, -0.5432940721511841, -0.6457898616790771, 0.10323569178581238], [0.8116187453269958, 0.12242812663316727, 0.571214497089386, -1.0961707830429077], [-0.23127448558807373, -0.8305676579475403, 0.5066253542900085, 2.207427740097046], [0.0, 0.0, 0.0, 1.0]]}, "metacarpals": {"matrix": [[0.5253684520721436, -0.8170149922370911, 0.23764309287071228, -0.42592954635620117], [0.27495768666267395, 0.4273235499858856, 0.8612737655639648, -0.9769265651702881], [-0.8052241802215576, -0.3871442675590515, 0.44914710521698, 1.3984596729278564], [0.0, 0.0, 0.0, 1.0]]}, "finger5joint1": {"matrix": [[0.651340126991272, -0.7241477370262146, 0.22664034366607666, -1.0821177959442139], [0.23885095119476318, 0.47917377948760986, 0.8445959687232971, -1.1356117725372314], [-0.720212459564209, -0.4959859549999237, 0.48506873846054077, 1.1340529918670654], [0.0, 0.0, 0.0, 1.0]]}, "finger5joint2": {"matrix": [[0.27216681838035583, -0.414023220539093, -0.8686251044273376, -1.8470147848129272], [0.7724362015724182, 0.6323118209838867, -0.05935871601104736, -0.6294738054275513], [0.5738181471824646, -0.6548019051551819, 0.4919010400772095, 0.6101568341255188], [0.0, 0.0, 0.0, 1.0]]}, "finger5joint3": {"matrix": [[0.2797337472438812, -0.1624291092157364, -0.9462374448776245, -2.1315877437591553], [0.8301838040351868, 0.5359622836112976, 0.1534227877855301, -0.1948636919260025], [0.4822275936603546, -0.8284686207771301, 0.2847730219364166, 0.16008850932121277], [0.0, 0.0, 0.0, 1.0]]}, "Bone": {"matrix": [[0.8652991056442261, 0.33737802505493164, 0.3707199990749359, -1.7015167474746704], [-0.45101410150527954, 0.2012990117073059, 0.8695197701454163, -0.3097558617591858], [0.21873123943805695, -0.9195947647094727, 0.3263463079929352, 0.7940200567245483], [0.0, 0.0, 0.0, 1.0]]}, "finger1joint1": {"matrix": [[0.8302181363105774, -0.550437867641449, 0.08806668221950531, -1.4207549095153809], [0.16987331211566925, 0.4002925455570221, 0.9005045890808105, -0.14223727583885193], [-0.530924379825592, -0.7326551675796509, 0.42583510279655457, 0.028744637966156006], [0.0, 0.0, 0.0, 1.0]]}, "finger1joint2": {"matrix": [[0.7748263478279114, -0.6111074090003967, 0.16183844208717346, -1.731850504875183], [-0.12039827555418015, 0.10866796225309372, 0.9867599606513977, 0.0839993879199028], [-0.6206031441688538, -0.7840527892112732, 0.01062274631112814, -0.38533616065979004], [0.0, 0.0, 0.0, 1.0]]}, "finger1joint3": {"matrix": [[0.8091280460357666, -0.5604231953620911, -0.17674151062965393, -1.9938223361968994], [-0.023752355948090553, -0.3317142426967621, 0.943080723285675, 0.13058355450630188], [-0.5871521830558777, -0.7588751912117004, -0.2817104756832123, -0.7214467525482178], [0.0, 0.0, 0.0, 1.0]]}, "Bone.001": {"matrix": [[0.9657110571861267, 0.10914739221334457, 0.2355603575706482, -1.7015166282653809], [-0.2504435181617737, 0.6307316422462463, 0.7344762086868286, -0.3097558617591858], [-0.06840924173593521, -0.768286406993866, 0.6364400386810303, 0.7940201163291931], [0.0, 0.0, 0.0, 1.0]]}, "finger2joint1": {"matrix": [[0.9595499038696289, -0.19219478964805603, 0.20572985708713531, -1.6323299407958984], [-0.019089192152023315, 0.6846394538879395, 0.7286316156387329, 0.09005457162857056], [-0.28089001774787903, -0.7030856609344482, 0.6532771587371826, 0.30701592564582825], [0.0, 0.0, 0.0, 1.0]]}, "finger2joint2": {"matrix": [[0.9151028394699097, -0.3873429298400879, 0.11203628033399582, -1.7986071109771729], [-0.02435072511434555, 0.2242586761713028, 0.9742251634597778, 0.6823697090148926], [-0.4024844467639923, -0.894244372844696, 0.1957879215478897, -0.301257848739624], [0.0, 0.0, 0.0, 1.0]]}, "finger2joint3": {"matrix": [[0.8509407043457031, -0.499043345451355, -0.1638759821653366, -1.9456487894058228], [-0.08541993796825409, -0.4393121600151062, 0.8942638635635376, 0.7675020098686218], [-0.5182692408561707, -0.7469674944877625, -0.4164567291736603, -0.6407277584075928], [0.0, 0.0, 0.0, 1.0]]}, "Bone.002": {"matrix": [[0.7644686698913574, -0.5625290274620056, 0.3148786723613739, -1.7015166282653809], [0.2487500160932541, 0.7080121636390686, 0.6609401702880859, -0.3097558319568634], [-0.5947360396385193, -0.426941841840744, 0.6811824440956116, 0.7940200567245483], [0.0, 0.0, 0.0, 1.0]]}, "finger3joint1": {"matrix": [[0.8684422373771667, -0.4293994605541229, -0.2478390485048294, -1.9386281967163086], [0.19298101961612701, -0.16769827902317047, 0.9667654037475586, -0.011321604251861572], [-0.45669087767601013, -0.8874081969261169, -0.06277008354663849, 0.6140598058700562], [0.0, 0.0, 0.0, 1.0]]}, "finger3joint2": {"matrix": [[0.7985714077949524, 0.02114863507449627, -0.6015283465385437, -2.3152894973754883], [0.12638558447360992, -0.9829941391944885, 0.13322532176971436, -0.15842342376708984], [-0.5884814262390137, -0.18241462111473083, -0.7876639366149902, -0.1643582433462143], [0.0, 0.0, 0.0, 1.0]]}, "finger3joint3": {"matrix": [[0.8884060382843018, 0.24727371335029602, -0.38676905632019043, -2.301604747772217], [0.05325371026992798, -0.8923525214195251, -0.44818612933158875, -0.7944996356964111], [-0.45595914125442505, 0.37757423520088196, -0.8059397339820862, -0.2823951840400696], [0.0, 0.0, 0.0, 1.0]]}, "Bone.003": {"matrix": [[0.39050745964050293, -0.6603363156318665, 0.641451358795166, -1.7015167474746704], [0.8860180974006653, 0.45876577496528625, -0.067124143242836, -0.3097558319568634], [-0.24995121359825134, 0.5945501923561096, 0.7642214894294739, 0.7940199971199036], [0.0, 0.0, 0.0, 1.0]]}, "finger4joint1": {"matrix": [[0.8740540742874146, -0.0006931700045242906, 0.48582786321640015, -1.984549641609192], [-0.25814759731292725, 0.8464849591255188, 0.4656420946121216, -0.11311990022659302], [-0.41156893968582153, -0.5324115753173828, 0.7396949529647827, 1.0488557815551758], [0.0, 0.0, 0.0, 1.0]]}, "finger4joint2": {"matrix": [[0.8830268383026123, -0.2048136293888092, 0.4222731292247772, -1.9852383136749268], [-0.22963587939739227, 0.5961382985115051, 0.769341230392456, 0.7277435064315796], [-0.4093049466609955, -0.7763180732727051, 0.4793739318847656, 0.5199799537658691], [0.0, 0.0, 0.0, 1.0]]}, "finger4joint3": {"matrix": [[0.8907239437103271, -0.2472131848335266, 0.3814395070075989, -2.0706584453582764], [-0.2896254360675812, 0.33808761835098267, 0.8954402804374695, 0.9763706922531128], [-0.3503247797489166, -0.9080648422241211, 0.22954384982585907, 0.19620652496814728], [0.0, 0.0, 0.0, 1.0]]}}