{"root": {"matrix": [[0.27198898792266846, 0.2356206178665161, 0.9330085515975952, 0.0], [-0.7878684401512146, 0.6112200617790222, 0.07532138377428055, 5.960464477539063e-08], [-0.5525263547897339, -0.7555745244026184, 0.351883202791214, 0.0], [0.0, 0.0, 0.0, 1.0]]}, "carpals": {"matrix": [[-0.8053749203681946, -0.5927608013153076, 0.002357766032218933, 0.7408305406570435], [-0.08405288308858871, 0.1181366890668869, 0.9894334673881531, -1.1919399499893188], [-0.5867761373519897, 0.7966668009757996, -0.14496755599975586, -2.028653383255005], [0.0, 0.0, 0.0, 1.0]]}, "metacarpals": {"matrix": [[-0.4010550081729889, -0.7167642116546631, 0.5704416632652283, 0.16348505020141602], [0.10789782553911209, 0.581419825553894, 0.8064172267913818, -1.0768755674362183], [-0.9096773266792297, 0.3849671185016632, -0.15584394335746765, -1.2527048587799072], [0.0, 0.0, 0.0, 1.0]]}, "finger5joint1": {"matrix": [[0.049551527947187424, -0.901495099067688, 0.42994293570518494, -0.40984010696411133], [-0.04395661503076553, 0.4280860722064972, 0.9026681780815125, -1.095743179321289], [-0.9978037476539612, -0.06362752616405487, -0.018414245918393135, -0.8092896342277527], [0.0, 0.0, 0.0, 1.0]]}, "finger5joint2": {"matrix": [[0.6389011740684509, -0.7657619714736938, -0.07357396185398102, -1.3620643615722656], [0.7648833990097046, 0.6425508856773376, -0.04561945050954819, -0.6435678005218506], [0.0822087749838829, -0.027129117399454117, 0.9962456226348877, -0.8764976263046265], [0.0, 0.0, 0.0, 1.0]]}, "finger5joint3": {"matrix": [[0.5677003264427185, -0.7927703261375427, -0.22188036143779755, -1.888399600982666], [0.8228749632835388, 0.5544230341911316, 0.12446388602256775, -0.2019200176000595], [0.02434440888464451, -0.2532380521297455, 0.9670974016189575, -0.8951443433761597], [0.0, 0.0, 0.0, 1.0]]}, "Bone": {"matrix": [[0.5953711271286011, -0.6004981398582458, 0.5337929725646973, -0.955582857131958], [-0.6238675117492676, 0.07312620431184769, 0.7781012654304504, -0.1691177487373352], [-0.50628262758255, -0.7962753772735596, -0.33109399676322937, -0.6516643166542053], [0.0, 0.0, 0.0, 1.0]]}, "finger1joint1": {"matrix": [[-0.21162860095500946, -0.2176569104194641, 0.9528056383132935, -1.4553101062774658], [0.019335782155394554, 0.9737633466720581, 0.2267393320798874, -0.10826301574707031], [-0.9771588444709778, 0.06640775501728058, -0.20186747610569, -1.3143147230148315], [0.0, 0.0, 0.0, 1.0]]}, "finger1joint2": {"matrix": [[-0.4872729182243347, -0.7098550200462341, 0.5085968971252441, -1.5783250331878662], [-0.07009425759315491, 0.6123332977294922, 0.7874861359596252, 0.44208696484565735], [-0.8704320788383484, 0.3480708599090576, -0.34813010692596436, -1.276782512664795], [0.0, 0.0, 0.0, 1.0]]}, "finger1joint3": {"matrix": [[-0.40688836574554443, -0.8338962197303772, -0.372905969619751, -1.8826282024383545], [-0.012400050647556782, -0.40314701199531555, 0.9150510430335999, 0.7045841217041016], [-0.9133937954902649, 0.3769475221633911, 0.15369543433189392, -1.1275702714920044], [0.0, 0.0, 0.0, 1.0]]}, "Bone.001": {"matrix": [[0.41564255952835083, -0.5552880764007568, 0.7203444242477417, -0.9555827379226685], [-0.46596407890319824, 0.5501616597175598, 0.6929641366004944, -0.1691177785396576], [-0.7811006903648376, -0.6236801743507385, -0.0300736166536808, -0.6516642570495605], [0.0, 0.0, 0.0, 1.0]]}, "finger2joint1": {"matrix": [[0.08985159546136856, -0.9958761930465698, 0.012529445812106133, -1.3075706958770752], [-0.001453598029911518, 0.012449021451175213, 0.9999212622642517, 0.17962069809436798], [-0.9959539175033569, -0.08986286073923111, -0.0003290037566330284, -1.0470049381256104], [0.0, 0.0, 0.0, 1.0]]}, "finger2joint2": {"matrix": [[-0.0021191826090216637, -0.5882692933082581, -0.8086621165275574, -2.16915225982666], [-0.09272102266550064, -0.8050647974014282, 0.5858951807022095, 0.19039097428321838], [-0.9956898093223572, 0.0762215182185173, -0.05283894017338753, -1.1247496604919434], [0.0, 0.0, 0.0, 1.0]]}, "finger2joint3": {"matrix": [[0.002686690539121628, 0.3920346796512604, -0.9199463129043579, -2.3924689292907715], [-0.23642601072788239, -0.8936192989349365, -0.3815061151981354, -0.11522480845451355], [-0.9716456532478333, 0.21852430701255798, 0.09028621762990952, -1.0958147048950195], [0.0, 0.0, 0.0, 1.0]]}, "Bone.002": {"matrix": [[-0.1006479263305664, -0.5999703407287598, 0.7936657667160034, -0.9555827379226685], [0.0387733094394207, 0.7947450280189514, 0.6057034730911255, -0.1691177636384964], [-0.9941662549972534, 0.0917358249425888, -0.05672648921608925, -0.6516642570495605], [0.0, 0.0, 0.0, 1.0]]}, "finger3joint1": {"matrix": [[-0.32478299736976624, -0.8744669556617737, -0.36031001806259155, -1.2084763050079346], [0.051229216158390045, -0.396668940782547, 0.916530966758728, 0.16587525606155396], [-0.9444001913070679, 0.2792151868343353, 0.17362962663173676, -0.6129966974258423], [0.0, 0.0, 0.0, 1.0]]}, "finger3joint2": {"matrix": [[-0.4447448253631592, -0.36774304509162903, -0.8166804313659668, -1.975542664527893], [-0.047731492668390274, -0.9007952809333801, 0.43161237239837646, -0.18207544088363647], [-0.8943846225738525, 0.23093870282173157, 0.3830711841583252, -0.36807429790496826], [0.0, 0.0, 0.0, 1.0]]}, "finger3joint3": {"matrix": [[-0.31876444816589355, -0.023286255076527596, -0.9475477337837219, -2.2135019302368164], [-0.16426602005958557, -0.9832133054733276, 0.07942324131727219, -0.7649621963500977], [-0.9334912896156311, 0.18096719682216644, 0.3095882833003998, -0.2186383754014969], [0.0, 0.0, 0.0, 1.0]]}, "Bone.003": {"matrix": [[0.05144587159156799, 0.20652660727500916, 0.9770874977111816, -0.9555827379226685], [0.7607185244560242, 0.6257882118225098, -0.1723259687423706, -0.169117733836174], [-0.6470397114753723, 0.7521541714668274, -0.12491431832313538, -0.6516642570495605], [0.0, 0.0, 0.0, 1.0]]}, "finger4joint1": {"matrix": [[-0.215609610080719, -0.5701479911804199, 0.7927442193031311, -0.8670614957809448], [-0.0950961634516716, 0.8202398419380188, 0.5640592575073242, 0.09910720586776733], [-0.9718379974365234, 0.04622967541217804, -0.23107044398784637, -0.3292763829231262], [0.0, 0.0, 0.0, 1.0]]}, "finger4joint2": {"matrix": [[-0.2132743000984192, -0.8346052765846252, 0.5078855156898499, -1.4334231615066528], [-0.06535887718200684, 0.5308693647384644, 0.8449292778968811, 0.913899838924408], [-0.9748035669326782, 0.14700686931610107, -0.1677696406841278, -0.28335368633270264], [0.0, 0.0, 0.0, 1.0]]}, "finger4joint3": {"matrix": [[-0.15056556463241577, -0.9848620295524597, -0.0858858972787857, -1.781506061553955], [-0.12161485105752945, -0.06776458770036697, 0.9902611970901489, 1.1353057622909546], [-0.9810909628868103, 0.1595442146062851, -0.10957083851099014, -0.22204259037971497], [0.0, 0.0, 0.0, 1.0]]}}