{"root": {"matrix": [[0.28286096453666687, -0.9568050503730774, -0.06718432903289795, 0.0], [-0.5175573825836182, -0.09328258037567139, -0.850548505783081, 0.0], [0.8075419068336487, 0.2753587067127228, -0.521587610244751, 0.0], [0.0, 0.0, 0.0, 1.0]]}, "carpals": {"matrix": [[0.5498508810997009, -0.47610464692115784, -0.6862857937812805, -0.2893003821372986], [0.8246563076972961, 0.17891579866409302, 0.5365917682647705, -1.166124939918518], [-0.1326863318681717, -0.8609954714775085, 0.49099990725517273, 2.154400587081909], [0.0, 0.0, 0.0, 1.0]]}, "metacarpals": {"matrix": [[0.6546141505241394, -0.6946194767951965, 0.29830172657966614, -0.7530235052108765], [0.29074180126190186, 0.5955808758735657, 0.748833954334259, -0.9918620586395264], [-0.6978175640106201, -0.40346845984458923, 0.5918307900428772, 1.3157963752746582], [0.0, 0.0, 0.0, 1.0]]}, "finger5joint1": {"matrix": [[0.7660546898841858, -0.5321887135505676, 0.36046525835990906, -1.386995553970337], [0.1851537674665451, 0.7197257280349731, 0.6691133379936218, -1.0110435485839844], [-0.615530788898468, -0.44583576917648315, 0.6498862504959106, 0.9645322561264038], [0.0, 0.0, 0.0, 1.0]]}, "finger5joint2": {"matrix": [[0.36841386556625366, -0.268192857503891, -0.8901367783546448, -1.949131727218628], [0.6166743636131287, 0.7870095372200012, 0.018110593780875206, -0.2508171498775482], [0.6956893801689148, -0.5555965304374695, 0.45533308386802673, 0.4936083257198334], [0.0, 0.0, 0.0, 1.0]]}, "finger5joint3": {"matrix": [[0.39021220803260803, -0.12280616909265518, -0.9124979972839355, -2.133470058441162], [0.685516357421875, 0.7003634572029114, 0.19889114797115326, 0.29012206196784973], [0.6146555542945862, -0.7031420469284058, 0.35747623443603516, 0.11172737181186676], [0.0, 0.0, 0.0, 1.0]]}, "Bone": {"matrix": [[0.7596499919891357, 0.47383561730384827, 0.44543397426605225, -1.837517261505127], [-0.6046946048736572, 0.2625873386859894, 0.7519254684448242, -0.0619949996471405], [0.2393236756324768, -0.8405519127845764, 0.48600053787231445, 0.6858701109886169], [0.0, 0.0, 0.0, 1.0]]}, "finger1joint1": {"matrix": [[0.8510586023330688, -0.49208295345306396, 0.1831759661436081, -1.443197250366211], [0.15834546089172363, 0.5731472969055176, 0.8040077686309814, 0.15652695298194885], [-0.5006254315376282, -0.6552526354789734, 0.5657013058662415, -0.013626813888549805], [0.0, 0.0, 0.0, 1.0]]}, "finger1joint2": {"matrix": [[0.764549195766449, -0.5844981670379639, 0.2717098593711853, -1.7213118076324463], [-0.10545437783002853, 0.30243179202079773, 0.9473193883895874, 0.4804573655128479], [-0.6358803510665894, -0.7529253363609314, 0.16958633065223694, -0.3839614689350128], [0.0, 0.0, 0.0, 1.0]]}, "finger1joint3": {"matrix": [[0.8090614676475525, -0.5840389132499695, -0.0657113716006279, -1.9718765020370483], [-0.01999828778207302, -0.13909904658794403, 0.9900763630867004, 0.6101049184799194], [-0.5873837471008301, -0.7997186183929443, -0.12421923130750656, -0.7067282199859619], [0.0, 0.0, 0.0, 1.0]]}, "Bone.001": {"matrix": [[0.922049343585968, 0.29100272059440613, 0.2552295923233032, -1.837517261505127], [-0.387054979801178, 0.6993328928947449, 0.6009339094161987, -0.0619949996471405], [-0.003617123467847705, -0.6528785824775696, 0.7574537396430969, 0.6858700513839722], [0.0, 0.0, 0.0, 1.0]]}, "finger2joint1": {"matrix": [[0.9448654651641846, -0.32616132497787476, -0.029116211459040642, -1.6530554294586182], [0.11579853296279907, 0.24963684380054474, 0.9613905549049377, 0.3813006579875946], [-0.30629992485046387, -0.9117564558982849, 0.27364248037338257, 0.27202099561691284], [0.0, 0.0, 0.0, 1.0]]}, "finger2joint2": {"matrix": [[0.9101295471191406, -0.3552491068840027, -0.21321839094161987, -1.9352335929870605], [0.04855687543749809, -0.4196168780326843, 0.9064013957977295, 0.5972737669944763], [-0.4114684462547302, -0.835296094417572, -0.3646557927131653, -0.5167841911315918], [0.0, 0.0, 0.0, 1.0]]}, "finger2joint3": {"matrix": [[0.8787637948989868, -0.26385027170181274, -0.3976894021034241, -2.070091962814331], [-0.08107766509056091, -0.9037026762962341, 0.42041343450546265, 0.4379802942276001], [-0.47031930088996887, -0.3372006416320801, -0.8155336380004883, -0.8338761925697327], [0.0, 0.0, 0.0, 1.0]]}, "Bone.002": {"matrix": [[0.859670102596283, -0.4003702402114868, 0.3172866702079773, -1.837517261505127], [0.20078253746032715, 0.8359215259552002, 0.5108045935630798, -0.0619949996471405], [-0.4697377681732178, -0.3754176199436188, 0.799004316329956, 0.6858700513839722], [0.0, 0.0, 0.0, 1.0]]}, "finger3joint1": {"matrix": [[0.8264317512512207, -0.36480677127838135, -0.42886659502983093, -2.006277322769165], [0.22629910707473755, -0.48225167393684387, 0.8462988138198853, 0.29035431146621704], [-0.5155572891235352, -0.7964605093002319, -0.31599241495132446, 0.5276278257369995], [0.0, 0.0, 0.0, 1.0]]}, "finger3joint2": {"matrix": [[0.7743576765060425, 0.06490449607372284, -0.6294105052947998, -2.3262791633605957], [0.11419442296028137, -0.9927265048027039, 0.03812262415885925, -0.13266801834106445], [-0.6223583221435547, -0.10139594972133636, -0.7761372327804565, -0.17101266980171204], [0.0, 0.0, 0.0, 1.0]]}, "finger3joint3": {"matrix": [[0.871427059173584, 0.1943415403366089, -0.4503844976425171, -2.284280776977539], [0.05676138773560524, -0.9519510865211487, -0.30094361305236816, -0.7750416994094849], [-0.48722994327545166, 0.23668576776981354, -0.8405870795249939, -0.23662400245666504], [0.0, 0.0, 0.0, 1.0]]}, "Bone.003": {"matrix": [[0.5387656688690186, -0.658244788646698, 0.5257806181907654, -1.8375173807144165], [0.8389678597450256, 0.4759475588798523, -0.26383063197135925, -0.0619949996471405], [-0.07657866925001144, 0.583256185054779, 0.8086704611778259, 0.6858701109886169], [0.0, 0.0, 0.0, 1.0]]}, "finger4joint1": {"matrix": [[0.872437596321106, 0.18431779742240906, 0.45263606309890747, -2.1196537017822266], [-0.33466029167175293, 0.9002597332000732, 0.2784498929977417, 0.14200544357299805], [-0.3561669886112213, -0.39440932869911194, 0.847104549407959, 0.935865044593811], [0.0, 0.0, 0.0, 1.0]]}, "finger4joint2": {"matrix": [[0.8850111365318298, -0.18427161872386932, 0.4275498688220978, -1.9365601539611816], [-0.3084962069988251, 0.45568549633026123, 0.8349732160568237, 1.0362865924835205], [-0.34869033098220825, -0.8708582520484924, 0.34644001722335815, 0.5440750122070312], [0.0, 0.0, 0.0, 1.0]]}, "finger4joint3": {"matrix": [[0.8909164071083069, -0.39354902505874634, 0.2266864776611328, -2.0134129524230957], [-0.3574891984462738, -0.29981741309165955, 0.8844830989837646, 1.2263360023498535], [-0.2801230847835541, -0.8690388798713684, -0.40780162811279297, 0.18087232112884521], [0.0, 0.0, 0.0, 1.0]]}}