{"root": {"matrix": [[0.6741105318069458, -0.7115092873573303, 0.1983168125152588, 0.0], [0.44517427682876587, 0.6056177616119385, 0.6595809459686279, -5.960464477539063e-08], [-0.5894021391868591, -0.3563448488712311, 0.724998950958252, 0.0], [0.0, 0.0, 0.0, 1.0]]}, "carpals": {"matrix": [[0.3471231162548065, -0.5151313543319702, -0.7836740016937256, 0.8057504296302795], [-0.5620267987251282, -0.7832179069519043, 0.26588574051856995, 1.5253841876983643], [-0.7507538199424744, 0.34815070033073425, -0.5613908171653748, -1.763222575187683], [0.0, 0.0, 0.0, 1.0]]}, "metacarpals": {"matrix": [[0.03890874981880188, -0.979087769985199, -0.19968196749687195, 0.30401551723480225], [-0.9703332781791687, -0.08474107086658478, 0.22643326222896576, 0.7625347375869751], [-0.23861953616142273, 0.18494784832000732, -0.9533388018608093, -1.4241260290145874], [0.0, 0.0, 0.0, 1.0]]}, "finger5joint1": {"matrix": [[-0.4071880280971527, -0.9133417010307312, 0.0021193113643676043, -0.17940425872802734], [-0.9033330678939819, 0.40306663513183594, 0.1467186063528061, 0.7912884950637817], [-0.134858638048172, 0.057827726006507874, -0.9891759157180786, -0.8845397233963013], [0.0, 0.0, 0.0, 1.0]]}, "finger5joint2": {"matrix": [[0.1864287257194519, -0.981437087059021, 0.044996198266744614, -1.1441419124603271], [0.14610181748867035, 0.07298462092876434, 0.9865733981132507, 1.217036485671997], [-0.9715442657470703, -0.1773516684770584, 0.1569964438676834, -0.8234578967094421], [0.0, 0.0, 0.0, 1.0]]}, "finger5joint3": {"matrix": [[0.09123092889785767, -0.9035857915878296, -0.4185795485973358, -1.8187181949615479], [0.09773974120616913, -0.4101780652999878, 0.9067526459693909, 1.267201542854309], [-0.9910213947296143, -0.12363588809967041, 0.05089551582932472, -0.9453579187393188], [0.0, 0.0, 0.0, 1.0]]}, "Bone": {"matrix": [[0.986684262752533, -0.09320592880249023, -0.1332908570766449, -1.2246123552322388], [-0.08561400324106216, -0.9944214820861816, 0.06161043792963028, 0.6302304267883301], [-0.13828980922698975, -0.04937867075204849, -0.9891600012779236, -1.1353709697723389], [0.0, 0.0, 0.0, 1.0]]}, "finger1joint1": {"matrix": [[0.634871780872345, -0.7545641660690308, -0.16604307293891907, -1.3021771907806396], [-0.6580671072006226, -0.6407150030136108, 0.39551448822021484, -0.19731485843658447], [-0.4048275947570801, -0.14183364808559418, -0.9033259153366089, -1.1764633655548096], [0.0, 0.0, 0.0, 1.0]]}, "finger1joint2": {"matrix": [[0.6702431440353394, -0.718071460723877, -0.18747594952583313, -1.7286404371261597], [-0.7342907190322876, -0.6782916188240051, -0.0271571297198534, -0.559433102607727], [-0.10766272991895676, 0.1558636873960495, -0.9818937182426453, -1.2566245794296265], [0.0, 0.0, 0.0, 1.0]]}, "finger1joint3": {"matrix": [[0.6737013459205627, -0.5160255432128906, -0.5290027260780334, -2.036465883255005], [-0.7078844308853149, -0.6561576128005981, -0.2614511549472809, -0.8502056002616882], [-0.21219384670257568, 0.5506128072738647, -0.8073408603668213, -1.1898084878921509], [0.0, 0.0, 0.0, 1.0]]}, "Bone.001": {"matrix": [[0.8739383816719055, -0.47949644923210144, -0.07946348190307617, -1.2246122360229492], [-0.40908315777778625, -0.8139562606811523, 0.41246306896209717, 0.6302304267883301], [-0.2624545395374298, -0.32796037197113037, -0.907501757144928, -1.1353709697723389], [0.0, 0.0, 0.0, 1.0]]}, "finger2joint1": {"matrix": [[0.3714117109775543, -0.720848023891449, -0.5851761102676392, -1.5285571813583374], [-0.8404032588005066, -0.5289254784584045, 0.11815139651298523, 0.11427691578865051], [-0.3946840167045593, 0.44790118932724, -0.8022524118423462, -1.3432596921920776], [0.0, 0.0, 0.0, 1.0]]}, "finger2joint2": {"matrix": [[0.3571842908859253, -0.2992604970932007, -0.8847949504852295, -2.152198076248169], [-0.8920990824699402, -0.38995593786239624, -0.2282395213842392, -0.34332242608070374], [-0.2767282724380493, 0.8708484768867493, -0.4062563478946686, -0.9557584524154663], [0.0, 0.0, 0.0, 1.0]]}, "finger2joint3": {"matrix": [[0.3981233537197113, 0.1233227550983429, -0.9090043306350708, -2.2658023834228516], [-0.9069525003433228, -0.09572542458772659, -0.410211443901062, -0.49135610461235046], [-0.13760343194007874, 0.9877387881278992, 0.07373727858066559, -0.625170111656189], [0.0, 0.0, 0.0, 1.0]]}, "Bone.002": {"matrix": [[0.2932180166244507, -0.955366849899292, 0.036014653742313385, -1.2246122360229492], [-0.867197573184967, -0.2499207854270935, 0.43070608377456665, 0.6302303671836853], [-0.4024817645549774, -0.15752269327640533, -0.9017732739448547, -1.1353709697723389], [0.0, 0.0, 0.0, 1.0]]}, "finger3joint1": {"matrix": [[0.9006121754646301, -0.4000612497329712, 0.16984809935092926, -1.6273090839385986], [-0.4246324896812439, -0.7266263365745544, 0.5400938391685486, 0.5248863101005554], [-0.09265466779470444, -0.5585383772850037, -0.8242875933647156, -1.201768398284912], [0.0, 0.0, 0.0, 1.0]]}, "finger3joint2": {"matrix": [[0.818747878074646, -0.38168972730636597, -0.4289107918739319, -1.9782353639602661], [-0.5548143982887268, -0.7182103991508484, -0.41994595527648926, -0.11249691247940063], [-0.1477593332529068, 0.5817958116531372, -0.7998005747795105, -1.6917078495025635], [0.0, 0.0, 0.0, 1.0]]}, "finger3joint3": {"matrix": [[0.8592553734779358, 0.05383645370602608, -0.5087056159973145, -2.225219249725342], [-0.5112336874008179, 0.12515835464000702, -0.8502795696258545, -0.5772367119789124], [0.01789260469377041, 0.9906750917434692, 0.1350659281015396, -1.315239429473877], [0.0, 0.0, 0.0, 1.0]]}, "Bone.003": {"matrix": [[-0.2762632966041565, -0.622905969619751, 0.7318924069404602, -1.2246123552322388], [-0.47562292218208313, 0.7503497004508972, 0.4590838551521301, 0.6302303075790405], [-0.8351415395736694, -0.22127674520015717, -0.5035625696182251, -1.1353709697723389], [0.0, 0.0, 0.0, 1.0]]}, "finger4joint1": {"matrix": [[-0.4006473124027252, -0.8602009415626526, -0.3154926300048828, -1.4916019439697266], [-0.911736786365509, 0.3402334153652191, 0.23016709089279175, 0.9518448114395142], [-0.09064897149801254, 0.37986233830451965, -0.9205906987190247, -1.2302144765853882], [0.0, 0.0, 0.0, 1.0]]}, "finger4joint2": {"matrix": [[-0.4262779951095581, -0.11129161715507507, -0.89771968126297, -2.346090316772461], [-0.8990833163261414, -0.057227615267038345, 0.43402040004730225, 1.2898187637329102], [-0.09967733919620514, 0.9921386241912842, -0.07566552609205246, -0.8528748154640198], [0.0, 0.0, 0.0, 1.0]]}, "finger4joint3": {"matrix": [[-0.4023732542991638, 0.5744338631629944, -0.7128260135650635, -2.3925058841705322], [-0.8974670767784119, -0.4011910557746887, 0.18329761922359467, 1.265951156616211], [-0.18068726360797882, 0.713492214679718, 0.6769644021987915, -0.4390906095504761], [0.0, 0.0, 0.0, 1.0]]}}