{"root": {"matrix": [[0.1679297238588333, -0.8679232597351074, 0.46744924783706665, 0.0], [-0.1604134440422058, -0.4919217526912689, -0.8557339310646057, 0.0], [0.9726598262786865, 0.06871797889471054, -0.2218349128961563, 0.0], [0.0, 0.0, 0.0, 1.0]]}, "carpals": {"matrix": [[-0.8987491130828857, -0.2316897064447403, -0.3722495436668396, -0.5223223567008972], [0.30649107694625854, 0.2751501202583313, -0.9112383723258972, -0.7480648159980774], [0.3135492205619812, -0.9330658316612244, -0.17628026008605957, 2.2918472290039062], [0.0, 0.0, 0.0, 1.0]]}, "metacarpals": {"matrix": [[-0.8455168008804321, -0.311420738697052, 0.433726042509079, -0.7479867339134216], [-0.4285867512226105, -0.08863896876573563, -0.8991419672966003, -0.4800703227519989], [0.3184565007686615, -0.9461289048194885, -0.05852532014250755, 1.3830466270446777], [0.0, 0.0, 0.0, 1.0]]}, "finger5joint1": {"matrix": [[-0.8855352997779846, -0.21711286902427673, 0.4107176661491394, -0.9557666778564453], [-0.43108218908309937, 0.7135944962501526, -0.5522235035896301, -0.08557379245758057], [-0.17319099605083466, -0.6660663485527039, -0.7255068421363831, 0.8113170862197876], [0.0, 0.0, 0.0, 1.0]]}, "finger5joint2": {"matrix": [[0.30897703766822815, -0.9194903373718262, 0.24304360151290894, -1.1850969791412354], [-0.5606824159622192, 0.030315183103084564, 0.8274754881858826, 0.6681763529777527], [-0.7682240605354309, -0.39194101095199585, -0.5061752796173096, 0.10776965320110321], [0.0, 0.0, 0.0, 1.0]]}, "finger5joint3": {"matrix": [[0.207937091588974, -0.9427735209465027, -0.26065269112586975, -1.8170949220657349], [-0.6001056432723999, -0.33339235186576843, 0.7271328568458557, 0.6890130639076233], [-0.7724215388298035, 0.005221375729888678, -0.6350881457328796, -0.16162514686584473], [0.0, 0.0, 0.0, 1.0]]}, "Bone": {"matrix": [[0.1392715722322464, -0.9437433481216431, 0.2999197244644165, -1.2342009544372559], [0.09709496051073074, -0.28839778900146484, -0.9525749683380127, -0.6184602975845337], [0.9854824542999268, 0.16178734600543976, 0.05146687105298042, -0.09412328898906708], [0.0, 0.0, 0.0, 1.0]]}, "finger1joint1": {"matrix": [[-0.7816415429115295, -0.4414391815662384, 0.4406448006629944, -2.0195724964141846], [-0.44606339931488037, -0.09817054867744446, -0.8896008729934692, -0.8584613800048828], [0.4359630048274994, -0.8919044733047485, -0.12017589807510376, 0.040514081716537476], [0.0, 0.0, 0.0, 1.0]]}, "finger1joint2": {"matrix": [[-0.8696984648704529, -0.19618606567382812, -0.45291900634765625, -2.269064426422119], [-0.15198421478271484, 0.9794713258743286, -0.13242579996585846, -0.9139453172683716], [0.4696013331413269, -0.04633375629782677, -0.8816617727279663, -0.4635709524154663], [0.0, 0.0, 0.0, 1.0]]}, "finger1joint3": {"matrix": [[-0.9033095836639404, 0.4066624641418457, -0.13659261167049408, -2.353166103363037], [-0.2004450261592865, -0.11859351396560669, 0.9725004434585571, -0.49406203627586365], [0.37928053736686707, 0.9058480858802795, 0.1886403113603592, -0.48343348503112793], [0.0, 0.0, 0.0, 1.0]]}, "Bone.001": {"matrix": [[-0.1538800597190857, -0.7697872519493103, 0.6194741725921631, -1.2342009544372559], [-0.11924190074205399, -0.6078919768333435, -0.7850149273872375, -0.6184602975845337], [0.9808679223060608, -0.19466552138328552, 0.0017513304483145475, -0.09412327408790588], [0.0, 0.0, 0.0, 1.0]]}, "finger2joint1": {"matrix": [[-0.6823925375938416, -0.7288046479225159, -0.0564269945025444, -1.722156286239624], [-0.478750616312027, 0.5039249062538147, -0.7189278602600098, -1.0037931203842163], [0.5523928999900818, -0.46357640624046326, -0.6927904486656189, -0.21751853823661804], [0.0, 0.0, 0.0, 1.0]]}, "finger2joint2": {"matrix": [[-0.7373568415641785, -0.20666787028312683, -0.643112063407898, -2.3526811599731445], [-0.36272311210632324, 0.9242864847183228, 0.11885327100753784, -0.5678229928016663], [0.5698567032814026, 0.32090914249420166, -0.7564920783042908, -0.618581235408783], [0.0, 0.0, 0.0, 1.0]]}, "finger2joint3": {"matrix": [[-0.6957617998123169, 0.5027889609336853, -0.5129507184028625, -2.431135654449463], [-0.26347535848617554, 0.48571184277534485, 0.8334652781486511, -0.21694868803024292], [0.6682034730911255, 0.7150433659553528, -0.20546698570251465, -0.4967588186264038], [0.0, 0.0, 0.0, 1.0]]}, "Bone.002": {"matrix": [[-0.656767725944519, -0.37088629603385925, 0.6565815806388855, -1.2342009544372559], [-0.496962308883667, -0.4419926106929779, -0.7467736601829529, -0.6184602975845337], [0.5671723484992981, -0.8167531490325928, 0.10596970468759537, -0.0941232442855835], [0.0, 0.0, 0.0, 1.0]]}, "finger3joint1": {"matrix": [[-0.8084441423416138, -0.5860289335250854, 0.054663825780153275, -1.390533208847046], [-0.4202725887298584, 0.5097561478614807, -0.7506793141365051, -0.8047646284103394], [0.41205471754074097, -0.629855751991272, -0.658401370048523, -0.4383929967880249], [0.0, 0.0, 0.0, 1.0]]}, "finger3joint2": {"matrix": [[-0.8924420475959778, -0.35426709055900574, -0.2793597877025604, -1.9045870304107666], [-0.30494004487991333, 0.9300003051757812, -0.20520927011966705, -0.35761594772338867], [0.33250370621681213, -0.09794918447732925, -0.9380016326904297, -0.9908908605575562], [0.0, 0.0, 0.0, 1.0]]}, "finger3joint3": {"matrix": [[-0.8492161631584167, -0.14441165328025818, -0.5079144239425659, -2.13382625579834], [-0.21956640481948853, 0.9713506698608398, 0.09093063324689865, 0.24416890740394592], [0.48023173213005066, 0.18874089419841766, -0.8565945029258728, -1.0542718172073364], [0.0, 0.0, 0.0, 1.0]]}, "Bone.003": {"matrix": [[-0.2757728397846222, 0.6532129049301147, 0.7051682472229004, -1.2342009544372559], [-0.9610965251922607, -0.19927002489566803, -0.1912715584039688, -0.6184603571891785], [0.015577687881886959, -0.7304823398590088, 0.6827537417411804, -0.09412330389022827], [0.0, 0.0, 0.0, 1.0]]}, "finger4joint1": {"matrix": [[-0.4170951247215271, -0.6236758828163147, 0.6611049771308899, -0.9542211890220642], [-0.07978566735982895, -0.6994637250900269, -0.7102002501487732, -0.7038713693618774], [0.905353844165802, -0.3489677608013153, 0.2419823259115219, -0.4072222411632538], [0.0, 0.0, 0.0, 1.0]]}, "finger4joint2": {"matrix": [[-0.41843825578689575, -0.9075697660446167, -0.03501700609922409, -1.5737552642822266], [-0.1094978004693985, 0.08868276327848434, -0.9900228977203369, -1.398689866065979], [0.9016203284263611, -0.4104290306568146, -0.1364852637052536, -0.7538724541664124], [0.0, 0.0, 0.0, 1.0]]}, "finger4joint3": {"matrix": [[-0.340990275144577, -0.686159074306488, -0.6425815224647522, -1.9522689580917358], [-0.10199622809886932, 0.7065179347991943, -0.700306236743927, -1.361703634262085], [0.9345169067382812, -0.17325656116008759, -0.31090137362480164, -0.9250471591949463], [0.0, 0.0, 0.0, 1.0]]}}