{"root": {"matrix": [[0.32596859335899353, -0.7466742992401123, -0.5798465013504028, 0.0], [-0.7551805377006531, 0.1633211225271225, -0.6348453164100647, 0.0], [0.5687237977981567, 0.6448284387588501, -0.5106363892555237, 0.0], [0.0, 0.0, 0.0, 1.0]]}, "carpals": {"matrix": [[0.7655429244041443, -0.5516717433929443, -0.3310621380805969, 0.07150247693061829], [0.5729054808616638, 0.3503476083278656, 0.7409692406654358, -1.4765864610671997], [-0.2927849292755127, -0.7569112181663513, 0.5842621326446533, 1.974731683731079], [0.0, 0.0, 0.0, 1.0]]}, "metacarpals": {"matrix": [[0.4838782548904419, -0.7724773287773132, 0.41126689314842224, -0.4658224582672119], [0.02100285142660141, 0.480061799287796, 0.8769829869270325, -1.135349988937378], [-0.8748831748962402, -0.4157152473926544, 0.24851585924625397, 1.2375046014785767], [0.0, 0.0, 0.0, 1.0]]}, "finger5joint1": {"matrix": [[0.1888868361711502, -0.9819890856742859, -0.004368498921394348, -1.1607375144958496], [0.23372602462768555, 0.040635816752910614, 0.9714527130126953, -1.2258409261703491], [-0.9537786245346069, -0.18451568484306335, 0.23719216883182526, 1.0515493154525757], [0.0, 0.0, 0.0, 1.0]]}, "finger5joint2": {"matrix": [[-0.016737472265958786, -0.24842235445976257, -0.968506932258606, -2.1979854106903076], [0.9904401898384094, 0.12852707505226135, -0.050083838403224945, -1.1829184293746948], [0.13692152500152588, -0.9600867033004761, 0.2438965141773224, 0.8566504716873169], [0.0, 0.0, 0.0, 1.0]]}, "finger5joint3": {"matrix": [[0.013489903882145882, 0.3824990391731262, -0.9238570928573608, -2.36873459815979], [0.999362051486969, 0.02538900263607502, 0.02510397508740425, -1.0945773124694824], [0.03305823355913162, -0.923606812953949, -0.38191255927085876, 0.19674919545650482], [0.0, 0.0, 0.0, 1.0]]}, "Bone": {"matrix": [[0.8003650307655334, 0.2767253816127777, 0.531825840473175, -1.6718740463256836], [-0.5434834361076355, -0.039548635482788086, 0.838487446308136, -0.38584017753601074], [0.25306373834609985, -0.9601348042488098, 0.1187424585223198, 0.5884577035903931], [0.0, 0.0, 0.0, 1.0]]}, "finger1joint1": {"matrix": [[0.7612313032150269, -0.6306890249252319, -0.15085801482200623, -1.4415867328643799], [-0.017036501318216324, -0.25200289487838745, 0.967576265335083, -0.41875210404396057], [-0.6482565402984619, -0.7339794635772705, -0.2025771290063858, -0.21055468916893005], [0.0, 0.0, 0.0, 1.0]]}, "finger1joint2": {"matrix": [[0.7834765315055847, -0.6127747893333435, -0.10330289602279663, -1.7980384826660156], [-0.30576983094215393, -0.5248651504516602, 0.794368326663971, -0.5611786842346191], [-0.5409891605377197, -0.5907822251319885, -0.5985875129699707, -0.6253839731216431], [0.0, 0.0, 0.0, 1.0]]}, "finger1joint3": {"matrix": [[0.7909373641014099, -0.44829121232032776, -0.41647687554359436, -2.060724973678589], [-0.2042870819568634, -0.8350375890731812, 0.5108606815338135, -0.7861797213554382], [-0.5767884254455566, -0.3189781606197357, -0.7520425915718079, -0.8786426186561584], [0.0, 0.0, 0.0, 1.0]]}, "Bone.001": {"matrix": [[0.903565526008606, 0.13409344851970673, 0.40692514181137085, -1.6718740463256836], [-0.421913743019104, 0.4437379539012909, 0.790623128414154, -0.38584020733833313], [-0.07455077022314072, -0.886067271232605, 0.4575224220752716, 0.5884577631950378], [0.0, 0.0, 0.0, 1.0]]}, "finger2joint1": {"matrix": [[0.796646773815155, -0.20226138830184937, 0.5695998668670654, -1.5868743658065796], [-0.22011324763298035, 0.7805713415145874, 0.5850282907485962, -0.10456204414367676], [-0.5629420280456543, -0.5914373993873596, 0.5773194432258606, 0.02679416537284851], [0.0, 0.0, 0.0, 1.0]]}, "finger2joint2": {"matrix": [[0.7190305590629578, -0.3567967414855957, 0.5963983535766602, -1.7618606090545654], [-0.2017413228750229, 0.7140448093414307, 0.6704028248786926, 0.5707484483718872], [-0.6650528907775879, -0.6023582816123962, 0.44143959879875183, -0.48488733172416687], [0.0, 0.0, 0.0, 1.0]]}, "finger2joint3": {"matrix": [[0.6171764135360718, -0.5730091333389282, 0.5392157435417175, -1.8973065614700317], [-0.1776009351015091, 0.566167950630188, 0.8049293756484985, 0.8418116569519043], [-0.7665187120437622, -0.592548668384552, 0.24765869975090027, -0.7135523557662964], [0.0, 0.0, 0.0, 1.0]]}, "Bone.002": {"matrix": [[0.7346301078796387, -0.48193198442459106, 0.47755640745162964, -1.6718740463256836], [-0.005400102585554123, 0.6996989846229553, 0.7144170999526978, -0.3858402371406555], [-0.6784462928771973, -0.5274111032485962, 0.5114176273345947, 0.5884577035903931], [0.0, 0.0, 0.0, 1.0]]}, "finger3joint1": {"matrix": [[0.9274057149887085, 0.09001145511865616, 0.36306554079055786, -1.8750132322311401], [-0.373771071434021, 0.26093146204948425, 0.8900615572929382, -0.09091006219387054], [-0.01461968943476677, -0.961151659488678, 0.27563318610191345, 0.36614862084388733], [0.0, 0.0, 0.0, 1.0]]}, "finger3joint2": {"matrix": [[0.9151799082756042, -0.37938594818115234, 0.13605856895446777, -1.7960569858551025], [-0.362052857875824, -0.6255114674568176, 0.6911243200302124, 0.13797420263290405], [-0.1770968735218048, -0.6817636489868164, -0.7098133563995361, -0.47695592045783997], [0.0, 0.0, 0.0, 1.0]]}, "finger3joint3": {"matrix": [[0.8593003749847412, -0.5097377896308899, 0.04207368940114975, -2.0415501594543457], [-0.5037010908126831, -0.8290945291519165, 0.24266672134399414, -0.2667819559574127], [-0.08881352841854095, -0.22971633076667786, -0.9691967964172363, -0.9181117415428162], [0.0, 0.0, 0.0, 1.0]]}, "Bone.003": {"matrix": [[0.4996134638786316, -0.5210833549499512, 0.6919960379600525, -1.6718740463256836], [0.7408627867698669, 0.6710027456283569, -0.029619581997394562, -0.3858402371406555], [-0.4488968551158905, 0.5274726748466492, 0.7212933897972107, 0.5884577035903931], [0.0, 0.0, 0.0, 1.0]]}, "finger4joint1": {"matrix": [[0.6600061058998108, 0.13036856055259705, 0.7398620247840881, -1.8952205181121826], [-0.35980549454689026, 0.9193847179412842, 0.15896889567375183, -0.0982353687286377], [-0.6594935655593872, -0.3711267411708832, 0.6537070274353027, 0.8145427703857422], [0.0, 0.0, 0.0, 1.0]]}, "finger4joint2": {"matrix": [[0.6769848465919495, -0.40001818537712097, 0.6177999377250671, -1.76571786403656], [-0.3354988992214203, 0.5793961882591248, 0.7427919507026672, 0.8150436878204346], [-0.6550814509391785, -0.7101301550865173, 0.2580370008945465, 0.445880651473999], [0.0, 0.0, 0.0, 1.0]]}, "finger4joint3": {"matrix": [[0.6987834572792053, -0.5996873378753662, 0.38997000455856323, -1.9325504302978516], [-0.3933306336402893, 0.13323496282100677, 0.909691572189331, 1.0566883087158203], [-0.5974883437156677, -0.7890647649765015, -0.14277280867099762, 0.1497116982936859], [0.0, 0.0, 0.0, 1.0]]}}