{"root": {"matrix": [[0.4361046254634857, -0.6147150993347168, -0.6572199463844299, 0.0], [-0.12832899391651154, 0.6803827285766602, -0.7215337753295898, 0.0], [0.8906988501548767, 0.39900466799736023, 0.21783222258090973, 0.0], [0.0, 0.0, 0.0, 1.0]]}, "carpals": {"matrix": [[0.8116666674613953, -0.5495873093605042, 0.19786573946475983, 0.45843490958213806], [-0.3762151598930359, -0.2327391654253006, 0.8968245983123779, 0.45687639713287354], [-0.4468323886394501, -0.8023627996444702, -0.39566951990127563, 2.380354404449463], [0.0, 0.0, 0.0, 1.0]]}, "metacarpals": {"matrix": [[-0.12135984748601913, -0.5142999291419983, 0.8489801287651062, -0.07685977220535278], [-0.9925680756568909, 0.0551605299115181, -0.10846994817256927, 0.23018985986709595], [0.008955694735050201, -0.855834424495697, -0.5171719789505005, 1.5988577604293823], [0.0, 0.0, 0.0, 1.0]]}, "finger5joint1": {"matrix": [[-0.1269875317811966, -0.6780678629875183, 0.7239460945129395, -0.6983034014701843], [-0.9816645979881287, 0.190513476729393, 0.006246189121156931, 0.48045092821121216], [-0.14215698838233948, -0.7098789811134338, -0.6898280382156372, 1.3216357231140137], [0.0, 0.0, 0.0, 1.0]]}, "finger5joint2": {"matrix": [[0.7158381342887878, -0.6973273754119873, -0.036191005259752274, -1.4145276546478271], [0.014383111149072647, -0.037093497812747955, 0.9992080926895142, 0.6816850304603577], [-0.6981177926063538, -0.7157917022705078, -0.016523081809282303, 0.5718101263046265], [0.0, 0.0, 0.0, 1.0]]}, "finger5joint3": {"matrix": [[0.6485146880149841, -0.7439265847206116, -0.1612495481967926, -1.8938251733779907], [-0.04417505860328674, -0.24825970828533173, 0.9676855206489563, 0.6561893820762634], [-0.7599188685417175, -0.6204350590705872, -0.1938629299402237, 0.07982137799263], [0.0, 0.0, 0.0, 1.0]]}, "Bone": {"matrix": [[0.4157170355319977, -0.33906716108322144, 0.8439269661903381, -0.879824697971344], [-0.1984403133392334, -0.9393672943115234, -0.2796610891819, 0.3163107633590698], [0.8875811696052551, -0.05120944231748581, -0.4577956199645996, 0.2626626789569855], [0.0, 0.0, 0.0, 1.0]]}, "finger1joint1": {"matrix": [[0.3932211101055145, -0.6339855790138245, 0.665912389755249, -1.1619923114776611], [-0.8117666244506836, -0.5794825553894043, -0.07235150784254074, -0.46541914343833923], [0.4317541718482971, -0.5121153593063354, -0.7425130605697632, 0.2200467884540558], [0.0, 0.0, 0.0, 1.0]]}, "finger1joint2": {"matrix": [[0.18440863490104675, -0.8329065442085266, 0.52178555727005, -1.5203073024749756], [-0.7394405603408813, -0.46730801463127136, -0.4846140444278717, -0.7929300665855408], [0.6474725604057312, -0.29646238684654236, -0.7020605206489563, -0.06938973069190979], [0.0, 0.0, 0.0, 1.0]]}, "finger1joint3": {"matrix": [[0.26673540472984314, -0.9611966609954834, 0.07037869095802307, -1.8773605823516846], [-0.7670726776123047, -0.25594043731689453, -0.588297426700592, -0.9932574033737183], [0.5834820866584778, 0.10293418169021606, -0.8055760860443115, -0.19647827744483948], [0.0, 0.0, 0.0, 1.0]]}, "Bone.001": {"matrix": [[0.3729275166988373, -0.15855717658996582, 0.9142125248908997, -0.8798247575759888], [-0.5360368490219116, -0.8410501480102539, 0.07279312610626221, 0.3163108229637146], [0.7573565244674683, -0.517198383808136, -0.39864322543144226, 0.2626626789569855], [0.0, 0.0, 0.0, 1.0]]}, "finger2joint1": {"matrix": [[-0.07499511539936066, -0.7606701254844666, 0.6447919011116028, -0.980331540107727], [-0.9890691637992859, -0.025580301880836487, -0.14521507918834686, -0.21681715548038483], [0.12695452570915222, -0.6486341953277588, -0.7504370808601379, -0.06518089771270752], [0.0, 0.0, 0.0, 1.0]]}, "finger2joint2": {"matrix": [[-0.20274116098880768, -0.9568012952804565, -0.20839178562164307, -1.6384245157241821], [-0.9696604013442993, 0.22584322094917297, -0.09355971962213516, -0.23894792795181274], [0.13658173382282257, 0.18310095369815826, -0.9735599756240845, -0.6263460516929626], [0.0, 0.0, 0.0, 1.0]]}, "finger2joint3": {"matrix": [[-0.29170897603034973, -0.40860599279403687, -0.8648391962051392, -2.0016417503356934], [-0.9250930547714233, 0.35033902525901794, 0.14650964736938477, -0.15321414172649384], [0.24312199652194977, 0.8427950143814087, -0.4801955223083496, -0.5568379759788513], [0.0, 0.0, 0.0, 1.0]]}, "Bone.002": {"matrix": [[0.14231567084789276, -0.26505106687545776, 0.9536740183830261, -0.8798247575759888], [-0.9717252254486084, -0.22080297768115997, 0.08364246785640717, 0.3163107633590698], [0.18840433657169342, -0.9386126399040222, -0.28898054361343384, 0.2626626789569855], [0.0, 0.0, 0.0, 1.0]]}, "finger3joint1": {"matrix": [[0.2366282045841217, -0.36015328764915466, 0.9023838639259338, -0.9915464520454407], [-0.7954972386360168, -0.6050640344619751, -0.03288925066590309, 0.22324007749557495], [0.5578449964523315, -0.710061252117157, -0.4296761453151703, -0.13297200202941895], [0.0, 0.0, 0.0, 1.0]]}, "finger3joint2": {"matrix": [[0.14151649177074432, -0.8912596702575684, 0.4308471381664276, -1.3074662685394287], [-0.8792813420295715, -0.3131193518638611, -0.3589158058166504, -0.3075109124183655], [0.4547935128211975, -0.32804328203201294, -0.827979564666748, -0.7558245658874512], [0.0, 0.0, 0.0, 1.0]]}, "finger3joint3": {"matrix": [[0.02265223115682602, -0.9938197135925293, 0.1086701974272728, -1.8841826915740967], [-0.8208393454551697, -0.08053940534591675, -0.5654521584510803, -0.5101242661476135], [0.5707094669342041, -0.07639194279909134, -0.8175907135009766, -0.9680948853492737], [0.0, 0.0, 0.0, 1.0]]}, "Bone.003": {"matrix": [[0.4720447361469269, 0.25392067432403564, 0.8442144989967346, -0.8798247575759888], [-0.7172529697418213, 0.6673992872238159, 0.20031526684761047, 0.31631073355674744], [-0.5125640630722046, -0.7000729441642761, 0.4971676468849182, 0.2626626491546631], [0.0, 0.0, 0.0, 1.0]]}, "finger4joint1": {"matrix": [[-0.3360811173915863, -0.7492664456367493, 0.5706567168235779, -0.7709892988204956], [-0.9173836708068848, 0.3975847363471985, -0.018256939947605133, 0.6023709774017334], [-0.21320517361164093, -0.5296468734741211, -0.8209854960441589, -0.037402212619781494], [0.0, 0.0, 0.0, 1.0]]}, "finger4joint2": {"matrix": [[-0.34208619594573975, -0.9195017218589783, -0.19363202154636383, -1.51528000831604], [-0.9082100987434387, 0.27066513895988464, 0.3192090392112732, 0.997315526008606], [-0.2411039024591446, 0.2850556969642639, -0.9276915192604065, -0.5635316967964172], [0.0, 0.0, 0.0, 1.0]]}, "finger4joint3": {"matrix": [[-0.26159846782684326, -0.6856957674026489, -0.6792550086975098, -1.8987700939178467], [-0.9321381449699402, -0.0030697688926011324, 0.3620891571044922, 1.1101998090744019], [-0.2503682076931, 0.7278815507888794, -0.6383600831031799, -0.4446455240249634], [0.0, 0.0, 0.0, 1.0]]}}