{"root": {"matrix": [[0.5548347234725952, -0.6539175510406494, -0.5143445134162903, 0.0], [0.3942793905735016, 0.7510701417922974, -0.5295634269714355, 0.0], [0.7325996160507202, 0.09102479368448257, 0.67454594373703, 7.450580596923828e-09], [0.0, 0.0, 0.0, 1.0]]}, "carpals": {"matrix": [[0.8214725852012634, -0.5669432878494263, 0.06130264326930046, 0.6725050806999207], [-0.4708387851715088, -0.6136910319328308, 0.6337933540344238, 1.6863491535186768], [-0.32170403003692627, -0.5495074391365051, -0.7710691690444946, 1.67001473903656], [0.0, 0.0, 0.0, 1.0]]}, "metacarpals": {"matrix": [[-0.04586785286664963, -0.6232801079750061, 0.7806522250175476, 0.12030571699142456], [-0.9172797203063965, -0.28319281339645386, -0.279999315738678, 1.0886178016662598], [0.3955930173397064, -0.7289193272590637, -0.558732807636261, 1.1347978115081787], [0.0, 0.0, 0.0, 1.0]]}, "finger5joint1": {"matrix": [[-0.09816227853298187, -0.7836992740631104, 0.6133347153663635, -0.5484679937362671], [-0.9693293571472168, -0.06423921883106232, -0.2372209131717682, 1.2031419277191162], [0.22530999779701233, -0.6178094148635864, -0.7533568143844604, 0.8792574405670166], [0.0, 0.0, 0.0, 1.0]]}, "finger5joint2": {"matrix": [[0.5962343215942383, -0.7646200060844421, -0.24466365575790405, -1.3762677907943726], [-0.25175535678863525, -0.4674662947654724, 0.8474043607711792, 1.1352880001068115], [-0.7623145580291748, -0.4436560273170471, -0.47121667861938477, 0.22668248414993286], [0.0, 0.0, 0.0, 1.0]]}, "finger5joint3": {"matrix": [[0.5348106026649475, -0.7234686017036438, -0.43654361367225647, -1.901818037033081], [-0.3405660092830658, -0.6573742032051086, 0.6722154021263123, 0.8139819502830505], [-0.7732993364334106, -0.21083587408065796, -0.5979595184326172, -0.07825786620378494], [0.0, 0.0, 0.0, 1.0]]}, "Bone": {"matrix": [[0.5404334664344788, -0.27284395694732666, 0.7959194183349609, -0.8528076410293579], [0.16076114773750305, -0.8950493335723877, -0.4159836769104004, 0.6464751958847046], [0.8258855938911438, 0.35276439785957336, -0.43985193967819214, -0.0032476186752319336], [0.0, 0.0, 0.0, 1.0]]}, "finger1joint1": {"matrix": [[0.1734585464000702, -0.6968969106674194, 0.6958783268928528, -1.0798649787902832], [-0.8272178769111633, -0.48653823137283325, -0.2810533940792084, -0.09837383031845093], [0.5344365835189819, -0.5268917083740234, -0.6608798503875732, 0.2903185188770294], [0.0, 0.0, 0.0, 1.0]]}, "finger1joint2": {"matrix": [[-0.03273988515138626, -0.8793495297431946, 0.4750500023365021, -1.473736047744751], [-0.6924731135368347, -0.3227785527706146, -0.6452092528343201, -0.3733547329902649], [0.7207002639770508, -0.35008323192596436, -0.5983580946922302, -0.007469251751899719], [0.0, 0.0, 0.0, 1.0]]}, "finger1joint3": {"matrix": [[0.0478210523724556, -0.9975924491882324, 0.050224002450704575, -1.850698709487915], [-0.7419447898864746, -0.06914076209068298, -0.6668863892555237, -0.511724591255188], [0.6687532663345337, -0.005372059065848589, -0.7434647679328918, -0.15754416584968567], [0.0, 0.0, 0.0, 1.0]]}, "Bone.001": {"matrix": [[0.5061078667640686, -0.16181518137454987, 0.8471543192863464, -0.8528075814247131], [-0.20176121592521667, -0.9772003293037415, -0.06611887365579605, 0.6464751958847046], [0.838538408279419, -0.1374596655368805, -0.5272168517112732, -0.0032476112246513367], [0.0, 0.0, 0.0, 1.0]]}, "finger2joint1": {"matrix": [[0.09961254149675369, -0.7571192383766174, 0.6456373929977417, -0.9553794860839844], [-0.839078426361084, -0.41267192363739014, -0.35447004437446594, 0.027043849229812622], [0.5348123908042908, -0.5064306259155273, -0.6763898134231567, -0.09038111567497253], [0.0, 0.0, 0.0, 1.0]]}, "finger2joint2": {"matrix": [[-0.029356202110648155, -0.9759256839752197, -0.21611808240413666, -1.6104005575180054], [-0.8365961313247681, 0.14231440424919128, -0.5290116667747498, -0.3299787938594818], [0.5470327734947205, 0.16527390480041504, -0.8206334114074707, -0.5285189747810364], [0.0, 0.0, 0.0, 1.0]]}, "finger2joint3": {"matrix": [[-0.12166960537433624, -0.45278310775756836, -0.8832800984382629, -1.9808778762817383], [-0.7641144394874573, 0.6106956601142883, -0.20779724419116974, -0.27595391869544983], [0.6335023641586304, 0.6496445536613464, -0.4202810823917389, -0.46577829122543335], [0.0, 0.0, 0.0, 1.0]]}, "Bone.002": {"matrix": [[0.2365419715642929, -0.3672133982181549, 0.8995566368103027, -0.8528075814247131], [-0.82491534948349, -0.5650885701179504, -0.013763494789600372, 0.6464751958847046], [0.5133832693099976, -0.7388023138046265, -0.43658721446990967, -0.0032476186752319336], [0.0, 0.0, 0.0, 1.0]]}, "finger3joint1": {"matrix": [[0.24456961452960968, -0.3468882441520691, 0.9054579734802246, -1.007591724395752], [-0.652666449546814, -0.7494927048683167, -0.11084764450788498, 0.40828463435173035], [0.7170858383178711, -0.5638518929481506, -0.4097054898738861, -0.3146602511405945], [0.0, 0.0, 0.0, 1.0]]}, "finger3joint2": {"matrix": [[0.15133020281791687, -0.8852686882019043, 0.4397708475589752, -1.311875820159912], [-0.7581695318222046, -0.38941463828086853, -0.5230059027671814, -0.24915650486946106], [0.6342539191246033, -0.2542741000652313, -0.7301139235496521, -0.8092606663703918], [0.0, 0.0, 0.0, 1.0]]}, "finger3joint3": {"matrix": [[0.031110506504774094, -0.9923396706581116, 0.11955796182155609, -1.8847156763076782], [-0.6777948141098022, -0.10885671526193619, -0.7271481156349182, -0.5011390447616577], [0.7345924973487854, -0.05841368809342384, -0.6759891510009766, -0.9737963676452637], [0.0, 0.0, 0.0, 1.0]]}, "Bone.003": {"matrix": [[0.45326927304267883, 0.11151494085788727, 0.8843706250190735, -0.8528075218200684], [-0.8487643003463745, 0.35707640647888184, 0.38999423384666443, 0.6464751362800598], [-0.2722977101802826, -0.9273945093154907, 0.25650152564048767, -0.0032476186752319336], [0.0, 0.0, 0.0, 1.0]]}, "finger4joint1": {"matrix": [[-0.1808117777109146, -0.9356797933578491, 0.3030020594596863, -0.8050101399421692], [-0.9337503910064697, 0.06655334681272507, -0.3516824245452881, 0.7995249629020691], [0.30889639258384705, -0.34651651978492737, -0.8857249617576599, -0.4007469713687897], [0.0, 0.0, 0.0, 1.0]]}, "finger4joint2": {"matrix": [[-0.19632823765277863, -0.7769287824630737, -0.5981944799423218, -1.7344762086868286], [-0.938596248626709, 0.32542476058006287, -0.11460964381694794, 0.86563640832901], [0.28371086716651917, 0.5389620661735535, -0.7931125164031982, -0.744962215423584], [0.0, 0.0, 0.0, 1.0]]}, "finger4joint3": {"matrix": [[-0.12229394167661667, -0.27802157402038574, -0.9527580738067627, -2.058504104614258], [-0.9606216549873352, 0.2744786739349365, 0.043208539485931396, 1.001358985900879], [0.2494988888502121, 0.9205242991447449, -0.3006405830383301, -0.5201811790466309], [0.0, 0.0, 0.0, 1.0]]}}