{"root": {"matrix": [[0.42093876004219055, -0.8141059279441833, -0.40005263686180115, -5.960464477539063e-08], [-0.6089856028556824, 0.07322574406862259, -0.7897939682006836, 7.450580596923828e-09], [0.6722700595855713, 0.5760812163352966, -0.46495530009269714, -5.960464477539063e-08], [0.0, 0.0, 0.0, 1.0]]}, "carpals": {"matrix": [[0.6715877652168274, -0.5000645518302917, -0.5467222332954407, 0.20005834102630615], [0.7174423336982727, 0.254602313041687, 0.6484240293502808, -1.216736912727356], [-0.18505701422691345, -0.8277154564857483, 0.5297554731369019, 2.13647198677063], [0.0, 0.0, 0.0, 1.0]]}, "metacarpals": {"matrix": [[0.5251451730728149, -0.8334721326828003, 0.1718911975622177, -0.28700149059295654], [0.2483750581741333, 0.3432990312576294, 0.905789852142334, -0.968755841255188], [-0.8139607310295105, -0.43297770619392395, 0.38729575276374817, 1.330282211303711], [0.0, 0.0, 0.0, 1.0]]}, "finger5joint1": {"matrix": [[0.17498208582401276, -0.9675583839416504, -0.1822412610054016, -0.9254939556121826], [0.39262863993644714, -0.10116878151893616, 0.9141155481338501, -1.1890393495559692], [-0.9028973579406738, -0.23150700330734253, 0.3621886670589447, 1.0666964054107666], [0.0, 0.0, 0.0, 1.0]]}, "finger5joint2": {"matrix": [[-0.1946919858455658, -0.4343668818473816, -0.8794429302215576, -1.9474990367889404], [0.9345564246177673, 0.1900905966758728, -0.30078110098838806, -1.2959010601043701], [0.2978234887123108, -0.8804488778114319, 0.36893147230148315, 0.8221619129180908], [0.0, 0.0, 0.0, 1.0]]}, "finger5joint3": {"matrix": [[-0.185678631067276, 0.06462032347917557, -0.9804830551147461, -2.2460546493530273], [0.9633566737174988, 0.20853391289710999, -0.1686916947364807, -1.1652452945709229], [0.1935633271932602, -0.9758777022361755, -0.10097262263298035, 0.21699850261211395], [0.0, 0.0, 0.0, 1.0]]}, "Bone": {"matrix": [[0.8870252966880798, 0.34490880370140076, 0.3069590628147125, -1.5882830619812012], [-0.37617355585098267, 0.1543513685464859, 0.9136020541191101, -0.4327707290649414], [0.26772981882095337, -0.925858199596405, 0.26665934920310974, 0.6542838215827942], [0.0, 0.0, 0.0, 1.0]]}, "finger1joint1": {"matrix": [[0.7600353360176086, -0.6168208122253418, 0.20464150607585907, -1.301254153251648], [0.19181233644485474, 0.5137745141983032, 0.8362077474594116, -0.30432137846946716], [-0.6209300756454468, -0.5962947010993958, 0.5088009238243103, -0.11620396375656128], [0.0, 0.0, 0.0, 1.0]]}, "finger1joint2": {"matrix": [[0.673825740814209, -0.7031490206718445, 0.22702457010746002, -1.6498678922653198], [-0.08219938725233078, 0.23400817811489105, 0.9687533974647522, -0.013947166502475739], [-0.7343037724494934, -0.6714323163032532, 0.09988255053758621, -0.4532168209552765], [0.0, 0.0, 0.0, 1.0]]}, "finger1joint3": {"matrix": [[0.7186933755874634, -0.6789103746414185, -0.15020138025283813, -1.9512962102890015], [0.007802346721291542, -0.20812787115573883, 0.9780703186988831, 0.08636829257011414], [-0.6952834129333496, -0.7041047215461731, -0.14428283274173737, -0.7410488128662109], [0.0, 0.0, 0.0, 1.0]]}, "Bone.001": {"matrix": [[0.9810242056846619, 0.0863598883152008, 0.17358912527561188, -1.5882829427719116], [-0.19125542044639587, 0.5779819488525391, 0.7933207154273987, -0.43277066946029663], [-0.031820282340049744, -0.8114667534828186, 0.583531379699707, 0.6542837619781494], [0.0, 0.0, 0.0, 1.0]]}, "finger2joint1": {"matrix": [[0.7788815498352051, -0.42819643020629883, -0.4582478106021881, -1.5335407257080078], [0.26495596766471863, -0.43759965896606445, 0.8592464327812195, -0.06639739871025085], [-0.5684553980827332, -0.790666937828064, -0.227385014295578, 0.13990825414657593], [0.0, 0.0, 0.0, 1.0]]}, "finger2joint2": {"matrix": [[0.7759689688682556, -0.3867873549461365, -0.4982645511627197, -1.9039945602416992], [0.143753781914711, -0.6607009768486023, 0.7367554903030396, -0.4449863135814667], [-0.6141717433929443, -0.643326997756958, -0.45708125829696655, -0.5441364049911499], [0.0, 0.0, 0.0, 1.0]]}, "finger2joint3": {"matrix": [[0.7678811550140381, -0.3612179756164551, -0.5290366411209106, -2.050825357437134], [0.0006142901256680489, -0.8254400491714478, 0.5644890069961548, -0.6957992315292358], [-0.6405917406082153, -0.43378570675849915, -0.6336180567741394, -0.7883539199829102], [0.0, 0.0, 0.0, 1.0]]}, "Bone.002": {"matrix": [[0.7605289816856384, -0.5965427756309509, 0.2563830316066742, -1.5882830619812012], [0.253460556268692, 0.6362857222557068, 0.7286274433135986, -0.432770699262619], [-0.5977903604507446, -0.48915916681289673, 0.6351140141487122, 0.6542837619781494], [0.0, 0.0, 0.0, 1.0]]}, "finger3joint1": {"matrix": [[0.9880595803260803, -0.12978802621364594, 0.08302595466375351, -1.8397318124771118], [-0.03422299399971962, 0.34053510427474976, 0.9396085739135742, -0.16456986963748932], [-0.15022335946559906, -0.9312307238578796, 0.3320274353027344, 0.4480983018875122], [0.0, 0.0, 0.0, 1.0]]}, "finger3joint2": {"matrix": [[0.9511328339576721, -0.2565153241157532, -0.17188987135887146, -1.9535794258117676], [-0.016370275989174843, -0.5977780222892761, 0.8014943599700928, 0.134141206741333], [-0.3083477318286896, -0.7595138549804688, -0.5727654695510864, -0.36876004934310913], [0.0, 0.0, 0.0, 1.0]]}, "finger3joint3": {"matrix": [[0.9525783658027649, -0.270162969827652, -0.14002251625061035, -2.119565486907959], [-0.18055756390094757, -0.8722264170646667, 0.45455455780029297, -0.25266915559768677], [-0.2449353039264679, -0.40771692991256714, -0.879643976688385, -0.8602265119552612], [0.0, 0.0, 0.0, 1.0]]}, "Bone.003": {"matrix": [[0.33889374136924744, -0.7017174959182739, 0.6266925930976868, -1.588282823562622], [0.8887063264846802, 0.45738881826400757, 0.03156382963061333, -0.432770699262619], [-0.3087908625602722, 0.5462490320205688, 0.7786270976066589, 0.6542838215827942], [0.0, 0.0, 0.0, 1.0]]}, "finger4joint1": {"matrix": [[0.8442937135696411, -0.045211922377347946, 0.5339698791503906, -1.8890527486801147], [-0.19713939726352692, 0.9003527164459229, 0.3879440128803253, -0.23672497272491455], [-0.49830108880996704, -0.43280506134033203, 0.7512493133544922, 0.8884167671203613], [0.0, 0.0, 0.0, 1.0]]}, "finger4joint2": {"matrix": [[0.8531889319419861, -0.2643585503101349, 0.4496474862098694, -1.9339643716812134], [-0.168920636177063, 0.6755564212799072, 0.7176968455314636, 0.6576485633850098], [-0.4934917092323303, -0.6882857084274292, 0.5317220091819763, 0.4584859013557434], [0.0, 0.0, 0.0, 1.0]]}, "finger4joint3": {"matrix": [[0.8655418157577515, -0.31440383195877075, 0.38985544443130493, -2.0442183017730713], [-0.23497307300567627, 0.43250274658203125, 0.8704760074615479, 0.9393980503082275], [-0.4422946870326996, -0.8450390100479126, 0.3004731237888336, 0.17142750322818756], [0.0, 0.0, 0.0, 1.0]]}}