{"root": {"matrix": [[0.2810143828392029, -0.9593201875686646, -0.02712421678006649, 0.0], [-0.6753551363945007, -0.17759372293949127, -0.7157903909683228, -1.4901161193847656e-08], [0.6818550229072571, 0.21946586668491364, -0.6977882385253906, 0.0], [0.0, 0.0, 0.0, 1.0]]}, "carpals": {"matrix": [[0.4482216238975525, -0.3414987027645111, -0.826120913028717, -0.30044201016426086], [0.8839123249053955, 0.30722668766975403, 0.35257676243782043, -1.62065589427948], [0.1334020495414734, -0.8882511854171753, 0.4395607113838196, 1.835263967514038], [0.0, 0.0, 0.0, 1.0]]}, "metacarpals": {"matrix": [[0.6446061134338379, -0.7614854574203491, 0.06799017637968063, -0.6330597400665283], [0.5898021459579468, 0.5519097447395325, 0.5895156264305115, -1.3214190006256104], [-0.4864320456981659, -0.3399046063423157, 0.8048903942108154, 0.9701126217842102], [0.0, 0.0, 0.0, 1.0]]}, "finger5joint1": {"matrix": [[0.4548555016517639, -0.8887026309967041, 0.057566870003938675, -1.2086913585662842], [0.7133814692497253, 0.40229129791259766, 0.5738015174865723, -1.3524587154388428], [-0.5330975651741028, -0.21992960572242737, 0.8169686794281006, 0.5303858518600464], [0.0, 0.0, 0.0, 1.0]]}, "finger5joint2": {"matrix": [[0.17275308072566986, -0.19711796939373016, -0.965039074420929, -2.1474032402038574], [0.40241700410842896, 0.9083915948867798, -0.11351020634174347, -0.9275294542312622], [0.8990086913108826, -0.3687387704849243, 0.23625123500823975, 0.2980802655220032], [0.0, 0.0, 0.0, 1.0]]}, "finger5joint3": {"matrix": [[0.20646287500858307, 0.22972379624843597, -0.9511043429374695, -2.2828893661499023], [0.4910989999771118, 0.8164119124412537, 0.30379706621170044, -0.3031601309776306], [0.8462827205657959, -0.529809296131134, 0.0557418167591095, 0.04463320970535278], [0.0, 0.0, 0.0, 1.0]]}, "Bone": {"matrix": [[0.8434030413627625, 0.4897020757198334, 0.22104966640472412, -1.8219499588012695], [-0.502038300037384, 0.5717381834983826, 0.648901104927063, -0.4597346782684326], [0.1913856416940689, -0.6582606434822083, 0.7280551791191101, 0.43942713737487793], [0.0, 0.0, 0.0, 1.0]]}, "finger1joint1": {"matrix": [[0.8165456056594849, -0.5769749283790588, -0.018786203116178513, -1.4144258499145508], [0.47011348605155945, 0.645721971988678, 0.6016943454742432, 0.016058743000030518], [-0.3350319266319275, -0.5001425743103027, 0.798505425453186, -0.10836923122406006], [0.0, 0.0, 0.0, 1.0]]}, "finger1joint2": {"matrix": [[0.7948687076568604, -0.6044691205024719, 0.0529213510453701, -1.740519642829895], [0.25159162282943726, 0.40768876671791077, 0.8777762651443481, 0.3810068368911743], [-0.5521641969680786, -0.6844024062156677, 0.4761386513710022, -0.3910389542579651], [0.0, 0.0, 0.0, 1.0]]}, "finger1joint3": {"matrix": [[0.8177798390388489, -0.5064950585365295, -0.27331066131591797, -1.999645709991455], [0.32406601309776306, 0.012787611223757267, 0.9459478855133057, 0.5557762980461121], [-0.47562307119369507, -0.8621479868888855, 0.17459550499916077, -0.6844310164451599], [0.0, 0.0, 0.0, 1.0]]}, "Bone.001": {"matrix": [[0.9791516065597534, 0.19894173741340637, 0.04103636369109154, -1.8219499588012695], [-0.1987743079662323, 0.8967894315719604, 0.3952936828136444, -0.459734708070755], [0.041839439421892166, -0.3952093720436096, 0.9176376461982727, 0.4394271969795227], [0.0, 0.0, 0.0, 1.0]]}, "finger2joint1": {"matrix": [[0.9769903421401978, -0.20915818214416504, -0.041742101311683655, -1.6958439350128174], [0.19876296818256378, 0.8218943476676941, 0.5338374972343445, 0.10872542858123779], [-0.07734884321689606, -0.5298509001731873, 0.8445560932159424, 0.18891042470932007], [0.0, 0.0, 0.0, 1.0]]}, "finger2joint2": {"matrix": [[0.9537323713302612, -0.2949281930923462, -0.058410633355379105, -1.876797080039978], [0.22208638489246368, 0.5601156949996948, 0.7980899810791016, 0.819786548614502], [-0.20266252756118774, -0.774136483669281, 0.5997002720832825, -0.2694895267486572], [0.0, 0.0, 0.0, 1.0]]}, "finger2joint3": {"matrix": [[0.9149894118309021, -0.379086434841156, -0.13815763592720032, -1.9887566566467285], [0.2126585841178894, 0.16210973262786865, 0.9635851383209229, 1.032415509223938], [-0.3428853750228882, -0.9110507965087891, 0.22894494235515594, -0.5633643865585327], [0.0, 0.0, 0.0, 1.0]]}, "Bone.002": {"matrix": [[0.8397716879844666, -0.5303046703338623, 0.11644906550645828, -1.82194983959198], [0.47662726044654846, 0.8227654695510864, 0.30964988470077515, -0.4597346782684326], [-0.2600190043449402, -0.20453225076198578, 0.9436930418014526, 0.4394271671772003], [0.0, 0.0, 0.0, 1.0]]}, "finger3joint1": {"matrix": [[0.9373363256454468, -0.2544595003128052, -0.23801463842391968, -2.045478582382202], [0.3224622905254364, 0.3747800886631012, 0.869228184223175, -0.1129307746887207], [-0.13198025524616241, -0.8915099501609802, 0.43334880471229553, 0.3532147705554962], [0.0, 0.0, 0.0, 1.0]]}, "finger3joint2": {"matrix": [[0.8938270807266235, 0.028717657551169395, -0.4474911689758301, -2.268685817718506], [0.34370097517967224, -0.6848198175430298, 0.6425661444664001, 0.21581938862800598], [-0.287997841835022, -0.7281463146209717, -0.6219807863235474, -0.4288012683391571], [0.0, 0.0, 0.0, 1.0]]}, "finger3joint3": {"matrix": [[0.9566581845283508, 0.1307075023651123, -0.26023179292678833, -2.250103235244751], [0.1963435709476471, -0.9494578242301941, 0.24490579962730408, -0.2273140549659729], [-0.21506813168525696, -0.28538623452186584, -0.9339701533317566, -0.8999704122543335], [0.0, 0.0, 0.0, 1.0]]}, "Bone.003": {"matrix": [[0.35053756833076477, -0.8013983368873596, 0.48464834690093994, -1.8219499588012695], [0.9080675840377808, 0.16418346762657166, -0.38530072569847107, -0.4597346782684326], [0.2292083501815796, 0.575156033039093, 0.785276472568512, 0.4394271671772003], [0.0, 0.0, 0.0, 1.0]]}, "finger4joint1": {"matrix": [[0.9743587970733643, 0.04255744069814682, 0.22093799710273743, -2.1654446125030518], [-0.0982603207230568, 0.9638456106185913, 0.2476811707019806, -0.38936251401901245], [-0.2024095207452774, -0.26303964853286743, 0.943313479423523, 0.6859502196311951], [0.0, 0.0, 0.0, 1.0]]}, "finger4joint2": {"matrix": [[0.9791628122329712, -0.06151246279478073, 0.19353541731834412, -2.1231701374053955], [-0.07133902609348297, 0.7880891561508179, 0.611412763595581, 0.568082332611084], [-0.190132737159729, -0.6124793291091919, 0.767279863357544, 0.42465740442276], [0.0, 0.0, 0.0, 1.0]]}, "finger4joint3": {"matrix": [[0.977950930595398, -0.048022639006376266, 0.20323705673217773, -2.148824453353882], [-0.1455392837524414, 0.5412066578865051, 0.8281986713409424, 0.8967650532722473], [-0.14976559579372406, -0.8395168781280518, 0.5222848653793335, 0.16921503841876984], [0.0, 0.0, 0.0, 1.0]]}}