{"root": {"matrix": [[0.42102187871932983, -0.5996270775794983, -0.6805791258811951, -5.960464477539063e-08], [-0.8279605507850647, 0.05236940458416939, -0.5583356618881226, 0.0], [0.3704346716403961, 0.7985641956329346, -0.474418967962265, 5.960464477539063e-08], [0.0, 0.0, 0.0, 1.0]]}, "carpals": {"matrix": [[0.7607167959213257, -0.6475673317909241, -0.044344473630189896, 0.44172027707099915], [0.35887908935546875, 0.36269208788871765, 0.8600347638130188, -1.758379578590393], [-0.5408470630645752, -0.6701573133468628, 0.5083044767379761, 1.6727131605148315], [0.0, 0.0, 0.0, 1.0]]}, "metacarpals": {"matrix": [[0.1996707171201706, -0.5798983573913574, 0.78984135389328, -0.18900638818740845], [-0.42608457803726196, 0.674490213394165, 0.6029216051101685, -1.4051196575164795], [-0.8823737502098083, -0.45692503452301025, -0.11240974813699722, 1.0199840068817139], [0.0, 0.0, 0.0, 1.0]]}, "finger5joint1": {"matrix": [[0.22401036322116852, -0.6610562801361084, 0.7161172032356262, -0.8798869848251343], [-0.3671994209289551, 0.6233910918235779, 0.6903243064880371, -1.1934678554534912], [-0.9027645587921143, -0.41759759187698364, -0.10309336334466934, 0.9602987766265869], [0.0, 0.0, 0.0, 1.0]]}, "finger5joint2": {"matrix": [[0.734349250793457, -0.5763058662414551, -0.3586116135120392, -1.5781424045562744], [0.6757627725601196, 0.5710406303405762, 0.46610790491104126, -0.5349971055984497], [-0.0638388842344284, -0.584622323513031, 0.8087897300720215, 0.5192020535469055], [0.0, 0.0, 0.0, 1.0]]}, "finger5joint3": {"matrix": [[0.6959654092788696, -0.5699494481086731, -0.4367944300174713, -1.9742577075958252], [0.6994307041168213, 0.40034589171409607, 0.5920465588569641, -0.1425008773803711], [-0.16256770491600037, -0.7175514101982117, 0.6772673726081848, 0.11737066507339478], [0.0, 0.0, 0.0, 1.0]]}, "Bone": {"matrix": [[0.534879207611084, -0.028163207694888115, 0.8444589376449585, -1.0943888425827026], [-0.7807540893554688, -0.3985390365123749, 0.48123717308044434, -0.3520532250404358], [0.32299667596817017, -0.9167188405990601, -0.2351587861776352, 0.30659717321395874], [0.0, 0.0, 0.0, 1.0]]}, "finger1joint1": {"matrix": [[0.5657586455345154, -0.7805041670799255, 0.2659517824649811, -1.1178258657455444], [-0.5451984405517578, -0.11211270093917847, 0.830776035785675, -0.6837124228477478], [-0.6186078190803528, -0.6150153875350952, -0.4889583885669708, -0.4562849998474121], [0.0, 0.0, 0.0, 1.0]]}, "finger1joint2": {"matrix": [[0.47342026233673096, -0.8630164861679077, 0.17628329992294312, -1.5589499473571777], [-0.7698948979377747, -0.3081901967525482, 0.5588204264640808, -0.7470760941505432], [-0.4279426038265228, -0.40027663111686707, -0.8103355169296265, -0.8038783073425293], [0.0, 0.0, 0.0, 1.0]]}, "finger1joint3": {"matrix": [[0.5201801657676697, -0.8167643547058105, -0.24961678683757782, -1.928910732269287], [-0.6975156664848328, -0.5749409198760986, 0.427685022354126, -0.8791921138763428], [-0.4928330183029175, -0.04836173355579376, -0.8687788844108582, -0.9754703044891357], [0.0, 0.0, 0.0, 1.0]]}, "Bone.001": {"matrix": [[0.5894225835800171, 0.06953437626361847, 0.804826557636261, -1.094388723373413], [-0.8070084452629089, 0.09545677900314331, 0.5827733874320984, -0.3520531952381134], [-0.03630341216921806, -0.9930018782615662, 0.1123792976140976, 0.30659711360931396], [0.0, 0.0, 0.0, 1.0]]}, "finger2joint1": {"matrix": [[0.5807099342346191, -0.5625980496406555, 0.5884379148483276, -1.0503120422363281], [-0.6081823110580444, 0.18069662153720856, 0.7729569673538208, -0.29154470562934875], [-0.5411929488182068, -0.8067415356636047, -0.2372298687696457, -0.3228505253791809], [0.0, 0.0, 0.0, 1.0]]}, "finger2joint2": {"matrix": [[0.4705796539783478, -0.8803032636642456, 0.060173261910676956, -1.5370430946350098], [-0.6581675410270691, -0.30477631092071533, 0.6884231567382812, -0.13521519303321838], [-0.5876820087432861, -0.36356204748153687, -0.7228085994720459, -1.0208021402359009], [0.0, 0.0, 0.0, 1.0]]}, "finger2joint3": {"matrix": [[0.3592340052127838, -0.7135010361671448, -0.6015537977218628, -1.8712207078933716], [-0.7476433515548706, -0.6058093905448914, 0.27207323908805847, -0.2509132921695709], [-0.5585517287254333, 0.3520098030567169, -0.7510717511177063, -1.1588162183761597], [0.0, 0.0, 0.0, 1.0]]}, "Bone.002": {"matrix": [[0.4582262337207794, -0.2647199332714081, 0.8484998941421509, -1.094388723373413], [-0.5209486484527588, 0.6934810280799866, 0.4976908564567566, -0.3520532250404358], [-0.7201674580574036, -0.6700798869132996, 0.179865762591362, 0.30659714341163635], [0.0, 0.0, 0.0, 1.0]]}, "finger3joint1": {"matrix": [[0.46181678771972656, -0.6641383767127991, 0.5879161953926086, -1.2059707641601562], [-0.6132212281227112, 0.23983342945575714, 0.7526216506958008, -0.05974400043487549], [-0.6408471465110779, -0.7080959677696228, -0.29650458693504333, 0.02415168285369873], [0.0, 0.0, 0.0, 1.0]]}, "finger3joint2": {"matrix": [[0.3278326690196991, -0.6216429471969604, -0.7113969922065735, -1.7885408401489258], [-0.596312403678894, -0.7202129364013672, 0.35454830527305603, 0.15063348412513733], [-0.7327600121498108, 0.30798235535621643, -0.606802761554718, -0.5969769954681396], [0.0, 0.0, 0.0, 1.0]]}, "finger3joint3": {"matrix": [[0.4115436375141144, -0.052554450929164886, -0.9098734855651855, -2.190793752670288], [-0.6824303865432739, -0.6794853210449219, -0.2694220244884491, -0.31540215015411377], [-0.6040865778923035, 0.7318043112754822, -0.3155025243759155, -0.3976876735687256], [0.0, 0.0, 0.0, 1.0]]}, "Bone.003": {"matrix": [[0.6264957785606384, -0.03367888927459717, 0.7786968946456909, -1.0943888425827026], [0.2768283486366272, 0.9435431957244873, -0.18191194534301758, -0.3520531952381134], [-0.7286075353622437, 0.32953259348869324, 0.6004491448402405, 0.30659711360931396], [0.0, 0.0, 0.0, 1.0]]}, "finger4joint1": {"matrix": [[0.14917594194412231, -0.3338996469974518, 0.9307295083999634, -1.1088242530822754], [-0.3554441034793854, 0.8602380752563477, 0.36558088660240173, 0.05236774682998657], [-0.9227165579795837, -0.385358065366745, 0.009644214995205402, 0.44784119725227356], [0.0, 0.0, 0.0, 1.0]]}, "finger4joint2": {"matrix": [[0.15942740440368652, -0.8333838582038879, 0.5292013883590698, -1.4405064582824707], [-0.32850557565689087, 0.4607231616973877, 0.8245105147361755, 0.9068929553031921], [-0.9309492707252502, -0.3052951395511627, -0.20031924545764923, 0.06504227221012115], [0.0, 0.0, 0.0, 1.0]]}, "finger4joint3": {"matrix": [[0.2203928530216217, -0.9684417843818665, 0.11639303714036942, -1.7880799770355225], [-0.3776928782463074, 0.025288814678788185, 0.9255852103233337, 1.0990434885025024], [-0.8993189930915833, -0.24795319139957428, -0.36020001769065857, -0.06228499859571457], [0.0, 0.0, 0.0, 1.0]]}}