{"root": {"matrix": [[0.4146234691143036, -0.7987566590309143, -0.4359760582447052, -5.960464477539063e-08], [-0.7587826251983643, -0.03899572417140007, -0.6501755714416504, 0.0], [0.5023308396339417, 0.6003891229629517, -0.6222512722015381, 0.0], [0.0, 0.0, 0.0, 1.0]]}, "carpals": {"matrix": [[0.6259783506393433, -0.6742470860481262, -0.3918440639972687, 0.20483925938606262], [0.6716365814208984, 0.21077854931354523, 0.7102649211883545, -1.681039810180664], [-0.3963017165660858, -0.7077874541282654, 0.5847920775413513, 1.7936360836029053], [0.0, 0.0, 0.0, 1.0]]}, "metacarpals": {"matrix": [[0.4043721556663513, -0.697195827960968, 0.5919467806816101, -0.4518733024597168], [-0.009942970238626003, 0.6438336372375488, 0.7651005983352661, -1.4757428169250488], [-0.9145404100418091, -0.3152711093425751, 0.25341635942459106, 1.1042554378509521], [0.0, 0.0, 0.0, 1.0]]}, "finger5joint1": {"matrix": [[0.5217555165290833, -0.5919160842895508, 0.6143341064453125, -1.1642026901245117], [-0.09174420684576035, 0.6770148873329163, 0.7302283048629761, -1.4213194847106934], [-0.848147451877594, -0.4373622238636017, 0.2989315390586853, 0.9805630445480347], [0.0, 0.0, 0.0, 1.0]]}, "finger5joint2": {"matrix": [[0.6436831951141357, -0.40110141038894653, -0.6517585515975952, -1.7894272804260254], [0.6652275919914246, 0.7142884135246277, 0.21740196645259857, -0.7062075138092041], [0.3783435523509979, -0.573505699634552, 0.7265995144844055, 0.518589437007904], [0.0, 0.0, 0.0, 1.0]]}, "finger5joint3": {"matrix": [[0.6383286714553833, -0.33460772037506104, -0.6932342648506165, -2.0651183128356934], [0.7160228490829468, 0.5886967182159424, 0.3751622140407562, -0.21525205671787262], [0.28257277607917786, -0.7358484864234924, 0.6153691411018372, 0.12439888715744019], [0.0, 0.0, 0.0, 1.0]]}, "Bone": {"matrix": [[0.6986987590789795, 0.1830705851316452, 0.6915959715843201, -1.5403895378112793], [-0.7000137567520142, -0.024567360058426857, 0.7137063145637512, -0.47053977847099304], [0.14764928817749023, -0.9827927350997925, 0.11098684370517731, 0.6120297312736511], [0.0, 0.0, 0.0, 1.0]]}, "finger1joint1": {"matrix": [[0.7658595442771912, -0.6414575576782227, -0.04462302476167679, -1.388040542602539], [-0.11093148589134216, -0.20016427338123322, 0.9734618663787842, -0.4909844696521759], [-0.633366584777832, -0.740585207939148, -0.22445550560951233, -0.20583826303482056], [0.0, 0.0, 0.0, 1.0]]}, "finger1joint2": {"matrix": [[0.7557554244995117, -0.6548365950584412, -0.004766572266817093, -1.7505784034729004], [-0.3980162441730499, -0.465111643075943, 0.7907299399375916, -0.604112982749939], [-0.5200160145759583, -0.5957014560699463, -0.612146258354187, -0.6244009733200073], [0.0, 0.0, 0.0, 1.0]]}, "finger1joint3": {"matrix": [[0.7748997807502747, -0.5303167700767517, -0.3439396023750305, -2.0312960147857666], [-0.29855743050575256, -0.7866960167884827, 0.5403447151184082, -0.8034986257553101], [-0.557129979133606, -0.31602743268013, -0.7679406404495239, -0.8797683715820312], [0.0, 0.0, 0.0, 1.0]]}, "Bone.001": {"matrix": [[0.7958037853240967, 0.14301873743534088, 0.5884230732917786, -1.5403895378112793], [-0.5776992440223694, 0.47062817215919495, 0.6669124364852905, -0.47053980827331543], [-0.18154755234718323, -0.8706631660461426, 0.4571497142314911, 0.6120296716690063], [0.0, 0.0, 0.0, 1.0]]}, "finger2joint1": {"matrix": [[0.8072563409805298, -0.20788928866386414, 0.5523757934570312, -1.4497323036193848], [-0.3373452126979828, 0.6054360866546631, 0.7208639979362488, -0.17221632599830627], [-0.4842882454395294, -0.7682634592056274, 0.4186118245124817, 0.06013059616088867], [0.0, 0.0, 0.0, 1.0]]}, "finger2joint2": {"matrix": [[0.7306337952613831, -0.6348955035209656, 0.25116080045700073, -1.6295875310897827], [-0.34637993574142456, -0.027669154107570648, 0.9376859664916992, 0.3515760898590088], [-0.5883833765983582, -0.7721022367477417, -0.24013099074363708, -0.6045317649841309], [0.0, 0.0, 0.0, 1.0]]}, "finger2joint3": {"matrix": [[0.6276071071624756, -0.6869540214538574, -0.36633768677711487, -1.8706042766571045], [-0.4296577274799347, -0.6980260014533997, 0.5728467702865601, 0.3410724103450775], [-0.649232804775238, -0.2021230310201645, -0.7332412600517273, -0.8976344466209412], [0.0, 0.0, 0.0, 1.0]]}, "Bone.002": {"matrix": [[0.660770833492279, -0.38005056977272034, 0.6472583413124084, -1.5403895378112793], [-0.09634672850370407, 0.8122550845146179, 0.5752900242805481, -0.47053980827331543], [-0.7443783283233643, -0.44249603152275085, 0.5000980496406555, 0.6120296716690063], [0.0, 0.0, 0.0, 1.0]]}, "finger3joint1": {"matrix": [[0.8115324974060059, -0.16211877763271332, 0.561366617679596, -1.7005846500396729], [-0.451156347990036, 0.43667104840278625, 0.7783161401748657, -0.12816613912582397], [-0.3713124692440033, -0.884893000125885, 0.28123196959495544, 0.4255131483078003], [0.0, 0.0, 0.0, 1.0]]}, "finger3joint2": {"matrix": [[0.7532926797866821, -0.5010482668876648, -0.4260289967060089, -1.842792272567749], [-0.4062822759151459, -0.8639073371887207, 0.29765501618385315, 0.2548736333847046], [-0.5171893239021301, -0.05113334208726883, -0.8543421626091003, -0.35069864988327026], [0.0, 0.0, 0.0, 1.0]]}, "finger3joint3": {"matrix": [[0.7884076237678528, -0.12482720613479614, -0.6023549437522888, -2.16701078414917], [-0.49290573596954346, -0.7140416502952576, -0.497180312871933, -0.3041437864303589], [-0.3680450916290283, 0.688884973526001, -0.6244839429855347, -0.38378602266311646], [0.0, 0.0, 0.0, 1.0]]}, "Bone.003": {"matrix": [[0.5940608978271484, -0.33613529801368713, 0.7308247089385986, -1.5403895378112793], [0.663149356842041, 0.7188881039619446, -0.2084047794342041, -0.47053980827331543], [-0.4553288519382477, 0.608451247215271, 0.6499713063240051, 0.6120296716690063], [0.0, 0.0, 0.0, 1.0]]}, "finger4joint1": {"matrix": [[0.581689715385437, -0.0749708041548729, 0.8099483251571655, -1.6844637393951416], [-0.355132520198822, 0.8724200129508972, 0.33580300211906433, -0.1624104380607605], [-0.7317907810211182, -0.48297208547592163, 0.4808533489704132, 0.8728237152099609], [0.0, 0.0, 0.0, 1.0]]}, "finger4joint2": {"matrix": [[0.5953499674797058, -0.4330282211303711, 0.6767899990081787, -1.7589365243911743], [-0.32848989963531494, 0.6375394463539124, 0.6968767642974854, 0.7042158842086792], [-0.7332478165626526, -0.6372042894363403, 0.237313911318779, 0.39305901527404785], [0.0, 0.0, 0.0, 1.0]]}, "finger4joint3": {"matrix": [[0.6193209290504456, -0.5818572044372559, 0.527146577835083, -1.9395365715026855], [-0.39050817489624023, 0.35418701171875, 0.8497377634048462, 0.9701098203659058], [-0.6811347007751465, -0.732115626335144, -0.007864370942115784, 0.12730476260185242], [0.0, 0.0, 0.0, 1.0]]}}