{"root": {"matrix": [[0.5599678158760071, -0.6555885672569275, 0.5065961480140686, -5.960464477539063e-08], [0.36527562141418457, 0.7441685199737549, 0.5592735409736633, 0.0], [-0.7436462044715881, -0.12812793254852295, 0.6561809778213501, 0.0], [0.0, 0.0, 0.0, 1.0]]}, "carpals": {"matrix": [[-0.054559580981731415, -0.5712627172470093, -0.8189516663551331, 0.5676971077919006], [-0.37479448318481445, -0.748487114906311, 0.5470793843269348, 1.4915883541107178], [-0.9255011081695557, 0.3367868959903717, -0.17326900362968445, -1.8809223175048828], [0.0, 0.0, 0.0, 1.0]]}, "metacarpals": {"matrix": [[-0.2671286463737488, -0.9175563454627991, -0.29450342059135437, 0.011290550231933594], [-0.6894307732582092, -0.03155622258782387, 0.7236636877059937, 0.7625665068626404], [-0.6732959747314453, 0.39635103940963745, -0.6241620779037476, -1.552893877029419], [0.0, 0.0, 0.0, 1.0]]}, "finger5joint1": {"matrix": [[-0.5612615346908569, -0.8271949887275696, 0.027084317058324814, -0.34430962800979614], [-0.6703222990036011, 0.47352898120880127, 0.5713475346565247, 0.5678381323814392], [-0.4854413568973541, 0.3025203049182892, -0.8202610015869141, -0.9518082141876221], [0.0, 0.0, 0.0, 1.0]]}, "finger5joint2": {"matrix": [[0.3639756143093109, -0.9282948970794678, 0.07608801871538162, -1.218052625656128], [0.49834907054901123, 0.26310864090919495, 0.8260881304740906, 1.0680135488510132], [-0.7868731021881104, -0.26275771856307983, 0.5583805441856384, -0.6322643756866455], [0.0, 0.0, 0.0, 1.0]]}, "finger5joint3": {"matrix": [[0.2709813714027405, -0.8067328333854675, -0.5251193642616272, -1.856102466583252], [0.4744965732097626, -0.3626959025859833, 0.802062451839447, 1.2488574981689453], [-0.837509036064148, -0.4665117561817169, 0.2845084071159363, -0.8128669261932373], [0.0, 0.0, 0.0, 1.0]]}, "Bone": {"matrix": [[0.8868620991706848, -0.36564287543296814, -0.28245440125465393, -1.4212695360183716], [-0.13663029670715332, -0.7915326356887817, 0.5956575870513916, 0.713298499584198], [-0.441369891166687, -0.4896746575832367, -0.7519383430480957, -0.9340798854827881], [0.0, 0.0, 0.0, 1.0]]}, "finger1joint1": {"matrix": [[0.25323158502578735, -0.6077243089675903, -0.7526915073394775, -1.7255531549453735], [-0.3243985176086426, -0.786347508430481, 0.5257593393325806, 0.05459478497505188], [-0.9113941192626953, 0.11103296279907227, -0.39627301692962646, -1.341581106185913], [0.0, 0.0, 0.0, 1.0]]}, "finger1joint2": {"matrix": [[0.4824737012386322, -0.3801569938659668, -0.7891131043434143, -2.069025754928589], [-0.45327410101890564, -0.8792585730552673, 0.14644736051559448, -0.3898317813873291], [-0.7495076060295105, 0.28702741861343384, -0.5965346693992615, -1.2788275480270386], [0.0, 0.0, 0.0, 1.0]]}, "finger1joint3": {"matrix": [[0.4136976897716522, 0.030572280287742615, -0.9099006652832031, -2.231992721557617], [-0.4035484492778778, -0.8897306323051453, -0.21337276697158813, -0.7667555212974548], [-0.8160900473594666, 0.4554607570171356, -0.35574227571487427, -1.1557836532592773], [0.0, 0.0, 0.0, 1.0]]}, "Bone.001": {"matrix": [[0.6709868311882019, -0.7312978506088257, -0.12239134311676025, -1.4212695360183716], [-0.32510116696357727, -0.43851569294929504, 0.8378620743751526, 0.7132985591888428], [-0.6663974523544312, -0.5224051475524902, -0.5319840908050537, -0.9340798854827881], [0.0, 0.0, 0.0, 1.0]]}, "finger2joint1": {"matrix": [[0.17767314612865448, -0.963455080986023, -0.20046478509902954, -1.8848273754119873], [-0.5475571155548096, -0.266046941280365, 0.7933472990989685, 0.4353305697441101], [-0.8176878094673157, -0.031190715730190277, -0.5748161673545837, -1.2652240991592407], [0.0, 0.0, 0.0, 1.0]]}, "finger2joint2": {"matrix": [[0.10758044570684433, 0.16893687844276428, -0.9797378778457642, -2.7183597087860107], [-0.640335202217102, -0.7420651912689209, -0.1982668787240982, 0.20516037940979004], [-0.760524332523346, 0.648690402507782, 0.028344405815005302, -1.2922085523605347], [0.0, 0.0, 0.0, 1.0]]}, "finger2joint3": {"matrix": [[0.21335631608963013, 0.9757529497146606, 0.048834044486284256, -2.6542282104492188], [-0.7009280920028687, 0.18770070374011993, -0.6880900263786316, -0.07653976231813431], [-0.6805723905563354, 0.11257937550544739, 0.7239799499511719, -1.0459550619125366], [0.0, 0.0, 0.0, 1.0]]}, "Bone.002": {"matrix": [[-0.02712208591401577, -0.9996065497398376, -0.00712676951661706, -1.4212696552276611], [-0.5519253015518188, 0.009030438959598541, 0.8338445425033569, 0.713298499584198], [-0.8334524631500244, 0.02654896304011345, -0.5519530773162842, -0.9340798854827881], [0.0, 0.0, 0.0, 1.0]]}, "finger3joint1": {"matrix": [[0.21881720423698425, -0.7401121854782104, -0.6358872652053833, -1.8426138162612915], [-0.4814821779727936, -0.6487151980400085, 0.5893584489822388, 0.717104971408844], [-0.8487014770507812, 0.17720641195774078, -0.4983009099960327, -0.922889232635498], [0.0, 0.0, 0.0, 1.0]]}, "finger3joint2": {"matrix": [[0.12353713810443878, 0.1911274641752243, -0.9737600088119507, -2.4918265342712402], [-0.6004971861839294, -0.7668203711509705, -0.22669242322444916, 0.14806395769119263], [-0.7900265455245972, 0.6127450466156006, 0.020040536299347878, -0.7674469947814941], [0.0, 0.0, 0.0, 1.0]]}, "finger3joint3": {"matrix": [[0.2948576807975769, 0.493192195892334, -0.8184253573417664, -2.3681516647338867], [-0.5911188721656799, -0.5787994861602783, -0.5617557168006897, -0.348130464553833], [-0.7507580518722534, 0.6494247913360596, 0.12087152898311615, -0.370951771736145], [0.0, 0.0, 0.0, 1.0]]}, "Bone.003": {"matrix": [[-0.5360949635505676, -0.4256365895271301, 0.7289961576461792, -1.4212695360183716], [0.08505169302225113, 0.8319496512413025, 0.5482935905456543, 0.7132985591888428], [-0.8398621082305908, 0.35593995451927185, -0.4098029136657715, -0.9340798854827881], [0.0, 0.0, 0.0, 1.0]]}, "finger4joint1": {"matrix": [[-0.636040449142456, -0.7647454142570496, 0.10303617268800735, -1.603705883026123], [-0.5816062688827515, 0.5628529191017151, 0.5873078107833862, 1.0698882341384888], [-0.5071355104446411, 0.3136252462863922, -0.8027781248092651, -0.7815171480178833], [0.0, 0.0, 0.0, 1.0]]}, "finger4joint2": {"matrix": [[-0.6512953639030457, -0.1652539223432541, -0.7406110763549805, -2.363372325897217], [-0.5571015477180481, -0.5585437417030334, 0.6145457029342651, 1.6290032863616943], [-0.5152201056480408, 0.8128466606140137, 0.27171391248703003, -0.4699746370315552], [0.0, 0.0, 0.0, 1.0]]}, "finger4joint3": {"matrix": [[-0.62440025806427, 0.6761414408683777, -0.39109623432159424, -2.432293653488159], [-0.5176740884780884, -0.7331550121307373, -0.4410180449485779, 1.3960554599761963], [-0.5849250555038452, -0.07291147857904434, 0.8078034520149231, -0.130966454744339], [0.0, 0.0, 0.0, 1.0]]}}