{"root": {"matrix": [[0.2586958706378937, -0.7696239948272705, -0.5837425589561462, 0.0], [-0.9111599922180176, 0.006226371042430401, -0.4120057225227356, 4.656612873077393e-10], [0.3207240104675293, 0.638467013835907, -0.6996398568153381, 0.0], [0.0, 0.0, 0.0, 1.0]]}, "carpals": {"matrix": [[0.8612321615219116, -0.3821941614151001, -0.3349725306034088, -0.10265851020812988], [0.5077680945396423, 0.6195883750915527, 0.5985661149024963, -2.0081496238708496], [-0.021223314106464386, -0.6855928897857666, 0.7276756167411804, 1.4289088249206543], [0.0, 0.0, 0.0, 1.0]]}, "metacarpals": {"matrix": [[0.39540034532546997, -0.7862993478775024, 0.4747543931007385, -0.4749133586883545], [0.29375600814819336, 0.5979824662208557, 0.7457371950149536, -1.4046744108200073], [-0.8702676296234131, -0.15540280938148499, 0.46742281317710876, 0.7611455917358398], [0.0, 0.0, 0.0, 1.0]]}, "finger5joint1": {"matrix": [[0.8150748610496521, -0.5628629922866821, 0.1372520625591278, -1.1883080005645752], [0.14081472158432007, 0.42226821184158325, 0.8954665064811707, -1.4217402935028076], [-0.5619822144508362, -0.7105453014373779, 0.42343974113464355, 0.6328814625740051], [0.0, 0.0, 0.0, 1.0]]}, "finger5joint2": {"matrix": [[0.12344648689031601, -0.4549160599708557, -0.8819365501403809, -1.7828445434570312], [0.8928249478340149, 0.4388425052165985, -0.10139103978872299, -0.9757100343704224], [0.43315589427948, -0.7748986482620239, 0.46033409237861633, -0.11764788627624512], [0.0, 0.0, 0.0, 1.0]]}, "finger5joint3": {"matrix": [[0.1288047581911087, -0.29060694575309753, -0.9481332302093506, -2.095524311065674], [0.9341160655021667, 0.35653311014175415, 0.017621522769331932, -0.6740782856941223], [0.3329201638698578, -0.8879364132881165, 0.31738388538360596, -0.6502628326416016], [0.0, 0.0, 0.0, 1.0]]}, "Bone": {"matrix": [[0.7949352264404297, 0.17820444703102112, 0.579931914806366, -1.702544927597046], [-0.6063311696052551, 0.2664138972759247, 0.7492567300796509, -0.4710577726364136], [-0.020981034263968468, -0.9472416043281555, 0.31983283162117004, 0.5185186266899109], [0.0, 0.0, 0.0, 1.0]]}, "finger1joint1": {"matrix": [[0.6416056156158447, -0.6302159428596497, -0.43722981214523315, -1.5542453527450562], [0.21353614330291748, -0.400734543800354, 0.8909621834754944, -0.24935145676136017], [-0.736711859703064, -0.6650109887123108, -0.1225396990776062, -0.26976415514945984], [0.0, 0.0, 0.0, 1.0]]}, "finger1joint2": {"matrix": [[0.7567337155342102, -0.5212923884391785, -0.39447221159935, -1.9104297161102295], [-0.05989142134785652, -0.6561703085899353, 0.7522321343421936, -0.47583791613578796], [-0.650973916053772, -0.5456140637397766, -0.5277671813964844, -0.6456139087677002], [0.0, 0.0, 0.0, 1.0]]}, "finger1joint3": {"matrix": [[0.73150634765625, -0.2438146024942398, -0.6367518305778503, -2.133899211883545], [0.04071076959371567, -0.9165957570075989, 0.39773669838905334, -0.7571273446083069], [-0.6806182265281677, -0.3168696463108063, -0.6605697870254517, -0.879509687423706], [0.0, 0.0, 0.0, 1.0]]}, "Bone.001": {"matrix": [[0.8708386421203613, 0.06656276434659958, 0.4870413541793823, -1.702544927597046], [-0.3876030445098877, 0.702346682548523, 0.5970531702041626, -0.4710577726364136], [-0.3023304045200348, -0.7087157964706421, 0.6374307870864868, 0.5185186266899109], [0.0, 0.0, 0.0, 1.0]]}, "finger2joint1": {"matrix": [[0.47975966334342957, -0.5574174523353577, 0.6775811314582825, -1.6603518724441528], [0.20042301714420319, 0.8214658498764038, 0.533876359462738, -0.025851726531982422], [-0.8542019128799438, -0.12032952159643173, 0.5058256983757019, 0.06927527487277985], [0.0, 0.0, 0.0, 1.0]]}, "finger2joint2": {"matrix": [[0.362707257270813, -0.6431673765182495, -0.6743729710578918, -2.1426010131835938], [0.22369015216827393, -0.6424070000648499, 0.7329908013343811, 0.6848386526107788], [-0.9046579599380493, -0.41671183705329895, -0.08913548290729523, -0.03482769429683685], [0.0, 0.0, 0.0, 1.0]]}, "finger2joint3": {"matrix": [[0.3453406095504761, 0.4083903729915619, -0.8449596762657166, -2.3867578506469727], [0.08213590085506439, -0.9100491404533386, -0.40628036856651306, 0.44097036123275757], [-0.9348760843276978, 0.07090357691049576, -0.34782060980796814, -0.1930183470249176], [0.0, 0.0, 0.0, 1.0]]}, "Bone.002": {"matrix": [[0.6628293991088867, -0.4981915056705475, 0.558983325958252, -1.702544927597046], [0.20255222916603088, 0.838000476360321, 0.5066827535629272, -0.47105783224105835], [-0.7208534479141235, -0.2226208746433258, 0.6563613414764404, 0.5185186266899109], [0.0, 0.0, 0.0, 1.0]]}, "finger3joint1": {"matrix": [[0.9110325574874878, -0.07297167181968689, 0.4058260917663574, -1.912537693977356], [-0.30760589241981506, 0.5351449251174927, 0.7867643237113953, -0.11783218383789062], [-0.2745874524116516, -0.8416025638580322, 0.4650880694389343, 0.4246816635131836], [0.0, 0.0, 0.0, 1.0]]}, "finger3joint2": {"matrix": [[0.8715951442718506, -0.2910676896572113, -0.3944634795188904, -1.976547122001648], [-0.24940401315689087, -0.9560189843177795, 0.15435342490673065, 0.3515870273113251], [-0.42204204201698303, -0.0361529216170311, -0.905855119228363, -0.3135565221309662], [0.0, 0.0, 0.0, 1.0]]}, "finger3joint3": {"matrix": [[0.9099873900413513, -0.1314615160226822, -0.3932439088821411, -2.164891242980957], [-0.31892943382263184, -0.8279824256896973, -0.46122539043426514, -0.26703396439552307], [-0.2649657726287842, 0.5451263785362244, -0.7953805327415466, -0.3369503617286682], [0.0, 0.0, 0.0, 1.0]]}, "Bone.003": {"matrix": [[0.4871498942375183, -0.4340997040271759, 0.7577878832817078, -1.702544927597046], [0.8389998078346252, 0.47348809242248535, -0.26811936497688293, -0.4710577726364136], [-0.24241289496421814, 0.7663983702659607, 0.5948693752288818, 0.5185186266899109], [0.0, 0.0, 0.0, 1.0]]}, "finger4joint1": {"matrix": [[0.7148904800415039, -0.0031281569972634315, 0.69922935962677, -1.888608455657959], [-0.3007284998893738, 0.9014052152633667, 0.31149691343307495, -0.26811158657073975], [-0.6312636137008667, -0.43296438455581665, 0.643465518951416, 0.8470118045806885], [0.0, 0.0, 0.0, 1.0]]}, "finger4joint2": {"matrix": [[0.727999746799469, -0.2894563376903534, 0.6214749813079834, -1.8917158842086792], [-0.27391526103019714, 0.7081959843635559, 0.6507135629653931, 0.6273074150085449], [-0.6284794211387634, -0.6439509391784668, 0.4362802505493164, 0.41692274808883667], [0.0, 0.0, 0.0, 1.0]]}, "finger4joint3": {"matrix": [[0.7403720021247864, -0.395663857460022, 0.5434143543243408, -2.012437343597412], [-0.34132638573646545, 0.475154310464859, 0.8110018372535706, 0.9226696491241455], [-0.5790899395942688, -0.7859249114990234, 0.21674063801765442, 0.14835470914840698], [0.0, 0.0, 0.0, 1.0]]}}