{"root": {"matrix": [[0.2927998900413513, -0.606170654296875, -0.7394763827323914, 0.0], [-0.9244241118431091, 0.018178537487983704, -0.3809325098991394, 0.0], [0.24435263872146606, 0.7951267957687378, -0.5550361275672913, 5.960464477539063e-08], [0.0, 0.0, 0.0, 1.0]]}, "carpals": {"matrix": [[0.8070183992385864, -0.549133837223053, -0.21719376742839813, 0.15196621417999268], [0.5669299364089966, 0.6175351738929749, 0.5451975464820862, -2.0299408435821533], [-0.16526158154010773, -0.5631182193756104, 0.8096828460693359, 1.3932808637619019], [0.0, 0.0, 0.0, 1.0]]}, "metacarpals": {"matrix": [[0.504944384098053, -0.7276691198348999, 0.46425068378448486, -0.3828868865966797], [0.32680726051330566, 0.6589866876602173, 0.6774460673332214, -1.4284652471542358], [-0.7988917231559753, -0.19035211205482483, 0.5705593228340149, 0.8448071479797363], [0.0, 0.0, 0.0, 1.0]]}, "finger5joint1": {"matrix": [[0.5570166110992432, -0.7958422303199768, -0.23741844296455383, -1.077723503112793], [0.49472081661224365, 0.08834370970726013, 0.8645496964454651, -1.3884245157241821], [-0.6670708656311035, -0.5990245342254639, 0.4429287910461426, 0.641647458076477], [0.0, 0.0, 0.0, 1.0]]}, "finger5joint2": {"matrix": [[-0.2861521542072296, -0.35588422417640686, -0.889642059803009, -1.9183495044708252], [0.9046757817268372, 0.20558016002178192, -0.37322622537612915, -1.295109510421753], [0.31571832299232483, -0.9116372466087341, 0.263132780790329, 0.008914470672607422], [0.0, 0.0, 0.0, 1.0]]}, "finger5joint3": {"matrix": [[-0.26871177554130554, -0.15057913959026337, -0.9513776898384094, -2.16296124458313], [0.9390864968299866, 0.17875725030899048, -0.293533056974411, -1.1538070440292358], [0.21426580846309662, -0.9723019599914551, 0.09337276965379715, -0.6176857948303223], [0.0, 0.0, 0.0, 1.0]]}, "Bone": {"matrix": [[0.75503009557724, 0.2962300181388855, 0.5849591493606567, -1.5189805030822754], [-0.6555013656616211, 0.31961730122566223, 0.6842238903045654, -0.39960411190986633], [0.01572459377348423, -0.9000512957572937, 0.43549996614456177, 0.5476146340370178], [0.0, 0.0, 0.0, 1.0]]}, "finger1joint1": {"matrix": [[0.6135960817337036, -0.7711782455444336, -0.16965778172016144, -1.2724614143371582], [0.23879627883434296, -0.023569848388433456, 0.9707833528518677, -0.13362254202365875], [-0.7526460289955139, -0.6361827254295349, 0.16969218850135803, -0.2013969123363495], [0.0, 0.0, 0.0, 1.0]]}, "finger1joint2": {"matrix": [[0.6514147520065308, -0.7308170199394226, -0.20387563109397888, -1.7083148956298828], [-0.06768134981393814, -0.32361000776290894, 0.9437665939331055, -0.14694368839263916], [-0.7556970119476318, -0.600985050201416, -0.2602669894695282, -0.5609536170959473], [0.0, 0.0, 0.0, 1.0]]}, "finger1joint3": {"matrix": [[0.653789222240448, -0.5201911330223083, -0.549509584903717, -2.021604061126709], [0.040162790566682816, -0.7013343572616577, 0.7116998434066772, -0.2856700122356415], [-0.7556101083755493, -0.48737165331840515, -0.43763256072998047, -0.8185860514640808], [0.0, 0.0, 0.0, 1.0]]}, "Bone.001": {"matrix": [[0.8741037845611572, 0.18526962399482727, 0.4490183889865875, -1.5189803838729858], [-0.42317885160446167, 0.7442640662193298, 0.5167109370231628, -0.39960411190986633], [-0.23845742642879486, -0.6416741609573364, 0.7289664149284363, 0.5476146340370178], [0.0, 0.0, 0.0, 1.0]]}, "finger2joint1": {"matrix": [[0.5813465118408203, -0.2962914705276489, 0.7577911019325256, -1.401540994644165], [0.22711016237735748, 0.953414261341095, 0.19854919612407684, 0.07217264175415039], [-0.7813173532485962, 0.0566762313246727, 0.6215550303459167, 0.14086785912513733], [0.0, 0.0, 0.0, 1.0]]}, "finger2joint2": {"matrix": [[0.47964298725128174, -0.8774154186248779, -0.009199421852827072, -1.6578772068023682], [0.2930740714073181, 0.1503104865550995, 0.9442000985145569, 0.8970180749893188], [-0.8270731568336487, -0.45557519793510437, 0.32924318313598633, 0.18990126252174377], [0.0, 0.0, 0.0, 1.0]]}, "finger2joint3": {"matrix": [[0.3747309148311615, -0.4028330147266388, -0.8350461721420288, -1.9909586906433105], [0.22283299267292023, -0.8351410031318665, 0.5028761029243469, 0.9540783166885376], [-0.8999565839767456, -0.3745191991329193, -0.22318877279758453, 0.01695743203163147], [0.0, 0.0, 0.0, 1.0]]}, "Bone.002": {"matrix": [[0.7485374212265015, -0.4201919138431549, 0.5129624009132385, -1.5189805030822754], [0.207548588514328, 0.883188009262085, 0.4205973446369171, -0.39960411190986633], [-0.6297739744186401, -0.20836816728115082, 0.7483096718788147, 0.5476146340370178], [0.0, 0.0, 0.0, 1.0]]}, "finger3joint1": {"matrix": [[0.7150435447692871, -0.6718741059303284, 0.19312679767608643, -1.6960954666137695], [0.15858182311058044, 0.4249472916126251, 0.891218900680542, -0.02733147144317627], [-0.6808558106422424, -0.6066339612007141, 0.41040298342704773, 0.4597853422164917], [0.0, 0.0, 0.0, 1.0]]}, "finger3joint2": {"matrix": [[0.5917724967002869, -0.10326433181762695, -0.7994634509086609, -2.2854511737823486], [0.18908661603927612, -0.9463081955909729, 0.26219603419303894, 0.34542444348335266], [-0.7836143970489502, -0.30632832646369934, -0.5404732823371887, -0.07234275341033936], [0.0, 0.0, 0.0, 1.0]]}, "finger3joint3": {"matrix": [[0.7119234800338745, 0.44420161843299866, -0.5439208149909973, -2.352271318435669], [0.09511537104845047, -0.8283870220184326, -0.5520215630531311, -0.26691296696662903], [-0.6957859396934509, 0.34126177430152893, -0.631998598575592, -0.27056175470352173], [0.0, 0.0, 0.0, 1.0]]}, "Bone.003": {"matrix": [[0.5597133040428162, -0.4864054322242737, 0.6709178686141968, -1.5189803838729858], [0.819237470626831, 0.4466942548751831, -0.35960227251052856, -0.39960411190986633], [-0.12478256970643997, 0.7509154081344604, 0.6485024094581604, 0.5476146936416626], [0.0, 0.0, 0.0, 1.0]]}, "finger4joint1": {"matrix": [[0.788227379322052, -0.12393501400947571, 0.6027749180793762, -1.7274632453918457], [-0.17979459464550018, 0.8903914093971252, 0.41818222403526306, -0.20814228057861328], [-0.5885332226753235, -0.43799838423728943, 0.6795482635498047, 0.8694716095924377], [0.0, 0.0, 0.0, 1.0]]}, "finger4joint2": {"matrix": [[0.7966718673706055, -0.36313921213150024, 0.4831600487232208, -1.8505752086639404], [-0.15122807025909424, 0.6541996598243713, 0.7410480380058289, 0.6763360500335693], [-0.5851868391036987, -0.6634396314620972, 0.46626588702201843, 0.43438196182250977], [0.0, 0.0, 0.0, 1.0]]}, "finger4joint3": {"matrix": [[0.8169474005699158, -0.42231500148773193, 0.3927426040172577, -2.0020270347595215], [-0.215909942984581, 0.4075089991092682, 0.8873097896575928, 0.9491785168647766], [-0.5347704887390137, -0.8096826672554016, 0.2417316436767578, 0.15768589079380035], [0.0, 0.0, 0.0, 1.0]]}}