{"root": {"matrix": [[0.1855376958847046, 0.15000416338443756, 0.9711202383041382, 0.0], [-0.21915209293365479, 0.9697043895721436, -0.10791529715061188, 5.960464477539063e-08], [-0.9578873515129089, -0.1928006112575531, 0.21279044449329376, 0.0], [0.0, 0.0, 0.0, 1.0]]}, "carpals": {"matrix": [[-0.1320984810590744, -0.9295236468315125, -0.3442899286746979, 0.4572356641292572], [0.48149365186691284, -0.3637755811214447, 0.7973901033401489, 0.46568822860717773], [-0.8664373159408569, -0.06043955311179161, 0.4956139624118805, -2.3788769245147705], [0.0, 0.0, 0.0, 1.0]]}, "metacarpals": {"matrix": [[-0.8532184958457947, -0.44166097044944763, 0.2774050235748291, -0.44811463356018066], [0.2501467764377594, 0.12017974257469177, 0.9607201814651489, 0.11137299239635468], [-0.4576512575149536, 0.889096200466156, 0.007940544746816158, -2.437744617462158], [0.0, 0.0, 0.0, 1.0]]}, "finger5joint1": {"matrix": [[-0.7382168173789978, -0.5875006318092346, 0.33147943019866943, -0.6645618677139282], [0.24245984852313995, 0.2274658977985382, 0.9431183934211731, -0.2591453194618225], [-0.629483163356781, 0.7765963077545166, -0.02547379955649376, -1.853329062461853], [0.0, 0.0, 0.0, 1.0]]}, "finger5joint2": {"matrix": [[0.5660346746444702, -0.8102852702140808, 0.1517951935529709, -1.2851226329803467], [0.8155204057693481, 0.5773008465766907, 0.04061797633767128, -0.01887938380241394], [-0.12054353207349777, 0.10080060362815857, 0.9875768423080444, -1.033031940460205], [0.0, 0.0, 0.0, 1.0]]}, "finger5joint3": {"matrix": [[0.47869905829429626, -0.8778849244117737, 0.012830600142478943, -1.8420600891113281], [0.862374484539032, 0.472883939743042, 0.18080513179302216, 0.3779197335243225], [-0.16479341685771942, -0.07548683136701584, 0.9834349751472473, -0.9637480974197388], [0.0, 0.0, 0.0, 1.0]]}, "Bone": {"matrix": [[0.2795071601867676, -0.9479779601097107, 0.15235906839370728, -1.1376700401306152], [-0.16091303527355194, 0.11018941551446915, 0.9807981848716736, 0.29900693893432617], [-0.9465634226799011, -0.2986568808555603, -0.12174326926469803, -1.0496186017990112], [0.0, 0.0, 0.0, 1.0]]}, "finger1joint1": {"matrix": [[-0.7752003073692322, -0.6316906213760376, -0.005588829051703215, -1.9265657663345337], [0.25516000390052795, -0.3211970031261444, 0.9119899272918701, 0.3907052278518677], [-0.5778907537460327, 0.7055487632751465, 0.4101741909980774, -1.2981572151184082], [0.0, 0.0, 0.0, 1.0]]}, "finger1joint2": {"matrix": [[-0.7239000797271729, -0.04418561980128288, -0.6884883046150208, -2.283583402633667], [-0.028245165944099426, -0.9952120780944824, 0.09356829524040222, 0.20917163789272308], [-0.6893264055252075, 0.08718058466911316, 0.7191859483718872, -0.8993963003158569], [0.0, 0.0, 0.0, 1.0]]}, "finger1joint3": {"matrix": [[-0.7877927422523499, 0.2654952108860016, -0.5557830333709717, -2.302525281906128], [0.017906473949551582, -0.8920791745185852, -0.4515240490436554, -0.21745938062667847], [-0.6156802177429199, -0.3656593859195709, 0.69801926612854, -0.8620234727859497], [0.0, 0.0, 0.0, 1.0]]}, "Bone.001": {"matrix": [[-0.041785962879657745, -0.8735876679420471, 0.48486921191215515, -1.1376700401306152], [0.0026994403451681137, 0.48519259691238403, 0.8744029998779297, 0.29900696873664856], [-0.9991227984428406, 0.037846535444259644, -0.017915979027748108, -1.0496186017990112], [0.0, 0.0, 0.0, 1.0]]}, "finger2joint1": {"matrix": [[-0.7974222302436829, -0.31752902269363403, 0.5131205320358276, -1.6914230585098267], [0.21197903156280518, 0.6487456560134888, 0.7308855652809143, 0.6065624952316284], [-0.5649622678756714, 0.6915952563285828, -0.45001471042633057, -1.0256283283233643], [0.0, 0.0, 0.0, 1.0]]}, "finger2joint2": {"matrix": [[-0.8668621182441711, -0.4984993636608124, -0.006946286652237177, -1.9661328792572021], [0.20132364332675934, -0.3627689778804779, 0.9098721146583557, 1.1678242683410645], [-0.4560907781124115, 0.7873350977897644, 0.41483035683631897, -0.42729538679122925], [0.0, 0.0, 0.0, 1.0]]}, "finger2joint3": {"matrix": [[-0.9142065048217773, -0.0543101541697979, -0.4015924632549286, -2.15537166595459], [0.07627596706151962, -0.9963275790214539, -0.03889842703938484, 1.0301111936569214], [-0.39800527691841125, -0.06619302183389664, 0.9149917364120483, -0.12841007113456726], [0.0, 0.0, 0.0, 1.0]]}, "Bone.002": {"matrix": [[-0.6466943621635437, -0.5379965305328369, 0.5406901836395264, -1.1376702785491943], [0.32648277282714844, 0.44540733098983765, 0.8336793184280396, 0.29900696873664856], [-0.6893441677093506, 0.7156616449356079, -0.11239571869373322, -1.0496186017990112], [0.0, 0.0, 0.0, 1.0]]}, "finger3joint1": {"matrix": [[-0.6576633453369141, -0.7489421367645264, 0.08102157711982727, -1.3644410371780396], [0.24854953587055206, -0.11420141160488129, 0.9618633389472961, 0.48675060272216797], [-0.7111274600028992, 0.6527199149131775, 0.26125529408454895, -0.747960090637207], [0.0, 0.0, 0.0, 1.0]]}, "finger3joint2": {"matrix": [[-0.7704558372497559, -0.32983630895614624, -0.5455324649810791, -2.0213992595672607], [0.18986189365386963, -0.9356350898742676, 0.2975556254386902, 0.38657522201538086], [-0.6085641980171204, 0.12567755579948425, 0.7834888100624084, -0.17540618777275085], [0.0, 0.0, 0.0, 1.0]]}, "finger3joint3": {"matrix": [[-0.6831467151641846, 0.08380377292633057, -0.7254565954208374, -2.234829902648926], [0.09046195447444916, -0.9760317206382751, -0.19793596863746643, -0.21885576844215393], [-0.7246566414833069, -0.20084550976753235, 0.6591916680335999, -0.09408273547887802], [0.0, 0.0, 0.0, 1.0]]}, "Bone.003": {"matrix": [[-0.41738685965538025, 0.5138014554977417, 0.7495306134223938, -1.1376701593399048], [0.8958254456520081, 0.37114468216896057, 0.24443461000919342, 0.29900693893432617], [-0.15259353816509247, 0.7734725475311279, -0.6151872277259827, -1.0496187210083008], [0.0, 0.0, 0.0, 1.0]]}, "finger4joint1": {"matrix": [[-0.4637688100337982, -0.5738241076469421, 0.675014078617096, -0.9174448847770691], [-0.09083200246095657, 0.7886857390403748, 0.6080493927001953, 0.4580867290496826], [-0.8812876343727112, 0.22068127989768982, -0.41788938641548157, -0.7180932760238647], [0.0, 0.0, 0.0, 1.0]]}, "finger4joint2": {"matrix": [[-0.46367964148521423, -0.8823690414428711, 0.08015971630811691, -1.4874582290649414], [-0.060970500111579895, 0.12203618139028549, 0.99065101146698, 1.241534948348999], [-0.8839024305343628, 0.45445719361305237, -0.11038430035114288, -0.49887749552726746], [0.0, 0.0, 0.0, 1.0]]}, "finger4joint3": {"matrix": [[-0.3898499011993408, -0.7964086532592773, -0.4623308777809143, -1.8554614782333374], [-0.08538918942213058, -0.46862828731536865, 0.8792587518692017, 1.2924315929412842], [-0.9169107675552368, 0.38225695490837097, 0.11468981951475143, -0.30934029817581177], [0.0, 0.0, 0.0, 1.0]]}}