{"root": {"matrix": [[0.2643829584121704, -0.9204409122467041, -0.28790658712387085, 0.0], [-0.7857440114021301, -0.03248215094208717, -0.6176983714103699, 0.0], [0.5592029690742493, 0.3895297646522522, -0.7318187355995178, 2.9802322387695312e-08], [0.0, 0.0, 0.0, 1.0]]}, "carpals": {"matrix": [[0.7764961123466492, -0.4803873300552368, -0.4077763855457306, -0.27067914605140686], [0.5455341339111328, 0.18864454329013824, 0.8165814876556396, -1.739288091659546], [-0.31535059213638306, -0.8565285205841064, 0.40854960680007935, 1.7281765937805176], [0.0, 0.0, 0.0, 1.0]]}, "metacarpals": {"matrix": [[0.40013983845710754, -0.4687139391899109, 0.7875247001647949, -0.7385735511779785], [-0.1465330719947815, 0.8155400156974792, 0.5598411560058594, -1.5555495023727417], [-0.9046635031700134, -0.3394131660461426, 0.2576480805873871, 0.8939230442047119], [0.0, 0.0, 0.0, 1.0]]}, "finger5joint1": {"matrix": [[0.7117639780044556, -0.5909355878829956, 0.37971970438957214, -1.4002270698547363], [-0.2113000601530075, 0.3354204595088959, 0.9180658459663391, -1.2947347164154053], [-0.6698837280273438, -0.7336810827255249, 0.1138756200671196, 0.7529796361923218], [0.0, 0.0, 0.0, 1.0]]}, "finger5joint2": {"matrix": [[0.4231894612312317, -0.21668502688407898, -0.8797487616539001, -2.0244157314300537], [0.8498636484146118, 0.4315170645713806, 0.30252954363822937, -0.9404394030570984], [0.3140731751918793, -0.8756938576698303, 0.36676645278930664, -0.021987438201904297], [0.0, 0.0, 0.0, 1.0]]}, "finger5joint3": {"matrix": [[0.44890180230140686, -0.08895736187696457, -0.8891419172286987, -2.173351287841797], [0.8684864640235901, 0.27758800983428955, 0.4107011556625366, -0.6438425779342651], [0.2102803885936737, -0.956572413444519, 0.2018682360649109, -0.623882532119751], [0.0, 0.0, 0.0, 1.0]]}, "Bone": {"matrix": [[0.45659342408180237, 0.1857783943414688, 0.8700624108314514, -1.47036612033844], [-0.8727757334709167, -0.09617365151643753, 0.4785526692867279, -0.2822650671005249], [0.17258179187774658, -0.977873682975769, 0.11823068559169769, 0.36400488018989563], [0.0, 0.0, 0.0, 1.0]]}, "finger1joint1": {"matrix": [[0.538496196269989, -0.36218538880348206, 0.7608175873756409, -1.3157634735107422], [-0.2934994697570801, 0.7657467722892761, 0.5722668766975403, -0.3622995615005493], [-0.7898606061935425, -0.5314631462097168, 0.30605068802833557, -0.4497694969177246], [0.0, 0.0, 0.0, 1.0]]}, "finger1joint2": {"matrix": [[0.2884257137775421, -0.8531146049499512, 0.4347481429576874, -1.5204628705978394], [-0.4690503180027008, 0.2699465751647949, 0.8409044146537781, 0.07048392295837402], [-0.8347468972206116, -0.4464573264122009, -0.32229408621788025, -0.7501410245895386], [0.0, 0.0, 0.0, 1.0]]}, "finger1joint3": {"matrix": [[0.3620741665363312, -0.861440896987915, -0.35612040758132935, -1.8861793279647827], [-0.39106401801109314, -0.48717400431632996, 0.7808520793914795, 0.18620556592941284], [-0.8461508750915527, -0.14346061646938324, -0.513271689414978, -0.9415298700332642], [0.0, 0.0, 0.0, 1.0]]}, "Bone.001": {"matrix": [[0.5917299389839172, 0.2924184799194336, 0.7512302398681641, -1.4703660011291504], [-0.7909466624259949, 0.3906485438346863, 0.4709528386592865, -0.2822650671005249], [-0.1557517945766449, -0.8728601336479187, 0.46244603395462036, 0.364004909992218], [0.0, 0.0, 0.0, 1.0]]}, "finger2joint1": {"matrix": [[0.4379830062389374, -0.8543766140937805, -0.2796628475189209, -1.2850068807601929], [-0.25934362411499023, -0.41794416308403015, 0.8706681728363037, -0.034639328718185425], [-0.8607621788978577, -0.3088092505931854, -0.40462958812713623, -0.18928688764572144], [0.0, 0.0, 0.0, 1.0]]}, "finger2joint2": {"matrix": [[0.3828882873058319, -0.6028296947479248, -0.6999947428703308, -2.024169921875], [-0.37542280554771423, -0.7938845157623291, 0.4783352315425873, -0.3962233364582062], [-0.8440700173377991, 0.07964497059583664, -0.5302851796150208, -0.456452876329422], [0.0, 0.0, 0.0, 1.0]]}, "finger2joint3": {"matrix": [[0.3722231984138489, 0.06784401088953018, -0.9256601929664612, -2.253013849258423], [-0.5052306056022644, -0.821806013584137, -0.2633938789367676, -0.6975948810577393], [-0.7785831093788147, 0.5657132267951965, -0.271618515253067, -0.42621833086013794], [0.0, 0.0, 0.0, 1.0]]}, "Bone.002": {"matrix": [[0.6161317229270935, -0.11356406658887863, 0.7794131636619568, -1.47036612033844], [-0.30185261368751526, 0.8799546360969543, 0.3668301999568939, -0.2822650671005249], [-0.7275071740150452, -0.46128353476524353, 0.5078884959220886, 0.36400488018989563], [0.0, 0.0, 0.0, 1.0]]}, "finger3joint1": {"matrix": [[0.6871497631072998, -0.5144848823547363, 0.5129625201225281, -1.5182344913482666], [-0.45379507541656494, 0.24743792414665222, 0.8560631275177002, 0.08864466845989227], [-0.5673581957817078, -0.8210234642028809, -0.06344367563724518, 0.169569194316864], [0.0, 0.0, 0.0, 1.0]]}, "finger3joint2": {"matrix": [[0.5767303109169006, -0.31618648767471313, -0.7532650232315063, -1.9695311784744263], [-0.4418238401412964, -0.8962987065315247, 0.03794720396399498, 0.3056926131248474], [-0.6871491074562073, 0.31092512607574463, -0.6566213965415955, -0.5506173968315125], [0.0, 0.0, 0.0, 1.0]]}, "finger3joint3": {"matrix": [[0.6787813901901245, -0.10315035283565521, -0.7270596027374268, -2.1741292476654053], [-0.48583027720451355, -0.8055130839347839, -0.33928942680358887, -0.27428457140922546], [-0.5506584644317627, 0.5835310220718384, -0.5968809127807617, -0.349423885345459], [0.0, 0.0, 0.0, 1.0]]}, "Bone.003": {"matrix": [[0.7724687457084656, -0.11889327317476273, 0.6238240003585815, -1.47036612033844], [0.4485637843608856, 0.7975063323974609, -0.40345245599746704, -0.2822650671005249], [-0.4495357573032379, 0.591479480266571, 0.6693800091743469, 0.364004909992218], [0.0, 0.0, 0.0, 1.0]]}, "finger4joint1": {"matrix": [[0.45148351788520813, -0.06493084132671356, 0.8899137377738953, -1.5213261842727661], [-0.3208100497722626, 0.9188430309295654, 0.22979949414730072, 0.05956161022186279], [-0.8326123952865601, -0.38924387097358704, 0.3940121531486511, 0.6175245046615601], [0.0, 0.0, 0.0, 1.0]]}, "finger4joint2": {"matrix": [[0.4669765830039978, -0.5871900320053101, 0.6611660718917847, -1.5858256816864014], [-0.29516562819480896, 0.6013059616088867, 0.7425009608268738, 0.9723025560379028], [-0.8335525393486023, -0.5418841242790222, 0.10747768729925156, 0.23086559772491455], [0.0, 0.0, 0.0, 1.0]]}, "finger4joint3": {"matrix": [[0.5044490098953247, -0.8596730828285217, -0.08058052510023117, -1.8307209014892578], [-0.35495829582214355, -0.2915467321872711, 0.8882591724395752, 1.2230849266052246], [-0.7871057391166687, -0.41947898268699646, -0.45221850275993347, 0.004865854978561401], [0.0, 0.0, 0.0, 1.0]]}}