{"root": {"matrix": [[0.539401113986969, -0.8123602867126465, -0.221623957157135, -5.960464477539063e-08], [-0.8401015996932983, -0.5012901425361633, -0.20721358060836792, -5.960464477539063e-08], [0.05723411217331886, 0.2979578375816345, -0.9528616666793823, 0.0], [0.0, 0.0, 0.0, 1.0]]}, "carpals": {"matrix": [[-0.097883440554142, -0.5465484261512756, -0.8316870927810669, 0.44960638880729675], [0.4694896638393402, 0.7115017771720886, -0.5228234529495239, -2.3672425746917725], [0.877495288848877, -0.4416444003582001, 0.18695460259914398, 0.5282061696052551], [0.0, 0.0, 0.0, 1.0]]}, "metacarpals": {"matrix": [[-0.14199833571910858, -0.8617167472839355, -0.48711439967155457, -0.08272850513458252], [0.4319464862346649, 0.38883498311042786, -0.8137747049331665, -1.6742441654205322], [0.8906506299972534, -0.3259621262550354, 0.3170016407966614, 0.09804719686508179], [0.0, 0.0, 0.0, 1.0]]}, "finger5joint1": {"matrix": [[-0.2802732586860657, -0.8001555800437927, -0.5302807092666626, -0.349185049533844], [0.44961977005004883, 0.3786469101905823, -0.8089920878410339, -1.193379282951355], [0.8481089472770691, -0.4651637375354767, 0.25364118814468384, -0.3746522068977356], [0.0, 0.0, 0.0, 1.0]]}, "finger5joint2": {"matrix": [[-0.2306366264820099, -0.956758439540863, 0.17725494503974915, -1.1943671703338623], [-0.9307496547698975, 0.16380025446414948, -0.32691577076911926, -0.7934250235557556], [0.283745139837265, -0.24037891626358032, -0.9282814264297485, -0.8659918308258057], [0.0, 0.0, 0.0, 1.0]]}, "finger5joint3": {"matrix": [[-0.32835522294044495, -0.9220618605613708, -0.20490019023418427, -1.8519808053970337], [-0.8919773697853088, 0.37405893206596375, -0.25388097763061523, -0.6808393597602844], [0.31073883175849915, 0.09940318018198013, -0.945283055305481, -1.0312126874923706], [0.0, 0.0, 0.0, 1.0]]}, "Bone": {"matrix": [[0.8675127029418945, -0.20387177169322968, -0.4537154734134674, -1.4281076192855835], [-0.24721600115299225, 0.6148005723953247, -0.748935341835022, -1.0671648979187012], [0.4316314458847046, 0.7618768215179443, 0.48294705152511597, -0.41087019443511963], [0.0, 0.0, 0.0, 1.0]]}, "finger1joint1": {"matrix": [[-0.027624586597085, -0.9991456866264343, -0.03073284588754177, -1.5977672338485718], [0.3210085332393646, 0.020249206572771072, -0.9468596577644348, -0.5555353164672852], [0.9466732740402222, -0.0360221341252327, 0.3201749622821808, 0.22315427660942078], [0.0, 0.0, 0.0, 1.0]]}, "finger1joint2": {"matrix": [[0.0030327090062201023, -0.526521623134613, -0.8501561880111694, -2.1624627113342285], [0.5935750603675842, 0.6851367354393005, -0.42220383882522583, -0.5440908670425415], [0.8047728538513184, -0.5033511519432068, 0.3146079480648041, 0.2027953565120697], [0.0, 0.0, 0.0, 1.0]]}, "finger1joint3": {"matrix": [[-0.06376630067825317, 0.5421549677848816, -0.837855339050293, -2.388173818588257], [0.5222281813621521, 0.733564555644989, 0.43492594361305237, -0.2503840923309326], [0.8504185080528259, -0.4098180830478668, -0.32990533113479614, -0.012983009219169617], [0.0, 0.0, 0.0, 1.0]]}, "Bone.001": {"matrix": [[0.6874549984931946, -0.6414949893951416, -0.3404254615306854, -1.428107500076294], [-0.11112862080335617, 0.3703162670135498, -0.9222341775894165, -1.0671647787094116], [0.7176738381385803, 0.671825647354126, 0.1832873821258545, -0.410870224237442], [0.0, 0.0, 0.0, 1.0]]}, "finger2joint1": {"matrix": [[-0.021766548976302147, -0.9978564977645874, 0.06171126663684845, -1.8347408771514893], [0.3974754214286804, -0.06527523696422577, -0.9152879118919373, -0.8324273824691772], [0.9173544645309448, 0.004606015980243683, 0.3980444073677063, 0.01498908270150423], [0.0, 0.0, 0.0, 1.0]]}, "finger2joint2": {"matrix": [[-0.11752449721097946, 0.05095065385103226, -0.9917619228363037, -2.69803524017334], [0.4728202521800995, 0.8810929656028748, -0.010764459148049355, -0.8889001607894897], [0.873286247253418, -0.4701903164386749, -0.12764054536819458, 0.018973976373672485], [0.0, 0.0, 0.0, 1.0]]}, "finger2joint3": {"matrix": [[-0.02181493677198887, 0.9992704391479492, -0.03134104236960411, -2.6786935329437256], [0.5698168277740479, 0.038185808807611465, 0.8208838105201721, -0.5544228553771973], [0.8214819431304932, 4.88781624881085e-05, -0.5702343583106995, -0.15951797366142273], [0.0, 0.0, 0.0, 1.0]]}, "Bone.002": {"matrix": [[0.050726525485515594, -0.972191333770752, -0.22862768173217773, -1.428107738494873], [0.1930786669254303, 0.23414990305900574, -0.9528347849845886, -1.0671647787094116], [0.9798711538314819, 0.004190807230770588, 0.19958706200122833, -0.410870224237442], [0.0, 0.0, 0.0, 1.0]]}, "finger3joint1": {"matrix": [[0.06660129874944687, -0.593813419342041, -0.8018413782119751, -1.8378961086273193], [0.2743697464466095, 0.7835450768470764, -0.5574747323989868, -0.9684683084487915], [0.9593151807785034, -0.18287256360054016, 0.21510954201221466, -0.40910375118255615], [0.0, 0.0, 0.0, 1.0]]}, "finger3joint2": {"matrix": [[0.0029231810476630926, 0.07253611832857132, -0.997361421585083, -2.358778238296509], [0.4162310063838959, 0.9067744612693787, 0.0671677514910698, -0.281156986951828], [0.9092541933059692, -0.4153291583061218, -0.027541209012269974, -0.5695161819458008], [0.0, 0.0, 0.0, 1.0]]}, "finger3joint3": {"matrix": [[0.17419716715812683, 0.40273016691207886, -0.8985897302627563, -2.3118414878845215], [0.443477064371109, 0.7826734781265259, 0.4367493987083435, 0.3055988550186157], [0.8791947960853577, -0.47458454966545105, -0.04226217046380043, -0.8382675051689148], [0.0, 0.0, 0.0, 1.0]]}, "Bone.003": {"matrix": [[-0.5892584919929504, -0.5822633504867554, 0.5601282715797424, -1.4281076192855835], [-0.2635836601257324, -0.5168027877807617, -0.8145172595977783, -1.0671647787094116], [0.7637394070625305, -0.6276020407676697, 0.15105542540550232, -0.4108702540397644], [0.0, 0.0, 0.0, 1.0]]}, "finger4joint1": {"matrix": [[-0.3410453796386719, -0.9303390979766846, 0.13474705815315247, -1.6776769161224365], [0.45217248797416687, -0.2880215346813202, -0.8441464304924011, -1.2886765003204346], [0.8241527676582336, -0.22696350514888763, 0.5189023613929749, -0.6798726916313171], [0.0, 0.0, 0.0, 1.0]]}, "finger4joint2": {"matrix": [[-0.3596164286136627, 0.047140467911958694, -0.931908369064331, -2.601837635040283], [0.42906633019447327, 0.8952274918556213, -0.12028864026069641, -1.5747852325439453], [0.828599750995636, -0.44310852885246277, -0.34216514229774475, -0.9053288698196411], [0.0, 0.0, 0.0, 1.0]]}, "finger4joint3": {"matrix": [[-0.3486192524433136, 0.9217355251312256, -0.16990505158901215, -2.58217716217041], [0.3548782765865326, 0.2975926399230957, 0.8862841725349426, -1.2014189958572388], [0.8674823045730591, 0.2486802637577057, -0.43085068464279175, -1.0901330709457397], [0.0, 0.0, 0.0, 1.0]]}}