{"root": {"matrix": [[0.328705370426178, -0.9369217753410339, -0.11887112259864807, -5.960464477539063e-08], [-0.24861566722393036, 0.035584405064582825, -0.967948317527771, 0.0], [0.9111218452453613, 0.3477230370044708, -0.2212367206811905, 0.0], [0.0, 0.0, 0.0, 1.0]]}, "carpals": {"matrix": [[0.6964967846870422, -0.18826259672641754, -0.6924226880073547, -0.16035142540931702], [0.7059950828552246, 0.007243786472827196, 0.7081794738769531, -0.4185843765735626], [-0.12830780446529388, -0.9820918440818787, 0.13795793056488037, 2.425708055496216], [0.0, 0.0, 0.0, 1.0]]}, "metacarpals": {"matrix": [[0.5395954251289368, -0.7898005843162537, 0.29163607954978943, -0.3437180519104004], [0.03163015469908714, 0.36516454815864563, 0.9304053783416748, -0.411529004573822], [-0.8413299322128296, -0.49281787872314453, 0.22202284634113312, 1.4691565036773682], [0.0, 0.0, 0.0, 1.0]]}, "finger5joint1": {"matrix": [[0.46348005533218384, -0.8693051934242249, 0.1717396378517151, -1.0090832710266113], [0.11965937912464142, 0.2534394860267639, 0.9599217772483826, -0.5914292931556702], [-0.8779906630516052, -0.42435422539711, 0.22148489952087402, 1.2442119121551514], [0.0, 0.0, 0.0, 1.0]]}, "finger5joint2": {"matrix": [[0.23756824433803558, -0.39116835594177246, -0.889127790927887, -1.9273061752319336], [0.9233756065368652, 0.37510427832603455, 0.0816931426525116, -0.32372820377349854], [0.3015601336956024, -0.8404064774513245, 0.4503084719181061, 0.795978307723999], [0.0, 0.0, 0.0, 1.0]]}, "finger5joint3": {"matrix": [[0.24860137701034546, 0.004930844064801931, -0.9685930609703064, -2.196169853210449], [0.9484569430351257, 0.20166398584842682, 0.24445965886116028, -0.0659058690071106], [0.19653597474098206, -0.9794420003890991, 0.045457519590854645, 0.2183375209569931], [0.0, 0.0, 0.0, 1.0]]}, "Bone": {"matrix": [[0.8361412286758423, 0.3471391797065735, 0.42469048500061035, -1.5768160820007324], [-0.4332582652568817, -0.05684556066989899, 0.8994751572608948, 0.1585942655801773], [0.33638474345207214, -0.9360890984535217, 0.10287020355463028, 0.6997309923171997], [0.0, 0.0, 0.0, 1.0]]}, "finger1joint1": {"matrix": [[0.7490969896316528, -0.6478776931762695, 0.13823172450065613, -1.2879310846328735], [-0.0006885644979774952, 0.20790235698223114, 0.9781491756439209, 0.11128809303045273], [-0.6624598503112793, -0.7328237891197205, 0.15529319643974304, -0.07927080988883972], [0.0, 0.0, 0.0, 1.0]]}, "finger1joint2": {"matrix": [[0.6842491030693054, -0.7127445936203003, 0.15426665544509888, -1.654097557067871], [-0.30261868238449097, -0.08505139499902725, 0.949309229850769, 0.2287900149822235], [-0.6634945869445801, -0.6962479948997498, -0.27388590574264526, -0.4934469759464264], [0.0, 0.0, 0.0, 1.0]]}, "finger1joint3": {"matrix": [[0.7220396995544434, -0.6557601690292358, -0.22053846716880798, -1.959639549255371], [-0.2015983760356903, -0.5043520331382751, 0.8396350145339966, 0.19232986867427826], [-0.6618283987045288, -0.5617896914482117, -0.4963621199131012, -0.7919169664382935], [0.0, 0.0, 0.0, 1.0]]}, "Bone.001": {"matrix": [[0.9481550455093384, 0.14633435010910034, 0.2821134328842163, -1.5768160820007324], [-0.3176654875278473, 0.40984001755714417, 0.8550552129745483, 0.1585942506790161], [0.009502501226961613, -0.9003426432609558, 0.4350774884223938, 0.6997309923171997], [0.0, 0.0, 0.0, 1.0]]}, "finger2joint1": {"matrix": [[0.8733327388763428, -0.4227341413497925, -0.2420443594455719, -1.484057068824768], [0.07873278111219406, -0.36785510182380676, 0.9265438318252563, 0.4183851480484009], [-0.4807189702987671, -0.8282380700111389, -0.2879766821861267, 0.12901842594146729], [0.0, 0.0, 0.0, 1.0]]}, "finger2joint2": {"matrix": [[0.8501413464546204, -0.4315006136894226, -0.30177271366119385, -1.8497850894927979], [-0.040818240493535995, -0.625389575958252, 0.7792441248893738, 0.1001356989145279], [-0.5249699354171753, -0.650149941444397, -0.5492824912071228, -0.587530791759491], [0.0, 0.0, 0.0, 1.0]]}, "finger2joint3": {"matrix": [[0.8185797929763794, -0.41189929842948914, -0.40033212304115295, -2.013589859008789], [-0.18174277245998383, -0.8468920588493347, 0.4997429847717285, -0.137272447347641], [-0.5448819994926453, -0.33632221817970276, -0.7681084275245667, -0.834338366985321], [0.0, 0.0, 0.0, 1.0]]}, "Bone.002": {"matrix": [[0.7770838141441345, -0.5184804201126099, 0.356817364692688, -1.5768160820007324], [0.04465921223163605, 0.6109117865562439, 0.7904379963874817, 0.1585942804813385], [-0.6278105974197388, -0.5983011722564697, 0.4978847801685333, 0.6997309923171997], [0.0, 0.0, 0.0, 1.0]]}, "finger3joint1": {"matrix": [[0.9024174809455872, -0.42916786670684814, 0.03817854821681976, -1.795360803604126], [-0.057107292115688324, -0.03131001442670822, 0.9978768825531006, 0.4160997271537781], [-0.4270614981651306, -0.9026817679405212, -0.05276304855942726, 0.4475409984588623], [0.0, 0.0, 0.0, 1.0]]}, "finger3joint2": {"matrix": [[0.8210345506668091, -0.09629197418689728, -0.5626989006996155, -2.171818971633911], [-0.10000668466091156, -0.9946900010108948, 0.02429652400314808, 0.38863515853881836], [-0.5620507001876831, 0.03632518649101257, -0.8263046145439148, -0.34427472949028015], [0.0, 0.0, 0.0, 1.0]]}, "finger3joint3": {"matrix": [[0.8981647491455078, 0.08129970729351044, -0.43207672238349915, -2.2341275215148926], [-0.15189403295516968, -0.8648626208305359, -0.4784775972366333, -0.25500911474227905], [-0.4125872552394867, 0.4953814148902893, -0.7644401788711548, -0.32076942920684814], [0.0, 0.0, 0.0, 1.0]]}, "Bone.003": {"matrix": [[0.4441615343093872, -0.6292557120323181, 0.6377755999565125, -1.5768160820007324], [0.7695358395576477, 0.6324941515922546, 0.08812259137630463, 0.1585942506790161], [-0.4588407576084137, 0.4516507387161255, 0.7651644349098206, 0.6997309327125549], [0.0, 0.0, 0.0, 1.0]]}, "finger4joint1": {"matrix": [[0.785938560962677, 0.0624089352786541, 0.6151467561721802, -1.8465272188186646], [-0.37142881751060486, 0.8430298566818237, 0.3890255391597748, 0.4296935796737671], [-0.4943086504936218, -0.5342331528663635, 0.6857503056526184, 0.8933172225952148], [0.0, 0.0, 0.0, 1.0]]}, "finger4joint2": {"matrix": [[0.7988945841789246, -0.4025708734989166, 0.4468823969364166, -1.784532904624939], [-0.34442487359046936, 0.30290862917900085, 0.8886042237281799, 1.267124891281128], [-0.4930908977985382, -0.8638184666633606, 0.10333693027496338, 0.3626319169998169], [0.0, 0.0, 0.0, 1.0]]}, "finger4joint3": {"matrix": [[0.8229706287384033, -0.5483967661857605, -0.14825642108917236, -1.952430248260498], [-0.3813744783401489, -0.7267666459083557, 0.571282148361206, 1.3934568166732788], [-0.4210372865200043, -0.41360750794410706, -0.807252049446106, 0.002365291118621826], [0.0, 0.0, 0.0, 1.0]]}}