{"root": {"matrix": [[0.5380417704582214, -0.10863307863473892, 0.835888683795929, 0.0], [0.1184971034526825, 0.991560697555542, 0.052590616047382355, 5.960464477539063e-08], [-0.8345474600791931, 0.0707545131444931, 0.5463737845420837, 0.0], [0.0, 0.0, 0.0, 1.0]]}, "carpals": {"matrix": [[-0.29902634024620056, -0.8943530321121216, -0.3327394723892212, 1.0164597034454346], [0.3113999366760254, -0.42106202244758606, 0.8519017696380615, 1.2326213121414185], [-0.9020050764083862, 0.15112587809562683, 0.4044102430343628, -1.8794784545898438], [0.0, 0.0, 0.0, 1.0]]}, "metacarpals": {"matrix": [[-0.6527979969978333, -0.7419424653053284, 0.15289145708084106, 0.14536523818969727], [0.2921440005302429, -0.06035646051168442, 0.9544677734375, 0.8225094079971313], [-0.698932409286499, 0.6677410006523132, 0.25615477561950684, -1.7322827577590942], [0.0, 0.0, 0.0, 1.0]]}, "finger5joint1": {"matrix": [[-0.4500351846218109, -0.8840303421020508, 0.12632600963115692, -0.22638940811157227], [0.3689607083797455, -0.0552467480301857, 0.9278014898300171, 0.3441675305366516], [-0.8132258653640747, 0.46415260434150696, 0.35103559494018555, -1.333958625793457], [0.0, 0.0, 0.0, 1.0]]}, "finger5joint2": {"matrix": [[0.23437318205833435, -0.9606029391288757, -0.14936617016792297, -1.1601662635803223], [0.9113628268241882, 0.2705869674682617, -0.3101613223552704, 0.2858119606971741], [0.33835870027542114, -0.06343350559473038, 0.9388766288757324, -0.8436869978904724], [0.0, 0.0, 0.0, 1.0]]}, "finger5joint3": {"matrix": [[0.1515384018421173, -0.9340133666992188, -0.3235031068325043, -1.8204225301742554], [0.9483308792114258, 0.2296781986951828, -0.21889714896678925, 0.4717958867549896], [0.27875468134880066, -0.2736170291900635, 0.9205591678619385, -0.8872870802879333], [0.0, 0.0, 0.0, 1.0]]}, "Bone": {"matrix": [[0.6165838837623596, -0.7830602526664734, 0.08149021863937378, -1.0130128860473633], [0.02381759323179722, 0.122013159096241, 0.9922425746917725, 0.728276252746582], [-0.7869285941123962, -0.6098601222038269, 0.09388204663991928, -0.6897536516189575], [0.0, 0.0, 0.0, 1.0]]}, "finger1joint1": {"matrix": [[-0.5135149955749512, -0.8577662706375122, -0.023215405642986298, -1.6646658182144165], [0.33775749802589417, -0.22692666947841644, 0.9134681224822998, 0.829814076423645], [-0.7888106107711792, 0.461238294839859, 0.4062473475933075, -1.197271704673767], [0.0, 0.0, 0.0, 1.0]]}, "finger1joint2": {"matrix": [[-0.46480488777160645, -0.4139578640460968, -0.7826844453811646, -2.1494569778442383], [0.0480782575905323, -0.894472599029541, 0.44453027844429016, 0.7015600204467773], [-0.8841068744659424, 0.1689896136522293, 0.4356575012207031, -0.936589777469635], [0.0, 0.0, 0.0, 1.0]]}, "finger1joint3": {"matrix": [[-0.5261785984039307, 0.37092873454093933, -0.7652108669281006, -2.326913833618164], [0.12563300132751465, -0.8560692071914673, -0.5013598799705505, 0.31811434030532837], [-0.8410425782203674, -0.35994061827659607, 0.4038442373275757, -0.8641467094421387], [0.0, 0.0, 0.0, 1.0]]}, "Bone.001": {"matrix": [[0.32035115361213684, -0.8747228980064392, 0.3636406362056732, -1.0130128860473633], [0.1805170774459839, 0.43320605158805847, 0.8830322027206421, 0.7282761931419373], [-0.9299399852752686, -0.21723715960979462, 0.29668065905570984, -0.6897536516189575], [0.0, 0.0, 0.0, 1.0]]}, "finger2joint1": {"matrix": [[-0.45742788910865784, -0.5478861331939697, -0.70041424036026, -1.5674853324890137], [0.38075074553489685, -0.8324689865112305, 0.40252211689949036, 1.0028784275054932], [-0.8036095499992371, -0.08255856484174728, 0.5894026160240173, -0.8274567723274231], [0.0, 0.0, 0.0, 1.0]]}, "finger2joint2": {"matrix": [[-0.4384072422981262, -0.3604370355606079, -0.8233370184898376, -2.0414886474609375], [0.26507502794265747, -0.9271699786186218, 0.2647465765476227, 0.2826688289642334], [-0.8587981462478638, -0.1021794006228447, 0.5020208954811096, -0.8988822102546692], [0.0, 0.0, 0.0, 1.0]]}, "finger2joint3": {"matrix": [[-0.4015222489833832, -0.062265556305646896, -0.9137299656867981, -2.178316354751587], [0.13225841522216797, -0.9911702871322632, 0.009424141608178616, -0.06930017471313477], [-0.9062491059303284, -0.11706457287073135, 0.4062120020389557, -0.9376711249351501], [0.0, 0.0, 0.0, 1.0]]}, "Bone.002": {"matrix": [[-0.38605520129203796, -0.8032065629959106, 0.4536740481853485, -1.0130128860473633], [0.4175306558609009, 0.28639623522758484, 0.8623486757278442, 0.7282761931419373], [-0.8225749135017395, 0.5223369598388672, 0.22479881346225739, -0.6897536516189575], [0.0, 0.0, 0.0, 1.0]]}, "finger3joint1": {"matrix": [[-0.5741733908653259, -0.7726900577545166, -0.2706927955150604, -1.3515725135803223], [0.299723356962204, -0.5060463547706604, 0.8087539076805115, 0.8489950895309448], [-0.7618995904922485, 0.3832319378852844, 0.5221517086029053, -0.46958333253860474], [0.0, 0.0, 0.0, 1.0]]}, "finger3joint2": {"matrix": [[-0.6781909465789795, -0.28926584124565125, -0.675560474395752, -2.0293619632720947], [0.1843329817056656, -0.9568439722061157, 0.22465702891349792, 0.405100554227829], [-0.7113918662071228, 0.02783222869038582, 0.7022442817687988, -0.13341937959194183], [0.0, 0.0, 0.0, 1.0]]}, "finger3joint3": {"matrix": [[-0.5684321522712708, 0.027161607518792152, -0.8222814202308655, -2.2165400981903076], [0.09622535854578018, -0.9904005527496338, -0.09923417121171951, -0.21405431628227234], [-0.8170836567878723, -0.13553227484226227, 0.5603618621826172, -0.11540968716144562], [0.0, 0.0, 0.0, 1.0]]}, "Bone.003": {"matrix": [[-0.42664194107055664, 0.15894006192684174, 0.8903450965881348, -1.0130128860473633], [0.8902521729469299, 0.2473701387643814, 0.38243818283081055, 0.7282761931419373], [-0.15946006774902344, 0.9557960629463196, -0.24703508615493774, -0.6897536516189575], [0.0, 0.0, 0.0, 1.0]]}, "finger4joint1": {"matrix": [[-0.10386617481708527, -0.6941942572593689, 0.7122538685798645, -0.9448879957199097], [0.04961392283439636, 0.7116193771362305, 0.700810968875885, 0.8343038558959961], [-0.9933529496192932, 0.1081281527876854, -0.039471335709095, -0.2800808548927307], [0.0, 0.0, 0.0, 1.0]]}, "finger4joint2": {"matrix": [[-0.10597889125347137, -0.9847705364227295, -0.13782155513763428, -1.634472131729126], [0.07943695038557053, -0.14654384553432465, 0.9860093593597412, 1.541197419166565], [-0.9911901354789734, 0.09354786574840546, 0.0937577337026596, -0.17267076671123505], [0.0, 0.0, 0.0, 1.0]]}, "finger4joint3": {"matrix": [[-0.02172457054257393, -0.3121693432331085, -0.9497777223587036, -2.0451834201812744], [0.07691112160682678, -0.9477086663246155, 0.30973002314567566, 1.4800794124603271], [-0.9968010783195496, -0.06631981581449509, 0.04459767043590546, -0.13365542888641357], [0.0, 0.0, 0.0, 1.0]]}}