{"root": {"matrix": [[0.378238320350647, -0.6583173274993896, -0.6508103013038635, -5.960464477539063e-08], [-0.8349062204360962, 0.06105925515294075, -0.5469948649406433, 3.725290298461914e-09], [0.39983412623405457, 0.7502599954605103, -0.5265383124351501, 0.0], [0.0, 0.0, 0.0, 1.0]]}, "carpals": {"matrix": [[0.8383589386940002, -0.47529736161231995, -0.2669204771518707, 0.2841726243495941], [0.517578661441803, 0.5403805375099182, 0.6634008884429932, -1.7668561935424805], [-0.1710740178823471, -0.694320559501648, 0.6990368366241455, 1.6977779865264893], [0.0, 0.0, 0.0, 1.0]]}, "metacarpals": {"matrix": [[0.4037482738494873, -0.7751300930976868, 0.48596349358558655, -0.17876410484313965], [0.16786883771419525, 0.5849320888519287, 0.7935200333595276, -1.2405288219451904], [-0.8993370532989502, -0.23880423605442047, 0.36628568172454834, 1.0215139389038086], [0.0, 0.0, 0.0, 1.0]]}, "finger5joint1": {"matrix": [[0.01720822975039482, -0.9937390685081482, -0.11039195954799652, -0.891860842704773], [0.4332827627658844, -0.09209145605564117, 0.8965404033660889, -1.2626094818115234], [-0.9010935425758362, -0.0632588192820549, 0.42898547649383545, 0.8923603892326355], [0.0, 0.0, 0.0, 1.0]]}, "finger5joint2": {"matrix": [[-0.13332493603229523, -0.37162894010543823, -0.9187577962875366, -1.9415197372436523], [0.9312306046485901, 0.2702753245830536, -0.24445883929729462, -1.359883189201355], [0.3391658067703247, -0.8881680965423584, 0.3100380301475525, 0.8255418539047241], [0.0, 0.0, 0.0, 1.0]]}, "finger5joint3": {"matrix": [[-0.11665169149637222, -0.062486011534929276, -0.9912049770355225, -2.196953296661377], [0.964435338973999, 0.23121410608291626, -0.1280771791934967, -1.1741135120391846], [0.2371838092803955, -0.9708939790725708, 0.03329232707619667, 0.21507276594638824], [0.0, 0.0, 0.0, 1.0]]}, "Bone": {"matrix": [[0.7842819690704346, 0.186398446559906, 0.5917408466339111, -1.3889575004577637], [-0.6169708371162415, 0.13412393629550934, 0.7754722833633423, -0.3272874355316162], [0.0651802122592926, -0.9732760190963745, 0.2201935052871704, 0.6486741304397583], [0.0, 0.0, 0.0, 1.0]]}, "finger1joint1": {"matrix": [[0.7004215121269226, -0.6456988453865051, 0.3041095733642578, -1.2338389158248901], [0.026106929406523705, 0.4489780366420746, 0.8931610584259033, -0.2156711369752884], [-0.7132517099380493, -0.6176499724388123, 0.3313312530517578, -0.16127410531044006], [0.0, 0.0, 0.0, 1.0]]}, "finger1joint2": {"matrix": [[0.5873482823371887, -0.7552083730697632, 0.291002094745636, -1.5987740755081177], [-0.25604721903800964, 0.16769805550575256, 0.9520066976547241, 0.03808151185512543], [-0.7677640914916992, -0.6336699724197388, -0.09487171471118927, -0.5103565454483032], [0.0, 0.0, 0.0, 1.0]]}, "finger1joint3": {"matrix": [[0.6411081552505493, -0.7597278952598572, -0.10859957337379456, -1.9225192070007324], [-0.16429729759693146, -0.2740948498249054, 0.9475642442703247, 0.10997091233730316], [-0.7496577501296997, -0.5896487236022949, -0.3005456030368805, -0.7820003628730774], [0.0, 0.0, 0.0, 1.0]]}, "Bone.001": {"matrix": [[0.865057110786438, 0.08150207251310349, 0.4950084984302521, -1.3889575004577637], [-0.43919941782951355, 0.5998895168304443, 0.6687569618225098, -0.3272874355316162], [-0.24244537949562073, -0.7959205508232117, 0.5547345876693726, 0.6486741900444031], [0.0, 0.0, 0.0, 1.0]]}, "finger2joint1": {"matrix": [[0.4864012598991394, -0.33590075373649597, 0.8065880537033081, -1.337294578552246], [0.07612167298793793, 0.9359298944473267, 0.3438607156276703, 0.05297273397445679], [-0.8704131245613098, -0.10585540533065796, 0.48080700635910034, 0.1441531628370285], [0.0, 0.0, 0.0, 1.0]]}, "finger2joint2": {"matrix": [[0.3774033486843109, -0.8988327980041504, 0.22285892069339752, -1.6278988122940063], [0.12834323942661285, 0.2891010344028473, 0.9486559629440308, 0.8626915216445923], [-0.9171121120452881, -0.32942354679107666, 0.2244669646024704, 0.05257246643304825], [0.0, 0.0, 0.0, 1.0]]}, "finger2joint3": {"matrix": [[0.2503860890865326, -0.4492039382457733, -0.8576260209083557, -1.9691104888916016], [0.07537339627742767, -0.874110221862793, 0.47984328866004944, 0.9724389314651489], [-0.9652073979377747, -0.18478842079639435, -0.18500706553459167, -0.07248211652040482], [0.0, 0.0, 0.0, 1.0]]}, "Bone.002": {"matrix": [[0.6689773797988892, -0.4826175272464752, 0.565287172794342, -1.3889573812484741], [0.09300829470157623, 0.8089034557342529, 0.5805379152297974, -0.3272874355316162], [-0.7374406456947327, -0.3357902765274048, 0.5860257148742676, 0.6486741900444031], [0.0, 0.0, 0.0, 1.0]]}, "finger3joint1": {"matrix": [[0.7937446236610413, -0.4980834424495697, 0.34911659359931946, -1.5923856496810913], [-0.1193702444434166, 0.4352463185787201, 0.8923625946044922, 0.013673484325408936], [-0.5964229702949524, -0.7499821186065674, 0.2860182225704193, 0.5071352124214172], [0.0, 0.0, 0.0, 1.0]]}, "finger3joint2": {"matrix": [[0.6908523440361023, -0.263374000787735, -0.6733179688453674, -2.0292952060699463], [-0.0835726410150528, -0.9541366100311279, 0.28746944665908813, 0.39546358585357666], [-0.7181494832038879, -0.14232805371284485, -0.6811783909797668, -0.1507352888584137], [0.0, 0.0, 0.0, 1.0]]}, "finger3joint3": {"matrix": [[0.7803117036819458, -0.024001287296414375, -0.6249300241470337, -2.1997194290161133], [-0.17795878648757935, -0.9664745330810547, -0.18508759140968323, -0.22193944454193115], [-0.5995367765426636, 0.2556377351284027, -0.7584226131439209, -0.2428329735994339], [0.0, 0.0, 0.0, 1.0]]}, "Bone.003": {"matrix": [[0.5026581287384033, -0.42863142490386963, 0.7507396340370178, -1.3889575004577637], [0.790660560131073, 0.5790958404541016, -0.19875496625900269, -0.3272874355316162], [-0.34955742955207825, 0.6934861540794373, 0.6299892663955688, 0.6486741304397583], [0.0, 0.0, 0.0, 1.0]]}, "finger4joint1": {"matrix": [[0.6975538730621338, -0.19347523152828217, 0.6899172067642212, -1.5726771354675293], [-0.2553068995475769, 0.8325503468513489, 0.4916072487831116, -0.07907575368881226], [-0.6695048809051514, -0.5190631747245789, 0.5313533544540405, 0.9459158778190613], [0.0, 0.0, 0.0, 1.0]]}, "finger4joint2": {"matrix": [[0.7061277627944946, -0.4602898359298706, 0.5380674600601196, -1.7648676633834839], [-0.22661450505256653, 0.5730208158493042, 0.7875863909721375, 0.7479456663131714], [-0.6708420515060425, -0.678070604801178, 0.30031782388687134, 0.4302997291088104], [0.0, 0.0, 0.0, 1.0]]}, "finger4joint3": {"matrix": [[0.7339988946914673, -0.537510097026825, 0.41512438654899597, -1.9568372964859009], [-0.2849600911140442, 0.3110889494419098, 0.9066535830497742, 0.986931324005127], [-0.6164762377738953, -0.7837768197059631, 0.07517024129629135, 0.14750166237354279], [0.0, 0.0, 0.0, 1.0]]}}