{"root": {"matrix": [[0.46126964688301086, 0.21318253874778748, 0.8612685203552246, 0.0], [-0.07999000698328018, 0.9767447710037231, -0.19892515242099762, 5.960464477539063e-08], [-0.8836469650268555, 0.022865328937768936, 0.4675951898097992, 1.862645149230957e-09], [0.0, 0.0, 0.0, 1.0]]}, "carpals": {"matrix": [[-0.4303530752658844, -0.8956848978996277, -0.11200204491615295, 1.1549866199493408], [0.4336971342563629, -0.3139916956424713, 0.8445802330970764, 0.797522783279419], [-0.7916456460952759, 0.31489264965057373, 0.5235833525657654, -2.028533458709717], [0.0, 0.0, 0.0, 1.0]]}, "metacarpals": {"matrix": [[-0.6029958128929138, -0.6862586140632629, 0.40674903988838196, 0.2825949192047119], [0.5503712296485901, 0.011221177875995636, 0.8348445296287537, 0.4916967451572418], [-0.5774836540222168, 0.727270781993866, 0.37093085050582886, -1.7218300104141235], [0.0, 0.0, 0.0, 1.0]]}, "finger5joint1": {"matrix": [[-0.1398034542798996, -0.9417887330055237, 0.305759072303772, -0.17055022716522217], [0.5893144607543945, 0.16900824010372162, 0.7900281548500061, 0.05810117721557617], [-0.7957155704498291, 0.2906367778778076, 0.5313819646835327, -1.358059287071228], [0.0, 0.0, 0.0, 1.0]]}, "finger5joint2": {"matrix": [[0.3180263042449951, -0.9463498592376709, -0.057274021208286285, -1.1653354167938232], [0.7786519527435303, 0.29517999291419983, -0.5536871552467346, 0.23661991953849792], [0.540888249874115, 0.13149045407772064, 0.8307525515556335, -1.0510677099227905], [0.0, 0.0, 0.0, 1.0]]}, "finger5joint3": {"matrix": [[0.23095932602882385, -0.9460137486457825, -0.22740918397903442, -1.8157949447631836], [0.8321047425270081, 0.31318214535713196, -0.45773154497146606, 0.4395074248313904], [0.5042411088943481, -0.0835111066699028, 0.8595152497291565, -0.9606896042823792], [0.0, 0.0, 0.0, 1.0]]}, "Bone": {"matrix": [[0.5479936599731445, -0.765819787979126, 0.3364858329296112, -0.7888453602790833], [0.0033619538880884647, 0.4042761027812958, 0.9146307110786438, 0.5092160701751709], [-0.8364754915237427, -0.5000808238983154, 0.2241154909133911, -0.5863584280014038], [0.0, 0.0, 0.0, 1.0]]}, "finger1joint1": {"matrix": [[-0.43556031584739685, -0.9000911116600037, -0.011085852049291134, -1.4261510372161865], [0.5797527432441711, -0.28992488980293274, 0.7614657878875732, 0.8456497192382812], [-0.6886028051376343, 0.32523706555366516, 0.6481101512908936, -1.0025194883346558], [0.0, 0.0, 0.0, 1.0]]}, "finger1joint2": {"matrix": [[-0.39341381192207336, -0.5815267562866211, -0.7120757699012756, -1.9348630905151367], [0.32607242465019226, -0.8124404549598694, 0.4833396375179291, 0.6817904710769653], [-0.8595942854881287, -0.04203595221042633, 0.5092450380325317, -0.8187025785446167], [0.0, 0.0, 0.0, 1.0]]}, "finger1joint3": {"matrix": [[-0.4419045150279999, -0.028243178501725197, -0.8966172337532043, -2.1841540336608887], [0.4029306471347809, -0.8992540836334229, -0.17026112973690033, 0.3335106074810028], [-0.8014782667160034, -0.4365137815475464, 0.4087643027305603, -0.8367226719856262], [0.0, 0.0, 0.0, 1.0]]}, "Bone.001": {"matrix": [[0.2922149896621704, -0.7489265203475952, 0.5947428345680237, -0.7888453006744385], [0.24775829911231995, 0.6599386930465698, 0.7092929482460022, 0.5092161297798157], [-0.9237022399902344, -0.05991365388035774, 0.3783969283103943, -0.5863584280014038], [0.0, 0.0, 0.0, 1.0]]}, "finger2joint1": {"matrix": [[-0.44051408767700195, -0.6764617562294006, 0.5902087688446045, -1.2635774612426758], [0.5285055041313171, 0.3360269069671631, 0.7795945405960083, 0.9275405406951904], [-0.725692093372345, 0.6553509831428528, 0.2094893604516983, -0.6243367791175842], [0.0, 0.0, 0.0, 1.0]]}, "finger2joint2": {"matrix": [[-0.5525326728820801, -0.7774840593338013, -0.3003760874271393, -1.8488178253173828], [0.482412189245224, -0.5921939015388489, 0.6454337239265442, 1.2182538509368896], [-0.6796956062316895, 0.21171794831752777, 0.7022743225097656, -0.05736051872372627], [0.0, 0.0, 0.0, 1.0]]}, "finger2joint3": {"matrix": [[-0.6089972257614136, -0.07830649614334106, -0.7892971634864807, -2.14396333694458], [0.35169148445129395, -0.91860431432724, -0.1802191585302353, 0.9934473037719727], [-0.7109397053718567, -0.3873421549797058, 0.5869671702384949, 0.02301110327243805], [0.0, 0.0, 0.0, 1.0]]}, "Bone.002": {"matrix": [[-0.32214200496673584, -0.6672806739807129, 0.6715360879898071, -0.7888453006744385], [0.6265444159507751, 0.38149386644363403, 0.6796355247497559, 0.5092161297798157], [-0.7096947431564331, 0.6396862864494324, 0.29518598318099976, -0.5863584280014038], [0.0, 0.0, 0.0, 1.0]]}, "finger3joint1": {"matrix": [[-0.5294468402862549, -0.8462123274803162, -0.06008654087781906, -1.0701109170913696], [0.5490414500236511, -0.39578777551651, 0.7361422777175903, 0.6700196266174316], [-0.6467145085334778, 0.3567580580711365, 0.6741542816162109, -0.3167242407798767], [0.0, 0.0, 0.0, 1.0]]}, "finger3joint2": {"matrix": [[-0.6538567543029785, -0.5035862326622009, -0.5646874904632568, -1.8123927116394043], [0.4505756199359894, -0.8587234616279602, 0.24408090114593506, 0.3228418827056885], [-0.6078264713287354, -0.09484054893255234, 0.7883858680725098, -0.003782670944929123], [0.0, 0.0, 0.0, 1.0]]}, "finger3joint3": {"matrix": [[-0.5737530589103699, -0.21324950456619263, -0.790779173374176, -2.1382532119750977], [0.3599455654621124, -0.9329240918159485, -0.00957829412072897, -0.23282113671302795], [-0.7356947064399719, -0.29013311862945557, 0.6120262145996094, -0.065152108669281], [0.0, 0.0, 0.0, 1.0]]}, "Bone.003": {"matrix": [[-0.19678419828414917, 0.2805019021034241, 0.9394649863243103, -0.7888453602790833], [0.9803447127342224, 0.04246854409575462, 0.19266702234745026, 0.5092161297798157], [0.014145744033157825, 0.9589135646820068, -0.2833455502986908, -0.5863584876060486], [0.0, 0.0, 0.0, 1.0]]}, "finger4joint1": {"matrix": [[0.06581645458936691, -0.733199954032898, 0.6768200993537903, -0.6686167120933533], [0.2402069866657257, 0.6699859499931335, 0.7024379968643188, 0.5274189114570618], [-0.9684877395629883, 0.11634474992752075, 0.22021602094173431, -0.17534945905208588], [0.0, 0.0, 0.0, 1.0]]}, "finger4joint2": {"matrix": [[0.062049124389886856, -0.9918505549430847, 0.11127331852912903, -1.3969476222991943], [0.2690214216709137, 0.1239822506904602, 0.9551207423210144, 1.1929556131362915], [-0.9611331820487976, -0.02932976745069027, 0.2745220959186554, -0.05977734923362732], [0.0, 0.0, 0.0, 1.0]]}, "finger4joint3": {"matrix": [[0.14264847338199615, -0.9109398722648621, -0.38709092140197754, -1.810611605644226], [0.24378319084644318, -0.3467061519622803, 0.9057396650314331, 1.244663953781128], [-0.959281325340271, -0.22356893122196198, 0.17261464893817902, -0.07200970500707626], [0.0, 0.0, 0.0, 1.0]]}}