{"root": {"matrix": [[0.30893048644065857, -0.9411998391151428, -0.13676556944847107, 0.0], [-0.7216033935546875, -0.13828042149543762, -0.6783561706542969, 0.0], [0.6195566654205322, 0.3082553744316101, -0.7218920588493347, 0.0], [0.0, 0.0, 0.0, 1.0]]}, "carpals": {"matrix": [[0.670335590839386, -0.2204858809709549, -0.7085449695587158, -0.20724748075008392], [0.7103429436683655, 0.46682652831077576, 0.5267688632011414, -1.6909732818603516], [0.2146226465702057, -0.8564220070838928, 0.4695511758327484, 1.783996343612671], [0.0, 0.0, 0.0, 1.0]]}, "metacarpals": {"matrix": [[0.507407009601593, -0.8188296556472778, 0.2684324085712433, -0.42199933528900146], [0.4130721390247345, 0.5045186281204224, 0.7581767439842224, -1.236286997795105], [-0.7562468647956848, -0.27382221817970276, 0.5942322611808777, 0.9498463869094849], [0.0, 0.0, 0.0, 1.0]]}, "finger5joint1": {"matrix": [[-0.15129491686820984, -0.9693613052368164, -0.1935158222913742, -1.0887373685836792], [0.6043197512626648, -0.24562856554985046, 0.7579339146614075, -1.3327429294586182], [-0.782244861125946, -0.002273914869874716, 0.6229667663574219, 0.681831955909729], [0.0, 0.0, 0.0, 1.0]]}, "finger5joint2": {"matrix": [[-0.19827288389205933, -0.39538419246673584, -0.8968604207038879, -2.1126468181610107], [0.8046484589576721, 0.45682308077812195, -0.3792794346809387, -1.592193603515625], [0.5596680045127869, -0.7968584299087524, 0.2275698035955429, 0.6794300675392151], [0.0, 0.0, 0.0, 1.0]]}, "finger5joint3": {"matrix": [[-0.1846402883529663, 0.42319950461387634, -0.8870227932929993, -2.3844082355499268], [0.8634365200996399, 0.5009618401527405, 0.05927867069840431, -1.2782031297683716], [0.4694516062736511, -0.7549430131912231, -0.45790380239486694, 0.13172133266925812], [0.0, 0.0, 0.0, 1.0]]}, "Bone": {"matrix": [[0.8617070913314819, 0.3146877884864807, 0.39803555607795715, -1.7004199028015137], [-0.49695008993148804, 0.364982008934021, 0.7872917652130127, -0.4485934376716614], [0.10247525572776794, -0.876218855381012, 0.47089192271232605, 0.5223338603973389], [0.0, 0.0, 0.0, 1.0]]}, "finger1joint1": {"matrix": [[0.8347578644752502, -0.4627729058265686, 0.29836276173591614, -1.4385404586791992], [0.20412074029445648, 0.7633456587791443, 0.6128929257392883, -0.1448599100112915], [-0.5113842487335205, -0.45071518421173096, 0.731670618057251, -0.20684465765953064], [0.0, 0.0, 0.0, 1.0]]}, "finger1joint2": {"matrix": [[0.7133700847625732, -0.5887290239334106, 0.3801330327987671, -1.7000898122787476], [-0.007479523308575153, 0.5360095500946045, 0.8441785573959351, 0.2865665555000305], [-0.700747549533844, -0.605055034160614, 0.37797001004219055, -0.4615790545940399], [0.0, 0.0, 0.0, 1.0]]}, "finger1joint3": {"matrix": [[0.7693156599998474, -0.6379736065864563, 0.03380802646279335, -1.9524682760238647], [0.05839189887046814, 0.12291290611028671, 0.9906979203224182, 0.5163450241088867], [-0.6361948251724243, -0.7601854801177979, 0.13181151449680328, -0.7209562063217163], [0.0, 0.0, 0.0, 1.0]]}, "Bone.001": {"matrix": [[0.9579022526741028, 0.0999235287308693, 0.26914358139038086, -1.7004199028015137], [-0.24765168130397797, 0.7618266344070435, 0.5985718965530396, -0.4485933780670166], [-0.14522935450077057, -0.6400272846221924, 0.75450199842453, 0.5223338603973389], [0.0, 0.0, 0.0, 1.0]]}, "finger2joint1": {"matrix": [[0.70500248670578, -0.3759545087814331, -0.6013563275337219, -1.6370799541473389], [0.3722098767757416, -0.5256238579750061, 0.7649698853492737, 0.034316062927246094], [-0.6036811470985413, -0.7631367444992065, -0.23063211143016815, 0.11663109064102173], [0.0, 0.0, 0.0, 1.0]]}, "finger2joint2": {"matrix": [[0.7206593751907349, -0.3388529419898987, -0.6048375964164734, -1.9623366594314575], [0.2508595883846283, -0.6858516931533813, 0.6831372380256653, -0.4204268753528595], [-0.6463121175765991, -0.6440387964248657, -0.40926095843315125, -0.5435958504676819], [0.0, 0.0, 0.0, 1.0]]}, "finger2joint3": {"matrix": [[0.728179931640625, -0.2760215103626251, -0.6273482441902161, -2.090970754623413], [0.10848819464445114, -0.8573629260063171, 0.5031486749649048, -0.6807874441146851], [-0.6767451167106628, -0.4344428777694702, -0.5943695306777954, -0.788083553314209], [0.0, 0.0, 0.0, 1.0]]}, "Bone.002": {"matrix": [[0.7519127130508423, -0.5598202347755432, 0.34817883372306824, -1.7004197835922241], [0.34429672360420227, 0.7838407754898071, 0.5167717933654785, -0.4485934376716614], [-0.5622161030769348, -0.2686903178691864, 0.7821243405342102, 0.5223338603973389], [0.0, 0.0, 0.0, 1.0]]}, "finger3joint1": {"matrix": [[0.8036583662033081, -0.5783205032348633, 0.14028044044971466, -1.936389684677124], [0.2121940404176712, 0.49872198700904846, 0.8403866291046143, -0.11819666624069214], [-0.5559738874435425, -0.6456170678138733, 0.5235185027122498, 0.4090781807899475], [0.0, 0.0, 0.0, 1.0]]}, "finger3joint2": {"matrix": [[0.6960479617118835, 0.11377561092376709, -0.70892333984375, -2.4436819553375244], [0.2556208670139313, -0.9619391560554504, 0.09659582376480103, 0.31927305459976196], [-0.6709509491920471, -0.2484510987997055, -0.6986392140388489, -0.15724517405033112], [0.0, 0.0, 0.0, 1.0]]}, "finger3joint3": {"matrix": [[0.8101263046264648, 0.4996003210544586, -0.30674871802330017, -2.3700597286224365], [0.18769146502017975, -0.7167214155197144, -0.6716265082359314, -0.3031788468360901], [-0.5553982853889465, 0.4865280091762543, -0.6744056940078735, -0.3180129826068878], [0.0, 0.0, 0.0, 1.0]]}, "Bone.003": {"matrix": [[0.4014442265033722, -0.6331328749656677, 0.6618044972419739, -1.7004197835922241], [0.9111996293067932, 0.34907466173171997, -0.21877318620681763, -0.4485933780670166], [-0.09250650554895401, 0.6908614635467529, 0.7170446515083313, 0.5223339200019836], [0.0, 0.0, 0.0, 1.0]]}, "finger4joint1": {"matrix": [[0.8602249026298523, -0.0002132538502337411, 0.5099145770072937, -1.9717928171157837], [-0.19274820387363434, 0.9256687164306641, 0.32555335760116577, -0.2989732623100281], [-0.4720815420150757, -0.3783341348171234, 0.7962424755096436, 0.8184505701065063], [0.0, 0.0, 0.0, 1.0]]}, "finger4joint2": {"matrix": [[0.8696799874305725, -0.21621960401535034, 0.4437403082847595, -1.972004771232605], [-0.16515587270259857, 0.7196888327598572, 0.6743670105934143, 0.6205481290817261], [-0.46516647934913635, -0.6597698926925659, 0.5901894569396973, 0.4426289200782776], [0.0, 0.0, 0.0, 1.0]]}, "finger4joint3": {"matrix": [[0.8780587911605835, -0.26863452792167664, 0.3960401713848114, -2.0621819496154785], [-0.23425643146038055, 0.48036831617355347, 0.8452038764953613, 0.9207037091255188], [-0.41729626059532166, -0.8349138498306274, 0.35886263847351074, 0.16746337711811066], [0.0, 0.0, 0.0, 1.0]]}}