{"root": {"matrix": [[0.2891482412815094, -0.9536227583885193, -0.08364760130643845, 0.0], [-0.3422793745994568, -0.021386554464697838, -0.9393547773361206, 0.0], [0.8940011858940125, 0.300243616104126, -0.33258935809135437, 2.9802322387695312e-08], [0.0, 0.0, 0.0, 1.0]]}, "carpals": {"matrix": [[0.6428921222686768, -0.29021385312080383, -0.7088479995727539, -0.2701161205768585], [0.751180112361908, 0.057984862476587296, 0.6575453281402588, -0.6893812417984009], [-0.14972616732120514, -0.9552033543586731, 0.25528109073638916, 2.3530354499816895], [0.0, 0.0, 0.0, 1.0]]}, "metacarpals": {"matrix": [[0.5986373424530029, -0.7202749848365784, 0.35048121213912964, -0.5527826547622681], [0.0718943178653717, 0.484091192483902, 0.8720588684082031, -0.6329042315483093], [-0.7977871298789978, -0.49684932827949524, 0.34157896041870117, 1.422673225402832], [0.0, 0.0, 0.0, 1.0]]}, "finger5joint1": {"matrix": [[0.6190071105957031, -0.5811459422111511, 0.5282986164093018, -1.213038444519043], [0.020864130929112434, 0.684592068195343, 0.7286275625228882, -0.7279999852180481], [-0.7851080894470215, -0.440002977848053, 0.43589264154434204, 1.138606309890747], [0.0, 0.0, 0.0, 1.0]]}, "finger5joint2": {"matrix": [[0.4993433654308319, -0.3678041994571686, -0.7844589948654175, -1.8268866539001465], [0.7846689820289612, 0.575880765914917, 0.22946737706661224, -0.0048843324184417725], [0.3673560619354248, -0.7301235198974609, 0.576167106628418, 0.6738433241844177], [0.0, 0.0, 0.0, 1.0]]}, "finger5joint3": {"matrix": [[0.505253255367279, -0.2623113691806793, -0.8221383690834045, -2.0796914100646973], [0.8211753368377686, 0.4390319585800171, 0.3645837604999542, 0.3909386992454529], [0.2653108239173889, -0.8593268990516663, 0.437226265668869, 0.17200380563735962], [0.0, 0.0, 0.0, 1.0]]}, "Bone": {"matrix": [[0.771845281124115, 0.40677523612976074, 0.48865991830825806, -1.6773319244384766], [-0.5391725301742554, 0.01142844744026661, 0.8421176075935364, 0.1228964701294899], [0.3369678556919098, -0.9134566783905029, 0.22814323008060455, 0.6469534635543823], [0.0, 0.0, 0.0, 1.0]]}, "finger1joint1": {"matrix": [[0.7646647095680237, -0.5259320139884949, 0.3724019229412079, -1.3388186693191528], [0.00806883629411459, 0.5856478810310364, 0.8105252385139465, 0.13240709900856018], [-0.6443777084350586, -0.6167750954627991, 0.45206817984580994, -0.11321395635604858], [0.0, 0.0, 0.0, 1.0]]}, "finger1joint2": {"matrix": [[0.6253407001495361, -0.6653720736503601, 0.40771177411079407, -1.6360639333724976], [-0.2507995069026947, 0.3233853578567505, 0.9124260544776917, 0.46340256929397583], [-0.7389510273933411, -0.6728309988975525, 0.03535127267241478, -0.46180182695388794], [0.0, 0.0, 0.0, 1.0]]}, "finger1joint3": {"matrix": [[0.6874032020568848, -0.725561797618866, 0.032200202345848083, -1.9212977886199951], [-0.16880029439926147, -0.11648667603731155, 0.9787425994873047, 0.6020325422286987], [-0.7063875794410706, -0.6782262325286865, -0.202548086643219, -0.75023353099823], [0.0, 0.0, 0.0, 1.0]]}, "Bone.001": {"matrix": [[0.9158453941345215, 0.24289080500602722, 0.3197358548641205, -1.6773319244384766], [-0.400215208530426, 0.4877874255180359, 0.7758162617683411, 0.1228964626789093], [0.03247543424367905, -0.838490903377533, 0.5439466834068298, 0.6469534635543823], [0.0, 0.0, 0.0, 1.0]]}, "finger2joint1": {"matrix": [[0.8715253472328186, -0.1624482423067093, 0.4626595079898834, -1.5233674049377441], [-0.1691853255033493, 0.7859684824943542, 0.5946675539016724, 0.4320969581604004], [-0.46023860573768616, -0.5965429544448853, 0.6575078368186951, 0.11544778943061829], [0.0, 0.0, 0.0, 1.0]]}, "finger2joint2": {"matrix": [[0.8067635893821716, -0.468227744102478, 0.36040961742401123, -1.6639093160629272], [-0.15164360404014587, 0.4254567623138428, 0.8921829462051392, 1.112076759338379], [-0.571083664894104, -0.7744344472885132, 0.2722395360469818, -0.4006507098674774], [0.0, 0.0, 0.0, 1.0]]}, "finger2joint3": {"matrix": [[0.7122825980186462, -0.6911180019378662, -0.12251169979572296, -1.8416563272476196], [-0.18095256388187408, -0.3494569957256317, 0.919312596321106, 1.2735871076583862], [-0.6781662106513977, -0.6326416730880737, -0.37397152185440063, -0.6946387887001038], [0.0, 0.0, 0.0, 1.0]]}, "Bone.002": {"matrix": [[0.8206624984741211, -0.4229247272014618, 0.38424938917160034, -1.6773319244384766], [0.0410970114171505, 0.7143985033035278, 0.6985310316085815, 0.12289643287658691], [-0.569933295249939, -0.5574665665626526, 0.6036611795425415, 0.6469534635543823], [0.0, 0.0, 0.0, 1.0]]}, "finger3joint1": {"matrix": [[0.9200930595397949, -0.39079922437667847, 0.0265464186668396, -1.8555989265441895], [-0.05178968980908394, -0.054195936769247055, 0.9971862435340881, 0.4240226149559021], [-0.388261079788208, -0.918878972530365, -0.07010439783334732, 0.4119757115840912], [0.0, 0.0, 0.0, 1.0]]}, "finger3joint2": {"matrix": [[0.844992458820343, -0.06314616650342941, -0.5310369729995728, -2.1984007358551025], [-0.09835202246904373, -0.9944161176681519, -0.038252025842666626, 0.37648287415504456], [-0.5256564021110535, 0.08455103635787964, -0.8464846611022949, -0.39404791593551636], [0.0, 0.0, 0.0, 1.0]]}, "finger3joint3": {"matrix": [[0.9180716872215271, 0.09716497361660004, -0.3843218684196472, -2.2392613887786865], [-0.1397329866886139, -0.8279471397399902, -0.5431188344955444, -0.2669841945171356], [-0.3709704875946045, 0.5523242950439453, -0.7465376853942871, -0.339336633682251], [0.0, 0.0, 0.0, 1.0]]}, "Bone.003": {"matrix": [[0.5371702313423157, -0.6056900024414062, 0.5870159268379211, -1.6773319244384766], [0.7709127068519592, 0.6349513530731201, -0.050301168113946915, 0.12289649248123169], [-0.34225940704345703, 0.479558527469635, 0.8080111145973206, 0.6469534635543823], [0.0, 0.0, 0.0, 1.0]]}, "finger4joint1": {"matrix": [[0.7868896722793579, 0.16921007633209229, 0.5934411287307739, -1.9369423389434814], [-0.38771024346351624, 0.8837286233901978, 0.262114554643631, 0.39504897594451904], [-0.4800887107849121, -0.4363382160663605, 0.7610015869140625, 0.8525015115737915], [0.0, 0.0, 0.0, 1.0]]}, "finger4joint2": {"matrix": [[0.8018743395805359, -0.4318367540836334, 0.41293367743492126, -1.7688560485839844], [-0.3622167110443115, 0.19829218089580536, 0.9107572436332703, 1.2729088068008423], [-0.47518017888069153, -0.8798844814300537, 0.002587249968200922, 0.4190610349178314], [0.0, 0.0, 0.0, 1.0]]}, "finger4joint3": {"matrix": [[0.8288691639900208, -0.5579302906990051, -0.04110147804021835, -1.9489591121673584], [-0.3907305598258972, -0.629922091960907, 0.6712132692337036, 1.3556090593338013], [-0.4003811478614807, -0.5402887463569641, -0.7401233315467834, 0.052093878388404846], [0.0, 0.0, 0.0, 1.0]]}}