{"root": {"matrix": [[0.3528363108634949, 0.4002732038497925, 0.8457469344139099, 2.9802322387695312e-08], [-0.5965320467948914, 0.7925969958305359, -0.1262519210577011, 5.960464477539063e-08], [-0.7208718061447144, -0.45996880531311035, 0.5184327960014343, -2.9802322387695312e-08], [0.0, 0.0, 0.0, 1.0]]}, "carpals": {"matrix": [[-0.6307684779167175, -0.7749420404434204, -0.0399455688893795, 1.094639778137207], [0.0019975698087364435, -0.05309976637363434, 0.9985870718955994, -0.5590407848358154], [-0.7759684324264526, 0.6297974586486816, 0.03504170477390289, -2.1387431621551514], [0.0, 0.0, 0.0, 1.0]]}, "metacarpals": {"matrix": [[-0.5971407890319824, -0.6893988847732544, 0.4100630581378937, 0.33985090255737305], [0.08438917249441147, 0.4543834924697876, 0.8867997527122498, -0.6107596158981323], [-0.797684907913208, 0.5641492605209351, -0.21315307915210724, -1.5253243446350098], [0.0, 0.0, 0.0, 1.0]]}, "finger5joint1": {"matrix": [[-0.13197234272956848, -0.9847252368927002, 0.1135745495557785, -0.11747682094573975], [0.10643542557954788, 0.09983700513839722, 0.9892945885658264, -0.7310649156570435], [-0.9855225682258606, 0.14264775812625885, 0.09163400530815125, -0.9757310152053833], [0.0, 0.0, 0.0, 1.0]]}, "finger5joint2": {"matrix": [[0.10558540374040604, -0.9899036884307861, -0.09456008672714233, -1.1576149463653564], [0.9893592596054077, 0.11414486169815063, -0.09021442383527756, -0.625609815120697], [0.10009723901748657, -0.0840286836028099, 0.9914229512214661, -0.8250560760498047], [0.0, 0.0, 0.0, 1.0]]}, "finger5joint3": {"matrix": [[0.017756568267941475, -0.9580509662628174, -0.28604593873023987, -1.838010311126709], [0.9991542100906372, 0.02761276625096798, -0.030460327863693237, -0.5471540093421936], [0.03708112984895706, -0.28526338934898376, 0.9577314257621765, -0.8828120231628418], [0.0, 0.0, 0.0, 1.0]]}, "Bone": {"matrix": [[0.551708996295929, -0.76117342710495, 0.3409280478954315, -0.7364920973777771], [-0.5092458128929138, 0.016292808577418327, 0.860466718673706, 0.09865918755531311], [-0.6605191230773926, -0.6483436822891235, -0.3786354959011078, -0.6445306539535522], [0.0, 0.0, 0.0, 1.0]]}, "finger1joint1": {"matrix": [[-0.2585270404815674, -0.4017288386821747, 0.8785086274147034, -1.3699313402175903], [-0.09635543078184128, 0.9156139492988586, 0.39034131169319153, 0.11221790313720703], [-0.961186408996582, 0.016264615580439568, -0.2754196226596832, -1.1840742826461792], [0.0, 0.0, 0.0, 1.0]]}, "finger1joint2": {"matrix": [[-0.5056332945823669, -0.6192284822463989, 0.600741982460022, -1.5969797372817993], [-0.22891569137573242, 0.7676464319229126, 0.5985952615737915, 0.6297030448913574], [-0.8318248987197876, 0.16515029966831207, -0.5298986434936523, -1.1748818159103394], [0.0, 0.0, 0.0, 1.0]]}, "finger1joint3": {"matrix": [[-0.4191349148750305, -0.8529219627380371, 0.3112071454524994, -1.862432837486267], [-0.19512499868869781, 0.41937902569770813, 0.8865929841995239, 0.9587805271148682], [-0.8867087364196777, 0.31087765097618103, -0.342202752828598, -1.1040846109390259], [0.0, 0.0, 0.0, 1.0]]}, "Bone.001": {"matrix": [[0.297779381275177, -0.7447109222412109, 0.5972710251808167, -0.7364922761917114], [-0.36846569180488586, 0.4875100553035736, 0.791559636592865, 0.09865918755531311], [-0.8806589245796204, -0.4557842016220093, -0.12922991812229156, -0.6445306539535522], [0.0, 0.0, 0.0, 1.0]]}, "finger2joint1": {"matrix": [[-0.5154502987861633, -0.8095399737358093, 0.2809906005859375, -1.2085522413253784], [0.007528865709900856, 0.32361671328544617, 0.9461581110954285, 0.407683789730072], [-0.8568863272666931, 0.48981302976608276, -0.16071338951587677, -0.9334448575973511], [0.0, 0.0, 0.0, 1.0]]}, "finger2joint2": {"matrix": [[-0.6102986335754395, -0.6009981036186218, -0.5160780549049377, -1.9089250564575195], [-0.0507061742246151, -0.6204996705055237, 0.7825654745101929, 0.6876605153083801], [-0.7905469536781311, 0.5037669539451599, 0.3482157289981842, -0.5096836090087891], [0.0, 0.0, 0.0, 1.0]]}, "finger2joint3": {"matrix": [[-0.6266332268714905, -0.1212625652551651, -0.7698218822479248, -2.1370737552642822], [-0.19126154482364655, -0.933678388595581, 0.30275958776474, 0.45210862159729004], [-0.7554797530174255, 0.33695662021636963, 0.5618810653686523, -0.3184453845024109], [0.0, 0.0, 0.0, 1.0]]}, "Bone.002": {"matrix": [[-0.31525471806526184, -0.6678284406661987, 0.6742546558380127, -0.7364921569824219], [0.06340900808572769, 0.6940734386444092, 0.7171061038970947, 0.09865918755531311], [-0.9468863606452942, 0.26882484555244446, -0.1764635145664215, -0.6445306539535522], [0.0, 0.0, 0.0, 1.0]]}, "finger3joint1": {"matrix": [[-0.17845506966114044, -0.9812995791435242, -0.07214352488517761, -1.0179885625839233], [-0.01504743192344904, -0.0705903172492981, 0.9973917603492737, 0.3912181258201599], [-0.9838330745697021, 0.17907500267028809, -0.002168837236240506, -0.5312182903289795], [0.0, 0.0, 0.0, 1.0]]}, "finger3joint2": {"matrix": [[-0.32844078540802, -0.481137216091156, -0.8127935528755188, -1.8787665367126465], [-0.06470029801130295, -0.847050130367279, 0.5275601148605347, 0.32929760217666626], [-0.9423060417175293, 0.22586017847061157, 0.24707600474357605, -0.3741369843482971], [0.0, 0.0, 0.0, 1.0]]}, "finger3joint3": {"matrix": [[-0.21054157614707947, -0.05399515852332115, -0.9760924577713013, -2.19010066986084], [-0.19444043934345245, -0.9762110114097595, 0.09594204276800156, -0.21881186962127686], [-0.9580528736114502, 0.2099916636943817, 0.195033997297287, -0.22798731923103333], [0.0, 0.0, 0.0, 1.0]]}, "Bone.003": {"matrix": [[-0.191004678606987, 0.27649354934692383, 0.9418430924415588, -0.7364921569824219], [0.7853525280952454, 0.618645191192627, -0.02234470099210739, 0.09865918755531311], [-0.5888449549674988, 0.7354111075401306, -0.3353089690208435, -0.6445306539535522], [0.0, 0.0, 0.0, 1.0]]}, "finger4joint1": {"matrix": [[-0.21345262229442596, -0.7733746767044067, 0.596933126449585, -0.6179816126823425], [-0.19634880125522614, 0.6325074434280396, 0.7492536306381226, 0.3638225793838501], [-0.9570188522338867, 0.042722951620817184, -0.2868615686893463, -0.32931914925575256], [0.0, 0.0, 0.0, 1.0]]}, "finger4joint2": {"matrix": [[-0.2195580154657364, -0.9442347884178162, 0.24538631737232208, -1.3862203359603882], [-0.16729329526424408, 0.28423672914505005, 0.9440455436706543, 0.9921295642852783], [-0.9611487984657288, 0.16622120141983032, -0.22037068009376526, -0.28687992691993713], [0.0, 0.0, 0.0, 1.0]]}, "finger4joint3": {"matrix": [[-0.14387379586696625, -0.9889854788780212, -0.0347495898604393, -1.7800257205963135], [-0.20413389801979065, -0.004699970129877329, 0.9789314866065979, 1.1106741428375244], [-0.9683126211166382, 0.14793607592582703, -0.20120936632156372, -0.2175552248954773], [0.0, 0.0, 0.0, 1.0]]}}