{"root": {"matrix": [[0.3221701383590698, -0.8584877252578735, 0.39900532364845276, 0.0], [0.09850748628377914, -0.38878926634788513, -0.9160454273223877, 0.0], [0.9415426850318909, 0.33442747592926025, -0.040688902139663696, 0.0], [0.0, 0.0, 0.0, 1.0]]}, "carpals": {"matrix": [[-0.7193477153778076, -0.5485404133796692, -0.4261947572231293, -0.1565811038017273], [0.5777243375778198, -0.13175517320632935, -0.8055277466773987, -0.054793521761894226], [0.3857113718986511, -0.8256776928901672, 0.4116828739643097, 2.4611918926239014], [0.0, 0.0, 0.0, 1.0]]}, "metacarpals": {"matrix": [[-0.9384384155273438, -0.34244316816329956, 0.04545086994767189, -0.6908560395240784], [0.016294773668050766, -0.1753065139055252, -0.9843789935112, -0.18312227725982666], [0.3450618088245392, -0.9230384230613708, 0.17009420692920685, 1.6569867134094238], [0.0, 0.0, 0.0, 1.0]]}, "finger5joint1": {"matrix": [[-0.9164702296257019, -0.39914241433143616, 0.027701344341039658, -0.7403112649917603], [-0.12344575673341751, 0.21622712910175323, -0.9685075283050537, 0.1189180314540863], [0.3805828094482422, -0.8910278677940369, -0.24743837118148804, 0.9997192621231079], [0.0, 0.0, 0.0, 1.0]]}, "finger5joint2": {"matrix": [[-0.09855590015649796, -0.9349836707115173, 0.3407222032546997, -1.161914348602295], [-0.9531540274620056, 0.18708795309066772, 0.2376870959997177, 0.3473127484321594], [-0.2859787940979004, -0.301334947347641, -0.909622311592102, 0.05855122208595276], [0.0, 0.0, 0.0, 1.0]]}, "finger5joint3": {"matrix": [[-0.20401927828788757, -0.9753279089927673, 0.08432713896036148, -1.8045612573623657], [-0.9431594610214233, 0.21891020238399506, 0.2500561475753784, 0.4759048521518707], [-0.2623469829559326, -0.02851729653775692, -0.9645517468452454, -0.1485668569803238], [0.0, 0.0, 0.0, 1.0]]}, "Bone": {"matrix": [[0.18829336762428284, -0.9774013757705688, -0.09608335047960281, -1.2255048751831055], [0.25833460688591003, 0.1436791568994522, -0.955311119556427, -0.4568244218826294], [0.9475275874137878, 0.15505725145339966, 0.2795502543449402, 0.21586748957633972], [0.0, 0.0, 0.0, 1.0]]}, "finger1joint1": {"matrix": [[-0.8692084550857544, -0.4822733700275421, 0.10903608053922653, -2.038886547088623], [-0.00018379649554844946, -0.22020666301250458, -0.9754531383514404, -0.33725643157958984], [0.4944456219673157, -0.8478921055793762, 0.19131669402122498, 0.34490418434143066], [0.0, 0.0, 0.0, 1.0]]}, "finger1joint2": {"matrix": [[-0.8513123393058777, -0.09829667955636978, -0.5153687000274658, -2.3114569187164307], [0.30121317505836487, 0.7127095460891724, -0.6334947943687439, -0.46171241998672485], [0.4295787811279297, -0.6945376396179199, -0.577130138874054, -0.13430607318878174], [0.0, 0.0, 0.0, 1.0]]}, "finger1joint3": {"matrix": [[-0.8949462175369263, 0.4454204738140106, -0.025920944288372993, -2.353595018386841], [0.20915761590003967, 0.4701414704322815, 0.8574497103691101, -0.156185582280159], [0.39411231875419617, 0.7619497179985046, -0.513914167881012, -0.4320429265499115], [0.0, 0.0, 0.0, 1.0]]}, "Bone.001": {"matrix": [[-0.16619476675987244, -0.9505494236946106, 0.2623637914657593, -1.225504994392395], [0.17714548110961914, -0.29051530361175537, -0.9403297901153564, -0.4568244218826294], [0.9700507521629333, -0.10980130732059479, 0.21666747331619263, 0.21586747467517853], [0.0, 0.0, 0.0, 1.0]]}, "finger2joint1": {"matrix": [[-0.8892104029655457, -0.45263707637786865, -0.06651425361633301, -1.82804274559021], [0.05971205607056618, 0.029317833483219147, -0.9977849125862122, -0.6409773230552673], [0.45358461141586304, -0.8912124633789062, 0.0009579936158843338, 0.14626622200012207], [0.0, 0.0, 0.0, 1.0]]}, "finger2joint2": {"matrix": [[-0.9165322184562683, -0.2632570266723633, -0.3011050224304199, -2.2196412086486816], [0.15407006442546844, 0.46235162019729614, -0.8732085824012756, -0.6156129837036133], [0.3690948784351349, -0.8467148542404175, -0.3832002282142639, -0.6247652769088745], [0.0, 0.0, 0.0, 1.0]]}, "finger2joint3": {"matrix": [[-0.9100831747055054, 0.26578521728515625, -0.31797245144844055, -2.319577932357788], [0.28348714113235474, 0.9589254260063171, -0.009839504025876522, -0.44009676575660706], [0.30229684710502625, -0.09909571707248688, -0.9480485916137695, -0.9461920857429504], [0.0, 0.0, 0.0, 1.0]]}, "Bone.002": {"matrix": [[-0.7860127091407776, -0.5326370000839233, 0.31381794810295105, -1.225504994392395], [-0.060819629579782486, -0.43853652477264404, -0.8966529965400696, -0.4568244218826294], [0.6152113080024719, -0.723866879940033, 0.31230026483535767, 0.21586748957633972], [0.0, 0.0, 0.0, 1.0]]}, "finger3joint1": {"matrix": [[-0.6987171173095703, -0.6731047630310059, -0.24233099818229675, -1.450016736984253], [-0.023100366815924644, 0.3597872257232666, -0.9327483177185059, -0.6416719555854797], [0.7150251269340515, -0.6461290121078491, -0.26693853735923767, -0.0892496109008789], [0.0, 0.0, 0.0, 1.0]]}, "finger3joint2": {"matrix": [[-0.7864264845848083, -0.2409469038248062, -0.5687512159347534, -2.040452003479004], [0.07028231024742126, 0.8798949718475342, -0.4699416160583496, -0.32607322931289673], [0.6136724352836609, -0.40954744815826416, -0.6750383377075195, -0.6560220718383789], [0.0, 0.0, 0.0, 1.0]]}, "finger3joint3": {"matrix": [[-0.690555214881897, 0.04781677946448326, -0.721697211265564, -2.196363925933838], [0.19187618792057037, 0.97417151927948, -0.11905177682638168, 0.24328944087028503], [0.6973643898963928, -0.22068817913532257, -0.6818939447402954, -0.9210321307182312], [0.0, 0.0, 0.0, 1.0]]}, "Bone.003": {"matrix": [[-0.6297631859779358, 0.5063642859458923, 0.589061439037323, -1.225504994392395], [-0.7488383054733276, -0.5973399877548218, -0.2870995104312897, -0.456824392080307], [0.20649296045303345, -0.621916651725769, 0.7553675174713135, 0.21586745977401733], [0.0, 0.0, 0.0, 1.0]]}, "finger4joint1": {"matrix": [[-0.6533057689666748, -0.6791585087776184, 0.33456677198410034, -1.008467435836792], [0.22883132100105286, -0.598375141620636, -0.7678431868553162, -0.7128558158874512], [0.721683919429779, -0.425076961517334, 0.5463345646858215, -0.05069810152053833], [0.0, 0.0, 0.0, 1.0]]}, "finger4joint2": {"matrix": [[-0.6621201038360596, -0.7322036623954773, -0.15960681438446045, -1.6831157207489014], [0.2001846879720688, 0.032428327947854996, -0.9792212247848511, -1.3072572946548462], [0.7221653461456299, -0.6803128123283386, 0.12510448694229126, -0.4729521572589874], [0.0, 0.0, 0.0, 1.0]]}, "finger4joint3": {"matrix": [[-0.5965574383735657, -0.5937819480895996, -0.5399460792541504, -1.9884907007217407], [0.21109938621520996, 0.532990038394928, -0.8193646669387817, -1.2937326431274414], [0.7743099927902222, -0.602780282497406, -0.19261214137077332, -0.7566853761672974], [0.0, 0.0, 0.0, 1.0]]}}