{"root": {"matrix": [[0.5137543678283691, -0.8473336696624756, 0.13446976244449615, -5.960464477539063e-08], [0.4764253795146942, 0.15142129361629486, -0.8660776019096375, 1.4901161193847656e-08], [0.7134951949119568, 0.5090159773826599, 0.4814845323562622, 5.960464477539063e-08], [0.0, 0.0, 0.0, 1.0]]}, "carpals": {"matrix": [[0.3149930536746979, -0.46136611700057983, -0.829409658908844, 0.3173401951789856], [0.6725072264671326, -0.5081506371498108, 0.5380676984786987, 1.3230071067810059], [-0.6697112321853638, -0.727271556854248, 0.1502082496881485, 2.057652473449707], [0.0, 0.0, 0.0, 1.0]]}, "metacarpals": {"matrix": [[0.5219053030014038, -0.8516641855239868, -0.04777712747454643, -0.13202762603759766], [0.1366560459136963, 0.028193924576044083, 0.9902172088623047, 0.8280714750289917], [-0.8419855833053589, -0.5233285427093506, 0.131099671125412, 1.3492941856384277], [0.0, 0.0, 0.0, 1.0]]}, "finger5joint1": {"matrix": [[0.3806268572807312, -0.9184267520904541, -0.10777411609888077, -0.6899688839912415], [0.17425057291984558, -0.04322458803653717, 0.9837521314620972, 0.41283923387527466], [-0.9081628322601318, -0.39322200417518616, 0.1435839980840683, 1.144455909729004], [0.0, 0.0, 0.0, 1.0]]}, "finger5joint2": {"matrix": [[-0.0024569632951170206, -0.6268377304077148, -0.7791455984115601, -1.660077452659607], [0.9660553932189941, 0.19978447258472443, -0.16377690434455872, 0.36718228459358215], [0.2583227753639221, -0.7531000375747681, 0.6050693988800049, 0.7291065454483032], [0.0, 0.0, 0.0, 1.0]]}, "finger5joint3": {"matrix": [[-0.018065936863422394, -0.23305901885032654, -0.9722944498062134, -2.0909249782562256], [0.9880324006080627, 0.14482685923576355, -0.05307340621948242, 0.5045011639595032], [0.15318362414836884, -0.9616172909736633, 0.22765374183654785, 0.2114744633436203], [0.0, 0.0, 0.0, 1.0]]}, "Bone": {"matrix": [[0.9230104088783264, 0.37376275658607483, 0.09139435738325119, -1.4617118835449219], [-0.09038951992988586, -0.020255867391824722, 0.9957004189491272, 0.8720899820327759], [0.37400686740875244, -0.9273030161857605, 0.015087883919477463, 0.5322329998016357], [0.0, 0.0, 0.0, 1.0]]}, "finger1joint1": {"matrix": [[0.6586273908615112, -0.7099807262420654, 0.24927295744419098, -1.1506712436676025], [0.1802998185157776, 0.4705263078212738, 0.863768994808197, 0.8552333116531372], [-0.7305489778518677, -0.5239579677581787, 0.43791094422340393, -0.23945707082748413], [0.0, 0.0, 0.0, 1.0]]}, "finger1joint2": {"matrix": [[0.5655282139778137, -0.7976247072219849, 0.20969592034816742, -1.5519368648529053], [-0.10068920254707336, 0.18558341264724731, 0.9774560928344727, 1.1211645603179932], [-0.8185594081878662, -0.5738929510116577, 0.0246405191719532, -0.5355868339538574], [0.0, 0.0, 0.0, 1.0]]}, "finger1joint3": {"matrix": [[0.6127369999885559, -0.7649930715560913, -0.19833983480930328, -1.8938655853271484], [-0.007921983487904072, -0.25690507888793945, 0.966404139995575, 1.2007211446762085], [-0.7902472019195557, -0.5905802249908447, -0.16347536444664001, -0.7816052436828613], [0.0, 0.0, 0.0, 1.0]]}, "Bone.001": {"matrix": [[0.9989631175994873, 0.025688858702778816, -0.03758104890584946, -1.4617120027542114], [0.0261685848236084, 0.3514527678489685, 0.9358397126197815, 0.8720900416374207], [0.03724852576851845, -0.9358528852462769, 0.3504161834716797, 0.5322330594062805], [0.0, 0.0, 0.0, 1.0]]}, "finger2joint1": {"matrix": [[0.8096242547035217, -0.5863075256347656, -0.027416404336690903, -1.4454281330108643], [0.1575637012720108, 0.1721072494983673, 0.9723953008651733, 1.0948702096939087], [-0.5654042363166809, -0.7915946245193481, 0.23172304034233093, -0.060988783836364746], [0.0, 0.0, 0.0, 1.0]]}, "finger2joint2": {"matrix": [[0.7523410320281982, -0.5067791938781738, -0.42090079188346863, -1.9526714086532593], [0.08194335550069809, -0.5619632601737976, 0.8230932354927063, 1.2437686920166016], [-0.6536574959754944, -0.6537367701530457, -0.3812607228755951, -0.745836079120636], [0.0, 0.0, 0.0, 1.0]]}, "finger2joint3": {"matrix": [[0.723828911781311, -0.07606412470340729, -0.6857736706733704, -2.1450531482696533], [-0.056928884238004684, -0.997099757194519, 0.05050748586654663, 1.0304381847381592], [-0.6876267194747925, 0.0024815304204821587, -0.7260598540306091, -0.9940052032470703], [0.0, 0.0, 0.0, 1.0]]}, "Bone.002": {"matrix": [[0.7344037890434265, -0.6766648292541504, 0.05268334597349167, -1.4617118835449219], [0.24908342957496643, 0.34091469645500183, 0.9064958095550537, 0.8720899820327759], [-0.6313544511795044, -0.6526111960411072, 0.4189150631427765, 0.5322329998016357], [0.0, 0.0, 0.0, 1.0]]}, "finger3joint1": {"matrix": [[0.6049734950065613, -0.5207200050354004, -0.6023766398429871, -1.746932864189148], [0.13621117174625397, -0.6776899099349976, 0.722622275352478, 1.0157890319824219], [-0.7845085263252258, -0.5192176103591919, -0.3390563428401947, 0.2571508586406708], [0.0, 0.0, 0.0, 1.0]]}, "finger3joint2": {"matrix": [[0.5379318594932556, -0.08134099096059799, -0.8390547633171082, -2.2036988735198975], [-0.0007968762656673789, -0.9953824281692505, 0.09598498791456223, 0.4213319420814514], [-0.8429878950119019, -0.05096476897597313, -0.5355125665664673, -0.19829721748828888], [0.0, 0.0, 0.0, 1.0]]}, "finger3joint3": {"matrix": [[0.6666623950004578, 0.1495567262172699, -0.7302013039588928, -2.256333112716675], [-0.06631080061197281, -0.9638778567314148, -0.25795817375183105, -0.22276043891906738], [-0.7424042820930481, 0.2203911691904068, -0.6326636075973511, -0.2312755286693573], [0.0, 0.0, 0.0, 1.0]]}, "Bone.003": {"matrix": [[0.17058931291103363, -0.8196298480033875, 0.5469058752059937, -1.4617118835449219], [0.8296061754226685, 0.41895052790641785, 0.36909905076026917, 0.8720901012420654], [-0.531650960445404, 0.39075225591659546, 0.7514383792877197, 0.5322329998016357], [0.0, 0.0, 0.0, 1.0]]}, "finger4joint1": {"matrix": [[0.8988044261932373, -0.19909308850765228, 0.39052814245224, -1.8130210638046265], [-0.13012287020683289, 0.7295671701431274, 0.671416163444519, 1.0516602993011475], [-0.4185910224914551, -0.6542883515357971, 0.6298315525054932, 0.6997170448303223], [0.0, 0.0, 0.0, 1.0]]}, "finger4joint2": {"matrix": [[0.9013778567314148, -0.37377414107322693, -0.21865588426589966, -2.0107920169830322], [-0.10037527978420258, -0.671532154083252, 0.7341452240943909, 1.7763824462890625], [-0.42123913764953613, -0.6397945880889893, -0.6428217887878418, 0.04977382719516754], [0.0, 0.0, 0.0, 1.0]]}, "finger4joint3": {"matrix": [[0.9324303865432739, -0.00203919131308794, -0.3613431751728058, -2.1666793823242188], [-0.05493488535284996, -0.989160418510437, -0.13617530465126038, 1.4963113069534302], [-0.3571488559246063, 0.1468242108821869, -0.9224352240562439, -0.21706075966358185], [0.0, 0.0, 0.0, 1.0]]}}