{"root": {"matrix": [[0.667832612991333, -0.521602988243103, 0.5309707522392273, -5.960464477539063e-08], [0.20544449985027313, 0.8148378729820251, 0.5420625805854797, 0.0], [-0.715396523475647, -0.2529219686985016, 0.6513358354568481, 0.0], [0.0, 0.0, 0.0, 1.0]]}, "carpals": {"matrix": [[0.04866999015212059, -0.7449795603752136, -0.6653091907501221, 0.9400373697280884], [-0.5227310657501221, -0.5865921378135681, 0.6185964941978455, 1.2012418508529663], [-0.8511071801185608, 0.31767064332962036, -0.41797348856925964, -1.938641905784607], [0.0, 0.0, 0.0, 1.0]]}, "metacarpals": {"matrix": [[-0.19008347392082214, -0.9485298991203308, -0.25329604744911194, 0.2144317626953125], [-0.8310020565986633, 0.01806308515369892, 0.5559757947921753, 0.6299046277999878], [-0.5227846503257751, 0.3161713480949402, -0.7916639447212219, -1.62923264503479], [0.0, 0.0, 0.0, 1.0]]}, "finger5joint1": {"matrix": [[-0.46313825249671936, -0.886147141456604, -0.01567494496703148, -0.1893143653869629], [-0.7930136919021606, 0.4064355790615082, 0.45380523800849915, 0.5573146939277649], [-0.3957676589488983, 0.22260510921478271, -0.8909628391265869, -1.0314077138900757], [0.0, 0.0, 0.0, 1.0]]}, "finger5joint2": {"matrix": [[0.25185343623161316, -0.9638839364051819, 0.08658329397439957, -1.1253269910812378], [0.42788761854171753, 0.1911553591489792, 0.8833863139152527, 0.9866212010383606], [-0.8680331110954285, -0.18543611466884613, 0.4605775773525238, -0.7962761521339417], [0.0, 0.0, 0.0, 1.0]]}, "finger5joint3": {"matrix": [[0.15561939775943756, -0.9835104942321777, -0.0921349748969078, -1.787838101387024], [0.3945784270763397, -0.023616619408130646, 0.9185584783554077, 1.118009090423584], [-0.9055881500244141, -0.1793002039194107, 0.3843972086906433, -0.9237329363822937], [0.0, 0.0, 0.0, 1.0]]}, "Bone": {"matrix": [[0.9257673025131226, -0.3023977279663086, -0.22695840895175934, -1.2664867639541626], [-0.1931600421667099, -0.8942924737930298, 0.4036458134651184, 0.6581062078475952], [-0.32502880692481995, -0.32984307408332825, -0.886318027973175, -1.1356014013290405], [0.0, 0.0, 0.0, 1.0]]}, "finger1joint1": {"matrix": [[0.38485750555992126, -0.717089056968689, -0.5810917019844055, -1.5181384086608887], [-0.5166615843772888, -0.6890789866447449, 0.50816410779953, -0.08611303567886353], [-0.7648172378540039, 0.10465683788061142, -0.6356897354125977, -1.4100927114486694], [0.0, 0.0, 0.0, 1.0]]}, "finger1joint2": {"matrix": [[0.5577656626701355, -0.5438549518585205, -0.6269919276237488, -1.9234216213226318], [-0.6329576969146729, -0.7673652768135071, 0.10254262387752533, -0.47556552290916443], [-0.5369003415107727, 0.3396645486354828, -0.7722473740577698, -1.350942850112915], [0.0, 0.0, 0.0, 1.0]]}, "finger1joint3": {"matrix": [[0.5109756588935852, -0.1803351789712906, -0.840465784072876, -2.1565632820129395], [-0.59073805809021, -0.7839450836181641, -0.1909414529800415, -0.8045223951339722], [-0.6244457960128784, 0.5940614938735962, -0.5071079134941101, -1.2053344249725342], [0.0, 0.0, 0.0, 1.0]]}, "Bone.001": {"matrix": [[0.7352495193481445, -0.6714193224906921, -0.09275645017623901, -1.2664867639541626], [-0.4352841377258301, -0.5726385712623596, 0.6947031617164612, 0.6581062078475952], [-0.5195531845092773, -0.47040504217147827, -0.7132905721664429, -1.135601282119751], [0.0, 0.0, 0.0, 1.0]]}, "finger2joint1": {"matrix": [[0.026743821799755096, -0.5932577848434448, -0.8045678734779358, -1.6920886039733887], [-0.7759909629821777, -0.5197034478187561, 0.3574157655239105, 0.2951199412345886], [-0.6301767230033875, 0.6147788166999817, -0.47426170110702515, -1.4337834119796753], [0.0, 0.0, 0.0, 1.0]]}, "finger2joint2": {"matrix": [[0.04722236469388008, -0.20067471265792847, -0.9785189032554626, -2.2053446769714355], [-0.8495045304298401, -0.5233933925628662, 0.06634139269590378, -0.15450096130371094], [-0.5254637002944946, 0.8281235098838806, -0.19519010186195374, -0.9019081592559814], [0.0, 0.0, 0.0, 1.0]]}, "finger2joint3": {"matrix": [[0.11113721132278442, 0.1567171812057495, -0.9813703298568726, -2.281524181365967], [-0.9064371585845947, -0.38888049125671387, -0.16475234925746918, -0.3531896471977234], [-0.40745556354522705, 0.9078608751296997, 0.09883508086204529, -0.5875388979911804], [0.0, 0.0, 0.0, 1.0]]}, "Bone.002": {"matrix": [[0.06021614000201225, -0.997899055480957, 0.023897157981991768, -1.2664867639541626], [-0.7221535444259644, -0.027024121955037117, 0.6912046074867249, 0.6581061482429504], [-0.6891069412231445, -0.058879196643829346, -0.7222636938095093, -1.1356014013290405], [0.0, 0.0, 0.0, 1.0]]}, "finger3joint1": {"matrix": [[0.6736392974853516, -0.657573938369751, 0.3373517394065857, -1.6871109008789062], [-0.631505012512207, -0.27500930428504944, 0.7249629497528076, 0.6467152237892151], [-0.3839420974254608, -0.7014031410217285, -0.6005182266235352, -1.1604195833206177], [0.0, 0.0, 0.0, 1.0]]}, "finger3joint2": {"matrix": [[0.547586977481842, -0.13546893000602722, -0.8257095217704773, -2.263922691345215], [-0.6946874856948853, -0.6236807703971863, -0.35837340354919434, 0.40548214316368103], [-0.4664309322834015, 0.7698507905006409, -0.43562835454940796, -1.7756774425506592], [0.0, 0.0, 0.0, 1.0]]}, "finger3joint3": {"matrix": [[0.6712382435798645, 0.4833853244781494, -0.5619406700134277, -2.3515822887420654], [-0.6546043753623962, 0.03090549446642399, -0.7553395628929138, 0.0019105849787592888], [-0.3477531969547272, 0.874862015247345, 0.3371710777282715, -1.2775222063064575], [0.0, 0.0, 0.0, 1.0]]}, "Bone.003": {"matrix": [[-0.4602108895778656, -0.47436511516571045, 0.7504554390907288, -1.2664868831634521], [-0.12391837686300278, 0.8713359236717224, 0.47478193044662476, 0.6581060886383057], [-0.8791189789772034, 0.12550471723079681, -0.45978087186813354, -1.1356014013290405], [0.0, 0.0, 0.0, 1.0]]}, "finger4joint1": {"matrix": [[-0.5995222926139832, -0.7981538772583008, -0.059353288263082504, -1.46980881690979], [-0.7157111763954163, 0.5014477372169495, 0.4861145615577698, 1.0315775871276855], [-0.35823193192481995, 0.3339165449142456, -0.8718770146369934, -1.0818076133728027], [0.0, 0.0, 0.0, 1.0]]}, "finger4joint2": {"matrix": [[-0.6186951994895935, -0.18785563111305237, -0.7628405690193176, -2.262662172317505], [-0.694507896900177, -0.3231213688850403, 0.6428460478782654, 1.5296952724456787], [-0.3672526180744171, 0.927524983882904, 0.06944651156663895, -0.7501085996627808], [0.0, 0.0, 0.0, 1.0]]}, "finger4joint3": {"matrix": [[-0.5897125005722046, 0.4433304965496063, -0.6750529408454895, -2.3410098552703857], [-0.6745738387107849, -0.7299821972846985, 0.10988979786634445, 1.3949333429336548], [-0.44405943155288696, 0.5201766490936279, 0.7295390963554382, -0.36327236890792847], [0.0, 0.0, 0.0, 1.0]]}}