{"root": {"matrix": [[0.3219161629676819, -0.7523941397666931, -0.5746938586235046, 0.0], [-0.751732587814331, 0.16588535904884338, -0.6382634043693542, 0.0], [0.5755588412284851, 0.6374834179878235, -0.5121980905532837, 0.0], [0.0, 0.0, 0.0, 1.0]]}, "carpals": {"matrix": [[0.757870078086853, -0.5590969920158386, -0.3362191915512085, 0.0561600923538208], [0.5730600357055664, 0.32416921854019165, 0.7526726126670837, -1.4658946990966797], [-0.31182506680488586, -0.7631019949913025, 0.5660744905471802, 1.9831750392913818], [0.0, 0.0, 0.0, 1.0]]}, "metacarpals": {"matrix": [[0.4539397358894348, -0.7698408365249634, 0.4486464858055115, -0.4883970022201538], [0.0028083266224712133, 0.5047466158866882, 0.8632627725601196, -1.1501559019088745], [-0.8910278677940369, -0.3906093239784241, 0.2312866747379303, 1.2399182319641113], [0.0, 0.0, 0.0, 1.0]]}, "finger5joint1": {"matrix": [[0.21169404685497284, -0.9773359298706055, -0.00018286422709934413, -1.1919307708740234], [0.21698610484600067, 0.046817388385534286, 0.9750511050224304, -1.2177236080169678], [-0.9529440402984619, -0.20645220577716827, 0.22197946906089783, 1.078210473060608], [0.0, 0.0, 0.0, 1.0]]}, "finger5joint2": {"matrix": [[-0.008717747405171394, -0.21894091367721558, -0.9756988883018494, -2.224263906478882], [0.9924845695495605, 0.11720464378595352, -0.035167817026376724, -1.1682716608047485], [0.12205633521080017, -0.9686729907989502, 0.2162739634513855, 0.8601407408714294], [0.0, 0.0, 0.0, 1.0]]}, "finger5joint3": {"matrix": [[0.02461058646440506, 0.39821621775627136, -0.9169610738754272, -2.3747496604919434], [0.9995161890983582, 0.007630949839949608, 0.03014017641544342, -1.0877127647399902], [0.018999764695763588, -0.917259693145752, -0.39783576130867004, 0.1943378895521164], [0.0, 0.0, 0.0, 1.0]]}, "Bone": {"matrix": [[0.7899840474128723, 0.24207013845443726, 0.5633178949356079, -1.6903321743011475], [-0.5694324970245361, -0.05095776543021202, 0.820456862449646, -0.3621063232421875], [0.22731351852416992, -0.9689196348190308, 0.09758692234754562, 0.6300687193870544], [0.0, 0.0, 0.0, 1.0]]}, "finger1joint1": {"matrix": [[0.8002772927284241, -0.5843683481216431, -0.13442356884479523, -1.4888845682144165], [-0.034609392285346985, -0.2688186764717102, 0.9625685811042786, -0.4045127034187317], [-0.5986303091049194, -0.7656697034835815, -0.23535403609275818, -0.1762542724609375], [0.0, 0.0, 0.0, 1.0]]}, "finger1joint2": {"matrix": [[0.814730703830719, -0.5768271088600159, -0.05902836471796036, -1.8191568851470947], [-0.3206438422203064, -0.5330148339271545, 0.7829957604408264, -0.5564432740211487], [-0.4831162989139557, -0.6190037727355957, -0.6192196011543274, -0.60899418592453], [0.0, 0.0, 0.0, 1.0]]}, "finger1joint3": {"matrix": [[0.8251746892929077, -0.43235525488853455, -0.363532155752182, -2.0664329528808594], [-0.21992728114128113, -0.8386787176132202, 0.49824658036231995, -0.7849379181861877], [-0.5203063488006592, -0.3311900198459625, -0.7871431708335876, -0.874350905418396], [0.0, 0.0, 0.0, 1.0]]}, "Bone.001": {"matrix": [[0.8858631253242493, 0.1182997077703476, 0.44861066341400146, -1.690332293510437], [-0.4521262049674988, 0.4370028078556061, 0.77756667137146, -0.3621063530445099], [-0.10405823588371277, -0.8916463851928711, 0.4406113028526306, 0.6300687789916992], [0.0, 0.0, 0.0, 1.0]]}, "finger2joint1": {"matrix": [[0.7886079549789429, -0.18376792967319489, 0.5867934823036194, -1.6153440475463867], [-0.2595090866088867, 0.7656775712966919, 0.5885511636734009, -0.08509743213653564], [-0.5574515461921692, -0.6164144277572632, 0.5561302304267883, 0.06486871838569641], [0.0, 0.0, 0.0, 1.0]]}, "finger2joint2": {"matrix": [[0.7111427187919617, -0.3400346338748932, 0.6153473854064941, -1.774330735206604], [-0.2424788773059845, 0.7029243111610413, 0.6686561107635498, 0.5773277282714844], [-0.6599090099334717, -0.6247186064720154, 0.4174284338951111, -0.46842160820961], [0.0, 0.0, 0.0, 1.0]]}, "finger2joint3": {"matrix": [[0.6096017360687256, -0.5600204467773438, 0.5610370635986328, -1.9034132957458496], [-0.21902503073215485, 0.5612038969993591, 0.7981714606285095, 0.8441693782806396], [-0.7618486881256104, -0.6094479560852051, 0.21945257484912872, -0.7055749893188477], [0.0, 0.0, 0.0, 1.0]]}, "Bone.002": {"matrix": [[0.7102754712104797, -0.4761306047439575, 0.5184672474861145, -1.690332293510437], [-0.03154239431023598, 0.7142712473869324, 0.6991575360298157, -0.3621063530445099], [-0.7032167315483093, -0.5129480957984924, 0.4923112690448761, 0.6300687789916992], [0.0, 0.0, 0.0, 1.0]]}, "finger3joint1": {"matrix": [[0.8244888186454773, 0.22962245345115662, 0.5171960592269897, -1.8910260200500488], [-0.5525617003440857, 0.5237987041473389, 0.6483132839202881, -0.061033815145492554], [-0.12203957885503769, -0.8203098177909851, 0.5587469339370728, 0.41385596990585327], [0.0, 0.0, 0.0, 1.0]]}, "finger3joint2": {"matrix": [[0.8297327160835266, -0.44662368297576904, 0.33476996421813965, -1.689605474472046], [-0.48751458525657654, -0.2878354489803314, 0.8243057727813721, 0.39843273162841797], [-0.27179601788520813, -0.8471587896347046, -0.45656201243400574, -0.30570465326309204], [0.0, 0.0, 0.0, 1.0]]}, "finger3joint3": {"matrix": [[0.7384246587753296, -0.6622632741928101, 0.1270289272069931, -1.978606939315796], [-0.6328622102737427, -0.6155586838722229, 0.46965160965919495, 0.21218009293079376], [-0.23283949494361877, -0.4271942973136902, -0.8736650943756104, -0.8538843989372253], [0.0, 0.0, 0.0, 1.0]]}, "Bone.003": {"matrix": [[0.5083612203598022, -0.4799225628376007, 0.7150127291679382, -1.690332293510437], [0.7226917147636414, 0.6892732381820679, -0.05117475986480713, -0.3621063530445099], [-0.46827906370162964, 0.5427492260932922, 0.6972359418869019, 0.6300687193870544], [0.0, 0.0, 0.0, 1.0]]}, "finger4joint1": {"matrix": [[0.6381717324256897, 0.13559049367904663, 0.7578600645065308, -1.8960363864898682], [-0.4005184769630432, 0.8991488814353943, 0.1763962060213089, -0.0666704773902893], [-0.6575116515159607, -0.4161079525947571, 0.628118097782135, 0.8627016544342041], [0.0, 0.0, 0.0, 1.0]]}, "finger4joint2": {"matrix": [[0.6556275486946106, -0.4014912545681, 0.6394975185394287, -1.761346459388733], [-0.3763209581375122, 0.5605042576789856, 0.7377105355262756, 0.8265072107315063], [-0.654625654220581, -0.7243197560310364, 0.21639269590377808, 0.4493570327758789], [0.0, 0.0, 0.0, 1.0]]}, "finger4joint3": {"matrix": [[0.6773073673248291, -0.6091932654380798, 0.41247788071632385, -1.9287936687469482], [-0.43236225843429565, 0.12402284890413284, 0.8931296467781067, 1.0602726936340332], [-0.5952454805374146, -0.7832633852958679, -0.17939041554927826, 0.14727014303207397], [0.0, 0.0, 0.0, 1.0]]}}