{"root": {"matrix": [[0.43057748675346375, -0.7225239872932434, -0.540890097618103, -5.960464477539063e-08], [-0.5505932569503784, 0.2645835876464844, -0.7917339205741882, 0.0], [0.7151573300361633, 0.6387132406234741, -0.2838931679725647, 5.960464477539063e-08], [0.0, 0.0, 0.0, 1.0]]}, "carpals": {"matrix": [[0.492026150226593, -0.8328518271446228, -0.2535111904144287, 0.3273317813873291], [0.6096851825714111, 0.12177756428718567, 0.7832329273223877, -0.8971619009971619], [-0.6214450001716614, -0.5399332046508789, 0.5676953792572021, 2.274409770965576], [0.0, 0.0, 0.0, 1.0]]}, "metacarpals": {"matrix": [[0.5267677307128906, -0.7799021601676941, 0.33803582191467285, -0.48386096954345703], [-0.08978273719549179, 0.3444090485572815, 0.9345164895057678, -0.7785512208938599], [-0.8452541828155518, -0.5226229429244995, 0.1114020049571991, 1.7485179901123047], [0.0, 0.0, 0.0, 1.0]]}, "finger5joint1": {"matrix": [[0.6714487075805664, -0.7138980627059937, 0.1987612098455429, -1.1604137420654297], [-0.06367019563913345, 0.21164710819721222, 0.9752697944641113, -0.9506834745407104], [-0.7383106350898743, -0.6674988269805908, 0.09665635228157043, 1.5527589321136475], [0.0, 0.0, 0.0, 1.0]]}, "finger5joint2": {"matrix": [[0.22424954175949097, -0.337603896856308, -0.914185643196106, -1.9144843816757202], [0.9619247317314148, 0.2270810455083847, 0.15210001170635223, -0.7271265387535095], [0.15624487400054932, -0.913486123085022, 0.3756725788116455, 0.847698450088501], [0.0, 0.0, 0.0, 1.0]]}, "finger5joint3": {"matrix": [[0.24174119532108307, -0.15845446288585663, -0.9573155045509338, -2.146531581878662], [0.9690840244293213, 0.08961380273103714, 0.22988004982471466, -0.5710457563400269], [0.04936335235834122, -0.9832908511161804, 0.17521925270557404, 0.21982741355895996], [0.0, 0.0, 0.0, 1.0]]}, "Bone": {"matrix": [[0.8204919695854187, 0.3289038836956024, 0.46756282448768616, -1.7015047073364258], [-0.4319286644458771, -0.17909884452819824, 0.8839461803436279, -0.24083314836025238], [0.3744732737541199, -0.9272247552871704, -0.0048859938979148865, 0.9325584769248962], [0.0, 0.0, 0.0, 1.0]]}, "finger1joint1": {"matrix": [[0.6303615570068359, -0.77581787109375, 0.02739986777305603, -1.4277949333190918], [-0.11098679900169373, -0.055133163928985596, 0.9922912120819092, -0.38987696170806885], [-0.7683268189430237, -0.6285433769226074, -0.12085919082164764, 0.1609334945678711], [0.0, 0.0, 0.0, 1.0]]}, "finger1joint2": {"matrix": [[0.6074778437614441, -0.639227032661438, -0.4715498983860016, -1.8662703037261963], [-0.40670230984687805, -0.7602227330207825, 0.506610631942749, -0.4210369884967804], [-0.6823223829269409, -0.11597447097301483, -0.7217935919761658, -0.19430559873580933], [0.0, 0.0, 0.0, 1.0]]}, "finger1joint3": {"matrix": [[0.5796396732330322, -0.22577305138111115, -0.7829714417457581, -2.140296459197998], [-0.3251398503780365, -0.9451299905776978, 0.031828563660383224, -0.7469319701194763], [-0.7471961379051208, 0.23612593114376068, -0.6212426424026489, -0.2440219521522522], [0.0, 0.0, 0.0, 1.0]]}, "Bone.001": {"matrix": [[0.9324308633804321, 0.15056583285331726, 0.3284848928451538, -1.7015047073364258], [-0.3596141040325165, 0.2977152168750763, 0.8843318819999695, -0.2408331334590912], [0.03535518795251846, -0.942706286907196, 0.3317447006702423, 0.932558536529541], [0.0, 0.0, 0.0, 1.0]]}, "finger2joint1": {"matrix": [[0.9582642316818237, -0.26478785276412964, 0.10778123140335083, -1.6060634851455688], [-0.09848947077989578, 0.04816102609038353, 0.9939718246459961, -0.05211631581187248], [-0.26838254928588867, -0.9631031155586243, 0.020072350278496742, 0.334992378950119], [0.0, 0.0, 0.0, 1.0]]}, "finger2joint2": {"matrix": [[0.9163148999214172, -0.4002859592437744, 0.011748765595257282, -1.8351444005966187], [-0.18516306579113007, -0.3974877595901489, 0.8987311720848083, -0.010449841618537903], [-0.3550795912742615, -0.8256962895393372, -0.43834203481674194, -0.4982352554798126], [0.0, 0.0, 0.0, 1.0]]}, "finger2joint3": {"matrix": [[0.8596163392066956, -0.4680309593677521, -0.2049548327922821, -1.9870996475219727], [-0.3090905249118805, -0.7957584261894226, 0.5207985639572144, -0.16134274005889893], [-0.40684449672698975, -0.38433754444122314, -0.8287109732627869, -0.811683177947998], [0.0, 0.0, 0.0, 1.0]]}, "Bone.002": {"matrix": [[0.7680360674858093, -0.4992225766181946, 0.4011201560497284, -1.7015048265457153], [-0.0640440285205841, 0.563337504863739, 0.8237408399581909, -0.24083311855793], [-0.6371961236000061, -0.6583518981933594, 0.4006914794445038, 0.9325584769248962], [0.0, 0.0, 0.0, 1.0]]}, "finger3joint1": {"matrix": [[0.9155908226966858, 0.09413525462150574, 0.3909373879432678, -1.9119319915771484], [-0.3973865509033203, 0.36041945219039917, 0.843908429145813, -0.003380715847015381], [-0.06146014854311943, -0.9280281066894531, 0.367404967546463, 0.6550565958023071], [0.0, 0.0, 0.0, 1.0]]}, "finger3joint2": {"matrix": [[0.9030935168266296, -0.31789281964302063, 0.28873211145401, -1.8293582201004028], [-0.3678315281867981, -0.2256055623292923, 0.902109682559967, 0.31277257204055786], [-0.2216348648071289, -0.920894205570221, -0.3206738531589508, -0.15899252891540527], [0.0, 0.0, 0.0, 1.0]]}, "finger3joint3": {"matrix": [[0.8247779011726379, -0.4890132248401642, 0.2839144766330719, -2.0350606441497803], [-0.5250294208526611, -0.47584298253059387, 0.7056325078010559, 0.16678766906261444], [-0.20996518433094025, -0.7310537099838257, -0.649211049079895, -0.7548850178718567], [0.0, 0.0, 0.0, 1.0]]}, "Bone.003": {"matrix": [[0.4718751907348633, -0.5918370485305786, 0.6535003185272217, -1.7015048265457153], [0.6904244422912598, 0.7090134620666504, 0.14357507228851318, -0.24083314836025238], [-0.5483133792877197, 0.38344329595565796, 0.7431847453117371, 0.932558536529541], [0.0, 0.0, 0.0, 1.0]]}, "finger4joint1": {"matrix": [[0.7375278472900391, 0.09194566309452057, 0.6690280437469482, -1.9551775455474854], [-0.4407949447631836, 0.8160849213600159, 0.37377089262008667, 0.0630638599395752], [-0.5116173028945923, -0.5705705285072327, 0.6424146890640259, 1.096909761428833], [0.0, 0.0, 0.0, 1.0]]}, "finger4joint2": {"matrix": [[0.7522231340408325, -0.2945133447647095, 0.5894251465797424, -1.863842487335205], [-0.4146720767021179, 0.48358988761901855, 0.7708355188369751, 0.8737291693687439], [-0.512061595916748, -0.8242584466934204, 0.2416413128376007, 0.5301284193992615], [0.0, 0.0, 0.0, 1.0]]}, "finger4joint3": {"matrix": [[0.7653981447219849, -0.4617134630680084, 0.4483146667480469, -1.98667311668396], [-0.46466752886772156, 0.08547741174697876, 0.8813496232032776, 1.0754165649414062], [-0.4452519416809082, -0.8829008340835571, -0.14911876618862152, 0.18636080622673035], [0.0, 0.0, 0.0, 1.0]]}}