{"root": {"matrix": [[0.24402140080928802, -0.32343363761901855, -0.9142451882362366, 0.0], [-0.9633301496505737, -0.18930834531784058, -0.19015084207057953, 0.0], [-0.11157312989234924, 0.9271208047866821, -0.3577686846256256, 0.0], [0.0, 0.0, 0.0, 1.0]]}, "carpals": {"matrix": [[0.4736875891685486, -0.8530813455581665, 0.21879716217517853, 0.3380511701107025], [0.49770933389663696, 0.464264839887619, 0.7326275706291199, -2.342466115951538], [-0.7265708446502686, -0.23813924193382263, 0.644503116607666, 0.6953838467597961], [0.0, 0.0, 0.0, 1.0]]}, "metacarpals": {"matrix": [[-0.19821251928806305, -0.5008976459503174, 0.8425041437149048, -0.4928448796272278], [-0.33884334564208984, 0.841579258441925, 0.4206294119358063, -1.890275001525879], [-0.9197264313697815, -0.202102929353714, -0.3365374505519867, 0.46343767642974854], [0.0, 0.0, 0.0, 1.0]]}, "finger5joint1": {"matrix": [[0.24927638471126556, -0.6420751810073853, 0.7249831557273865, -1.0904912948608398], [-0.6713783144950867, 0.424938827753067, 0.6071884036064148, -1.5235894918441772], [-0.6979342699050903, -0.6380957961082458, -0.32514822483062744, 0.6479246616363525], [0.0, 0.0, 0.0, 1.0]]}, "finger5joint2": {"matrix": [[0.7368960380554199, -0.4332261383533478, -0.5189401507377625, -1.7686975002288818], [0.6005701422691345, 0.06715671718120575, 0.7967464327812195, -1.0747383832931519], [-0.31032124161720276, -0.8987793922424316, 0.30967041850090027, -0.02607816457748413], [0.0, 0.0, 0.0, 1.0]]}, "finger5joint3": {"matrix": [[0.7206811904907227, -0.40055763721466064, -0.5658371448516846, -2.0664689540863037], [0.5594376921653748, -0.1460314691066742, 0.8159066438674927, -1.0285792350769043], [-0.4094478189945221, -0.9045594334602356, 0.11884507536888123, -0.6438407897949219], [0.0, 0.0, 0.0, 1.0]]}, "Bone": {"matrix": [[0.391200989484787, -0.4105878472328186, 0.823637843132019, -1.2748851776123047], [-0.9163395166397095, -0.2567714750766754, 0.30722925066947937, -0.5763360857963562], [0.08534214645624161, -0.8749204874038696, -0.4766872227191925, 0.1478988528251648], [0.0, 0.0, 0.0, 1.0]]}, "finger1joint1": {"matrix": [[-0.0707877054810524, -0.8874418139457703, 0.45545148849487305, -1.6165714263916016], [-0.4643053114414215, 0.43343105912208557, 0.7723714113235474, -0.7900181412696838], [-0.8828417062759399, -0.15679417550563812, -0.44272562861442566, -0.580199122428894], [0.0, 0.0, 0.0, 1.0]]}, "finger1joint2": {"matrix": [[-0.1883287876844406, -0.39120766520500183, -0.9008267521858215, -2.1181342601776123], [-0.6859883666038513, -0.6039982438087463, 0.40571630001068115, -0.5450522899627686], [-0.7028172016143799, 0.6943648457527161, -0.15461365878582, -0.6688158512115479], [0.0, 0.0, 0.0, 1.0]]}, "finger1joint3": {"matrix": [[-0.2641102969646454, 0.1812172681093216, -0.9473151564598083, -2.2858383655548096], [-0.6187503337860107, -0.7852712869644165, 0.022287841886281967, -0.8039764761924744], [-0.7398605942726135, 0.5920380353927612, 0.3195264935493469, -0.3711530566215515], [0.0, 0.0, 0.0, 1.0]]}, "Bone.001": {"matrix": [[0.32345062494277954, -0.2188844084739685, 0.9205808639526367, -1.2748851776123047], [-0.9061517119407654, 0.2085425704717636, 0.3679654896259308, -0.576336145401001], [-0.2725222408771515, -0.9532047510147095, -0.13088931143283844, 0.14789888262748718], [0.0, 0.0, 0.0, 1.0]]}, "finger2joint1": {"matrix": [[-0.15275737643241882, -0.7782543301582336, 0.6090855598449707, -1.4136323928833008], [-0.45028409361839294, 0.603438138961792, 0.6581079959869385, -0.4441443681716919], [-0.8797209858894348, -0.1737307459115982, -0.4426153302192688, -0.45632204413414], [0.0, 0.0, 0.0, 1.0]]}, "finger2joint2": {"matrix": [[-0.2781411111354828, -0.6035803556442261, -0.7472135424613953, -2.0869381427764893], [-0.452752023935318, -0.6036922931671143, 0.656178891658783, 0.07791949808597565], [-0.8471439480781555, 0.5208129286766052, -0.10536059737205505, -0.6066250205039978], [0.0, 0.0, 0.0, 1.0]]}, "finger2joint3": {"matrix": [[-0.2776488959789276, 0.22988654673099518, -0.9327716827392578, -2.3160672187805176], [-0.5758143663406372, -0.8170308470726013, -0.029964637011289597, -0.15125197172164917], [-0.7689918279647827, 0.5287838578224182, 0.35921981930732727, -0.4089158773422241], [0.0, 0.0, 0.0, 1.0]]}, "Bone.002": {"matrix": [[0.06469428539276123, -0.2731320559978485, 0.9597986340522766, -1.2748851776123047], [-0.5097687244415283, 0.8178027868270874, 0.26708441972732544, -0.576336145401001], [-0.8578754663467407, -0.5065542459487915, -0.08632708340883255, 0.14789888262748718], [0.0, 0.0, 0.0, 1.0]]}, "finger3joint1": {"matrix": [[0.12342911213636398, 0.0975327417254448, 0.9875487685203552, -1.3900129795074463], [-0.9565843343734741, 0.2764691710472107, 0.09225422888994217, -0.2316240519285202], [-0.2640291750431061, -0.9560607075691223, 0.12742263078689575, -0.06561881303787231], [0.0, 0.0, 0.0, 1.0]]}, "finger3joint2": {"matrix": [[0.09889443963766098, -0.9298663139343262, 0.35435640811920166, -1.3044590950012207], [-0.903683602809906, 0.06516917049884796, 0.4232121407985687, 0.010889608412981033], [-0.4166240096092224, -0.36207935214042664, -0.8338602781295776, -0.9042576551437378], [0.0, 0.0, 0.0, 1.0]]}, "finger3joint3": {"matrix": [[-0.008362027816474438, -0.885262668132782, -0.46501633524894714, -1.9061572551727295], [-0.9576210379600525, -0.12680239975452423, 0.2586168646812439, 0.053059302270412445], [-0.2879091799259186, 0.44747212529182434, -0.8466858267784119, -1.1385520696640015], [0.0, 0.0, 0.0, 1.0]]}, "Bone.003": {"matrix": [[0.4193664789199829, 0.3111822009086609, 0.8528173565864563, -1.2748851776123047], [0.2241007536649704, 0.8748564124107361, -0.42942386865615845, -0.576336145401001], [-0.8797218203544617, 0.3712030351161957, 0.29714927077293396, 0.147898867726326], [0.0, 0.0, 0.0, 1.0]]}, "finger4joint1": {"matrix": [[-0.15743276476860046, -0.3851744830608368, 0.9093158841133118, -1.141506552696228], [-0.424088716506958, 0.8579368591308594, 0.28998708724975586, -0.20135563611984253], [-0.8918314576148987, -0.33997708559036255, -0.2984156310558319, 0.3070037066936493], [0.0, 0.0, 0.0, 1.0]]}, "finger4joint2": {"matrix": [[-0.14863240718841553, -0.711743950843811, 0.6865338683128357, -1.524122953414917], [-0.39863184094429016, 0.6784628033638, 0.6170740127563477, 0.650883674621582], [-0.9049865007400513, -0.18195699155330658, -0.3845655024051666, -0.030715622007846832], [0.0, 0.0, 0.0, 1.0]]}, "finger4joint3": {"matrix": [[-0.09898068010807037, -0.8844349384307861, 0.4560454785823822, -1.820965051651001], [-0.46263420581817627, 0.4466547667980194, 0.7658122777938843, 0.9338452816009521], [-0.8810061812400818, -0.1351815164089203, -0.45338016748428345, -0.10660313069820404], [0.0, 0.0, 0.0, 1.0]]}}