{"root": {"matrix": [[0.5814495086669922, -0.7648627758026123, 0.2773110568523407, 0.0], [0.7580005526542664, 0.6331086158752441, 0.15687137842178345, 5.960464477539063e-08], [-0.2955530285835266, 0.11898919194936752, 0.947887122631073, 7.450580596923828e-09], [0.0, 0.0, 0.0, 1.0]]}, "carpals": {"matrix": [[0.11630237847566605, -0.5564186573028564, -0.8227221369743347, 0.535095751285553], [0.09809945523738861, -0.8178576827049255, 0.5669965147972107, 2.3162589073181152], [-0.9883573055267334, -0.14665165543556213, -0.04053439572453499, -0.6584843993186951], [0.0, 0.0, 0.0, 1.0]]}, "metacarpals": {"matrix": [[-0.13769736886024475, -0.9225900173187256, -0.360370397567749, -0.006852626800537109], [-0.36258116364479065, -0.2916295528411865, 0.8851478695869446, 1.5196704864501953], [-0.921723484992981, 0.25254616141319275, -0.29435721039772034, -0.8013222217559814], [0.0, 0.0, 0.0, 1.0]]}, "finger5joint1": {"matrix": [[0.03139233961701393, -0.9635435342788696, -0.2657027840614319, -0.36094069480895996], [-0.2948954105377197, -0.2629287540912628, 0.9186429381370544, 1.052746057510376], [-0.9550136923789978, 0.049516260623931885, -0.2923985719680786, -0.3743820786476135], [0.0, 0.0, 0.0, 1.0]]}, "finger5joint2": {"matrix": [[-0.05775246024131775, -0.7969729900360107, -0.6012469530105591, -1.3787050247192383], [0.980849027633667, -0.15750819444656372, 0.11456785351037979, 0.7750216722488403], [-0.18600894510746002, -0.5831161141395569, 0.7908071875572205, -0.3220793902873993], [0.0, 0.0, 0.0, 1.0]]}, "finger5joint3": {"matrix": [[-0.09871281683444977, -0.659127950668335, -0.7455235123634338, -1.92649245262146], [0.9540596604347229, -0.2756606340408325, 0.11739122867584229, 0.6667608022689819], [-0.2828875184059143, -0.6996862888336182, 0.6560590863227844, -0.7228755354881287], [0.0, 0.0, 0.0, 1.0]]}, "Bone": {"matrix": [[0.9173799753189087, -0.2300291359424591, -0.3248080015182495, -1.4472718238830566], [0.15620791912078857, -0.5425114035606384, 0.8253969550132751, 1.0643558502197266], [-0.3660775423049927, -0.8079404830932617, -0.4617568552494049, -0.40702754259109497], [0.0, 0.0, 0.0, 1.0]]}, "finger1joint1": {"matrix": [[0.18345966935157776, -0.6727473139762878, -0.7167657613754272, -1.6386991739273071], [-0.097233846783638, -0.7379844188690186, 0.667775571346283, 0.6128845810890198], [-0.9782065749168396, -0.052816033363342285, -0.20080424845218658, -1.0793856382369995], [0.0, 0.0, 0.0, 1.0]]}, "finger1joint2": {"matrix": [[0.4063914120197296, -0.4376879334449768, -0.8020442128181458, -2.018921375274658], [-0.28114673495292664, -0.8951120972633362, 0.3460211455821991, 0.19579178094863892], [-0.8693690299987793, 0.08487209677696228, -0.4868204891681671, -1.1092361211776733], [0.0, 0.0, 0.0, 1.0]]}, "finger1joint3": {"matrix": [[0.33885908126831055, -0.003187274793162942, -0.9408315420150757, -2.2065510749816895], [-0.21162942051887512, -0.9746257662773132, -0.07292059808969498, -0.18792808055877686], [-0.9167265892028809, 0.22381746768951416, -0.33093535900115967, -1.0728528499603271], [0.0, 0.0, 0.0, 1.0]]}, "Bone.001": {"matrix": [[0.7403634190559387, -0.638523280620575, -0.21011829376220703, -1.4472718238830566], [0.059633612632751465, -0.24895840883255005, 0.9666763544082642, 1.0643558502197266], [-0.6695562601089478, -0.7282220721244812, -0.14624229073524475, -0.4070275127887726], [0.0, 0.0, 0.0, 1.0]]}, "finger2joint1": {"matrix": [[-0.013654913753271103, -0.4494225084781647, -0.893214762210846, -1.8520210981369019], [-0.3428271412849426, -0.8370480537414551, 0.4264032244682312, 0.9065452814102173], [-0.9392991065979004, 0.31204089522361755, -0.14264445006847382, -0.8686356544494629], [0.0, 0.0, 0.0, 1.0]]}, "finger2joint2": {"matrix": [[0.028362087905406952, -0.09195997565984726, -0.9953585267066956, -2.2408385276794434], [-0.4550500810146332, -0.8877840042114258, 0.06905507296323776, 0.1823740005493164], [-0.8900140523910522, 0.4509795308113098, -0.0670258030295372, -0.5986737608909607], [0.0, 0.0, 0.0, 1.0]]}, "finger2joint3": {"matrix": [[0.10645131021738052, 0.14483271539211273, -0.9837129712104797, -2.2757482528686523], [-0.5582113862037659, -0.8100124597549438, -0.1796647161245346, -0.15464338660240173], [-0.8228414058685303, 0.5682454705238342, -0.005379623267799616, -0.4274744987487793], [0.0, 0.0, 0.0, 1.0]]}, "Bone.002": {"matrix": [[0.0886647179722786, -0.9915624856948853, -0.09456225484609604, -1.4472718238830566], [-0.14606326818466187, -0.10685285925865173, 0.9834875464439392, 1.0643558502197266], [-0.9852939248085022, -0.07338853925466537, -0.15430499613285065, -0.40702754259109497], [0.0, 0.0, 0.0, 1.0]]}, "finger3joint1": {"matrix": [[0.8576812148094177, -0.48549771308898926, -0.16933563351631165, -1.8652254343032837], [0.0811055600643158, -0.19746610522270203, 0.9769486784934998, 1.01931631565094], [-0.5077446699142456, -0.8516449332237244, -0.12998640537261963, -0.4379615783691406], [0.0, 0.0, 0.0, 1.0]]}, "finger3joint2": {"matrix": [[0.7760382294654846, -0.039662715047597885, -0.6294371485710144, -2.291095018386841], [0.010900870896875858, -0.9970278143882751, 0.07626579701900482, 0.8461027145385742], [-0.6305915713310242, -0.06604659557342529, -0.7732996940612793, -1.1850087642669678], [0.0, 0.0, 0.0, 1.0]]}, "finger3joint3": {"matrix": [[0.8678980469703674, 0.3763680160045624, -0.32419073581695557, -2.3167600631713867], [-0.05155983194708824, -0.5808548331260681, -0.8123725056648254, 0.2009456753730774], [-0.4940590262413025, 0.7217720150947571, -0.4847174286842346, -1.2277461290359497], [0.0, 0.0, 0.0, 1.0]]}, "Bone.003": {"matrix": [[-0.5017271637916565, -0.5519994497299194, 0.6660076975822449, -1.4472718238830566], [0.37694668769836426, 0.5534651875495911, 0.7426892518997192, 1.0643558502197266], [-0.7785761952400208, 0.6236769556999207, -0.06961425393819809, -0.40702754259109497], [0.0, 0.0, 0.0, 1.0]]}, "finger4joint1": {"matrix": [[0.1472748965024948, -0.9840312004089355, 0.09996070712804794, -1.683869481086731], [-0.3268982470035553, 0.04695819690823555, 0.9438920021057129, 1.3015817403793335], [-0.9335135221481323, -0.17168854176998138, -0.31476250290870667, -0.13970746099948883], [0.0, 0.0, 0.0, 1.0]]}, "finger4joint2": {"matrix": [[0.12658187747001648, 0.3015863299369812, -0.9449984431266785, -2.6613659858703613], [-0.30744823813438416, -0.8938204050064087, -0.3264356851577759, 1.3482282161712646], [-0.9431078433990479, 0.33185914158821106, -0.020419185981154442, -0.31025582551956177], [0.0, 0.0, 0.0, 1.0]]}, "finger4joint3": {"matrix": [[0.11488457769155502, 0.9396899938583374, 0.32215458154678345, -2.535585403442383], [-0.22727616131305695, 0.3405637741088867, -0.9123384952545166, 0.9754488468170166], [-0.967029869556427, 0.03159547224640846, 0.2526948153972626, -0.17184971272945404], [0.0, 0.0, 0.0, 1.0]]}}