{"root": {"matrix": [[0.2636565864086151, -0.9547222852706909, 0.13780619204044342, -5.960464477539063e-08], [-0.6435146331787109, -0.2805107831954956, -0.712181568145752, 0.0], [0.7185916900634766, 0.09909103810787201, -0.6883363723754883, 0.0], [0.0, 0.0, 0.0, 1.0]]}, "carpals": {"matrix": [[-0.49551907181739807, -0.42834872007369995, -0.7556308507919312, -0.35373827815055847], [0.623805046081543, 0.42986366152763367, -0.6527511477470398, -1.6497920751571655], [0.6044236421585083, -0.7948170900344849, 0.05420037358999252, 1.7994554042816162], [0.0, 0.0, 0.0, 1.0]]}, "metacarpals": {"matrix": [[-0.7139737010002136, -0.5968592166900635, -0.36606067419052124, -0.7709473371505737], [0.3474842309951782, 0.1518368273973465, -0.9253107309341431, -1.2311075925827026], [0.6078619360923767, -0.7878479361534119, 0.09899153560400009, 1.02530837059021], [0.0, 0.0, 0.0, 1.0]]}, "finger5joint1": {"matrix": [[-0.8233579993247986, -0.43516823649406433, -0.3642937242984772, -0.8356932401657104], [0.3371290862560272, 0.14133109152317047, -0.9307895302772522, -0.8247877955436707], [0.45653632283210754, -0.889187216758728, 0.030341628938913345, 0.42832690477371216], [0.0, 0.0, 0.0, 1.0]]}, "finger5joint2": {"matrix": [[-0.18921099603176117, -0.7952444553375244, 0.576007604598999, -1.2953494787216187], [-0.9678605198860168, 0.05207347497344017, -0.24603597819805145, -0.675503671169281], [0.16566388309001923, -0.6040478348731995, -0.779539167881012, -0.5108969211578369], [0.0, 0.0, 0.0, 1.0]]}, "finger5joint3": {"matrix": [[-0.29404839873313904, -0.9478508234024048, 0.1229381114244461, -1.8419487476348877], [-0.9437527060508728, 0.2675837278366089, -0.19423961639404297, -0.6397117376327515], [0.15121382474899292, -0.17313885688781738, -0.9732198715209961, -0.9260802268981934], [0.0, 0.0, 0.0, 1.0]]}, "Bone": {"matrix": [[0.5082073211669922, -0.7356834411621094, -0.4477666914463043, -1.7028100490570068], [-0.017535103484988213, 0.5109657645225525, -0.859421968460083, -0.9940481185913086], [0.8610560894012451, 0.444616436958313, 0.24677619338035583, -0.20474104583263397], [0.0, 0.0, 0.0, 1.0]]}, "finger1joint1": {"matrix": [[-0.642568826675415, -0.5742038488388062, -0.5073411464691162, -2.3150370121002197], [0.2986939549446106, 0.4220329225063324, -0.8559613227844238, -0.5688287019729614], [0.7056112289428711, -0.7015537619590759, -0.09967408329248428, 0.16526325047016144], [0.0, 0.0, 0.0, 1.0]]}, "finger1joint2": {"matrix": [[-0.4459805190563202, 0.4047788679599762, -0.7982826828956604, -2.6395645141601562], [0.5366141200065613, 0.834744930267334, 0.12347464263439178, -0.3303048610687256], [0.7163426280021667, -0.3733024001121521, -0.5894899964332581, -0.23123975098133087], [0.0, 0.0, 0.0, 1.0]]}, "finger1joint3": {"matrix": [[-0.5390804409980774, 0.7600494027137756, 0.3629283905029297, -2.4660422801971436], [0.5153724551200867, -0.043149396777153015, 0.8558791875839233, 0.02753656543791294], [0.6661708950996399, 0.6484310030937195, -0.3684474229812622, -0.39126837253570557], [0.0, 0.0, 0.0, 1.0]]}, "Bone.001": {"matrix": [[0.17278774082660675, -0.9736627340316772, -0.14874482154846191, -1.702810287475586], [0.05514984577894211, 0.16034305095672607, -0.9855192303657532, -0.9940481185913086], [0.9834137558937073, 0.1620824933052063, 0.08140252530574799, -0.20474106073379517], [0.0, 0.0, 0.0, 1.0]]}, "finger2joint1": {"matrix": [[-0.4407891631126404, -0.37475892901420593, -0.8156349062919617, -2.3199989795684814], [-0.0393502302467823, 0.9158675670623779, -0.3995469808578491, -0.8924093246459961], [0.8967475891113281, -0.1440204232931137, -0.4184514880180359, -0.10199960321187973], [0.0, 0.0, 0.0, 1.0]]}, "finger2joint2": {"matrix": [[-0.3956041634082794, 0.2611362934112549, -0.8805140256881714, -2.644221544265747], [0.08072665333747864, 0.9649019241333008, 0.24989387392997742, -0.10004743933677673], [0.9148663878440857, 0.027778267860412598, -0.4027998745441437, -0.22659872472286224], [0.0, 0.0, 0.0, 1.0]]}, "finger2joint3": {"matrix": [[-0.2827722430229187, 0.7723937630653381, -0.5687243938446045, -2.5450899600982666], [0.16821181774139404, 0.6236670613288879, 0.7633764743804932, 0.26624518632888794], [0.9443222284317017, 0.12019559741020203, -0.3062814176082611, -0.21605364978313446], [0.0, 0.0, 0.0, 1.0]]}, "Bone.002": {"matrix": [[-0.5527305006980896, -0.8310773968696594, -0.06163705140352249, -1.702810287475586], [0.16683045029640198, -0.037883348762989044, -0.9852573871612549, -0.9940481185913086], [0.8164904117584229, -0.5548648238182068, 0.15958814322948456, -0.20474101603031158], [0.0, 0.0, 0.0, 1.0]]}, "finger3joint1": {"matrix": [[-0.47952327132225037, -0.4807239770889282, -0.7341400980949402, -2.0531179904937744], [0.1616692692041397, 0.7738826870918274, -0.6123465895652771, -1.0100163221359253], [0.8625083565711975, -0.41232216358184814, -0.29337653517723083, -0.4386221468448639], [0.0, 0.0, 0.0, 1.0]]}, "finger3joint2": {"matrix": [[-0.5206589102745056, 0.1939963847398758, -0.8314322829246521, -2.474799871444702], [0.3056350648403168, 0.9516550302505493, 0.030653126537799835, -0.33118072152137756], [0.7971835732460022, -0.23815490305423737, -0.5547797679901123, -0.8003034591674805], [0.0, 0.0, 0.0, 1.0]]}, "finger3joint3": {"matrix": [[-0.3631516098976135, 0.5175943374633789, -0.7747365832328796, -2.349268674850464], [0.34296146035194397, 0.8473811745643616, 0.4053669571876526, 0.2846164405345917], [0.8663131594657898, -0.11849504709243774, -0.48524266481399536, -0.9544088840484619], [0.0, 0.0, 0.0, 1.0]]}, "Bone.003": {"matrix": [[-0.8296415209770203, 0.012859728187322617, 0.5581481456756592, -1.702810287475586], [-0.4384813606739044, -0.6338433623313904, -0.6371628642082214, -0.9940481185913086], [0.3455847501754761, -0.7733545899391174, 0.5315014719963074, -0.20474103093147278], [0.0, 0.0, 0.0, 1.0]]}, "finger4joint1": {"matrix": [[-0.5564618706703186, -0.8206828832626343, 0.12972792983055115, -1.697298288345337], [0.3763021230697632, -0.3881341516971588, -0.8412777185440063, -1.2657257318496704], [0.7407744526863098, -0.4193221628665924, 0.5248066186904907, -0.5362159013748169], [0.0, 0.0, 0.0, 1.0]]}, "finger4joint2": {"matrix": [[-0.5725194215774536, -0.03590451925992966, -0.8191043138504028, -2.512531042098999], [0.3509905934333801, 0.8921338319778442, -0.28443339467048645, -1.6512823104858398], [0.7409634590148926, -0.4503415822982788, -0.4981619119644165, -0.9527533054351807], [0.0, 0.0, 0.0, 1.0]]}, "finger4joint3": {"matrix": [[-0.5555094480514526, 0.7819095849990845, -0.2828887403011322, -2.52750563621521], [0.27973949909210205, 0.4961188733577728, 0.8219558596611023, -1.2792062759399414], [0.7830419540405273, 0.3774692118167877, -0.4943297803401947, -1.1405740976333618], [0.0, 0.0, 0.0, 1.0]]}}