{"root": {"matrix": [[0.45081761479377747, -0.7188742160797119, -0.5291345119476318, 0.0], [-0.6661859750747681, 0.123578280210495, -0.7354757785797119, 0.0], [0.5941040515899658, 0.6840674877166748, -0.42319270968437195, 0.0], [0.0, 0.0, 0.0, 1.0]]}, "carpals": {"matrix": [[0.5584093332290649, -0.7601869702339172, -0.33210641145706177, 0.37535521388053894], [0.6367174386978149, 0.1361309289932251, 0.7589854598045349, -1.3029149770736694], [-0.5317608714103699, -0.635282576084137, 0.5600412487983704, 2.0607051849365234], [0.0, 0.0, 0.0, 1.0]]}, "metacarpals": {"matrix": [[0.4209930896759033, -0.7679981589317322, 0.4826422333717346, -0.3650623559951782], [-0.07889459282159805, 0.4990730583667755, 0.8629608154296875, -1.1703243255615234], [-0.9036262035369873, -0.40137842297554016, 0.1495155692100525, 1.441943883895874], [0.0, 0.0, 0.0, 1.0]]}, "finger5joint1": {"matrix": [[0.4267756938934326, -0.8984063267707825, 0.10357795655727386, -1.0757484436035156], [0.057576172053813934, 0.14129164814949036, 0.9882920980453491, -1.2266693115234375], [-0.9025227427482605, -0.41581544280052185, 0.11202681809663773, 1.309938907623291], [0.0, 0.0, 0.0, 1.0]]}, "finger5joint2": {"matrix": [[0.08147155493497849, -0.3321158289909363, -0.9397132396697998, -2.0247104167938232], [0.9965184926986694, 0.043870702385902405, 0.07089146226644516, -1.0774269104003906], [0.01768188178539276, -0.9422174692153931, 0.33453407883644104, 0.8707245588302612], [0.0, 0.0, 0.0, 1.0]]}, "finger5joint3": {"matrix": [[0.10172197967767715, 0.0827370285987854, -0.9913660883903503, -2.2529850006103516], [0.9908412098884583, -0.09738104045391083, 0.09354083240032196, -1.04727303981781], [-0.0888008177280426, -0.991801917552948, -0.09188488125801086, 0.22310546040534973], [0.0, 0.0, 0.0, 1.0]]}, "Bone": {"matrix": [[0.780206024646759, 0.20489536225795746, 0.5910128951072693, -1.5641206502914429], [-0.5764421820640564, -0.1313568651676178, 0.8065105676651001, -0.3911327123641968], [0.2428838610649109, -0.9699294567108154, 0.015625040978193283, 0.8152806162834167], [0.0, 0.0, 0.0, 1.0]]}, "finger1joint1": {"matrix": [[0.7995875477790833, -0.52500319480896, 0.2916010916233063, -1.3936092853546143], [-0.18951992690563202, 0.24015501141548157, 0.9520542621612549, -0.5004462599754333], [-0.5698611736297607, -0.8165151476860046, 0.09252656251192093, 0.008117318153381348], [0.0, 0.0, 0.0, 1.0]]}, "finger1joint2": {"matrix": [[0.6831800937652588, -0.6436025500297546, 0.34502261877059937, -1.690329670906067], [-0.47514608502388, -0.03299591690301895, 0.879287838935852, -0.3647158443927765], [-0.5545278191566467, -0.7646482586860657, -0.32834726572036743, -0.45335933566093445], [0.0, 0.0, 0.0, 1.0]]}, "finger1joint3": {"matrix": [[0.7377586960792542, -0.674793004989624, -0.019142692908644676, -1.9662315845489502], [-0.38212305307388306, -0.4408200681209564, 0.8121941685676575, -0.37886062264442444], [-0.5565016269683838, -0.5918886065483093, -0.5830727219581604, -0.7811514735221863], [0.0, 0.0, 0.0, 1.0]]}, "Bone.001": {"matrix": [[0.8674234747886658, 0.09881328791379929, 0.48765993118286133, -1.5641206502914429], [-0.487514466047287, 0.3648250997066498, 0.7932413220405579, -0.3911327123641968], [-0.09952785074710846, -0.925817608833313, 0.36463096737861633, 0.8152806758880615], [0.0, 0.0, 0.0, 1.0]]}, "finger2joint1": {"matrix": [[0.7954477667808533, -0.16446955502033234, 0.5832772254943848, -1.5014845132827759], [-0.3397052586078644, 0.6760298609733582, 0.6538987159729004, -0.1598760485649109], [-0.5018593668937683, -0.7182846665382385, 0.4818755090236664, 0.22841998934745789], [0.0, 0.0, 0.0, 1.0]]}, "finger2joint2": {"matrix": [[0.7199952602386475, -0.465765118598938, 0.5144604444503784, -1.643775224685669], [-0.3361477851867676, 0.4144864082336426, 0.8456980586051941, 0.4249904751777649], [-0.6071337461471558, -0.7818333506584167, 0.14186246693134308, -0.3930032551288605], [0.0, 0.0, 0.0, 1.0]]}, "finger2joint3": {"matrix": [[0.612953782081604, -0.7645771503448486, 0.19927161931991577, -1.8205872774124146], [-0.36060088872909546, -0.04629521816968918, 0.9315703511238098, 0.5823363065719604], [-0.7030322551727295, -0.6428672075271606, -0.3040839433670044, -0.6898000240325928], [0.0, 0.0, 0.0, 1.0]]}, "Bone.002": {"matrix": [[0.6828593015670776, -0.47275835275650024, 0.5569583773612976, -1.5641206502914429], [-0.10747658461332321, 0.6890760660171509, 0.7166746854782104, -0.3911327123641968], [-0.7226008176803589, -0.5492478609085083, 0.4197317063808441, 0.8152806162834167], [0.0, 0.0, 0.0, 1.0]]}, "finger3joint1": {"matrix": [[0.8399776220321655, 0.0717984288930893, 0.5378499031066895, -1.7633930444717407], [-0.5164647102355957, 0.4098188877105713, 0.7518725395202637, -0.10068020224571228], [-0.1664380431175232, -0.9093366861343384, 0.38132020831108093, 0.5837670564651489], [0.0, 0.0, 0.0, 1.0]]}, "finger3joint2": {"matrix": [[0.8192580938339233, -0.4433169960975647, 0.3637115955352783, -1.7004127502441406], [-0.4739393889904022, -0.16643327474594116, 0.864685595035553, 0.2588053345680237], [-0.3227963447570801, -0.8807780146598816, -0.3464571535587311, -0.21388620138168335], [0.0, 0.0, 0.0, 1.0]]}, "finger3joint3": {"matrix": [[0.7234094738960266, -0.6359581351280212, 0.2687673568725586, -1.987274408340454], [-0.62026447057724, -0.42766469717025757, 0.6575519442558289, 0.15110966563224792], [-0.30323347449302673, -0.6423863172531128, -0.7038389444351196, -0.7838202714920044], [0.0, 0.0, 0.0, 1.0]]}, "Bone.003": {"matrix": [[0.5125131607055664, -0.43876832723617554, 0.7381142377853394, -1.5641205310821533], [0.6684696078300476, 0.7434066534042358, -0.022240571677684784, -0.3911327123641968], [-0.5389604568481445, 0.5048057436943054, 0.6743090748786926, 0.8152806162834167], [0.0, 0.0, 0.0, 1.0]]}, "finger4joint1": {"matrix": [[0.6365267038345337, -0.06636935472488403, 0.7683935761451721, -1.752185344696045], [-0.4138520658016205, 0.8113163709640503, 0.41290631890296936, -0.07249420881271362], [-0.6508148908615112, -0.5808271169662476, 0.48895761370658875, 1.031650185585022], [0.0, 0.0, 0.0, 1.0]]}, "finger4joint2": {"matrix": [[0.6495570540428162, -0.3738667666912079, 0.6620415449142456, -1.8181138038635254], [-0.3870948851108551, 0.5868288278579712, 0.7111883759498596, 0.73343425989151], [-0.6543949842453003, -0.7182303071022034, 0.23645712435245514, 0.45468032360076904], [0.0, 0.0, 0.0, 1.0]]}, "finger4joint3": {"matrix": [[0.6686325073242188, -0.4937388300895691, 0.5560146570205688, -1.9740397930145264], [-0.4448980391025543, 0.3335098922252655, 0.831165611743927, 0.9781787991523743], [-0.5958153605461121, -0.8031142950057983, 0.003332324093207717, 0.15513312816619873], [0.0, 0.0, 0.0, 1.0]]}}