{"root": {"matrix": [[0.406604140996933, -0.708439826965332, -0.576876163482666, 0.0], [-0.7987554669380188, 0.03083868883550167, -0.6008648872375488, 0.0], [0.4434666633605957, 0.7050971984863281, -0.5533310770988464, 0.0], [0.0, 0.0, 0.0, 1.0]]}, "carpals": {"matrix": [[0.7280123829841614, -0.6582960486412048, -0.19142644107341766, 0.2909483313560486], [0.5432658791542053, 0.38364341855049133, 0.7467793822288513, -1.7086262702941895], [-0.41816243529319763, -0.6476602554321289, 0.6369271278381348, 1.7552578449249268], [0.0, 0.0, 0.0, 1.0]]}, "metacarpals": {"matrix": [[0.2490815371274948, -0.6492714285850525, 0.7186131477355957, -0.35022807121276855], [-0.12565329670906067, 0.7140623927116394, 0.6887130737304688, -1.3349599838256836], [-0.9602965712547302, -0.2618418037891388, 0.09627676010131836, 1.1244406700134277], [0.0, 0.0, 0.0, 1.0]]}, "finger5joint1": {"matrix": [[0.4144495129585266, -0.6586595177650452, 0.6280120015144348, -1.0600666999816895], [-0.19364681839942932, 0.6104403138160706, 0.7680254578590393, -1.1887327432632446], [-0.8892313241958618, -0.4399203062057495, 0.12544947862625122, 1.1039094924926758], [0.0, 0.0, 0.0, 1.0]]}, "finger5joint2": {"matrix": [[0.6611692905426025, -0.4296149015426636, -0.615049421787262, -1.7557905912399292], [0.7254567742347717, 0.5750643014907837, 0.37817031145095825, -0.5439414978027344], [0.19122549891471863, -0.6962263584136963, 0.691882312297821, 0.6392338275909424], [0.0, 0.0, 0.0, 1.0]]}, "finger5joint3": {"matrix": [[0.6510288715362549, -0.3711674213409424, -0.6621145606040955, -2.0510799884796143], [0.7540489435195923, 0.4162386953830719, 0.5080893039703369, -0.1486796885728836], [0.08701162040233612, -0.8300477862358093, 0.550862193107605, 0.16069306433200836], [0.0, 0.0, 0.0, 1.0]]}, "Bone": {"matrix": [[0.616824209690094, 0.019733885303139687, 0.7868534326553345, -1.3639209270477295], [-0.7805577516555786, -0.11329422146081924, 0.6147304177284241, -0.2201102375984192], [0.1012769266963005, -0.993365466594696, -0.054479122161865234, 0.7156329154968262], [0.0, 0.0, 0.0, 1.0]]}, "finger1joint1": {"matrix": [[0.7637966275215149, -0.5153180956840515, 0.3886667490005493, -1.3474987745285034], [-0.3679019510746002, 0.14718791842460632, 0.91814124584198, -0.3143922984600067], [-0.5303420424461365, -0.8442646861076355, -0.07716480642557144, -0.11103355884552002], [0.0, 0.0, 0.0, 1.0]]}, "finger1joint2": {"matrix": [[0.6193497180938721, -0.7179687023162842, 0.3176897466182709, -1.6387454271316528], [-0.6328376531600952, -0.2170390784740448, 0.7432429790496826, -0.23120486736297607], [-0.4646742641925812, -0.6613735556602478, -0.5887807607650757, -0.5881936550140381], [0.0, 0.0, 0.0, 1.0]]}, "finger1joint3": {"matrix": [[0.6742599010467529, -0.7302284240722656, -0.11018149554729462, -1.9465267658233643], [-0.5459228754043579, -0.5933359861373901, 0.5915405750274658, -0.3242459297180176], [-0.4973345696926117, -0.33870163559913635, -0.7987111210823059, -0.8717136979103088], [0.0, 0.0, 0.0, 1.0]]}, "Bone.001": {"matrix": [[0.6753391027450562, 0.06239664927124977, 0.7348629236221313, -1.363921046257019], [-0.6945843696594238, 0.388778954744339, 0.6053122878074646, -0.22011025249958038], [-0.24792985618114471, -0.9192155599594116, 0.3058975338935852, 0.7156329154968262], [0.0, 0.0, 0.0, 1.0]]}, "finger2joint1": {"matrix": [[0.3121632933616638, -0.21160978078842163, 0.926161527633667, -1.3243688344955444], [-0.22882427275180817, 0.9294294714927673, 0.28948190808296204, 0.02633035182952881], [-0.9220592379570007, -0.3022938668727875, 0.24171243607997894, 0.13295720517635345], [0.0, 0.0, 0.0, 1.0]]}, "finger2joint2": {"matrix": [[0.20481766760349274, -0.9495464563369751, 0.237510085105896, -1.507442831993103], [-0.16960550844669342, 0.20455357432365417, 0.9640493988990784, 0.8304252624511719], [-0.9639935493469238, -0.23773741722106934, -0.11915204674005508, -0.128572016954422], [0.0, 0.0, 0.0, 1.0]]}, "finger2joint3": {"matrix": [[0.07250850647687912, -0.6637269258499146, -0.7444520592689514, -1.8679063320159912], [-0.2304820865392685, -0.7373636960983276, 0.6349584460258484, 0.9080772399902344], [-0.9703711867332458, 0.12554293870925903, -0.20644232630729675, -0.21882104873657227], [0.0, 0.0, 0.0, 1.0]]}, "Bone.002": {"matrix": [[0.5159217119216919, -0.33730968832969666, 0.7874305248260498, -1.363921046257019], [-0.2362128347158432, 0.8275580406188965, 0.5092649459838867, -0.22011026740074158], [-0.8234246969223022, -0.44874200224876404, 0.3472784161567688, 0.7156329154968262], [0.0, 0.0, 0.0, 1.0]]}, "finger3joint1": {"matrix": [[0.7408953309059143, -0.06439904123544693, 0.6685258746147156, -1.5061004161834717], [-0.6475539207458496, 0.1955789029598236, 0.7364933490753174, 0.12871375679969788], [-0.17817926406860352, -0.9785711765289307, 0.10320175439119339, 0.5264836549758911], [0.0, 0.0, 0.0, 1.0]]}, "finger3joint2": {"matrix": [[0.6948927044868469, -0.5917137265205383, 0.4086551070213318, -1.5625901222229004], [-0.636559009552002, -0.2417750358581543, 0.7323504090309143, 0.3002719581127167], [-0.33453941345214844, -0.7690381407737732, -0.5446684956550598, -0.3319009840488434], [0.0, 0.0, 0.0, 1.0]]}, "finger3joint3": {"matrix": [[0.5860500335693359, -0.7638439536094666, 0.27034738659858704, -1.9454762935638428], [-0.761849045753479, -0.40583425760269165, 0.5048605799674988, 0.14382408559322357], [-0.27591872215270996, -0.5018376111984253, -0.8197730779647827, -0.8295303583145142], [0.0, 0.0, 0.0, 1.0]]}, "Bone.003": {"matrix": [[0.5948014855384827, -0.13928930461406708, 0.7917131781578064, -1.3639209270477295], [0.5421066880226135, 0.7967278361320496, -0.26710444688796997, -0.22011025249958038], [-0.5935750603675842, 0.5880672931671143, 0.5494046211242676, 0.7156329154968262], [0.0, 0.0, 0.0, 1.0]]}, "finger4joint1": {"matrix": [[0.4556500017642975, -0.1899195909500122, 0.8696628212928772, -1.4236230850219727], [-0.48477694392204285, 0.7664440274238586, 0.42137184739112854, 0.12138277292251587], [-0.7465749382972717, -0.6135905981063843, 0.2571617066860199, 0.9676899909973145], [0.0, 0.0, 0.0, 1.0]]}, "finger4joint2": {"matrix": [[0.46788501739501953, -0.6043618321418762, 0.6448490023612976, -1.6122815608978271], [-0.4588530361652374, 0.45747822523117065, 0.7616868615150452, 0.8827369213104248], [-0.7553390860557556, -0.6522728800773621, -0.06326592713594437, 0.35817423462867737], [0.0, 0.0, 0.0, 1.0]]}, "finger4joint3": {"matrix": [[0.5070203542709351, -0.7734423875808716, 0.3804168999195099, -1.8643382787704468], [-0.5063864588737488, 0.08985990285873413, 0.857611358165741, 1.0735341310501099], [-0.6974974274635315, -0.6274645328521729, -0.3460999131202698, 0.08613541722297668], [0.0, 0.0, 0.0, 1.0]]}}