{"root": {"matrix": [[0.1515514999628067, -0.8474401235580444, -0.5087999701499939, 0.0], [0.2913404703140259, 0.5301752090454102, -0.7962630987167358, 5.960464477539063e-08], [0.9445384740829468, -0.02755911834537983, 0.327242374420166, 1.862645149230957e-09], [0.0, 0.0, 0.0, 1.0]]}, "carpals": {"matrix": [[0.8562188148498535, -0.516585111618042, -0.005380997899919748, -0.42955589294433594], [-0.23847852647304535, -0.4044654071331024, 0.8829131126403809, 1.2673239707946777], [-0.4582761824131012, -0.7546836137771606, -0.4695052206516266, 2.0722832679748535], [0.0, 0.0, 0.0, 1.0]]}, "metacarpals": {"matrix": [[0.14916814863681793, -0.40122511982917786, 0.9037516713142395, -0.9327067732810974], [-0.9878195524215698, -0.019532371312379837, 0.154372438788414, 0.8733770847320557], [-0.044285811483860016, -0.9157710075378418, -0.3992515802383423, 1.3372257947921753], [0.0, 0.0, 0.0, 1.0]]}, "finger5joint1": {"matrix": [[0.2426718920469284, -0.36501431465148926, 0.8988185524940491, -1.5596215724945068], [-0.9670668244361877, -0.1643316149711609, 0.19436240196228027, 0.9720551371574402], [0.07675913721323013, -0.9163838028907776, -0.39287182688713074, 0.9866331815719604], [0.0, 0.0, 0.0, 1.0]]}, "finger5joint2": {"matrix": [[0.9286360740661621, -0.21160660684108734, -0.30472496151924133, -1.945176124572754], [0.2804240882396698, -0.13739724457263947, 0.9499915242195129, 0.7984762787818909], [-0.24289290606975555, -0.9676485657691956, -0.06825248897075653, 0.018682360649108887], [0.0, 0.0, 0.0, 1.0]]}, "finger5joint3": {"matrix": [[0.9201877117156982, -0.23381221294403076, -0.3139839768409729, -2.090620517730713], [0.21364447474479675, -0.37214896082878113, 0.9032500982284546, 0.7040382623672485], [-0.3280397355556488, -0.8982406258583069, -0.2924942374229431, -0.6464165449142456], [0.0, 0.0, 0.0, 1.0]]}, "Bone": {"matrix": [[0.341563880443573, -0.06574302911758423, 0.937556266784668, -1.5591305494308472], [-0.14641030132770538, -0.9890941977500916, -0.016017762944102287, 0.8428816199302673], [0.9283844232559204, -0.1317969560623169, -0.34746426343917847, -0.09254693239927292], [0.0, 0.0, 0.0, 1.0]]}, "finger1joint1": {"matrix": [[0.22489391267299652, -0.5887819528579712, 0.7763751745223999, -1.61384117603302], [-0.9724768400192261, -0.18544651567935944, 0.14106141030788422, 0.019769661128520966], [0.060921479016542435, -0.7867305874824524, -0.614282488822937, -0.20222675800323486], [0.0, 0.0, 0.0, 1.0]]}, "finger1joint2": {"matrix": [[-0.010427356697618961, -0.9167738556861877, -0.3992704749107361, -1.946608066558838], [-0.9653434753417969, 0.11336003243923187, -0.23507770895957947, -0.08504068851470947], [0.26077425479888916, 0.3829818367958069, -0.886183500289917, -0.6468698382377625], [0.0, 0.0, 0.0, 1.0]]}, "finger1joint3": {"matrix": [[-0.017168309539556503, 0.4063705503940582, -0.9135470390319824, -2.339613676071167], [-0.9876930117607117, 0.13516932725906372, 0.07868865132331848, -0.03644511103630066], [0.15546013414859772, 0.9036546945571899, 0.3990486264228821, -0.48269182443618774], [0.0, 0.0, 0.0, 1.0]]}, "Bone.001": {"matrix": [[0.4072040021419525, 0.13753212988376617, 0.9029228091239929, -1.5591305494308472], [-0.47319525480270386, -0.8138018846511841, 0.33736100792884827, 0.8428816795349121], [0.7811982035636902, -0.5646336674690247, -0.26630377769470215, -0.09254691004753113], [0.0, 0.0, 0.0, 1.0]]}, "finger2joint1": {"matrix": [[0.7081373333930969, -0.30302107334136963, 0.63774573802948, -1.4719511270523071], [-0.46848127245903015, -0.8774142265319824, 0.10329209268093109, 0.3270258903503418], [0.5282673835754395, -0.3719170093536377, -0.7632894515991211, -0.45045897364616394], [0.0, 0.0, 0.0, 1.0]]}, "finger2joint2": {"matrix": [[0.6158546209335327, -0.4561484456062317, 0.6423795819282532, -1.73410964012146], [-0.5534402132034302, -0.8307723999023438, -0.05933694168925285, -0.4320680797100067], [0.5607376098632812, -0.31897586584091187, -0.7640858888626099, -0.772222638130188], [0.0, 0.0, 0.0, 1.0]]}, "finger2joint3": {"matrix": [[0.4995929002761841, -0.6656008958816528, 0.554420530796051, -1.9072710275650024], [-0.6375447511672974, -0.7158139944076538, -0.28486254811286926, -0.7474428415298462], [0.5864666700363159, -0.21115270256996155, -0.781965970993042, -0.8933110237121582], [0.0, 0.0, 0.0, 1.0]]}, "Bone.002": {"matrix": [[0.3735091984272003, -0.07889002561569214, 0.9242657423019409, -1.5591305494308472], [-0.9118538498878479, -0.21418248116970062, 0.3502119481563568, 0.8428816199302673], [0.17033319175243378, -0.9736024737358093, -0.15193527936935425, -0.09254693984985352], [0.0, 0.0, 0.0, 1.0]]}, "finger3joint1": {"matrix": [[0.2614549994468689, 0.32463499903678894, 0.9089847803115845, -1.5923833847045898], [-0.6342886686325073, -0.652063250541687, 0.4153209626674652, 0.7526016235351562], [0.7275430560112, -0.6851463317871094, 0.03542712330818176, -0.5029301643371582], [0.0, 0.0, 0.0, 1.0]]}, "finger3joint2": {"matrix": [[0.27403634786605835, -0.9272031784057617, 0.25533974170684814, -1.307619571685791], [-0.7450428009033203, -0.37256214022636414, -0.5532709360122681, 0.18062373995780945], [0.6081242561340332, -0.038622625172138214, -0.7929014563560486, -1.1039278507232666], [0.0, 0.0, 0.0, 1.0]]}, "finger3joint3": {"matrix": [[0.1808500438928604, -0.8806480765342712, -0.43789538741111755, -1.9075944423675537], [-0.6589457988739014, 0.2220335602760315, -0.7186734080314636, -0.060453880578279495], [0.7301255464553833, 0.4185214042663574, -0.5401443839073181, -1.1289198398590088], [0.0, 0.0, 0.0, 1.0]]}, "Bone.003": {"matrix": [[0.7063077688217163, 0.1494968980550766, 0.6919392943382263, -1.5591304302215576], [-0.5303828716278076, 0.7591283321380615, 0.3773832321166992, 0.8428816199302673], [-0.46885308623313904, -0.6335413455963135, 0.6154688000679016, -0.09254691004753113], [0.0, 0.0, 0.0, 1.0]]}, "finger4joint1": {"matrix": [[-0.02206413820385933, -0.8985834121704102, 0.4382475018501282, -1.4950530529022217], [-0.9771422743797302, 0.11208991706371307, 0.18063384294509888, 1.168258786201477], [-0.21143773198127747, -0.42424458265304565, -0.8805168867111206, -0.3640950322151184], [0.0, 0.0, 0.0, 1.0]]}, "finger4joint2": {"matrix": [[-0.03418996185064316, -0.21100574731826782, -0.9768865704536438, -2.387669086456299], [-0.9706456661224365, -0.22582954168319702, 0.08275032043457031, 1.2796043157577515], [-0.23807065188884735, 0.9510399699211121, -0.1970907300710678, -0.7855222225189209], [0.0, 0.0, 0.0, 1.0]]}, "finger4joint3": {"matrix": [[-0.002237380016595125, 0.7868630886077881, -0.6171233057975769, -2.4756717681884766], [-0.9496203064918518, -0.1950756460428238, -0.24528835713863373, 1.1854192018508911], [-0.31339406967163086, 0.5854840278625488, 0.7476576566696167, -0.38887879252433777], [0.0, 0.0, 0.0, 1.0]]}}