{"root": {"matrix": [[0.3403128981590271, -0.7953236103057861, -0.5016447901725769, 0.0], [-0.7832217812538147, 0.055461712181568146, -0.6192638278007507, 3.725290298461914e-09], [0.5203371644020081, 0.6036425828933716, -0.6040404438972473, 5.960464477539063e-08], [0.0, 0.0, 0.0, 1.0]]}, "carpals": {"matrix": [[0.7977933287620544, -0.41820788383483887, -0.43431299924850464, 0.04753115773200989], [0.5954639315605164, 0.43350109457969666, 0.6763867735862732, -1.647327184677124], [-0.0945950523018837, -0.798234760761261, 0.5948721766471863, 1.8354941606521606], [0.0, 0.0, 0.0, 1.0]]}, "metacarpals": {"matrix": [[0.4626883864402771, -0.7995690703392029, 0.3828950524330139, -0.3598008155822754], [0.1295936554670334, 0.4882705807685852, 0.8630161881446838, -1.225099802017212], [-0.8769975900650024, -0.3496868312358856, 0.32953640818595886, 1.0580183267593384], [0.0, 0.0, 0.0, 1.0]]}, "finger5joint1": {"matrix": [[0.22195632755756378, -0.9481798410415649, 0.2273550182580948, -1.0547869205474854], [0.29789072275161743, 0.28796371817588806, 0.910130500793457, -1.3242148160934448], [-0.9284375309944153, -0.13428224623203278, 0.34636953473091125, 0.8767850995063782], [0.0, 0.0, 0.0, 1.0]]}, "finger5joint2": {"matrix": [[0.3455045223236084, -0.32573673129081726, -0.8800691366195679, -2.0563228130340576], [0.8303635716438293, 0.5430187582969666, 0.12500502169132233, -1.0200467109680176], [0.43717557191848755, -0.7739673256874084, 0.4580956697463989, 0.7349464893341064], [0.0, 0.0, 0.0, 1.0]]}, "finger5joint3": {"matrix": [[0.3615115284919739, 0.18804726004600525, -0.9132070541381836, -2.2802131175994873], [0.8692840337753296, 0.28617095947265625, 0.4030517637729645, -0.6468108296394348], [0.33712634444236755, -0.9395445585250854, -0.06001223251223564, 0.20297162234783173], [0.0, 0.0, 0.0, 1.0]]}, "Bone": {"matrix": [[0.8261597752571106, 0.25612300634384155, 0.5018573999404907, -1.6081501245498657], [-0.5336094498634338, 0.06971191614866257, 0.842852771282196, -0.46277379989624023], [0.18088854849338531, -0.9641271233558655, 0.19426299631595612, 0.5120600461959839], [0.0, 0.0, 0.0, 1.0]]}, "finger1joint1": {"matrix": [[0.6680206656455994, -0.7086896300315857, -0.22695203125476837, -1.3950077295303345], [0.07827790826559067, -0.2363699972629547, 0.9685046672821045, -0.4047604501247406], [-0.7400140762329102, -0.6647467017173767, -0.10242520272731781, -0.29027459025382996], [0.0, 0.0, 0.0, 1.0]]}, "finger1joint2": {"matrix": [[0.7194379568099976, -0.6468210816383362, -0.2530441880226135, -1.7955436706542969], [-0.21559572219848633, -0.5542992949485779, 0.8039094805717468, -0.5383515954017639], [-0.6602479815483093, -0.523807942867279, -0.5382357835769653, -0.665975034236908], [0.0, 0.0, 0.0, 1.0]]}, "finger1joint3": {"matrix": [[0.7133557200431824, -0.4141501486301422, -0.5653346180915833, -2.0728254318237305], [-0.11259148269891739, -0.863946795463562, 0.49083468317985535, -0.7759705781936646], [-0.6916984915733337, -0.28648805618286133, -0.6629312038421631, -0.8905228972434998], [0.0, 0.0, 0.0, 1.0]]}, "Bone.001": {"matrix": [[0.9171442985534668, 0.09679237753152847, 0.38662296533584595, -1.6081500053405762], [-0.37521713972091675, 0.5367682576179504, 0.7557059526443481, -0.46277379989624023], [-0.13438035547733307, -0.8381590843200684, 0.5286123156547546, 0.5120601058006287], [0.0, 0.0, 0.0, 1.0]]}, "finger2joint1": {"matrix": [[0.8220855593681335, -0.22997885942459106, 0.5208501219749451, -1.5467948913574219], [-0.14701759815216064, 0.7980280518531799, 0.5844113230705261, -0.12252521514892578], [-0.5500553250312805, -0.5570102334022522, 0.6222366690635681, -0.01923525333404541], [0.0, 0.0, 0.0, 1.0]]}, "finger2joint2": {"matrix": [[0.7462543249130249, -0.38022732734680176, 0.5463804006576538, -1.7457610368728638], [-0.12762358784675598, 0.7238566279411316, 0.678043782711029, 0.5678879618644714], [-0.6533119678497314, -0.5757240653038025, 0.4916553497314453, -0.501132071018219], [0.0, 0.0, 0.0, 1.0]]}, "finger2joint3": {"matrix": [[0.6458926796913147, -0.5880407094955444, 0.4868578314781189, -1.8901015520095825], [-0.10382813960313797, 0.5641379356384277, 0.8191261291503906, 0.8426758646965027], [-0.7563346028327942, -0.5796172022819519, 0.3033175766468048, -0.7196863889694214], [0.0, 0.0, 0.0, 1.0]]}, "Bone.002": {"matrix": [[0.7186720371246338, -0.5202728509902954, 0.461331307888031, -1.6081500053405762], [0.09348063170909882, 0.7297197580337524, 0.6773257255554199, -0.46277379989624023], [-0.6890368461608887, -0.44364944100379944, 0.5730648040771484, 0.5120600461959839], [0.0, 0.0, 0.0, 1.0]]}, "finger3joint1": {"matrix": [[0.7111650109291077, 0.07735690474510193, 0.698756217956543, -1.8274502754211426], [-0.24121463298797607, 0.9604407548904419, 0.1391712874174118, -0.1551896333694458], [-0.6603482961654663, -0.2675238847732544, 0.7016915678977966, 0.32505738735198975], [0.0, 0.0, 0.0, 1.0]]}, "finger3joint2": {"matrix": [[0.6868011355400085, -0.6326911449432373, -0.35777944326400757, -1.7595940828323364], [-0.0915277749300003, -0.5635998845100403, 0.8209613561630249, 0.6872912645339966], [-0.7210595607757568, -0.5310905575752258, -0.44498971104621887, 0.09039038419723511], [0.0, 0.0, 0.0, 1.0]]}, "finger3joint3": {"matrix": [[0.7049375772476196, -0.07710970938205719, -0.7050653100013733, -2.1689960956573486], [-0.2561287581920624, -0.9546687602996826, -0.1516750603914261, 0.3225969076156616], [-0.6614083647727966, 0.2875087261199951, -0.6927319765090942, -0.25326788425445557], [0.0, 0.0, 0.0, 1.0]]}, "Bone.003": {"matrix": [[0.46050530672073364, -0.534286379814148, 0.7088532447814941, -1.6081501245498657], [0.8023487329483032, 0.5921326279640198, -0.07493419945240021, -0.46277379989624023], [-0.3796986937522888, 0.6032552719116211, 0.7013643383979797, 0.5120600461959839], [0.0, 0.0, 0.0, 1.0]]}, "finger4joint1": {"matrix": [[0.6856354475021362, 0.03825723007321358, 0.7269389629364014, -1.8371556997299194], [-0.2826956510543823, 0.9342327117919922, 0.21746686100959778, -0.20897430181503296], [-0.6708106994628906, -0.35460537672042847, 0.6513583660125732, 0.7706270217895508], [0.0, 0.0, 0.0, 1.0]]}, "finger4joint2": {"matrix": [[0.7002416253089905, -0.3694312274456024, 0.61088627576828, -1.7991524934768677], [-0.25695374608039856, 0.6679240465164185, 0.6984637379646301, 0.7190542221069336], [-0.6660600900650024, -0.6460629105567932, 0.37278178334236145, 0.41837653517723083], [0.0, 0.0, 0.0, 1.0]]}, "finger4joint3": {"matrix": [[0.7195158004760742, -0.5467381477355957, 0.42822206020355225, -1.95322847366333], [-0.32177624106407166, 0.28397223353385925, 0.9032270908355713, 0.9976205825805664], [-0.61543208360672, -0.787678062915802, 0.028395388275384903, 0.1489276885986328], [0.0, 0.0, 0.0, 1.0]]}}