{"root": {"matrix": [[0.27477434277534485, -0.7874664068222046, -0.5517206788063049, -5.960464477539063e-08], [0.4421754777431488, 0.6130204796791077, -0.6547417640686035, 0.0], [0.8538032174110413, -0.0640510693192482, 0.5166406035423279, 0.0], [0.0, 0.0, 0.0, 1.0]]}, "carpals": {"matrix": [[0.852245032787323, -0.5230998992919922, -0.0066826906986534595, -0.08736199140548706], [-0.3174138367176056, -0.5272068977355957, 0.7882266044616699, 1.6736130714416504], [-0.4158444404602051, -0.6696410775184631, -0.6153485178947449, 1.8100755214691162], [0.0, 0.0, 0.0, 1.0]]}, "metacarpals": {"matrix": [[0.18777397274971008, -0.5818831324577332, 0.7912982106208801, -0.5968581438064575], [-0.9740625023841858, -0.21388384699821472, 0.073863685131073, 1.1601165533065796], [0.12626579403877258, -0.7846435308456421, -0.6069523096084595, 1.1578491926193237], [0.0, 0.0, 0.0, 1.0]]}, "finger5joint1": {"matrix": [[0.060035452246665955, -0.41789546608924866, 0.9065092206001282, -1.2873833179473877], [-0.9978787302970886, -0.002223697956651449, 0.06506146490573883, 1.1785889863967896], [-0.025173112750053406, -0.9084921479225159, -0.41714245080947876, 0.9376022815704346], [0.0, 0.0, 0.0, 1.0]]}, "finger5joint2": {"matrix": [[0.9190233945846558, -0.38416004180908203, -0.08841179311275482, -1.7287946939468384], [0.09922884404659271, 0.008385544642806053, 0.995029091835022, 1.1762402057647705], [-0.3815091550350189, -0.9232279658317566, 0.04582618921995163, -0.022012829780578613], [0.0, 0.0, 0.0, 1.0]]}, "finger5joint3": {"matrix": [[0.8826139569282532, -0.45243868231773376, -0.1276378333568573, -1.9928412437438965], [0.04464667662978172, -0.1896100491285324, 0.9808436632156372, 1.1820038557052612], [-0.46797308325767517, -0.8714048862457275, -0.14715264737606049, -0.6565797328948975], [0.0, 0.0, 0.0, 1.0]]}, "Bone": {"matrix": [[0.5348721742630005, -0.040302254259586334, 0.8439711928367615, -1.50533926486969], [0.05383762717247009, -0.995206356048584, -0.08164411038160324, 0.8261845111846924], [0.8432157635688782, 0.089106485247612, -0.5301383137702942, -0.06719719618558884], [0.0, 0.0, 0.0, 1.0]]}, "finger1joint1": {"matrix": [[0.71697598695755, -0.3279385566711426, 0.6151435375213623, -1.538878321647644], [-0.4637501537799835, -0.8832226395606995, 0.06966668367385864, -0.0020139217376708984], [0.520462155342102, -0.3352222442626953, -0.7853308916091919, 0.006956115365028381], [0.0, 0.0, 0.0, 1.0]]}, "finger1joint2": {"matrix": [[0.5020614862442017, -0.5433166027069092, 0.6728605031967163, -1.724222183227539], [-0.44518253207206726, -0.829388439655304, -0.3375312387943268, -0.5011922121047974], [0.7414488792419434, -0.13008426129817963, -0.6582790017127991, -0.18250422179698944], [0.0, 0.0, 0.0, 1.0]]}, "finger1joint3": {"matrix": [[0.5872158408164978, -0.7379637360572815, 0.3325463533401489, -1.9571330547332764], [-0.4463474750518799, -0.6379510164260864, -0.6275287866592407, -0.8567374348640442], [0.6752416491508484, 0.22006358206272125, -0.704003095626831, -0.23826920986175537], [0.0, 0.0, 0.0, 1.0]]}, "Bone.001": {"matrix": [[0.5852517485618591, 0.05880732834339142, 0.8087161779403687, -1.50533926486969], [-0.2960461378097534, -0.9130173325538635, 0.2806345224380493, 0.8261845111846924], [0.7548751831054688, -0.40365922451019287, -0.5169353485107422, -0.06719717383384705], [0.0, 0.0, 0.0, 1.0]]}, "finger2joint1": {"matrix": [[0.24134738743305206, -0.049711767584085464, 0.9691646099090576, -1.4680622816085815], [-0.9411978721618652, -0.2552998661994934, 0.2212877869606018, 0.2474377602338791], [0.23642686009407043, -0.9655828475952148, -0.10840459167957306, -0.323070228099823], [0.0, 0.0, 0.0, 1.0]]}, "finger2joint2": {"matrix": [[0.14526286721229553, -0.895172655582428, 0.4213840067386627, -1.5110702514648438], [-0.9768342971801758, -0.19740527868270874, -0.082618348300457, 0.026565343141555786], [0.15714102983474731, -0.3996208608150482, -0.903110921382904, -1.1584430932998657], [0.0, 0.0, 0.0, 1.0]]}, "finger2joint3": {"matrix": [[0.003393416292965412, -0.7284352779388428, -0.685106098651886, -1.8508925437927246], [-0.9817138910293579, 0.12797200679779053, -0.14092813432216644, -0.04837293550372124], [0.1903313249349594, 0.6730563640594482, -0.7146806716918945, -1.3101458549499512], [0.0, 0.0, 0.0, 1.0]]}, "Bone.002": {"matrix": [[0.4476964771747589, -0.2690363824367523, 0.8527527451515198, -1.50533926486969], [-0.853187620639801, -0.41398143768310547, 0.31731706857681274, 0.8261845111846924], [0.2676538825035095, -0.8696197271347046, -0.4148765504360199, -0.06719714403152466], [0.0, 0.0, 0.0, 1.0]]}, "finger3joint1": {"matrix": [[0.5503070950508118, 0.17952334880828857, 0.8154345154762268, -1.6187406778335571], [-0.1265353560447693, -0.9474017024040222, 0.29397082328796387, 0.6516872048377991], [0.825318455696106, -0.26495543122291565, -0.4986457824707031, -0.43375062942504883], [0.0, 0.0, 0.0, 1.0]]}, "finger3joint2": {"matrix": [[0.5397180318832397, -0.8317418098449707, -0.13003860414028168, -1.461266279220581], [-0.2860564589500427, -0.03591573238372803, -0.957539439201355, -0.17935609817504883], [0.7917549014091492, 0.553999662399292, -0.2573094069957733, -0.6661646366119385], [0.0, 0.0, 0.0, 1.0]]}, "finger3joint3": {"matrix": [[0.5119593143463135, -0.5984708070755005, -0.6162227392196655, -1.9994701147079468], [-0.12238345295190811, 0.6592298746109009, -0.741915225982666, -0.20259645581245422], [0.8502467274665833, 0.45524588227272034, 0.26425600051879883, -0.3076823949813843], [0.0, 0.0, 0.0, 1.0]]}, "Bone.003": {"matrix": [[0.6195354461669922, -0.02562379091978073, 0.7845503687858582, -1.50533926486969], [-0.6116933822631836, 0.6106094121932983, 0.5029784440994263, 0.8261845111846924], [-0.49194201827049255, -0.7915170788764954, 0.36262020468711853, -0.06719717383384705], [0.0, 0.0, 0.0, 1.0]]}, "finger4joint1": {"matrix": [[-0.13976134359836578, -0.8838261365890503, 0.446450412273407, -1.516322135925293], [-0.9814291000366211, 0.18347401916980743, 0.05598217248916626, 1.0879034996032715], [-0.1313905119895935, -0.4303351938724518, -0.8930551409721375, -0.40645676851272583], [0.0, 0.0, 0.0, 1.0]]}, "finger4joint2": {"matrix": [[-0.15133759379386902, -0.1062195748090744, -0.9827584028244019, -2.3942787647247314], [-0.9757012128829956, -0.14330720901489258, 0.16573995351791382, 1.270159125328064], [-0.15844114124774933, 0.9839613437652588, -0.08195076137781143, -0.8339341282844543], [0.0, 0.0, 0.0, 1.0]]}, "finger4joint3": {"matrix": [[-0.1275915503501892, 0.692102313041687, -0.7104326486587524, -2.4385790824890137], [-0.9627315998077393, -0.2586427330970764, -0.07906561344861984, 1.2103909254074097], [-0.2384696751832962, 0.6738678812980652, 0.6993094682693481, -0.4235604405403137], [0.0, 0.0, 0.0, 1.0]]}}