{"root": {"matrix": [[0.20129525661468506, -0.37399303913116455, -0.9053228497505188, 0.0], [-0.9487466216087341, -0.30432793498039246, -0.08523111045360565, -2.9802322387695312e-08], [-0.2436392605304718, 0.8760786056518555, -0.4160844087600708, 0.0], [0.0, 0.0, 0.0, 1.0]]}, "carpals": {"matrix": [[0.6344426274299622, -0.7225400805473328, 0.27462372183799744, 0.19093555212020874], [0.5330013632774353, 0.6662482023239136, 0.5215578079223633, -2.4338645935058594], [-0.5598140954971313, -0.18452370166778564, 0.8078112006187439, 0.35331499576568604], [0.0, 0.0, 0.0, 1.0]]}, "metacarpals": {"matrix": [[-0.2006499320268631, -0.5423444509506226, 0.8158443570137024, -0.5128140449523926], [-0.046859920024871826, 0.8371405601501465, 0.544976532459259, -1.784942865371704], [-0.9785415530204773, 0.07111909985542297, -0.1933864951133728, 0.17359000444412231], [0.0, 0.0, 0.0, 1.0]]}, "finger5joint1": {"matrix": [[0.27491986751556396, -0.7311590909957886, 0.6243599057197571, -1.122718095779419], [-0.3550921380519867, 0.5262587666511536, 0.7726324200630188, -1.523175835609436], [-0.8934922814369202, -0.4341173470020294, -0.11494991183280945, 0.46542882919311523], [0.0, 0.0, 0.0, 1.0]]}, "finger5joint2": {"matrix": [[0.5833500623703003, -0.37404608726501465, -0.7209658622741699, -1.8950213193893433], [0.7758062481880188, -0.006201660260558128, 0.6309401988983154, -0.9673032760620117], [-0.24047201871871948, -0.9273890256881714, 0.28656983375549316, 0.006882786750793457], [0.0, 0.0, 0.0, 1.0]]}, "finger5joint3": {"matrix": [[0.584686815738678, -0.17862586677074432, -0.7913492321968079, -2.152116060256958], [0.7359215617179871, -0.2937273383140564, 0.610035240650177, -0.9715659618377686], [-0.3414091169834137, -0.9390508532524109, -0.04028370976448059, -0.6305443048477173], [0.0, 0.0, 0.0, 1.0]]}, "Bone": {"matrix": [[0.43387821316719055, -0.41560426354408264, 0.7993889451026917, -1.3595643043518066], [-0.8773857355117798, 0.006780816242098808, 0.479737251996994, -0.4779340922832489], [-0.20480135083198547, -0.909520149230957, -0.3617033064365387, 0.28462666273117065], [0.0, 0.0, 0.0, 1.0]]}, "finger1joint1": {"matrix": [[0.04036824405193329, -0.9946504831314087, 0.09508258104324341, -1.7054249048233032], [-0.21215832233428955, 0.08445774763822556, 0.9735785722732544, -0.47229117155075073], [-0.9764010310173035, -0.05947422981262207, -0.20761407911777496, -0.47226476669311523], [0.0, 0.0, 0.0, 1.0]]}, "finger1joint2": {"matrix": [[0.02938801608979702, -0.22241057455539703, -0.9745100736618042, -2.2675797939300537], [-0.5001442432403564, -0.8473839163780212, 0.17831414937973022, -0.4245574474334717], [-0.8654431700706482, 0.48215538263320923, -0.13614030182361603, -0.5058783292770386], [0.0, 0.0, 0.0, 1.0]]}, "finger1joint3": {"matrix": [[-0.06131494417786598, 0.39666011929512024, -0.9159154891967773, -2.3629238605499268], [-0.44808802008628845, -0.8309123516082764, -0.32985061407089233, -0.7878170013427734], [-0.8918842673301697, 0.39018601179122925, 0.22868601977825165, -0.29918622970581055], [0.0, 0.0, 0.0, 1.0]]}, "Bone.001": {"matrix": [[0.3587384819984436, -0.24673199653625488, 0.9002387523651123, -1.3595643043518066], [-0.7602810263633728, 0.48230135440826416, 0.435152530670166, -0.4779341220855713], [-0.5415524244308472, -0.8405405879020691, -0.014565661549568176, 0.28462672233581543], [0.0, 0.0, 0.0, 1.0]]}, "finger2joint1": {"matrix": [[-0.14942161738872528, -0.034139420837163925, 0.9881839156150818, -1.5159636735916138], [-0.16283677518367767, 0.9866074323654175, 0.009462641552090645, -0.17221122980117798], [-0.9752727746963501, -0.15949885547161102, -0.15297968685626984, -0.24817824363708496], [0.0, 0.0, 0.0, 1.0]]}, "finger2joint2": {"matrix": [[-0.24257536232471466, -0.8457118272781372, 0.47531938552856445, -1.5454994440078735], [-0.07312388718128204, 0.5044983625411987, 0.8603103160858154, 0.6813512444496155], [-0.9673726558685303, 0.17393290996551514, -0.18422071635723114, -0.3861684799194336], [0.0, 0.0, 0.0, 1.0]]}, "finger2joint3": {"matrix": [[-0.3794698119163513, -0.6667893528938293, -0.6414003372192383, -1.8665456771850586], [-0.09135343134403229, -0.6628617644309998, 0.7431475520133972, 0.8728671073913574], [-0.9206828474998474, 0.3405963182449341, 0.19062255322933197, -0.3201407194137573], [0.0, 0.0, 0.0, 1.0]]}, "Bone.002": {"matrix": [[0.07088610529899597, -0.3197440505027771, 0.9448485970497131, -1.3595643043518066], [-0.21540696918964386, 0.9199737906455994, 0.32748687267303467, -0.4779340922832489], [-0.973948061466217, -0.2267412692308426, -0.003661802038550377, 0.28462666273117065], [0.0, 0.0, 0.0, 1.0]]}, "finger3joint1": {"matrix": [[0.19270139932632446, -0.0597604364156723, 0.9794359803199768, -1.4943395853042603], [-0.7750087976455688, 0.6029412150382996, 0.18926943838596344, -0.09015589952468872], [-0.6018533110618591, -0.7955440878868103, 0.06987272202968597, 0.18905293941497803], [0.0, 0.0, 0.0, 1.0]]}, "finger3joint2": {"matrix": [[0.14268557727336884, -0.9237275719642639, -0.3554830551147461, -1.5467605590820312], [-0.6766717433929443, -0.35315191745758057, 0.646064043045044, 0.43873298168182373], [-0.7223268151283264, 0.1483614593744278, -0.6754501461982727, -0.5087836384773254], [0.0, 0.0, 0.0, 1.0]]}, "finger3joint3": {"matrix": [[0.15442489087581635, -0.15289424359798431, -0.9761025905609131, -2.144486427307129], [-0.792356014251709, -0.6093249320983887, -0.029912156984210014, 0.21021534502506256], [-0.5901904106140137, 0.7780401110649109, -0.215241476893425, -0.41278189420700073], [0.0, 0.0, 0.0, 1.0]]}, "Bone.003": {"matrix": [[0.39147722721099854, 0.2784717381000519, 0.8770399689674377, -1.3595644235610962], [0.5056787133216858, 0.7311885356903076, -0.4578777551651001, -0.4779340624809265], [-0.7687876224517822, 0.6227492094039917, 0.145426407456398, 0.28462666273117065], [0.0, 0.0, 0.0, 1.0]]}, "finger4joint1": {"matrix": [[0.017674971371889114, -0.3192150294780731, 0.9475173950195312, -1.2402058839797974], [-0.4643629193305969, 0.8366380333900452, 0.29052239656448364, -0.16453242301940918], [-0.8854684233665466, -0.4451269805431366, -0.1334441751241684, 0.5515491366386414], [0.0, 0.0, 0.0, 1.0]]}, "finger4joint2": {"matrix": [[0.02864631824195385, -0.6686680316925049, 0.7430089116096497, -1.5573010444641113], [-0.43936586380004883, 0.6592363119125366, 0.6102167367935181, 0.6665495038032532], [-0.8978511095046997, -0.34393322467803955, -0.27490535378456116, 0.10937819629907608], [0.0, 0.0, 0.0, 1.0]]}, "finger4joint3": {"matrix": [[0.07325856387615204, -0.845568060874939, 0.5288171768188477, -1.8361775875091553], [-0.5015243291854858, 0.4270845055580139, 0.7523772120475769, 0.94149249792099], [-0.8620359897613525, -0.32033276557922363, -0.39278551936149597, -0.03406357765197754], [0.0, 0.0, 0.0, 1.0]]}}