{"root": {"matrix": [[0.3558672070503235, -0.6564376950263977, -0.6651676893234253, 0.0], [-0.7126157879829407, 0.2698638141155243, -0.6475741267204285, 0.0], [0.604596734046936, 0.7044594287872314, -0.3717522621154785, 0.0], [0.0, 0.0, 0.0, 1.0]]}, "carpals": {"matrix": [[0.853226363658905, -0.5082804560661316, -0.1168571263551712, 0.2370348572731018], [0.36265042424201965, 0.417174369096756, 0.8333365321159363, -1.2746105194091797], [-0.3748188316822052, -0.7534031271934509, 0.5402725338935852, 2.0986108779907227], [0.0, 0.0, 0.0, 1.0]]}, "metacarpals": {"matrix": [[0.3194241523742676, -0.740730345249176, 0.5910047888755798, -0.2580273151397705], [-0.2699214220046997, 0.5267193913459778, 0.8060451149940491, -0.8682852387428284], [-0.9083559513092041, -0.4169951379299164, -0.03169196471571922, 1.3648006916046143], [0.0, 0.0, 0.0, 1.0]]}, "finger5joint1": {"matrix": [[0.39431020617485046, -0.8598776459693909, 0.3242371678352356, -0.9799075722694397], [-0.18553581833839417, 0.27106910943984985, 0.9445091485977173, -0.8519213795661926], [-0.9000532031059265, -0.432587206363678, -0.052652619779109955, 1.2992565631866455], [0.0, 0.0, 0.0, 1.0]]}, "finger5joint2": {"matrix": [[0.3500387966632843, -0.4140491187572479, -0.840259313583374, -1.8881723880767822], [0.9357525706291199, 0.11349000036716461, 0.3338959813117981, -0.5655986070632935], [-0.04288817197084427, -0.9031514525413513, 0.42717376351356506, 0.8423267602920532], [0.0, 0.0, 0.0, 1.0]]}, "finger5joint3": {"matrix": [[0.35558298230171204, -0.09036678820848465, -0.9302656054496765, -2.172762870788574], [0.9224530458450317, -0.1263033151626587, 0.36486586928367615, -0.4875929653644562], [-0.15046726167201996, -0.9878668189048767, 0.03844805061817169, 0.22155912220478058], [0.0, 0.0, 0.0, 1.0]]}, "Bone": {"matrix": [[0.7285112738609314, 0.09331605583429337, 0.6786481142044067, -1.4145129919052124], [-0.6283496618270874, -0.30356332659721375, 0.7162580490112305, -0.04593002796173096], [0.27285102009773254, -0.9482306241989136, -0.1625140905380249, 0.7137555480003357], [0.0, 0.0, 0.0, 1.0]]}, "finger1joint1": {"matrix": [[0.5360561013221741, -0.8407471776008606, -0.07607860118150711, -1.3368563652038574], [-0.3210735023021698, -0.28640052676200867, 0.9027103781700134, -0.29855167865753174], [-0.7807403802871704, -0.4594767391681671, -0.42346829175949097, -0.0753503143787384], [0.0, 0.0, 0.0, 1.0]]}, "finger1joint2": {"matrix": [[0.5504726767539978, -0.666742742061615, -0.5024279952049255, -1.8120286464691162], [-0.5748722553253174, -0.7391296625137329, 0.35101115703582764, -0.46041902899742126], [-0.6053938269615173, 0.09560974687337875, -0.7901626229286194, -0.33503657579421997], [0.0, 0.0, 0.0, 1.0]]}, "finger1joint3": {"matrix": [[0.5208484530448914, -0.3447435200214386, -0.7809409499168396, -2.0978503227233887], [-0.5088632702827454, -0.8599072694778442, 0.0402166023850441, -0.7772717475891113], [-0.685401439666748, 0.3764452636241913, -0.6233087182044983, -0.29405027627944946], [0.0, 0.0, 0.0, 1.0]]}, "Bone.001": {"matrix": [[0.791746199131012, 0.04985160380601883, 0.6088124513626099, -1.4145129919052124], [-0.6048768758773804, 0.2030194252729416, 0.7700042724609375, -0.045930005609989166], [-0.08521486818790436, -0.9779046773910522, 0.19089411199092865, 0.7137555480003357], [0.0, 0.0, 0.0, 1.0]]}, "finger2joint1": {"matrix": [[0.5728482604026794, -0.32228174805641174, 0.7536439299583435, -1.3829128742218018], [-0.44362568855285645, 0.6512425541877747, 0.6156938076019287, 0.08276069164276123], [-0.6892320513725281, -0.6870350241661072, 0.2300908863544464, 0.09387779235839844], [0.0, 0.0, 0.0, 1.0]]}, "finger2joint2": {"matrix": [[0.46924901008605957, -0.476735919713974, 0.7433223128318787, -1.6617345809936523], [-0.4379068613052368, 0.6053376793861389, 0.664682924747467, 0.6461825370788574], [-0.7668395042419434, -0.6374077200889587, 0.0752883106470108, -0.5005098581314087], [0.0, 0.0, 0.0, 1.0]]}, "finger2joint3": {"matrix": [[0.3431642949581146, -0.6886930465698242, 0.6387017965316772, -1.842711329460144], [-0.42321422696113586, 0.49368566274642944, 0.7597128748893738, 0.8759786486625671], [-0.8385271430015564, -0.5310140252113342, -0.12204932421445847, -0.7424802780151367], [0.0, 0.0, 0.0, 1.0]]}, "Bone.002": {"matrix": [[0.592580258846283, -0.44132959842681885, 0.6738522052764893, -1.4145128726959229], [-0.304038941860199, 0.6521274447441101, 0.6944708824157715, -0.04593002796173096], [-0.7459282279014587, -0.6164069771766663, 0.2522566020488739, 0.7137556076049805], [0.0, 0.0, 0.0, 1.0]]}, "finger3joint1": {"matrix": [[0.6660640239715576, -0.033010534942150116, 0.7451637387275696, -1.6005377769470215], [-0.6295388340950012, 0.510930061340332, 0.5853469371795654, 0.228948175907135], [-0.40004944801330566, -0.8589880466461182, 0.31953081488609314, 0.45393380522727966], [0.0, 0.0, 0.0, 1.0]]}, "finger3joint2": {"matrix": [[0.6230500936508179, -0.7201352715492249, -0.3053092956542969, -1.6294941902160645], [-0.5630568265914917, -0.6838656067848206, 0.4639984965324402, 0.6771266460418701], [-0.5429324507713318, -0.11718787252902985, -0.8315595388412476, -0.29955461621284485], [0.0, 0.0, 0.0, 1.0]]}, "finger3joint3": {"matrix": [[0.6290119886398315, -0.30307915806770325, -0.7158819437026978, -2.0954792499542236], [-0.6662921905517578, -0.6845957636833191, -0.2956063449382782, 0.2346106916666031], [-0.4004979133605957, 0.6629263758659363, -0.6325581669807434, -0.3753845691680908], [0.0, 0.0, 0.0, 1.0]]}, "Bone.003": {"matrix": [[0.5313344597816467, -0.299189031124115, 0.7925715446472168, -1.4145129919052124], [0.5062907934188843, 0.8622502684593201, -0.013921634294092655, -0.04593002796173096], [-0.679229736328125, 0.4086689352989197, 0.6096199750900269, 0.7137555480003357], [0.0, 0.0, 0.0, 1.0]]}, "finger4joint1": {"matrix": [[0.4671861529350281, -0.0046196733601391315, 0.8841468095779419, -1.5427513122558594], [-0.5325788855552673, 0.7967455387115479, 0.2855795621871948, 0.3236472010612488], [-0.7057596445083618, -0.6042966842651367, 0.36976826190948486, 0.8889189958572388], [0.0, 0.0, 0.0, 1.0]]}, "finger4joint2": {"matrix": [[0.4839433431625366, -0.6920894980430603, 0.5355472564697266, -1.5473401546478271], [-0.5085610747337341, 0.27560606598854065, 0.8157243728637695, 1.1151015758514404], [-0.7121545672416687, -0.6671229004859924, -0.21859188377857208, 0.2886354327201843], [0.0, 0.0, 0.0, 1.0]]}, "finger4joint3": {"matrix": [[0.5319127440452576, -0.8461306095123291, 0.03364014998078346, -1.8359850645065308], [-0.5415893197059631, -0.30938956141471863, 0.7816383242607117, 1.2300466299057007], [-0.6509604454040527, -0.4339826703071594, -0.6228234767913818, 0.010403260588645935], [0.0, 0.0, 0.0, 1.0]]}}