{"root": {"matrix": [[0.4666734039783478, -0.490378737449646, -0.736033022403717, -2.9802322387695312e-08], [-0.8206387758255005, 0.070240318775177, -0.567113995552063, 0.0], [0.3297998011112213, 0.8686742782592773, -0.36964455246925354, 0.0], [0.0, 0.0, 0.0, 1.0]]}, "carpals": {"matrix": [[0.6363637447357178, -0.7707507610321045, -0.03137306496500969, 0.6581284999847412], [0.45244935154914856, 0.34000277519226074, 0.8244314789772034, -1.7233422994613647], [-0.6247643232345581, -0.5388331413269043, 0.5650913119316101, 1.6376638412475586], [0.0, 0.0, 0.0, 1.0]]}, "metacarpals": {"matrix": [[0.16672155261039734, -0.6550976634025574, 0.7369198799133301, -0.09257793426513672], [-0.33364561200141907, 0.6658090353012085, 0.6673668622970581, -1.392181634902954], [-0.9278385639190674, -0.35713455080986023, -0.10756568610668182, 1.1128437519073486], [0.0, 0.0, 0.0, 1.0]]}, "finger5joint1": {"matrix": [[0.2719709277153015, -0.9036484360694885, 0.3308340609073639, -0.7988210916519165], [-0.2172897458076477, 0.27724602818489075, 0.9359056353569031, -1.2282145023345947], [-0.9374523162841797, -0.3264259696006775, -0.1209506019949913, 1.1160907745361328], [0.0, 0.0, 0.0, 1.0]]}, "finger5joint2": {"matrix": [[0.26224640011787415, -0.5516695380210876, -0.7917619943618774, -1.7533197402954102], [0.9352514147758484, -0.056855492293834686, 0.34938743710517883, -0.935367226600647], [-0.2377624213695526, -0.832122266292572, 0.501039981842041, 0.7712960243225098], [0.0, 0.0, 0.0, 1.0]]}, "finger5joint3": {"matrix": [[0.2527901232242584, -0.22974355518817902, -0.9398481249809265, -2.1325018405914307], [0.9051993489265442, -0.28683844208717346, 0.3135875463485718, -0.9744459390640259], [-0.341629296541214, -0.930022120475769, 0.13545404374599457, 0.1993492692708969], [0.0, 0.0, 0.0, 1.0]]}, "Bone": {"matrix": [[0.6082895398139954, -0.06429775059223175, 0.7911064624786377, -1.1153674125671387], [-0.7633804082870483, -0.3203113079071045, 0.560937225818634, -0.3526688814163208], [0.2173333466053009, -0.9451277256011963, -0.24392566084861755, 0.5552575588226318], [0.0, 0.0, 0.0, 1.0]]}, "finger1joint1": {"matrix": [[0.5314739942550659, -0.6479548811912537, 0.5456094741821289, -1.1688750982284546], [-0.5013613700866699, 0.27855077385902405, 0.8191738128662109, -0.6192280054092407], [-0.6827678680419922, -0.7089172601699829, -0.17681699991226196, -0.23126602172851562], [0.0, 0.0, 0.0, 1.0]]}, "finger1joint2": {"matrix": [[0.35297560691833496, -0.8150885701179504, 0.4593895971775055, -1.5350852012634277], [-0.7324291467666626, 0.06480567902326584, 0.6777517199516296, -0.4617971181869507], [-0.5821989178657532, -0.5757002830505371, -0.5741198062896729, -0.6319307088851929], [0.0, 0.0, 0.0, 1.0]]}, "finger1joint3": {"matrix": [[0.42734894156455994, -0.9034212231636047, 0.03468256816267967, -1.88450026512146], [-0.6619074940681458, -0.2865131199359894, 0.692667543888092, -0.4340159595012665], [-0.6158338189125061, -0.3189674913883209, -0.7204223871231079, -0.8787239789962769], [0.0, 0.0, 0.0, 1.0]]}, "Bone.001": {"matrix": [[0.6394442319869995, -0.006241959519684315, 0.7688120603561401, -1.1153672933578491], [-0.7549251914024353, 0.18426959216594696, 0.629390299320221, -0.352668821811676], [-0.14559736847877502, -0.9828557968139648, 0.1131180003285408, 0.5552575588226318], [0.0, 0.0, 0.0, 1.0]]}, "finger2joint1": {"matrix": [[0.4073665738105774, -0.4183128774166107, 0.8118292093276978, -1.1193240880966187], [-0.5324114561080933, 0.6134686470031738, 0.5832613110542297, -0.2358633577823639], [-0.7420176267623901, -0.6698284149169922, 0.027192093431949615, -0.06775867938995361], [0.0, 0.0, 0.0, 1.0]]}, "finger2joint2": {"matrix": [[0.2910950481891632, -0.6710004806518555, 0.6819251179695129, -1.481226921081543], [-0.526366114616394, 0.48287808895111084, 0.6998335123062134, 0.29487836360931396], [-0.798875629901886, -0.5626603960990906, -0.21262848377227783, -0.6472599506378174], [0.0, 0.0, 0.0, 1.0]]}, "finger2joint3": {"matrix": [[0.15010781586170197, -0.9439782500267029, 0.29389190673828125, -1.7359497547149658], [-0.527920126914978, 0.174804225564003, 0.8311096429824829, 0.47818684577941895], [-0.8359232544898987, -0.27990755438804626, -0.4721057116985321, -0.8608551025390625], [0.0, 0.0, 0.0, 1.0]]}, "Bone.002": {"matrix": [[0.4418046176433563, -0.3575146496295929, 0.8227952122688293, -1.1153672933578491], [-0.42243120074272156, 0.7262104153633118, 0.5423743724822998, -0.3526688516139984], [-0.7914294004440308, -0.5871978402137756, 0.16981780529022217, 0.5552575588226318], [0.0, 0.0, 0.0, 1.0]]}, "finger3joint1": {"matrix": [[0.37352731823921204, -0.25687044858932495, 0.891344428062439, -1.2660633325576782], [-0.5748385787010193, 0.690055251121521, 0.43975451588630676, -0.04656386375427246], [-0.7280371189117432, -0.6766394376754761, 0.11009547114372253, 0.3077477812767029], [0.0, 0.0, 0.0, 1.0]]}, "finger3joint2": {"matrix": [[0.2933485805988312, -0.8888628482818604, -0.3519507944583893, -1.4913853406906128], [-0.47511473298072815, -0.4550134539604187, 0.753145694732666, 0.5587398409843445], [-0.8295858502388, -0.053717177361249924, -0.5557892918586731, -0.28578782081604004], [0.0, 0.0, 0.0, 1.0]]}, "finger3joint3": {"matrix": [[0.30388984084129333, -0.3924172818660736, -0.8681356906890869, -2.0665512084960938], [-0.6169822216033936, -0.7753943800926208, 0.1345219761133194, 0.2643095850944519], [-0.7259365320205688, 0.4947444200515747, -0.4777488708496094, -0.3205471634864807], [0.0, 0.0, 0.0, 1.0]]}, "Bone.003": {"matrix": [[0.5539665818214417, -0.07537157088518143, 0.8291200995445251, -1.1153672933578491], [0.38348478078842163, 0.9070529341697693, -0.17376457154750824, -0.3526688814163208], [-0.7389588952064514, 0.4142148792743683, 0.5313808917999268, 0.5552575588226318], [0.0, 0.0, 0.0, 1.0]]}, "finger4joint1": {"matrix": [[0.25091612339019775, -0.3929148018360138, 0.8846801519393921, -1.1476731300354004], [-0.45269474387168884, 0.7601919174194336, 0.4660205543041229, 0.03611159324645996], [-0.8556333184242249, -0.5174220204353333, 0.012874000705778599, 0.7327980399131775], [0.0, 0.0, 0.0, 1.0]]}, "finger4joint2": {"matrix": [[0.2588798403739929, -0.7145631909370422, 0.6499080657958984, -1.5379785299301147], [-0.42606639862060547, 0.5193712711334229, 0.7407565712928772, 0.7912551760673523], [-0.8668611645698547, -0.46867090463638306, -0.16999655961990356, 0.2188122272491455], [0.0, 0.0, 0.0, 1.0]]}, "finger4joint3": {"matrix": [[0.3078475594520569, -0.846027135848999, 0.435278981924057, -1.8359962701797485], [-0.4785555303096771, 0.25772562623023987, 0.8393815755844116, 1.0078656673431396], [-0.8223223686218262, -0.4667067527770996, -0.3255307376384735, 0.023347005248069763], [0.0, 0.0, 0.0, 1.0]]}}