{"root": {"matrix": [[0.23766055703163147, -0.4935963451862335, -0.8365883827209473, 0.0], [-0.9630193710327148, -0.0071881599724292755, -0.26933637261390686, 0.0], [0.12692983448505402, 0.8696613907814026, -0.4770511984825134, 0.0], [0.0, 0.0, 0.0, 1.0]]}, "carpals": {"matrix": [[0.8445911407470703, -0.529630184173584, -0.07846985012292862, 0.14837762713432312], [0.5036325454711914, 0.7361413240432739, 0.45216119289398193, -2.1545984745025635], [-0.1817132979631424, -0.421411395072937, 0.888477623462677, 1.1919203996658325], [0.0, 0.0, 0.0, 1.0]]}, "metacarpals": {"matrix": [[0.4899263381958008, -0.7311135530471802, 0.47481051087379456, -0.36747896671295166], [0.33879968523979187, 0.6615239381790161, 0.6690294146537781, -1.4376012086868286], [-0.8032351732254028, -0.16690950095653534, 0.5717992186546326, 0.7814682722091675], [0.0, 0.0, 0.0, 1.0]]}, "finger5joint1": {"matrix": [[0.5127989649772644, -0.8228250741958618, -0.24494072794914246, -1.0659899711608887], [0.5203497409820557, 0.07096335291862488, 0.8509993553161621, -1.3947545289993286], [-0.6828418970108032, -0.5638465285301208, 0.46454688906669617, 0.5919386148452759], [0.0, 0.0, 0.0, 1.0]]}, "finger5joint2": {"matrix": [[-0.29961591958999634, -0.39598140120506287, -0.868002712726593, -1.935117244720459], [0.8914484977722168, 0.20796118676662445, -0.40258049964904785, -1.3197978734970093], [0.33992546796798706, -0.8943993449211121, 0.29068872332572937, -0.0036368370056152344], [0.0, 0.0, 0.0, 1.0]]}, "finger5joint3": {"matrix": [[-0.2870308458805084, -0.03570989891886711, -0.9572553038597107, -2.207289218902588], [0.9277754426002502, 0.2383592426776886, -0.28708329796791077, -1.176858901977539], [0.23842255771160126, -0.97052001953125, -0.035285595804452896, -0.6183887720108032], [0.0, 0.0, 0.0, 1.0]]}, "Bone": {"matrix": [[0.755207896232605, 0.2793590724468231, 0.5929750800132751, -1.5089503526687622], [-0.655434787273407, 0.3330513834953308, 0.6778507232666016, -0.40477871894836426], [-0.008127409964799881, -0.9005748629570007, 0.4346247613430023, 0.5208761692047119], [0.0, 0.0, 0.0, 1.0]]}, "finger1joint1": {"matrix": [[0.6104836463928223, -0.7801869511604309, -0.13644763827323914, -1.2764710187911987], [0.24807919561862946, 0.024749428033828735, 0.9684233069419861, -0.1276174783706665], [-0.7521743774414062, -0.6250565648078918, 0.20865730941295624, -0.22857114672660828], [0.0, 0.0, 0.0, 1.0]]}, "finger1joint2": {"matrix": [[0.6385197639465332, -0.7271268963813782, -0.25214868783950806, -1.717415690422058], [-0.05908893421292305, -0.3729850947856903, 0.9259536862373352, -0.11362965404987335], [-0.7673336267471313, -0.5763406753540039, -0.2811235189437866, -0.5818395614624023], [0.0, 0.0, 0.0, 1.0]]}, "finger1joint3": {"matrix": [[0.6359451413154602, -0.4990646541118622, -0.5886494517326355, -2.029123067855835], [0.04871267080307007, -0.7352820038795471, 0.6760081648826599, -0.2735222280025482], [-0.7701953649520874, -0.458578884601593, -0.44328832626342773, -0.828907310962677], [0.0, 0.0, 0.0, 1.0]]}, "Bone.001": {"matrix": [[0.8695074915885925, 0.17323388159275055, 0.4625435769557953, -1.5089502334594727], [-0.4193234145641327, 0.7537767291069031, 0.5059526562690735, -0.40477874875068665], [-0.2610064446926117, -0.6338850855827332, 0.7280557155609131, 0.5208761692047119], [0.0, 0.0, 0.0, 1.0]]}, "finger2joint1": {"matrix": [[0.5666458010673523, -0.29520413279533386, 0.7692638039588928, -1.3991402387619019], [0.23887541890144348, 0.9523769021034241, 0.18951600790023804, 0.07302790880203247], [-0.7885751128196716, 0.07636980712413788, 0.6101775765419006, 0.11906677484512329], [0.0, 0.0, 0.0, 1.0]]}, "finger2joint2": {"matrix": [[0.4641038179397583, -0.8857159614562988, -0.010712428018450737, -1.6545356512069702], [0.30548155307769775, 0.14869312942028046, 0.9405162930488586, 0.8969758749008179], [-0.8314375877380371, -0.4397697448730469, 0.3395790159702301, 0.1851380318403244], [0.0, 0.0, 0.0, 1.0]]}, "finger2joint3": {"matrix": [[0.35853999853134155, -0.40324366092681885, -0.8419283628463745, -1.9907679557800293], [0.2352522760629654, -0.8337529897689819, 0.4995115399360657, 0.9534222483634949], [-0.90338534116745, -0.37716054916381836, -0.20406989753246307, 0.018194198608398438], [0.0, 0.0, 0.0, 1.0]]}, "Bone.002": {"matrix": [[0.736638605594635, -0.4240318834781647, 0.526840090751648, -1.5089503526687622], [0.21711365878582, 0.8860611319541931, 0.40958142280578613, -0.40477871894836426], [-0.6404881477355957, -0.1873292773962021, 0.7447701096534729, 0.5208761692047119], [0.0, 0.0, 0.0, 1.0]]}, "finger3joint1": {"matrix": [[0.7665789723396301, -0.25230252742767334, 0.5905084013938904, -1.6876839399337769], [-0.04209613800048828, 0.8978571891784668, 0.43826931715011597, -0.03129512071609497], [-0.640768826007843, -0.36082613468170166, 0.6776575446128845, 0.44191497564315796], [0.0, 0.0, 0.0, 1.0]]}, "finger3joint2": {"matrix": [[0.6935483813285828, -0.49631986021995544, -0.5221658945083618, -1.9089990854263306], [0.08343516290187836, -0.6646015048027039, 0.7425248026847839, 0.7562886476516724], [-0.7155621647834778, -0.5585439801216125, -0.4195227026939392, 0.12540492415428162], [0.0, 0.0, 0.0, 1.0]]}, "finger3joint3": {"matrix": [[0.7459902167320251, 0.11036979407072067, -0.6567474007606506, -2.2301580905914307], [-0.07569696754217148, -0.965726375579834, -0.2482786476612091, 0.32623815536499023], [-0.6616408824920654, 0.23492707312107086, -0.7120677828788757, -0.2360178530216217], [0.0, 0.0, 0.0, 1.0]]}, "Bone.003": {"matrix": [[0.5572651624679565, -0.47230541706085205, 0.6829225420951843, -1.5089502334594727], [0.8211708068847656, 0.4353351294994354, -0.36900055408477783, -0.40477871894836426], [-0.12301912158727646, 0.7664273381233215, 0.6304406523704529, 0.5208761692047119], [0.0, 0.0, 0.0, 1.0]]}, "finger4joint1": {"matrix": [[0.7788538932800293, -0.1307576596736908, 0.6134239435195923, -1.7113895416259766], [-0.17391376197338104, 0.8946533799171448, 0.41152000427246094, -0.2181856632232666], [-0.6026113033294678, -0.4271968603134155, 0.6740639209747314, 0.8493818044662476], [0.0, 0.0, 0.0, 1.0]]}, "finger4joint2": {"matrix": [[0.7873518466949463, -0.37349602580070496, 0.49048706889152527, -1.8412787914276123], [-0.14538082480430603, 0.6606729030609131, 0.7364611625671387, 0.6705263257026672], [-0.5991169810295105, -0.6511616110801697, 0.46588313579559326, 0.4250219464302063], [0.0, 0.0, 0.0, 1.0]]}, "finger4joint3": {"matrix": [[0.8084143400192261, -0.4349822700023651, 0.39655566215515137, -1.9970500469207764], [-0.2105545550584793, 0.41543009877204895, 0.8849202990531921, 0.9460685849189758], [-0.5496659278869629, -0.798879086971283, 0.24425236880779266, 0.15344659984111786], [0.0, 0.0, 0.0, 1.0]]}}