{"root": {"matrix": [[0.13229143619537354, -0.8263265490531921, 0.5474334955215454, -5.960464477539063e-08], [0.505475640296936, -0.41883668303489685, -0.7543674111366272, 0.0], [0.8526390790939331, 0.3765106201171875, 0.36227938532829285, -2.9802322387695312e-08], [0.0, 0.0, 0.0, 1.0]]}, "carpals": {"matrix": [[-0.9446857571601868, -0.06690308451652527, -0.3210802376270294, -0.5711941719055176], [0.3275991380214691, -0.23943066596984863, -0.913975715637207, 0.8179665803909302], [-0.015728550031781197, -0.9686054587364197, 0.24810408055782318, 2.256026029586792], [0.0, 0.0, 0.0, 1.0]]}, "metacarpals": {"matrix": [[-0.8276991844177246, -0.34316009283065796, 0.4440214931964874, -0.6363574266433716], [-0.30298689007759094, -0.39272433519363403, -0.868312418460846, 0.5847626328468323], [0.47234824299812317, -0.853234052658081, 0.22108447551727295, 1.3126100301742554], [0.0, 0.0, 0.0, 1.0]]}, "finger5joint1": {"matrix": [[-0.752299964427948, -0.5876023173332214, 0.2979396879673004, -0.8696116209030151], [-0.4833417236804962, 0.1849546730518341, -0.855670690536499, 0.771006166934967], [0.4476888179779053, -0.7877276539802551, -0.42315417528152466, 0.651867687702179], [0.0, 0.0, 0.0, 1.0]]}, "finger5joint2": {"matrix": [[0.3569125533103943, -0.572645902633667, 0.7380308508872986, -1.4902795553207397], [-0.8455210328102112, 0.13783684372901917, 0.5158438682556152, 0.9663686156272888], [-0.39712387323379517, -0.8081316351890564, -0.43498867750167847, -0.1801871657371521], [0.0, 0.0, 0.0, 1.0]]}, "finger5joint3": {"matrix": [[0.2607189118862152, -0.7349750995635986, 0.6259685754776001, -1.8838794231414795], [-0.8560720086097717, 0.12372538447380066, 0.5018289685249329, 1.0611088275909424], [-0.4462801218032837, -0.6667104363441467, -0.5969342589378357, -0.7356444597244263], [0.0, 0.0, 0.0, 1.0]]}, "Bone": {"matrix": [[0.17239639163017273, -0.9333285689353943, 0.31492409110069275, -1.1721255779266357], [0.4132213890552521, -0.2216939479112625, -0.8832325339317322, -0.028389111161231995], [0.8941628336906433, 0.2823995351791382, 0.34745198488235474, -0.01952517032623291], [0.0, 0.0, 0.0, 1.0]]}, "finger1joint1": {"matrix": [[-0.7579787373542786, -0.43071532249450684, 0.4898494482040405, -1.948830008506775], [-0.28352245688438416, -0.4587736427783966, -0.8421054482460022, -0.21288004517555237], [0.5874377489089966, -0.7771812081336975, 0.22562311589717865, 0.21548421680927277], [0.0, 0.0, 0.0, 1.0]]}, "finger1joint2": {"matrix": [[-0.8623591661453247, -0.32012253999710083, -0.3922477066516876, -2.192260980606079], [-0.004442057106643915, 0.7794923782348633, -0.6263958811759949, -0.4721689820289612], [0.5062775611877441, -0.538435697555542, -0.6736242771148682, -0.22376175224781036], [0.0, 0.0, 0.0, 1.0]]}, "finger1joint3": {"matrix": [[-0.8853217363357544, 0.37812986969947815, -0.27059802412986755, -2.3294923305511475], [-0.09645046293735504, 0.4199584424495697, 0.9024035334587097, -0.13801342248916626], [0.4548656940460205, 0.8250165581703186, -0.3353274166584015, -0.45458027720451355], [0.0, 0.0, 0.0, 1.0]]}, "Bone.001": {"matrix": [[-0.11766143888235092, -0.7675102949142456, 0.6301455497741699, -1.1721255779266357], [0.20664280652999878, -0.6395860910415649, -0.7404243350028992, -0.0283890962600708], [0.9713156223297119, 0.043095655739307404, 0.23385502398014069, -0.019525159150362015], [0.0, 0.0, 0.0, 1.0]]}, "finger2joint1": {"matrix": [[-0.7277065515518188, -0.5286343693733215, -0.4370224177837372, -1.6586376428604126], [-0.2810685932636261, 0.8110430836677551, -0.5130394101142883, -0.43381232023239136], [0.6256542801856995, -0.25050878524780273, -0.7387838363647461, 0.007792487740516663], [0.0, 0.0, 0.0, 1.0]]}, "finger2joint2": {"matrix": [[-0.729016900062561, -0.19886331260204315, -0.6549714207649231, -2.11598539352417], [-0.15795399248600006, 0.979916512966156, -0.1217125952243805, 0.2678608000278473], [0.6660215258598328, 0.01472487673163414, -0.7457868456840515, -0.2089349329471588], [0.0, 0.0, 0.0, 1.0]]}, "finger2joint3": {"matrix": [[-0.6855556964874268, 0.050865013152360916, -0.7262409329414368, -2.191477060317993], [-0.033006299287080765, 0.9943588376045227, 0.10080096870660782, 0.6398531198501587], [0.727271318435669, 0.09307524561882019, -0.6800094246864319, -0.2033451348543167], [0.0, 0.0, 0.0, 1.0]]}, "Bone.002": {"matrix": [[-0.629392147064209, -0.3930666148662567, 0.670346200466156, -1.1721255779266357], [-0.2862198054790497, -0.684734046459198, -0.6702368259429932, -0.028389066457748413], [0.7224566340446472, -0.6137080788612366, 0.31846266984939575, -0.019525140523910522], [0.0, 0.0, 0.0, 1.0]]}, "finger3joint1": {"matrix": [[-0.6904342770576477, -0.6997495293617249, 0.18344226479530334, -1.3378071784973145], [-0.2362077832221985, -0.021609438583254814, -0.9714621901512146, -0.31701135635375977], [0.6837444305419922, -0.7140610814094543, -0.1503663957118988, -0.27820926904678345], [0.0, 0.0, 0.0, 1.0]]}, "finger3joint2": {"matrix": [[-0.7989842891693115, -0.3868105709552765, -0.46043631434440613, -1.9516143798828125], [-0.19878718256950378, 0.892514705657959, -0.4048469662666321, -0.3359667658805847], [0.5675453543663025, -0.23193739354610443, -0.7899981141090393, -0.904570460319519], [0.0, 0.0, 0.0, 1.0]]}, "finger3joint3": {"matrix": [[-0.7283701300621033, 0.06492767482995987, -0.6821005940437317, -2.2019119262695312], [-0.08334580063819885, 0.9797123074531555, 0.182256281375885, 0.2415619194507599], [0.680095911026001, 0.18960024416446686, -0.7081814408302307, -1.0546525716781616], [0.0, 0.0, 0.0, 1.0]]}, "Bone.003": {"matrix": [[-0.261496365070343, 0.6299105286598206, 0.7313222885131836, -1.1721255779266357], [-0.9040635228157043, -0.4252294600009918, 0.04300025478005409, -0.028389111161231995], [0.338066041469574, -0.6499174237251282, 0.6806749701499939, -0.019525110721588135], [0.0, 0.0, 0.0, 1.0]]}, "finger4joint1": {"matrix": [[-0.5039830803871155, -0.635149359703064, 0.5853084921836853, -0.9021337032318115], [0.04983323812484741, -0.6979193091392517, -0.7144403457641602, -0.21065068244934082], [0.8622745275497437, -0.3308979272842407, 0.38339102268218994, -0.2980923354625702], [0.0, 0.0, 0.0, 1.0]]}, "finger4joint2": {"matrix": [[-0.5070138573646545, -0.8082405924797058, 0.29947251081466675, -1.5330649614334106], [0.0200163833796978, -0.3583877384662628, -0.9333580732345581, -0.9039351940155029], [0.8617051839828491, -0.46723100543022156, 0.19788561761379242, -0.626792848110199], [0.0, 0.0, 0.0, 1.0]]}, "finger4joint3": {"matrix": [[-0.4423997402191162, -0.8957209587097168, 0.0443401075899601, -1.8701521158218384], [0.06339004635810852, -0.08054976910352707, -0.9947327375411987, -1.0534052848815918], [0.8945745825767517, -0.43725869059562683, 0.09241504967212677, -0.8216575384140015], [0.0, 0.0, 0.0, 1.0]]}}