{"root": {"matrix": [[0.5905196070671082, -0.6714144945144653, 0.4477602243423462, 0.0], [0.49207544326782227, 0.7393185496330261, 0.4596410095691681, 0.0], [-0.6396470069885254, -0.05109516158699989, 0.7669686675071716, 0.0], [0.0, 0.0, 0.0, 1.0]]}, "carpals": {"matrix": [[-0.09884870052337646, -0.6047717928886414, -0.7902402877807617, 0.627913236618042], [0.09673842042684555, -0.7962082028388977, 0.5972384810447693, 1.784796953201294], [-0.9903890490531921, -0.01741047017276287, 0.13720889389514923, -1.5827853679656982], [0.0, 0.0, 0.0, 1.0]]}, "metacarpals": {"matrix": [[-0.6501702666282654, -0.7383161783218384, -0.1793530434370041, 0.03886914253234863], [-0.2506677508354187, -0.014398708939552307, 0.9679659008979797, 1.009295105934143], [-0.7172476053237915, 0.6743008494377136, -0.17571039497852325, -1.5997430086135864], [0.0, 0.0, 0.0, 1.0]]}, "finger5joint1": {"matrix": [[-0.16407889127731323, -0.9360606074333191, -0.31123659014701843, -0.19460272789001465], [-0.03341689705848694, -0.31005701422691345, 0.95013028383255, 0.6468719244003296], [-0.9858810305595398, 0.1662968397140503, 0.01959366351366043, -1.0168062448501587], [0.0, 0.0, 0.0, 1.0]]}, "finger5joint2": {"matrix": [[-0.2602114975452423, -0.9636642336845398, -0.06033529341220856, -1.1833374500274658], [0.9647574424743652, -0.25695568323135376, -0.05671253800392151, 0.31936734914779663], [0.03914845362305641, -0.07296624034643173, 0.9965656399726868, -0.8411515355110168], [0.0, 0.0, 0.0, 1.0]]}, "finger5joint3": {"matrix": [[-0.3453202247619629, -0.9032706618309021, -0.2546669542789459, -1.8456977605819702], [0.9382086396217346, -0.33884596824645996, -0.07033747434616089, 0.14275267720222473], [-0.022759029641747475, -0.2632198929786682, 0.9644672274589539, -0.8913037776947021], [0.0, 0.0, 0.0, 1.0]]}, "Bone": {"matrix": [[0.6415187120437622, -0.7269121408462524, -0.24505549669265747, -1.113847255706787], [-0.10640799254179001, -0.4006900191307068, 0.9100134372711182, 0.9868146181106567], [-0.7596912980079651, -0.5577150583267212, -0.33439943194389343, -0.5469721555709839], [0.0, 0.0, 0.0, 1.0]]}, "finger1joint1": {"matrix": [[-0.14818240702152252, -0.640218198299408, -0.7537654042243958, -1.7187747955322266], [0.1115356907248497, -0.7681358456611633, 0.6304972171783447, 0.6533653736114502], [-0.9826503396034241, 0.009356719441711903, 0.18523143231868744, -1.0110957622528076], [0.0, 0.0, 0.0, 1.0]]}, "finger1joint2": {"matrix": [[0.10117758810520172, -0.3630203306674957, -0.9262715578079224, -2.0806119441986084], [-0.07037944346666336, -0.9313284754753113, 0.35731470584869385, 0.21923163533210754], [-0.9923758506774902, 0.02903812751173973, -0.11977879703044891, -1.0058075189590454], [0.0, 0.0, 0.0, 1.0]]}, "finger1joint3": {"matrix": [[0.02010076679289341, 0.07985299825668335, -0.996603786945343, -2.2362329959869385], [0.0003840230347122997, -0.9968057870864868, -0.07986132800579071, -0.18001359701156616], [-0.9997979402542114, 0.001222456805408001, -0.02006731741130352, -0.993359386920929], [0.0, 0.0, 0.0, 1.0]]}, "Bone.001": {"matrix": [[0.3241204619407654, -0.9452133774757385, 0.038951028138399124, -1.1138473749160767], [-0.12759312987327576, -0.0028807546477764845, 0.9918222427368164, 0.9868146181106567], [-0.9373717308044434, -0.32643988728523254, -0.12153640389442444, -0.5469721555709839], [0.0, 0.0, 0.0, 1.0]]}, "finger2joint1": {"matrix": [[-0.5489639639854431, -0.8266873955726624, 0.1233939453959465, -1.7130026817321777], [-0.2681933641433716, 0.3140351176261902, 0.9107435941696167, 0.9849886894226074], [-0.7916505336761475, 0.46687212586402893, -0.39410609006881714, -0.7538970708847046], [0.0, 0.0, 0.0, 1.0]]}, "finger2joint2": {"matrix": [[-0.6305177211761475, -0.11786017566919327, -0.7671740055084229, -2.428210496902466], [-0.32170769572257996, -0.8598225712776184, 0.39649587869644165, 1.2566757202148438], [-0.7063649296760559, 0.49680349230766296, 0.5042169094085693, -0.3499830961227417], [0.0, 0.0, 0.0, 1.0]]}, "finger2joint3": {"matrix": [[-0.5687867403030396, 0.6196780204772949, -0.5408145189285278, -2.472951889038086], [-0.4523366093635559, -0.7848471403121948, -0.4235636293888092, 0.9302729368209839], [-0.6869301199913025, 0.003712854813784361, 0.7267138361930847, -0.1613883674144745], [0.0, 0.0, 0.0, 1.0]]}, "Bone.002": {"matrix": [[-0.4273955225944519, -0.8936793804168701, 0.13663756847381592, -1.1138473749160767], [-0.10905314981937408, 0.2009960263967514, 0.9735028743743896, 0.9868146777153015], [-0.8974633812904358, 0.4011700451374054, -0.18336330354213715, -0.5469721555709839], [0.0, 0.0, 0.0, 1.0]]}, "finger3joint1": {"matrix": [[0.011254560202360153, -0.9859864115715027, -0.16644445061683655, -1.4905421733856201], [-0.1404271423816681, -0.16636379063129425, 0.9760138988494873, 1.0715365409851074], [-0.990027129650116, 0.012388522736728191, -0.14033155143260956, -0.3778749406337738], [0.0, 0.0, 0.0, 1.0]]}, "finger3joint2": {"matrix": [[-0.13834531605243683, 0.022104330360889435, -0.9901372194290161, -2.355431318283081], [-0.2027217000722885, -0.9792149662971497, 0.006464655976742506, 0.9256052374839783], [-0.9694145917892456, 0.20161660015583038, 0.1399507075548172, -0.3670079708099365], [0.0, 0.0, 0.0, 1.0]]}, "finger3joint3": {"matrix": [[0.031399983912706375, 0.451322078704834, -0.8918083310127258, -2.34112811088562], [-0.24925149977207184, -0.86052405834198, -0.44426560401916504, 0.29197457432746887], [-0.9679296612739563, 0.23623454570770264, 0.08547207713127136, -0.23654583096504211], [0.0, 0.0, 0.0, 1.0]]}, "Bone.003": {"matrix": [[-0.6714374423027039, -0.008928420953452587, 0.7410072088241577, -1.1138474941253662], [0.5546227097511292, 0.6571259498596191, 0.510469377040863, 0.9868146181106567], [-0.4914928376674652, 0.7537279725074768, -0.43626710772514343, -0.5469721555709839], [0.0, 0.0, 0.0, 1.0]]}, "finger4joint1": {"matrix": [[-0.010342560708522797, -0.9009991884231567, 0.43369677662849426, -1.1176741123199463], [-0.3957594931125641, 0.4019930362701416, 0.8256970643997192, 1.2684714794158936], [-0.9182959198951721, -0.16309992969036102, -0.3607366681098938, -0.2239096611738205], [0.0, 0.0, 0.0, 1.0]]}, "finger4joint2": {"matrix": [[-0.022616904228925705, -0.7941080331802368, -0.6073550581932068, -2.0126898288726807], [-0.37042236328125, -0.5576150417327881, 0.742867648601532, 1.667794942855835], [-0.9285879135131836, 0.24177929759025574, -0.281544029712677, -0.3859264552593231], [0.0, 0.0, 0.0, 1.0]]}, "finger4joint3": {"matrix": [[0.05235958471894264, 0.45045530796051025, -0.8912619352340698, -2.3438830375671387], [-0.33361542224884033, -0.8333200812339783, -0.4407697916030884, 1.4352344274520874], [-0.9412539005279541, 0.3204174339771271, 0.10664651542901993, -0.28508928418159485], [0.0, 0.0, 0.0, 1.0]]}}