{"root": {"matrix": [[0.4665966033935547, -0.8392113447189331, -0.2793061435222626, -5.960464477539063e-08], [0.7516303062438965, 0.5426775217056274, -0.37490397691726685, 0.0], [0.4661968946456909, -0.03500599414110184, 0.8839881420135498, 0.0], [0.0, 0.0, 0.0, 1.0]]}, "carpals": {"matrix": [[0.7603039145469666, -0.5407812595367432, -0.3598518967628479, 0.2651636600494385], [-0.1545010805130005, -0.688642144203186, 0.7084498405456543, 2.273123025894165], [-0.6309256553649902, -0.48303961753845215, -0.6071286201477051, 0.9206441640853882], [0.0, 0.0, 0.0, 1.0]]}, "metacarpals": {"matrix": [[0.49052271246910095, -0.772703230381012, 0.40288591384887695, -0.2615540027618408], [-0.8597537875175476, -0.35369986295700073, 0.3684013783931732, 1.6023896932601929], [-0.14216424524784088, -0.5270918607711792, -0.8378324508666992, 0.4501664638519287], [0.0, 0.0, 0.0, 1.0]]}, "finger5joint1": {"matrix": [[0.5568657517433167, -0.6223943829536438, 0.5500232577323914, -0.9543160796165466], [-0.8277336359024048, -0.36084529757499695, 0.4297061860561371, 1.3998528718948364], [-0.06897342205047607, -0.6945613622665405, -0.7161192893981934, 0.5189732909202576], [0.0, 0.0, 0.0, 1.0]]}, "finger5joint2": {"matrix": [[0.5720338821411133, -0.5548561811447144, -0.604079008102417, -1.6117340326309204], [0.49114376306533813, -0.3581409454345703, 0.794048011302948, 1.0187020301818848], [-0.6569282412528992, -0.7509119510650635, 0.0676453560590744, -0.21467268466949463], [0.0, 0.0, 0.0, 1.0]]}, "finger5joint3": {"matrix": [[0.5501226186752319, -0.4864560067653656, -0.6787674427032471, -1.9931062459945679], [0.4111006557941437, -0.5497416257858276, 0.7271724343299866, 0.7725391983985901], [-0.7268843650817871, -0.6790757179260254, -0.10244295001029968, -0.7308007478713989], [0.0, 0.0, 0.0, 1.0]]}, "Bone": {"matrix": [[0.802322506904602, 0.2844899892807007, 0.5247321724891663, -1.4679583311080933], [0.1842155158519745, -0.9542137384414673, 0.23567064106464386, 1.0501660108566284], [0.567752480506897, -0.0924200490117073, -0.8179946541786194, -0.3727702498435974], [0.0, 0.0, 0.0, 1.0]]}, "finger1joint1": {"matrix": [[0.659214198589325, -0.7519445419311523, -0.00398122426122427, -1.2312091588974], [-0.7478914856910706, -0.6561922430992126, 0.1003490760922432, 0.25608113408088684], [-0.07806946337223053, -0.06317383795976639, -0.994944155216217, -0.4496810734272003], [0.0, 0.0, 0.0, 1.0]]}, "finger1joint2": {"matrix": [[0.6440314054489136, -0.7643111348152161, -0.03243306651711464, -1.6561920642852783], [-0.729656994342804, -0.6009882092475891, -0.326211154460907, -0.11478450894355774], [0.2298348844051361, 0.233755424618721, -0.9447401762008667, -0.48538559675216675], [0.0, 0.0, 0.0, 1.0]]}, "finger1joint3": {"matrix": [[0.6650401949882507, -0.6257778406143188, -0.40758252143859863, -1.983839511871338], [-0.7363998293876648, -0.4586973488330841, -0.4973047375679016, -0.37241825461387634], [0.12424524873495102, 0.6308714151382446, -0.7658746838569641, -0.38517844676971436], [0.0, 0.0, 0.0, 1.0]]}, "Bone.001": {"matrix": [[0.9071833491325378, 0.1377512365579605, 0.39754581451416016, -1.4679582118988037], [-0.12303780019283295, -0.8167199492454529, 0.5637640953063965, 1.050166130065918], [0.40234270691871643, -0.5603505969047546, -0.7239662408828735, -0.3727702498435974], [0.0, 0.0, 0.0, 1.0]]}, "finger2joint1": {"matrix": [[0.6342775821685791, -0.4112030863761902, 0.6546782851219177, -1.3806400299072266], [-0.772972047328949, -0.32159051299095154, 0.546894371509552, 0.5324605703353882], [-0.014346347190439701, -0.8529309034347534, -0.5218263268470764, -0.7279672622680664], [0.0, 0.0, 0.0, 1.0]]}, "finger2joint2": {"matrix": [[0.5312670469284058, -0.8437670469284058, -0.07623786479234695, -1.7363919019699097], [-0.8461055159568787, -0.5330069661140442, 0.0029618253465741873, 0.2542368769645691], [-0.04313444718718529, 0.06293196231126785, -0.9970850348472595, -1.4658795595169067], [0.0, 0.0, 0.0, 1.0]]}, "finger2joint3": {"matrix": [[0.4356558918952942, -0.2918819785118103, -0.8514743447303772, -2.056699752807617], [-0.8985137343406677, -0.08465364575386047, -0.43070462346076965, 0.05189869925379753], [0.053634487092494965, 0.9527005553245544, -0.29913967847824097, -1.4419896602630615], [0.0, 0.0, 0.0, 1.0]]}, "Bone.002": {"matrix": [[0.7399207949638367, -0.48291051387786865, 0.46831026673316956, -1.4679582118988037], [-0.6665126085281372, -0.4321310520172119, 0.6074730157852173, 1.0501660108566284], [-0.09098376333713531, -0.7616165280342102, -0.6416088938713074, -0.3727703094482422], [0.0, 0.0, 0.0, 1.0]]}, "finger3joint1": {"matrix": [[0.9010298252105713, -0.2829597294330597, 0.3287537693977356, -1.671509861946106], [-0.39109402894973755, -0.857757568359375, 0.33361250162124634, 0.868018388748169], [0.187592014670372, -0.4291682839393616, -0.883529007434845, -0.6937992572784424], [0.0, 0.0, 0.0, 1.0]]}, "finger3joint2": {"matrix": [[0.831511914730072, -0.31464147567749023, -0.4578084945678711, -1.9197168350219727], [-0.5344482660293579, -0.2283545732498169, -0.8137685060501099, 0.1156093031167984], [0.15150253474712372, 0.9213331937789917, -0.3580390214920044, -1.0702577829360962], [0.0, 0.0, 0.0, 1.0]]}, "finger3joint3": {"matrix": [[0.880007803440094, -0.21834401786327362, -0.42179620265960693, -2.1233153343200684], [-0.40065234899520874, 0.1356782615184784, -0.9061285257339478, -0.03215443715453148], [0.25507616996765137, 0.9663939476013184, 0.03191804140806198, -0.4740811884403229], [0.0, 0.0, 0.0, 1.0]]}, "Bone.003": {"matrix": [[0.4976648986339569, -0.5300798416137695, 0.6865456700325012, -1.4679583311080933], [-0.340215265750885, 0.6088008880615234, 0.7166693806648254, 1.0501660108566284], [-0.7978615760803223, -0.5902345180511475, 0.12263737618923187, -0.372770220041275], [0.0, 0.0, 0.0, 1.0]]}, "finger4joint1": {"matrix": [[0.11030388623476028, -0.992900013923645, -0.04452482983469963, -1.6951606273651123], [-0.9640167355537415, -0.117782361805439, 0.23832477629184723, 1.3111099004745483], [-0.24187681078910828, 0.016634732484817505, -0.9701641201972961, -0.6257562041282654], [0.0, 0.0, 0.0, 1.0]]}, "finger4joint2": {"matrix": [[0.08663413673639297, 0.30567666888237, -0.9481856226921082, -2.681467056274414], [-0.9616814255714417, -0.2228483110666275, -0.1597091406583786, 1.1941097974777222], [-0.26012080907821655, 0.9256888628005981, 0.2746574878692627, -0.6092319488525391], [0.0, 0.0, 0.0, 1.0]]}, "finger4joint3": {"matrix": [[0.0747859925031662, 0.98653644323349, -0.1454392820596695, -2.553980588912964], [-0.9373889565467834, 0.019797859713435173, -0.34772032499313354, 1.101167917251587], [-0.34015926718711853, 0.16233769059181213, 0.9262492060661316, -0.2231614887714386], [0.0, 0.0, 0.0, 1.0]]}}