{"root": {"matrix": [[0.3501970171928406, -0.7892432808876038, -0.5044374465942383, 0.0], [-0.6556195616722107, 0.17808836698532104, -0.7337898015975952, 0.0], [0.6689730882644653, 0.5876900553703308, -0.4550773799419403, 5.960464477539063e-08], [0.0, 0.0, 0.0, 1.0]]}, "carpals": {"matrix": [[0.77704918384552, -0.43201744556427, -0.4577721357345581, 0.0761493444442749], [0.6143509745597839, 0.36225929856300354, 0.7009569406509399, -1.225853443145752], [-0.13699328899383545, -0.8259109258651733, 0.5469038486480713, 2.139268398284912], [0.0, 0.0, 0.0, 1.0]]}, "metacarpals": {"matrix": [[0.4946691393852234, -0.8112313747406006, 0.3117786645889282, -0.34463298320770264], [0.22026604413986206, 0.4640587270259857, 0.8579813241958618, -0.8730150461196899], [-0.8407050967216492, -0.3557426333427429, 0.40824249386787415, 1.3348362445831299], [0.0, 0.0, 0.0, 1.0]]}, "finger5joint1": {"matrix": [[0.12518899142742157, -0.9392368793487549, -0.31962740421295166, -1.022631049156189], [0.4271617829799652, -0.23974648118019104, 0.8718107342720032, -0.999785840511322], [-0.8954664468765259, -0.2456737905740738, 0.37119272351264954, 1.1114020347595215], [0.0, 0.0, 0.0, 1.0]]}, "finger5joint2": {"matrix": [[-0.35689830780029297, -0.3569715619087219, -0.8632464408874512, -2.014720916748047], [0.896355390548706, 0.12930826842784882, -0.4240587055683136, -1.253023386001587], [0.26300209760665894, -0.9251216053962708, 0.27382364869117737, 0.85190349817276], [0.0, 0.0, 0.0, 1.0]]}, "finger5joint3": {"matrix": [[-0.34059590101242065, 0.10105914622545242, -0.9347624778747559, -2.260079860687256], [0.926493227481842, 0.20527726411819458, -0.3153899908065796, -1.1641452312469482], [0.16001269221305847, -0.9734720587730408, -0.16354717314243317, 0.21603499352931976], [0.0, 0.0, 0.0, 1.0]]}, "Bone": {"matrix": [[0.8485941290855408, 0.2966441512107849, 0.43805256485939026, -1.6111905574798584], [-0.4953446090221405, 0.15471740067005157, 0.8548074960708618, -0.14849057793617249], [0.1857992559671402, -0.9423717856407166, 0.2782335579395294, 0.779423177242279], [0.0, 0.0, 0.0, 1.0]]}, "finger1joint1": {"matrix": [[0.7972984313964844, -0.5962268114089966, 0.09396065771579742, -1.3643269538879395], [0.12126480042934418, 0.3107270300388336, 0.9427317380905151, -0.01973666250705719], [-0.5912781953811646, -0.7402445077896118, 0.32004374265670776, -0.0048070549964904785], [0.0, 0.0, 0.0, 1.0]]}, "finger1joint2": {"matrix": [[0.7425976991653442, -0.6541222333908081, 0.14377979934215546, -1.7013013362884521], [-0.17775395512580872, 0.014484984800219536, 0.983968198299408, 0.15587951242923737], [-0.6457182765007019, -0.7562500834465027, -0.10551610589027405, -0.42317721247673035], [0.0, 0.0, 0.0, 1.0]]}, "finger1joint3": {"matrix": [[0.776836097240448, -0.5939744710922241, -0.20909298956394196, -1.981712818145752], [-0.07760179042816162, -0.4198214113712311, 0.9042829275131226, 0.162089005112648], [-0.6249029040336609, -0.6862538456916809, -0.3722257614135742, -0.7473691701889038], [0.0, 0.0, 0.0, 1.0]]}, "Bone.001": {"matrix": [[0.9442742466926575, 0.10244802385568619, 0.31281033158302307, -1.6111904382705688], [-0.3093249499797821, 0.6010898351669312, 0.7368912100791931, -0.14849057793617249], [-0.11253409087657928, -0.7925874590873718, 0.5992836356163025, 0.7794231176376343], [0.0, 0.0, 0.0, 1.0]]}, "finger2joint1": {"matrix": [[0.8730126023292542, -0.40329709649086, -0.274226576089859, -1.546250343322754], [0.20241504907608032, -0.2119397073984146, 0.9560906291007996, 0.23253044486045837], [-0.44370806217193604, -0.8901869654655457, -0.10339248925447464, 0.27701494097709656], [0.0, 0.0, 0.0, 1.0]]}, "finger2joint2": {"matrix": [[0.854555606842041, -0.3958270847797394, -0.33623722195625305, -1.8951624631881714], [0.09319499880075455, -0.5200291275978088, 0.8490488529205322, 0.04917103052139282], [-0.5109297633171082, -0.7568952441215515, -0.4075046479701996, -0.4931294322013855], [0.0, 0.0, 0.0, 1.0]]}, "finger2joint3": {"matrix": [[0.8301183581352234, -0.34464192390441895, -0.43832090497016907, -2.0454249382019043], [-0.04330628365278244, -0.8235790133476257, 0.5655454993247986, -0.1482405662536621], [-0.5559026598930359, -0.4504878520965576, -0.698593258857727, -0.7804592847824097], [0.0, 0.0, 0.0, 1.0]]}, "Bone.002": {"matrix": [[0.7432194352149963, -0.5435420870780945, 0.3901112675666809, -1.6111904382705688], [0.18584690988063812, 0.7278595566749573, 0.6600614190101624, -0.1484905630350113], [-0.6427174210548401, -0.41806936264038086, 0.6419752240180969, 0.779423177242279], [0.0, 0.0, 0.0, 1.0]]}, "finger3joint1": {"matrix": [[0.8970788717269897, -0.04087519645690918, 0.4399758577346802, -1.8402990102767944], [-0.26497790217399597, 0.7470498085021973, 0.6096744537353516, 0.15830951929092407], [-0.35360464453697205, -0.6635098457336426, 0.659331738948822, 0.6032026410102844], [0.0, 0.0, 0.0, 1.0]]}, "finger3joint2": {"matrix": [[0.8615780472755432, -0.4127141535282135, -0.29555079340934753, -1.876153826713562], [-0.16696806252002716, -0.7802311778068542, 0.6027940511703491, 0.8136078119277954], [-0.4793797433376312, -0.4700067639350891, -0.7411400675773621, 0.021184146404266357], [0.0, 0.0, 0.0, 1.0]]}, "finger3joint3": {"matrix": [[0.8774564862251282, -0.15638598799705505, -0.45344623923301697, -2.1432130336761475], [-0.3044605255126953, -0.912086546421051, -0.2745938003063202, 0.30873557925224304], [-0.37063977122306824, 0.37900036573410034, -0.8479296565055847, -0.28294798731803894], [0.0, 0.0, 0.0, 1.0]]}, "Bone.003": {"matrix": [[0.42658594250679016, -0.5984823107719421, 0.6781175136566162, -1.6111905574798584], [0.8537606000900269, 0.513925313949585, -0.08350614458322525, -0.14849057793617249], [-0.2985246181488037, 0.6145727634429932, 0.7301940321922302, 0.7794231176376343], [0.0, 0.0, 0.0, 1.0]]}, "finger4joint1": {"matrix": [[0.8168327212333679, 0.015791531652212143, 0.576658308506012, -1.8677116632461548], [-0.3057999014854431, 0.8594713807106018, 0.4096275866031647, 0.07178783416748047], [-0.4891528785228729, -0.5109391808509827, 0.7068736553192139, 1.0428409576416016], [0.0, 0.0, 0.0, 1.0]]}, "finger4joint2": {"matrix": [[0.8279629945755005, -0.3345448970794678, 0.45006299018859863, -1.852025032043457], [-0.2780507206916809, 0.4520554840564728, 0.8475452661514282, 0.9255514144897461], [-0.48699554800987244, -0.8268765807151794, 0.28126510977745056, 0.5352949500083923], [0.0, 0.0, 0.0, 1.0]]}, "finger4joint3": {"matrix": [[0.8462340831756592, -0.4491923749446869, 0.2865549921989441, -1.9915512800216675], [-0.32703453302383423, -0.013305925764143467, 0.9449183940887451, 1.1140871047973633], [-0.4206373989582062, -0.8933358192443848, -0.15816110372543335, 0.19043539464473724], [0.0, 0.0, 0.0, 1.0]]}}