{"root": {"matrix": [[0.34668514132499695, -0.8888404369354248, -0.2996198832988739, 0.0], [-0.6832756996154785, -0.020472683012485504, -0.7298733592033386, 0.0], [0.6426069140434265, 0.45775923132896423, -0.6144207119941711, 2.9802322387695312e-08], [0.0, 0.0, 0.0, 1.0]]}, "carpals": {"matrix": [[0.5630643963813782, -0.5055713057518005, -0.6537246704101562, -0.05230697989463806], [0.8222207427024841, 0.26314088702201843, 0.5046875476837158, -1.4831922054290771], [-0.08313372731208801, -0.8216777443885803, 0.5638566613197327, 1.970378041267395], [0.0, 0.0, 0.0, 1.0]]}, "metacarpals": {"matrix": [[0.6327611207962036, -0.7516747713088989, 0.18600597977638245, -0.5447304248809814], [0.45231863856315613, 0.5537612438201904, 0.6991108655929565, -1.2268946170806885], [-0.6285069584846497, -0.3582361936569214, 0.6903952956199646, 1.1700688600540161], [0.0, 0.0, 0.0, 1.0]]}, "finger5joint1": {"matrix": [[0.6149468421936035, -0.655990719795227, -0.43762582540512085, -1.161232829093933], [0.6096073985099792, 0.04342995584011078, 0.7915126085281372, -1.2778379917144775], [-0.5002188682556152, -0.753518283367157, 0.42660412192344666, 0.7919096946716309], [0.0, 0.0, 0.0, 1.0]]}, "finger5joint2": {"matrix": [[-0.4802604615688324, -0.4290032386779785, -0.7650527358055115, -1.854137659072876], [0.8090488910675049, 0.12024824321269989, -0.5753083229064941, -1.2319639921188354], [0.3388057053089142, -0.8952630162239075, 0.28933411836624146, -0.004010796546936035], [0.0, 0.0, 0.0, 1.0]]}, "finger5joint3": {"matrix": [[-0.4753619134426117, -0.18672862648963928, -0.8597459197044373, -2.1490068435668945], [0.8471820950508118, 0.16642919182777405, -0.504562258720398, -1.14931321144104], [0.23730333149433136, -0.96821129322052, 0.0790790319442749, -0.6193563938140869], [0.0, 0.0, 0.0, 1.0]]}, "Bone": {"matrix": [[0.82193523645401, 0.46098676323890686, 0.3345346748828888, -1.7183034420013428], [-0.5343656539916992, 0.4207855463027954, 0.7330705523490906, -0.36231958866119385], [0.19716843962669373, -0.7813005447387695, 0.5921941995620728, 0.6107628345489502], [0.0, 0.0, 0.0, 1.0]]}, "finger1joint1": {"matrix": [[0.7281169891357422, -0.6807621121406555, -0.08005226403474808, -1.334675908088684], [0.3949323892593384, 0.3211885690689087, 0.8607356548309326, -0.01214703917503357], [-0.5602444410324097, -0.6583316326141357, 0.5027180910110474, -0.03942590951919556], [0.0, 0.0, 0.0, 1.0]]}, "finger1joint2": {"matrix": [[0.7313854098320007, -0.676364004611969, -0.08721806854009628, -1.7194280624389648], [0.10761915147304535, -0.011819731444120407, 0.9941217303276062, 0.16938179731369019], [-0.6734192371368408, -0.7364726662635803, 0.06414513289928436, -0.4115006923675537], [0.0, 0.0, 0.0, 1.0]]}, "finger1joint3": {"matrix": [[0.7431111931800842, -0.516459584236145, -0.42550578713417053, -2.0093741416931152], [0.20810435712337494, -0.42598071694374084, 0.8804729580879211, 0.164314866065979], [-0.6359861493110657, -0.7428390979766846, -0.20907340943813324, -0.7272143959999084], [0.0, 0.0, 0.0, 1.0]]}, "Bone.001": {"matrix": [[0.962776243686676, 0.22001492977142334, 0.15701934695243835, -1.7183034420013428], [-0.27009865641593933, 0.8054541349411011, 0.5275319218635559, -0.36231958866119385], [-0.01040696445852518, -0.5503059029579163, 0.8348981142044067, 0.6107627749443054], [0.0, 0.0, 0.0, 1.0]]}, "finger2joint1": {"matrix": [[0.9493303298950195, -0.3043596148490906, 0.07833832502365112, -1.5788395404815674], [0.16567233204841614, 0.6964597702026367, 0.6982091665267944, 0.14824455976486206], [-0.2670661509037018, -0.6498526930809021, 0.7115946412086487, 0.2619328498840332], [0.0, 0.0, 0.0, 1.0]]}, "finger2joint2": {"matrix": [[0.9065983295440674, -0.41433724761009216, -0.08002467453479767, -1.842155933380127], [0.16274024546146393, 0.1683155596256256, 0.9722062945365906, 0.7507860660552979], [-0.3893519341945648, -0.8944239616394043, 0.22002416849136353, -0.30028650164604187], [0.0, 0.0, 0.0, 1.0]]}, "finger2joint3": {"matrix": [[0.8565916419029236, -0.3848426043987274, -0.34372469782829285, -1.9994451999664307], [0.09344681352376938, -0.5394258499145508, 0.8368315100669861, 0.8146814703941345], [-0.5074625015258789, -0.7489431500434875, -0.426105260848999, -0.6398245096206665], [0.0, 0.0, 0.0, 1.0]]}, "Bone.002": {"matrix": [[0.8409050107002258, -0.49052533507347107, 0.22861236333847046, -1.7183034420013428], [0.3597477972507477, 0.8222483396530151, 0.44100886583328247, -0.36231955885887146], [-0.404302179813385, -0.28860363364219666, 0.8678984045982361, 0.6107627749443054], [0.0, 0.0, 0.0, 1.0]]}, "finger3joint1": {"matrix": [[0.9151322245597839, -0.2046675831079483, 0.3473387658596039, -1.9250648021697998], [0.06386358290910721, 0.924269437789917, 0.3763604164123535, -0.015733659267425537], [-0.3980635106563568, -0.322237104177475, 0.8588996529579163, 0.489113450050354], [0.0, 0.0, 0.0, 1.0]]}, "finger3joint2": {"matrix": [[0.8570849299430847, -0.20474964380264282, -0.4727398455142975, -2.104595422744751], [0.19455906748771667, -0.7210316061973572, 0.6650263071060181, 0.7950184345245361], [-0.4770243465900421, -0.6619600653648376, -0.5781492590904236, 0.20645302534103394], [0.0, 0.0, 0.0, 1.0]]}, "finger3joint3": {"matrix": [[0.9131478071212769, 0.13184233009815216, -0.38571831583976746, -2.2370848655700684], [0.04393833875656128, -0.9725715517997742, -0.22841571271419525, 0.32845309376716614], [-0.40525364875793457, 0.19162915647029877, -0.893894612789154, -0.22188830375671387], [0.0, 0.0, 0.0, 1.0]]}, "Bone.003": {"matrix": [[0.43213289976119995, -0.7285282611846924, 0.5315145254135132, -1.7183034420013428], [0.9004861116409302, 0.31666409969329834, -0.2980743646621704, -0.36231955885887146], [0.04884423315525055, 0.6074293255805969, 0.7928706407546997, 0.6107627749443054], [0.0, 0.0, 0.0, 1.0]]}, "finger4joint1": {"matrix": [[0.9332112669944763, 0.010924889706075191, 0.3591617941856384, -2.030564785003662], [-0.14118732511997223, 0.9302951693534851, 0.33855047821998596, -0.22659116983413696], [-0.33042797446250916, -0.3666481077671051, 0.8697047233581543, 0.8711187839508057], [0.0, 0.0, 0.0, 1.0]]}, "finger4joint2": {"matrix": [[0.9399778246879578, -0.1748862862586975, 0.29301220178604126, -2.019712448120117], [-0.11326112598180771, 0.650101900100708, 0.7513579726219177, 0.6975259184837341], [-0.32189008593559265, -0.7394468188285828, 0.5912739634513855, 0.5069055557250977], [0.0, 0.0, 0.0, 1.0]]}, "finger4joint3": {"matrix": [[0.9468748569488525, -0.19134561717510223, 0.25848492980003357, -2.092650890350342], [-0.1778886616230011, 0.35797274112701416, 0.9166299700737, 0.9686593413352966], [-0.2679237723350525, -0.9139156937599182, 0.304917573928833, 0.19850975275039673], [0.0, 0.0, 0.0, 1.0]]}}