{"root": {"matrix": [[0.2169194221496582, -0.9629955887794495, -0.15995468199253082, 0.0], [-0.517923891544342, 0.025360049679875374, -0.8550507426261902, 0.0], [0.8274664878845215, 0.2683214545249939, -0.4932573735713959, 0.0], [0.0, 0.0, 0.0, 1.0]]}, "carpals": {"matrix": [[0.6358696818351746, -0.37563633918762207, -0.6742157340049744, -0.43405500054359436], [0.7501026391983032, 0.09512021392583847, 0.654444694519043, -1.0503182411193848], [-0.18170152604579926, -0.9218726754188538, 0.3422500789165497, 2.1893863677978516], [0.0, 0.0, 0.0, 1.0]]}, "metacarpals": {"matrix": [[0.6911349892616272, -0.6260765790939331, 0.36105450987815857, -0.7999225854873657], [0.1885421872138977, 0.6384636759757996, 0.7462007999420166, -0.9576717615127563], [-0.6976991295814514, -0.44765138626098633, 0.5593066811561584, 1.2914879322052002], [0.0, 0.0, 0.0, 1.0]]}, "finger5joint1": {"matrix": [[0.8756933808326721, -0.4661146402359009, -0.12608776986598969, -1.427001953125], [0.24039866030216217, 0.19438235461711884, 0.9510118961334229, -0.9333655834197998], [-0.418771356344223, -0.8631061911582947, 0.28227293491363525, 0.9283686280250549], [0.0, 0.0, 0.0, 1.0]]}, "finger5joint2": {"matrix": [[-0.1457253396511078, -0.34090736508369446, -0.9287335276603699, -1.9193458557128906], [0.9540970921516418, 0.19985143840312958, -0.22306402027606964, -0.728044867515564], [0.26165321469306946, -0.9186080694198608, 0.2961353063583374, 0.016693413257598877], [0.0, 0.0, 0.0, 1.0]]}, "finger5joint3": {"matrix": [[-0.12556183338165283, -0.13996505737304688, -0.9821627140045166, -2.1536636352539062], [0.9794148206710815, 0.14023035764694214, -0.1451944261789322, -0.5906800031661987], [0.1580514907836914, -0.9801757335662842, 0.11947628855705261, -0.614698052406311], [0.0, 0.0, 0.0, 1.0]]}, "Bone": {"matrix": [[0.6925123333930969, 0.5107702016830444, 0.5094509720802307, -1.7774020433425903], [-0.6624706983566284, 0.17069461941719055, 0.7293802499771118, 0.03914731740951538], [0.28558504581451416, -0.8426012992858887, 0.4565786123275757, 0.5925798416137695], [0.0, 0.0, 0.0, 1.0]]}, "finger1joint1": {"matrix": [[0.7740625739097595, -0.6254544258117676, 0.09815123677253723, -1.35234534740448], [0.12195360660552979, 0.2994292378425598, 0.9462922811508179, 0.18119727075099945], [-0.621252179145813, -0.7205196022987366, 0.3080536723136902, -0.10862258076667786], [0.0, 0.0, 0.0, 1.0]]}, "finger1joint2": {"matrix": [[0.7197785377502441, -0.6934013962745667, -0.033365070819854736, -1.705838680267334], [-0.17795605957508087, -0.23075535893440247, 0.9565998315811157, 0.35042819380760193], [-0.6710070371627808, -0.6826027035713196, -0.2894875407218933, -0.5158446431159973], [0.0, 0.0, 0.0, 1.0]]}, "finger1joint3": {"matrix": [[0.7376507520675659, -0.5343399047851562, -0.4127373695373535, -2.0030882358551025], [-0.07157725095748901, -0.6697400808334351, 0.7391377091407776, 0.2515071630477905], [-0.6713777780532837, -0.515683114528656, -0.5322807431221008, -0.8084652423858643], [0.0, 0.0, 0.0, 1.0]]}, "Bone.001": {"matrix": [[0.8794121146202087, 0.3688356578350067, 0.3009888231754303, -1.7774019241333008], [-0.47474202513694763, 0.6324223875999451, 0.6120960116386414, 0.03914731740951538], [0.03541070967912674, -0.6811767220497131, 0.7312619686126709, 0.5925798416137695], [0.0, 0.0, 0.0, 1.0]]}, "finger2joint1": {"matrix": [[0.9235684275627136, -0.27150681614875793, 0.27074918150901794, -1.5436030626296997], [-0.049861326813697815, 0.615079939365387, 0.7868863344192505, 0.44002944231033325], [-0.38017743825912476, -0.7402433156967163, 0.5545309782028198, 0.16079306602478027], [0.0, 0.0, 0.0, 1.0]]}, "finger2joint2": {"matrix": [[0.8662424087524414, -0.49947357177734375, 0.01224908884614706, -1.7784968614578247], [-0.06653840839862823, -0.09103089570999146, 0.9936224818229675, 0.9721652865409851], [-0.49517327547073364, -0.8615331053733826, -0.11208877712488174, -0.47962766885757446], [0.0, 0.0, 0.0, 1.0]]}, "finger2joint3": {"matrix": [[0.7986547350883484, -0.45150434970855713, -0.3978620171546936, -1.9681051969528198], [-0.16505542397499084, -0.8001253604888916, 0.5766764283180237, 0.9376084804534912], [-0.5787115693092346, -0.39489632844924927, -0.7135471105575562, -0.8066797256469727], [0.0, 0.0, 0.0, 1.0]]}, "Bone.002": {"matrix": [[0.8826644420623779, -0.3100857138633728, 0.3532000482082367, -1.7774019241333008], [0.09111237525939941, 0.8501171469688416, 0.5186511874198914, 0.03914731740951538], [-0.46108782291412354, -0.4256138801574707, 0.7786210179328918, 0.5925798416137695], [0.0, 0.0, 0.0, 1.0]]}, "finger3joint1": {"matrix": [[0.9041024446487427, -0.32859912514686584, 0.2731693387031555, -1.9081060886383057], [-0.057663071900606155, 0.539603054523468, 0.8399423956871033, 0.3974801301956177], [-0.42340749502182007, -0.7751455903053284, 0.4689086079597473, 0.41317927837371826], [0.0, 0.0, 0.0, 1.0]]}, "finger3joint2": {"matrix": [[0.829483151435852, -0.12154249846935272, -0.5451468229293823, -2.1963469982147217], [-0.004154146648943424, -0.9773510694503784, 0.21158301830291748, 0.8708100318908691], [-0.558516263961792, -0.17324014008045197, -0.8112010955810547, -0.2667641043663025], [0.0, 0.0, 0.0, 1.0]]}, "finger3joint3": {"matrix": [[0.9022781252861023, 0.24741706252098083, -0.3530990481376648, -2.2749948501586914], [-0.08816090226173401, -0.6957864165306091, -0.7128175497055054, 0.2383853942155838], [-0.4220448434352875, 0.6742889881134033, -0.6059804558753967, -0.3788644075393677], [0.0, 0.0, 0.0, 1.0]]}, "Bone.003": {"matrix": [[0.6198869347572327, -0.6174473762512207, 0.48425084352493286, -1.7774020433425903], [0.7772793769836426, 0.5677800178527832, -0.27103930711746216, 0.03914731740951538], [-0.10759522765874863, 0.5444121360778809, 0.8318886160850525, 0.5925798416137695], [0.0, 0.0, 0.0, 1.0]]}, "finger4joint1": {"matrix": [[0.831341564655304, 0.22487837076187134, 0.5082330107688904, -2.0420517921447754], [-0.34682828187942505, 0.9244784712791443, 0.1582692265510559, 0.2825089693069458], [-0.4342593550682068, -0.30784517526626587, 0.846551775932312, 0.8259254693984985], [0.0, 0.0, 0.0, 1.0]]}, "finger4joint2": {"matrix": [[0.8459369540214539, -0.38788744807243347, 0.36596956849098206, -1.8186670541763306], [-0.3224242627620697, 0.17461097240447998, 0.9303510189056396, 1.200847864151001], [-0.4247739613056183, -0.9050159454345703, 0.022645870223641396, 0.5201246738433838], [0.0, 0.0, 0.0, 1.0]]}, "finger4joint3": {"matrix": [[0.8698082566261292, -0.47782158851623535, 0.12296280264854431, -1.980440378189087], [-0.3493982255458832, -0.42056432366371155, 0.8372848629951477, 1.2736716270446777], [-0.3483591675758362, -0.7712406516075134, -0.5327602028846741, 0.14267612993717194], [0.0, 0.0, 0.0, 1.0]]}}