{"root": {"matrix": [[0.4895980954170227, -0.8718277812004089, 0.014492528513073921, 0.0], [-0.810368537902832, -0.46109360456466675, -0.36151835322380066, 0.0], [0.3218640983104706, 0.1652543693780899, -0.9322524070739746, 0.0], [0.0, 0.0, 0.0, 1.0]]}, "carpals": {"matrix": [[-0.22319990396499634, -0.42281535267829895, -0.8782987594604492, 0.25222474336624146], [0.6129589080810547, 0.6397149562835693, -0.4637303054332733, -2.243309259414673], [0.7579333782196045, -0.6418657302856445, 0.1163840964436531, 0.994450569152832], [0.0, 0.0, 0.0, 1.0]]}, "metacarpals": {"matrix": [[-0.18640722334384918, -0.8219484686851501, -0.5381940007209778, -0.15959489345550537], [0.5674150586128235, 0.3571329414844513, -0.7419540882110596, -1.6202305555343628], [0.8020550608634949, -0.4436850845813751, 0.39981386065483093, 0.3692771792411804], [0.0, 0.0, 0.0, 1.0]]}, "finger5joint1": {"matrix": [[-0.2269323468208313, -0.8240819573402405, -0.5190283060073853, -0.3745521306991577], [0.5561078190803528, 0.3278639316558838, -0.7637073397636414, -1.2107717990875244], [0.7995283603668213, -0.4619457721710205, 0.3838755190372467, -0.18912377953529358], [0.0, 0.0, 0.0, 1.0]]}, "finger5joint2": {"matrix": [[-0.374397337436676, -0.9048210978507996, 0.20279234647750854, -1.245007038116455], [-0.8373818397521973, 0.23598690330982208, -0.4930528998374939, -0.8644582033157349], [0.398268461227417, -0.3544124960899353, -0.8460341691970825, -0.6770642995834351], [0.0, 0.0, 0.0, 1.0]]}, "finger5joint3": {"matrix": [[-0.4678264260292053, -0.8833332061767578, -0.02932840771973133, -1.866922378540039], [-0.7832739949226379, 0.4297482967376709, -0.4492188096046448, -0.7022561430931091], [0.4094138741493225, -0.18718434870243073, -0.892940104007721, -0.9206644892692566], [0.0, 0.0, 0.0, 1.0]]}, "Bone": {"matrix": [[0.8258262276649475, -0.23232148587703705, -0.5138457417488098, -1.4428846836090088], [-0.20115846395492554, 0.7298926711082458, -0.6532928943634033, -1.0626468658447266], [0.5268263220787048, 0.642871081829071, 0.5560312271118164, -0.3234383761882782], [0.0, 0.0, 0.0, 1.0]]}, "finger1joint1": {"matrix": [[0.11391396075487137, -0.7802814841270447, -0.6149667501449585, -1.63621985912323], [0.2898298501968384, 0.6181704998016357, -0.7306596636772156, -0.4552392065525055], [0.9502748250961304, -0.09500333666801453, 0.2965671718120575, 0.2115509808063507], [0.0, 0.0, 0.0, 1.0]]}, "finger1joint2": {"matrix": [[0.31131917238235474, -0.41655233502388, -0.854145348072052, -2.0772180557250977], [0.48610082268714905, 0.8421257734298706, -0.23351652920246124, -0.10586264729499817], [0.8165698647499084, -0.34250256419181824, 0.46465641260147095, 0.15785713493824005], [0.0, 0.0, 0.0, 1.0]]}, "finger1joint3": {"matrix": [[0.23828813433647156, 0.20941780507564545, -0.9483473300933838, -2.2557871341705322], [0.42872869968414307, 0.8534976840019226, 0.2961978614330292, 0.25514280796051025], [0.871441662311554, -0.4771641492843628, 0.11359500139951706, 0.011031925678253174], [0.0, 0.0, 0.0, 1.0]]}, "Bone.001": {"matrix": [[0.6318206787109375, -0.6716622710227966, -0.38687482476234436, -1.4428846836090088], [-0.017914311960339546, 0.48633256554603577, -0.8735898733139038, -1.0626468658447266], [0.7749074101448059, 0.5588828921318054, 0.29524263739585876, -0.3234384059906006], [0.0, 0.0, 0.0, 1.0]]}, "finger2joint1": {"matrix": [[-0.06997878849506378, -0.9975482225418091, -0.0004825057403650135, -1.868640422821045], [0.5343843102455139, -0.03707912936806679, -0.8444276452064514, -0.7543686628341675], [0.8423396348953247, -0.05934988707304001, 0.5356690287590027, 0.030828336253762245], [0.0, 0.0, 0.0, 1.0]]}, "finger2joint2": {"matrix": [[-0.15955665707588196, 0.16538134217262268, -0.9732370376586914, -2.73166823387146], [0.604581356048584, 0.7957247495651245, 0.03609907254576683, -0.7864476442337036], [0.7803992629051208, -0.5826412439346313, -0.22694967687129974, -0.02051815390586853], [0.0, 0.0, 0.0, 1.0]]}, "finger2joint3": {"matrix": [[-0.051930807530879974, 0.978458821773529, 0.19980256259441376, -2.668886661529541], [0.686198890209198, -0.11039866507053375, 0.7189873456954956, -0.4843774437904358], [0.7255576848983765, 0.17444190382957458, -0.6656845211982727, -0.24169832468032837], [0.0, 0.0, 0.0, 1.0]]}, "Bone.002": {"matrix": [[-0.009447149001061916, -0.9606213569641113, -0.27769964933395386, -1.4428848028182983], [0.3400084972381592, 0.25807902216911316, -0.9043169617652893, -1.0626469850540161], [0.9403749108314514, -0.10296346992254257, 0.32418134808540344, -0.3234383761882782], [0.0, 0.0, 0.0, 1.0]]}, "finger3joint1": {"matrix": [[0.12392834573984146, -0.5819432735443115, -0.8037310242652893, -1.8477962017059326], [0.3092217743396759, 0.7922912836074829, -0.5259811282157898, -0.9538640975952148], [0.9428806304931641, -0.18334712088108063, 0.27813687920570374, -0.3668385148048401], [0.0, 0.0, 0.0, 1.0]]}, "finger3joint2": {"matrix": [[0.06143556907773018, 0.0742926150560379, -0.9953421950340271, -2.3582658767700195], [0.4507792294025421, 0.887663722038269, 0.09407883137464523, -0.25888070464134216], [0.890518844127655, -0.45445942878723145, 0.021044569090008736, -0.527667224407196], [0.0, 0.0, 0.0, 1.0]]}, "finger3joint3": {"matrix": [[0.23155076801776886, 0.39757728576660156, -0.8878718018531799, -2.310192823410034], [0.47201648354530334, 0.752129852771759, 0.45989224314689636, 0.31550899147987366], [0.8506378531455994, -0.5255786180496216, -0.013506763614714146, -0.8217389583587646], [0.0, 0.0, 0.0, 1.0]]}, "Bone.003": {"matrix": [[-0.6498939990997314, -0.5569079518318176, 0.5171954035758972, -1.4428845643997192], [-0.127070352435112, -0.5913010835647583, -0.7963767647743225, -1.0626469850540161], [0.7493268847465515, -0.5832808613777161, 0.31351661682128906, -0.323438435792923], [0.0, 0.0, 0.0, 1.0]]}, "finger4joint1": {"matrix": [[-0.35802197456359863, -0.9326135516166687, 0.045295897871255875, -1.6815863847732544], [0.5846033096313477, -0.26172226667404175, -0.7679452896118164, -1.3160899877548218], [0.728051483631134, -0.24846132099628448, 0.6389115452766418, -0.5734438896179199], [0.0, 0.0, 0.0, 1.0]]}, "finger4joint2": {"matrix": [[-0.3783648610115051, 0.0796758159995079, -0.9222208261489868, -2.608006238937378], [0.5635119676589966, 0.8102282881736755, -0.16119533777236938, -1.576074242591858], [0.7343662977218628, -0.5806733965873718, -0.35146036744117737, -0.8202552199363708], [0.0, 0.0, 0.0, 1.0]]}, "finger4joint3": {"matrix": [[-0.3701470196247101, 0.9027923941612244, -0.2189897745847702, -2.5747764110565186], [0.4965082108974457, 0.39149606227874756, 0.7747321724891663, -1.238158106803894], [0.78515625, 0.1780346781015396, -0.5931552052497864, -1.0624325275421143], [0.0, 0.0, 0.0, 1.0]]}}