{"root": {"matrix": [[0.42802298069000244, -0.8768067955970764, -0.21910303831100464, 0.0], [-0.5180898904800415, -0.039402976632118225, -0.8544180989265442, 0.0], [0.7405262589454651, 0.47922563552856445, -0.47113022208213806, 0.0], [0.0, 0.0, 0.0, 1.0]]}, "carpals": {"matrix": [[0.6108956933021545, -0.5307254791259766, -0.5874834060668945, 0.13436299562454224], [0.7332848906517029, 0.09952518343925476, 0.6725976467132568, -1.1141560077667236], [-0.29849523305892944, -0.8416798710823059, 0.4499727189540863, 2.1967220306396484], [0.0, 0.0, 0.0, 1.0]]}, "metacarpals": {"matrix": [[0.4569202959537506, -0.764873743057251, 0.45408353209495544, -0.38256049156188965], [0.014805181883275509, 0.5169572830200195, 0.8558829426765442, -1.017219066619873], [-0.8893843293190002, -0.38434746861457825, 0.24753254652023315, 1.3769309520721436], [0.0, 0.0, 0.0, 1.0]]}, "finger5joint1": {"matrix": [[0.41232144832611084, -0.8920429944992065, 0.1850678026676178, -1.086019515991211], [0.1423114538192749, 0.26371052861213684, 0.9540460109710693, -1.076887607574463], [-0.8998546004295349, -0.3670363128185272, 0.2356816679239273, 1.2118252515792847], [0.0, 0.0, 0.0, 1.0]]}, "finger5joint2": {"matrix": [[0.22236230969429016, -0.35054123401641846, -0.9097666144371033, -2.028259515762329], [0.9416689872741699, 0.31899315118789673, 0.10724867135286331, -0.798337459564209], [0.2526145279407501, -0.8805471658706665, 0.4010262191295624, 0.824134886264801], [0.0, 0.0, 0.0, 1.0]]}, "finger5joint3": {"matrix": [[0.23841401934623718, 0.15935204923152924, -0.9580006003379822, -2.2691991329193115], [0.9599973559379578, 0.11048513650894165, 0.2572886645793915, -0.5790823101997375], [0.1468445360660553, -0.9810196161270142, -0.12663613259792328, 0.21890394389629364], [0.0, 0.0, 0.0, 1.0]]}, "Bone": {"matrix": [[0.7850951552391052, 0.24492982029914856, 0.5688890814781189, -1.5767408609390259], [-0.5789751410484314, -0.036075182259082794, 0.8145464658737183, -0.21010525524616241], [0.22002942860126495, -0.9688693881034851, 0.11348598450422287, 0.7768579125404358], [0.0, 0.0, 0.0, 1.0]]}, "finger1joint1": {"matrix": [[0.7775022387504578, -0.5093833804130554, 0.36880698800086975, -1.372913122177124], [-0.11899526417255402, 0.45669329166412354, 0.8816297054290771, -0.2401265650987625], [-0.6175193786621094, -0.7293554544448853, 0.2944660782814026, -0.029423266649246216], [0.0, 0.0, 0.0, 1.0]]}, "finger1joint2": {"matrix": [[0.6383295655250549, -0.649469792842865, 0.4131878614425659, -1.6608057022094727], [-0.39087384939193726, 0.1889403909444809, 0.9008434414863586, 0.01798657327890396], [-0.6631386876106262, -0.7365394234657288, -0.13325433433055878, -0.44163915514945984], [0.0, 0.0, 0.0, 1.0]]}, "finger1joint3": {"matrix": [[0.7002876996994019, -0.7125644087791443, 0.04300018772482872, -1.9392224550247192], [-0.30430030822753906, -0.24348343908786774, 0.9209325909614563, 0.09898220747709274], [-0.6457542181015015, -0.6580028533935547, -0.38734185695648193, -0.7573814392089844], [0.0, 0.0, 0.0, 1.0]]}, "Bone.001": {"matrix": [[0.8829230666160583, 0.124423086643219, 0.45273110270500183, -1.5767407417297363], [-0.4566974937915802, 0.4513733983039856, 0.7666087746620178, -0.21010525524616241], [-0.10896702855825424, -0.8836178779602051, 0.45535194873809814, 0.7768579125404358], [0.0, 0.0, 0.0, 1.0]]}, "finger2joint1": {"matrix": [[0.8527902960777283, -0.17970360815525055, 0.49036210775375366, -1.497870922088623], [-0.26619553565979004, 0.6582440137863159, 0.7041692733764648, 0.07601290941238403], [-0.4493197798728943, -0.7310410141944885, 0.5135080218315125, 0.21674704551696777], [0.0, 0.0, 0.0, 1.0]]}, "finger2joint2": {"matrix": [[0.784065306186676, -0.49236154556274414, 0.3779173195362091, -1.653341293334961], [-0.2695091962814331, 0.2784115970134735, 0.9218738675117493, 0.6454920768737793], [-0.559112012386322, -0.8246614933013916, 0.08559710532426834, -0.4157123565673828], [0.0, 0.0, 0.0, 1.0]]}, "finger2joint3": {"matrix": [[0.6854930520057678, -0.7228018045425415, -0.08750144392251968, -1.8402498960494995], [-0.31708434224128723, -0.40455952286720276, 0.8577812314033508, 0.7511816620826721], [-0.655405580997467, -0.5602579116821289, -0.5065118074417114, -0.7287673950195312], [0.0, 0.0, 0.0, 1.0]]}, "Bone.002": {"matrix": [[0.7123733162879944, -0.46925386786460876, 0.5218476057052612, -1.5767407417297363], [-0.02462589740753174, 0.7264117002487183, 0.6868182420730591, -0.2101052701473236], [-0.701368510723114, -0.5021218061447144, 0.5059207081794739, 0.776857852935791], [0.0, 0.0, 0.0, 1.0]]}, "finger3joint1": {"matrix": [[0.7903327345848083, 0.08716276288032532, 0.6064460277557373, -1.7745360136032104], [-0.4691395163536072, 0.7227271199226379, 0.5075168609619141, 0.0960845947265625], [-0.3940587043762207, -0.6856148838996887, 0.6120865345001221, 0.5652084946632385], [0.0, 0.0, 0.0, 1.0]]}, "finger3joint2": {"matrix": [[0.7700440287590027, -0.6032572388648987, -0.20763619244098663, -1.6980783939361572], [-0.368288516998291, -0.6860694289207458, 0.6274328827857971, 0.7300474047660828], [-0.5209565758705139, -0.4066810607910156, -0.7504763007164001, -0.03620022535324097], [0.0, 0.0, 0.0, 1.0]]}, "finger3joint3": {"matrix": [[0.763102650642395, -0.3252752125263214, -0.5584535002708435, -2.0884342193603516], [-0.5021340847015381, -0.842406690120697, -0.19547933340072632, 0.2861053943634033], [-0.4068606495857239, 0.4295891523361206, -0.8061745166778564, -0.29935550689697266], [0.0, 0.0, 0.0, 1.0]]}, "Bone.003": {"matrix": [[0.5151184797286987, -0.47675031423568726, 0.7122935652732849, -1.5767407417297363], [0.726911187171936, 0.6833234429359436, -0.06832940876483917, -0.2101052701473236], [-0.45415064692497253, 0.552972137928009, 0.6985477209091187, 0.7768579125404358], [0.0, 0.0, 0.0, 1.0]]}, "finger4joint1": {"matrix": [[0.6871007680892944, 0.028722545132040977, 0.7259939908981323, -1.7810851335525513], [-0.4045414626598358, 0.8451282978057861, 0.3494336009025574, 0.08278048038482666], [-0.6035217642784119, -0.533790647983551, 0.592307984828949, 1.013872504234314], [0.0, 0.0, 0.0, 1.0]]}, "finger4joint2": {"matrix": [[0.7014694809913635, -0.4397067129611969, 0.5608906149864197, -1.7525533437728882], [-0.37823906540870667, 0.43733662366867065, 0.8158868551254272, 0.9222962856292725], [-0.6040491461753845, -0.7844704985618591, 0.14046430587768555, 0.48362672328948975], [0.0, 0.0, 0.0, 1.0]]}, "finger4joint3": {"matrix": [[0.7273123860359192, -0.5911358594894409, 0.3486756980419159, -1.9359385967254639], [-0.4251787066459656, 0.010707265697419643, 0.905045747756958, 1.1046931743621826], [-0.5387386083602905, -0.8065006732940674, -0.24355067312717438, 0.15645316243171692], [0.0, 0.0, 0.0, 1.0]]}}