{"root": {"matrix": [[0.6287826895713806, -0.6221987009048462, 0.466370165348053, 0.0], [0.7375507354736328, 0.6671913862228394, -0.104280985891819, 0.0], [-0.24627460539340973, 0.4095417857170105, 0.8784214854240417, 2.9802322387695312e-08], [0.0, 0.0, 0.0, 1.0]]}, "carpals": {"matrix": [[-0.13817860186100006, -0.6504660844802856, -0.7468602061271667, 0.760525107383728], [0.18339520692825317, -0.7578573226928711, 0.6261135935783386, 2.332733631134033], [-0.9732793569564819, -0.05045507103204727, 0.2240121215581894, -0.2548351585865021], [0.0, 0.0, 0.0, 1.0]]}, "metacarpals": {"matrix": [[-0.07095319032669067, -0.9815284609794617, -0.17767150700092316, 0.1269749402999878], [-0.02444571629166603, -0.1763557344675064, 0.9840227365493774, 1.5945849418640137], [-0.9971799850463867, 0.07416290789842606, -0.01148117333650589, -0.3039780855178833], [0.0, 0.0, 0.0, 1.0]]}, "finger5joint1": {"matrix": [[0.32602012157440186, -0.881560742855072, -0.34141042828559875, -0.34761518239974976], [0.17889343202114105, -0.2970871329307556, 0.9379424452781677, 1.0934386253356934], [-0.9282822608947754, -0.36686426401138306, 0.06084907054901123, -0.0819617509841919], [0.0, 0.0, 0.0, 1.0]]}, "finger5joint2": {"matrix": [[-0.26903411746025085, -0.8893694877624512, -0.3696509599685669, -1.2787832021713257], [0.9527925252914429, -0.18968123197555542, -0.2370799481868744, 0.7796337604522705], [0.14073586463928223, -0.4159832298755646, 0.8984158039093018, -0.4694702923297882], [0.0, 0.0, 0.0, 1.0]]}, "finger5joint3": {"matrix": [[-0.33012595772743225, -0.75370854139328, -0.5682777166366577, -1.890078067779541], [0.9425246119499207, -0.23028571903705597, -0.2421059012413025, 0.6492592096328735], [0.05161106958985329, -0.6155412793159485, 0.7864125967025757, -0.7553901672363281], [0.0, 0.0, 0.0, 1.0]]}, "Bone": {"matrix": [[0.9702556729316711, -0.20402644574642181, -0.13029468059539795, -1.4054633378982544], [0.08660304546356201, -0.21006792783737183, 0.9738434553146362, 1.3192447423934937], [-0.2260606288909912, -0.956161379814148, -0.18615035712718964, -0.18818914890289307], [0.0, 0.0, 0.0, 1.0]]}, "finger1joint1": {"matrix": [[0.07573479413986206, -0.7043547630310059, -0.7057961225509644, -1.575251579284668], [0.03148268908262253, -0.7057870030403137, 0.7077240347862244, 1.1444288492202759], [-0.996630847454071, -0.07581973075866699, -0.031277671456336975, -0.9838948249816895], [0.0, 0.0, 0.0, 1.0]]}, "finger1joint2": {"matrix": [[0.3010956645011902, -0.47310972213745117, -0.8279542326927185, -1.9733376502990723], [-0.17137446999549866, -0.8809564709663391, 0.4410739839076996, 0.7455333471298218], [-0.9380683302879333, 0.009084758348762989, -0.3463311791419983, -1.0267465114593506], [0.0, 0.0, 0.0, 1.0]]}, "finger1joint3": {"matrix": [[0.23285147547721863, -0.05061519518494606, -0.9711940884590149, -2.176151990890503], [-0.0933888629078865, -0.9951931834220886, 0.029475370422005653, 0.36788177490234375], [-0.9680179953575134, 0.08383533358573914, -0.2364591360092163, -1.0228520631790161], [0.0, 0.0, 0.0, 1.0]]}, "Bone.001": {"matrix": [[0.8214625716209412, -0.5690479278564453, -0.0371919609606266, -1.4054633378982544], [0.12462072819471359, 0.11549148708581924, 0.9854598045349121, 1.3192447423934937], [-0.5564786791801453, -0.8141534924507141, 0.16578713059425354, -0.18818914890289307], [0.0, 0.0, 0.0, 1.0]]}, "finger2joint1": {"matrix": [[0.5686159729957581, -0.8182950615882874, 0.08407524228096008, -1.7661734819412231], [0.13363461196422577, 0.19273865222930908, 0.9721076488494873, 1.3924529552459717], [-0.8116756677627563, -0.5415207147598267, 0.21894685924053192, -0.7042677402496338], [0.0, 0.0, 0.0, 1.0]]}, "finger2joint2": {"matrix": [[0.482073575258255, -0.21855679154396057, -0.8484324216842651, -2.474120616912842], [0.06010744720697403, -0.9578537940979004, 0.2808966338634491, 1.5592007637023926], [-0.8740664124488831, -0.18640995025634766, -0.44861918687820435, -1.172763705253601], [0.0, 0.0, 0.0, 1.0]]}, "finger2joint3": {"matrix": [[0.527692973613739, 0.8265337944030762, -0.19591206312179565, -2.5570883750915527], [-0.07549352943897247, -0.1840912252664566, -0.9800055027008057, 1.1955835819244385], [-0.8460736274719238, 0.5319322347640991, -0.03474566340446472, -1.243528127670288], [0.0, 0.0, 0.0, 1.0]]}, "Bone.002": {"matrix": [[0.1925055831670761, -0.9780595898628235, 0.07962779700756073, -1.4054633378982544], [0.15433090925216675, 0.11031187325716019, 0.9818416833877563, 1.3192447423934937], [-0.9690839052200317, -0.17672096192836761, 0.17218050360679626, -0.18818917870521545], [0.0, 0.0, 0.0, 1.0]]}, "finger3joint1": {"matrix": [[0.029606739059090614, -0.8262935280799866, -0.5624606609344482, -1.817725419998169], [-0.0026139088440686464, -0.5627694129943848, 0.8266096711158752, 1.3657423257827759], [-0.9995583295822144, -0.023002902045845985, -0.0188215970993042, -0.2626788020133972], [0.0, 0.0, 0.0, 1.0]]}, "finger3joint2": {"matrix": [[-0.07962436228990555, 0.19037160277366638, -0.9784775376319885, -2.542534589767456], [-0.12363209575414658, -0.9759013056755066, -0.1798095554113388, 0.8720914721488953], [-0.9891284704208374, 0.10665406286716461, 0.10124170035123825, -0.2828565239906311], [0.0, 0.0, 0.0, 1.0]]}, "finger3joint3": {"matrix": [[0.09559903293848038, 0.6918091177940369, -0.7157238125801086, -2.419348955154419], [-0.13989795744419098, -0.7025431394577026, -0.6977546811103821, 0.2406049519777298], [-0.9855402112007141, 0.16683298349380493, 0.029620369896292686, -0.21384280920028687], [0.0, 0.0, 0.0, 1.0]]}, "Bone.003": {"matrix": [[-0.3316921591758728, -0.5361677408218384, 0.7762114405632019, -1.4054633378982544], [0.6882984042167664, 0.4251423478126526, 0.5877917408943176, 1.3192448616027832], [-0.6451554298400879, 0.7292312383651733, 0.22802703082561493, -0.18818916380405426], [0.0, 0.0, 0.0, 1.0]]}, "finger4joint1": {"matrix": [[0.44114476442337036, -0.8866809606552124, 0.13851915299892426, -1.63527512550354], [-0.01289115846157074, 0.1480732411146164, 0.9888921976089478, 1.5014691352844238], [-0.8973432779312134, -0.4380303621292114, 0.053891368210315704, 0.12437352538108826], [0.0, 0.0, 0.0, 1.0]]}, "finger4joint2": {"matrix": [[0.4232958257198334, 0.02121862582862377, -0.9057426452636719, -2.5160679817199707], [0.00960459653288126, -0.9997744560241699, -0.018932705745100975, 1.6485589742660522], [-0.9059404730796814, -0.0006851241341792047, -0.4234042465686798, -0.310747891664505], [0.0, 0.0, 0.0, 1.0]]}, "finger4joint3": {"matrix": [[0.4332713186740875, 0.8673399090766907, -0.24494242668151855, -2.507218360900879], [0.09295450896024704, -0.3133322596549988, -0.9450830817222595, 1.2315901517868042], [-0.8964569568634033, 0.3867090046405792, -0.21638107299804688, -0.3110336661338806], [0.0, 0.0, 0.0, 1.0]]}}