{"root": {"matrix": [[0.3651992082595825, 0.4602762460708618, 0.8091818690299988, 2.9802322387695312e-08], [-0.31305545568466187, 0.8793176412582397, -0.35888272523880005, 0.0], [-0.8767130970954895, -0.12225504964590073, 0.46521806716918945, 0.0], [0.0, 0.0, 0.0, 1.0]]}, "carpals": {"matrix": [[-0.5715906023979187, -0.819415271282196, 0.04292392358183861, 1.185441017150879], [0.39920076727867126, -0.23200061917304993, 0.8870254755020142, 0.19307148456573486], [-0.7168840765953064, 0.5241506695747375, 0.4597206711769104, -2.1546318531036377], [0.0, 0.0, 0.0, 1.0]]}, "metacarpals": {"matrix": [[-0.4809662699699402, -0.6740735769271851, 0.5606210231781006, 0.38733547925949097], [0.5188616514205933, 0.2965947389602661, 0.801756739616394, -0.03289571404457092], [-0.7067205309867859, 0.6765027046203613, 0.20709900557994843, -1.6441121101379395], [0.0, 0.0, 0.0, 1.0]]}, "finger5joint1": {"matrix": [[-0.314116895198822, -0.9469499588012695, 0.06794152408838272, -0.14356589317321777], [0.6841059923171997, -0.1761452704668045, 0.7077934145927429, -0.28449729084968567], [-0.6582776308059692, 0.2688089609146118, 0.7031444907188416, -1.2192414999008179], [0.0, 0.0, 0.0, 1.0]]}, "finger5joint2": {"matrix": [[-0.04480157792568207, -0.9962724447250366, 0.07370974868535995, -1.1438028812408447], [0.705848753452301, -0.08378224819898605, -0.7033901214599609, -0.4705546498298645], [0.7069440484046936, 0.02051479183137417, 0.7069716453552246, -0.9353060126304626], [0.0, 0.0, 0.0, 1.0]]}, "finger5joint3": {"matrix": [[-0.14160308241844177, -0.9824087023735046, -0.12174110114574432, -1.8285759687423706], [0.7325939536094666, -0.021287720650434494, -0.6803325414657593, -0.5281411409378052], [0.6657732725143433, -0.18552425503730774, 0.7227214574813843, -0.921205461025238], [0.0, 0.0, 0.0, 1.0]]}, "Bone": {"matrix": [[0.5418348908424377, -0.6695882678031921, 0.5080021619796753, -0.6650805473327637], [-0.27962061762809753, 0.42637595534324646, 0.8602415919303894, 0.4301709830760956], [-0.7926076054573059, -0.6081570386886597, 0.043794747442007065, -0.587903618812561], [0.0, 0.0, 0.0, 1.0]]}, "finger1joint1": {"matrix": [[-0.017664974555373192, -0.8477017879486084, 0.5301786065101624, -1.2223036289215088], [0.3975090980529785, 0.480598121881485, 0.7816723585128784, 0.7849959135055542], [-0.9174280762672424, 0.22455884516239166, 0.328479528427124, -1.0940043926239014], [0.0, 0.0, 0.0, 1.0]]}, "finger1joint2": {"matrix": [[-0.1612851917743683, -0.9261319637298584, -0.34097880125045776, -1.701406478881836], [0.13095615804195404, -0.36253052949905396, 0.922725260257721, 1.0566195249557495], [-0.9781807065010071, 0.10416845977306366, 0.1797533929347992, -0.9670885801315308], [0.0, 0.0, 0.0, 1.0]]}, "finger1joint3": {"matrix": [[-0.1609017699956894, -0.2304832935333252, -0.9596810936927795, -2.098423719406128], [0.23694159090518951, -0.9529352784156799, 0.1891370713710785, 0.9012086391448975], [-0.9581071734428406, -0.19695591926574707, 0.20793981850147247, -0.9224333167076111], [0.0, 0.0, 0.0, 1.0]]}, "Bone.001": {"matrix": [[0.33924537897109985, -0.6049692034721375, 0.7203641533851624, -0.6650805473327637], [-0.015376725234091282, 0.7621077299118042, 0.6472674012184143, 0.4301709830760956], [-0.9405720233917236, -0.23065945506095886, 0.2492392212152481, -0.587903618812561], [0.0, 0.0, 0.0, 1.0]]}, "finger2joint1": {"matrix": [[-0.40543892979621887, -0.7605233192443848, 0.5071717500686646, -1.048560619354248], [0.46004828810691833, 0.30967625975608826, 0.8321393728256226, 0.9132586717605591], [-0.7899206280708313, 0.5707051753997803, 0.22432275116443634, -0.7341148853302002], [0.0, 0.0, 0.0, 1.0]]}, "finger2joint2": {"matrix": [[-0.5176800489425659, -0.824556827545166, -0.22828267514705658, -1.7065266370773315], [0.40729084610939026, -0.47214993834495544, 0.7817853689193726, 1.181174635887146], [-0.7524104118347168, 0.3117371201515198, 0.5802571177482605, -0.24036988615989685], [0.0, 0.0, 0.0, 1.0]]}, "finger2joint3": {"matrix": [[-0.5863558650016785, -0.34242552518844604, -0.7341192960739136, -2.0195419788360596], [0.2789537310600281, -0.9361854791641235, 0.213872030377388, 1.001938819885254], [-0.760507345199585, -0.07938025146722794, 0.6444587111473083, -0.1220293641090393], [0.0, 0.0, 0.0, 1.0]]}, "Bone.002": {"matrix": [[-0.1900385469198227, -0.582582414150238, 0.7902422547340393, -0.6650804877281189], [0.5101848840713501, 0.6290958523750305, 0.5864721536636353, 0.43017107248306274], [-0.8388067483901978, 0.514621913433075, 0.17767243087291718, -0.587903618812561], [0.0, 0.0, 0.0, 1.0]]}, "finger3joint1": {"matrix": [[-0.287955641746521, -0.913343071937561, 0.28789880871772766, -0.9106448292732239], [0.46122345328330994, 0.13119719922542572, 0.8775306344032288, 0.6953412294387817], [-0.8392583727836609, 0.38547542691230774, 0.3834763169288635, -0.37098532915115356], [0.0, 0.0, 0.0, 1.0]]}, "finger3joint2": {"matrix": [[-0.43970194458961487, -0.648603081703186, -0.6212695837020874, -1.7118124961853027], [0.4417726695537567, -0.7584502100944519, 0.47915560007095337, 0.8104249835014343], [-0.7819841504096985, -0.06377438455820084, 0.6200271844863892, -0.0328533798456192], [0.0, 0.0, 0.0, 1.0]]}, "finger3joint3": {"matrix": [[-0.3605954051017761, -0.19268424808979034, -0.9126025438308716, -2.1315107345581055], [0.3167228102684021, -0.9455876350402832, 0.07450224459171295, 0.31964680552482605], [-0.8773013949394226, -0.2621769309043884, 0.40200191736221313, -0.07412052899599075], [0.0, 0.0, 0.0, 1.0]]}, "Bone.003": {"matrix": [[-0.0011291021946817636, 0.27903929352760315, 0.9602789282798767, -0.6650805473327637], [0.9798700213432312, 0.19201216101646423, -0.054642919450998306, 0.4301709830760956], [-0.19963279366493225, 0.9408870339393616, -0.27363890409469604, -0.587903618812561], [0.0, 0.0, 0.0, 1.0]]}, "finger4joint1": {"matrix": [[0.054459210485219955, -0.8307843208312988, 0.5539234280586243, -0.545478880405426], [0.22599700093269348, 0.5506063103675842, 0.8035904765129089, 0.5124711990356445], [-0.9726043939590454, 0.08142194151878357, 0.21774044632911682, -0.18462112545967102], [0.0, 0.0, 0.0, 1.0]]}, "finger4joint2": {"matrix": [[0.04608688876032829, -0.9829007983207703, 0.17827358841896057, -1.3707460165023804], [0.25403454899787903, 0.18412789702415466, 0.9495067000389099, 1.0594208240509033], [-0.9660962820053101, 0.0015276245540007949, 0.25817668437957764, -0.1037399023771286], [0.0, 0.0, 0.0, 1.0]]}, "finger4joint3": {"matrix": [[0.1250191181898117, -0.9871140122413635, -0.09987829625606537, -1.7806775569915771], [0.22393225133419037, -0.06999680399894714, 0.9720876812934875, 1.136213779449463], [-0.9665526747703552, -0.14389576017856598, 0.21229571104049683, -0.10310278832912445], [0.0, 0.0, 0.0, 1.0]]}}