{"root": {"matrix": [[0.3540714681148529, -0.7559911608695984, -0.5505549907684326, 0.0], [-0.4640972316265106, 0.369058221578598, -0.8052389621734619, -2.9802322387695312e-08], [0.8119403123855591, 0.5406231880187988, -0.220180481672287, 5.960464477539063e-08], [0.0, 0.0, 0.0, 1.0]]}, "carpals": {"matrix": [[0.7937543988227844, -0.5905458331108093, -0.14563441276550293, 0.1226438581943512], [0.20186394453048706, 0.029905525967478752, 0.9789566993713379, -0.597773551940918], [-0.5737635493278503, -0.8064497113227844, 0.14294777810573578, 2.3901069164276123], [0.0, 0.0, 0.0, 1.0]]}, "metacarpals": {"matrix": [[0.38911160826683044, -0.5201267600059509, 0.7603026628494263, -0.4525442123413086], [-0.68837571144104, 0.38428664207458496, 0.6151928901672363, -0.5686457753181458], [-0.6121526956558228, -0.7627525925636292, -0.20851212739944458, 1.604629635810852], [0.0, 0.0, 0.0, 1.0]]}, "finger5joint1": {"matrix": [[0.33351701498031616, -0.506656289100647, 0.7950255870819092, -1.1304042339324951], [-0.628223717212677, 0.5093415379524231, 0.5881375670433044, -0.4816291928291321], [-0.7029233574867249, -0.6956077814102173, -0.1484193503856659, 1.362536907196045], [0.0, 0.0, 0.0, 1.0]]}, "finger5joint2": {"matrix": [[0.801902174949646, -0.47890254855155945, -0.35721832513809204, -1.6655712127685547], [0.58946293592453, 0.5367143750190735, 0.6037139892578125, 0.056374162435531616], [-0.0973958969116211, -0.6946862936019897, 0.7126880288124084, 0.6277857422828674], [0.0, 0.0, 0.0, 1.0]]}, "finger5joint3": {"matrix": [[0.7721368074417114, -0.4823131859302521, -0.41373708844184875, -1.9947376251220703], [0.6028589010238647, 0.35013800859451294, 0.7169127464294434, 0.4252767860889435], [-0.20091131329536438, -0.8029797673225403, 0.5611215233802795, 0.15030351281166077], [0.0, 0.0, 0.0, 1.0]]}, "Bone": {"matrix": [[0.5078015327453613, 0.17083384096622467, 0.8443655967712402, -1.2646064758300781], [-0.5366379022598267, -0.7040133476257324, 0.46517160534858704, 0.031332433223724365], [0.6739116311073303, -0.6893337368965149, -0.2658230662345886, 0.4137610197067261], [0.0, 0.0, 0.0, 1.0]]}, "finger1joint1": {"matrix": [[0.47214892506599426, -0.8611829876899719, 0.18825291097164154, -1.1224406957626343], [-0.7262465953826904, -0.2589683532714844, 0.6367895603179932, -0.5545387864112854], [-0.4996410608291626, -0.4373776316642761, -0.7477027177810669, -0.1598939746618271], [0.0, 0.0, 0.0, 1.0]]}, "finger1joint2": {"matrix": [[0.40954387187957764, -0.8850469589233398, -0.22128181159496307, -1.6091625690460205], [-0.8803121447563171, -0.4470442235469818, 0.15875065326690674, -0.7009021639823914], [-0.23942479491233826, 0.12978161871433258, -0.9622017741203308, -0.40709033608436584], [0.0, 0.0, 0.0, 1.0]]}, "finger1joint3": {"matrix": [[0.4172210097312927, -0.6499144434928894, -0.635246217250824, -1.98856782913208], [-0.8427126407623291, -0.5383567214012146, -0.002694432158023119, -0.8925426602363586], [-0.34023818373680115, 0.5364540815353394, -0.7723048329353333, -0.35145509243011475], [0.0, 0.0, 0.0, 1.0]]}, "Bone.001": {"matrix": [[0.6314529180526733, 0.25238609313964844, 0.7331904768943787, -1.2646064758300781], [-0.6843345165252686, -0.2632422149181366, 0.679992139339447, 0.031332388520240784], [0.3646271824836731, -0.9311308264732361, 0.006491605192422867, 0.41376107931137085], [0.0, 0.0, 0.0, 1.0]]}, "finger2joint1": {"matrix": [[0.784501314163208, -0.5562580227851868, 0.2741067111492157, -1.1046230792999268], [-0.5898955464363098, -0.5330696702003479, 0.6065142750740051, -0.13553255796432495], [-0.19126059114933014, -0.6375057697296143, -0.7463279962539673, -0.17646753787994385], [0.0, 0.0, 0.0, 1.0]]}, "finger2joint2": {"matrix": [[0.7022818922996521, -0.6830350160598755, 0.2006569504737854, -1.5858690738677979], [-0.6891998052597046, -0.5817151665687561, 0.4319846034049988, -0.5967172384262085], [-0.17833562195301056, -0.4416678249835968, -0.8792756199836731, -0.7280049920082092], [0.0, 0.0, 0.0, 1.0]]}, "finger2joint3": {"matrix": [[0.598547637462616, -0.797276496887207, 0.07804301381111145, -1.8451603651046753], [-0.7871965169906616, -0.5673080086708069, 0.2418321818113327, -0.8175458312034607], [-0.148532897233963, -0.20618340373039246, -0.967174232006073, -0.8956694006919861], [0.0, 0.0, 0.0, 1.0]]}, "Bone.002": {"matrix": [[0.6169697046279907, -0.17166566848754883, 0.7680359482765198, -1.2646064758300781], [-0.6846721172332764, 0.36410945653915405, 0.6313859224319458, 0.031332388520240784], [-0.3880366384983063, -0.9153986573219299, 0.1071099266409874, 0.4137610197067261], [0.0, 0.0, 0.0, 1.0]]}, "finger3joint1": {"matrix": [[0.4421747922897339, 0.029257969930768013, 0.8964515924453735, -1.3369653224945068], [-0.722046434879303, 0.6045422554016113, 0.33641862869262695, 0.18480819463729858], [-0.5321001410484314, -0.7960352897644043, 0.28843894600868225, 0.027911365032196045], [0.0, 0.0, 0.0, 1.0]]}, "finger3joint2": {"matrix": [[0.4061252772808075, -0.8747482895851135, 0.2643439471721649, -1.3113007545471191], [-0.6298712491989136, -0.058384526520967484, 0.7745020389556885, 0.715101420879364], [-0.6620608568191528, -0.4810473620891571, -0.5746899843215942, -0.6703561544418335], [0.0, 0.0, 0.0, 1.0]]}, "finger3joint3": {"matrix": [[0.311981201171875, -0.9324911832809448, -0.18201105296611786, -1.877333164215088], [-0.7532544732093811, -0.35951921343803406, 0.5507753491401672, 0.6773219704627991], [-0.5790297389030457, -0.0347309485077858, -0.8145661354064941, -0.98163241147995], [0.0, 0.0, 0.0, 1.0]]}, "Bone.003": {"matrix": [[0.7370189428329468, -0.15091487765312195, 0.6588078141212463, -1.2646064758300781], [0.07008431851863861, 0.9865623116493225, 0.14759013056755066, 0.03133237361907959], [-0.6722284555435181, -0.06260441243648529, 0.7376919388771057, 0.41376104950904846], [0.0, 0.0, 0.0, 1.0]]}, "finger4joint1": {"matrix": [[0.2184787392616272, -0.21114815771579742, 0.9527241587638855, -1.3292917013168335], [-0.42491403222084045, 0.8583102822303772, 0.2876649498939514, 0.4541921019554138], [-0.8784730434417725, -0.4676743149757385, 0.0978027954697609, 0.3869275450706482], [0.0, 0.0, 0.0, 1.0]]}, "finger4joint2": {"matrix": [[0.23193761706352234, -0.9092439413070679, 0.34565916657447815, -1.5390374660491943], [-0.3994930684566498, 0.23496001958847046, 0.8861142992973328, 1.3068023920059204], [-0.8869102597236633, -0.34361162781715393, -0.3087403476238251, -0.07764095067977905], [0.0, 0.0, 0.0, 1.0]]}, "finger4joint3": {"matrix": [[0.3016352355480194, -0.6361525058746338, -0.7101591229438782, -1.918249487876892], [-0.43056145310401917, -0.7554618716239929, 0.4938559830188751, 1.4047956466674805], [-0.8506659269332886, 0.15680260956287384, -0.5017765760421753, -0.22094860672950745], [0.0, 0.0, 0.0, 1.0]]}}