{"root": {"matrix": [[0.38948386907577515, -0.6605795621871948, -0.6418231725692749, 0.0], [-0.3969775140285492, 0.5083997249603271, -0.7641587257385254, 0.0], [0.8310903310775757, 0.5524169206619263, -0.0642218068242073, 0.0], [0.0, 0.0, 0.0, 1.0]]}, "carpals": {"matrix": [[0.7898322939872742, -0.6098719239234924, 0.0649692565202713, 0.3063793480396271], [-0.07561014592647552, 0.008299533277750015, 0.9971027374267578, -0.314212828874588], [-0.6086442470550537, -0.7924563884735107, -0.03955705091357231, 2.4274239540100098], [0.0, 0.0, 0.0, 1.0]]}, "metacarpals": {"matrix": [[0.0865892767906189, -0.46263331174850464, 0.8823109269142151, -0.28763216733932495], [-0.8828086853027344, 0.374793142080307, 0.28315821290016174, -0.3061290979385376], [-0.4616827368736267, -0.8034301996231079, -0.37596362829208374, 1.655576229095459], [0.0, 0.0, 0.0, 1.0]]}, "finger5joint1": {"matrix": [[0.1194896399974823, -0.5950619578361511, 0.7947473526000977, -0.9297903776168823], [-0.8392460346221924, 0.36715036630630493, 0.40108150243759155, -0.053825587034225464], [-0.5304603576660156, -0.714913547039032, -0.4555326998233795, 1.4327518939971924], [0.0, 0.0, 0.0, 1.0]]}, "finger5joint2": {"matrix": [[0.7991121411323547, -0.5686135292053223, -0.1951870620250702, -1.558337926864624], [0.4151667654514313, 0.2871389091014862, 0.8632423281669617, 0.3339851498603821], [-0.4348055422306061, -0.7708625197410583, 0.46552589535713196, 0.6776084899902344], [0.0, 0.0, 0.0, 1.0]]}, "finger5joint3": {"matrix": [[0.7520677447319031, -0.6002101898193359, -0.2722892165184021, -1.949165940284729], [0.3920021057128906, 0.07523174583911896, 0.9168827533721924, 0.531345784664154], [-0.5298376083374023, -0.7962958812713623, 0.2918632924556732, 0.14776766300201416], [0.0, 0.0, 0.0, 1.0]]}, "Bone": {"matrix": [[0.3941595256328583, -0.13343548774719238, 0.909303605556488, -1.009931206703186], [-0.5292447209358215, -0.8418369293212891, 0.1058787852525711, 0.2790270149707794], [0.7513573169708252, -0.5229775309562683, -0.40243807435035706, 0.4011985659599304], [0.0, 0.0, 0.0, 1.0]]}, "finger1joint1": {"matrix": [[0.568932831287384, -0.7749351263046265, 0.275301456451416, -1.1209747791290283], [-0.8195895552635193, -0.5067132711410522, 0.2674216032028198, -0.4215392768383026], [-0.06773576140403748, -0.3777792751789093, -0.9234145283699036, -0.03401687741279602], [0.0, 0.0, 0.0, 1.0]]}, "finger1joint2": {"matrix": [[0.47348514199256897, -0.8606422543525696, 0.1873677372932434, -1.5589511394500732], [-0.8517923355102539, -0.5015554428100586, -0.15130004286766052, -0.707922637462616], [0.22419030964374542, -0.08796019852161407, -0.9705675840377808, -0.247529536485672], [0.0, 0.0, 0.0, 1.0]]}, "finger1joint3": {"matrix": [[0.5212801098823547, -0.8193420767784119, -0.23863264918327332, -1.9278944730758667], [-0.8437587022781372, -0.45295584201812744, -0.2879272997379303, -0.9229311943054199], [0.1278206706047058, 0.3514390289783478, -0.9274439215660095, -0.2852366268634796], [0.0, 0.0, 0.0, 1.0]]}, "Bone.001": {"matrix": [[0.4300761818885803, 0.05023201182484627, 0.9013939499855042, -1.009931206703186], [-0.766425371170044, -0.5073395371437073, 0.3939521014690399, 0.2790270447731018], [0.4771016836166382, -0.8602808713912964, -0.1796954870223999, 0.4011986255645752], [0.0, 0.0, 0.0, 1.0]]}, "finger2joint1": {"matrix": [[0.47977152466773987, -0.7416172027587891, 0.46885284781455994, -0.9780899882316589], [-0.8712718486785889, -0.3396855294704437, 0.3542579114437103, -0.04256719350814819], [-0.10346145927906036, -0.5784612894058228, -0.8091216683387756, -0.14411932229995728], [0.0, 0.0, 0.0, 1.0]]}, "finger2joint2": {"matrix": [[0.3653506934642792, -0.8982197642326355, -0.24437668919563293, -1.6196993589401245], [-0.9274144768714905, -0.3738260269165039, -0.012495320290327072, -0.33644577860832214], [-0.08013105392456055, 0.23120363056659698, -0.9695996642112732, -0.6445745825767517], [0.0, 0.0, 0.0, 1.0]]}, "finger2joint3": {"matrix": [[0.2802806794643402, -0.5240793824195862, -0.8042283654212952, -1.960678219795227], [-0.9593199491500854, -0.1233610287308693, -0.25394266843795776, -0.4783562421798706], [0.03387543931603432, 0.8426876664161682, -0.5373356342315674, -0.5568058490753174], [0.0, 0.0, 0.0, 1.0]]}, "Bone.002": {"matrix": [[0.3290534019470215, -0.1571405529975891, 0.9311448335647583, -1.009931206703186], [-0.9092011451721191, 0.21365812420845032, 0.35735592246055603, 0.2790270149707794], [-0.2551019787788391, -0.9641870260238647, -0.0725674107670784, 0.4011985957622528], [0.0, 0.0, 0.0, 1.0]]}, "finger3joint1": {"matrix": [[0.18606707453727722, -0.1995508074760437, 0.962059497833252, -1.0761675834655762], [-0.9472075700759888, 0.22377824783325195, 0.22961078584194183, 0.3690860867500305], [-0.26110726594924927, -0.9539928436279297, -0.14737825095653534, -0.005215942859649658], [0.0, 0.0, 0.0, 1.0]]}, "finger3joint2": {"matrix": [[0.11470985412597656, -0.9441677331924438, 0.3088509440422058, -1.2512099742889404], [-0.9080920219421387, 0.02638680301606655, 0.4179384410381317, 0.5653801560401917], [-0.4027537703514099, -0.32840657234191895, -0.8543642163276672, -0.8420407772064209], [0.0, 0.0, 0.0, 1.0]]}, "finger3joint3": {"matrix": [[0.014151233248412609, -0.9796153903007507, -0.20038343966007233, -1.8621622323989868], [-0.9629984498023987, -0.06729349493980408, 0.26097023487091064, 0.5824545621871948], [-0.26913514733314514, 0.18927595019340515, -0.9443201422691345, -1.0545462369918823], [0.0, 0.0, 0.0, 1.0]]}, "Bone.003": {"matrix": [[0.6400843262672424, 0.15140584111213684, 0.7532385587692261, -1.009931206703186], [-0.30470454692840576, 0.9500184059143066, 0.06797095388174057, 0.27902695536613464], [-0.7052993178367615, -0.2730221450328827, 0.6542259454727173, 0.4011985957622528], [0.0, 0.0, 0.0, 1.0]]}, "finger4joint1": {"matrix": [[-0.05152340233325958, -0.5114870667457581, 0.8577448129653931, -0.9450357556343079], [-0.7581392526626587, 0.5790972709655762, 0.299784779548645, 0.6862233281135559], [-0.650053858757019, -0.6348438858985901, -0.4176154136657715, 0.2841760218143463], [0.0, 0.0, 0.0, 1.0]]}, "finger4joint2": {"matrix": [[-0.04666196554899216, -0.9983956217765808, 0.032072193920612335, -1.453126072883606], [-0.7387349605560303, 0.056102294474840164, 0.6716567277908325, 1.261474847793579], [-0.6723785996437073, 0.007648054510354996, -0.740167498588562, -0.34645190834999084], [0.0, 0.0, 0.0, 1.0]]}, "finger4joint3": {"matrix": [[0.036027975380420685, -0.7603797912597656, -0.6484785079956055, -1.869519829750061], [-0.7505878806114197, -0.449003130197525, 0.48478201031684875, 1.2848730087280273], [-0.6597874164581299, 0.4692743718624115, -0.5869084000587463, -0.3432621955871582], [0.0, 0.0, 0.0, 1.0]]}}