{"root": {"matrix": [[0.3858087956905365, -0.8256269693374634, -0.41169360280036926, -5.960464477539063e-08], [-0.5092324018478394, 0.18153174221515656, -0.8412660360336304, 0.0], [0.7693073749542236, 0.5342155694961548, -0.35039955377578735, 0.0], [0.0, 0.0, 0.0, 1.0]]}, "carpals": {"matrix": [[0.4439351558685303, -0.8332933783531189, -0.32945939898490906, 0.11064457893371582], [0.6393203139305115, 0.036931127309799194, 0.7680529356002808, -0.8793491721153259], [-0.6278460621833801, -0.5515958666801453, 0.5491366386413574, 2.3020615577697754], [0.0, 0.0, 0.0, 1.0]]}, "metacarpals": {"matrix": [[0.5820121169090271, -0.6969355344772339, 0.4189779460430145, -0.70097815990448], [-0.13487499952316284, 0.42536357045173645, 0.894915759563446, -0.8433784246444702], [-0.8019167184829712, -0.577361524105072, 0.15356777608394623, 1.764810562133789], [0.0, 0.0, 0.0, 1.0]]}, "finger5joint1": {"matrix": [[0.7217468619346619, -0.5372287034988403, 0.43642476201057434, -1.3731749057769775], [-0.19826091825962067, 0.44364628195762634, 0.8739966750144958, -0.9451098442077637], [-0.6631544828414917, -0.7173303365707397, 0.21368904411792755, 1.512864112854004], [0.0, 0.0, 0.0, 1.0]]}, "finger5joint2": {"matrix": [[0.4609910249710083, -0.2788205146789551, -0.84246426820755, -1.940634846687317], [0.8152098655700684, 0.5081343054771423, 0.27790623903274536, -0.4764986038208008], [0.3505992293357849, -0.814897358417511, 0.4615427851676941, 0.7551679015159607], [0.0, 0.0, 0.0, 1.0]]}, "finger5joint3": {"matrix": [[0.47862735390663147, -0.1605405956506729, -0.8632161617279053, -2.1322779655456543], [0.8425450325012207, 0.3606064021587372, 0.40010032057762146, -0.12724004685878754], [0.24704915285110474, -0.9187975525856018, 0.30785900354385376, 0.19506041705608368], [0.0, 0.0, 0.0, 1.0]]}, "Bone": {"matrix": [[0.7405097484588623, 0.383556991815567, 0.5518416166305542, -1.7890880107879639], [-0.5152340531349182, -0.2031911313533783, 0.8326144814491272, -0.17926780879497528], [0.4314844012260437, -0.9008869528770447, 0.04715677350759506, 0.8633890151977539], [0.0, 0.0, 0.0, 1.0]]}, "finger1joint1": {"matrix": [[0.6763163208961487, -0.7357245683670044, 0.03613018989562988, -1.469896674156189], [-0.1719556599855423, -0.10999646782875061, 0.9789441227912903, -0.34836095571517944], [-0.7162593007087708, -0.6682888269424438, -0.2009042352437973, 0.11368197202682495], [0.0, 0.0, 0.0, 1.0]]}, "finger1joint2": {"matrix": [[0.6477814316749573, -0.5922672152519226, -0.4791645407676697, -1.8857121467590332], [-0.45960304141044617, -0.8054360747337341, 0.37421584129333496, -0.4105285406112671], [-0.6075724363327026, -0.022184761241078377, -0.7939543128013611, -0.2640203535556793], [0.0, 0.0, 0.0, 1.0]]}, "finger1joint3": {"matrix": [[0.6172147393226624, -0.22772051393985748, -0.7531196475028992, -2.1396074295043945], [-0.3894820809364319, -0.9201217293739319, -0.04098093882203102, -0.7558058500289917], [-0.6836298108100891, 0.3186204731464386, -0.6566057801246643, -0.27353063225746155], [0.0, 0.0, 0.0, 1.0]]}, "Bone.001": {"matrix": [[0.8861852884292603, 0.25527045130729675, 0.38666829466819763, -1.7890880107879639], [-0.4515931010246277, 0.2892181873321533, 0.8440474271774292, -0.17926780879497528], [0.10362882912158966, -0.9225993156433105, 0.37157949805259705, 0.8633890151977539], [0.0, 0.0, 0.0, 1.0]]}, "finger2joint1": {"matrix": [[0.9119199514389038, -0.12631142139434814, 0.3904447853565216, -1.6272763013839722], [-0.29938435554504395, 0.4459441900253296, 0.8435060381889343, 0.0040628910064697266], [-0.28066110610961914, -0.8861031532287598, 0.3688499629497528, 0.27856841683387756], [0.0, 0.0, 0.0, 1.0]]}, "finger2joint2": {"matrix": [[0.856760561466217, -0.4506947696208954, 0.2506698668003082, -1.736554503440857], [-0.3344945013523102, -0.11568298190832138, 0.9352703094482422, 0.3898710012435913], [-0.3925233483314514, -0.8851504921913147, -0.24986737966537476, -0.4880428612232208], [0.0, 0.0, 0.0, 1.0]]}, "finger2joint3": {"matrix": [[0.7735648155212402, -0.608191728591919, -0.17804484069347382, -1.907645583152771], [-0.4277777373790741, -0.7084313035011292, 0.5613651275634766, 0.34595581889152527], [-0.4675503671169281, -0.3580889105796814, -0.8081884980201721, -0.8240604400634766], [0.0, 0.0, 0.0, 1.0]]}, "Bone.002": {"matrix": [[0.8069854974746704, -0.38584044575691223, 0.4471033811569214, -1.7890880107879639], [-0.135250985622406, 0.6162030100822449, 0.7758870720863342, -0.17926782369613647], [-0.5748751759529114, -0.6866006851196289, 0.44508180022239685, 0.8633890151977539], [0.0, 0.0, 0.0, 1.0]]}, "finger3joint1": {"matrix": [[0.8387534618377686, 0.18764810264110565, 0.5111563801765442, -1.951723575592041], [-0.514543890953064, 0.5802717804908752, 0.6312915086746216, 0.08046793937683105], [-0.17814922332763672, -0.7925102710723877, 0.5832582712173462, 0.573979914188385], [0.0, 0.0, 0.0, 1.0]]}, "finger3joint2": {"matrix": [[0.8374042510986328, -0.3311794698238373, 0.43482673168182373, -1.7871222496032715], [-0.44041407108306885, 0.06231890618801117, 0.8956291675567627, 0.5894715785980225], [-0.32371214032173157, -0.9415073990821838, -0.0936698466539383, -0.12119549512863159], [0.0, 0.0, 0.0, 1.0]]}, "finger3joint3": {"matrix": [[0.7348790764808655, -0.5518887639045715, 0.39417189359664917, -2.0014219284057617], [-0.5811127424240112, -0.21275582909584045, 0.785520613193512, 0.6297969818115234], [-0.34965789318084717, -0.8063210844993591, -0.4770592749118805, -0.7304263710975647], [0.0, 0.0, 0.0, 1.0]]}, "Bone.003": {"matrix": [[0.5809488296508789, -0.5476580262184143, 0.6021371483802795, -1.7890880107879639], [0.6443195939064026, 0.7614607214927673, 0.07091972231864929, -0.17926782369613647], [-0.49734339118003845, 0.34676826000213623, 0.7952365875244141, 0.8633889555931091], [0.0, 0.0, 0.0, 1.0]]}, "finger4joint1": {"matrix": [[0.715187132358551, 0.21381333470344543, 0.6654254198074341, -2.02382493019104], [-0.48063185811042786, 0.8416725397109985, 0.24612978100776672, 0.1471090316772461], [-0.5074447393417358, -0.49585336446762085, 0.704719066619873, 1.0120205879211426], [0.0, 0.0, 0.0, 1.0]]}, "finger4joint2": {"matrix": [[0.7326165437698364, -0.33553457260131836, 0.5921902656555176, -1.8114314079284668], [-0.4563692808151245, 0.40334171056747437, 0.7931216955184937, 0.9831920862197876], [-0.5049749612808228, -0.8513115644454956, 0.142367422580719, 0.5194602012634277], [0.0, 0.0, 0.0, 1.0]]}, "finger4joint3": {"matrix": [[0.7492309808731079, -0.5518772006034851, 0.3661750853061676, -1.9513704776763916], [-0.49987125396728516, -0.1084899976849556, 0.8592776656150818, 1.1514109373092651], [-0.4344896078109741, -0.8268380761146545, -0.35715141892433167, 0.16440974175930023], [0.0, 0.0, 0.0, 1.0]]}}