{"root": {"matrix": [[0.271067351102829, -0.8721216320991516, -0.40734055638313293, -5.960464477539063e-08], [-0.5914802551269531, 0.1829446405172348, -0.7852912545204163, 0.0], [0.7593902349472046, 0.4538007378578186, -0.46625250577926636, 0.0], [0.0, 0.0, 0.0, 1.0]]}, "carpals": {"matrix": [[0.5751749277114868, -0.7719398140907288, -0.270707368850708, -0.19483935832977295], [0.6116135716438293, 0.18604955077171326, 0.7689694762229919, -1.0702606439590454], [-0.5432331562042236, -0.6078603863716125, 0.5791401863098145, 2.2139477729797363], [0.0, 0.0, 0.0, 1.0]]}, "metacarpals": {"matrix": [[0.5644917488098145, -0.5404805541038513, 0.6238827109336853, -0.946704089641571], [-0.2798451781272888, 0.585747480392456, 0.7606485486030579, -0.8890494704246521], [-0.7765536308288574, -0.6039704084396362, 0.17939892411231995, 1.621895432472229], [0.0, 0.0, 0.0, 1.0]]}, "finger5joint1": {"matrix": [[0.6246128082275391, -0.34915369749069214, 0.6985344290733337, -1.610833764076233], [-0.3665795624256134, 0.6587229371070862, 0.6570411324501038, -0.8185842037200928], [-0.6895492672920227, -0.6664647459983826, 0.2834543287754059, 1.3396875858306885], [0.0, 0.0, 0.0, 1.0]]}, "finger5joint2": {"matrix": [[0.6995436549186707, -0.2098400890827179, -0.6830852627754211, -1.9796351194381714], [0.6000341773033142, 0.6916132569313049, 0.4020316004753113, -0.12279340624809265], [0.3880687355995178, -0.6911130547523499, 0.6097251772880554, 0.6357194185256958], [0.0, 0.0, 0.0, 1.0]]}, "finger5joint3": {"matrix": [[0.71343994140625, -0.14759688079357147, -0.6849949955940247, -2.1238656044006348], [0.6389319896697998, 0.5383888483047485, 0.5494567155838013, 0.35257667303085327], [0.2876957952976227, -0.8296696543693542, 0.47841280698776245, 0.16069315373897552], [0.0, 0.0, 0.0, 1.0]]}, "Bone": {"matrix": [[0.566464364528656, 0.3598622679710388, 0.741361677646637, -1.7905442714691162], [-0.6841488480567932, -0.2961580157279968, 0.6665061116218567, 0.025464951992034912], [0.45941054821014404, -0.884753942489624, 0.07843653112649918, 0.6789299845695496], [0.0, 0.0, 0.0, 1.0]]}, "finger1joint1": {"matrix": [[0.727277934551239, -0.685747504234314, -0.028582071885466576, -1.491071343421936], [-0.34327349066734314, -0.39949285984039307, 0.8500401973724365, -0.22099407017230988], [-0.5943315029144287, -0.608404278755188, -0.5259411931037903, -0.05735135078430176], [0.0, 0.0, 0.0, 1.0]]}, "finger1joint2": {"matrix": [[0.7150155901908875, -0.5749751925468445, -0.39768844842910767, -1.878641128540039], [-0.5777159333229065, -0.8062911033630371, 0.12703771889209747, -0.446778804063797], [-0.3936964273452759, 0.13891687989234924, -0.908683180809021, -0.4012083113193512], [0.0, 0.0, 0.0, 1.0]]}, "finger1joint3": {"matrix": [[0.6916747093200684, -0.26873916387557983, -0.6703471541404724, -2.1251235008239746], [-0.5319089293479919, -0.8174185156822205, -0.2211325466632843, -0.7924225330352783], [-0.48852744698524475, 0.5095152854919434, -0.7083325386047363, -0.3416568636894226], [0.0, 0.0, 0.0, 1.0]]}, "Bone.001": {"matrix": [[0.7380248308181763, 0.36105960607528687, 0.5700483322143555, -1.7905442714691162], [-0.6603334546089172, 0.2126198410987854, 0.7202444672584534, 0.025464951992034912], [0.13884755969047546, -0.9079804420471191, 0.39533868432044983, 0.6789299249649048], [0.0, 0.0, 0.0, 1.0]]}, "finger2joint1": {"matrix": [[0.6781490445137024, -0.07039817422628403, 0.7315447330474854, -1.5616745948791504], [-0.4340985417366028, 0.7648317813873291, 0.4760151207447052, 0.16024118661880493], [-0.593019425868988, -0.6403717398643494, 0.48811039328575134, 0.10337600111961365], [0.0, 0.0, 0.0, 1.0]]}, "finger2joint2": {"matrix": [[0.5984863638877869, -0.4458911120891571, 0.6655787229537964, -1.6225794553756714], [-0.4052795469760895, 0.5481356978416443, 0.7316387891769409, 0.8219345211982727], [-0.6910589933395386, -0.7076212167739868, 0.14734137058258057, -0.4506409466266632], [0.0, 0.0, 0.0, 1.0]]}, "finger2joint3": {"matrix": [[0.48151272535324097, -0.797045111656189, 0.36450549960136414, -1.7918469905853271], [-0.4034772515296936, 0.16761335730552673, 0.8995062112808228, 1.0300159454345703], [-0.778043270111084, -0.5801934599876404, -0.24088150262832642, -0.7192655801773071], [0.0, 0.0, 0.0, 1.0]]}, "Bone.002": {"matrix": [[0.7716846466064453, -0.18672992289066315, 0.6079758405685425, -1.7905443906784058], [-0.336304634809494, 0.6915527582168579, 0.6392602324485779, 0.025464951992034912], [-0.5398165583610535, -0.6977723240852356, 0.4708627164363861, 0.6789299249649048], [0.0, 0.0, 0.0, 1.0]]}, "finger3joint1": {"matrix": [[0.7002170085906982, 0.312801718711853, 0.6417563557624817, -1.8692529201507568], [-0.6867161393165588, 0.5409193634986877, 0.4856201112270355, 0.3169613778591156], [-0.19523592293262482, -0.7807438373565674, 0.5935670137405396, 0.3848118782043457], [0.0, 0.0, 0.0, 1.0]]}, "finger3joint2": {"matrix": [[0.71543949842453, -0.5149306058883667, 0.4722211956977844, -1.5948688983917236], [-0.6108605265617371, -0.13296660780906677, 0.7804928421974182, 0.7914458513259888], [-0.33911022543907166, -0.8468566536903381, -0.40968018770217896, -0.3000422716140747], [0.0, 0.0, 0.0, 1.0]]}, "finger3joint3": {"matrix": [[0.5993985533714294, -0.7770053744316101, 0.19231228530406952, -1.928070306777954], [-0.7392460107803345, -0.44521307945251465, 0.5052725672721863, 0.7054057717323303], [-0.30697983503341675, -0.44502586126327515, -0.8412581086158752, -0.8480265140533447], [0.0, 0.0, 0.0, 1.0]]}, "Bone.003": {"matrix": [[0.7463944554328918, -0.35280853509902954, 0.5642883777618408, -1.7905442714691162], [0.47530925273895264, 0.8760870695114136, -0.08094647526741028, 0.025464922189712524], [-0.4658070206642151, 0.3286297023296356, 0.8215998411178589, 0.67892986536026], [0.0, 0.0, 0.0, 1.0]]}, "finger4joint1": {"matrix": [[0.609058141708374, 0.3040138781070709, 0.7325459718704224, -1.9417648315429688], [-0.5498353242874146, 0.8274939060211182, 0.11372949928045273, 0.4009729027748108], [-0.5716022253036499, -0.4720473885536194, 0.6711496114730835, 0.8197870254516602], [0.0, 0.0, 0.0, 1.0]]}, "finger4joint2": {"matrix": [[0.6298989653587341, -0.5655409097671509, 0.532344400882721, -1.6397699117660522], [-0.5284233689308167, 0.1902623176574707, 0.8273864984512329, 1.2229714393615723], [-0.569206178188324, -0.802473247051239, -0.17899873852729797, 0.3508744537830353], [0.0, 0.0, 0.0, 1.0]]}, "finger4joint3": {"matrix": [[0.6668749451637268, -0.7451639771461487, 0.002866714959964156, -1.875636100769043], [-0.5544570684432983, -0.49362680315971375, 0.6700069904327393, 1.3023228645324707], [-0.4978501796722412, -0.448400616645813, -0.7423487305641174, 0.016192659735679626], [0.0, 0.0, 0.0, 1.0]]}}