{"root": {"matrix": [[0.53663170337677, -0.7340131402015686, 0.41623446345329285, 0.0], [0.6639256477355957, 0.6717311143875122, 0.3286031186580658, 0.0], [-0.5207965970039368, 0.10000994056463242, 0.8478024005889893, 0.0], [0.0, 0.0, 0.0, 1.0]]}, "carpals": {"matrix": [[0.023071836680173874, -0.4422498047351837, -0.8965949416160583, 0.44831880927085876], [-0.2552255392074585, -0.8697213530540466, 0.4224267601966858, 2.1220083236694336], [-0.9666061997413635, 0.21908774971961975, -0.13293953239917755, -1.175191879272461], [0.0, 0.0, 0.0, 1.0]]}, "metacarpals": {"matrix": [[-0.013079012744128704, -0.9726132750511169, -0.23206040263175964, 0.01757025718688965], [-0.5864231586456299, -0.18051649630069733, 0.7896336317062378, 1.2749048471450806], [-0.8098992109298706, 0.14641325175762177, -0.5680021047592163, -0.9618017673492432], [0.0, 0.0, 0.0, 1.0]]}, "finger5joint1": {"matrix": [[0.1951623111963272, -0.9505251049995422, -0.24168837070465088, -0.4397134780883789], [-0.49249550700187683, -0.3080836832523346, 0.8139608502388, 0.9499572515487671], [-0.8481508493423462, -0.039824068546295166, -0.5282557606697083, -0.5024811029434204], [0.0, 0.0, 0.0, 1.0]]}, "finger5joint2": {"matrix": [[-0.2678605616092682, -0.755954921245575, -0.5973123908042908, -1.4437267780303955], [0.7929834723472595, -0.52509605884552, 0.30895093083381653, 0.62453693151474], [-0.5471996068954468, -0.3909032642841339, 0.740112841129303, -0.5445461869239807], [0.0, 0.0, 0.0, 1.0]]}, "finger5joint3": {"matrix": [[-0.30397066473960876, -0.5983403921127319, -0.7413432598114014, -1.9633210897445679], [0.722282886505127, -0.6521598100662231, 0.23020507395267487, 0.2636200189590454], [-0.6212155222892761, -0.46548423171043396, 0.6304089426994324, -0.8132277131080627], [0.0, 0.0, 0.0, 1.0]]}, "Bone": {"matrix": [[0.9750190377235413, -0.13755284249782562, -0.17440392076969147, -1.5009491443634033], [0.020333750173449516, -0.7266054153442383, 0.6867537498474121, 0.9930685758590698], [-0.22118781507015228, -0.6731445789337158, -0.7056573033332825, -0.733210027217865], [0.0, 0.0, 0.0, 1.0]]}, "finger1joint1": {"matrix": [[0.36450016498565674, -0.8218237161636353, -0.43788695335388184, -1.6154190301895142], [-0.3605184555053711, -0.5581081509590149, 0.7473562955856323, 0.3883965015411377], [-0.8585837483406067, -0.1145453080534935, -0.4997132420539856, -1.2933927774429321], [0.0, 0.0, 0.0, 1.0]]}, "finger1joint2": {"matrix": [[0.49687400460243225, -0.4910413324832916, -0.7155377268791199, -2.0798959732055664], [-0.5597033500671387, -0.8114443421363831, 0.16819629073143005, 0.0729658305644989], [-0.6632106304168701, 0.3169165253639221, -0.6780232787132263, -1.3581310510635376], [0.0, 0.0, 0.0, 1.0]]}, "finger1joint3": {"matrix": [[0.43953341245651245, 0.23130199313163757, -0.867933988571167, -2.2903974056243896], [-0.5096438527107239, -0.7314600348472595, -0.4530223309993744, -0.27488699555397034], [-0.7396442890167236, 0.6414557099342346, -0.2036195993423462, -1.2222743034362793], [0.0, 0.0, 0.0, 1.0]]}, "Bone.001": {"matrix": [[0.8431968092918396, -0.5278178453445435, -0.10211312025785446, -1.5009491443634033], [-0.14584946632385254, -0.4074079096317291, 0.9015244245529175, 0.9930685758590698], [-0.517442524433136, -0.7452696561813354, -0.4205071032047272, -0.7332099676132202], [0.0, 0.0, 0.0, 1.0]]}, "finger2joint1": {"matrix": [[0.11336777359247208, -0.33028504252433777, -0.937048077583313, -1.8355244398117065], [-0.5766125917434692, -0.7899215221405029, 0.20866602659225464, 0.7348193526268005], [-0.8091140389442444, 0.516657829284668, -0.2799982726573944, -1.2056242227554321], [0.0, 0.0, 0.0, 1.0]]}, "finger2joint2": {"matrix": [[0.16914308071136475, -0.21233052015304565, -0.9624478816986084, -2.121270179748535], [-0.662489652633667, -0.7475001811981201, 0.04848230257630348, 0.051419585943222046], [-0.729724645614624, 0.6294113993644714, -0.26710134744644165, -0.758638322353363], [0.0, 0.0, 0.0, 1.0]]}, "finger2joint3": {"matrix": [[0.22898948192596436, -0.012035713531076908, -0.9733542799949646, -2.201874256134033], [-0.7455182075500488, -0.6451165080070496, -0.16741211712360382, -0.23234376311302185], [-0.6259122490882874, 0.7639891505241394, -0.1566978543996811, -0.5197033882141113], [0.0, 0.0, 0.0, 1.0]]}, "Bone.002": {"matrix": [[0.23785093426704407, -0.9711980223655701, 0.014177273958921432, -1.5009491443634033], [-0.40277713537216187, -0.0853387713432312, 0.9113109111785889, 0.9930685758590698], [-0.8838538527488708, -0.22246651351451874, -0.4114743173122406, -0.733210027217865], [0.0, 0.0, 0.0, 1.0]]}, "finger3joint1": {"matrix": [[0.7858306765556335, -0.5327513813972473, 0.31407928466796875, -1.9103188514709473], [-0.3906932771205902, -0.03397272154688835, 0.9198936820030212, 0.9570974111557007], [-0.4794048070907593, -0.8455896377563477, -0.23483914136886597, -0.8269818425178528], [0.0, 0.0, 0.0, 1.0]]}, "finger3joint2": {"matrix": [[0.6789214611053467, -0.0030686501413583755, -0.7342042326927185, -2.377638578414917], [-0.42653751373291016, -0.815582811832428, -0.3910118043422699, 0.9272971749305725], [-0.5976047515869141, 0.578632116317749, -0.5550258159637451, -1.5687175989151], [0.0, 0.0, 0.0, 1.0]]}, "finger3joint3": {"matrix": [[0.7917193174362183, 0.6107293963432312, -0.013772837817668915, -2.379624366760254], [-0.39464056491851807, 0.4941222667694092, -0.7746623754501343, 0.39954960346221924], [-0.46630388498306274, 0.6187507510185242, 0.6322250366210938, -1.19429612159729], [0.0, 0.0, 0.0, 1.0]]}, "Bone.003": {"matrix": [[-0.33312341570854187, -0.5996260643005371, 0.7276517748832703, -1.5009491443634033], [0.17778174579143524, 0.7179439067840576, 0.6730156540870667, 0.9930685758590698], [-0.9259710311889648, 0.3535606265068054, -0.1325613558292389, -0.7332100868225098], [0.0, 0.0, 0.0, 1.0]]}, "finger4joint1": {"matrix": [[-0.45421597361564636, -0.8841866850852966, -0.10909263789653778, -1.7579606771469116], [-0.5906468629837036, 0.20719924569129944, 0.7798745632171631, 1.300793170928955], [-0.6669511198997498, 0.4186669886112213, -0.6163554787635803, -0.5816671252250671], [0.0, 0.0, 0.0, 1.0]]}, "finger4joint2": {"matrix": [[-0.47638681530952454, 0.31620341539382935, -0.8204086422920227, -2.636275291442871], [-0.5705723166465759, -0.8211130499839783, 0.014839638024568558, 1.506616473197937], [-0.6689561605453491, 0.4751720428466797, 0.5715846419334412, -0.1657804697751999], [0.0, 0.0, 0.0, 1.0]]}, "finger4joint3": {"matrix": [[-0.48897016048431396, 0.8602793216705322, 0.1443159580230713, -2.5043985843658447], [-0.500497579574585, -0.14118847250938416, -0.8541472554206848, 1.1641607284545898], [-0.7144297361373901, -0.48988258838653564, 0.49960485100746155, 0.032396137714385986], [0.0, 0.0, 0.0, 1.0]]}}