{"root": {"matrix": [[0.4047521650791168, -0.8301263451576233, 0.3834918439388275, 5.960464477539063e-08], [0.1904110461473465, -0.3336750864982605, -0.92325758934021, 0.0], [0.894382119178772, 0.44671154022216797, 0.023009447380900383, 2.9802322387695312e-08], [0.0, 0.0, 0.0, 1.0]]}, "carpals": {"matrix": [[-0.612328052520752, -0.6021462678909302, -0.5123220682144165, 0.05968070030212402], [0.7177138328552246, -0.1515975147485733, -0.6796358823776245, 0.20780149102210999], [0.3315736651420593, -0.7838607430458069, 0.5249961018562317, 2.4572834968566895], [0.0, 0.0, 0.0, 1.0]]}, "metacarpals": {"matrix": [[-0.8782046437263489, -0.4322888255119324, -0.2046525627374649, -0.5268061757087708], [0.3286493718624115, -0.234546959400177, -0.9148645997047424, 0.06014639139175415], [0.3474852740764618, -0.8706972599029541, 0.3480515480041504, 1.69380784034729], [0.0, 0.0, 0.0, 1.0]]}, "finger5joint1": {"matrix": [[-0.7730151414871216, -0.6155461072921753, -0.1534607857465744, -0.5352180004119873], [0.3443067967891693, -0.20390966534614563, -0.9164461493492126, 0.24497653543949127], [0.5328229665756226, -0.7612643241882324, 0.3695618510246277, 0.9927787780761719], [0.0, 0.0, 0.0, 1.0]]}, "finger5joint2": {"matrix": [[-0.08561333268880844, -0.9259858727455139, 0.36772239208221436, -1.1854023933410645], [-0.9092636704444885, -0.07827089726924896, -0.40879443287849426, 0.02959241159260273], [0.4073197841644287, -0.3693546652793884, -0.8352646827697754, 0.18867632746696472], [0.0, 0.0, 0.0, 1.0]]}, "finger5joint3": {"matrix": [[-0.19179943203926086, -0.9651051759719849, 0.17828160524368286, -1.8218648433685303], [-0.8887088298797607, 0.09371265769004822, -0.44879183173179626, -0.024205924943089485], [0.416424036026001, -0.2445182055234909, -0.8756718635559082, -0.06519410014152527], [0.0, 0.0, 0.0, 1.0]]}, "Bone": {"matrix": [[0.30719056725502014, -0.8938514590263367, -0.3265935182571411, -1.2017289400100708], [0.35901761054992676, 0.4266805052757263, -0.830090343952179, -0.3060465157032013], [0.8813285231590271, 0.1377432942390442, 0.4519805312156677, 0.33440762758255005], [0.0, 0.0, 0.0, 1.0]]}, "finger1joint1": {"matrix": [[-0.5927903056144714, -0.7938404679298401, -0.135708287358284, -1.945581316947937], [0.30280014872550964, -0.06354859471321106, -0.9509329795837402, 0.049031730741262436], [0.7462651133537292, -0.6047961711883545, 0.2780458927154541, 0.4490358829498291], [0.0, 0.0, 0.0, 1.0]]}, "finger1joint2": {"matrix": [[-0.5073292255401611, -0.096480593085289, -0.8563342690467834, -2.394242525100708], [0.5791510343551636, 0.6976661682128906, -0.4217178225517273, 0.01311543583869934], [0.6381231546401978, -0.7098965048789978, -0.2980695068836212, 0.1072181761264801], [0.0, 0.0, 0.0, 1.0]]}, "finger1joint3": {"matrix": [[-0.5875615477561951, 0.7122147679328918, -0.384085088968277, -2.4356021881103516], [0.5074776411056519, 0.6940448880195618, 0.5106545686721802, 0.31219345331192017], [0.6302682161331177, 0.10512638837099075, -0.7692269682884216, -0.19710277020931244], [0.0, 0.0, 0.0, 1.0]]}, "Bone.001": {"matrix": [[-0.05410592630505562, -0.9983610510826111, 0.018638115376234055, -1.2017290592193604], [0.38165146112442017, -0.03792458772659302, -0.9235278367996216, -0.3060465157032013], [0.9227212071418762, -0.042854972183704376, 0.3830777704715729, 0.33440759778022766], [0.0, 0.0, 0.0, 1.0]]}, "finger2joint1": {"matrix": [[-0.8127498626708984, -0.5278329849243164, -0.24663664400577545, -1.8345736265182495], [0.375405877828598, -0.15072213113307953, -0.9145234227180481, -0.33008629083633423], [0.44554218649864197, -0.8358676433563232, 0.3206509053707123, 0.30724257230758667], [0.0, 0.0, 0.0, 1.0]]}, "finger2joint2": {"matrix": [[-0.8308679461479187, -0.23632404208183289, -0.5037947297096252, -2.2912280559539795], [0.4431381821632385, 0.2666027843952179, -0.8558921217918396, -0.4604833722114563], [0.33658117055892944, -0.9343839287757874, -0.11678756773471832, -0.41590744256973267], [0.0, 0.0, 0.0, 1.0]]}, "finger2joint3": {"matrix": [[-0.8041291832923889, 0.3959752917289734, -0.44337284564971924, -2.3809404373168945], [0.5454843640327454, 0.7879584431648254, -0.28560131788253784, -0.35927659273147583], [0.23626849055290222, -0.4715132713317871, -0.849618673324585, -0.7706149220466614], [0.0, 0.0, 0.0, 1.0]]}, "Bone.002": {"matrix": [[-0.735187292098999, -0.6724480390548706, 0.08551611006259918, -1.2017290592193604], [0.26159584522247314, -0.39783361554145813, -0.8793724775314331, -0.3060465455055237], [0.6253536939620972, -0.6241327524185181, 0.46839168667793274, 0.33440762758255005], [0.0, 0.0, 0.0, 1.0]]}, "finger3joint1": {"matrix": [[-0.5313162803649902, -0.7471449375152588, -0.39934608340263367, -1.4851727485656738], [0.3054792284965515, 0.2707100808620453, -0.9129065871238708, -0.47373735904693604], [0.7901807427406311, -0.6070337891578674, 0.08440451323986053, 0.07132938504219055], [0.0, 0.0, 0.0, 1.0]]}, "finger3joint2": {"matrix": [[-0.6268755793571472, -0.15256306529045105, -0.764036238193512, -2.140554189682007], [0.3796229064464569, 0.7965488433837891, -0.4705277681350708, -0.23627546429634094], [0.6803775429725647, -0.5850077867507935, -0.4414204955101013, -0.4611493945121765], [0.0, 0.0, 0.0, 1.0]]}, "finger3joint3": {"matrix": [[-0.49625083804130554, 0.17948377132415771, -0.8494236469268799, -2.2392749786376953], [0.49238839745521545, 0.8640069961547852, -0.1050981879234314, 0.27915555238723755], [0.7150446772575378, -0.4704012870788574, -0.5171396732330322, -0.8396964073181152], [0.0, 0.0, 0.0, 1.0]]}, "Bone.003": {"matrix": [[-0.7906415462493896, 0.29246196150779724, 0.5379142761230469, -1.2017290592193604], [-0.5033613443374634, -0.810656726360321, -0.2991037964820862, -0.3060464859008789], [0.3485873341560364, -0.5072492957115173, 0.788152813911438, 0.33440762758255005], [0.0, 0.0, 0.0, 1.0]]}, "finger4joint1": {"matrix": [[-0.714159369468689, -0.6952987909317017, 0.08084293454885483, -1.0763740539550781], [0.4418533146381378, -0.5373605489730835, -0.7183377146720886, -0.6535096764564514], [0.5429014563560486, -0.47728684544563293, 0.6909810900688171, 0.11699071526527405], [0.0, 0.0, 0.0, 1.0]]}, "finger4joint2": {"matrix": [[-0.7282158136367798, -0.6268168091773987, -0.2771315574645996, -1.767055630683899], [0.4154655635356903, -0.08215732872486115, -0.9058908820152283, -1.1873016357421875], [0.5450595021247864, -0.7748226523399353, 0.32024911046028137, -0.35712650418281555], [0.0, 0.0, 0.0, 1.0]]}, "finger4joint3": {"matrix": [[-0.6694584488868713, -0.49196749925613403, -0.5565903186798096, -2.028477668762207], [0.4340643882751465, 0.34897592663764954, -0.8305442333221436, -1.2215664386749268], [0.6028376221656799, -0.797610878944397, -0.02007923647761345, -0.6802762150764465], [0.0, 0.0, 0.0, 1.0]]}}