{"root": {"matrix": [[0.6760914325714111, -0.3157674968242645, 0.6657261252403259, 0.0], [0.23932857811450958, 0.9486373662948608, 0.20690320432186127, 5.960464477539063e-08], [-0.696865975856781, 0.019441882148385048, 0.716937780380249, 1.862645149230957e-09], [0.0, 0.0, 0.0, 1.0]]}, "carpals": {"matrix": [[-0.12194208800792694, -0.8212352991104126, -0.5574067831039429, 1.1450395584106445], [-0.30871403217315674, -0.5023594498634338, 0.8076697587966919, 1.4465155601501465], [-0.9433057308197021, 0.27056819200515747, -0.19226808845996857, -1.637516975402832], [0.0, 0.0, 0.0, 1.0]]}, "metacarpals": {"matrix": [[-0.25866323709487915, -0.9570436477661133, -0.13099750876426697, 0.3451613187789917], [-0.66716468334198, 0.07892952859401703, 0.7407166957855225, 0.9572205543518066], [-0.6985589265823364, 0.27899307012557983, -0.658922016620636, -1.3739851713180542], [0.0, 0.0, 0.0, 1.0]]}, "finger5joint1": {"matrix": [[-0.1956506222486496, -0.9768640398979187, 0.08635356277227402, -0.10171949863433838], [-0.6919875144958496, 0.19991452991962433, 0.6936765909194946, 0.8146209120750427], [-0.6948914527893066, 0.07596265524625778, -0.7150912284851074, -0.8211401700973511], [0.0, 0.0, 0.0, 1.0]]}, "finger5joint2": {"matrix": [[0.2568598985671997, -0.9652805924415588, -0.04749106243252754, -1.1335539817810059], [0.6991816163063049, 0.1516774743795395, 0.6986691355705261, 1.0257850885391235], [-0.667208731174469, -0.21266508102416992, 0.7138668298721313, -0.7409029006958008], [0.0, 0.0, 0.0, 1.0]]}, "finger5joint3": {"matrix": [[0.16784735023975372, -0.9600996971130371, -0.22368481755256653, -1.7970253229141235], [0.6707583665847778, -0.05505545809864998, 0.7396293878555298, 1.1300383806228638], [-0.72243332862854, -0.2741834819316864, 0.6347544193267822, -0.8870750665664673], [0.0, 0.0, 0.0, 1.0]]}, "Bone": {"matrix": [[0.9132118821144104, -0.3900523781776428, -0.11790970712900162, -1.1490495204925537], [-0.24339230358600616, -0.7542016506195068, 0.6098686456680298, 1.080451488494873], [-0.32680845260620117, -0.5282413363456726, -0.7836818695068359, -0.9383995532989502], [0.0, 0.0, 0.0, 1.0]]}, "finger1joint1": {"matrix": [[0.24304518103599548, -0.7578786611557007, -0.6054325103759766, -1.4736462831497192], [-0.442129522562027, -0.6420962810516357, 0.6262855529785156, 0.4528141915798187], [-0.8633947372436523, 0.11546377837657928, -0.49113908410072327, -1.377995491027832], [0.0, 0.0, 0.0, 1.0]]}, "finger1joint2": {"matrix": [[0.4309420585632324, -0.5654277801513672, -0.7032637596130371, -1.9019829034805298], [-0.598882257938385, -0.7621777057647705, 0.2458152174949646, 0.08991527557373047], [-0.675002932548523, 0.3152400255203247, -0.6670792698860168, -1.3127379417419434], [0.0, 0.0, 0.0, 1.0]]}, "finger1joint3": {"matrix": [[0.3779570758342743, -0.1770068258047104, -0.9087445139884949, -2.1443724632263184], [-0.54254150390625, -0.8377021551132202, -0.06247996166348457, -0.23681777715682983], [-0.7501981258392334, 0.5166463255882263, -0.4126491844654083, -1.177599549293518], [0.0, 0.0, 0.0, 1.0]]}, "Bone.001": {"matrix": [[0.7067323923110962, -0.7063326239585876, 0.04028650373220444, -1.1490496397018433], [-0.4104712903499603, -0.36299219727516174, 0.836510419845581, 1.080451488494873], [-0.576231062412262, -0.6077257394790649, -0.5464677214622498, -0.9383994340896606], [0.0, 0.0, 0.0, 1.0]]}, "finger2joint1": {"matrix": [[-0.13440950214862823, -0.7140377163887024, -0.6870834827423096, -1.5967822074890137], [-0.6879637241363525, -0.43179550766944885, 0.5833165645599365, 0.8503566980361938], [-0.7131898999214172, 0.5510919094085693, -0.4331948161125183, -1.32362699508667], [0.0, 0.0, 0.0, 1.0]]}, "finger2joint2": {"matrix": [[-0.13435758650302887, -0.21768692135810852, -0.9667264223098755, -2.214531183242798], [-0.7751427292823792, -0.5846767425537109, 0.2393881380558014, 0.476789265871048], [-0.6173344254493713, 0.7815146446228027, -0.09018279612064362, -0.8468502759933472], [0.0, 0.0, 0.0, 1.0]]}, "finger2joint3": {"matrix": [[-0.071518175303936, 0.21869005262851715, -0.9731696844100952, -2.297168731689453], [-0.855356752872467, -0.5153265595436096, -0.052943672984838486, 0.25483641028404236], [-0.5130786895751953, 0.8286210894584656, 0.22391316294670105, -0.5501745939254761], [0.0, 0.0, 0.0, 1.0]]}, "Bone.002": {"matrix": [[0.013342410326004028, -0.9876787662506104, 0.15592366456985474, -1.1490495204925537], [-0.5604243278503418, 0.12175659090280533, 0.8192067742347717, 1.0804516077041626], [-0.8280981779098511, -0.09831371158361435, -0.5518947839736938, -0.9383995532989502], [0.0, 0.0, 0.0, 1.0]]}, "finger3joint1": {"matrix": [[0.6072266697883606, -0.6419861316680908, 0.4681122601032257, -1.5653659105300903], [-0.6243544816970825, -0.021180102601647377, 0.7808539271354675, 1.1317729949951172], [-0.4913829565048218, -0.7664236426353455, -0.41368797421455383, -0.9798397421836853], [0.0, 0.0, 0.0, 1.0]]}, "finger3joint2": {"matrix": [[0.4794526994228363, -0.3067973852157593, -0.8221921920776367, -2.1285042762756348], [-0.6496644616127014, -0.7539408802986145, -0.09751517325639725, 1.1131943464279175], [-0.5899671316146851, 0.5809030532836914, -0.5607946515083313, -1.652132272720337], [0.0, 0.0, 0.0, 1.0]]}, "finger3joint3": {"matrix": [[0.59506756067276, 0.448782742023468, -0.6666993498802185, -2.3270270824432373], [-0.6606084704399109, -0.1993049681186676, -0.7237913608551025, 0.6253340244293213], [-0.45770177245140076, 0.8711323738098145, 0.1778697520494461, -1.2762415409088135], [0.0, 0.0, 0.0, 1.0]]}, "Bone.003": {"matrix": [[-0.41517558693885803, -0.3689044713973999, 0.8315878510475159, -1.1490494012832642], [0.1294795423746109, 0.880825936794281, 0.4553906321525574, 1.080451488494873], [-0.9004799723625183, 0.2967408299446106, -0.3179318606853485, -0.9383995532989502], [0.0, 0.0, 0.0, 1.0]]}, "finger4joint1": {"matrix": [[-0.28795164823532104, -0.9575113654136658, 0.015974784269928932, -1.307168960571289], [-0.6668300032615662, 0.21245220303535461, 0.7142838835716248, 1.4579906463623047], [-0.6873292326927185, 0.19502684473991394, -0.6996734738349915, -0.811210572719574], [0.0, 0.0, 0.0, 1.0]]}, "finger4joint2": {"matrix": [[-0.3094629645347595, -0.274945467710495, -0.9102949500083923, -2.258321523666382], [-0.6478673815727234, -0.6397650241851807, 0.41348305344581604, 1.6690318584442139], [-0.6960605382919312, 0.71770840883255, 0.01985536701977253, -0.6174789667129517], [0.0, 0.0, 0.0, 1.0]]}, "finger4joint3": {"matrix": [[-0.272187203168869, 0.5247860550880432, -0.8065438270568848, -2.3729910850524902], [-0.598423182964325, -0.7487001419067383, -0.28519731760025024, 1.4022096395492554], [-0.7535274028778076, 0.4050276577472687, 0.5178309082984924, -0.3181493878364563], [0.0, 0.0, 0.0, 1.0]]}}