{"root": {"matrix": [[0.3479735851287842, -0.7504757046699524, -0.5618724226951599, 0.0], [-0.8602437973022461, -0.01734737679362297, -0.509587824344635, 0.0], [0.3726861774921417, 0.6606703400611877, -0.6516284942626953, 0.0], [0.0, 0.0, 0.0, 1.0]]}, "carpals": {"matrix": [[0.6510419249534607, -0.6702461242675781, -0.356250524520874, 0.11552459001541138], [0.7297022342681885, 0.4234306216239929, 0.5368805527687073, -1.9051076173782349], [-0.20899467170238495, -0.6094886660575867, 0.7647513747215271, 1.5627551078796387], [0.0, 0.0, 0.0, 1.0]]}, "metacarpals": {"matrix": [[0.5448029637336731, -0.6923695802688599, 0.4730897843837738, -0.5372911691665649], [0.27041879296302795, 0.6790848970413208, 0.6824345588684082, -1.4926886558532715], [-0.7937651872634888, -0.24386000633239746, 0.5571973919868469, 0.9691168069839478], [0.0, 0.0, 0.0, 1.0]]}, "finger5joint1": {"matrix": [[0.6668788194656372, -0.7248830795288086, -0.17267604172229767, -1.2226132154464722], [0.3995523452758789, 0.15224143862724304, 0.9039800763130188, -1.4333364963531494], [-0.6289915442466736, -0.6718384623527527, 0.391155481338501, 0.7400190234184265], [0.0, 0.0, 0.0, 1.0]]}, "finger5joint2": {"matrix": [[-0.2121414691209793, -0.2999922037124634, -0.9300539493560791, -1.9882872104644775], [0.9420130848884583, 0.19044625759124756, -0.27629852294921875, -1.272528052330017], [0.2600129246711731, -0.934737503528595, 0.24219515919685364, 0.03037470579147339], [0.0, 0.0, 0.0, 1.0]]}, "finger5joint3": {"matrix": [[-0.18769438564777374, -0.06886856257915497, -0.9798099398612976, -2.1944823265075684], [0.9694547653198242, 0.14735671877861023, -0.1960681974887848, -1.1416276693344116], [0.15788471698760986, -0.9866825938224792, 0.03910701349377632, -0.6121031045913696], [0.0, 0.0, 0.0, 1.0]]}, "Bone": {"matrix": [[0.7256913185119629, 0.33947935700416565, 0.5984360575675964, -1.618272304534912], [-0.6844173073768616, 0.26729562878608704, 0.6783255338668823, -0.43244868516921997], [0.07031818479299545, -0.9018351435661316, 0.42631983757019043, 0.588383674621582], [0.0, 0.0, 0.0, 1.0]]}, "finger1joint1": {"matrix": [[0.7201080322265625, -0.6938297748565674, -0.006668227259069681, -1.3357617855072021], [0.15621241927146912, 0.1527501344680786, 0.9758404493331909, -0.21000856161117554], [-0.676048755645752, -0.7037524580955505, 0.21838152408599854, -0.16211238503456116], [0.0, 0.0, 0.0, 1.0]]}, "finger1joint2": {"matrix": [[0.7016773819923401, -0.6955965757369995, -0.15425357222557068, -1.7278993129730225], [-0.15139339864253998, -0.35711294412612915, 0.9217103719711304, -0.12367749214172363], [-0.6962246894836426, -0.6233905553817749, -0.3558868169784546, -0.559857964515686], [0.0, 0.0, 0.0, 1.0]]}, "finger1joint3": {"matrix": [[0.7074927091598511, -0.5075114369392395, -0.49181920289993286, -2.026089906692505], [-0.04406680911779404, -0.7262431383132935, 0.6860237717628479, -0.27676594257354736], [-0.7053454518318176, -0.46368408203125, -0.5361762046813965, -0.8270952701568604], [0.0, 0.0, 0.0, 1.0]]}, "Bone.001": {"matrix": [[0.8629331588745117, 0.23797248303890228, 0.4457748532295227, -1.6182721853256226], [-0.4685715436935425, 0.7070877552032471, 0.52959144115448, -0.43244868516921997], [-0.18917375802993774, -0.6658795475959778, 0.7216768264770508, 0.588383674621582], [0.0, 0.0, 0.0, 1.0]]}, "finger2joint1": {"matrix": [[0.6162899136543274, -0.257453054189682, 0.744247555732727, -1.4674253463745117], [0.1685602366924286, 0.9662750363349915, 0.1946779042482376, 0.015762686729431152], [-0.7692683339118958, 0.005472563207149506, 0.6389021873474121, 0.16629353165626526], [0.0, 0.0, 0.0, 1.0]]}, "finger2joint2": {"matrix": [[0.5190569162368774, -0.8418661952018738, 0.14778712391853333, -1.6901605129241943], [0.2365363985300064, 0.30762824416160583, 0.9216370582580566, 0.8517345190048218], [-0.8213587999343872, -0.44342517852783203, 0.3588087260723114, 0.17102810740470886], [0.0, 0.0, 0.0, 1.0]]}, "finger2joint3": {"matrix": [[0.40377622842788696, -0.36299699544906616, -0.8397604823112488, -2.009746551513672], [0.18695610761642456, -0.8658028244972229, 0.46414682269096375, 0.9685152769088745], [-0.8955511450767517, -0.3444099724292755, -0.281726211309433, 0.0026966333389282227], [0.0, 0.0, 0.0, 1.0]]}, "Bone.002": {"matrix": [[0.7773308157920837, -0.3752579689025879, 0.5049140453338623, -1.618272304534912], [0.14889390766620636, 0.8895482420921326, 0.4318959414958954, -0.43244868516921997], [-0.6112179160118103, -0.26054733991622925, 0.7473470568656921, 0.588383674621582], [0.0, 0.0, 0.0, 1.0]]}, "finger3joint1": {"matrix": [[0.8848146200180054, 0.05347061902284622, 0.4628649652004242, -1.7764472961425781], [-0.3654645085334778, 0.6958574056625366, 0.6182376146316528, -0.05749523639678955], [-0.28903064131736755, -0.7161864638328552, 0.6352465748786926, 0.47856035828590393], [0.0, 0.0, 0.0, 1.0]]}, "finger3joint2": {"matrix": [[0.8635076880455017, -0.4070027470588684, 0.2978307902812958, -1.729543685913086], [-0.2745407521724701, 0.11603311449289322, 0.9545487761497498, 0.5528980493545532], [-0.42306235432624817, -0.9060270190238953, -0.011543286964297295, -0.1496652364730835], [0.0, 0.0, 0.0, 1.0]]}, "finger3joint3": {"matrix": [[0.7798541188240051, -0.5780434012413025, 0.24019446969032288, -1.9929072856903076], [-0.4250520169734955, -0.20732353627681732, 0.8811057209968567, 0.6279808282852173], [-0.45951953530311584, -0.7892292737960815, -0.407380610704422, -0.7359374165534973], [0.0, 0.0, 0.0, 1.0]]}, "Bone.003": {"matrix": [[0.5977147817611694, -0.4919823110103607, 0.6330011487007141, -1.618272304534912], [0.7894341349601746, 0.4988168179988861, -0.35773614048957825, -0.43244868516921997], [-0.13975165784358978, 0.7135370373725891, 0.6865379810333252, 0.588383674621582], [0.0, 0.0, 0.0, 1.0]]}, "finger4joint1": {"matrix": [[0.7904802560806274, -0.06173264980316162, 0.6093684434890747, -1.8291454315185547], [-0.23194622993469238, 0.8906362652778625, 0.3911103904247284, -0.2186461091041565], [-0.5668700933456421, -0.4505057632923126, 0.6897119879722595, 0.8942195177078247], [0.0, 0.0, 0.0, 1.0]]}, "finger4joint2": {"matrix": [[0.8004769086837769, -0.3086743950843811, 0.5137670636177063, -1.8904682397842407], [-0.203873410820961, 0.6658480167388916, 0.7176917195320129, 0.6660754680633545], [-0.5636239647865295, -0.6792392134666443, 0.47006577253341675, 0.44670557975769043], [0.0, 0.0, 0.0, 1.0]]}, "finger4joint3": {"matrix": [[0.8157636523246765, -0.37845441699028015, 0.4373803734779358, -2.01920485496521], [-0.2689940333366394, 0.421200692653656, 0.8661590814590454, 0.9437758922576904], [-0.5120267271995544, -0.8242340683937073, 0.2417984902858734, 0.16342009603977203], [0.0, 0.0, 0.0, 1.0]]}}