{"root": {"matrix": [[0.2945612370967865, -0.5441499948501587, -0.7855790853500366, 0.0], [-0.8831115961074829, 0.15912500023841858, -0.44135379791259766, 0.0], [0.36516785621643066, 0.8237596750259399, -0.4336731433868408, 5.960464477539063e-08], [0.0, 0.0, 0.0, 1.0]]}, "carpals": {"matrix": [[0.8634480237960815, -0.5034555196762085, 0.03146250918507576, 0.22183939814567566], [0.3445090055465698, 0.6341091990470886, 0.6922562122344971, -1.791759967803955], [-0.3684708774089813, -0.5868881940841675, 0.7209655046463013, 1.6808831691741943], [0.0, 0.0, 0.0, 1.0]]}, "metacarpals": {"matrix": [[0.2521689236164093, -0.7127557992935181, 0.6545149683952332, -0.26852333545684814], [-0.11117958277463913, 0.6505542397499084, 0.7512774467468262, -1.1741414070129395], [-0.9612751007080078, -0.26221755146980286, 0.08480577170848846, 1.109257698059082], [0.0, 0.0, 0.0, 1.0]]}, "finger5joint1": {"matrix": [[0.22820183634757996, -0.9733880758285522, 0.020964300259947777, -0.9887644052505493], [0.11064881086349487, 0.04732152074575424, 0.9927321076393127, -1.092432975769043], [-0.9673058390617371, -0.22422362864017487, 0.11850323528051376, 1.093402624130249], [0.0, 0.0, 0.0, 1.0]]}, "finger5joint2": {"matrix": [[-0.01934519223868847, -0.3779008090496063, -0.9256436824798584, -2.0169272422790527], [0.9998069405555725, -0.004217811394482851, -0.01917320303618908, -1.04244863986969], [0.003341512754559517, -0.9258361458778381, 0.37790971994400024, 0.8565613031387329], [0.0, 0.0, 0.0, 1.0]]}, "finger5joint3": {"matrix": [[-0.00354976300150156, 0.1441291868686676, -0.9895522594451904, -2.2766716480255127], [0.9945794343948364, -0.10232235491275787, -0.01847115345299244, -1.0453475713729858], [-0.10391543805599213, -0.9842543005943298, -0.14298461377620697, 0.22020168602466583], [0.0, 0.0, 0.0, 1.0]]}, "Bone": {"matrix": [[0.6852142810821533, 0.022397460415959358, 0.7279969453811646, -1.3813328742980957], [-0.7210976481437683, -0.11975552141666412, 0.6824048161506653, -0.1584455966949463], [0.10246577113866806, -0.9925506711006165, -0.06590737402439117, 0.6998633146286011], [0.0, 0.0, 0.0, 1.0]]}, "finger1joint1": {"matrix": [[0.7811667919158936, -0.539034903049469, 0.3149915337562561, -1.3626940250396729], [-0.3044598698616028, 0.11156629025936127, 0.9459686279296875, -0.2581046521663666], [-0.545052707195282, -0.8348618149757385, -0.07696252316236496, -0.12612509727478027], [0.0, 0.0, 0.0, 1.0]]}, "finger1joint2": {"matrix": [[0.6587969660758972, -0.6969531178474426, 0.28327175974845886, -1.6673449277877808], [-0.5801805853843689, -0.23096325993537903, 0.7810544371604919, -0.19504982233047485], [-0.47893309593200684, -0.6789052486419678, -0.5565165281295776, -0.5979709625244141], [0.0, 0.0, 0.0, 1.0]]}, "finger1joint3": {"matrix": [[0.7092210054397583, -0.6754288077354431, -0.2019936740398407, -1.9661171436309814], [-0.48923203349113464, -0.6778353452682495, 0.5488086342811584, -0.2940599322319031], [-0.5075997710227966, -0.2904049754142761, -0.8111765384674072, -0.8890064358711243], [0.0, 0.0, 0.0, 1.0]]}, "Bone.001": {"matrix": [[0.7331503033638, 0.020322730764746666, 0.6797627806663513, -1.3813329935073853], [-0.6332771182060242, 0.3847500681877136, 0.6715109348297119, -0.1584455966949463], [-0.24789190292358398, -0.9227968454360962, 0.2949497103691101, 0.6998633146286011], [0.0, 0.0, 0.0, 1.0]]}, "finger2joint1": {"matrix": [[0.32455143332481384, -0.21049420535564423, 0.9221487641334534, -1.36845064163208], [-0.20793040096759796, 0.9351972341537476, 0.28665411472320557, 0.08544117212295532], [-0.9227302074432373, -0.2847767770290375, 0.2597515881061554, 0.11491748690605164], [0.0, 0.0, 0.0, 1.0]]}, "finger2joint2": {"matrix": [[0.21757353842258453, -0.9621439576148987, 0.16413608193397522, -1.5505595207214355], [-0.14810411632061005, 0.1336730271577835, 0.9798960089683533, 0.8945261240005493], [-0.9647418260574341, -0.23750871419906616, -0.11341368407011032, -0.13145685195922852], [0.0, 0.0, 0.0, 1.0]]}, "finger2joint3": {"matrix": [[0.09024011343717575, -0.5622327327728271, -0.8220406770706177, -1.9158053398132324], [-0.21875491738319397, -0.8164402842521667, 0.5343883633613586, 0.9452705383300781], [-0.9715980291366577, 0.13160213828086853, -0.19666688144207, -0.22161905467510223], [0.0, 0.0, 0.0, 1.0]]}, "Bone.002": {"matrix": [[0.5288821458816528, -0.4136636555194855, 0.7410573363304138, -1.3813329935073853], [-0.19612817466259003, 0.7899647355079651, 0.5809381008148193, -0.15844561159610748], [-0.825722336769104, -0.4525899887084961, 0.3366672694683075, 0.6998633146286011], [0.0, 0.0, 0.0, 1.0]]}, "finger3joint1": {"matrix": [[0.6787320971488953, 0.0012665113899856806, 0.7343848347663879, -1.5556962490081787], [-0.6504948735237122, 0.46516573429107666, 0.6003972291946411, 0.17453241348266602], [-0.3408505320549011, -0.8852225542068481, 0.31654688715934753, 0.5090920925140381], [0.0, 0.0, 0.0, 1.0]]}, "finger3joint2": {"matrix": [[0.6413872241973877, -0.5769039988517761, 0.5057709217071533, -1.5545854568481445], [-0.5915534496307373, 0.0479276143014431, 0.8048397898674011, 0.5825672149658203], [-0.4885559380054474, -0.8154045343399048, -0.3105294108390808, -0.2674087882041931], [0.0, 0.0, 0.0, 1.0]]}, "finger3joint3": {"matrix": [[0.5177767872810364, -0.7770201563835144, 0.3579760789871216, -1.9278886318206787], [-0.7153574228286743, -0.16372843086719513, 0.6793057918548584, 0.6135802865028381], [-0.46922367811203003, -0.6078097224235535, -0.6406219601631165, -0.795041024684906], [0.0, 0.0, 0.0, 1.0]]}, "Bone.003": {"matrix": [[0.5392177104949951, -0.20591701567173004, 0.8166042566299438, -1.3813328742980957], [0.5881121754646301, 0.7861180305480957, -0.1901109665632248, -0.1584455966949463], [-0.602800190448761, 0.5827662944793701, 0.5449910759925842, 0.6998633146286011], [0.0, 0.0, 0.0, 1.0]]}, "finger4joint1": {"matrix": [[0.4738895893096924, -0.11975611001253128, 0.8724030256271362, -1.4695929288864136], [-0.4888724982738495, 0.7882311940193176, 0.3737574517726898, 0.17849981784820557], [-0.7324152588844299, -0.6036136150360107, 0.3149891793727875, 0.9496482610702515], [0.0, 0.0, 0.0, 1.0]]}, "finger4joint2": {"matrix": [[0.4877776801586151, -0.6325798034667969, 0.6015942096710205, -1.588553786277771], [-0.4633667767047882, 0.3964290916919708, 0.7925493717193604, 0.9614964723587036], [-0.7398403882980347, -0.6653467416763306, -0.09974706918001175, 0.35004323720932007], [0.0, 0.0, 0.0, 1.0]]}, "finger4joint3": {"matrix": [[0.529820442199707, -0.804415762424469, 0.2687106430530548, -1.852379322052002], [-0.5062608122825623, -0.045776620507240295, 0.8611642122268677, 1.1268322467803955], [-0.6804336309432983, -0.5923002362251282, -0.4314975142478943, 0.07255183160305023], [0.0, 0.0, 0.0, 1.0]]}}