{"root": {"matrix": [[0.3879513740539551, -0.8332861661911011, -0.3938627541065216, -5.960464477539063e-08], [-0.571038007736206, 0.11812442541122437, -0.8123805522918701, 7.450580596923828e-09], [0.7234702706336975, 0.5400747656822205, -0.4300116300582886, 5.960464477539063e-08], [0.0, 0.0, 0.0, 1.0]]}, "carpals": {"matrix": [[0.6929099559783936, -0.4770023226737976, -0.5406888127326965, 0.10598835349082947], [0.6791026592254639, 0.1797807514667511, 0.7116867899894714, -1.084432601928711], [-0.24227069318294525, -0.8603182435035706, 0.44850561022758484, 2.213087797164917], [0.0, 0.0, 0.0, 1.0]]}, "metacarpals": {"matrix": [[0.49612486362457275, -0.8032561540603638, 0.3296051323413849, -0.35860908031463623], [0.09612688422203064, 0.4281015396118164, 0.8986035585403442, -0.9093271493911743], [-0.8629133701324463, -0.4141356647014618, 0.2896065413951874, 1.375143051147461], [0.0, 0.0, 0.0, 1.0]]}, "finger5joint1": {"matrix": [[0.25444671511650085, -0.9531837105751038, -0.16339366137981415, -1.0396443605422974], [0.28420114517211914, -0.08779411017894745, 0.9547363519668579, -1.0515459775924683], [-0.9243842363357544, -0.289366215467453, 0.2485572248697281, 1.1710853576660156], [0.0, 0.0, 0.0, 1.0]]}, "finger5joint2": {"matrix": [[-0.20202751457691193, -0.3427019715309143, -0.9174637198448181, -2.0464658737182617], [0.9705021977424622, 0.05579187348484993, -0.23454685509204865, -1.1442805528640747], [0.13156695663928986, -0.9377856254577637, 0.3213217258453369, 0.8654358386993408], [0.0, 0.0, 0.0, 1.0]]}, "finger5joint3": {"matrix": [[-0.18232034146785736, 0.15786492824554443, -0.9704830646514893, -2.2820169925689697], [0.982906699180603, 0.05491551011800766, -0.17572152614593506, -1.1059328317642212], [0.02555454522371292, -0.9859322905540466, -0.16517862677574158, 0.22086289525032043], [0.0, 0.0, 0.0, 1.0]]}, "Bone": {"matrix": [[0.8394607305526733, 0.2965446710586548, 0.4553753435611725, -1.6127147674560547], [-0.48255977034568787, 0.021458858624100685, 0.8755999207496643, -0.2409418225288391], [0.24988260865211487, -0.9547777771949768, 0.16111458837985992, 0.7285622954368591], [0.0, 0.0, 0.0, 1.0]]}, "finger1joint1": {"matrix": [[0.7703395485877991, -0.6375793218612671, -0.008329439908266068, -1.365934133529663], [0.04668387770652771, 0.043366797268390656, 0.9979677200317383, -0.2230840027332306], [-0.6359225511550903, -0.7691629528999329, 0.06317204982042313, -0.06599202752113342], [0.0, 0.0, 0.0, 1.0]]}, "finger1joint2": {"matrix": [[0.7488943934440613, -0.6619802117347717, 0.03064853884279728, -1.7262799739837646], [-0.2602482736110687, -0.25125473737716675, 0.9322776198387146, -0.198574036359787], [-0.6094489097595215, -0.7061538696289062, -0.36044231057167053, -0.5007062554359436], [0.0, 0.0, 0.0, 1.0]]}, "finger1joint3": {"matrix": [[0.7719272971153259, -0.5523719787597656, -0.3146638870239258, -2.0100598335266113], [-0.15510182082653046, -0.643667459487915, 0.7494233250617981, -0.3062828481197357], [-0.6164995431900024, -0.5296955704689026, -0.5825383067131042, -0.8034228682518005], [0.0, 0.0, 0.0, 1.0]]}, "Bone.001": {"matrix": [[0.9377561211585999, 0.11148988455533981, 0.32891207933425903, -1.6127147674560547], [-0.3400189280509949, 0.4875681400299072, 0.8041542172431946, -0.2409418225288391], [-0.07071201503276825, -0.8659369945526123, 0.49512892961502075, 0.7285622954368591], [0.0, 0.0, 0.0, 1.0]]}, "finger2joint1": {"matrix": [[0.8757532238960266, -0.24075108766555786, 0.418443500995636, -1.5420432090759277], [-0.14277558028697968, 0.6988358497619629, 0.7008874416351318, 0.06811964511871338], [-0.461162805557251, -0.6735479235649109, 0.5776346325874329, 0.17965900897979736], [0.0, 0.0, 0.0, 1.0]]}, "finger2joint2": {"matrix": [[0.8079610466957092, -0.3826921880245209, 0.44804632663726807, -1.750328779220581], [-0.1431511491537094, 0.6101199984550476, 0.7792695164680481, 0.6727167963981628], [-0.5715824961662292, -0.6937576532363892, 0.43817055225372314, -0.40306028723716736], [0.0, 0.0, 0.0, 1.0]]}, "finger2joint3": {"matrix": [[0.7154474258422852, -0.5765728950500488, 0.394586443901062, -1.8956050872802734], [-0.14128081500530243, 0.4337110221385956, 0.8899067640304565, 0.9043283462524414], [-0.684232771396637, -0.6924290060997009, 0.2288389652967453, -0.6664220690727234], [0.0, 0.0, 0.0, 1.0]]}, "Bone.002": {"matrix": [[0.744599461555481, -0.530722975730896, 0.40485143661499023, -1.6127147674560547], [0.08363752067089081, 0.6759064793586731, 0.7322260141372681, -0.2409418523311615], [-0.6622509360313416, -0.5113542079925537, 0.5476681590080261, 0.7285622954368591], [0.0, 0.0, 0.0, 1.0]]}, "finger3joint1": {"matrix": [[0.8882037401199341, 0.09467420727014542, 0.44958972930908203, -1.836419939994812], [-0.39491885900497437, 0.6574049592018127, 0.6417612433433533, 0.04395949840545654], [-0.23480452597141266, -0.7475661635398865, 0.6212983131408691, 0.5130213499069214], [0.0, 0.0, 0.0, 1.0]]}, "finger3joint2": {"matrix": [[0.8738817572593689, -0.3771049380302429, 0.30679380893707275, -1.753373384475708], [-0.3105948269367218, 0.05238316208124161, 0.9490978121757507, 0.6206230521202087], [-0.3739805221557617, -0.9246878623962402, -0.07135000824928284, -0.14272987842559814], [0.0, 0.0, 0.0, 1.0]]}, "finger3joint3": {"matrix": [[0.7900435924530029, -0.563368022441864, 0.24175922572612762, -1.997390627861023], [-0.4627889096736908, -0.2894316613674164, 0.8378874659538269, 0.6545191407203674], [-0.40206649899482727, -0.7738512754440308, -0.4893839955329895, -0.741077184677124], [0.0, 0.0, 0.0, 1.0]]}, "Bone.003": {"matrix": [[0.4420355260372162, -0.5864635705947876, 0.6787230968475342, -1.6127147674560547], [0.7976516485214233, 0.6031160354614258, 0.001643247320316732, -0.2409418225288391], [-0.410312294960022, 0.5406584143638611, 0.7343924045562744, 0.7285622358322144], [0.0, 0.0, 0.0, 1.0]]}, "finger4joint1": {"matrix": [[0.7502326369285583, 0.05898018181324005, 0.6585378646850586, -1.8640844821929932], [-0.34538519382476807, 0.884272038936615, 0.31427937746047974, 0.017565369606018066], [-0.5637906193733215, -0.46323174238204956, 0.6837807893753052, 0.960299015045166], [0.0, 0.0, 0.0, 1.0]]}, "finger4joint2": {"matrix": [[0.7639639973640442, -0.36978164315223694, 0.5287913084030151, -1.8054962158203125], [-0.31889089941978455, 0.4960620403289795, 0.807607889175415, 0.8959649801254272], [-0.5609520673751831, -0.7856101393699646, 0.26105383038520813, 0.5001435279846191], [0.0, 0.0, 0.0, 1.0]]}, "finger4joint3": {"matrix": [[0.7842408418655396, -0.5303919315338135, 0.3219478130340576, -1.959718108177185], [-0.3708028197288513, 0.015378418378531933, 0.9285839796066284, 1.1028540134429932], [-0.497464656829834, -0.8476128578186035, -0.18461020290851593, 0.17249473929405212], [0.0, 0.0, 0.0, 1.0]]}}