{"root": {"matrix": [[0.32049593329429626, -0.8464335203170776, -0.4252442419528961, 0.0], [-0.3482818305492401, 0.3121822774410248, -0.8838789463043213, 0.0], [0.8808984756469727, 0.43138447403907776, -0.19474433362483978, 0.0], [0.0, 0.0, 0.0, 1.0]]}, "carpals": {"matrix": [[0.4250251054763794, -0.8768023252487183, -0.2248804271221161, -0.05590111017227173], [0.497398316860199, 0.01866227202117443, 0.8673213720321655, -0.3826899528503418], [-0.756272554397583, -0.4804885685443878, 0.44405215978622437, 2.436269521713257], [0.0, 0.0, 0.0, 1.0]]}, "metacarpals": {"matrix": [[0.6445438861846924, -0.572319507598877, 0.5069648623466492, -0.9099013209342957], [-0.30887001752853394, 0.4116481840610504, 0.8574058413505554, -0.36451297998428345], [-0.6994013786315918, -0.7092219591140747, 0.08855319023132324, 1.9682765007019043], [0.0, 0.0, 0.0, 1.0]]}, "finger5joint1": {"matrix": [[0.6783397197723389, -0.6144989132881165, 0.4027979373931885, -1.5581507682800293], [-0.25660470128059387, 0.3155600130558014, 0.9135510921478271, -0.428110808134079], [-0.6884831786155701, -0.7230578064918518, 0.05637376755475998, 1.6498382091522217], [0.0, 0.0, 0.0, 1.0]]}, "finger5joint2": {"matrix": [[0.42824292182922363, -0.10247893631458282, -0.8978338837623596, -2.207228899002075], [0.8933330774307251, 0.19780980050563812, 0.40351802110671997, -0.09479351341724396], [0.13624843955039978, -0.9748684167861938, 0.17625871300697327, 0.8860922455787659], [0.0, 0.0, 0.0, 1.0]]}, "finger5joint3": {"matrix": [[0.4655829071998596, 0.21622014045715332, -0.8581846952438354, -2.2776663303375244], [0.8843221664428711, -0.07560491561889648, 0.4607142508029938, 0.04116809740662575], [0.03473290428519249, -0.9734126329421997, -0.22640842199325562, 0.2160310298204422], [0.0, 0.0, 0.0, 1.0]]}, "Bone": {"matrix": [[0.6200587749481201, 0.451107919216156, 0.6418944597244263, -1.8034508228302002], [-0.5254365801811218, -0.3688015341758728, 0.7667473554611206, 0.2781841456890106], [0.5826174020767212, -0.812703549861908, 0.008350113406777382, 0.8609840869903564], [0.0, 0.0, 0.0, 1.0]]}, "finger1joint1": {"matrix": [[0.7261967658996582, -0.5941976308822632, 0.345784991979599, -1.4280445575714111], [-0.33415669202804565, 0.13448397815227509, 0.932873547077179, -0.0287279412150383], [-0.6008139848709106, -0.7929961681365967, -0.1008930653333664, 0.18466222286224365], [0.0, 0.0, 0.0, 1.0]]}, "finger1joint2": {"matrix": [[0.5981760621070862, -0.748646080493927, -0.28585708141326904, -1.7638720273971558], [-0.6049328446388245, -0.6557999849319458, 0.4516441524028778, 0.04727950692176819], [-0.5255869626998901, -0.09723858535289764, -0.8451643586158752, -0.26352202892303467], [0.0, 0.0, 0.0, 1.0]]}, "finger1joint3": {"matrix": [[0.5932118892669678, -0.34343528747558594, -0.7281152009963989, -2.0848042964935303], [-0.5316146612167358, -0.8463061451911926, -0.033935267478227615, -0.23385116457939148], [-0.6045540571212769, 0.40720728039741516, -0.6846141219139099, -0.3052065968513489], [0.0, 0.0, 0.0, 1.0]]}, "Bone.001": {"matrix": [[0.8072015047073364, 0.387643426656723, 0.44514942169189453, -1.8034509420394897], [-0.5249119997024536, 0.12646612524986267, 0.8417086005210876, 0.27818411588668823], [0.26998642086982727, -0.913092851638794, 0.3055625557899475, 0.8609840869903564], [0.0, 0.0, 0.0, 1.0]]}, "finger2joint1": {"matrix": [[0.9523820281028748, -0.28853195905685425, 0.09857754409313202, -1.557729959487915], [-0.22551995515823364, -0.4489996135234833, 0.8646038174629211, 0.35834893584251404], [-0.20520462095737457, -0.8456645607948303, -0.49268877506256104, 0.2821894586086273], [0.0, 0.0, 0.0, 1.0]]}, "finger2joint2": {"matrix": [[0.9091853499412537, -0.3950130343437195, 0.13170623779296875, -1.8073530197143555], [-0.3441310226917267, -0.5347496867179871, 0.7717617750167847, -0.030102595686912537], [-0.23442621529102325, -0.7469988465309143, -0.6221227645874023, -0.4494363069534302], [0.0, 0.0, 0.0, 1.0]]}, "finger2joint3": {"matrix": [[0.8424488306045532, -0.5310648679733276, 0.0908285453915596, -1.9573065042495728], [-0.4707677662372589, -0.6435854434967041, 0.60346919298172, -0.23310235142707825], [-0.26202547550201416, -0.5511512756347656, -0.7921960353851318, -0.7330093383789062], [0.0, 0.0, 0.0, 1.0]]}, "Bone.002": {"matrix": [[0.8417608141899109, -0.2300577461719513, 0.48837700486183167, -1.8034509420394897], [-0.3012385666370392, 0.5505496263504028, 0.7785565257072449, 0.2781841456890106], [-0.4479888379573822, -0.8024762272834778, 0.3941289782524109, 0.8609840869903564], [0.0, 0.0, 0.0, 1.0]]}, "finger3joint1": {"matrix": [[0.8108205795288086, 0.2239285558462143, 0.5407642722129822, -1.90042245388031], [-0.5801275968551636, 0.4299708902835846, 0.6917924880981445, 0.5102463364601135], [-0.07760105282068253, -0.8746317028999329, 0.4785365164279938, 0.5227322578430176], [0.0, 0.0, 0.0, 1.0]]}, "finger3joint2": {"matrix": [[0.8144322633743286, -0.41006189584732056, 0.4105476438999176, -1.7039965391159058], [-0.5312356352806091, -0.24229922890663147, 0.8118371963500977, 0.8874087929725647], [-0.23342835903167725, -0.8792839050292969, -0.4151756167411804, -0.24447846412658691], [0.0, 0.0, 0.0, 1.0]]}, "finger3joint3": {"matrix": [[0.7124321460723877, -0.6502771377563477, 0.2637803554534912, -1.9693394899368286], [-0.6715499758720398, -0.5227105021476746, 0.52516108751297, 0.7306217551231384], [-0.20361971855163574, -0.5512834191322327, -0.8090892434120178, -0.8134458065032959], [0.0, 0.0, 0.0, 1.0]]}, "Bone.003": {"matrix": [[0.7065095901489258, -0.48396894335746765, 0.5163508653640747, -1.8034510612487793], [0.5011770129203796, 0.8572917580604553, 0.11778092384338379, 0.27818411588668823], [-0.4996654987335205, 0.1755700409412384, 0.848239004611969, 0.8609840869903564], [0.0, 0.0, 0.0, 1.0]]}, "finger4joint1": {"matrix": [[0.7093683481216431, 0.3087254464626312, 0.6336284279823303, -2.0108895301818848], [-0.5916295051574707, 0.7494301795959473, 0.2972011864185333, 0.6456360220909119], [-0.38310688734054565, -0.5856982469558716, 0.71427321434021, 0.9362368583679199], [0.0, 0.0, 0.0, 1.0]]}, "finger4joint2": {"matrix": [[0.728361964225769, -0.5016791224479675, 0.4666975736618042, -1.704214096069336], [-0.5684453248977661, -0.062128834426403046, 0.8203715085983276, 1.3900893926620483], [-0.3825680613517761, -0.8628196120262146, -0.33042919635772705, 0.35442817211151123], [0.0, 0.0, 0.0, 1.0]]}, "finger4joint3": {"matrix": [[0.7606383562088013, -0.648615300655365, 0.02696700021624565, -1.9134459495544434], [-0.573253333568573, -0.6516066193580627, 0.49677857756614685, 1.3641777038574219], [-0.30464649200439453, -0.3933280408382416, -0.8674578070640564, -0.005421847105026245], [0.0, 0.0, 0.0, 1.0]]}}