{"root": {"matrix": [[0.4761848449707031, -0.662315845489502, -0.5784338116645813, 0.0], [-0.19343706965446472, 0.5627903938293457, -0.8036473393440247, 5.960464477539063e-08], [0.8578053712844849, 0.49457529187202454, 0.13987576961517334, 0.0], [0.0, 0.0, 0.0, 1.0]]}, "carpals": {"matrix": [[0.6805552840232849, -0.7258004546165466, 0.10029011219739914, 0.49362534284591675], [-0.14367042481899261, 0.002030470408499241, 0.9896233677864075, 0.20376664400100708], [-0.7184727787971497, -0.6879021525382996, -0.10289400070905685, 2.4082770347595215], [0.0, 0.0, 0.0, 1.0]]}, "metacarpals": {"matrix": [[0.0635613203048706, -0.4276871383190155, 0.9016892910003662, -0.21329998970031738], [-0.948373556137085, 0.2554243803024292, 0.1880045235157013, 0.20574435591697693], [-0.3107207715511322, -0.8670880198478699, -0.3893720805644989, 1.738264560699463], [0.0, 0.0, 0.0, 1.0]]}, "finger5joint1": {"matrix": [[0.1481393426656723, -0.6488409042358398, 0.7463645935058594, -0.8394464254379272], [-0.9199448823928833, 0.18658755719661713, 0.3447989225387573, 0.4405752718448639], [-0.3629821836948395, -0.7376924753189087, -0.5692568421363831, 1.4581398963928223], [0.0, 0.0, 0.0, 1.0]]}, "finger5joint2": {"matrix": [[0.7427980303764343, -0.6080876588821411, -0.2801428735256195, -1.524799108505249], [0.3560848534107208, 0.004475812427699566, 0.9344426989555359, 0.6376625299453735], [-0.5669693350791931, -0.7938567399978638, 0.2198556512594223, 0.6789357662200928], [0.0, 0.0, 0.0, 1.0]]}, "finger5joint3": {"matrix": [[0.6970773935317993, -0.6169894337654114, -0.3652488589286804, -1.9427591562271118], [0.30296021699905396, -0.20824453234672546, 0.9299724698066711, 0.6407389044761658], [-0.6498443484306335, -0.7589187026023865, 0.041760917752981186, 0.13329018652439117], [0.0, 0.0, 0.0, 1.0]]}, "Bone": {"matrix": [[0.3545636534690857, -0.15311920642852783, 0.9224092960357666, -0.8810383081436157], [-0.4138214588165283, -0.9103231430053711, 0.007955430075526237, 0.6045326590538025], [0.8384723663330078, -0.38453373312950134, -0.38613155484199524, 0.3844994008541107], [0.0, 0.0, 0.0, 1.0]]}, "finger1joint1": {"matrix": [[0.37273600697517395, -0.8155712485313416, 0.4426186680793762, -1.0084621906280518], [-0.9278361797332764, -0.3205244839191437, 0.19074542820453644, -0.1530269831418991], [-0.013696648180484772, -0.4817753732204437, -0.8761875033378601, 0.06449517607688904], [0.0, 0.0, 0.0, 1.0]]}, "finger1joint2": {"matrix": [[0.23651553690433502, -0.9500557780265808, 0.20360347628593445, -1.4694054126739502], [-0.9352565407752991, -0.2794046103954315, -0.21732033789157867, -0.33418047428131104], [0.26335394382476807, -0.1390218585729599, -0.9546294212341309, -0.20779383182525635], [0.0, 0.0, 0.0, 1.0]]}, "finger1joint3": {"matrix": [[0.2906137704849243, -0.9250277280807495, -0.24467791616916656, -1.8766785860061646], [-0.941573441028595, -0.2309712916612625, -0.245136097073555, -0.45395663380622864], [0.17024387419223785, 0.3016221225261688, -0.9381048679351807, -0.2673901915550232], [0.0, 0.0, 0.0, 1.0]]}, "Bone.001": {"matrix": [[0.38799500465393066, 0.051711373031139374, 0.920209527015686, -0.8810383677482605], [-0.6933801174163818, -0.6413878202438354, 0.3283981680870056, 0.6045327186584473], [0.6071929931640625, -0.7654720544815063, -0.2129995971918106, 0.3844994306564331], [0.0, 0.0, 0.0, 1.0]]}, "finger2joint1": {"matrix": [[0.2785104513168335, -0.6389816403388977, 0.7170314788818359, -0.8482592701911926], [-0.9599676728248596, -0.16196788847446442, 0.22853471338748932, 0.19796746969223022], [-0.02989364229142666, -0.7519764304161072, -0.6585115194320679, -0.10072076320648193], [0.0, 0.0, 0.0, 1.0]]}, "finger2joint2": {"matrix": [[0.15212567150592804, -0.8550277352333069, 0.49576717615127563, -1.401073694229126], [-0.9876760840415955, -0.11284080147743225, 0.10845594853162766, 0.05784112215042114], [-0.03679031878709793, -0.5061562657356262, -0.8616564869880676, -0.7512924075126648], [0.0, 0.0, 0.0, 1.0]]}, "finger2joint3": {"matrix": [[0.008141456171870232, -0.9944339990615845, 0.10504510998725891, -1.725656270980835], [-0.9998142123222351, -0.006260752212256193, 0.018221508711576462, 0.015004903078079224], [-0.01746266707777977, -0.10517387092113495, -0.9943003058433533, -0.9434376358985901], [0.0, 0.0, 0.0, 1.0]]}, "Bone.002": {"matrix": [[0.29963162541389465, -0.12481405586004257, 0.9458553194999695, -0.8810383081436157], [-0.9492890238761902, 0.05996726453304291, 0.30863264203071594, 0.604532778263092], [-0.09524226188659668, -0.9903661012649536, -0.10051653534173965, 0.3844994306564331], [0.0, 0.0, 0.0, 1.0]]}, "finger3joint1": {"matrix": [[0.19957414269447327, -0.3506176769733429, 0.9150067567825317, -0.9336487054824829], [-0.9791586995124817, -0.03546741604804993, 0.199975848197937, 0.6298094987869263], [-0.03766237199306488, -0.9358466267585754, -0.35038870573043823, -0.032949864864349365], [0.0, 0.0, 0.0, 1.0]]}, "finger3joint2": {"matrix": [[0.1059749573469162, -0.9550774693489075, 0.2767602801322937, -1.241204023361206], [-0.9794597625732422, -0.052245140075683594, 0.19475361704826355, 0.5986981391906738], [-0.1715455949306488, -0.2917144000530243, -0.9409965872764587, -0.853857159614563], [0.0, 0.0, 0.0, 1.0]]}, "finger3joint3": {"matrix": [[0.010406868532299995, -0.9881383180618286, -0.15321357548236847, -1.8592158555984497], [-0.9996302723884583, -0.014129800722002983, 0.02323003299534321, 0.5648913383483887], [-0.02511955238878727, 0.15291525423526764, -0.987919807434082, -1.0426198244094849], [0.0, 0.0, 0.0, 1.0]]}, "Bone.003": {"matrix": [[0.6449888944625854, 0.1949658840894699, 0.7389029860496521, -0.8810383677482605], [-0.43674612045288086, 0.8874819278717041, 0.1470663994550705, 0.6045326590538025], [-0.6270901560783386, -0.41756901144981384, 0.6575665473937988, 0.3844994008541107], [0.0, 0.0, 0.0, 1.0]]}, "finger4joint1": {"matrix": [[-0.001705318340100348, -0.6880951523780823, 0.725618302822113, -0.7974721193313599], [-0.9202929139137268, 0.28496143221855164, 0.2680627107620239, 0.9849247932434082], [-0.39122605323791504, -0.6673241853713989, -0.6337350010871887, 0.20552125573158264], [0.0, 0.0, 0.0, 1.0]]}, "finger4joint2": {"matrix": [[-0.003466062480583787, -0.9905234575271606, -0.13729910552501678, -1.4809978008270264], [-0.9081708192825317, -0.05435408651828766, 0.4150553345680237, 1.267993688583374], [-0.418584942817688, 0.12612974643707275, -0.8993760943412781, -0.45737123489379883], [0.0, 0.0, 0.0, 1.0]]}, "finger4joint3": {"matrix": [[0.08089303225278854, -0.6976830363273621, -0.7118247747421265, -1.8941081762313843], [-0.9064836502075195, -0.34843382239341736, 0.2384970635175705, 1.245324730873108], [-0.4144192934036255, 0.6259648203849792, -0.6606240272521973, -0.404767245054245], [0.0, 0.0, 0.0, 1.0]]}}