{"root": {"matrix": [[0.35103142261505127, -0.8863947987556458, -0.3017965853214264, 0.0], [-0.7874919176101685, -0.10509275645017624, -0.6072989106178284, 0.0], [0.506589949131012, 0.45084336400032043, -0.7349196672439575, 0.0], [0.0, 0.0, 0.0, 1.0]]}, "carpals": {"matrix": [[0.5300189852714539, -0.625842273235321, -0.5721897482872009, -0.03983944654464722], [0.8285183310508728, 0.23843850195407867, 0.5066596865653992, -1.8154826164245605], [-0.18065693974494934, -0.7426091432571411, 0.6448989510536194, 1.6695570945739746], [0.0, 0.0, 0.0, 1.0]]}, "metacarpals": {"matrix": [[0.6510130167007446, -0.6700941920280457, 0.3565889596939087, -0.6494060754776001], [0.34346678853034973, 0.6789763569831848, 0.6488615274429321, -1.5832449197769165], [-0.6769139170646667, -0.299940824508667, 0.6721777319908142, 0.9462602138519287], [0.0, 0.0, 0.0, 1.0]]}, "finger5joint1": {"matrix": [[0.8225739002227783, -0.568457305431366, -0.015109713189303875, -1.2927277088165283], [0.32592982053756714, 0.44952327013015747, 0.8316839337348938, -1.5229610204696655], [-0.4659847021102905, -0.6890462636947632, 0.5550435185432434, 0.6173561811447144], [0.0, 0.0, 0.0, 1.0]]}, "finger5joint2": {"matrix": [[-0.028797045350074768, -0.36034223437309265, -0.9323753714561462, -1.8931734561920166], [0.8399427533149719, 0.4969595670700073, -0.21800608932971954, -1.0481420755386353], [0.5419099926948547, -0.7894198894500732, 0.2883559465408325, -0.11046433448791504], [0.0, 0.0, 0.0, 1.0]]}, "finger5joint3": {"matrix": [[-0.010936145670711994, -0.17316722869873047, -0.9848315119743347, -2.1408493518829346], [0.8933910727500916, 0.4406939148902893, -0.08740998804569244, -0.7065643668174744], [0.4491461217403412, -0.8807957768440247, 0.1498866230249405, -0.6530603170394897], [0.0, 0.0, 0.0, 1.0]]}, "Bone": {"matrix": [[0.7300223112106323, 0.465116411447525, 0.5007334351539612, -1.6956090927124023], [-0.6701878905296326, 0.3437132239341736, 0.6578061580657959, -0.5231742858886719], [0.13384771347045898, -0.8157988786697388, 0.5626338720321655, 0.47796934843063354], [0.0, 0.0, 0.0, 1.0]]}, "finger1joint1": {"matrix": [[0.7414509057998657, -0.6366488337516785, 0.21196381747722626, -1.3085449934005737], [0.2741759717464447, 0.5757623910903931, 0.7702757716178894, -0.23714034259319305], [-0.6124361157417297, -0.5130063891410828, 0.6014536023139954, -0.20092841982841492], [0.0, 0.0, 0.0, 1.0]]}, "finger1joint2": {"matrix": [[0.6542947292327881, -0.7378342151641846, 0.1658281534910202, -1.6683650016784668], [0.015070523135364056, 0.23195776343345642, 0.9726089239120483, 0.08826807141304016], [-0.756089448928833, -0.6338738799095154, 0.16288843750953674, -0.4908685088157654], [0.0, 0.0, 0.0, 1.0]]}, "finger1joint3": {"matrix": [[0.6943508982658386, -0.5861325263977051, -0.4175228476524353, -1.984662413597107], [0.10497203469276428, -0.49148622155189514, 0.8645355701446533, 0.18770454823970795], [-0.7119393944740295, -0.6441195011138916, -0.27973636984825134, -0.7625998258590698], [0.0, 0.0, 0.0, 1.0]]}, "Bone.001": {"matrix": [[0.8979593515396118, 0.3127238154411316, 0.30963292717933655, -1.6956090927124023], [-0.43185386061668396, 0.7615599632263184, 0.4832475483417511, -0.5231742858886719], [-0.08468104898929596, -0.5676528811454773, 0.8189011812210083, 0.47796931862831116], [0.0, 0.0, 0.0, 1.0]]}, "finger2joint1": {"matrix": [[0.7643812894821167, -0.42385393381118774, -0.48586905002593994, -1.4973784685134888], [0.2508969306945801, -0.4986344575881958, 0.829707145690918, -0.0404338538646698], [-0.5939457416534424, -0.7561159729957581, -0.2748032212257385, 0.11814337968826294], [0.0, 0.0, 0.0, 1.0]]}, "finger2joint2": {"matrix": [[0.764535665512085, -0.43129926919937134, -0.47902601957321167, -1.8640754222869873], [0.1270231157541275, -0.6277756690979004, 0.7679598927497864, -0.4718268811702728], [-0.6319416165351868, -0.6479803323745728, -0.42517197132110596, -0.5360095500946045], [0.0, 0.0, 0.0, 1.0]]}, "finger2joint3": {"matrix": [[0.7497450113296509, -0.41033363342285156, -0.5191420316696167, -2.027803659439087], [-0.014950346201658249, -0.794829785823822, 0.606647789478302, -0.7101408243179321], [-0.6615577340126038, -0.44707000255584717, -0.6020544767379761, -0.7819934487342834], [0.0, 0.0, 0.0, 1.0]]}, "Bone.002": {"matrix": [[0.8566954731941223, -0.3619253933429718, 0.3675360679626465, -1.6956089735031128], [0.21391801536083221, 0.8976460099220276, 0.38531845808029175, -0.5231742858886719], [-0.4693739116191864, -0.2514778971672058, 0.8464319109916687, 0.47796931862831116], [0.0, 0.0, 0.0, 1.0]]}, "finger3joint1": {"matrix": [[0.9270493388175964, 0.0770288035273552, 0.3669416010379791, -1.8481643199920654], [-0.2697959542274475, 0.8166514039039612, 0.5101864337921143, -0.14480745792388916], [-0.26036450266838074, -0.571967363357544, 0.7778583765029907, 0.3719688951969147], [0.0, 0.0, 0.0, 1.0]]}, "finger3joint2": {"matrix": [[0.9126250743865967, -0.3615165948867798, 0.19084331393241882, -1.780596137046814], [-0.15685681998729706, 0.12143049389123917, 0.9801276922225952, 0.5715440511703491], [-0.3775067627429962, -0.9244242906570435, 0.05411430820822716, -0.12975025177001953], [0.0, 0.0, 0.0, 1.0]]}, "finger3joint3": {"matrix": [[0.8484588861465454, -0.5111199617385864, 0.13738243281841278, -2.014526128768921], [-0.313224732875824, -0.2756838798522949, 0.9087839722633362, 0.650119423866272], [-0.4266236424446106, -0.8140975832939148, -0.3940017819404602, -0.7279270887374878], [0.0, 0.0, 0.0, 1.0]]}, "Bone.003": {"matrix": [[0.5836036801338196, -0.6138823628425598, 0.53155916929245, -1.6956090927124023], [0.8119353652000427, 0.4307006597518921, -0.39402738213539124, -0.5231742858886719], [0.012943727895617485, 0.6615476608276367, 0.7497914433479309, 0.47796931862831116], [0.0, 0.0, 0.0, 1.0]]}, "finger4joint1": {"matrix": [[0.8667130470275879, -0.012833318673074245, 0.4986417591571808, -1.958730936050415], [-0.16034746170043945, 0.9394404292106628, 0.3028857707977295, -0.3385676145553589], [-0.4723314046859741, -0.3424709439277649, 0.812167763710022, 0.7615215182304382], [0.0, 0.0, 0.0, 1.0]]}, "finger4joint2": {"matrix": [[0.8756582140922546, -0.22093725204467773, 0.42942875623703003, -1.9714789390563965], [-0.1328916996717453, 0.7446455359458923, 0.6540964245796204, 0.5946340560913086], [-0.46428659558296204, -0.6298325657844543, 0.6226946711540222, 0.4213249087333679], [0.0, 0.0, 0.0, 1.0]]}, "finger4joint3": {"matrix": [[0.884617269039154, -0.2652042806148529, 0.38356050848960876, -2.0636239051818848], [-0.20388542115688324, 0.5197768211364746, 0.8296156525611877, 0.9051980376243591], [-0.41938358545303345, -0.8120949268341064, 0.4057326316833496, 0.1586451381444931], [0.0, 0.0, 0.0, 1.0]]}}