{"root": {"matrix": [[0.41946277022361755, -0.8323532342910767, -0.3622693121433258, -5.960464477539063e-08], [-0.5257720351219177, 0.10255946964025497, -0.8444201350212097, -7.450580596923828e-09], [0.7400099635124207, 0.5446738600730896, -0.3946082293987274, 0.0], [0.0, 0.0, 0.0, 1.0]]}, "carpals": {"matrix": [[0.6909488439559937, -0.5519921779632568, -0.4667913615703583, 0.17461180686950684], [0.6188640594482422, 0.11792831122875214, 0.7765949964523315, -0.9936978220939636], [-0.37362638115882874, -0.8254679441452026, 0.42309075593948364, 2.2510130405426025], [0.0, 0.0, 0.0, 1.0]]}, "metacarpals": {"matrix": [[0.3960523009300232, -0.8025683760643005, 0.44612380862236023, -0.3630251884460449], [-0.12253688275814056, 0.4353116750717163, 0.891901433467865, -0.8788363337516785], [-0.9100149273872375, -0.4079062044620514, 0.07406213134527206, 1.4470124244689941], [0.0, 0.0, 0.0, 1.0]]}, "finger5joint1": {"matrix": [[0.4667905569076538, -0.8439877033233643, 0.2641802132129669, -1.0740408897399902], [-0.06273851543664932, 0.26636645197868347, 0.9618276357650757, -0.9758155345916748], [-0.8821396231651306, -0.46554630994796753, 0.07138700783252716, 1.343442440032959], [0.0, 0.0, 0.0, 1.0]]}, "finger5joint2": {"matrix": [[0.306440144777298, -0.3486924171447754, -0.8857243061065674, -1.9655216932296753], [0.9448898434638977, 0.22406457364559174, 0.2387000471353531, -0.6944600343704224], [0.11522674560546875, -0.9100592136383057, 0.3981386423110962, 0.8516987562179565], [0.0, 0.0, 0.0, 1.0]]}, "finger5joint3": {"matrix": [[0.3208455741405487, -0.006555966567248106, -0.9471085667610168, -2.2051901817321777], [0.9471001625061035, 0.010318450629711151, 0.320771187543869, -0.5404526591300964], [0.007669905666261911, -0.9999250173568726, 0.009520046412944794, 0.22618311643600464], [0.0, 0.0, 0.0, 1.0]]}, "Bone": {"matrix": [[0.8134719729423523, 0.18069793283939362, 0.5528213381767273, -1.6160571575164795], [-0.5228659510612488, -0.1890491545200348, 0.8311866521835327, -0.19919398427009583], [0.2547040581703186, -0.9651987552642822, -0.05930526554584503, 0.8101575970649719], [0.0, 0.0, 0.0, 1.0]]}, "finger1joint1": {"matrix": [[0.7713889479637146, -0.3967439532279968, 0.49754706025123596, -1.4656826257705688], [-0.25583356618881226, 0.5225490927696228, 0.8133211135864258, -0.35651832818984985], [-0.582673192024231, -0.7546762228012085, 0.30158838629722595, 0.006931096315383911], [0.0, 0.0, 0.0, 1.0]]}, "finger1joint2": {"matrix": [[0.5910590887069702, -0.5788460969924927, 0.5617705583572388, -1.6899138689041138], [-0.5017072558403015, 0.28152334690093994, 0.8179450631141663, -0.06118491291999817], [-0.6316161155700684, -0.7652983069419861, -0.12401416897773743, -0.41959550976753235], [0.0, 0.0, 0.0, 1.0]]}, "finger1joint3": {"matrix": [[0.6657487154006958, -0.7158345580101013, 0.21061694622039795, -1.9380555152893066], [-0.42628082633018494, -0.1332022100687027, 0.8947298526763916, 0.05949951708316803], [-0.6124241948127747, -0.6854473352432251, -0.39382556080818176, -0.7476663589477539], [0.0, 0.0, 0.0, 1.0]]}, "Bone.001": {"matrix": [[0.8857916593551636, 0.05292735993862152, 0.46105489134788513, -1.616057276725769], [-0.45410245656967163, 0.3037759065628052, 0.8375623822212219, -0.19919398427009583], [-0.09572747349739075, -0.9512720704078674, 0.29311680793762207, 0.8101575970649719], [0.0, 0.0, 0.0, 1.0]]}, "finger2joint1": {"matrix": [[0.7725525498390198, -0.612167239189148, -0.16856341063976288, -1.5825073719024658], [-0.0991467610001564, -0.378523051738739, 0.9202661514282227, -0.006635397672653198], [-0.6271620392799377, -0.6942416429519653, -0.3531232476234436, 0.2071617841720581], [0.0, 0.0, 0.0, 1.0]]}, "finger2joint2": {"matrix": [[0.7262857556343079, -0.3375813663005829, -0.5987884402275085, -2.112123489379883], [-0.21758922934532166, -0.9392123222351074, 0.2655838131904602, -0.3341142237186432], [-0.6520458459854126, -0.06259997189044952, -0.7555906176567078, -0.39346063137054443], [0.0, 0.0, 0.0, 1.0]]}, "finger2joint3": {"matrix": [[0.7333518862724304, 0.04055329039692879, -0.6786384582519531, -2.240274667739868], [-0.3467329442501068, -0.8363233208656311, -0.42466357350349426, -0.6906546354293823], [-0.5847828984260559, 0.546734094619751, -0.5992582440376282, -0.41722461581230164], [0.0, 0.0, 0.0, 1.0]]}, "Bone.002": {"matrix": [[0.6644468307495117, -0.5212626457214355, 0.5355329513549805, -1.6160571575164795], [-0.12679673731327057, 0.6275692582130432, 0.7681660652160645, -0.19919398427009583], [-0.7365005016326904, -0.5783092379570007, 0.35089215636253357, 0.8101575970649719], [0.0, 0.0, 0.0, 1.0]]}, "finger3joint1": {"matrix": [[0.78558349609375, 0.13744591176509857, 0.6032969355583191, -1.8357747793197632], [-0.5664730072021484, 0.552017092704773, 0.6118702292442322, 0.06533277034759521], [-0.24893146753311157, -0.8224265575408936, 0.5115150213241577, 0.5663944482803345], [0.0, 0.0, 0.0, 1.0]]}, "finger3joint2": {"matrix": [[0.7734311819076538, -0.40554279088974, 0.4871746599674225, -1.715209722518921], [-0.49536454677581787, 0.09283195436000824, 0.8637105822563171, 0.5495519638061523], [-0.39549726247787476, -0.9093497395515442, -0.12909230589866638, -0.1550229787826538], [0.0, 0.0, 0.0, 1.0]]}, "finger3joint3": {"matrix": [[0.6594045162200928, -0.6241796612739563, 0.4190290570259094, -1.977628469467163], [-0.6283305883407593, -0.15153701603412628, 0.763044536113739, 0.6096217036247253], [-0.41277876496315, -0.7664438486099243, -0.4921152889728546, -0.7434452772140503], [0.0, 0.0, 0.0, 1.0]]}, "Bone.003": {"matrix": [[0.46373945474624634, -0.4572429060935974, 0.7588640451431274, -1.616057276725769], [0.6516535878181458, 0.7563343644142151, 0.0574953593313694, -0.19919395446777344], [-0.6002441644668579, 0.4678538143634796, 0.6487061381340027, 0.8101575374603271], [0.0, 0.0, 0.0, 1.0]]}, "finger4joint1": {"matrix": [[0.6050987839698792, 0.10175709426403046, 0.7896206378936768, -1.8120404481887817], [-0.49415475130081177, 0.8256354331970215, 0.2722805440425873, 0.12498563528060913], [-0.6242325901985168, -0.5549513101577759, 0.5498748421669006, 1.0106887817382812], [0.0, 0.0, 0.0, 1.0]]}, "finger4joint2": {"matrix": [[0.6224071979522705, -0.4742734134197235, 0.6226345896720886, -1.7109590768814087], [-0.46974876523017883, 0.40994760394096375, 0.7818430066108704, 0.9451380968093872], [-0.6260551810264587, -0.7791064977645874, 0.03236519917845726, 0.45942288637161255], [0.0, 0.0, 0.0, 1.0]]}, "finger4joint3": {"matrix": [[0.6505023241043091, -0.6603618860244751, 0.37519142031669617, -1.9087610244750977], [-0.5135871171951294, -0.01853042282164097, 0.8578370213508606, 1.1161121129989624], [-0.5595306158065796, -0.7507185935974121, -0.35120728611946106, 0.13448652625083923], [0.0, 0.0, 0.0, 1.0]]}}