{"root": {"matrix": [[0.3827468752861023, -0.8890411853790283, -0.2512182295322418, 0.0], [-0.13257895410060883, 0.21625284850597382, -0.967293918132782, 1.4901161193847656e-08], [0.9142907857894897, 0.40353500843048096, -0.0350981131196022, 0.0], [0.0, 0.0, 0.0, 1.0]]}, "carpals": {"matrix": [[0.7226951718330383, -0.4377818703651428, -0.5348443984985352, 0.02360767126083374], [0.5294775366783142, -0.14672289788722992, 0.8355391621589661, 0.020597264170646667], [-0.4442577362060547, -0.8870282769203186, 0.12575992941856384, 2.4665772914886475], [0.0, 0.0, 0.0, 1.0]]}, "metacarpals": {"matrix": [[0.46740731596946716, -0.7551091909408569, 0.45971769094467163, -0.40278923511505127], [-0.3115461766719818, 0.3459601402282715, 0.8850142955780029, -0.12230995297431946], [-0.8273265361785889, -0.5568853616714478, -0.07354692369699478, 1.6026170253753662], [0.0, 0.0, 0.0, 1.0]]}, "finger5joint1": {"matrix": [[0.5179523229598999, -0.7930343747138977, 0.32065826654434204, -1.1048338413238525], [-0.254734069108963, 0.21485722064971924, 0.9428396821022034, -0.23428155481815338], [-0.8166001439094543, -0.5700284838676453, -0.09072690457105637, 1.4602419137954712], [0.0, 0.0, 0.0, 1.0]]}, "finger5joint2": {"matrix": [[0.360203355550766, -0.3628884553909302, -0.8593980669975281, -1.9424940347671509], [0.9323732852935791, 0.10987655818462372, 0.3443933129310608, -0.007333829998970032], [-0.030548516660928726, -0.9253313541412354, 0.37792572379112244, 0.8581365942955017], [0.0, 0.0, 0.0, 1.0]]}, "finger5joint3": {"matrix": [[0.37151744961738586, -0.0061324890702962875, -0.9284054636955261, -2.191920042037964], [0.9181784391403198, -0.14573439955711365, 0.36838746070861816, 0.06818818300962448], [-0.13755959272384644, -0.9893044233322144, -0.048511866480112076, 0.22212395071983337], [0.0, 0.0, 0.0, 1.0]]}, "Bone": {"matrix": [[0.7766265273094177, 0.25586068630218506, 0.5756615996360779, -1.5817242860794067], [-0.46352335810661316, -0.38673877716064453, 0.7972320914268494, 0.4178299307823181], [0.42661088705062866, -0.8859843611717224, -0.18175406754016876, 0.7331644296646118], [0.0, 0.0, 0.0, 1.0]]}, "finger1joint1": {"matrix": [[0.7701254487037659, -0.5083363652229309, 0.38535788655281067, -1.3688002824783325], [-0.34030088782310486, 0.1835639625787735, 0.9222251772880554, 0.09599066525697708], [-0.5395386219024658, -0.841366708278656, -0.0316198356449604, -0.00414082407951355], [0.0, 0.0, 0.0, 1.0]]}, "finger1joint2": {"matrix": [[0.6262445449829102, -0.6527320146560669, 0.4263315200805664, -1.6561009883880615], [-0.6085236668586731, -0.06740634143352509, 0.7906675338745117, 0.19973702728748322], [-0.4873567819595337, -0.7545840740203857, -0.4394155442714691, -0.47966304421424866], [0.0, 0.0, 0.0, 1.0]]}, "finger1joint3": {"matrix": [[0.689723789691925, -0.722031831741333, 0.054323431104421616, -1.9359163045883179], [-0.5224370956420898, -0.4443049132823944, 0.7277722954750061, 0.1708410531282425], [-0.5013388395309448, -0.5303424596786499, -0.6836636066436768, -0.8031408190727234], [0.0, 0.0, 0.0, 1.0]]}, "Bone.001": {"matrix": [[0.8795132040977478, 0.13925887644290924, 0.4550419747829437, -1.5817241668701172], [-0.4695821702480316, 0.09899488091468811, 0.8773210644721985, 0.4178299009799957], [0.07712781429290771, -0.9852951765060425, 0.1524609625339508, 0.7331644892692566], [0.0, 0.0, 0.0, 1.0]]}, "finger2joint1": {"matrix": [[0.7965015769004822, -0.603901207447052, -0.029804887250065804, -1.493450403213501], [-0.2675769329071045, -0.3962612748146057, 0.8782820105552673, 0.480581134557724], [-0.5422062277793884, -0.6915779709815979, -0.4772126078605652, 0.10860198736190796], [0.0, 0.0, 0.0, 1.0]]}, "finger2joint2": {"matrix": [[0.7379581928253174, -0.4585668444633484, -0.49511000514030457, -2.0159149169921875], [-0.3823297917842865, -0.8886564373970032, 0.25320619344711304, 0.1377561241388321], [-0.5560948848724365, 0.002439601346850395, -0.8311150074005127, -0.4897159934043884], [0.0, 0.0, 0.0, 1.0]]}, "finger2joint3": {"matrix": [[0.721759557723999, -0.03757057338953018, -0.6911231875419617, -2.1899945735931396], [-0.5028183460235596, -0.714651346206665, -0.48625802993774414, -0.1995924711227417], [-0.4756433069705963, 0.6984707713127136, -0.5346977114677429, -0.4887898564338684], [0.0, 0.0, 0.0, 1.0]]}, "Bone.002": {"matrix": [[0.7202377319335938, -0.45604828000068665, 0.5227594971656799, -1.5817242860794067], [-0.2813017964363098, 0.49682870507240295, 0.8209935426712036, 0.41782987117767334], [-0.6341347098350525, -0.73836350440979, 0.22954770922660828, 0.7331644296646118], [0.0, 0.0, 0.0, 1.0]]}, "finger3joint1": {"matrix": [[0.7839229702949524, 0.19061359763145447, 0.5908732414245605, -1.7739531993865967], [-0.6102064847946167, 0.41207993030548096, 0.6766372919082642, 0.627248227596283], [-0.11451107263565063, -0.8909860849380493, 0.4393526315689087, 0.42193683981895447], [0.0, 0.0, 0.0, 1.0]]}, "finger3joint2": {"matrix": [[0.7806817889213562, -0.536220133304596, 0.3209421932697296, -1.6067506074905396], [-0.5631542205810547, -0.3810129165649414, 0.7332710027694702, 0.9887171387672424], [-0.2709118127822876, -0.7531912326812744, -0.5994243025779724, -0.359619677066803], [0.0, 0.0, 0.0, 1.0]]}, "finger3joint3": {"matrix": [[0.6880136728286743, -0.6979480981826782, 0.19876012206077576, -1.9537278413772583], [-0.6966443061828613, -0.5584923028945923, 0.45030316710472107, 0.7421711683273315], [-0.20328254997730255, -0.44827988743782043, -0.8704717755317688, -0.846994936466217], [0.0, 0.0, 0.0, 1.0]]}, "Bone.003": {"matrix": [[0.527651846408844, -0.47630491852760315, 0.7033613324165344, -1.5817244052886963], [0.5096989274024963, 0.839915931224823, 0.18640866875648499, 0.4178299307823181], [-0.6795515418052673, 0.26014381647109985, 0.6859552264213562, 0.7331644296646118], [0.0, 0.0, 0.0, 1.0]]}, "finger4joint1": {"matrix": [[0.6342983245849609, 0.16885711252689362, 0.754422128200531, -1.7858778238296509], [-0.6087157726287842, 0.7106667160987854, 0.3527287542819977, 0.7778342366218567], [-0.47658219933509827, -0.6829637289047241, 0.5535606741905212, 0.8446671366691589], [0.0, 0.0, 0.0, 1.0]]}, "finger4joint2": {"matrix": [[0.6524519920349121, -0.692679226398468, 0.3074111044406891, -1.6181421279907227], [-0.5853402614593506, -0.2029777318239212, 0.7849690318107605, 1.483781337738037], [-0.481334388256073, -0.6920947432518005, -0.5378860831260681, 0.1662389636039734], [0.0, 0.0, 0.0, 1.0]]}, "finger4joint3": {"matrix": [[0.703206479549408, -0.6647731065750122, -0.25214505195617676, -1.9070329666137695], [-0.5778619050979614, -0.7410035729408264, 0.3420364260673523, 1.3991270065307617], [-0.4142172038555145, -0.0948173999786377, -0.9052254557609558, -0.12240806221961975], [0.0, 0.0, 0.0, 1.0]]}}