{"root": {"matrix": [[0.3693540096282959, -0.8106682300567627, -0.45430678129196167, 0.0], [-0.5504024028778076, 0.20306366682052612, -0.8098285794258118, 1.4901161193847656e-08], [0.7487554550170898, 0.5491650104522705, -0.37119144201278687, 0.0], [0.0, 0.0, 0.0, 1.0]]}, "carpals": {"matrix": [[0.7225397825241089, -0.5438095331192017, -0.42685747146606445, 0.0928652286529541], [0.6106991767883301, 0.21268999576568604, 0.7627640962600708, -0.9549126625061035], [-0.3240099847316742, -0.8118090629577637, 0.4857812523841858, 2.2725541591644287], [0.0, 0.0, 0.0, 1.0]]}, "metacarpals": {"matrix": [[0.475870817899704, -0.7755895256996155, 0.4147380590438843, -0.4368020296096802], [0.020162317901849747, 0.4810490012168884, 0.8764616250991821, -0.7477538585662842], [-0.8792839646339417, -0.4087204039096832, 0.24455507099628448, 1.481857180595398], [0.0, 0.0, 0.0, 1.0]]}, "finger5joint1": {"matrix": [[0.35206034779548645, -0.9000566005706787, -0.2568102478981018, -1.1335158348083496], [0.23620955646038055, -0.18005698919296265, 0.9548738598823547, -0.837319552898407], [-0.9056811332702637, -0.3968343138694763, 0.14921127259731293, 1.3022950887680054], [0.0, 0.0, 0.0, 1.0]]}, "finger5joint2": {"matrix": [[-0.2894130051136017, -0.27084243297576904, -0.9180871844291687, -2.0842206478118896], [0.9568818211555481, -0.056978508830070496, -0.2848334312438965, -1.0275087356567383], [0.024833975359797478, -0.9609355330467224, 0.27565470337867737, 0.883129894733429], [0.0, 0.0, 0.0, 1.0]]}, "finger5joint3": {"matrix": [[-0.2624482810497284, 0.12775711715221405, -0.9564509987831116, -2.2703802585601807], [0.9616073369979858, -0.047751180827617645, -0.2702415883541107, -1.0666720867156982], [-0.08019673079252243, -0.9906550645828247, -0.11031987518072128, 0.22264525294303894], [0.0, 0.0, 0.0, 1.0]]}, "Bone": {"matrix": [[0.801898181438446, 0.26786208152770996, 0.5340496301651001, -1.6477125883102417], [-0.5445409417152405, -0.04011912643909454, 0.8377739787101746, 0.003297196701169014], [0.2458334118127823, -0.9626215100288391, 0.11369059234857559, 0.8437311053276062], [0.0, 0.0, 0.0, 1.0]]}, "finger1joint1": {"matrix": [[0.8300790190696716, -0.500666081905365, 0.24556495249271393, -1.424800992012024], [-0.09465689957141876, 0.3074657618999481, 0.9468392133712769, -0.03008943796157837], [-0.5495532155036926, -0.809195876121521, 0.20782962441444397, 0.04264938831329346], [0.0, 0.0, 0.0, 1.0]]}, "finger1joint2": {"matrix": [[0.7257468700408936, -0.6092484593391418, 0.31954294443130493, -1.7077667713165283], [-0.38456496596336365, 0.025862427428364754, 0.9227353930473328, 0.1436835676431656], [-0.5704394578933716, -0.7925574779510498, -0.21552583575248718, -0.4146905839443207], [0.0, 0.0, 0.0, 1.0]]}, "finger1joint3": {"matrix": [[0.7762371301651001, -0.6297052502632141, -0.03045019693672657, -1.968941330909729], [-0.28982821106910706, -0.3993309438228607, 0.869789719581604, 0.15477034449577332], [-0.5598710179328918, -0.6663378477096558, -0.49248167872428894, -0.7544469237327576], [0.0, 0.0, 0.0, 1.0]]}, "Bone.001": {"matrix": [[0.9022606611251831, 0.12658274173736572, 0.41219207644462585, -1.6477125883102417], [-0.42317822575569153, 0.44337883591651917, 0.7901486754417419, 0.003297179937362671], [-0.08273812383413315, -0.887350857257843, 0.4536105692386627, 0.843731164932251], [0.0, 0.0, 0.0, 1.0]]}, "finger2joint1": {"matrix": [[0.6860880255699158, -0.6036136746406555, 0.40612003207206726, -1.5674740076065063], [-0.0965069904923439, 0.47778210043907166, 0.8731610774993896, 0.284347802400589], [-0.7210889458656311, -0.6382588148117065, 0.26954787969589233, 0.2812539339065552], [0.0, 0.0, 0.0, 1.0]]}, "finger2joint2": {"matrix": [[0.5882125496864319, -0.5785254240036011, -0.565078854560852, -2.0896894931793213], [-0.13318146765232086, -0.7585015296936035, 0.6379167437553406, 0.6977005004882812], [-0.79766446352005, -0.2999727725982666, -0.5232088565826416, -0.2709349989891052], [0.0, 0.0, 0.0, 1.0]]}, "finger2joint3": {"matrix": [[0.566098153591156, 0.24428291618824005, -0.7873108983039856, -2.309307336807251], [-0.2757641077041626, -0.8439370393753052, -0.46013474464416504, 0.40976083278656006], [-0.7768441438674927, 0.47759342193603516, -0.4103868901729584, -0.38480961322784424], [0.0, 0.0, 0.0, 1.0]]}, "Bone.002": {"matrix": [[0.7283751368522644, -0.48577651381492615, 0.4832088053226471, -1.6477125883102417], [-0.00654919957742095, 0.7002621293067932, 0.7138555645942688, 0.0032972097396850586], [-0.6851471662521362, -0.5231191515922546, 0.506872296333313, 0.843731164932251], [0.0, 0.0, 0.0, 1.0]]}, "finger3joint1": {"matrix": [[0.8819933533668518, 0.09385096281766891, 0.46182212233543396, -1.8524723052978516], [-0.44644543528556824, 0.4802103340625763, 0.7550392150878906, 0.29846471548080444], [-0.1509108692407608, -0.8721179366111755, 0.46544185280799866, 0.6232311725616455], [0.0, 0.0, 0.0, 1.0]]}, "finger3joint2": {"matrix": [[0.8671495914459229, -0.3609579801559448, 0.34316304326057434, -1.7701479196548462], [-0.393846720457077, -0.0752309262752533, 0.9160921573638916, 0.7196962833404541], [-0.30485454201698303, -0.929542601108551, -0.20739847421646118, -0.14177459478378296], [0.0, 0.0, 0.0, 1.0]]}, "finger3joint3": {"matrix": [[0.7781007885932922, -0.5448302626609802, 0.3126005530357361, -2.0037167072296143], [-0.5455322861671448, -0.3394513726234436, 0.766268253326416, 0.6710159182548523], [-0.3113737106323242, -0.7667677402496338, -0.5613498091697693, -0.7432632446289062], [0.0, 0.0, 0.0, 1.0]]}, "Bone.003": {"matrix": [[0.4965030252933502, -0.515300989151001, 0.6985339522361755, -1.6477127075195312], [0.7400830388069153, 0.671826183795929, -0.03043614886701107, 0.0032972097396850586], [-0.453609436750412, 0.5320849418640137, 0.7149293422698975, 0.8437311053276062], [0.0, 0.0, 0.0, 1.0]]}, "finger4joint1": {"matrix": [[0.7295981645584106, 0.1080874353647232, 0.6752802729606628, -1.8685805797576904], [-0.4598783552646637, 0.8083752393722534, 0.36747902631759644, 0.2912549376487732], [-0.5061602592468262, -0.5786586999893188, 0.639496386051178, 1.0717930793762207], [0.0, 0.0, 0.0, 1.0]]}, "finger4joint2": {"matrix": [[0.7447878122329712, -0.4177408814430237, 0.5203685760498047, -1.7612109184265137], [-0.43404513597488403, 0.289033979177475, 0.8532664179801941, 1.094261646270752], [-0.5068486928939819, -0.8613659739494324, 0.03395085781812668, 0.4969772696495056], [0.0, 0.0, 0.0, 1.0]]}, "finger4joint3": {"matrix": [[0.7692429423332214, -0.592743992805481, 0.2385781854391098, -1.9354352951049805], [-0.46900466084480286, -0.2702217996120453, 0.8408413529396057, 1.214807152748108], [-0.43393486738204956, -0.7587058544158936, -0.4858657717704773, 0.13773348927497864], [0.0, 0.0, 0.0, 1.0]]}}