{"root": {"matrix": [[0.34822896122932434, -0.7743767499923706, -0.528277575969696, 0.0], [-0.8417179584503174, -0.010247798636555672, -0.5398201942443848, -9.313225746154785e-10], [0.4126104712486267, 0.6326417922973633, -0.6553754806518555, 0.0], [0.0, 0.0, 0.0, 1.0]]}, "carpals": {"matrix": [[0.5914837121963501, -0.7083637118339539, -0.3851853013038635, 0.08893048763275146], [0.774398922920227, 0.3659830093383789, 0.5161029696464539, -1.8528639078140259], [-0.22461731731891632, -0.6035537123680115, 0.7650293111801147, 1.6260292530059814], [0.0, 0.0, 0.0, 1.0]]}, "metacarpals": {"matrix": [[0.5992852449417114, -0.6732498407363892, 0.4331185519695282, -0.6010115146636963], [0.2930314838886261, 0.6879724264144897, 0.663947343826294, -1.496398687362671], [-0.7449761629104614, -0.2709765136241913, 0.6095753312110901, 1.038171648979187], [0.0, 0.0, 0.0, 1.0]]}, "finger5joint1": {"matrix": [[0.662241518497467, -0.7125508785247803, -0.23174825310707092, -1.268539547920227], [0.44963425397872925, 0.1304989755153656, 0.8836280703544617, -1.4283372163772583], [-0.5993871688842773, -0.6893773078918457, 0.4068093001842499, 0.7634919285774231], [0.0, 0.0, 0.0, 1.0]]}, "finger5joint2": {"matrix": [[-0.2664678394794464, -0.2611244022846222, -0.9277976751327515, -2.0211873054504395], [0.923797070980072, 0.20539578795433044, -0.3231266736984253, -1.2904947996139526], [0.2749422490596771, -0.9431998133659363, 0.18649467825889587, 0.03532177209854126], [0.0, 0.0, 0.0, 1.0]]}, "finger5joint3": {"matrix": [[-0.2381964474916458, -0.05283978953957558, -0.969778299331665, -2.200667381286621], [0.9553197622299194, 0.1671748161315918, -0.24375401437282562, -1.1493191719055176], [0.17500263452529907, -0.9845100045204163, 0.010658514685928822, -0.6129724979400635], [0.0, 0.0, 0.0, 1.0]]}, "Bone": {"matrix": [[0.7186663746833801, 0.40205100178718567, 0.5673389434814453, -1.6521415710449219], [-0.6881095767021179, 0.29372674226760864, 0.663497805595398, -0.42228275537490845], [0.10011732578277588, -0.8672251105308533, 0.48774683475494385, 0.6151021122932434], [0.0, 0.0, 0.0, 1.0]]}, "finger1joint1": {"matrix": [[0.7715244889259338, -0.6019960045814514, 0.2057925909757614, -1.3175595998764038], [0.16332657635211945, 0.5000494718551636, 0.8504554629325867, -0.1778469681739807], [-0.6148774027824402, -0.6225360035896301, 0.48412254452705383, -0.10659193992614746], [0.0, 0.0, 0.0, 1.0]]}, "finger1joint2": {"matrix": [[0.6841201186180115, -0.7135576009750366, 0.15104687213897705, -1.6577945947647095], [-0.11339014768600464, 0.10052446275949478, 0.9884518980979919, 0.10477013140916824], [-0.7205014228820801, -0.6933472156524658, -0.012139498256146908, -0.4584358334541321], [0.0, 0.0, 0.0, 1.0]]}, "finger1joint3": {"matrix": [[0.721615195274353, -0.6447249054908752, -0.25219279527664185, -1.9636852741241455], [-0.016314899548888206, -0.3800217807292938, 0.9248334169387817, 0.14786331355571747], [-0.6921021342277527, -0.6632595658302307, -0.2847481071949005, -0.7556623220443726], [0.0, 0.0, 0.0, 1.0]]}, "Bone.001": {"matrix": [[0.8738758563995361, 0.28442806005477905, 0.39426055550575256, -1.6521414518356323], [-0.4648253917694092, 0.7263986468315125, 0.5062429308891296, -0.42228278517723083], [-0.14240065217018127, -0.6256558895111084, 0.7669918537139893, 0.6151021122932434], [0.0, 0.0, 0.0, 1.0]]}, "finger2joint1": {"matrix": [[0.668832004070282, -0.2628214955329895, 0.695405125617981, -1.4718470573425293], [0.19029082357883453, 0.9647830724716187, 0.18161097168922424, 0.03816944360733032], [-0.7186464667320251, 0.010862044058740139, 0.6952905654907227, 0.21850906312465668], [0.0, 0.0, 0.0, 1.0]]}, "finger2joint2": {"matrix": [[0.5751861333847046, -0.8171815872192383, 0.037080638110637665, -1.6992270946502686], [0.2591572105884552, 0.2250315397977829, 0.9392538666725159, 0.8728504776954651], [-0.7758854627609253, -0.5306362509727478, 0.3412136733531952, 0.22790636122226715], [0.0, 0.0, 0.0, 1.0]]}, "finger2joint3": {"matrix": [[0.47203221917152405, -0.3635519742965698, -0.8031284213066101, -2.0094425678253174], [0.19828879833221436, -0.8438818454742432, 0.49854230880737305, 0.9582762122154236], [-0.8589917421340942, -0.39457961916923523, -0.32625123858451843, 0.026468127965927124], [0.0, 0.0, 0.0, 1.0]]}, "Bone.002": {"matrix": [[0.8183751106262207, -0.35565659403800964, 0.4514094889163971, -1.6521414518356323], [0.16541066765785217, 0.8980270624160767, 0.40765953063964844, -0.42228278517723083], [-0.5503647923469543, -0.2589503824710846, 0.7937526106834412, 0.6151020526885986], [0.0, 0.0, 0.0, 1.0]]}, "finger3joint1": {"matrix": [[0.9156549572944641, 0.03850658982992172, 0.40011656284332275, -1.8020542860031128], [-0.314052939414978, 0.689824104309082, 0.6523135900497437, -0.04375535249710083], [-0.2508918344974518, -0.7229520082473755, 0.6437341570854187, 0.5059518814086914], [0.0, 0.0, 0.0, 1.0]]}, "finger3joint2": {"matrix": [[0.8940045833587646, -0.37259843945503235, 0.24884968996047974, -1.7682770490646362], [-0.22609104216098785, 0.10435962677001953, 0.9684996604919434, 0.5613455772399902], [-0.38683146238327026, -0.9221059083938599, 0.009056885726749897, -0.1282082200050354], [0.0, 0.0, 0.0, 1.0]]}, "finger3joint3": {"matrix": [[0.819822371006012, -0.5273711681365967, 0.2230938822031021, -2.00937819480896], [-0.3802780508995056, -0.21014423668384552, 0.900681734085083, 0.628874659538269], [-0.42811185121536255, -0.8232369422912598, -0.3728286027908325, -0.7248848676681519], [0.0, 0.0, 0.0, 1.0]]}, "Bone.003": {"matrix": [[0.6063954830169678, -0.5406265258789062, 0.5831015110015869, -1.6521414518356323], [0.7917749881744385, 0.4781496822834015, -0.3800853490829468, -0.42228275537490845], [-0.07332545518875122, 0.6921674013137817, 0.7180025577545166, 0.6151021122932434], [0.0, 0.0, 0.0, 1.0]]}, "finger4joint1": {"matrix": [[0.8342736959457397, -0.04444968327879906, 0.5495557188987732, -1.883864402770996], [-0.2151004821062088, 0.891520619392395, 0.3986503481864929, -0.21733850240707397], [-0.5076602697372437, -0.45079320669174194, 0.7342113256454468, 0.9117785096168518], [0.0, 0.0, 0.0, 1.0]]}, "finger4joint2": {"matrix": [[0.8434918522834778, -0.2696988880634308, 0.4645252227783203, -1.9280190467834473], [-0.18686936795711517, 0.6634472012519836, 0.7245115637779236, 0.6682615876197815], [-0.5035880208015442, -0.6979252696037292, 0.5092141628265381, 0.46397900581359863], [0.0, 0.0, 0.0, 1.0]]}, "finger4joint3": {"matrix": [[0.856105625629425, -0.3241243362426758, 0.4025248885154724, -2.0405006408691406], [-0.25195086002349854, 0.41828393936157227, 0.8726732730865479, 0.9449607133865356], [-0.4512244462966919, -0.8485172390937805, 0.2764320969581604, 0.1729002743959427], [0.0, 0.0, 0.0, 1.0]]}}