{"root": {"matrix": [[0.39589351415634155, -0.8402096629142761, -0.37056177854537964, -5.960464477539063e-08], [-0.5102081298828125, 0.1342601478099823, -0.8495068550109863, 1.4901161193847656e-08], [0.7635155320167542, 0.5253778696060181, -0.37552914023399353, 0.0], [0.0, 0.0, 0.0, 1.0]]}, "carpals": {"matrix": [[0.6445195078849792, -0.529496967792511, -0.5515681505203247, 0.11455288529396057], [0.6844281554222107, 0.07799381017684937, 0.7248963713645935, -0.9268994331359863], [-0.3408114016056061, -0.8447187542915344, 0.41267135739326477, 2.2831382751464844], [0.0, 0.0, 0.0, 1.0]]}, "metacarpals": {"matrix": [[0.5075446367263794, -0.7901965975761414, 0.3434932231903076, -0.40117406845092773], [0.059979528188705444, 0.43009230494499207, 0.9007900357246399, -0.8509339094161987], [-0.8595351576805115, -0.4365885555744171, 0.26568686962127686, 1.4603872299194336], [0.0, 0.0, 0.0, 1.0]]}, "finger5joint1": {"matrix": [[0.42206722497940063, -0.9008294939994812, 0.10181037336587906, -1.0824737548828125], [0.18289659917354584, 0.19460627436637878, 0.9636788368225098, -0.9865735769271851], [-0.8879233002662659, -0.38811641931533813, 0.24689581990242004, 1.2527635097503662], [0.0, 0.0, 0.0, 1.0]]}, "finger5joint2": {"matrix": [[0.13450272381305695, -0.316575825214386, -0.9389826059341431, -2.0339949131011963], [0.9583343267440796, 0.28254082798957825, 0.04201657697558403, -0.7810162901878357], [0.25199976563453674, -0.905510663986206, 0.3413882851600647, 0.842806875705719], [0.0, 0.0, 0.0, 1.0]]}, "finger5joint3": {"matrix": [[0.15585128962993622, 0.11372197419404984, -0.9812120795249939, -2.2515885829925537], [0.9767528176307678, 0.13027335703372955, 0.17024147510528564, -0.586816132068634], [0.14718623459339142, -0.9849343299865723, -0.0907747894525528, 0.22041763365268707], [0.0, 0.0, 0.0, 1.0]]}, "Bone": {"matrix": [[0.8271947503089905, 0.3076150417327881, 0.47023576498031616, -1.6348903179168701], [-0.49028778076171875, -0.013732761144638062, 0.8714522123336792, -0.17944040894508362], [0.274529367685318, -0.9514117240905762, 0.13946041464805603, 0.7787513136863708], [0.0, 0.0, 0.0, 1.0]]}, "finger1joint1": {"matrix": [[0.8009693622589111, -0.5295600295066833, 0.2793099284172058, -1.378896951675415], [-0.03169795125722885, 0.42835962772369385, 0.9030519723892212, -0.19086864590644836], [-0.5978654623031616, -0.732170581817627, 0.3263172209262848, -0.013001799583435059], [0.0, 0.0, 0.0, 1.0]]}, "finger1joint2": {"matrix": [[0.68832927942276, -0.6444891095161438, 0.3329210877418518, -1.6781926155090332], [-0.31369471549987793, 0.14935259521007538, 0.9377042055130005, 0.051230937242507935], [-0.6540629267692566, -0.7498849034309387, -0.09936884790658951, -0.42680874466896057], [0.0, 0.0, 0.0, 1.0]]}, "finger1joint3": {"matrix": [[0.7416849136352539, -0.6700410842895508, -0.03079393319785595, -1.9544748067855835], [-0.22238484025001526, -0.2889576554298401, 0.931154191493988, 0.1152559369802475], [-0.6328099966049194, -0.6837750673294067, -0.36332231760025024, -0.7482720613479614], [0.0, 0.0, 0.0, 1.0]]}, "Bone.001": {"matrix": [[0.9318017959594727, 0.13054192066192627, 0.338679701089859, -1.6348904371261597], [-0.3596285283565521, 0.45830535888671875, 0.8127872347831726, -0.17944040894508362], [-0.04911596328020096, -0.8791555762290955, 0.4739966094493866, 0.7787512540817261], [0.0, 0.0, 0.0, 1.0]]}, "finger2joint1": {"matrix": [[0.8755480051040649, -0.23422662913799286, 0.4225556552410126, -1.5521419048309326], [-0.16747921705245972, 0.6732409596443176, 0.7202061414718628, 0.11107182502746582], [-0.45317330956459045, -0.70134437084198, 0.5502269864082336, 0.221468985080719], [0.0, 0.0, 0.0, 1.0]]}, "finger2joint2": {"matrix": [[0.8079675436019897, -0.3767874240875244, 0.4530116021633148, -1.754782795906067], [-0.17174731194972992, 0.5848423838615417, 0.7927559018135071, 0.6935255527496338], [-0.5636409521102905, -0.7183244824409485, 0.4078216254711151, -0.38529840111732483], [0.0, 0.0, 0.0, 1.0]]}, "finger2joint3": {"matrix": [[0.7156874537467957, -0.5719828605651855, 0.4007827639579773, -1.8978174924850464], [-0.17367742955684662, 0.4100632965564728, 0.8953679800033569, 0.915541410446167], [-0.6764815449714661, -0.7104105949401855, 0.194136843085289, -0.6579861640930176], [0.0, 0.0, 0.0, 1.0]]}, "Bone.002": {"matrix": [[0.7534629106521606, -0.5118879079818726, 0.41263100504875183, -1.6348903179168701], [0.04904477298259735, 0.6695935130119324, 0.7411065697669983, -0.179440438747406], [-0.6556586027145386, -0.5381587147712708, 0.5296194553375244, 0.7787513136863708], [0.0, 0.0, 0.0, 1.0]]}, "finger3joint1": {"matrix": [[0.8914088606834412, 0.09291394054889679, 0.4435732066631317, -1.8506561517715454], [-0.4040850102901459, 0.6061023473739624, 0.6850948929786682, 0.10279995203018188], [-0.20519615709781647, -0.7899408936500549, 0.5778302550315857, 0.5519120097160339], [0.0, 0.0, 0.0, 1.0]]}, "finger3joint2": {"matrix": [[0.8769991993904114, -0.3538990616798401, 0.3250042200088501, -1.7691538333892822], [-0.32943180203437805, 0.04952859506011009, 0.942879319190979, 0.6344617009162903], [-0.349781334400177, -0.9339711666107178, -0.0731489285826683, -0.1410096287727356], [0.0, 0.0, 0.0, 1.0]]}, "finger3joint3": {"matrix": [[0.7912017107009888, -0.5616176128387451, 0.24204415082931519, -1.998155117034912], [-0.4804299771785736, -0.3259120583534241, 0.8142285346984863, 0.6665107607841492], [-0.3784002363681793, -0.760504424571991, -0.5276800394058228, -0.7453639507293701], [0.0, 0.0, 0.0, 1.0]]}, "Bone.003": {"matrix": [[0.4618282616138458, -0.5808352828025818, 0.6703320145606995, -1.6348903179168701], [0.7760913968086243, 0.6305127739906311, 0.011640793643891811, -0.17944040894508362], [-0.4294140934944153, 0.5148630738258362, 0.7419699430465698, 0.7787512540817261], [0.0, 0.0, 0.0, 1.0]]}, "finger4joint1": {"matrix": [[0.7516068816184998, 0.08089747279882431, 0.6546315550804138, -1.8838474750518799], [-0.3788508474826813, 0.8653703331947327, 0.32803305983543396, 0.0908096432685852], [-0.5399619340896606, -0.49455949664115906, 0.6810665726661682, 0.9994316697120667], [0.0, 0.0, 0.0, 1.0]]}, "finger4joint2": {"matrix": [[0.7657646536827087, -0.3642640709877014, 0.5300150513648987, -1.8034873008728027], [-0.3525092303752899, 0.45156267285346985, 0.8196510672569275, 0.9504330158233643], [-0.537904679775238, -0.8144949674606323, 0.21738457679748535, 0.5081564784049988], [0.0, 0.0, 0.0, 1.0]]}, "finger4joint3": {"matrix": [[0.7855585217475891, -0.54142826795578, 0.2995879352092743, -1.9554084539413452], [-0.40077829360961914, -0.07630516588687897, 0.9129916429519653, 1.1387630701065063], [-0.4714595675468445, -0.8372769355773926, -0.2769346535205841, 0.168460875749588], [0.0, 0.0, 0.0, 1.0]]}}