{"root": {"matrix": [[0.4382486939430237, -0.4575679898262024, -0.7736728191375732, 0.0], [-0.8264533281326294, 0.13331712782382965, -0.5469931364059448, 0.0], [0.35343030095100403, 0.8791235089302063, -0.31973254680633545, 0.0], [0.0, 0.0, 0.0, 1.0]]}, "carpals": {"matrix": [[0.5988361835479736, -0.8003095388412476, -0.029995745047926903, 0.6301941871643066], [0.3786940276622772, 0.2499603033065796, 0.891128659248352, -1.6770131587982178], [-0.7056810855865479, -0.544999361038208, 0.45275789499282837, 1.6957200765609741], [0.0, 0.0, 0.0, 1.0]]}, "metacarpals": {"matrix": [[0.12414755672216415, -0.660510778427124, 0.740481436252594, -0.14930248260498047], [-0.4043998718261719, 0.6477856636047363, 0.6456268429756165, -1.4335533380508423], [-0.9061169624328613, -0.37960362434387207, -0.18668943643569946, 1.1648941040039062], [0.0, 0.0, 0.0, 1.0]]}, "finger5joint1": {"matrix": [[0.25111737847328186, -0.7750234007835388, 0.5798953771591187, -0.8526294231414795], [-0.3903238773345947, 0.467146098613739, 0.7933607697486877, -1.2585135698318481], [-0.8857693076133728, -0.4255737066268921, -0.18520157039165497, 1.184056282043457], [0.0, 0.0, 0.0, 1.0]]}, "finger5joint2": {"matrix": [[0.6227208971977234, -0.5209348797798157, -0.5838194489479065, -1.6712651252746582], [0.7711541652679443, 0.2823193073272705, 0.5706280469894409, -0.7650799751281738], [-0.13243654370307922, -0.8055568933486938, 0.5775275826454163, 0.7345346212387085], [0.0, 0.0, 0.0, 1.0]]}, "finger5joint3": {"matrix": [[0.6025623679161072, -0.46232369542121887, -0.6505189538002014, -2.0293219089508057], [0.7615522742271423, 0.08934099972248077, 0.6419155597686768, -0.5710321068763733], [-0.23865477740764618, -0.8821985721588135, 0.40591752529144287, 0.18084707856178284], [0.0, 0.0, 0.0, 1.0]]}, "Bone": {"matrix": [[0.6067407727241516, -0.10719424486160278, 0.787638783454895, -1.1805431842803955], [-0.7547290325164795, -0.3886924088001251, 0.5284901261329651, -0.42218002676963806], [0.24949811398983002, -0.9151106476783752, -0.31673815846443176, 0.5722274780273438], [0.0, 0.0, 0.0, 1.0]]}, "finger1joint1": {"matrix": [[0.6822702288627625, -0.6105112433433533, 0.4022228419780731, -1.2697489261627197], [-0.546790361404419, -0.06090337038040161, 0.8350512385368347, -0.7456451058387756], [-0.4853116273880005, -0.7896624207496643, -0.3753741979598999, -0.18931639194488525], [0.0, 0.0, 0.0, 1.0]]}, "finger1joint2": {"matrix": [[0.5394874811172485, -0.7487472295761108, 0.3851373493671417, -1.6147966384887695], [-0.7737367153167725, -0.2604438066482544, 0.5774946808815002, -0.7800663709640503], [-0.3320910632610321, -0.6095462441444397, -0.7198394536972046, -0.6356164216995239], [0.0, 0.0, 0.0, 1.0]]}, "finger1joint3": {"matrix": [[0.6028221249580383, -0.7976822257041931, -0.017563898116350174, -1.935772180557251], [-0.7011955976486206, -0.5401521325111389, 0.4653600752353668, -0.891714334487915], [-0.3806968331336975, -0.2682137191295624, -0.8849470019340515, -0.8969188928604126], [0.0, 0.0, 0.0, 1.0]]}, "Bone.001": {"matrix": [[0.6230772733688354, -0.044192951172590256, 0.7809106707572937, -1.1805431842803955], [-0.7738078236579895, 0.11068697273731232, 0.6236740350723267, -0.42218005657196045], [-0.11399870365858078, -0.9928721785545349, 0.034769751131534576, 0.5722274780273438], [0.0, 0.0, 0.0, 1.0]]}, "finger2joint1": {"matrix": [[0.33439475297927856, -0.3690527677536011, 0.8671678304672241, -1.2085562944412231], [-0.5857315063476562, 0.6394557952880859, 0.4980103373527527, -0.3520174026489258], [-0.738307774066925, -0.67445969581604, -0.0023351360578089952, -0.05713796615600586], [0.0, 0.0, 0.0, 1.0]]}, "finger2joint2": {"matrix": [[0.21807646751403809, -0.5923746228218079, 0.775586724281311, -1.5278420448303223], [-0.569010317325592, 0.5684815049171448, 0.5941847562789917, 0.20120713114738464], [-0.7928870320320129, -0.5708945989608765, -0.2130948156118393, -0.6406461000442505], [0.0, 0.0, 0.0, 1.0]]}, "finger2joint3": {"matrix": [[0.07851437479257584, -0.9082105755805969, 0.4110824763774872, -1.7527170181274414], [-0.5508526563644409, 0.3041638135910034, 0.7772034406661987, 0.4170120656490326], [-0.8309010863304138, -0.28746750950813293, -0.47640904784202576, -0.8573670387268066], [0.0, 0.0, 0.0, 1.0]]}, "Bone.002": {"matrix": [[0.4034231901168823, -0.3718644380569458, 0.8360421657562256, -1.1805431842803955], [-0.48717978596687317, 0.6861253380775452, 0.5402661561965942, -0.42218005657196045], [-0.7745357155799866, -0.6252586841583252, 0.0956340804696083, 0.5722274780273438], [0.0, 0.0, 0.0, 1.0]]}, "finger3joint1": {"matrix": [[0.19243356585502625, 0.012425534427165985, 0.9812313318252563, -1.3372877836227417], [-0.46563997864723206, 0.8813363313674927, 0.08015817403793335, -0.13297134637832642], [-0.8637990951538086, -0.47232553362846375, 0.17538447678089142, 0.3086746037006378], [0.0, 0.0, 0.0, 1.0]]}, "finger3joint2": {"matrix": [[0.15376588702201843, -0.9553380608558655, 0.25235942006111145, -1.3263883590698242], [-0.3231775462627411, 0.19272615015506744, 0.9265055656433105, 0.6401205658912659], [-0.9337624907493591, -0.22402173280715942, -0.2791089713573456, -0.10564061999320984], [0.0, 0.0, 0.0, 1.0]]}, "finger3joint3": {"matrix": [[0.06154792383313179, -0.726057767868042, -0.6848737597465515, -1.9445688724517822], [-0.46441450715065, -0.6282030344009399, 0.6242433190345764, 0.7648299336433411], [-0.8834766745567322, 0.2796443700790405, -0.3758561909198761, -0.2506006956100464], [0.0, 0.0, 0.0, 1.0]]}, "Bone.003": {"matrix": [[0.5280938744544983, -0.04652617871761322, 0.8479105234146118, -1.1805431842803955], [0.31850695610046387, 0.9364549517631531, -0.14698703587055206, -0.42218008637428284], [-0.7871912121772766, 0.3476884961128235, 0.5093550682067871, 0.572227418422699], [0.0, 0.0, 0.0, 1.0]]}, "finger4joint1": {"matrix": [[0.18085068464279175, -0.35224008560180664, 0.9182699918746948, -1.2004852294921875], [-0.49044081568717957, 0.7769981622695923, 0.3946404457092285, -0.020797312259674072], [-0.8525025844573975, -0.521727979183197, -0.03223224729299545, 0.721253514289856], [0.0, 0.0, 0.0, 1.0]]}, "finger4joint2": {"matrix": [[0.19042688608169556, -0.6895881295204163, 0.6987171173095703, -1.5503861904144287], [-0.46478861570358276, 0.5635843276977539, 0.6828935742378235, 0.7510408759117126], [-0.8647015690803528, -0.45479699969291687, -0.21319107711315155, 0.20299026370048523], [0.0, 0.0, 0.0, 1.0]]}, "finger4joint3": {"matrix": [[0.23684878647327423, -0.8409541249275208, 0.4865168333053589, -1.8379876613616943], [-0.5199683904647827, 0.3132881224155426, 0.794658899307251, 0.986090898513794], [-0.8206918835639954, -0.4411873519420624, -0.363067626953125, 0.013311311602592468], [0.0, 0.0, 0.0, 1.0]]}}