{"root": {"matrix": [[0.37416985630989075, -0.6196730136871338, -0.689929187297821, 0.0], [-0.8368481993675232, 0.09495752304792404, -0.5391364693641663, 7.450580596923828e-09], [0.3996022045612335, 0.7790946364402771, -0.48304203152656555, 5.960464477539063e-08], [0.0, 0.0, 0.0, 1.0]]}, "carpals": {"matrix": [[0.5690692663192749, -0.8077929019927979, -0.1537228375673294, 0.3171955943107605], [0.466873437166214, 0.16351547837257385, 0.8690750598907471, -1.738951325416565], [-0.6768966317176819, -0.5663331151008606, 0.47018885612487793, 1.7205872535705566], [0.0, 0.0, 0.0, 1.0]]}, "metacarpals": {"matrix": [[0.23134371638298035, -0.5298759937286377, 0.8159113526344299, -0.46958988904953003], [-0.31618478894233704, 0.7521836161613464, 0.5781405568122864, -1.5796881914138794], [-0.9200581908226013, -0.3917279839515686, 0.006474275607615709, 1.1689821481704712], [0.0, 0.0, 0.0, 1.0]]}, "finger5joint1": {"matrix": [[0.38018572330474854, -0.5245662331581116, 0.7617669701576233, -1.148206114768982], [-0.4108671247959137, 0.642101526260376, 0.647219717502594, -1.3327887058258057], [-0.8286415934562683, -0.5590487122535706, 0.028590891510248184, 1.1042101383209229], [0.0, 0.0, 0.0, 1.0]]}, "finger5joint2": {"matrix": [[0.7796986699104309, -0.46226829290390015, -0.422347754240036, -1.7022908926010132], [0.6180211305618286, 0.6765111684799194, 0.40047702193260193, -0.6545546650886536], [0.10059521347284317, -0.5732711553573608, 0.8131667971611023, 0.5137025713920593], [0.0, 0.0, 0.0, 1.0]]}, "finger5joint3": {"matrix": [[0.7552026510238647, -0.45151418447494507, -0.4751878082752228, -2.020024061203003], [0.6554886698722839, 0.5220937728881836, 0.545666515827179, -0.18956482410430908], [0.001716510159894824, -0.7235690951347351, 0.6902493834495544, 0.11967319250106812], [0.0, 0.0, 0.0, 1.0]]}, "Bone": {"matrix": [[0.48832616209983826, 0.006822651717811823, 0.8726344108581543, -1.2968733310699463], [-0.8381620645523071, -0.274718314409256, 0.47118332982063293, -0.40532076358795166], [0.24294337630271912, -0.9615005254745483, -0.12843362987041473, 0.5573859214782715], [0.0, 0.0, 0.0, 1.0]]}, "finger1joint1": {"matrix": [[0.722178041934967, -0.6024776697158813, 0.33982253074645996, -1.2911956310272217], [-0.5028136968612671, -0.11986912786960602, 0.8560428023338318, -0.6339379549026489], [-0.4750126302242279, -0.7890830039978027, -0.3895008862018585, -0.24276292324066162], [0.0, 0.0, 0.0, 1.0]]}, "finger1joint2": {"matrix": [[0.596329927444458, -0.7477186322212219, 0.29207438230514526, -1.6317028999328613], [-0.737068772315979, -0.36588308215141296, 0.5682066679000854, -0.70168536901474], [-0.31799376010894775, -0.554117739200592, -0.7693071365356445, -0.6887355446815491], [0.0, 0.0, 0.0, 1.0]]}, "finger1joint3": {"matrix": [[0.6498713493347168, -0.7515490651130676, -0.11331921070814133, -1.952237606048584], [-0.6618133783340454, -0.6328670978546143, 0.4018482267856598, -0.8585333824157715], [-0.3737248182296753, -0.1861535757780075, -0.9086674451828003, -0.926276683807373], [0.0, 0.0, 0.0, 1.0]]}, "Bone.001": {"matrix": [[0.5611180067062378, 0.12618009746074677, 0.8180617094039917, -1.2968734502792358], [-0.8199020624160767, 0.22037449479103088, 0.5283892154693604, -0.4053207039833069], [-0.11360779404640198, -0.9672194123268127, 0.22711153328418732, 0.5573859810829163], [0.0, 0.0, 0.0, 1.0]]}, "finger2joint1": {"matrix": [[0.4230647683143616, -0.3133077621459961, 0.8502083420753479, -1.2168899774551392], [-0.5401140451431274, 0.6661939024925232, 0.514258623123169, -0.2656289339065552], [-0.7275250554084778, -0.6767743229866028, 0.11262132227420807, -0.05571860074996948], [0.0, 0.0, 0.0, 1.0]]}, "finger2joint2": {"matrix": [[0.31261053681373596, -0.6429481506347656, 0.6992081999778748, -1.487947940826416], [-0.5228593349456787, 0.49807503819465637, 0.6917650699615479, 0.3107280135154724], [-0.7930275201797485, -0.5818406343460083, -0.1804679036140442, -0.6412292718887329], [0.0, 0.0, 0.0, 1.0]]}, "finger2joint3": {"matrix": [[0.17306789755821228, -0.952091634273529, 0.25212857127189636, -1.7320213317871094], [-0.5219866037368774, 0.12841567397117615, 0.843231201171875, 0.49980542063713074], [-0.8352108597755432, -0.2775440216064453, -0.4747544825077057, -0.8621054291725159], [0.0, 0.0, 0.0, 1.0]]}, "Bone.002": {"matrix": [[0.47723057866096497, -0.2032204121351242, 0.8549575209617615, -1.2968733310699463], [-0.44223272800445557, 0.7851870656013489, 0.4334871172904968, -0.4053207337856293], [-0.7593952417373657, -0.5849634408950806, 0.28484466671943665, 0.5573859214782715], [0.0, 0.0, 0.0, 1.0]]}, "finger3joint1": {"matrix": [[0.2861456274986267, 0.05938894674181938, 0.9563438892364502, -1.3825329542160034], [-0.3886132538318634, 0.91949862241745, 0.05917530134320259, -0.07435649633407593], [-0.8758427500724792, -0.3885805308818817, 0.28618982434272766, 0.31081798672676086], [0.0, 0.0, 0.0, 1.0]]}, "finger3joint2": {"matrix": [[0.2546190023422241, -0.9566358923912048, 0.14148108661174774, -1.3304380178451538], [-0.2403302639722824, 0.07911553978919983, 0.9674615263938904, 0.7322106957435608], [-0.9367019534111023, -0.2803362011909485, -0.20976406335830688, -0.030037686228752136], [0.0, 0.0, 0.0, 1.0]]}, "finger3joint3": {"matrix": [[0.17942014336585999, -0.7108678221702576, -0.6800554990768433, -1.9494582414627075], [-0.3953745663166046, -0.6850934028625488, 0.6118215322494507, 0.7834048271179199], [-0.9008259773254395, 0.1591034084558487, -0.40397846698760986, -0.21143773198127747], [0.0, 0.0, 0.0, 1.0]]}, "Bone.003": {"matrix": [[0.6742914915084839, -0.01738358475267887, 0.7382606863975525, -1.2968734502792358], [0.3419860303401947, 0.8934091329574585, -0.29131659865379333, -0.4053207337856293], [-0.654504656791687, 0.4489073157310486, 0.6083632111549377, 0.5573859214782715], [0.0, 0.0, 0.0, 1.0]]}, "finger4joint1": {"matrix": [[0.2904810309410095, -0.25680744647979736, 0.921775758266449, -1.3043242692947388], [-0.440482497215271, 0.8192909359931946, 0.3670652508735657, -0.022388219833374023], [-0.849467933177948, -0.5126515626907349, 0.12486936897039413, 0.7497963905334473], [0.0, 0.0, 0.0, 1.0]]}, "finger4joint2": {"matrix": [[0.3022632896900177, -0.6640383005142212, 0.6838785409927368, -1.5594263076782227], [-0.41441574692726135, 0.5545451045036316, 0.7216222286224365, 0.7914618253707886], [-0.858426570892334, -0.5015299320220947, -0.10756921768188477, 0.24054931104183197], [0.0, 0.0, 0.0, 1.0]]}, "finger4joint3": {"matrix": [[0.3463793396949768, -0.8450482487678528, 0.40732625126838684, -1.8363721370697021], [-0.469590425491333, 0.21969562768936157, 0.8551128506660461, 1.0227420330047607], [-0.8120996356010437, -0.48747000098228455, -0.32072848081588745, 0.03137978911399841], [0.0, 0.0, 0.0, 1.0]]}}