{"root": {"matrix": [[0.3314444422721863, -0.7579556107521057, -0.5618254542350769, 0.0], [-0.9093390107154846, -0.09790650010108948, -0.4043721854686737, 0.0], [0.2514897584915161, 0.6449167132377625, -0.7216892242431641, 0.0], [0.0, 0.0, 0.0, 1.0]]}, "carpals": {"matrix": [[0.7761750817298889, -0.5242494940757751, -0.3503063917160034, 0.07081764936447144], [0.6032138466835022, 0.45568859577178955, 0.6545842289924622, -2.1068167686462402], [-0.18353480100631714, -0.7193818092346191, 0.6699288487434387, 1.2811293601989746], [0.0, 0.0, 0.0, 1.0]]}, "metacarpals": {"matrix": [[0.3833809196949005, -0.6751241087913513, 0.6302589774131775, -0.43979811668395996], [0.1564050316810608, 0.7200025916099548, 0.6761163473129272, -1.6629788875579834], [-0.910250723361969, -0.16063445806503296, 0.381628155708313, 0.5804558396339417], [0.0, 0.0, 0.0, 1.0]]}, "finger5joint1": {"matrix": [[0.693912148475647, -0.6405268907546997, 0.3289545774459839, -1.1516090631484985], [0.042946260422468185, 0.4928455948829651, 0.869055986404419, -1.5576715469360352], [-0.7187777161598206, -0.5889212489128113, 0.36949992179870605, 0.49151498079299927], [0.0, 0.0, 0.0, 1.0]]}, "finger5joint2": {"matrix": [[0.3331969678401947, -0.40658923983573914, -0.8506848216056824, -1.8281798362731934], [0.8557002544403076, 0.5092719197273254, 0.09175216406583786, -1.0370923280715942], [0.3959246575832367, -0.7585027813911438, 0.5176066160202026, -0.1305462121963501], [0.0, 0.0, 0.0, 1.0]]}, "finger5joint3": {"matrix": [[0.34011074900627136, -0.25916752219200134, -0.9039670825004578, -2.107642889022827], [0.8931517004966736, 0.38984784483909607, 0.22427202761173248, -0.6870518922805786], [0.29428577423095703, -0.8836572766304016, 0.36406755447387695, -0.651891827583313], [0.0, 0.0, 0.0, 1.0]]}, "Bone": {"matrix": [[0.670489490032196, 0.1602068692445755, 0.7244152426719666, -1.493854284286499], [-0.7417721152305603, 0.16416755318641663, 0.6502481698989868, -0.5388549566268921], [-0.014751249924302101, -0.9733358025550842, 0.2289096862077713, 0.3296608328819275], [0.0, 0.0, 0.0, 1.0]]}, "finger1joint1": {"matrix": [[0.6104226112365723, -0.7850381135940552, -0.10535316169261932, -1.3605320453643799], [0.032593417912721634, -0.10800103098154068, 0.9936161041259766, -0.4022367596626282], [-0.7914049029350281, -0.6099597215652466, -0.04033920541405678, -0.4803372323513031], [0.0, 0.0, 0.0, 1.0]]}, "finger1joint2": {"matrix": [[0.629091739654541, -0.6609401702880859, -0.40914738178253174, -1.8042188882827759], [-0.26931458711624146, -0.679069995880127, 0.6828859448432922, -0.46327659487724304], [-0.7291866540908813, -0.31940868496894836, -0.6051982641220093, -0.8250732421875], [0.0, 0.0, 0.0, 1.0]]}, "finger1joint3": {"matrix": [[0.6082440614700317, -0.37323054671287537, -0.700527012348175, -2.087552785873413], [-0.1736767441034317, -0.9237470030784607, 0.3413611650466919, -0.7543827891349792], [-0.7745163440704346, -0.08596570789813995, -0.6266852021217346, -0.9619985222816467], [0.0, 0.0, 0.0, 1.0]]}, "Bone.001": {"matrix": [[0.7656021118164062, 0.14431986212730408, 0.6269170045852661, -1.4938544034957886], [-0.560318648815155, 0.6283774375915527, 0.5396149754524231, -0.5388549566268921], [-0.31606337428092957, -0.7644038200378418, 0.5619524121284485, 0.3296608626842499], [0.0, 0.0, 0.0, 1.0]]}, "finger2joint1": {"matrix": [[0.6933874487876892, -0.31246697902679443, 0.6492904424667358, -1.4023723602294922], [-0.16964299976825714, 0.8049669861793518, 0.5685498714447021, -0.14053678512573242], [-0.700310468673706, -0.5043730139732361, 0.505146324634552, -0.1548822522163391], [0.0, 0.0, 0.0, 1.0]]}, "finger2joint2": {"matrix": [[0.5993074774742126, -0.4656102657318115, 0.6511815786361694, -1.6727027893066406], [-0.14796577394008636, 0.7350023984909058, 0.6617228388786316, 0.5558795928955078], [-0.7867251634597778, -0.49292808771133423, 0.37159818410873413, -0.5912399888038635], [0.0, 0.0, 0.0, 1.0]]}, "finger2joint3": {"matrix": [[0.4813498556613922, -0.6745690703392029, 0.5596951842308044, -1.8494559526443481], [-0.12121745198965073, 0.5811710357666016, 0.8047024607658386, 0.8348984718322754], [-0.8681061863899231, -0.4551883041858673, 0.19797712564468384, -0.7783635854721069], [0.0, 0.0, 0.0, 1.0]]}, "Bone.002": {"matrix": [[0.6394285559654236, -0.3537856340408325, 0.6826176047325134, -1.4938544034957886], [0.02810450829565525, 0.8980035781860352, 0.43908920884132385, -0.5388550162315369], [-0.7683366537094116, -0.26158151030540466, 0.5841522216796875, 0.3296608328819275], [0.0, 0.0, 0.0, 1.0]]}, "finger3joint1": {"matrix": [[0.5092609524726868, 0.2432417869567871, 0.8255221247673035, -1.642978549003601], [-0.120035819709301, 0.969926118850708, -0.21174106001853943, -0.1603374481201172], [-0.8521999716758728, 0.00873928889632225, 0.5231432318687439, 0.21940161287784576], [0.0, 0.0, 0.0, 1.0]]}, "finger3joint2": {"matrix": [[0.5089035034179688, -0.8503514528274536, 0.13386434316635132, -1.4296112060546875], [0.04314693436026573, 0.18050901591777802, 0.9826262593269348, 0.6904638409614563], [-0.8597415685653687, -0.4942861795425415, 0.12855187058448792, 0.22706755995750427], [0.0, 0.0, 0.0, 1.0]]}, "finger3joint3": {"matrix": [[0.4363197982311249, -0.6178303956985474, -0.6541488766670227, -1.9798569679260254], [-0.11380815505981445, -0.759054958820343, 0.6410013437271118, 0.8072676062583923], [-0.8925652503967285, -0.20523424446582794, -0.40150484442710876, -0.09277529269456863], [0.0, 0.0, 0.0, 1.0]]}, "Bone.003": {"matrix": [[0.6123567223548889, -0.29094019532203674, 0.7351007461547852, -1.4938544034957886], [0.7170184254646301, 0.5960586071014404, -0.36138394474983215, -0.5388549566268921], [-0.33302196860313416, 0.7483767867088318, 0.5736100673675537, 0.3296608328819275], [0.0, 0.0, 0.0, 1.0]]}, "finger4joint1": {"matrix": [[0.5644568204879761, -0.10695206373929977, 0.8185045123100281, -1.6185569763183594], [-0.22302494943141937, 0.934933602809906, 0.2759680449962616, -0.283372700214386], [-0.7947629690170288, -0.33831897377967834, 0.503876805305481, 0.6504297256469727], [0.0, 0.0, 0.0, 1.0]]}, "finger4joint2": {"matrix": [[0.5775569081306458, -0.47731146216392517, 0.6622700095176697, -1.7247987985610962], [-0.19616413116455078, 0.7063418030738831, 0.6801472306251526, 0.6453520059585571], [-0.7924312353134155, -0.522737443447113, 0.3143213987350464, 0.3143574893474579], [0.0, 0.0, 0.0, 1.0]]}, "finger4joint3": {"matrix": [[0.6054848432540894, -0.6219142079353333, 0.496599018573761, -1.9238678216934204], [-0.264129102230072, 0.4315846562385559, 0.8625368475914001, 0.9399409294128418], [-0.7507485747337341, -0.6534194350242615, 0.09705247730016708, 0.09634307026863098], [0.0, 0.0, 0.0, 1.0]]}}