{"root": {"matrix": [[0.44451993703842163, -0.4645178020000458, -0.7659146785736084, 0.0], [-0.7811858057975769, 0.21738941967487335, -0.5852269530296326, 0.0], [0.43835002183914185, 0.8584666848182678, -0.26624080538749695, 5.960464477539063e-08], [0.0, 0.0, 0.0, 1.0]]}, "carpals": {"matrix": [[0.47950229048728943, -0.8753258585929871, 0.062306441366672516, 0.6367015838623047], [0.379783570766449, 0.2710036039352417, 0.8844891786575317, -1.4880521297454834], [-0.7911015748977661, -0.4004516899585724, 0.46238142251968384, 1.8615309000015259], [0.0, 0.0, 0.0, 1.0]]}, "metacarpals": {"matrix": [[0.1603853404521942, -0.5190110802650452, 0.8395856022834778, -0.2158604860305786], [-0.5056822896003723, 0.6872854828834534, 0.5214630365371704, -1.2240961790084839], [-0.8476802706718445, -0.5081985592842102, -0.1522241234779358, 1.4714932441711426], [0.0, 0.0, 0.0, 1.0]]}, "finger5joint1": {"matrix": [[0.40118470788002014, -0.7174239754676819, 0.5695204138755798, -0.8855646252632141], [-0.5272385478019714, 0.32756951451301575, 0.7840391397476196, -0.9576665163040161], [-0.7490462064743042, -0.6148176193237305, -0.24683763086795807, 1.392838716506958], [0.0, 0.0, 0.0, 1.0]]}, "finger5joint2": {"matrix": [[0.5669819116592407, -0.5511236190795898, -0.6122040748596191, -1.643359661102295], [0.7863685488700867, 0.14084729552268982, 0.6014864444732666, -0.6116638779640198], [-0.2452661097049713, -0.8224499821662903, 0.5132444500923157, 0.7434238791465759], [0.0, 0.0, 0.0, 1.0]]}, "finger5joint3": {"matrix": [[0.5458961725234985, -0.4807617962360382, -0.6861960887908936, -2.0221662521362305], [0.7617709636688232, -0.05621257424354553, 0.6454025506973267, -0.5148546099662781], [-0.34885773062705994, -0.8750472068786621, 0.3355444371700287, 0.17812515795230865], [0.0, 0.0, 0.0, 1.0]]}, "Bone": {"matrix": [[0.4646683633327484, -0.06419309973716736, 0.8831548094749451, -1.0261808633804321], [-0.7987551689147949, -0.4608733057975769, 0.386762797832489, -0.15105277299880981], [0.3821949362754822, -0.8851411938667297, -0.2654277980327606, 0.67805415391922], [0.0, 0.0, 0.0, 1.0]]}, "finger1joint1": {"matrix": [[0.4368382394313812, -0.8967124223709106, 0.07126762717962265, -1.079601526260376], [-0.6102855801582336, -0.23723356425762177, 0.755824863910675, -0.5345857739448547], [-0.6608507633209229, -0.3736669421195984, -0.6508833765983582, -0.05854940414428711], [0.0, 0.0, 0.0, 1.0]]}, "finger1joint2": {"matrix": [[0.4122445583343506, -0.8947656154632568, -0.17160658538341522, -1.5864040851593018], [-0.8065565228462219, -0.4460163414478302, 0.38798922300338745, -0.6686650514602661], [-0.4236989915370941, -0.021536121144890785, -0.9055469632148743, -0.2697378695011139], [0.0, 0.0, 0.0, 1.0]]}, "finger1joint3": {"matrix": [[0.42529332637786865, -0.7018447518348694, -0.57143634557724, -1.969975233078003], [-0.746208131313324, -0.629204273223877, 0.21742820739746094, -0.8598648905754089], [-0.512151300907135, 0.3339396119117737, -0.7913187146186829, -0.27897003293037415], [0.0, 0.0, 0.0, 1.0]]}, "Bone.001": {"matrix": [[0.5162461996078491, 0.07640381902456284, 0.8530252575874329, -1.0261807441711426], [-0.8560428023338318, 0.015704486519098282, 0.5166658163070679, -0.15105271339416504], [0.026078855618834496, -0.9969531297683716, 0.07351240515708923, 0.6780542135238647], [0.0, 0.0, 0.0, 1.0]]}, "finger2joint1": {"matrix": [[0.4947231411933899, -0.534016489982605, 0.6856203079223633, -0.9777495861053467], [-0.6982377767562866, 0.22546042501926422, 0.6794343590736389, -0.14109791815280914], [-0.5174095630645752, -0.814858078956604, -0.2613299787044525, 0.046101927757263184], [0.0, 0.0, 0.0, 1.0]]}, "finger2joint2": {"matrix": [[0.3789184093475342, -0.7876041531562805, 0.4859015941619873, -1.439753532409668], [-0.7347762584686279, 0.06315310299396515, 0.6753628849983215, 0.05395893007516861], [-0.562605082988739, -0.6129364371299744, -0.554783046245575, -0.6588717103004456], [0.0, 0.0, 0.0, 1.0]]}, "finger2joint3": {"matrix": [[0.24113905429840088, -0.9665780663490295, 0.0870547890663147, -1.7387409210205078], [-0.7800704836845398, -0.13967904448509216, 0.6099010109901428, 0.07793289422988892], [-0.5773574113845825, -0.2149798572063446, -0.7876812815666199, -0.8915524482727051], [0.0, 0.0, 0.0, 1.0]]}, "Bone.002": {"matrix": [[0.4098162353038788, -0.20364946126937866, 0.889144241809845, -1.0261807441711426], [-0.6106569170951843, 0.6628488302230835, 0.4332772493362427, -0.15105272829532623], [-0.6776050925254822, -0.7205260992050171, 0.1472863256931305, 0.6780542135238647], [0.0, 0.0, 0.0, 1.0]]}, "finger3joint1": {"matrix": [[0.22728297114372253, -0.2073327600955963, 0.951501727104187, -1.1120212078094482], [-0.5917925238609314, 0.7465548515319824, 0.3040347993373871, 0.12834471464157104], [-0.7733849287033081, -0.632193386554718, 0.04698124900460243, 0.37434524297714233], [0.0, 0.0, 0.0, 1.0]]}, "finger3joint2": {"matrix": [[0.15455488860607147, -0.9879441261291504, 0.008897083811461926, -1.2938895225524902], [-0.4776436388492584, -0.06683405488729477, 0.8760077357292175, 0.7832087874412537], [-0.864852249622345, -0.13964082300662994, -0.4822145998477936, -0.1802031695842743], [0.0, 0.0, 0.0, 1.0]]}, "finger3joint3": {"matrix": [[0.10164861381053925, -0.7610613107681274, -0.6406662464141846, -1.933168649673462], [-0.620873749256134, -0.5517168045043945, 0.5568878054618835, 0.7399618029594421], [-0.7772923111915588, 0.3411659896373749, -0.5286040902137756, -0.27056199312210083], [0.0, 0.0, 0.0, 1.0]]}, "Bone.003": {"matrix": [[0.6474690437316895, 0.04970553144812584, 0.7604690790176392, -1.0261808633804321], [0.1665106862783432, 0.9645340442657471, -0.2048119455575943, -0.15105274319648743], [-0.743678629398346, 0.25923579931259155, 0.6162295341491699, 0.6780542135238647], [0.0, 0.0, 0.0, 1.0]]}, "finger4joint1": {"matrix": [[0.20833587646484375, -0.48087188601493835, 0.8516796827316284, -1.0048760175704956], [-0.5745106935501099, 0.6445574164390564, 0.5044627785682678, 0.26236528158187866], [-0.791538655757904, -0.594396710395813, -0.14198152720928192, 0.7891677021980286], [0.0, 0.0, 0.0, 1.0]]}, "finger4joint2": {"matrix": [[0.2136652171611786, -0.7934348583221436, 0.5699193477630615, -1.48255455493927], [-0.549735963344574, 0.3845999836921692, 0.7415339946746826, 0.9026421904563904], [-0.8075501322746277, -0.47174516320228577, -0.35400399565696716, 0.1987183690071106], [0.0, 0.0, 0.0, 1.0]]}, "finger4joint3": {"matrix": [[0.2705206871032715, -0.903532087802887, 0.3323374390602112, -1.8134665489196777], [-0.5905922055244446, 0.11686532944440842, 0.7984627485275269, 1.063044548034668], [-0.7602756023406982, -0.41227662563323975, -0.5020044445991516, 0.0019709765911102295], [0.0, 0.0, 0.0, 1.0]]}}