{"root": {"matrix": [[0.20223304629325867, -0.0516776517033577, -0.9779729843139648, 0.0], [-0.5520122647285461, -0.8308718800544739, -0.07024490088224411, 0.0], [-0.8089402318000793, 0.554058849811554, -0.1965564638376236, 0.0], [0.0, 0.0, 0.0, 1.0]]}, "carpals": {"matrix": [[0.4434461295604706, -0.7502169609069824, 0.4904384911060333, 0.5167117714881897], [0.3302113711833954, 0.6454377174377441, 0.6887454986572266, -2.05373477935791], [-0.8332561254501343, -0.14347311854362488, 0.5339469909667969, -1.264977216720581], [0.0, 0.0, 0.0, 1.0]]}, "metacarpals": {"matrix": [[-0.806082010269165, -0.5829489231109619, 0.10199146717786789, -0.21399492025375366], [-0.4893908202648163, 0.7535170912742615, 0.43898558616638184, -1.4250824451446533], [-0.3327583968639374, 0.30394473671913147, -0.8926864862442017, -1.4047192335128784], [0.0, 0.0, 0.0, 1.0]]}, "finger5joint1": {"matrix": [[-0.659861147403717, -0.7356332540512085, 0.15305806696414948, -0.4471823573112488], [-0.6247212886810303, 0.6503052711486816, 0.4322338104248047, -1.089786410331726], [-0.41749998927116394, 0.18959574401378632, -0.8886770606040955, -0.8056575059890747], [0.0, 0.0, 0.0, 1.0]]}, "finger5joint2": {"matrix": [[0.3300172686576843, -0.92844557762146, -0.1705188751220703, -1.2242114543914795], [0.37791481614112854, -0.0355844683945179, 0.9251559972763062, -0.4028869867324829], [-0.8650251626968384, -0.36975914239883423, 0.3391299843788147, -0.6053926944732666], [0.0, 0.0, 0.0, 1.0]]}, "finger5joint3": {"matrix": [[0.2507857084274292, -0.894787073135376, -0.36940765380859375, -1.8623647689819336], [0.32143303751945496, -0.28298163414001465, 0.9036601781845093, -0.4273454546928406], [-0.9131192564964294, -0.3453649580478668, 0.2166464477777481, -0.8595411777496338], [0.0, 0.0, 0.0, 1.0]]}, "Bone": {"matrix": [[0.44070300459861755, -0.8976441621780396, -0.003962551709264517, -1.1241402626037598], [-0.8544600605964661, -0.420846164226532, 0.3046082854270935, -0.24863305687904358], [-0.275097519159317, -0.13085584342479706, -0.9524692893028259, -0.9301772117614746], [0.0, 0.0, 0.0, 1.0]]}, "finger1joint1": {"matrix": [[-0.2468007653951645, -0.8816003203392029, -0.4023308753967285, -1.8711485862731934], [-0.6797868609428406, -0.1383858323097229, 0.720235288143158, -0.5988560318946838], [-0.6906365752220154, 0.4512539803981781, -0.5651466250419617, -1.0390737056732178], [0.0, 0.0, 0.0, 1.0]]}, "finger1joint2": {"matrix": [[-0.09490740299224854, -0.030270831659436226, -0.9950257539749146, -2.3694100379943848], [-0.8638851642608643, -0.49417513608932495, 0.09743284434080124, -0.6770687103271484], [-0.49466630816459656, 0.8688350915908813, 0.02075047977268696, -0.784034788608551], [0.0, 0.0, 0.0, 1.0]]}, "finger1joint3": {"matrix": [[-0.19401393830776215, 0.4511418044567108, -0.8711082339286804, -2.3823864459991455], [-0.8308619856834412, -0.5476757287979126, -0.0985877737402916, -0.8889134526252747], [-0.521561861038208, 0.7046432495117188, 0.4810933768749237, -0.4115794897079468], [0.0, 0.0, 0.0, 1.0]]}, "Bone.001": {"matrix": [[0.10730466991662979, -0.9403650164604187, 0.32279887795448303, -1.1241402626037598], [-0.90419602394104, 0.04270438849925995, 0.42497703433036804, -0.24863307178020477], [-0.4134184718132019, -0.33747541904449463, -0.8456920981407166, -0.9301772117614746], [0.0, 0.0, 0.0, 1.0]]}, "finger2joint1": {"matrix": [[-0.7291882038116455, -0.6819049119949341, 0.057358305901288986, -1.7202222347259521], [-0.5890493392944336, 0.6681292653083801, 0.45455893874168396, -0.22156351804733276], [-0.3482886552810669, 0.29767224192619324, -0.8888677358627319, -1.1440973281860352], [0.0, 0.0, 0.0, 1.0]]}, "finger2joint2": {"matrix": [[-0.7900336980819702, -0.12241169810295105, -0.6007179021835327, -2.310171365737915], [-0.5656917691230774, -0.23212675750255585, 0.791270911693573, 0.3564678430557251], [-0.2363034337759018, 0.9649519324302673, 0.11414065957069397, -0.8865665197372437], [0.0, 0.0, 0.0, 1.0]]}, "finger2joint3": {"matrix": [[-0.7420030236244202, 0.34426525235176086, -0.5752501487731934, -2.3566410541534424], [-0.6570072770118713, -0.5440623164176941, 0.521859347820282, 0.26834872364997864], [-0.13331374526023865, 0.7651649117469788, 0.6298807263374329, -0.520254909992218], [0.0, 0.0, 0.0, 1.0]]}, "Bone.002": {"matrix": [[-0.5838607549667358, -0.7074602842330933, 0.3982542157173157, -1.1241400241851807], [-0.6248969435691833, 0.7047792077064514, 0.3358420133590698, -0.24863308668136597], [-0.5182761549949646, -0.052782852202653885, -0.8535827994346619, -0.9301771521568298], [0.0, 0.0, 0.0, 1.0]]}, "finger3joint1": {"matrix": [[-0.6872109770774841, -0.707258939743042, 0.1659090518951416, -1.4223418235778809], [-0.6154729127883911, 0.6881587505340576, 0.3842271566390991, 0.048438429832458496], [-0.38591983914375305, 0.16193264722824097, -0.908208966255188, -0.9524256587028503], [0.0, 0.0, 0.0, 1.0]]}, "finger3joint2": {"matrix": [[-0.7963111996650696, -0.49179017543792725, -0.35217997431755066, -2.042736053466797], [-0.5133526921272278, 0.24150550365447998, 0.8234949707984924, 0.6520785093307495], [-0.31993329524993896, 0.8365508913993835, -0.44477540254592896, -0.8103813529014587], [0.0, 0.0, 0.0, 1.0]]}, "finger3joint3": {"matrix": [[-0.7491517663002014, 0.5534446239471436, -0.3639650046825409, -2.360963821411133], [-0.63190096616745, -0.7619150280952454, 0.1420791894197464, 0.8083520531654358], [-0.19867739081382751, 0.336428701877594, 0.920512318611145, -0.2690657377243042], [0.0, 0.0, 0.0, 1.0]]}, "Bone.003": {"matrix": [[-0.5392787456512451, 0.32079988718032837, 0.7786307334899902, -1.1241401433944702], [0.12612147629261017, 0.9449384212493896, -0.30196794867515564, -0.24863307178020477], [-0.8326292634010315, -0.06464292109012604, -0.5500450730323792, -0.9301771521568298], [0.0, 0.0, 0.0, 1.0]]}, "finger4joint1": {"matrix": [[-0.7310503125190735, -0.6728538870811462, 0.11328180134296417, -0.9866390228271484], [-0.5776480436325073, 0.6986758708953857, 0.42210710048675537, 0.1563858985900879], [-0.36316365003585815, 0.2431446611881256, -0.8994401097297668, -0.9578843712806702], [0.0, 0.0, 0.0, 1.0]]}, "finger4joint2": {"matrix": [[-0.7439582347869873, -0.6449243426322937, -0.17492350935935974, -1.655024528503418], [-0.5532216429710388, 0.44761922955513, 0.7025541663169861, 0.8504218459129333], [-0.374795138835907, 0.6194427013397217, -0.6897963285446167, -0.7163544297218323], [0.0, 0.0, 0.0, 1.0]]}, "finger4joint3": {"matrix": [[-0.6851347088813782, -0.6213518381118774, -0.38014715909957886, -1.9239987134933472], [-0.5987337827682495, 0.1831534504890442, 0.7797257304191589, 1.0371071100234985], [-0.41485872864723206, 0.7618244290351868, -0.497509241104126, -0.4580078721046448], [0.0, 0.0, 0.0, 1.0]]}}