{"root": {"matrix": [[0.41012200713157654, -0.8446269631385803, 0.3441006541252136, 5.960464477539063e-08], [0.42989450693130493, -0.15372011065483093, -0.8896970748901367, 0.0], [0.8043572902679443, 0.5128113031387329, 0.30005642771720886, 5.960464477539063e-08], [0.0, 0.0, 0.0, 1.0]]}, "carpals": {"matrix": [[-0.5150681138038635, -0.5165809392929077, -0.683994710445404, 0.0620596706867218], [0.8566761016845703, -0.28373757004737854, -0.43081197142601013, 0.9217568635940552], [0.028474407270550728, -0.8078593611717224, 0.5886867642402649, 2.2872469425201416], [0.0, 0.0, 0.0, 1.0]]}, "metacarpals": {"matrix": [[-0.6944310069084167, -0.6043974161148071, -0.390472948551178, -0.44108694791793823], [0.6849752068519592, -0.3890445828437805, -0.6159977316856384, 0.6453981995582581], [0.22039619088172913, -0.6952321529388428, 0.6841617822647095, 1.500396728515625], [0.0, 0.0, 0.0, 1.0]]}, "finger5joint1": {"matrix": [[-0.49930134415626526, -0.7153788208961487, -0.48880571126937866, -0.5035214424133301], [0.6682260632514954, 0.041163939982652664, -0.7428185343742371, 0.5565941333770752], [0.5515179634094238, -0.6975228786468506, 0.4574815630912781, 0.7835351824760437], [0.0, 0.0, 0.0, 1.0]]}, "finger5joint2": {"matrix": [[-0.477621465921402, -0.878519594669342, 0.008961739018559456, -1.2591562271118164], [-0.7407562732696533, 0.39719757437705994, -0.54176926612854, 0.6000745892524719], [0.4723954200744629, -0.2653988301753998, -0.8404792547225952, 0.04676109552383423], [0.0, 0.0, 0.0, 1.0]]}, "finger5joint3": {"matrix": [[-0.5573159456253052, -0.7889976501464844, -0.25861358642578125, -1.8629934787750244], [-0.6694856882095337, 0.6112492680549622, -0.42209354043006897, 0.8730823993682861], [0.4911082684993744, -0.06210106983780861, -0.8688817024230957, -0.13565684854984283], [0.0, 0.0, 0.0, 1.0]]}, "Bone": {"matrix": [[0.5207109451293945, -0.7140278220176697, -0.468000203371048, -1.3847191333770752], [0.5408642888069153, 0.7000410556793213, -0.4662705957889557, 0.03799152374267578], [0.6605494618415833, -0.010332239791750908, 0.7507111430168152, 0.4149463474750519], [0.0, 0.0, 0.0, 1.0]]}, "finger1joint1": {"matrix": [[-0.6131564974784851, -0.7896319627761841, 0.02280793897807598, -1.97892427444458], [0.7028828859329224, -0.558517575263977, -0.44046977162361145, 0.6205570697784424], [0.3605477511882782, -0.2540455162525177, 0.8974774479866028, 0.40634799003601074], [0.0, 0.0, 0.0, 1.0]]}, "finger1joint2": {"matrix": [[-0.5750699043273926, -0.060157373547554016, -0.8158893585205078, -2.4252068996429443], [0.8146414756774902, 0.0495544858276844, -0.577843964099884, 0.3048950433731079], [0.0751926451921463, -0.9969578981399536, 0.02050946280360222, 0.26276695728302], [0.0, 0.0, 0.0, 1.0]]}, "finger1joint3": {"matrix": [[-0.6521447896957397, 0.755403995513916, -0.06381075829267502, -2.450995683670044], [0.7495639324188232, 0.6551098823547363, 0.09478966891765594, 0.3261382579803467], [0.11340764909982681, 0.013986277393996716, -0.9934499263763428, -0.16461250185966492], [0.0, 0.0, 0.0, 1.0]]}, "Bone.001": {"matrix": [[0.18940165638923645, -0.9661353230476379, -0.1752404272556305, -1.3847191333770752], [0.6868069171905518, 0.2579001188278198, -0.679546594619751, 0.03799158334732056], [0.7017285823822021, 0.008351035416126251, 0.7123951315879822, 0.4149463474750519], [0.0, 0.0, 0.0, 1.0]]}, "finger2joint1": {"matrix": [[-0.5003603100776672, -0.25286099314689636, -0.828070342540741, -1.9971365928649902], [0.6410508155822754, 0.5346681475639343, -0.5506212115287781, 0.20147022604942322], [0.5819735527038574, -0.8063441514968872, -0.10542990267276764, 0.42023998498916626], [0.0, 0.0, 0.0, 1.0]]}, "finger2joint2": {"matrix": [[-0.4425026476383209, -0.08773195743560791, -0.8924652338027954, -2.2158989906311035], [0.7349050045013428, 0.5348463654518127, -0.41695791482925415, 0.664037823677063], [0.5139124989509583, -0.8403820395469666, -0.1721961945295334, -0.27736786007881165], [0.0, 0.0, 0.0, 1.0]]}, "finger2joint3": {"matrix": [[-0.3681187629699707, 0.17345480620861053, -0.9134559035301208, -2.2492034435272217], [0.8256976008415222, 0.5126469731330872, -0.23540671169757843, 0.8670742511749268], [0.4274481236934662, -0.84089595079422, -0.3319361209869385, -0.5963906645774841], [0.0, 0.0, 0.0, 1.0]]}, "Bone.002": {"matrix": [[-0.5351588129997253, -0.8402628898620605, -0.0869661420583725, -1.3847191333770752], [0.6827120780944824, -0.3695770502090454, -0.6303309202194214, 0.03799158334732056], [0.4975031018257141, -0.39669981598854065, 0.7714399695396423, 0.4149463474750519], [0.0, 0.0, 0.0, 1.0]]}, "finger3joint1": {"matrix": [[-0.2906302809715271, -0.7956730723381042, -0.5314491391181946, -1.738898515701294], [0.7377128601074219, 0.1673862636089325, -0.6540349125862122, -0.11778885871171951], [0.6093553900718689, -0.5821389555931091, 0.5383307337760925, 0.24773335456848145], [0.0, 0.0, 0.0, 1.0]]}, "finger3joint2": {"matrix": [[-0.39194974303245544, 0.09230620414018631, -0.9153441190719604, -2.4368481636047363], [0.7797091007232666, 0.5614113211631775, -0.2772563695907593, 0.02903929352760315], [0.4882921874523163, -0.822372555732727, -0.29201680421829224, -0.2629081606864929], [0.0, 0.0, 0.0, 1.0]]}, "finger3joint3": {"matrix": [[-0.22737053036689758, 0.6031894683837891, -0.764503002166748, -2.3771185874938965], [0.8421096801757812, 0.5160389542579651, 0.156700998544693, 0.39231744408607483], [0.4890338182449341, -0.6081662774085999, -0.6252834796905518, -0.795049250125885], [0.0, 0.0, 0.0, 1.0]]}, "Bone.003": {"matrix": [[-0.8362703323364258, -0.016954489052295685, 0.5480549335479736, -1.3847192525863647], [-0.07363713532686234, -0.9869946837425232, -0.14289548993110657, 0.03799155354499817], [0.543350100517273, -0.15985651314258575, 0.8241457939147949, 0.4149463176727295], [0.0, 0.0, 0.0, 1.0]]}, "finger4joint1": {"matrix": [[-0.7675973773002625, -0.5637422800064087, -0.30494004487991333, -1.3919861316680908], [0.627469539642334, -0.5639691948890686, -0.536861777305603, -0.38505351543426514], [0.13067512214183807, -0.6034343242645264, 0.7866324782371521, 0.3464287519454956], [0.0, 0.0, 0.0, 1.0]]}, "finger4joint2": {"matrix": [[-0.7860636711120605, -0.3803284466266632, -0.4872921109199524, -1.9519848823547363], [0.6038928031921387, -0.30418872833251953, -0.7367377877235413, -0.9452773332595825], [0.1319737732410431, -0.8733950257301331, 0.4687894582748413, -0.2529982030391693], [0.0, 0.0, 0.0, 1.0]]}, "finger4joint3": {"matrix": [[-0.7445151209831238, -0.282014936208725, -0.6051150560379028, -2.1106057167053223], [0.6378013491630554, -0.032664839178323746, -0.7695078253746033, -1.0721431970596313], [0.19724690914154053, -0.9588534832000732, 0.20418909192085266, -0.6172587871551514], [0.0, 0.0, 0.0, 1.0]]}}