{"root": {"matrix": [[0.3119237422943115, -0.6708481311798096, -0.6728048920631409, 0.0], [-0.9465171694755554, -0.15790924429893494, -0.28137141466140747, -1.4901161193847656e-08], [0.08251529186964035, 0.7245877981185913, -0.6842249631881714, 0.0], [0.0, 0.0, 0.0, 1.0]]}, "carpals": {"matrix": [[0.7642335295677185, -0.6444992423057556, -0.023826632648706436, 0.12441128492355347], [0.4640829265117645, 0.5238943099975586, 0.7142558097839355, -2.2634546756744385], [-0.44785475730895996, -0.5569159388542175, 0.699478805065155, 0.9727694392204285], [0.0, 0.0, 0.0, 1.0]]}, "metacarpals": {"matrix": [[-0.15393619239330292, -0.5970929265022278, 0.7872633337974548, -0.5033270120620728], [-0.27118927240371704, 0.7916942238807678, 0.5474269390106201, -1.7531845569610596], [-0.9501367211341858, -0.1292285919189453, -0.28379562497138977, 0.4303366243839264], [0.0, 0.0, 0.0, 1.0]]}, "finger5joint1": {"matrix": [[0.2989012598991394, -0.6179304718971252, 0.7272000312805176, -1.140913724899292], [-0.6141690015792847, 0.4586735963821411, 0.6421951055526733, -1.4789981842041016], [-0.7303795218467712, -0.6385767459869385, -0.242415651679039, 0.6400505304336548], [0.0, 0.0, 0.0, 1.0]]}, "finger5joint2": {"matrix": [[0.6917689442634583, -0.46010807156562805, -0.5565571188926697, -1.793616533279419], [0.6442508697509766, 0.045099906623363495, 0.763482928276062, -0.9945141077041626], [-0.32618412375450134, -0.886716365814209, 0.3276239335536957, -0.03446042537689209], [0.0, 0.0, 0.0, 1.0]]}, "finger5joint3": {"matrix": [[0.6753813624382019, -0.2882968485355377, -0.6787816286087036, -2.1098649501800537], [0.6026332974433899, -0.31478193402290344, 0.7333108186721802, -0.9635152816772461], [-0.4250795245170593, -0.9043211340904236, -0.038860417902469635, -0.6439316272735596], [0.0, 0.0, 0.0, 1.0]]}, "Bone": {"matrix": [[0.4974038004875183, -0.37469974160194397, 0.7824253439903259, -1.4355548620224], [-0.8675075173377991, -0.219461590051651, 0.4463931918144226, -0.5171302556991577], [0.0044489214196801186, -0.9007977247238159, -0.4342159628868103, 0.22857487201690674], [0.0, 0.0, 0.0, 1.0]]}, "finger1joint1": {"matrix": [[-0.056851159781217575, -0.9334137439727783, 0.35426920652389526, -1.747375249862671], [-0.3633381128311157, 0.34985384345054626, 0.8634738922119141, -0.6997634768486023], [-0.9299210906028748, -0.0796300619840622, -0.3590344488620758, -0.5210578441619873], [0.0, 0.0, 0.0, 1.0]]}, "finger1joint2": {"matrix": [[-0.1433316469192505, -0.3009811043739319, -0.9427971243858337, -2.274920701980591], [-0.6159009337425232, -0.7185534834861755, 0.3230271339416504, -0.5020335912704468], [-0.7746753692626953, 0.6269697546958923, -0.08238313347101212, -0.5660630464553833], [0.0, 0.0, 0.0, 1.0]]}, "finger1joint3": {"matrix": [[-0.22693553566932678, 0.5113786458969116, -0.8288498520851135, -2.4039463996887207], [-0.5532421469688416, -0.7680943012237549, -0.32241880893707275, -0.8100656867027283], [-0.8015131950378418, 0.3853864371776581, 0.45722413063049316, -0.2972913980484009], [0.0, 0.0, 0.0, 1.0]]}, "Bone.001": {"matrix": [[0.4298850893974304, -0.2396160364151001, 0.8705071806907654, -1.4355548620224], [-0.8315291404724121, 0.27058905363082886, 0.4851188659667969, -0.5171301960945129], [-0.35179200768470764, -0.932397723197937, -0.08292555063962936, 0.2285749614238739], [0.0, 0.0, 0.0, 1.0]]}, "finger2joint1": {"matrix": [[0.004970172885805368, -0.2249075323343277, 0.9743673205375671, -1.587443470954895], [-0.4842355251312256, 0.8519765138626099, 0.19912683963775635, -0.34560826420783997], [-0.8749233484268188, -0.47281309962272644, -0.10467377305030823, -0.36245670914649963], [0.0, 0.0, 0.0, 1.0]]}, "finger2joint2": {"matrix": [[-0.10545419901609421, -0.3520519733428955, 0.9300207495689392, -1.7820219993591309], [-0.42152702808380127, 0.8628804683685303, 0.278840035200119, 0.39147835969924927], [-0.9006631970405579, -0.3626241087913513, -0.23939384520053864, -0.7715104818344116], [0.0, 0.0, 0.0, 1.0]]}, "finger2joint3": {"matrix": [[-0.22781310975551605, -0.5341179370880127, 0.8141369223594666, -1.9156668186187744], [-0.3429928123950958, 0.8265501260757446, 0.4462849199771881, 0.7190419435501099], [-0.9112940430641174, -0.17757362127304077, -0.3714977204799652, -0.909168541431427], [0.0, 0.0, 0.0, 1.0]]}, "Bone.002": {"matrix": [[0.1273023635149002, -0.36729884147644043, 0.9213498830795288, -1.4355549812316895], [-0.4148716628551483, 0.8240274786949158, 0.3858236074447632, -0.5171301960945129], [-0.9009303450584412, -0.4313582479953766, -0.047481268644332886, 0.2285749316215515], [0.0, 0.0, 0.0, 1.0]]}, "finger3joint1": {"matrix": [[-0.08444545418024063, 0.30860984325408936, 0.9474327564239502, -1.5903750658035278], [-0.3724144399166107, 0.8721469640731812, -0.3172803223133087, -0.16979438066482544], [-0.9242166876792908, -0.37963053584098816, 0.041281845420598984, 0.046753108501434326], [0.0, 0.0, 0.0, 1.0]]}, "finger3joint2": {"matrix": [[-0.07127425074577332, -0.9691761136054993, 0.23583407700061798, -1.3196680545806885], [-0.2172311395406723, 0.24584238231182098, 0.9446543455123901, 0.5952368974685669], [-0.9735145568847656, 0.016099123284220695, -0.22805741429328918, -0.2862517833709717], [0.0, 0.0, 0.0, 1.0]]}, "finger3joint3": {"matrix": [[-0.15791384875774384, -0.7192144393920898, -0.676604688167572, -1.9468028545379639], [-0.360525906085968, -0.5959058403968811, 0.7175770401954651, 0.7543166279792786], [-0.9192846417427063, 0.3572489023208618, -0.16519351303577423, -0.2758343815803528], [0.0, 0.0, 0.0, 1.0]]}, "Bone.003": {"matrix": [[0.3920302391052246, 0.20368584990501404, 0.8971200585365295, -1.4355549812316895], [0.35457202792167664, 0.8663833737373352, -0.35165077447891235, -0.5171302556991577], [-0.8488761782646179, 0.4559514820575714, 0.2674271762371063, 0.22857491672039032], [0.0, 0.0, 0.0, 1.0]]}, "finger4joint1": {"matrix": [[-0.07990029454231262, -0.14438115060329437, 0.9862909317016602, -1.3482511043548584], [-0.44552484154701233, 0.8902957439422607, 0.09423628449440002, -0.14578145742416382], [-0.8916968703269958, -0.4318876266479492, -0.13546036183834076, 0.42400461435317993], [0.0, 0.0, 0.0, 1.0]]}, "finger4joint2": {"matrix": [[-0.06412863731384277, -0.7204199433326721, 0.6905667781829834, -1.4916733503341675], [-0.42309653759002686, 0.6463475227355957, 0.6349988579750061, 0.7386018633842468], [-0.9038121700286865, -0.25145477056503296, -0.34625664353370667, -0.005014866590499878], [0.0, 0.0, 0.0, 1.0]]}, "finger4joint3": {"matrix": [[-0.014116247184574604, -0.958065390586853, 0.2862014174461365, -1.7921336889266968], [-0.48460420966148376, 0.2569223642349243, 0.8361513018608093, 1.008169412612915], [-0.8746193647384644, -0.12689103186130524, -0.46790939569473267, -0.10988731682300568], [0.0, 0.0, 0.0, 1.0]]}}