{"root": {"matrix": [[0.3134157359600067, -0.6153952479362488, -0.723228394985199, 0.0], [-0.7438711524009705, 0.3143048584461212, -0.5898035168647766, 2.9802322387695312e-08], [0.5902764201164246, 0.7228424549102783, -0.3592666983604431, 0.0], [0.0, 0.0, 0.0, 1.0]]}, "carpals": {"matrix": [[0.8948496580123901, -0.4354803264141083, 0.0979839563369751, 0.18773256242275238], [0.12291447073221207, 0.45142862200737, 0.8838008046150208, -1.3082890510559082], [-0.4291106164455414, -0.7788252830505371, 0.4574877917766571, 2.082815647125244], [0.0, 0.0, 0.0, 1.0]]}, "metacarpals": {"matrix": [[0.10013546049594879, -0.6172885298728943, 0.7803381681442261, -0.23642271757125854], [-0.561363935470581, 0.6124808192253113, 0.5565405488014221, -0.8686001896858215], [-0.8214884996414185, -0.4937831461429596, -0.2851924002170563, 1.324244499206543], [0.0, 0.0, 0.0, 1.0]]}, "finger5joint1": {"matrix": [[0.21508042514324188, -0.7213026881217957, 0.6583788990974426, -0.9272664189338684], [-0.5559441447257996, 0.46382805705070496, 0.689774751663208, -0.6495188474655151], [-0.8029111623764038, -0.5143789052963257, -0.3012436032295227, 1.3039195537567139], [0.0, 0.0, 0.0, 1.0]]}, "finger5joint2": {"matrix": [[0.7105590105056763, -0.4964732825756073, -0.49861782789230347, -1.6891584396362305], [0.6677109599113464, 0.25222155451774597, 0.7003896832466125, -0.15959008038043976], [-0.2219626009464264, -0.8306008577346802, 0.510719358921051, 0.7605953216552734], [0.0, 0.0, 0.0, 1.0]]}, "finger5joint3": {"matrix": [[0.6874760389328003, -0.42496857047080994, -0.5888785719871521, -2.0304017066955566], [0.6487647294998169, -0.004965438507497311, 0.7609723806381226, 0.0137706333771348], [-0.32631340622901917, -0.9051941633224487, 0.2722913324832916, 0.18969427049160004], [0.0, 0.0, 0.0, 1.0]]}, "Bone": {"matrix": [[0.5571142435073853, -0.12972450256347656, 0.8202409148216248, -1.200181484222412], [-0.7366868853569031, -0.5330970883369446, 0.4160521626472473, 0.08765235543251038], [0.38329583406448364, -0.8360496163368225, -0.39256229996681213, 0.5533120036125183], [0.0, 0.0, 0.0, 1.0]]}, "finger1joint1": {"matrix": [[0.6580542922019958, -0.7406861186027527, 0.13545680046081543, -1.3081365823745728], [-0.5988108515739441, -0.4057251811027527, 0.6905158758163452, -0.35598447918891907], [-0.4564974904060364, -0.5355101227760315, -0.7105200886726379, -0.14243820309638977], [0.0, 0.0, 0.0, 1.0]]}, "finger1joint2": {"matrix": [[0.6002486944198608, -0.7579919695854187, -0.2552443742752075, -1.7267564535140991], [-0.772375226020813, -0.6322190165519714, 0.0611165352165699, -0.5852915048599243], [-0.2076963484287262, 0.16045919060707092, -0.964942991733551, -0.4450969099998474], [0.0, 0.0, 0.0, 1.0]]}, "finger1joint3": {"matrix": [[0.598715603351593, -0.47386568784713745, -0.6457483768463135, -2.051694869995117], [-0.7384979128837585, -0.6387205719947815, -0.21600118279457092, -0.8563134670257568], [-0.31009742617607117, 0.606207013130188, -0.7323608994483948, -0.37631067633628845], [0.0, 0.0, 0.0, 1.0]]}, "Bone.001": {"matrix": [[0.5729672312736511, -0.035006146878004074, 0.8188302516937256, -1.2001813650131226], [-0.8190745115280151, -0.05947217345237732, 0.5705956816673279, 0.08765237033367157], [0.02872316911816597, -0.9976158738136292, -0.06274815648794174, 0.5533120036125183], [0.0, 0.0, 0.0, 1.0]]}, "finger2joint1": {"matrix": [[0.16107164323329926, -0.44068554043769836, 0.8830923438072205, -1.222371220588684], [-0.6466273069381714, 0.628855288028717, 0.4317564368247986, 0.0499538779258728], [-0.7456063032150269, -0.6405753493309021, -0.18366849422454834, -0.07906043529510498], [0.0, 0.0, 0.0, 1.0]]}, "finger2joint2": {"matrix": [[0.038258764892816544, -0.568572998046875, 0.8217425346374512, -1.6036298274993896], [-0.6242308020591736, 0.628548800945282, 0.463963121175766, 0.5940074920654297], [-0.7803025841712952, -0.5307076573371887, -0.3308732807636261, -0.6332534551620483], [0.0, 0.0, 0.0, 1.0]]}, "finger2joint3": {"matrix": [[-0.1007867082953453, -0.7379646897315979, 0.6672705411911011, -1.8194694519042969], [-0.5869610905647278, 0.5856350660324097, 0.5590238571166992, 0.8326148986816406], [-0.8033171892166138, -0.3353196680545807, -0.49218085408210754, -0.8347187638282776], [0.0, 0.0, 0.0, 1.0]]}, "Bone.002": {"matrix": [[0.3733211159706116, -0.3262783885002136, 0.8684317469596863, -1.200181484222412], [-0.6374302506446838, 0.5899205207824707, 0.4956572651863098, 0.08765237033367157], [-0.674028217792511, -0.738603949546814, 0.012250133790075779, 0.5533120036125183], [0.0, 0.0, 0.0, 1.0]]}, "finger3joint1": {"matrix": [[0.20491299033164978, -0.16314202547073364, 0.9650882482528687, -1.337710976600647], [-0.6746643781661987, 0.6908072233200073, 0.26002511382102966, 0.3363097906112671], [-0.7091112732887268, -0.7043930292129517, 0.03148927167057991, 0.2419830858707428], [0.0, 0.0, 0.0, 1.0]]}, "finger3joint2": {"matrix": [[0.1389438658952713, -0.9722713828086853, -0.18810345232486725, -1.4808162450790405], [-0.5665174126625061, -0.23383307456970215, 0.7901771068572998, 0.9422731399536133], [-0.812251627445221, -0.0032263195607811213, -0.5832982063293457, -0.37589749693870544], [0.0, 0.0, 0.0, 1.0]]}, "finger3joint3": {"matrix": [[0.12018543481826782, -0.21796783804893494, -0.9685274958610535, -2.1099536418914795], [-0.7022227644920349, -0.708280622959137, 0.07225953042507172, 0.7909643650054932], [-0.7017397284507751, 0.6714373826980591, -0.23818683624267578, -0.3779851794242859], [0.0, 0.0, 0.0, 1.0]]}, "Bone.003": {"matrix": [[0.5488811135292053, 0.012251281179487705, 0.835810661315918, -1.200181484222412], [0.14470572769641876, 0.9834033250808716, -0.10944364219903946, 0.08765235543251038], [-0.8232797980308533, 0.18101833760738373, 0.5379986763000488, 0.5533120036125183], [0.0, 0.0, 0.0, 1.0]]}, "finger4joint1": {"matrix": [[0.15792983770370483, -0.22110114991664886, 0.9623784422874451, -1.1949301958084106], [-0.6582583785057068, 0.7028943300247192, 0.2695087194442749, 0.5091581344604492], [-0.7360393404960632, -0.6760570406913757, -0.034533657133579254, 0.6309000253677368], [0.0, 0.0, 0.0, 1.0]]}, "finger4joint2": {"matrix": [[0.17137421667575836, -0.9390546679496765, 0.29800519347190857, -1.4145631790161133], [-0.6366457343101501, 0.12528620660305023, 0.7609105706214905, 1.2073845863342285], [-0.7518728375434875, -0.32012414932250977, -0.5763742923736572, -0.040667369961738586], [0.0, 0.0, 0.0, 1.0]]}, "finger4joint3": {"matrix": [[0.24446310102939606, -0.9222784638404846, -0.2993995249271393, -1.8062078952789307], [-0.65591961145401, -0.38469114899635315, 0.6494470834732056, 1.2596367597579956], [-0.714147686958313, 0.03761612996459007, -0.6989832520484924, -0.1741792857646942], [0.0, 0.0, 0.0, 1.0]]}}