{"root": {"matrix": [[0.4749421775341034, -0.5193394422531128, -0.7104340195655823, 0.0], [-0.8053778409957886, 0.06885554641485214, -0.5887489914894104, 0.0], [0.35467782616615295, 0.8517895936965942, -0.38556212186813354, 0.0], [0.0, 0.0, 0.0, 1.0]]}, "carpals": {"matrix": [[0.7338361740112305, -0.6673508286476135, -0.1269930899143219, 0.6456029415130615], [0.49248743057250977, 0.3938649892807007, 0.7760967016220093, -1.6877532005310059], [-0.46791064739227295, -0.6320704221725464, 0.6176944375038147, 1.679187536239624], [0.0, 0.0, 0.0, 1.0]]}, "metacarpals": {"matrix": [[0.3254287838935852, -0.7686195373535156, 0.5507449507713318, -0.0043926239013671875], [-0.1549878716468811, 0.5312129259109497, 0.8329412341117859, -1.304131031036377], [-0.9327779412269592, -0.35642188787460327, 0.05374537780880928, 1.0635547637939453], [0.0, 0.0, 0.0, 1.0]]}, "finger5joint1": {"matrix": [[0.32062608003616333, -0.8594453930854797, 0.39818644523620605, -0.7266804575920105], [-0.06811594218015671, 0.39837080240249634, 0.9146914482116699, -1.3164340257644653], [-0.9447534084320068, -0.32039675116539, 0.0691862404346466, 1.0017170906066895], [0.0, 0.0, 0.0, 1.0]]}, "finger5joint2": {"matrix": [[0.4494530260562897, -0.5801990032196045, -0.6792353391647339, -1.634488821029663], [0.8849698901176453, 0.3928152024745941, 0.2500477433204651, -0.8956460952758789], [0.12173664569854736, -0.7134875655174255, 0.6900110244750977, 0.6632908582687378], [0.0, 0.0, 0.0, 1.0]]}, "finger5joint3": {"matrix": [[0.4300355613231659, -0.451975554227829, -0.781528651714325, -2.03328013420105], [0.9026622176170349, 0.23100121319293976, 0.3630959093570709, -0.6256504058837891], [0.016423692926764488, -0.8616007566452026, 0.5073203444480896, 0.17288585007190704], [0.0, 0.0, 0.0, 1.0]]}, "Bone": {"matrix": [[0.7602969408035278, 0.10093926638364792, 0.6416850090026855, -1.204421043395996], [-0.6172946095466614, -0.1952659636735916, 0.7621142268180847, -0.47476017475128174], [0.20222648978233337, -0.9755420684814453, -0.08615078777074814, 0.5070812106132507], [0.0, 0.0, 0.0, 1.0]]}, "finger1joint1": {"matrix": [[0.5530500411987305, -0.7265478372573853, 0.407754510641098, -1.1204206943511963], [-0.2304985076189041, 0.33688148856163025, 0.9128969311714172, -0.6372581124305725], [-0.8006284832954407, -0.5988646149635315, 0.018844228237867355, -0.30475279688835144], [0.0, 0.0, 0.0, 1.0]]}, "finger1joint2": {"matrix": [[0.4170656204223633, -0.8517022132873535, 0.3172689378261566, -1.5310499668121338], [-0.5041834712028503, 0.07363692671060562, 0.8604512214660645, -0.44686001539230347], [-0.7562111020088196, -0.5188264846801758, -0.3987026512622833, -0.6432181596755981], [0.0, 0.0, 0.0, 1.0]]}, "finger1joint3": {"matrix": [[0.47801637649536133, -0.8709571957588196, -0.11372729390859604, -1.89616060256958], [-0.41681116819381714, -0.3388989269733429, 0.8434545397758484, -0.4152930974960327], [-0.773155152797699, -0.3557823598384857, -0.525023877620697, -0.8656305074691772], [0.0, 0.0, 0.0, 1.0]]}, "Bone.001": {"matrix": [[0.8196423053741455, 0.03260473161935806, 0.571946918964386, -1.2044211626052856], [-0.5525109171867371, 0.3088195025920868, 0.77418452501297, -0.4747602045536041], [-0.1513863205909729, -0.9505614638328552, 0.2711361348628998, 0.5070812702178955], [0.0, 0.0, 0.0, 1.0]]}, "finger2joint1": {"matrix": [[0.8001369833946228, -0.5996682643890381, 0.01336416881531477, -1.1837536096572876], [-0.1794571578502655, -0.21807101368904114, 0.9592912197113037, -0.2790045738220215], [-0.5723422765731812, -0.7699628472328186, -0.28210142254829407, -0.09546411037445068], [0.0, 0.0, 0.0, 1.0]]}, "finger2joint2": {"matrix": [[0.7379565238952637, -0.6191514134407043, -0.2684614956378937, -1.7025558948516846], [-0.2863219678401947, -0.6474868655204773, 0.7062435746192932, -0.46766847372055054], [-0.6110972166061401, -0.44431072473526, -0.6550938487052917, -0.7615966796875], [0.0, 0.0, 0.0, 1.0]]}, "finger2joint3": {"matrix": [[0.6830875873565674, -0.6012642979621887, -0.4145749807357788, -1.9375959634780884], [-0.4206494092941284, -0.7879419922828674, 0.4496675729751587, -0.7134650945663452], [-0.5970302820205688, -0.13277168571949005, -0.7911549806594849, -0.9302642941474915], [0.0, 0.0, 0.0, 1.0]]}, "Bone.002": {"matrix": [[0.6011263132095337, -0.4771842360496521, 0.6410478353500366, -1.2044212818145752], [-0.19280663132667542, 0.6918628215789795, 0.6958096623420715, -0.4747602343559265], [-0.7755467295646667, -0.5418676733970642, 0.3238927721977234, 0.5070812106132507], [0.0, 0.0, 0.0, 1.0]]}, "finger3joint1": {"matrix": [[0.4029962718486786, 0.04510009288787842, 0.9140896797180176, -1.4055590629577637], [-0.2051599621772766, 0.9778178334236145, 0.04220492020249367, -0.183133065700531], [-0.8919100165367126, -0.20454289019107819, 0.4033096432685852, 0.2786785662174225], [0.0, 0.0, 0.0, 1.0]]}, "finger3joint2": {"matrix": [[0.3692902624607086, -0.9098421931266785, 0.18924041092395782, -1.3659982681274414], [-0.04944484680891037, 0.18410921096801758, 0.9816612005233765, 0.6745907068252563], [-0.9279977679252625, -0.3718748092651367, 0.02300291694700718, 0.09925732016563416], [0.0, 0.0, 0.0, 1.0]]}, "finger3joint3": {"matrix": [[0.2866053581237793, -0.6948444843292236, -0.6595821380615234, -1.9547390937805176], [-0.204624742269516, -0.7169744968414307, 0.6663901805877686, 0.7937241196632385], [-0.9359412789344788, -0.05602428689599037, -0.34767094254493713, -0.14137554168701172], [0.0, 0.0, 0.0, 1.0]]}, "Bone.003": {"matrix": [[0.500938892364502, -0.33782458305358887, 0.7968279719352722, -1.2044212818145752], [0.6017063856124878, 0.7977112531661987, -0.04007335379719734, -0.4747602343559265], [-0.622100830078125, 0.49953094124794006, 0.6028758883476257, 0.507081151008606], [0.0, 0.0, 0.0, 1.0]]}, "finger4joint1": {"matrix": [[0.4325515329837799, -0.28216302394866943, 0.8563194870948792, -1.3492193222045898], [-0.3002687692642212, 0.850466251373291, 0.43190884590148926, -0.1328456997871399], [-0.8501397967338562, -0.44394874572753906, 0.28314584493637085, 0.7211899161338806], [0.0, 0.0, 0.0, 1.0]]}, "finger4joint2": {"matrix": [[0.4424247741699219, -0.6040825843811035, 0.6628305912017822, -1.6295087337493896], [-0.27229824662208557, 0.6137216091156006, 0.7410795092582703, 0.711972713470459], [-0.8544668555259705, -0.5083594918251038, 0.10703516006469727, 0.2801893949508667], [0.0, 0.0, 0.0, 1.0]]}, "finger4joint3": {"matrix": [[0.4813646674156189, -0.729993999004364, 0.4851769208908081, -1.8814491033554077], [-0.33318376541137695, 0.3595874011516571, 0.871599018573761, 0.9679331183433533], [-0.810725748538971, -0.5812100768089294, -0.07012933492660522, 0.06817153096199036], [0.0, 0.0, 0.0, 1.0]]}}