{"root": {"matrix": [[0.6214969158172607, -0.7540895342826843, 0.21234527230262756, -5.960464477539063e-08], [0.7347467541694641, 0.6551134586334229, 0.17599330842494965, -5.960464477539063e-08], [-0.2718248963356018, 0.04664073884487152, 0.9612158536911011, 0.0], [0.0, 0.0, 0.0, 1.0]]}, "carpals": {"matrix": [[0.5969383716583252, -0.39624691009521484, -0.6976049542427063, 0.6435108184814453], [-0.46415743231773376, -0.8797954320907593, 0.10255514085292816, 2.28305983543396], [-0.6543869972229004, 0.2625795006752014, -0.7091047167778015, -0.6771381497383118], [0.0, 0.0, 0.0, 1.0]]}, "metacarpals": {"matrix": [[0.2656037509441376, -0.9257084131240845, 0.2692921757698059, 0.25756871700286865], [-0.9137275815010071, -0.33080366253852844, -0.2359459102153778, 1.4261444807052612], [0.3074999749660492, -0.18339157104492188, -0.9337083101272583, -0.42138731479644775], [0.0, 0.0, 0.0, 1.0]]}, "finger5joint1": {"matrix": [[-0.2368420660495758, -0.9135394096374512, 0.33068299293518066, -0.42808717489242554], [-0.957339346408844, 0.16144615411758423, -0.23965851962566376, 1.494753360748291], [0.16555005311965942, -0.3733370900154114, -0.9128047227859497, -0.19590166211128235], [0.0, 0.0, 0.0, 1.0]]}, "finger5joint2": {"matrix": [[0.5782391428947449, -0.7838373780250549, -0.22635740041732788, -1.393033504486084], [-0.14933380484580994, -0.37444064021110535, 0.9151464700698853, 1.6652843952178955], [-0.8020839095115662, -0.49537086486816406, -0.33356979489326477, -0.5902472734451294], [0.0, 0.0, 0.0, 1.0]]}, "finger5joint3": {"matrix": [[0.514119565486908, -0.6108573079109192, -0.6021077036857605, -1.9317924976348877], [-0.23379282653331757, -0.775209903717041, 0.5868474245071411, 1.4079182147979736], [-0.8252403736114502, -0.16094131767749786, -0.5413647890090942, -0.9307330846786499], [0.0, 0.0, 0.0, 1.0]]}, "Bone": {"matrix": [[0.9294931292533875, 0.06147370859980583, 0.36368006467819214, -1.1877192258834839], [0.20445095002651215, -0.9065408110618591, -0.3693011403083801, 0.9096682071685791], [0.30698850750923157, 0.41761767864227295, -0.8551920056343079, -0.7077124118804932], [0.0, 0.0, 0.0, 1.0]]}, "finger1joint1": {"matrix": [[0.6034846305847168, -0.75498366355896, 0.2565259039402008, -1.136561632156372], [-0.7475184202194214, -0.6476479172706604, -0.14754007756710052, 0.15525610744953156], [0.2775288224220276, -0.10271959751844406, -0.9552100896835327, -0.3601761758327484], [0.0, 0.0, 0.0, 1.0]]}, "finger1joint2": {"matrix": [[0.5117067694664001, -0.8386695384979248, 0.18651896715164185, -1.5632619857788086], [-0.6540009379386902, -0.5210133194923401, -0.5484775900840759, -0.21078047156333923], [0.5571703910827637, 0.15867625176906586, -0.815096914768219, -0.4182310998439789], [0.0, 0.0, 0.0, 1.0]]}, "finger1joint3": {"matrix": [[0.558387279510498, -0.7962431907653809, -0.2328091859817505, -1.922785758972168], [-0.6866275668144226, -0.2861015796661377, -0.6683474183082581, -0.43413031101226807], [0.4655601382255554, 0.5330501198768616, -0.7064781188964844, -0.35020917654037476], [0.0, 0.0, 0.0, 1.0]]}, "Bone.001": {"matrix": [[0.9314740896224976, -0.15633946657180786, 0.3285021185874939, -1.1877192258834839], [-0.15935449302196503, -0.9870588183403015, -0.0179048590362072, 0.9096681475639343], [0.3270501494407654, -0.03567042201757431, -0.9443334341049194, -0.7077124714851379], [0.0, 0.0, 0.0, 1.0]]}, "finger2joint1": {"matrix": [[0.8088454008102417, -0.4251013994216919, 0.4062727689743042, -1.2868202924728394], [-0.4960942268371582, -0.8642577528953552, 0.08335836231708527, 0.28398773074150085], [0.3156886398792267, -0.268973708152771, -0.909941554069519, -0.7303233742713928], [0.0, 0.0, 0.0, 1.0]]}, "finger2joint2": {"matrix": [[0.7260684967041016, -0.5685878396034241, 0.3866938352584839, -1.6545963287353516], [-0.5777895450592041, -0.8093752861022949, -0.10521619021892548, -0.4637239873409271], [0.372805118560791, -0.14703351259231567, -0.9161863327026367, -0.9630257487297058], [0.0, 0.0, 0.0, 1.0]]}, "finger2joint3": {"matrix": [[0.6185853481292725, -0.7438884377479553, 0.2529461979866028, -1.8704415559768677], [-0.6550816297531128, -0.6660387516021729, -0.35673514008522034, -0.770976185798645], [0.43384313583374023, 0.05497075989842415, -0.8993098139762878, -1.0188419818878174], [0.0, 0.0, 0.0, 1.0]]}, "Bone.002": {"matrix": [[0.5533566474914551, -0.7174381613731384, 0.4231768846511841, -1.1877191066741943], [-0.8021574020385742, -0.5958549380302429, 0.03873051330447197, 0.9096681475639343], [0.22436527907848358, -0.3608863055706024, -0.9052188992500305, -0.7077124714851379], [0.0, 0.0, 0.0, 1.0]]}, "finger3joint1": {"matrix": [[0.49637869000434875, -0.8197835087776184, 0.2855924069881439, -1.4901264905929565], [-0.8009387254714966, -0.5593659281730652, -0.21355727314949036, 0.6585093140602112], [0.3348214626312256, -0.12273669987916946, -0.9342538714408875, -0.8598296642303467], [0.0, 0.0, 0.0, 1.0]]}, "finger3joint2": {"matrix": [[0.34905046224594116, -0.19581849873065948, -0.9164162278175354, -2.209225654602051], [-0.8704157471656799, 0.29456499218940735, -0.3944714665412903, 0.16784386336803436], [0.3471889793872833, 0.9353537559509277, -0.06762547045946121, -0.9674919843673706], [0.0, 0.0, 0.0, 1.0]]}, "finger3joint3": {"matrix": [[0.48803654313087463, 0.47652673721313477, -0.7312607765197754, -2.3359358310699463], [-0.775982141494751, 0.6204464435577393, -0.11356829106807709, 0.3584510087966919], [0.3995898365974426, 0.6228709816932678, 0.6725769639015198, -0.36224305629730225], [0.0, 0.0, 0.0, 1.0]]}, "Bone.003": {"matrix": [[0.22819192707538605, -0.5175644159317017, 0.8246546983718872, -1.1877191066741943], [-0.8211385011672974, 0.3527880311012268, 0.4486332833766937, 0.9096681475639343], [-0.5231250524520874, -0.77953040599823, -0.34448888897895813, -0.7077124714851379], [0.0, 0.0, 0.0, 1.0]]}, "finger4joint1": {"matrix": [[0.25876888632774353, -0.9569627642631531, -0.13137945532798767, -1.4095573425292969], [-0.9145362377166748, -0.19894345104694366, -0.3521995544433594, 1.0608799457550049], [0.3109048306941986, 0.21128974854946136, -0.9266577959060669, -1.0418343544006348], [0.0, 0.0, 0.0, 1.0]]}, "finger4joint2": {"matrix": [[0.2341790348291397, -0.12832555174827576, -0.9636868238449097, -2.3601648807525635], [-0.92548668384552, 0.27412480115890503, -0.2613988220691681, 0.863257646560669], [0.2977146506309509, 0.9530938863754272, -0.054569266736507416, -0.8319477438926697], [0.0, 0.0, 0.0, 1.0]]}, "finger4joint3": {"matrix": [[0.2581080198287964, 0.6286085844039917, -0.7336423397064209, -2.413684844970703], [-0.9411472082138062, 0.3351241648197174, -0.04396625980734825, 0.9775850176811218], [0.21822373569011688, 0.7018137574195862, 0.6781118512153625, -0.434447705745697], [0.0, 0.0, 0.0, 1.0]]}}