{"root": {"matrix": [[0.435904860496521, -0.8949375748634338, 0.09525569528341293, -5.960464477539063e-08], [-0.4348071217536926, -0.3020816445350647, -0.8483451008796692, 0.0], [0.787990927696228, 0.32837986946105957, -0.5208041667938232, 2.9802322387695312e-08], [0.0, 0.0, 0.0, 1.0]]}, "carpals": {"matrix": [[-0.3956758677959442, -0.49559876322746277, -0.7731896638870239, 0.09909871220588684], [0.7503412961959839, 0.31099632382392883, -0.5833257436752319, -1.1836110353469849], [0.5295549631118774, -0.8109641075134277, 0.2488144338130951, 2.161996603012085], [0.0, 0.0, 0.0, 1.0]]}, "metacarpals": {"matrix": [[-0.5572937726974487, -0.6857417225837708, -0.4681684672832489, -0.3836115598678589], [0.5416505932807922, 0.12710416316986084, -0.8309385180473328, -0.880702555179596], [0.6293156743049622, -0.7166606783866882, 0.3005979657173157, 1.3721224069595337], [0.0, 0.0, 0.0, 1.0]]}, "finger5joint1": {"matrix": [[-0.6987807750701904, -0.6672508120536804, -0.25784003734588623, -0.4845680594444275], [0.5794612765312195, -0.3166521191596985, -0.7509698271751404, -0.5613880157470703], [0.41943997144699097, -0.6741718053817749, 0.6079164147377014, 0.7290666103363037], [0.0, 0.0, 0.0, 1.0]]}, "finger5joint2": {"matrix": [[0.04598582908511162, -0.9424095153808594, 0.33128368854522705, -1.1893666982650757], [-0.7017555832862854, -0.26649612188339233, -0.6606954336166382, -0.895858883857727], [0.7109315991401672, -0.20209749042987823, -0.6735966801643372, 0.01695764809846878], [0.0, 0.0, 0.0, 1.0]]}, "finger5joint3": {"matrix": [[-0.06050257384777069, -0.9951214790344238, 0.07792343199253082, -1.8371176719665527], [-0.686126708984375, -0.015237408690154552, -0.7273221015930176, -1.079030990600586], [0.7249612808227539, -0.09747005254030228, -0.6818579435348511, -0.12195105850696564], [0.0, 0.0, 0.0, 1.0]]}, "Bone": {"matrix": [[0.6285375356674194, -0.5817266702651978, -0.5162696838378906, -1.454244613647461], [0.028821377083659172, 0.6807383298873901, -0.7319592237472534, -0.6822576522827148], [0.7772448658943176, 0.4451845586299896, 0.4446357190608978, 0.2532161474227905], [0.0, 0.0, 0.0, 1.0]]}, "finger1joint1": {"matrix": [[-0.47988003492355347, -0.6500088572502136, -0.5892396569252014, -1.9383505582809448], [0.4952067732810974, 0.35372474789619446, -0.7935041189193726, -0.115755595266819], [0.7242136597633362, -0.67258220911026, 0.15214326977729797, 0.6236932277679443], [0.0, 0.0, 0.0, 1.0]]}, "finger1joint2": {"matrix": [[-0.26459863781929016, -0.3213747441768646, -0.9092335104942322, -2.3057215213775635], [0.706106960773468, 0.5775887370109558, -0.409638911485672, 0.08416196703910828], [0.6568109393119812, -0.7504059672355652, 0.07409578561782837, 0.24356433749198914], [0.0, 0.0, 0.0, 1.0]]}, "finger1joint3": {"matrix": [[-0.34334975481033325, 0.734342098236084, -0.585536003112793, -2.4434895515441895], [0.6393235325813293, 0.6394424438476562, 0.4270581603050232, 0.33176475763320923], [0.6880236864089966, -0.2277165800333023, -0.6890344619750977, -0.0781223401427269], [0.0, 0.0, 0.0, 1.0]]}, "Bone.001": {"matrix": [[0.3291369378566742, -0.9059264063835144, -0.26639437675476074, -1.45424485206604], [0.1708940863609314, 0.334601491689682, -0.9267343878746033, -0.6822576522827148], [0.9286893010139465, 0.2594974637031555, 0.2649470567703247, 0.2532161474227905], [0.0, 0.0, 0.0, 1.0]]}, "finger2joint1": {"matrix": [[-0.32385769486427307, -0.23283959925174713, -0.9170068502426147, -2.028496742248535], [0.20992428064346313, 0.9273989200592041, -0.30961698293685913, -0.4701592028141022], [0.9225224852561951, -0.2927737236022949, -0.25146666169166565, 0.4177073538303375], [0.0, 0.0, 0.0, 1.0]]}, "finger2joint2": {"matrix": [[-0.25745218992233276, -0.06613326817750931, -0.9640251398086548, -2.2299375534057617], [0.3206408619880676, 0.93528151512146, -0.14979171752929688, 0.33217892050743103], [0.9115414619445801, -0.34766989946365356, -0.21958525478839874, 0.16441446542739868], [0.0, 0.0, 0.0, 1.0]]}, "finger2joint3": {"matrix": [[-0.17616330087184906, 0.18586814403533936, -0.96665358543396, -2.255042791366577], [0.4378923177719116, 0.8942917585372925, 0.09215269237756729, 0.6872271299362183], [0.881598949432373, -0.40705618262290955, -0.2389315813779831, 0.032433271408081055], [0.0, 0.0, 0.0, 1.0]]}, "Bone.002": {"matrix": [[-0.3916027247905731, -0.904483437538147, -0.16898739337921143, -1.4542447328567505], [0.3703567087650299, 0.01318101491779089, -0.9287959933280945, -0.6822576522827148], [0.8423082828521729, -0.4263046085834503, 0.3298196494579315, 0.2532161474227905], [0.0, 0.0, 0.0, 1.0]]}, "finger3joint1": {"matrix": [[-0.3802551329135895, -0.6012836694717407, -0.7027543783187866, -1.8354934453964233], [0.4559481739997864, 0.5392141342163086, -0.7080672383308411, -0.6767016649246216], [0.8046847581863403, -0.5896656513214111, 0.06911516934633255, 0.07352447509765625], [0.0, 0.0, 0.0, 1.0]]}, "finger3joint2": {"matrix": [[-0.44299599528312683, 0.07223661988973618, -0.893608570098877, -2.362928628921509], [0.5625943541526794, 0.7984607219696045, -0.2143545299768448, -0.20371302962303162], [0.6980274319648743, -0.5976971983909607, -0.39435485005378723, -0.44371938705444336], [0.0, 0.0, 0.0, 1.0]]}, "finger3joint3": {"matrix": [[-0.2822769284248352, 0.4158477485179901, -0.8645172715187073, -2.316185712814331], [0.629541277885437, 0.7602816224098206, 0.16015447676181793, 0.3129551410675049], [0.7238768339157104, -0.499041348695755, -0.47640320658683777, -0.8304774165153503], [0.0, 0.0, 0.0, 1.0]]}, "Bone.003": {"matrix": [[-0.8176193833351135, -0.1932491511106491, 0.5423588156700134, -1.45424485206604], [-0.2459520548582077, -0.7344861626625061, -0.6324852108955383, -0.6822576522827148], [0.5205823183059692, -0.6505266427993774, 0.5530000329017639, 0.2532161772251129], [0.0, 0.0, 0.0, 1.0]]}, "finger4joint1": {"matrix": [[-0.7511005401611328, -0.657159686088562, 0.0631556436419487, -1.5370750427246094], [0.48012715578079224, -0.6093990206718445, -0.6309598684310913, -0.997072696685791], [0.45312875509262085, -0.44359177350997925, 0.7732402682304382, -0.025612175464630127], [0.0, 0.0, 0.0, 1.0]]}, "finger4joint2": {"matrix": [[-0.7646076083183289, -0.27535223960876465, -0.5827140808105469, -2.189870834350586], [0.4537581205368042, 0.41208210587501526, -0.7901211977005005, -1.6024247407913208], [0.45768800377845764, -0.8685441613197327, -0.19013792276382446, -0.46625813841819763], [0.0, 0.0, 0.0, 1.0]]}, "finger4joint3": {"matrix": [[-0.7304660081863403, 0.21358010172843933, -0.648692786693573, -2.3047096729278564], [0.4294426143169403, 0.8822048902511597, -0.19311445951461792, -1.43056058883667], [0.5310348272323608, -0.4196399450302124, -0.7361413240432739, -0.8284956812858582], [0.0, 0.0, 0.0, 1.0]]}}