{"root": {"matrix": [[0.4113755226135254, -0.6358686685562134, -0.6530246734619141, 0.0], [-0.7401559948921204, 0.18506506085395813, -0.646467387676239, 0.0], [0.531920313835144, 0.7492809891700745, -0.39451080560684204, -5.960464477539063e-08], [0.0, 0.0, 0.0, 1.0]]}, "carpals": {"matrix": [[0.7031344175338745, -0.6999489068984985, -0.12519332766532898, 0.3813335597515106], [0.4957028031349182, 0.356293261051178, 0.7920438051223755, -1.4200189113616943], [-0.5097846984863281, -0.6189720630645752, 0.5974889397621155, 1.9806857109069824], [0.0, 0.0, 0.0, 1.0]]}, "metacarpals": {"matrix": [[0.33137205243110657, -0.6790943741798401, 0.6549986600875854, -0.30041253566741943], [-0.16244056820869446, 0.6427919864654541, 0.7486194372177124, -1.0729912519454956], [-0.9294113516807556, -0.354469895362854, 0.10269094258546829, 1.3778107166290283], [0.0, 0.0, 0.0, 1.0]]}, "finger5joint1": {"matrix": [[0.6013378500938416, -0.5799786448478699, 0.549561083316803, -1.0155404806137085], [-0.29602178931236267, 0.47714629769325256, 0.8274672627449036, -0.9856246113777161], [-0.7421346306800842, -0.6602694988250732, 0.1152399480342865, 1.2963616847991943], [0.0, 0.0, 0.0, 1.0]]}, "finger5joint2": {"matrix": [[0.5528460741043091, -0.5540298819541931, -0.6224241256713867, -1.6281558275222778], [0.8157230615615845, 0.51236492395401, 0.2684724032878876, -0.4816281795501709], [0.1701667159795761, -0.6561495065689087, 0.7351941466331482, 0.5989373922348022], [0.0, 0.0, 0.0, 1.0]]}, "finger5joint3": {"matrix": [[0.5321348905563354, -0.4802286922931671, -0.6972894072532654, -2.008960008621216], [0.8439695239067078, 0.36646538972854614, 0.3916859030723572, -0.12946179509162903], [0.06743377447128296, -0.7969207763671875, 0.6003076434135437, 0.14794278144836426], [0.0, 0.0, 0.0, 1.0]]}, "Bone": {"matrix": [[0.6642719507217407, 0.10499203950166702, 0.7400805950164795, -1.3606672286987305], [-0.7211498618125916, -0.17050406336784363, 0.6714691519737244, -0.06941455602645874], [0.19668561220169067, -0.9797474145889282, -0.03754599392414093, 0.824384868144989], [0.0, 0.0, 0.0, 1.0]]}, "finger1joint1": {"matrix": [[0.4328649640083313, -0.7887007594108582, 0.436553418636322, -1.2732943296432495], [-0.22234591841697693, 0.37590035796165466, 0.8995891809463501, -0.2113059163093567], [-0.8736075162887573, -0.48646658658981323, -0.012650160118937492, 0.009051144123077393], [0.0, 0.0, 0.0, 1.0]]}, "finger1joint2": {"matrix": [[0.29508650302886963, -0.860542356967926, -0.4151996374130249, -1.7190508842468262], [-0.4931483566761017, -0.509367823600769, 0.7052295804023743, 0.0011448264122009277], [-0.8183695077896118, -0.0033488289918750525, -0.5746825933456421, -0.2658892571926117], [0.0, 0.0, 0.0, 1.0]]}, "finger1joint3": {"matrix": [[0.2828919291496277, -0.33472031354904175, -0.8988516926765442, -2.087951421737671], [-0.40017133951187134, -0.8928614854812622, 0.20654524862766266, -0.21721279621124268], [-0.871685266494751, 0.30126455426216125, -0.3865288197994232, -0.267324835062027], [0.0, 0.0, 0.0, 1.0]]}, "Bone.001": {"matrix": [[0.7429651618003845, 0.10379011929035187, 0.6612338423728943, -1.3606674671173096], [-0.65178382396698, 0.3369041085243225, 0.6794652342796326, -0.06941455602645874], [-0.15225069224834442, -0.9358006715774536, 0.3179568946361542, 0.824384868144989], [0.0, 0.0, 0.0, 1.0]]}, "finger2joint1": {"matrix": [[0.7060093283653259, -0.6503291726112366, -0.2803972363471985, -1.2948764562606812], [-0.17521347105503082, -0.5440164804458618, 0.8205764889717102, 0.1441434621810913], [-0.6861857175827026, -0.530205488204956, -0.49802714586257935, 0.2311961054801941], [0.0, 0.0, 0.0, 1.0]]}, "finger2joint2": {"matrix": [[0.6671849489212036, -0.45969539880752563, -0.5861265063285828, -1.8575081825256348], [-0.2987706661224365, -0.88593989610672, 0.3547479510307312, -0.32651183009147644], [-0.6823490858078003, -0.06156518682837486, -0.7284293174743652, -0.22751060128211975], [0.0, 0.0, 0.0, 1.0]]}, "finger2joint3": {"matrix": [[0.6597415208816528, -0.40092456340789795, -0.6356102824211121, -2.032015800476074], [-0.4289085865020752, -0.8953956365585327, 0.11959723383188248, -0.6628291606903076], [-0.617072343826294, 0.1937154084444046, -0.7626898288726807, -0.25088176131248474], [0.0, 0.0, 0.0, 1.0]]}, "Bone.002": {"matrix": [[0.5944061279296875, -0.3630671799182892, 0.7175399661064148, -1.3606672286987305], [-0.24287723004817963, 0.7695574760437012, 0.5905857682228088, -0.06941452622413635], [-0.7666107416152954, -0.5253217816352844, 0.36924904584884644, 0.8243848085403442], [0.0, 0.0, 0.0, 1.0]]}, "finger3joint1": {"matrix": [[0.5457165837287903, 0.10847528278827667, 0.830919086933136, -1.5137038230895996], [-0.5456238389015198, 0.7985810041427612, 0.2540917694568634, 0.25496166944503784], [-0.6359938383102417, -0.5920313000679016, 0.4949856400489807, 0.6029564142227173], [0.0, 0.0, 0.0, 1.0]]}, "finger3joint2": {"matrix": [[0.5233537554740906, -0.8518776297569275, 0.02013331651687622, -1.4185514450073242], [-0.4219270348548889, -0.23854002356529236, 0.8746861815452576, 0.9554622173309326], [-0.7403232455253601, -0.46626508235931396, -0.4842708706855774, 0.08363750576972961], [0.0, 0.0, 0.0, 1.0]]}, "finger3joint3": {"matrix": [[0.46959593892097473, -0.64836585521698, -0.5992507338523865, -1.9697846174240112], [-0.5743170380592346, -0.7398407459259033, 0.3504214882850647, 0.8011077046394348], [-0.6705517172813416, 0.17960327863693237, -0.7197936773300171, -0.21807345747947693], [0.0, 0.0, 0.0, 1.0]]}, "Bone.003": {"matrix": [[0.5963253378868103, -0.24406571686267853, 0.764740526676178, -1.36066734790802], [0.5516001582145691, 0.8167105913162231, -0.16947191953659058, -0.06941452622413635], [-0.5832093358039856, 0.5228915810585022, 0.6216520071029663, 0.824384868144989], [0.0, 0.0, 0.0, 1.0]]}, "finger4joint1": {"matrix": [[0.538155734539032, -0.15005961060523987, 0.8293794989585876, -1.4652786254882812], [-0.5010226964950562, 0.7343354821205139, 0.45795968174934387, 0.2806434631347656], [-0.677764356136322, -0.661991536617279, 0.3200037181377411, 1.048506259918213], [0.0, 0.0, 0.0, 1.0]]}, "finger4joint2": {"matrix": [[0.5504894852638245, -0.6103314757347107, 0.5696108937263489, -1.6143417358398438], [-0.47512099146842957, 0.3319849371910095, 0.8148897886276245, 1.0101022720336914], [-0.6864554286003113, -0.7192224264144897, -0.10722692310810089, 0.3909110426902771], [0.0, 0.0, 0.0, 1.0]]}, "finger4joint3": {"matrix": [[0.5909269452095032, -0.7620032429695129, 0.2648703157901764, -1.8688883781433105], [-0.512942910194397, -0.10149043798446655, 0.8524016737937927, 1.148560881614685], [-0.622651219367981, -0.6395705938339233, -0.45083746314048767, 0.09095005691051483], [0.0, 0.0, 0.0, 1.0]]}}