{"root": {"matrix": [[0.6970175504684448, -0.4262489974498749, 0.5766093730926514, 0.0], [0.18915945291519165, 0.8849545121192932, 0.4255281686782837, 0.0], [-0.6916539669036865, -0.18752941489219666, 0.6974579095840454, 0.0], [0.0, 0.0, 0.0, 1.0]]}, "carpals": {"matrix": [[0.1580158919095993, -0.6582764983177185, -0.7360045313835144, 1.0942414999008179], [-0.7764354348182678, -0.5433403849601746, 0.31926316022872925, 1.2461464405059814], [-0.6100646257400513, 0.5210114121437073, -0.5969657897949219, -1.826127052307129], [0.0, 0.0, 0.0, 1.0]]}, "metacarpals": {"matrix": [[0.09615544229745865, -0.9870498180389404, -0.12839944660663605, 0.4530841112136841], [-0.9665330052375793, -0.061766352504491806, -0.24899525940418243, 0.7169362306594849], [0.23783987760543823, 0.14804452657699585, -0.9599556922912598, -1.3186649084091187], [0.0, 0.0, 0.0, 1.0]]}, "finger5joint1": {"matrix": [[-0.20691294968128204, -0.9782493710517883, -0.014656323939561844, -0.07424759864807129], [-0.9417628645896912, 0.20320993661880493, -0.26793330907821655, 0.9537100791931152], [0.26508378982543945, -0.041636135429143906, -0.9633259773254395, -0.8810185790061951], [0.0, 0.0, 0.0, 1.0]]}, "finger5joint2": {"matrix": [[0.11315344274044037, -0.9922081828117371, 0.05213717743754387, -1.1075453758239746], [-0.23882633447647095, 0.02377469092607498, 0.9707710146903992, 1.1683549880981445], [-0.964447021484375, -0.1222979798913002, -0.2342752069234848, -0.9249976873397827], [0.0, 0.0, 0.0, 1.0]]}, "finger5joint3": {"matrix": [[0.016988595947623253, -0.9795904159545898, -0.2002825289964676, -1.7895246744155884], [-0.28864502906799316, -0.19658774137496948, 0.9370362162590027, 1.184696078300476], [-0.9572852849960327, 0.04189151152968407, -0.28609365224838257, -1.0090574026107788], [0.0, 0.0, 0.0, 1.0]]}, "Bone": {"matrix": [[0.9973358511924744, -0.05019375681877136, -0.05292749032378197, -1.0879746675491333], [-0.06743478775024414, -0.9110774397850037, -0.4066820442676544, 0.6205018162727356], [-0.027808107435703278, 0.40916770696640015, -0.9120352864265442, -1.0875264406204224], [0.0, 0.0, 0.0, 1.0]]}, "finger1joint1": {"matrix": [[0.44501087069511414, -0.8852812051773071, -0.13506311178207397, -1.1297452449798584], [-0.8914065957069397, -0.42344948649406433, -0.16150733828544617, -0.1376855969429016], [0.08578690886497498, 0.19226863980293274, -0.9775854349136353, -0.7470220327377319], [0.0, 0.0, 0.0, 1.0]]}, "finger1joint2": {"matrix": [[0.4826178252696991, -0.8380083441734314, -0.2546009123325348, -1.630086898803711], [-0.7912595272064209, -0.2925597131252289, -0.5369516611099243, -0.3770100772380829], [0.37548401951789856, 0.4605978727340698, -0.8042769432067871, -0.6383559703826904], [0.0, 0.0, 0.0, 1.0]]}, "finger1joint3": {"matrix": [[0.4847698211669922, -0.60992431640625, -0.6268892288208008, -1.9893274307250977], [-0.8303015828132629, -0.09560082852840424, -0.5490534901618958, -0.5024256110191345], [0.27494996786117554, 0.7866718173027039, -0.5527657866477966, -0.44090524315834045], [0.0, 0.0, 0.0, 1.0]]}, "Bone.001": {"matrix": [[0.9079104065895081, -0.4187004566192627, -0.019701240584254265, -1.0879745483398438], [-0.4191349744796753, -0.9062934517860413, -0.054385244846343994, 0.6205018162727356], [0.004915991798043251, 0.057634249329566956, -0.9983255863189697, -1.0875263214111328], [0.0, 0.0, 0.0, 1.0]]}, "finger2joint1": {"matrix": [[0.763997495174408, -0.5089545249938965, -0.39657604694366455, -1.3533819913864136], [-0.61053866147995, -0.7690516114234924, -0.18921378254890442, 0.04601716995239258], [-0.20868635177612305, 0.3866838216781616, -0.8982903361320496, -1.0509929656982422], [0.0, 0.0, 0.0, 1.0]]}, "finger2joint2": {"matrix": [[0.7482075095176697, -0.515723705291748, -0.41738972067832947, -1.7937034368515015], [-0.6574745178222656, -0.6606912016868591, -0.36223486065864563, -0.6193269491195679], [-0.08895276486873627, 0.5454499125480652, -0.8334096670150757, -0.7164539098739624], [0.0, 0.0, 0.0, 1.0]]}, "finger2joint3": {"matrix": [[0.718399703502655, -0.49102309346199036, -0.492745041847229, -1.9894804954528809], [-0.6939008831977844, -0.4559168815612793, -0.55735182762146, -0.8701362609863281], [0.04902172461152077, 0.7423177361488342, -0.6682522296905518, -0.5093921422958374], [0.0, 0.0, 0.0, 1.0]]}, "Bone.002": {"matrix": [[0.35901424288749695, -0.9285752773284912, 0.09410803765058517, -1.0879745483398438], [-0.9314388036727905, -0.3628789782524109, -0.027211051434278488, 0.6205018162727356], [0.05941721796989441, -0.07788688689470291, -0.9951900243759155, -1.0875264406204224], [0.0, 0.0, 0.0, 1.0]]}, "finger3joint1": {"matrix": [[0.2542577087879181, -0.9648227691650391, -0.06685500591993332, -1.4793784618377686], [-0.9448814392089844, -0.23306837677955627, -0.22995278239250183, 0.46754467487335205], [0.20628181099891663, 0.12163722515106201, -0.9709027409553528, -1.1203564405441284], [0.0, 0.0, 0.0, 1.0]]}, "finger3joint2": {"matrix": [[0.10089857131242752, -0.06733166426420212, -0.9926155209541321, -2.3257029056549072], [-0.9602068066596985, 0.2545726001262665, -0.11487238854169846, 0.26310139894485474], [0.2604271471500397, 0.9647068381309509, -0.038966502994298935, -1.0136585235595703], [0.0, 0.0, 0.0, 1.0]]}, "finger3joint3": {"matrix": [[0.2629173696041107, 0.5790309906005859, -0.7717493772506714, -2.369272232055664], [-0.9133850336074829, 0.40705594420433044, -0.005761705804616213, 0.4278303384780884], [0.3108088970184326, 0.7064195871353149, 0.6359003782272339, -0.3894157409667969], [0.0, 0.0, 0.0, 1.0]]}, "Bone.003": {"matrix": [[-0.18728651106357574, -0.6309605240821838, 0.7528693675994873, -1.0879745483398438], [-0.823108971118927, 0.5190969705581665, 0.23028211295604706, 0.6205018758773804], [-0.5361113548278809, -0.5765649080276489, -0.6165692210197449, -1.0875263214111328], [0.0, 0.0, 0.0, 1.0]]}, "finger4joint1": {"matrix": [[0.028345247730612755, -0.8959780335426331, -0.44319212436676025, -1.3584164381027222], [-0.9641586542129517, 0.09250541031360626, -0.24867753684520721, 0.8429967761039734], [0.2638072371482849, 0.4343565106391907, -0.8612433075904846, -1.334653377532959], [0.0, 0.0, 0.0, 1.0]]}, "finger4joint2": {"matrix": [[-0.000764236378017813, -0.20034120976924896, -0.9797255992889404, -2.2484443187713623], [-0.9664068818092346, 0.25195232033729553, -0.0507669560611248, 0.9348879456520081], [0.25701475143432617, 0.9467751979827881, -0.19380386173725128, -0.9031813144683838], [0.0, 0.0, 0.0, 1.0]]}, "finger4joint3": {"matrix": [[0.03022409975528717, 0.42003393173217773, -0.9070045948028564, -2.3319993019104004], [-0.9831595420837402, 0.1761128455400467, 0.048796266317367554, 1.0399678945541382], [0.18023112416267395, 0.8902559280395508, 0.4182833433151245, -0.5083165168762207], [0.0, 0.0, 0.0, 1.0]]}}