{"root": {"matrix": [[0.4604044556617737, -0.5348183512687683, -0.7085174918174744, 0.0], [-0.7349377274513245, 0.21800996363162994, -0.6421356201171875, 1.4901161193847656e-08], [0.4978897273540497, 0.8163583874702454, -0.29268547892570496, 0.0], [0.0, 0.0, 0.0, 1.0]]}, "carpals": {"matrix": [[0.6021714210510254, -0.7967751622200012, -0.05038606375455856, 0.5973597764968872], [0.5161171555519104, 0.34035706520080566, 0.7859896421432495, -1.376457929611206], [-0.6091077923774719, -0.49930572509765625, 0.6161828637123108, 1.957935094833374], [0.0, 0.0, 0.0, 1.0]]}, "metacarpals": {"matrix": [[0.3341040015220642, -0.6706116199493408, 0.6623099446296692, -0.178694486618042], [-0.17195779085159302, 0.6475266218185425, 0.7423876523971558, -1.044952154159546], [-0.9267172813415527, -0.36192402243614197, 0.10102444887161255, 1.4716143608093262], [0.0, 0.0, 0.0, 1.0]]}, "finger5joint1": {"matrix": [[0.5643302202224731, -0.8234637379646301, 0.05864071473479271, -0.8924685120582581], [-0.048781223595142365, 0.037646472454071045, 0.9980995655059814, -0.9506500959396362], [-0.8241065740585327, -0.5661183595657349, -0.018924368545413017, 1.3861242532730103], [0.0, 0.0, 0.0, 1.0]]}, "finger5joint2": {"matrix": [[-0.0026203079614788294, -0.4925577640533447, -0.870275616645813, -1.762270450592041], [0.9903045892715454, -0.12214826047420502, 0.06615159660577774, -0.910885214805603], [-0.1388860046863556, -0.8616646528244019, 0.488102525472641, 0.7881491184234619], [0.0, 0.0, 0.0, 1.0]]}, "finger5joint3": {"matrix": [[-0.0006754815112799406, -0.311538964509964, -0.9502329230308533, -2.100822687149048], [0.9694260954856873, -0.23337343335151672, 0.07582355290651321, -0.9948419332504272], [-0.24538098275661469, -0.921129584312439, 0.30217188596725464, 0.19589675962924957], [0.0, 0.0, 0.0, 1.0]]}, "Bone": {"matrix": [[0.6557254195213318, 0.1078958809375763, 0.747249960899353, -1.2257053852081299], [-0.7267534732818604, -0.1779833734035492, 0.663438618183136, -0.03398337960243225], [0.20458030700683594, -0.9781003594398499, -0.03829443082213402, 0.9065504670143127], [0.0, 0.0, 0.0, 1.0]]}, "finger1joint1": {"matrix": [[0.4322105050086975, -0.8519705533981323, 0.2955336570739746, -1.135915756225586], [-0.23873192071914673, 0.20792946219444275, 0.9485630989074707, -0.18209892511367798], [-0.8695982098579407, -0.48053234815597534, -0.11352314054965973, 0.0925874263048172], [0.0, 0.0, 0.0, 1.0]]}, "finger1joint2": {"matrix": [[0.3386631906032562, -0.8952836990356445, -0.28943780064582825, -1.6174311637878418], [-0.5203040242195129, -0.4344969093799591, 0.7351841926574707, -0.06458169221878052], [-0.7839584946632385, -0.09838428348302841, -0.6129677891731262, -0.17899903655052185], [0.0, 0.0, 0.0, 1.0]]}, "finger1joint3": {"matrix": [[0.3402259349822998, -0.5769709348678589, -0.7425299882888794, -2.0012245178222656], [-0.42688217759132385, -0.7983489036560059, 0.4247473180294037, -0.2508433759212494], [-0.8378651738166809, 0.17246265709400177, -0.5179175734519958, -0.22117476165294647], [0.0, 0.0, 0.0, 1.0]]}, "Bone.001": {"matrix": [[0.7368137240409851, 0.11180208623409271, 0.6667875647544861, -1.2257053852081299], [-0.6604927182197571, 0.32968568801879883, 0.6745785474777222, -0.03398337960243225], [-0.144411101937294, -0.937447190284729, 0.3167615532875061, 0.906550407409668], [0.0, 0.0, 0.0, 1.0]]}, "finger2joint1": {"matrix": [[0.8146734237670898, -0.5067618489265442, 0.28195640444755554, -1.154835820198059], [-0.3148890733718872, 0.02172774076461792, 0.9488794803619385, 0.17499896883964539], [-0.4869822859764099, -0.8618121147155762, -0.14187265932559967, 0.31231802701950073], [0.0, 0.0, 0.0, 1.0]]}, "finger2joint2": {"matrix": [[0.7359513640403748, -0.6312036514282227, 0.24486206471920013, -1.5932602882385254], [-0.39796948432922363, -0.11072877049446106, 0.910691499710083, 0.19379672408103943], [-0.5477187037467957, -0.7676723599433899, -0.3326907157897949, -0.43327781558036804], [0.0, 0.0, 0.0, 1.0]]}, "finger2joint3": {"matrix": [[0.6338543891906738, -0.7670003175735474, 0.09969426691532135, -1.8328754901885986], [-0.4878137707710266, -0.2964087724685669, 0.8210840821266174, 0.1517622470855713], [-0.6002216339111328, -0.569080114364624, -0.5620333552360535, -0.7246987819671631], [0.0, 0.0, 0.0, 1.0]]}, "Bone.002": {"matrix": [[0.5954967737197876, -0.35245734453201294, 0.7219123244285583, -1.2257052659988403], [-0.2540746331214905, 0.769864559173584, 0.5854521989822388, -0.03398337960243225], [-0.7621217966079712, -0.5320544242858887, 0.36890149116516113, 0.9065504670143127], [0.0, 0.0, 0.0, 1.0]]}, "finger3joint1": {"matrix": [[0.5695636868476868, -0.033123359084129333, 0.8212795257568359, -1.374269723892212], [-0.5273250937461853, 0.7517274618148804, 0.39602234959602356, 0.2905222773551941], [-0.6304962635040283, -0.6586412191390991, 0.41068994998931885, 0.6822842359542847], [0.0, 0.0, 0.0, 1.0]]}, "finger3joint2": {"matrix": [[0.5248667001724243, -0.8511122465133667, 0.011086203157901764, -1.403324842453003], [-0.41678696870803833, -0.24562592804431915, 0.8751892447471619, 0.9499237537384033], [-0.7421614527702332, -0.46397829055786133, -0.4836532473564148, 0.1045362800359726], [0.0, 0.0, 0.0, 1.0]]}, "finger3joint3": {"matrix": [[0.4726448655128479, -0.6966962814331055, -0.5396491289138794, -1.9540629386901855], [-0.5696927905082703, -0.7087603211402893, 0.4160631597042084, 0.7909839153289795], [-0.6723518371582031, 0.11078399419784546, -0.7318946719169617, -0.1956949234008789], [0.0, 0.0, 0.0, 1.0]]}, "Bone.003": {"matrix": [[0.6048643589019775, -0.2379959225654602, 0.759932279586792, -1.2257055044174194], [0.5415194630622864, 0.8226122856140137, -0.1733935922384262, -0.03398334980010986], [-0.5838626027107239, 0.5163979530334473, 0.6264483332633972, 0.9065504670143127], [0.0, 0.0, 0.0, 1.0]]}, "finger4joint1": {"matrix": [[0.5684559345245361, -0.32111117243766785, 0.7574597597122192, -1.3277150392532349], [-0.4691779315471649, 0.629766047000885, 0.6190850138664246, 0.3186042308807373], [-0.6758177876472473, -0.7073059678077698, 0.20733611285686493, 1.1278886795043945], [0.0, 0.0, 0.0, 1.0]]}, "finger4joint2": {"matrix": [[0.5754662752151489, -0.6024978160858154, 0.5530232787132263, -1.6466937065124512], [-0.44257625937461853, 0.33921265602111816, 0.8300966024398804, 0.9441880583763123], [-0.6877241134643555, -0.7224476933479309, -0.07144562155008316, 0.4252799153327942], [0.0, 0.0, 0.0, 1.0]]}, "finger4joint3": {"matrix": [[0.6154060363769531, -0.6876993179321289, 0.3851555585861206, -1.8979732990264893], [-0.4813375771045685, 0.05906187742948532, 0.8745428919792175, 1.0856610536575317], [-0.6241707801818848, -0.7235889434814453, -0.29466837644577026, 0.1239738017320633], [0.0, 0.0, 0.0, 1.0]]}}