{"root": {"matrix": [[0.4409831464290619, -0.6600469350814819, -0.6081709265708923, -5.960464477539063e-08], [-0.8360534906387329, -0.055655039846897125, -0.5458178520202637, 0.0], [0.32641756534576416, 0.7491598725318909, -0.5763775110244751, 0.0], [0.0, 0.0, 0.0, 1.0]]}, "carpals": {"matrix": [[0.8203723430633545, -0.5089473128318787, -0.2606946527957916, 0.4195815324783325], [0.5146616697311401, 0.4584665298461914, 0.7245214581489563, -1.8838248252868652], [-0.24922345578670502, -0.7285470366477966, 0.6380491256713867, 1.5362746715545654], [0.0, 0.0, 0.0, 1.0]]}, "metacarpals": {"matrix": [[0.3078248202800751, -0.7653529644012451, 0.5652244091033936, -0.07613015174865723], [-0.04598091170191765, 0.5814095735549927, 0.8123103976249695, -1.4372812509536743], [-0.9503312110900879, -0.27603888511657715, 0.14378079771995544, 0.826674222946167], [0.0, 0.0, 0.0, 1.0]]}, "finger5joint1": {"matrix": [[0.15595507621765137, -0.8949671387672424, 0.41798529028892517, -0.7994211912155151], [0.12223619222640991, 0.4373966157436371, 0.8909220099449158, -1.4315786361694336], [-0.9801715016365051, -0.08785084635019302, 0.17761172354221344, 0.7767510414123535], [0.0, 0.0, 0.0, 1.0]]}, "finger5joint2": {"matrix": [[0.4871211647987366, -0.5166136026382446, -0.7041469216346741, -1.7447501420974731], [0.8461910486221313, 0.47864753007888794, 0.23421472311019897, -0.9695687294006348], [0.21603982150554657, -0.709933876991272, 0.6703135371208191, 0.6839566230773926], [0.0, 0.0, 0.0, 1.0]]}, "finger5joint3": {"matrix": [[0.4747893512248993, -0.2794535458087921, -0.8345538973808289, -2.099836826324463], [0.8729963898658752, 0.2697690427303314, 0.40632644295692444, -0.640577495098114], [0.11158756166696548, -0.9214823842048645, 0.37204569578170776, 0.19599418342113495], [0.0, 0.0, 0.0, 1.0]]}, "Bone": {"matrix": [[0.7531377077102661, 0.08204356580972672, 0.6527268290519714, -1.2710585594177246], [-0.6481244564056396, -0.07755117118358612, 0.7575750946998596, -0.5295395255088806], [0.11277389526367188, -0.9936068654060364, -0.005232204217463732, 0.39570093154907227], [0.0, 0.0, 0.0, 1.0]]}, "finger1joint1": {"matrix": [[0.48841923475265503, -0.5812609195709229, 0.6508319973945618, -1.2027828693389893], [-0.12304067611694336, 0.6925194263458252, 0.7108286023139954, -0.5940765738487244], [-0.8638908863067627, -0.42726126313209534, 0.2667212188243866, -0.43116647005081177], [0.0, 0.0, 0.0, 1.0]]}, "finger1joint2": {"matrix": [[0.2786041498184204, -0.7788123488426208, 0.561988353729248, -1.5312988758087158], [-0.34744128584861755, 0.46379175782203674, 0.8149732351303101, -0.2026795744895935], [-0.895357072353363, -0.42231297492980957, -0.14137715101242065, -0.6726452112197876], [0.0, 0.0, 0.0, 1.0]]}, "finger1joint3": {"matrix": [[0.3624698221683502, -0.9201381206512451, 0.14819392561912537, -1.865162968635559], [-0.2799002528190613, 0.04419349879026413, 0.9590111374855042, -0.0038596903905272484], [-0.8889721632003784, -0.38909220695495605, -0.2415279746055603, -0.8536838889122009], [0.0, 0.0, 0.0, 1.0]]}, "Bone.001": {"matrix": [[0.8078678250312805, 0.022457299754023552, 0.5889355540275574, -1.271058440208435], [-0.5420060753822327, 0.4207712411880493, 0.7274479269981384, -0.5295394659042358], [-0.23147065937519073, -0.9068886041641235, 0.3520996570587158, 0.39570096135139465], [0.0, 0.0, 0.0, 1.0]]}, "finger2joint1": {"matrix": [[0.7868223786354065, -0.6171773672103882, 0.0015449677594006062, -1.256823182106018], [-0.11355262249708176, -0.14230380952358246, 0.9832878112792969, -0.26281943917274475], [-0.6066431999206543, -0.7738485336303711, -0.1820499151945114, -0.17916089296340942], [0.0, 0.0, 0.0, 1.0]]}, "finger2joint2": {"matrix": [[0.7242625951766968, -0.5587630867958069, -0.40401408076286316, -1.7907735109329224], [-0.21633648872375488, -0.740488588809967, 0.6362976431846619, -0.3859334886074066], [-0.6547076106071472, -0.37344369292259216, -0.6571890711784363, -0.8486551642417908], [0.0, 0.0, 0.0, 1.0]]}, "finger2joint3": {"matrix": [[0.6885775923728943, -0.4628138840198517, -0.5582687258720398, -2.0028891563415527], [-0.3558247983455658, -0.8864401578903198, 0.29599323868751526, -0.6670351028442383], [-0.6318618059158325, -0.005168491508811712, -0.7750636339187622, -0.9904204607009888], [0.0, 0.0, 0.0, 1.0]]}, "Bone.002": {"matrix": [[0.585345447063446, -0.4743138551712036, 0.6575690507888794, -1.271058440208435], [-0.10648331791162491, 0.7590306997299194, 0.64228755235672, -0.5295394659042358], [-0.8037611246109009, -0.4459801912307739, 0.39378878474235535, 0.39570093154907227], [0.0, 0.0, 0.0, 1.0]]}, "finger3joint1": {"matrix": [[0.4066786766052246, 0.07464423775672913, 0.9105167388916016, -1.4709866046905518], [-0.14594726264476776, 0.9891642928123474, -0.01590491272509098, -0.20960044860839844], [-0.9018381237983704, -0.12641911208629608, 0.4131661355495453, 0.20771577954292297], [0.0, 0.0, 0.0, 1.0]]}, "finger3joint2": {"matrix": [[0.3777337372303009, -0.8975417613983154, 0.22745564579963684, -1.4055100679397583], [0.013026158325374126, 0.25078192353248596, 0.9679557681083679, 0.658076286315918], [-0.9258226156234741, -0.36266663670539856, 0.10642049461603165, 0.09682327508926392], [0.0, 0.0, 0.0, 1.0]]}, "finger3joint3": {"matrix": [[0.28910186886787415, -0.5979716181755066, -0.747562825679779, -1.986291527748108], [-0.13750876486301422, -0.7987502813339233, 0.5857378244400024, 0.8203523755073547], [-0.9473708271980286, -0.06654161214828491, -0.3131464719772339, -0.13785117864608765], [0.0, 0.0, 0.0, 1.0]]}, "Bone.003": {"matrix": [[0.5007737278938293, -0.3165437877178192, 0.805621325969696, -1.271058440208435], [0.6650712490081787, 0.7364025115966797, -0.12406136840581894, -0.5295394659042358], [-0.5539906620979309, 0.5979224443435669, 0.57929527759552, 0.3957008719444275], [0.0, 0.0, 0.0, 1.0]]}, "finger4joint1": {"matrix": [[0.4480714797973633, -0.24742451310157776, 0.8590767979621887, -1.4067351818084717], [-0.25192004442214966, 0.8870524764060974, 0.3868767321109772, -0.21390300989151], [-0.857769250869751, -0.38976702094078064, 0.33513182401657104, 0.6519820690155029], [0.0, 0.0, 0.0, 1.0]]}, "finger4joint2": {"matrix": [[0.45878729224205017, -0.5734899640083313, 0.6786923408508301, -1.6525166034698486], [-0.2240021526813507, 0.6645026206970215, 0.7129225730895996, 0.667258620262146], [-0.8598470091819763, -0.47910836338996887, 0.17640253901481628, 0.2648034691810608], [0.0, 0.0, 0.0, 1.0]]}, "finger4joint3": {"matrix": [[0.49489372968673706, -0.703908383846283, 0.509502649307251, -1.8916981220245361], [-0.28886935114860535, 0.419721782207489, 0.860457718372345, 0.9443979263305664], [-0.8195329904556274, -0.5730149149894714, 0.0043802689760923386, 0.06498517096042633], [0.0, 0.0, 0.0, 1.0]]}}