{"root": {"matrix": [[0.452597975730896, -0.8751944899559021, 0.1708497554063797, 0.0], [-0.31823933124542236, -0.3375127613544464, -0.8858944177627563, 0.0], [0.8329938650131226, 0.3465828597545624, -0.4312789738178253, 2.9802322387695312e-08], [0.0, 0.0, 0.0, 1.0]]}, "carpals": {"matrix": [[-0.47499212622642517, -0.45354774594306946, -0.7541065216064453, 0.14767584204673767], [0.7356098294258118, 0.26567932963371277, -0.6231310963630676, -0.9504550695419312], [0.4829704761505127, -0.8507106304168701, 0.20743854343891144, 2.271521806716919], [0.0, 0.0, 0.0, 1.0]]}, "metacarpals": {"matrix": [[-0.6336989998817444, -0.6638492941856384, -0.3971517086029053, -0.29407691955566406], [0.48271724581718445, 0.061836909502744675, -0.8735902905464172, -0.6916849613189697], [0.6044911742210388, -0.7453052997589111, 0.28126537799835205, 1.4429348707199097], [0.0, 0.0, 0.0, 1.0]]}, "finger5joint1": {"matrix": [[-0.6299555897712708, -0.7295336127281189, -0.26633894443511963, -0.3983476161956787], [0.49903276562690735, -0.11746396124362946, -0.858585000038147, -0.38173019886016846], [0.5950816869735718, -0.6737823486328125, 0.43805813789367676, 0.7958411574363708], [0.0, 0.0, 0.0, 1.0]]}, "finger5joint2": {"matrix": [[-0.05526506155729294, -0.959184467792511, 0.27732688188552856, -1.168933629989624], [-0.8608835935592651, -0.09492460638284683, -0.499868243932724, -0.5058041214942932], [0.5057909488677979, -0.26637133955955505, -0.8205007314682007, 0.08414351940155029], [0.0, 0.0, 0.0, 1.0]]}, "finger5joint3": {"matrix": [[-0.15975253283977509, -0.983517050743103, 0.08469122648239136, -1.8282148838043213], [-0.8371545076370239, 0.08951425552368164, -0.5395915508270264, -0.5710492134094238], [0.523116409778595, -0.1571005880832672, -0.8376563787460327, -0.0989428460597992], [0.0, 0.0, 0.0, 1.0]]}, "Bone": {"matrix": [[0.5891793966293335, -0.6637580990791321, -0.4607521593570709, -1.3305299282073975], [0.08757274597883224, 0.6193339228630066, -0.780228316783905, -0.5951403975486755], [0.8032423853874207, 0.4193454086780548, 0.42302584648132324, 0.2793063819408417], [0.0, 0.0, 0.0, 1.0]]}, "finger1joint1": {"matrix": [[-0.5559774041175842, -0.6427645683288574, -0.5270128846168518, -1.8829013109207153], [0.44435274600982666, 0.30599191784858704, -0.8419734835624695, -0.07973839342594147], [0.7024526596069336, -0.7022978067398071, 0.11548951268196106, 0.6282804608345032], [0.0, 0.0, 0.0, 1.0]]}, "finger1joint2": {"matrix": [[-0.35615769028663635, -0.4200582206249237, -0.8346871137619019, -2.2461776733398438], [0.6733894348144531, 0.5039227604866028, -0.5409328937530518, 0.09320159256458282], [0.6478413939476013, -0.754726767539978, 0.10338679701089859, 0.23135697841644287], [0.0, 0.0, 0.0, 1.0]]}, "finger1joint3": {"matrix": [[-0.4232061505317688, 0.6861124634742737, -0.5917313694953918, -2.4262497425079346], [0.5962023735046387, 0.702664852142334, 0.3883359730243683, 0.30922502279281616], [0.6822312474250793, -0.18844540417194366, -0.7064337730407715, -0.0921819806098938], [0.0, 0.0, 0.0, 1.0]]}, "Bone.001": {"matrix": [[0.27118629217147827, -0.944451093673706, -0.18566034734249115, -1.3305299282073975], [0.19928035140037537, 0.24380074441432953, -0.9491302371025085, -0.5951404571533203], [0.9416714310646057, 0.22039279341697693, 0.25432583689689636, 0.27930641174316406], [0.0, 0.0, 0.0, 1.0]]}, "finger2joint1": {"matrix": [[-0.37538161873817444, -0.33869948983192444, -0.862769365310669, -1.9292020797729492], [0.17746132612228394, 0.8873571753501892, -0.42556360363960266, -0.44059914350509644], [0.9097229838371277, -0.3128567934036255, -0.2729915678501129, 0.419009804725647], [0.0, 0.0, 0.0, 1.0]]}, "finger2joint2": {"matrix": [[-0.32312890887260437, -0.0965937077999115, -0.9414122700691223, -2.2222275733947754], [0.295544296503067, 0.9347226023674011, -0.19734956324100494, 0.32709699869155884], [0.8990224003791809, -0.3419981896877289, -0.2734881639480591, 0.1483420729637146], [0.0, 0.0, 0.0, 1.0]]}, "finger2joint3": {"matrix": [[-0.2466563731431961, 0.19403572380542755, -0.9494790434837341, -2.2588961124420166], [0.4172477722167969, 0.9055529832839966, 0.0766659826040268, 0.6819330453872681], [0.8746798038482666, -0.377257764339447, -0.3043213486671448, 0.018513932824134827], [0.0, 0.0, 0.0, 1.0]]}, "Bone.002": {"matrix": [[-0.46126481890678406, -0.8825464844703674, -0.09135764092206955, -1.3305299282073975], [0.32773998379707336, -0.07379435747861862, -0.9418814778327942, -0.5951404571533203], [0.824512779712677, -0.4643982946872711, 0.3232843577861786, 0.27930641174316406], [0.0, 0.0, 0.0, 1.0]]}, "finger3joint1": {"matrix": [[-0.4416722357273102, -0.6520972847938538, -0.6161935925483704, -1.7025322914123535], [0.40885189175605774, 0.46506017446517944, -0.7852126955986023, -0.6262454986572266], [0.7986025214195251, -0.5987383723258972, 0.06120692193508148, 0.08355781435966492], [0.0, 0.0, 0.0, 1.0]]}, "finger3joint2": {"matrix": [[-0.5149863362312317, -0.01841767691075802, -0.8570004105567932, -2.2745397090911865], [0.5073937773704529, 0.799260139465332, -0.32207855582237244, -0.21830329298973083], [0.6908985376358032, -0.6007025837898254, -0.4022630751132965, -0.4416443705558777], [0.0, 0.0, 0.0, 1.0]]}, "finger3joint3": {"matrix": [[-0.3638060390949249, 0.32458627223968506, -0.873091459274292, -2.2864573001861572], [0.5933507084846497, 0.8033012747764587, 0.0513988696038723, 0.29888221621513367], [0.7180391550064087, -0.4993501603603363, -0.4848392903804779, -0.8303471803665161], [0.0, 0.0, 0.0, 1.0]]}, "Bone.003": {"matrix": [[-0.8110527396202087, -0.09285758435726166, 0.5775558352470398, -1.3305299282073975], [-0.32618242502212524, -0.7477942705154419, -0.5782808065414429, -0.5951404571533203], [0.48559069633483887, -0.6574050188064575, 0.5762119889259338, 0.27930641174316406], [0.0, 0.0, 0.0, 1.0]]}, "finger4joint1": {"matrix": [[-0.7267540693283081, -0.6757211089134216, 0.12340569496154785, -1.370330572128296], [0.45173704624176025, -0.6055121421813965, -0.6552010178565979, -0.9156595468521118], [0.5174571871757507, -0.4204232394695282, 0.7453067302703857, -0.0024701952934265137], [0.0, 0.0, 0.0, 1.0]]}, "finger4joint2": {"matrix": [[-0.7395341992378235, -0.4556044638156891, -0.4954928159713745, -2.0415642261505127], [0.42500177025794983, 0.2547818124294281, -0.8685961961746216, -1.5171505212783813], [0.5219792127609253, -0.8529421091079712, 0.005212782416492701, -0.42010143399238586], [0.0, 0.0, 0.0, 1.0]]}, "finger4joint3": {"matrix": [[-0.691774308681488, 0.026361636817455292, -0.7216319441795349, -2.2315800189971924], [0.4150126278400421, 0.8323188424110413, -0.3674364387989044, -1.4108905792236328], [0.5909419655799866, -0.5536695718765259, -0.5867173671722412, -0.7758318781852722], [0.0, 0.0, 0.0, 1.0]]}}