{"root": {"matrix": [[0.40051645040512085, -0.628577709197998, -0.6666908264160156, 0.0], [-0.8312643766403198, 0.056828998029232025, -0.5529646873474121, -3.725290298461914e-09], [0.38546857237815857, 0.7756677865982056, -0.49975335597991943, 0.0], [0.0, 0.0, 0.0, 1.0]]}, "carpals": {"matrix": [[0.7842206954956055, -0.5810422301292419, -0.21768704056739807, 0.3654489517211914], [0.5382564663887024, 0.4625253975391388, 0.7045209407806396, -1.762089729309082], [-0.30867061018943787, -0.6696714758872986, 0.6754719614982605, 1.6871488094329834], [0.0, 0.0, 0.0, 1.0]]}, "metacarpals": {"matrix": [[0.3775850236415863, -0.7441975474357605, 0.5509985685348511, -0.20048272609710693], [0.05829101800918579, 0.6129698157310486, 0.7879528403282166, -1.3115928173065186], [-0.9241382479667664, -0.2654009461402893, 0.27482840418815613, 1.0348927974700928], [0.0, 0.0, 0.0, 1.0]]}, "finger5joint1": {"matrix": [[0.07363186776638031, -0.9971736073493958, -0.014934073202311993, -0.9180896282196045], [0.3327750563621521, 0.010450278408825397, 0.9429481029510498, -1.2961560487747192], [-0.9401270151138306, -0.07440070807933807, 0.33260414004325867, 0.932535707950592], [0.0, 0.0, 0.0, 1.0]]}, "finger5joint2": {"matrix": [[-0.032535403966903687, -0.32874569296836853, -0.9438576102256775, -1.9713762998580933], [0.9703564047813416, 0.21588186919689178, -0.10864060372114182, -1.2851176261901855], [0.23947709798812866, -0.9194132089614868, 0.31197693943977356, 0.8539482951164246], [0.0, 0.0, 0.0, 1.0]]}, "finger5joint3": {"matrix": [[-0.011070632375776768, -0.06171562150120735, -0.9980320930480957, -2.1973347663879395], [0.9907754063606262, 0.13413231074810028, -0.019284605979919434, -1.1367344856262207], [0.1350586861371994, -0.9890395998954773, 0.05966155603528023, 0.22200335562229156], [0.0, 0.0, 0.0, 1.0]]}, "Bone": {"matrix": [[0.7442914247512817, 0.1557144969701767, 0.6494482755661011, -1.3623816967010498], [-0.6610252857208252, 0.03304945304989815, 0.7496351003646851, -0.35457679629325867], [0.09526512771844864, -0.9872490167617798, 0.12752974033355713, 0.6205282807350159], [0.0, 0.0, 0.0, 1.0]]}, "finger1joint1": {"matrix": [[0.6598623991012573, -0.6084937453269958, 0.4408138394355774, -1.2327979803085327], [-0.08874117583036423, 0.5194497108459473, 0.8498802781105042, -0.32707342505455017], [-0.7461276650428772, -0.5999224781990051, 0.2887670695781708, -0.20104816555976868], [0.0, 0.0, 0.0, 1.0]]}, "finger1joint2": {"matrix": [[0.5063585042953491, -0.7563798427581787, 0.41411420702934265, -1.5767055749893188], [-0.3536511957645416, 0.25583508610725403, 0.8997104167938232, -0.033491700887680054], [-0.786467969417572, -0.6020281314849854, -0.13795025646686554, -0.5401113033294678], [0.0, 0.0, 0.0, 1.0]]}, "finger1joint3": {"matrix": [[0.5731004476547241, -0.8194489479064941, 0.0077002933248877525, -1.9009530544281006], [-0.2698631286621094, -0.17984601855278015, 0.9459539651870728, 0.0761805921792984], [-0.7737763524055481, -0.5442047715187073, -0.3242087960243225, -0.7981908917427063], [0.0, 0.0, 0.0, 1.0]]}, "Bone.001": {"matrix": [[0.8241453766822815, 0.08863215893507004, 0.559400200843811, -1.3623816967010498], [-0.5175701379776001, 0.5189615488052368, 0.6802937388420105, -0.35457679629325867], [-0.23001131415367126, -0.8501898646354675, 0.4735732972621918, 0.6205282807350159], [0.0, 0.0, 0.0, 1.0]]}, "finger2joint1": {"matrix": [[0.8534775972366333, -0.5065057873725891, 0.12258757650852203, -1.306199073791504], [-0.09100090712308884, 0.08676575124263763, 0.9920635223388672, -0.02561556175351143], [-0.5131223201751709, -0.8578597903251648, 0.027960238978266716, 0.081606924533844], [0.0, 0.0, 0.0, 1.0]]}, "finger2joint2": {"matrix": [[0.7891806364059448, -0.5852522253990173, -0.18620872497558594, -1.7444021701812744], [-0.17406992614269257, -0.5039059519767761, 0.8460366129875183, 0.04944974184036255], [-0.5889766216278076, -0.6352624893188477, -0.4995476305484772, -0.6605696678161621], [0.0, 0.0, 0.0, 1.0]]}, "finger2joint3": {"matrix": [[0.7303059697151184, -0.5118716359138489, -0.4523719847202301, -1.9665734767913818], [-0.3056127429008484, -0.8370661735534668, 0.4537847340106964, -0.14184126257896423], [-0.610944926738739, -0.19315117597579956, -0.767749011516571, -0.901725709438324], [0.0, 0.0, 0.0, 1.0]]}, "Bone.002": {"matrix": [[0.6436166167259216, -0.44179248809814453, 0.6249616146087646, -1.3623816967010498], [-0.019765129312872887, 0.806704580783844, 0.5906239151954651, -0.3545767664909363], [-0.7650927901268005, -0.3924877643585205, 0.5104765295982361, 0.6205282807350159], [0.0, 0.0, 0.0, 1.0]]}, "finger3joint1": {"matrix": [[0.5699147582054138, 0.13271290063858032, 0.8109158277511597, -1.5486016273498535], [-0.2790905237197876, 0.959467351436615, 0.03912145271897316, -0.014542758464813232], [-0.7728555798530579, -0.24861474335193634, 0.583853542804718, 0.4550907611846924], [0.0, 0.0, 0.0, 1.0]]}, "finger3joint2": {"matrix": [[0.5518375635147095, -0.8328667879104614, 0.04252275452017784, -1.4321882724761963], [-0.1251709908246994, -0.032308030873537064, 0.9916087985038757, 0.8270843625068665], [-0.8245044350624084, -0.5525296926498413, -0.12207938730716705, 0.23701050877571106], [0.0, 0.0, 0.0, 1.0]]}, "finger3joint3": {"matrix": [[0.4948166608810425, -0.6441664099693298, -0.5832719802856445, -1.971119999885559], [-0.29158806800842285, -0.755363941192627, 0.5868570804595947, 0.8061784505844116], [-0.8186164498329163, -0.1203116923570633, -0.5615978837013245, -0.12052056193351746], [0.0, 0.0, 0.0, 1.0]]}, "Bone.003": {"matrix": [[0.5388493537902832, -0.3618389666080475, 0.7607325315475464, -1.3623816967010498], [0.7196733355522156, 0.6671048998832703, -0.19246040284633636, -0.3545767664909363], [-0.43784865736961365, 0.6511862277984619, 0.6198749542236328, 0.6205282807350159], [0.0, 0.0, 0.0, 1.0]]}, "finger4joint1": {"matrix": [[0.6119769811630249, -0.1929888129234314, 0.7669675946235657, -1.5174729824066162], [-0.3008876144886017, 0.8400312066078186, 0.451457142829895, -0.06864267587661743], [-0.7314031720161438, -0.5070524215698242, 0.4560120105743408, 0.899639368057251], [0.0, 0.0, 0.0, 1.0]]}, "finger4joint2": {"matrix": [[0.6220883727073669, -0.5112534165382385, 0.5929804444313049, -1.7091801166534424], [-0.27277854084968567, 0.5683920383453369, 0.7762227058410645, 0.7658100128173828], [-0.7338920831680298, -0.6446315050125122, 0.21413129568099976, 0.3959542512893677], [0.0, 0.0, 0.0, 1.0]]}, "finger4joint3": {"matrix": [[0.6536924839019775, -0.6254657506942749, 0.42600300908088684, -1.9224050045013428], [-0.33040839433670044, 0.2705492079257965, 0.9042304754257202, 1.002865195274353], [-0.6808201670646667, -0.7318437695503235, -0.029802968725562096, 0.12710238993167877], [0.0, 0.0, 0.0, 1.0]]}}