{"root": {"matrix": [[0.5543745756149292, -0.3810994625091553, 0.7398865222930908, 0.0], [0.3313652276992798, 0.9165698289871216, 0.22382326424121857, 5.960464477539063e-08], [-0.7634565830230713, 0.12109080702066422, 0.6344060897827148, 0.0], [0.0, 0.0, 0.0, 1.0]]}, "carpals": {"matrix": [[-0.20394232869148254, -0.8579121232032776, -0.4715866148471832, 0.7974944710731506], [0.23645097017288208, -0.5106151700019836, 0.8266575932502747, 1.621363639831543], [-0.9499990940093994, 0.057083237916231155, 0.3069903254508972, -1.6793354749679565], [0.0, 0.0, 0.0, 1.0]]}, "metacarpals": {"matrix": [[-0.6307088732719421, -0.7753903865814209, -0.03123520128428936, -0.03810679912567139], [0.08954807370901108, -0.11270266771316528, 0.989585280418396, 1.1240274906158447], [-0.7708355188369751, 0.6213432550430298, 0.1405174285173416, -1.6237366199493408], [0.0, 0.0, 0.0, 1.0]]}, "finger5joint1": {"matrix": [[-0.5203752517700195, -0.8476555347442627, 0.10338901728391647, -0.3570813536643982], [0.09063170105218887, 0.06556638330221176, 0.9937236309051514, 0.6369157433509827], [-0.8491145372390747, 0.5264795422554016, 0.04270544648170471, -1.191704273223877], [0.0, 0.0, 0.0, 1.0]]}, "finger5joint2": {"matrix": [[0.4248754382133484, -0.874945342540741, -0.23227250576019287, -1.2524363994598389], [0.9041904211044312, 0.4225897490978241, 0.062105610966682434, 0.7061716318130493], [0.04381713643670082, -0.23640599846839905, 0.9706657528877258, -0.6355985403060913], [0.0, 0.0, 0.0, 1.0]]}, "finger5joint3": {"matrix": [[0.35347944498062134, -0.8129438757896423, -0.46278896927833557, -1.8538169860839844], [0.9348961710929871, 0.2901141047477722, 0.20445649325847626, 0.9966323971748352], [-0.031949929893016815, -0.5049312710762024, 0.8625679016113281, -0.7980886101722717], [0.0, 0.0, 0.0, 1.0]]}, "Bone": {"matrix": [[0.6684930324554443, -0.7377660274505615, -0.09390418231487274, -1.248706340789795], [0.04108216241002083, -0.08943893760442734, 0.9951445460319519, 0.9480673670768738], [-0.7425826191902161, -0.6691052913665771, -0.029480217024683952, -0.6536473631858826], [0.0, 0.0, 0.0, 1.0]]}, "finger1joint1": {"matrix": [[-0.47417548298835754, -0.8478320240974426, -0.23735645413398743, -1.862666130065918], [0.15731967985630035, -0.3468436300754547, 0.9246349334716797, 0.8736374378204346], [-0.8662610054016113, 0.4010982811450958, 0.2978455126285553, -1.2104685306549072], [0.0, 0.0, 0.0, 1.0]]}, "finger1joint2": {"matrix": [[-0.36234304308891296, -0.1955510973930359, -0.9112995862960815, -2.3418424129486084], [-0.12475701421499252, -0.9587679505348206, 0.25534194707870483, 0.677608847618103], [-0.9236575365066528, 0.20621231198310852, 0.3230064809322357, -0.9837764501571655], [0.0, 0.0, 0.0, 1.0]]}, "finger1joint3": {"matrix": [[-0.4453508257865906, 0.6471368670463562, -0.6187698841094971, -2.4256720542907715], [-0.06299759447574615, -0.7120234370231628, -0.699323832988739, 0.2666008174419403], [-0.8931372165679932, -0.2724634110927582, 0.35786813497543335, -0.8953766226768494], [0.0, 0.0, 0.0, 1.0]]}, "Bone.001": {"matrix": [[0.3634556829929352, -0.9132035374641418, 0.18427911400794983, -1.2487064599990845], [0.12544263899326324, 0.24397827684879303, 0.9616332054138184, 0.9480673670768738], [-0.9231271743774414, -0.3263947367668152, 0.2032301127910614, -0.6536473631858826], [0.0, 0.0, 0.0, 1.0]]}, "finger2joint1": {"matrix": [[-0.40410399436950684, -0.37068644165992737, -0.8362362384796143, -1.827571153640747], [0.2594851851463318, -0.9231059551239014, 0.2838001251220703, 1.1027212142944336], [-0.8771357536315918, -0.1023063063621521, 0.46921852231025696, -0.8605436682701111], [0.0, 0.0, 0.0, 1.0]]}, "finger2joint2": {"matrix": [[-0.3569548428058624, -0.21264347434043884, -0.9095963835716248, -2.1482701301574707], [0.1476023644208908, -0.9743518233299255, 0.16985806822776794, 0.304097056388855], [-0.9223864674568176, -0.0736270323395729, 0.3791862428188324, -0.9490538239479065], [0.0, 0.0, 0.0, 1.0]]}, "finger2joint3": {"matrix": [[-0.2962763011455536, 0.045362383127212524, -0.9540241956710815, -2.2289931774139404], [0.01910097897052765, -0.9983901381492615, -0.053403716534376144, -0.06578287482261658], [-0.9549111723899841, -0.034045130014419556, 0.29493284225463867, -0.9770039319992065], [0.0, 0.0, 0.0, 1.0]]}, "Bone.002": {"matrix": [[-0.3791735768318176, -0.8812181353569031, 0.28227925300598145, -1.2487064599990845], [0.24488379061222076, 0.19861921668052673, 0.9489901065826416, 0.9480674266815186], [-0.8923336267471313, 0.42895758152008057, 0.14048504829406738, -0.6536473631858826], [0.0, 0.0, 0.0, 1.0]]}, "finger3joint1": {"matrix": [[-0.549399733543396, -0.7221983075141907, 0.4202251434326172, -1.620148777961731], [0.10354932397603989, 0.4402010440826416, 0.8919082880020142, 1.031787395477295], [-0.8291186094284058, 0.5335282683372498, -0.16706308722496033, -0.4728374779224396], [0.0, 0.0, 0.0, 1.0]]}, "finger3joint2": {"matrix": [[-0.6725666522979736, -0.18171846866607666, -0.717378556728363, -2.253647804260254], [0.1371736228466034, -0.9831966757774353, 0.12044785916805267, 1.4179236888885498], [-0.727212131023407, -0.01739634945988655, 0.6861923336982727, -0.004836331121623516], [0.0, 0.0, 0.0, 1.0]]}, "finger3joint3": {"matrix": [[-0.5505267977714539, 0.5851640701293945, -0.5954012870788574, -2.371234178543091], [0.06601329147815704, -0.6804640293121338, -0.7298020124435425, 0.7817164063453674], [-0.8322034478187561, -0.4410800337791443, 0.3359849452972412, -0.016093164682388306], [0.0, 0.0, 0.0, 1.0]]}, "Bone.003": {"matrix": [[-0.5544361472129822, 0.03355659916996956, 0.8315492868423462, -1.248706340789795], [0.7764871120452881, 0.3803795874118805, 0.502373456954956, 0.9480673670768738], [-0.2994464635848999, 0.9242215156555176, -0.23695236444473267, -0.6536474227905273], [0.0, 0.0, 0.0, 1.0]]}, "finger4joint1": {"matrix": [[-0.13159741461277008, -0.7562656998634338, 0.6408929228782654, -1.2343233823776245], [-0.08246573805809021, 0.6526265144348145, 0.7531784176826477, 1.1111055612564087], [-0.9878671169281006, 0.04626454412937164, -0.14824987947940826, -0.2575080692768097], [0.0, 0.0, 0.0, 1.0]]}, "finger4joint2": {"matrix": [[-0.13649854063987732, -0.7312720417976379, -0.6682878732681274, -1.9855666160583496], [-0.05292443558573723, -0.668255627155304, 0.742046594619751, 1.7593978643417358], [-0.9892253875732422, 0.13665693998336792, 0.05251368135213852, -0.211550772190094], [0.0, 0.0, 0.0, 1.0]]}, "finger4joint3": {"matrix": [[-0.0654476210474968, 0.3142528235912323, -0.9470803141593933, -2.290553331375122], [-0.008041318506002426, -0.9492506980895996, -0.31441730260849, 1.4806932210922241], [-0.9978234767913818, -0.012962071225047112, 0.06465306878089905, -0.1545562446117401], [0.0, 0.0, 0.0, 1.0]]}}