{"root": {"matrix": [[0.7444688081741333, -0.5976113677024841, 0.2977025806903839, 0.0], [0.6550604701042175, 0.7399982213973999, -0.1526380330324173, 5.960464477539063e-08], [-0.1290811151266098, 0.3086475133895874, 0.9423772096633911, 2.9802322387695312e-08], [0.0, 0.0, 0.0, 1.0]]}, "carpals": {"matrix": [[0.3560968041419983, -0.7726514935493469, -0.5255514979362488, 1.0651754140853882], [-0.295319139957428, -0.6266464591026306, 0.7211799621582031, 2.2228851318359375], [-0.8865560293197632, -0.10160442441701889, -0.4513256549835205, -0.09575237333774567], [0.0, 0.0, 0.0, 1.0]]}, "metacarpals": {"matrix": [[0.3148711025714874, -0.9116921424865723, 0.2639569938182831, 0.31261754035949707], [-0.8803759217262268, -0.17661719024181366, 0.4401639699935913, 1.6125351190567017], [-0.3546748161315918, -0.3709762990474701, -0.8582437038421631, -0.19471454620361328], [0.0, 0.0, 0.0, 1.0]]}, "finger5joint1": {"matrix": [[0.21548883616924286, -0.9250776767730713, 0.31272265315055847, -0.37148964405059814], [-0.8868750333786011, -0.05137612298130989, 0.45914360880851746, 1.4851516485214233], [-0.4086771607398987, -0.37628623843193054, -0.8314995765686035, 0.00886756181716919], [0.0, 0.0, 0.0, 1.0]]}, "finger5joint2": {"matrix": [[0.40734878182411194, -0.7861275672912598, -0.46483299136161804, -1.348623514175415], [0.5092306733131409, -0.22699669003486633, 0.830154299736023, 1.430884599685669], [-0.7581231594085693, -0.5748695731163025, 0.307853639125824, -0.3885931968688965], [0.0, 0.0, 0.0, 1.0]]}, "finger5joint3": {"matrix": [[0.357151061296463, -0.7217808365821838, -0.5928530693054199, -1.8889565467834473], [0.43933624029159546, -0.4303072690963745, 0.788554847240448, 1.2748618125915527], [-0.8242732286453247, -0.5420951247215271, 0.1634199619293213, -0.7837212085723877], [0.0, 0.0, 0.0, 1.0]]}, "Bone": {"matrix": [[0.9237570762634277, 0.11259771883487701, 0.36605221033096313, -1.110787034034729], [0.0006457807030528784, -0.9562603235244751, 0.2925158739089966, 1.3367867469787598], [0.38297781348228455, -0.269977331161499, -0.8834251761436462, -0.7739114761352539], [0.0, 0.0, 0.0, 1.0]]}, "finger1joint1": {"matrix": [[0.43663543462753296, -0.8920223116874695, 0.11681303381919861, -1.0170845985412598], [-0.836025595664978, -0.3543682396411896, 0.4189082980155945, 0.540998637676239], [-0.33228087425231934, -0.28056880831718445, -0.9004834294319153, -0.9985832571983337], [0.0, 0.0, 0.0, 1.0]]}, "finger1joint2": {"matrix": [[0.39809098839759827, -0.9168368577957153, -0.0305507592856884, -1.5212363004684448], [-0.9166128635406494, -0.39888331294059753, 0.026700245216488838, 0.3407174348831177], [-0.03666601702570915, 0.017374249175190926, -0.9991765022277832, -1.1571546792984009], [0.0, 0.0, 0.0, 1.0]]}, "finger1joint3": {"matrix": [[0.4263169765472412, -0.7829268574714661, -0.4530773162841797, -1.9142690896987915], [-0.8939421772956848, -0.4412163197994232, -0.07871167361736298, 0.16972270607948303], [-0.1382797211408615, 0.438581258058548, -0.8879894018173218, -1.1497066020965576], [0.0, 0.0, 0.0, 1.0]]}, "Bone.001": {"matrix": [[0.943693995475769, -0.10899003595113754, 0.31234976649284363, -1.1107869148254395], [-0.288411408662796, -0.7335465550422668, 0.6154087781906128, 1.3367867469787598], [0.16204962134361267, -0.6708430051803589, -0.7236776947975159, -0.7739115357398987], [0.0, 0.0, 0.0, 1.0]]}, "finger2joint1": {"matrix": [[0.5047606825828552, -0.6347236037254333, -0.5851000547409058, -1.179874062538147], [-0.8016815185546875, -0.5960552096366882, -0.04499562829732895, 0.8718036413192749], [-0.3201923072338104, 0.49177616834640503, -0.8097116351127625, -1.1991479396820068], [0.0, 0.0, 0.0, 1.0]]}, "finger2joint2": {"matrix": [[0.4971952736377716, -0.5993853807449341, -0.6273225545883179, -1.7290043830871582], [-0.8446961641311646, -0.4995605945587158, -0.1921650767326355, 0.3561270236968994], [-0.19820483028888702, 0.6254407167434692, -0.7546778321266174, -0.7736883163452148], [0.0, 0.0, 0.0, 1.0]]}, "finger2joint3": {"matrix": [[0.4792171120643616, -0.5041326284408569, -0.718471109867096, -1.9565409421920776], [-0.8758479952812195, -0.3277694880962372, -0.35419929027557373, 0.16648562252521515], [-0.056929588317871094, 0.7990100979804993, -0.5986164212226868, -0.536260724067688], [0.0, 0.0, 0.0, 1.0]]}, "Bone.002": {"matrix": [[0.5953831076622009, -0.6939879059791565, 0.4048449993133545, -1.1107869148254395], [-0.7278455495834351, -0.25250244140625, 0.6375603675842285, 1.3367866277694702], [-0.34023499488830566, -0.6742573380470276, -0.6554518938064575, -0.7739114761352539], [0.0, 0.0, 0.0, 1.0]]}, "finger3joint1": {"matrix": [[0.4834701716899872, -0.8635008335113525, -0.14360582828521729, -1.4033098220825195], [-0.8208075761795044, -0.5042065382003784, 0.2684224247932434, 1.2303544282913208], [-0.30419015884399414, -0.011901323683559895, -0.952536940574646, -1.0581177473068237], [0.0, 0.0, 0.0, 1.0]]}, "finger3joint2": {"matrix": [[0.34605130553245544, -0.1769333928823471, -0.9213809370994568, -2.160756826400757], [-0.8999949097633362, -0.3400489091873169, -0.272719144821167, 0.7880737781524658], [-0.26506155729293823, 0.9236131310462952, -0.27691349387168884, -1.0685572624206543], [0.0, 0.0, 0.0, 1.0]]}, "finger3joint3": {"matrix": [[0.48685571551322937, 0.28999149799346924, -0.8239393830299377, -2.275247097015381], [-0.857063353061676, -0.023438965901732445, -0.5146774649620056, 0.568034827709198], [-0.16856448352336884, 0.9567421078681946, 0.23712986707687378, -0.4709054231643677], [0.0, 0.0, 0.0, 1.0]]}, "Bone.003": {"matrix": [[0.25844165682792664, -0.5476402640342712, 0.7958000898361206, -1.1107869148254395], [-0.27257105708122253, 0.7489760518074036, 0.6039369106292725, 1.3367866277694702], [-0.9267755150794983, -0.3729945719242096, 0.04429558664560318, -0.7739115357398987], [0.0, 0.0, 0.0, 1.0]]}, "finger4joint1": {"matrix": [[0.22096888720989227, -0.9578322172164917, -0.18365654349327087, -1.3455162048339844], [-0.9047724008560181, -0.2716257572174072, 0.32803359627723694, 1.6578123569488525], [-0.3640871047973633, 0.09368239343166351, -0.9266412258148193, -0.9337841868400574], [0.0, 0.0, 0.0, 1.0]]}, "finger4joint2": {"matrix": [[0.19536662101745605, -0.20048171281814575, -0.9600200057029724, -2.296987771987915], [-0.9042579531669617, -0.41577741503715515, -0.09719160944223404, 1.3879904747009277], [-0.37966957688331604, 0.8870941400527954, -0.2625161409378052, -0.840723991394043], [0.0, 0.0, 0.0, 1.0]]}, "finger4joint3": {"matrix": [[0.22537849843502045, 0.5440747141838074, -0.8081996440887451, -2.380601167678833], [-0.8650475740432739, -0.2698816657066345, -0.4229137897491455, 1.2145851850509644], [-0.4482150971889496, 0.7944470643997192, 0.40982529520988464, -0.4707499146461487], [0.0, 0.0, 0.0, 1.0]]}}