{"root": {"matrix": [[0.564139723777771, -0.7903521656990051, -0.2389346957206726, -5.960464477539063e-08], [0.643837034702301, 0.6022480130195618, -0.47198644280433655, 0.0], [0.5169335007667542, 0.1124313548207283, 0.848609983921051, 0.0], [0.0, 0.0, 0.0, 1.0]]}, "carpals": {"matrix": [[0.742821216583252, -0.6445921659469604, -0.18087953329086304, 0.5290403366088867], [-0.4275362193584442, -0.6646349430084229, 0.6127585172653198, 2.098574638366699], [-0.5151982307434082, -0.3778373897075653, -0.7692914009094238, 1.1836751699447632], [0.0, 0.0, 0.0, 1.0]]}, "metacarpals": {"matrix": [[0.15054398775100708, -0.5522922277450562, 0.8199449181556702, -0.0987885594367981], [-0.9443434476852417, -0.32572653889656067, -0.04601653292775154, 1.4512240886688232], [0.2924923598766327, -0.7673819661140442, -0.5705898404121399, 0.815663754940033], [0.0, 0.0, 0.0, 1.0]]}, "finger5joint1": {"matrix": [[0.028982993215322495, -0.6251115798950195, 0.7799969911575317, -0.777678906917572], [-0.9970830678939819, -0.07319866865873337, -0.021614111959934235, 1.4499715566635132], [0.07060603052377701, -0.7770952582359314, -0.6254097819328308, 0.5611422061920166], [0.0, 0.0, 0.0, 1.0]]}, "finger5joint2": {"matrix": [[0.7396655082702637, -0.6651130318641663, -0.10256289690732956, -1.4379668235778809], [-0.026970714330673218, -0.1815769076347351, 0.9830065965652466, 1.372653841972351], [-0.6724337935447693, -0.7243297696113586, -0.15224489569664001, -0.25968196988105774], [0.0, 0.0, 0.0, 1.0]]}, "finger5joint3": {"matrix": [[0.6788631677627563, -0.7057956457138062, -0.20247672498226166, -1.8951222896575928], [-0.09788163006305695, -0.36028075218200684, 0.9276942014694214, 1.247849702835083], [-0.7277111411094666, -0.6099585294723511, -0.31366589665412903, -0.7575392127037048], [0.0, 0.0, 0.0, 1.0]]}, "Bone": {"matrix": [[0.49757033586502075, -0.07617485523223877, 0.864072322845459, -0.9610700607299805], [0.17866145074367523, -0.9657782912254333, -0.18802207708358765, 0.9426746368408203], [0.848824679851532, 0.247930645942688, -0.4669331908226013, -0.3824325203895569], [0.0, 0.0, 0.0, 1.0]]}, "finger1joint1": {"matrix": [[0.23936647176742554, -0.8076112270355225, 0.5389504432678223, -1.0244618654251099], [-0.8954777717590332, -0.39817190170288086, -0.198943629860878, 0.13896583020687103], [0.3752640187740326, -0.4349975287914276, -0.8185069561004639, -0.176107719540596], [0.0, 0.0, 0.0, 1.0]]}, "finger1joint2": {"matrix": [[0.08001747727394104, -0.9851452112197876, -0.1519407480955124, -1.4809062480926514], [-0.7842443585395813, 0.031867656856775284, -0.6196330785751343, -0.08607230335474014], [0.6152705550193787, 0.16874031722545624, -0.7700445055961609, -0.42195892333984375], [0.0, 0.0, 0.0, 1.0]]}, "finger1joint3": {"matrix": [[0.10030648857355118, -0.8136113286018372, -0.5726910829544067, -1.903221607208252], [-0.8436028957366943, 0.2356274127960205, -0.4825078845024109, -0.07241116464138031], [0.5275156497955322, 0.5315225720405579, -0.6627296805381775, -0.3496226668357849], [0.0, 0.0, 0.0, 1.0]]}, "Bone.001": {"matrix": [[0.5406605005264282, 0.047741662710905075, 0.8398849368095398, -0.9610700011253357], [-0.18209637701511383, -0.9680758118629456, 0.17224961519241333, 0.9426746368408203], [0.8212956786155701, -0.24606859683990479, -0.5147068500518799, -0.3824325203895569], [0.0, 0.0, 0.0, 1.0]]}, "finger2joint1": {"matrix": [[0.20783871412277222, -0.5598604679107666, 0.8020966649055481, -0.93080735206604], [-0.8909246921539307, -0.44685980677604675, -0.08105073124170303, 0.3290271759033203], [0.403801828622818, -0.6977621912956238, -0.5916684865951538, -0.5384113788604736], [0.0, 0.0, 0.0, 1.0]]}, "finger2joint2": {"matrix": [[0.08134110271930695, -0.979482114315033, 0.18438595533370972, -1.4151700735092163], [-0.9163662791252136, -0.1462540179491043, -0.37266936898231506, -0.0575731061398983], [0.39199018478393555, -0.1386515349149704, -0.9094608426094055, -1.1420795917510986], [0.0, 0.0, 0.0, 1.0]]}, "finger2joint3": {"matrix": [[-0.04834270477294922, -0.8639102578163147, -0.5013200044631958, -1.7869974374771118], [-0.8901045918464661, 0.2649841010570526, -0.3708058297634125, -0.1130935400724411], [0.4531848132610321, 0.4283016622066498, -0.781780481338501, -1.194714069366455], [0.0, 0.0, 0.0, 1.0]]}, "Bone.002": {"matrix": [[0.40753430128097534, -0.24249106645584106, 0.8804054856300354, -0.9610700607299805], [-0.8082110285758972, -0.5445767641067505, 0.22412247955799103, 0.9426745772361755], [0.4251006543636322, -0.8028908967971802, -0.4179178476333618, -0.3824324905872345], [0.0, 0.0, 0.0, 1.0]]}, "finger3joint1": {"matrix": [[0.4238869845867157, -0.7859320044517517, 0.45014509558677673, -1.0632824897766113], [-0.7547163367271423, -0.581271767616272, -0.30418145656585693, 0.7131299376487732], [0.5007226467132568, -0.21079307794570923, -0.83954918384552, -0.7208591103553772], [0.0, 0.0, 0.0, 1.0]]}, "finger3joint2": {"matrix": [[0.27649518847465515, -0.6057823896408081, -0.7460415363311768, -1.7526875734329224], [-0.8247582912445068, 0.24889063835144043, -0.5077669024467468, 0.20324912667274475], [0.49327898025512695, 0.7556990385055542, -0.43080687522888184, -0.9057629108428955], [0.0, 0.0, 0.0, 1.0]]}, "finger3joint3": {"matrix": [[0.3676142692565918, -0.11096520721912384, -0.9233343601226807, -2.1446774005889893], [-0.7142457962036133, 0.6021572351455688, -0.35673460364341736, 0.3643013834953308], [0.5955775380134583, 0.7906283736228943, 0.1421053260564804, -0.41676491498947144], [0.0, 0.0, 0.0, 1.0]]}, "Bone.003": {"matrix": [[0.6212631464004517, 0.029847271740436554, 0.7830333113670349, -0.9610700607299805], [-0.6990072131156921, 0.4727301597595215, 0.5365771055221558, 0.9426745176315308], [-0.35414811968803406, -0.8807015419006348, 0.3145531117916107, -0.3824325203895569], [0.0, 0.0, 0.0, 1.0]]}, "finger4joint1": {"matrix": [[0.14328280091285706, -0.9768377542495728, 0.15892702341079712, -0.9482768774032593], [-0.946038007736206, -0.18234822154045105, -0.26788225769996643, 1.1452959775924683], [0.2906576693058014, -0.11196792870759964, -0.9502530097961426, -0.7599182724952698], [0.0, 0.0, 0.0, 1.0]]}, "finger4joint2": {"matrix": [[0.12389511615037918, -0.5971702933311462, -0.7924880981445312, -1.9186275005340576], [-0.9549657106399536, 0.1452382653951645, -0.2587389349937439, 0.9641587734222412], [0.2696108818054199, 0.7888556122779846, -0.5522828102111816, -0.8711426258087158], [0.0, 0.0, 0.0, 1.0]]}, "finger4joint3": {"matrix": [[0.18468639254570007, 0.0005530713242478669, -0.9827972054481506, -2.1676852703094482], [-0.9598461389541626, 0.21495094895362854, -0.18025244772434235, 1.024732232093811], [0.2111535668373108, 0.9766244292259216, 0.04022950679063797, -0.5421402454376221], [0.0, 0.0, 0.0, 1.0]]}}