{"root": {"matrix": [[0.2505740821361542, -0.5853360295295715, -0.7710994482040405, 0.0], [-0.5375809073448181, 0.5782905220985413, -0.6136667728424072, 0.0], [0.8051207065582275, 0.5682973265647888, -0.16976088285446167, 0.0], [0.0, 0.0, 0.0, 1.0]]}, "carpals": {"matrix": [[0.6749723553657532, -0.6813327670097351, 0.28319209814071655, 0.08042216300964355], [-0.14943410456180573, 0.24962550401687622, 0.956742525100708, -0.5806926488876343], [-0.7225520610809326, -0.688093364238739, 0.06667618453502655, 2.396103858947754], [0.0, 0.0, 0.0, 1.0]]}, "metacarpals": {"matrix": [[-0.09675201773643494, -0.2321237176656723, 0.9678623080253601, -0.5831918716430664], [-0.8871592283248901, 0.460944801568985, 0.02186444029211998, -0.3375588655471802], [-0.45120662450790405, -0.8565325736999512, -0.2505280375480652, 1.725904941558838], [0.0, 0.0, 0.0, 1.0]]}, "finger5joint1": {"matrix": [[0.2468254119157791, -0.6426430344581604, 0.7253185510635376, -1.0968282222747803], [-0.9487613439559937, -0.007864058017730713, 0.315895140171051, 0.07215980440378189], [-0.19730408489704132, -0.7661252021789551, -0.6116558909416199, 1.4193384647369385], [0.0, 0.0, 0.0, 1.0]]}, "finger5joint2": {"matrix": [[0.7339405417442322, -0.41554149985313416, -0.53726726770401, -1.7756341695785522], [0.3113167881965637, -0.49722152948379517, 0.8098469376564026, 0.06385323405265808], [-0.6036660075187683, -0.7616399526596069, -0.23556585609912872, 0.610101580619812], [0.0, 0.0, 0.0, 1.0]]}, "finger5joint3": {"matrix": [[0.7204030156135559, -0.3795261085033417, -0.5804988145828247, -2.0612504482269287], [0.2184792309999466, -0.670192301273346, 0.7093014717102051, -0.27790459990501404], [-0.6582443714141846, -0.6378100514411926, -0.39988991618156433, 0.08659973740577698], [0.0, 0.0, 0.0, 1.0]]}, "Bone": {"matrix": [[0.13169755041599274, -0.28712958097457886, 0.9487951397895813, -0.9456014633178711], [-0.5926238894462585, -0.7900630831718445, -0.15683402121067047, 0.38210389018058777], [0.7946396470069885, -0.5416243076324463, -0.27420926094055176, 0.3886198401451111], [0.0, 0.0, 0.0, 1.0]]}, "finger1joint1": {"matrix": [[-0.04287464916706085, -0.5887579917907715, 0.8071714043617249, -1.1845470666885376], [-0.9381365180015564, 0.3015800714492798, 0.17014403641223907, -0.2753768265247345], [-0.3436007797718048, -0.7499420642852783, -0.5652654767036438, -0.06211325526237488], [0.0, 0.0, 0.0, 1.0]]}, "finger1joint2": {"matrix": [[-0.2748042643070221, -0.9453898072242737, -0.17527316510677338, -1.5173003673553467], [-0.9512357115745544, 0.2407502382993698, 0.19284629821777344, -0.10493030399084091], [-0.14011813700199127, 0.21972110867500305, -0.965447723865509, -0.485964298248291], [0.0, 0.0, 0.0, 1.0]]}, "finger1joint3": {"matrix": [[-0.2562723755836487, -0.7596462368965149, -0.5977140069007874, -1.922573447227478], [-0.9350037574768066, 0.037996456027030945, 0.3525961935520172, -0.0017246343195438385], [-0.24513764679431915, 0.6492254734039307, -0.720009446144104, -0.39177343249320984], [0.0, 0.0, 0.0, 1.0]]}, "Bone.001": {"matrix": [[0.13769790530204773, 0.023806920275092125, 0.9901880025863647, -0.9456014037132263], [-0.8390606045722961, -0.52842777967453, 0.12938663363456726, 0.38210391998291016], [0.5263230800628662, -0.8486443161964417, -0.052787892520427704, 0.3886198401451111], [0.0, 0.0, 0.0, 1.0]]}, "finger2joint1": {"matrix": [[-0.05337465927004814, -0.5669007897377014, 0.8220550417900085, -0.9305106401443481], [-0.9534209370613098, 0.273682177066803, 0.1268310546875, 0.04714217782020569], [-0.296882688999176, -0.7769950032234192, -0.5551028251647949, -0.14932185411453247], [0.0, 0.0, 0.0, 1.0]]}, "finger2joint2": {"matrix": [[-0.18016068637371063, -0.8308696150779724, 0.526495635509491, -1.420964241027832], [-0.9323890805244446, 0.3147669732570648, 0.1776852160692215, 0.28391802310943604], [-0.31335699558258057, -0.4588868319988251, -0.8314024209976196, -0.8215383291244507], [0.0, 0.0, 0.0, 1.0]]}, "finger2joint3": {"matrix": [[-0.32058873772621155, -0.9428758025169373, 0.0905972421169281, -1.7363758087158203], [-0.9022549986839294, 0.3330891728401184, 0.2738375663757324, 0.4034087657928467], [-0.28837206959724426, 0.006047515664249659, -0.9574991464614868, -0.9957392811775208], [0.0, 0.0, 0.0, 1.0]]}, "Bone.002": {"matrix": [[0.09970001131296158, 0.03643070533871651, 0.9943503737449646, -0.9456014037132263], [-0.9717959761619568, 0.2182019054889679, 0.0894441232085228, 0.38210389018058777], [-0.21371085941791534, -0.9752232432365417, 0.0571579672396183, 0.3886198401451111], [0.0, 0.0, 0.0, 1.0]]}, "finger3joint1": {"matrix": [[0.018110431730747223, -0.5844219923019409, 0.811247706413269, -0.9302455186843872], [-0.9782091975212097, 0.15748867392539978, 0.13529236614704132, 0.4740781784057617], [-0.20683042705059052, -0.7960200905799866, -0.5688347220420837, -0.02244657278060913], [0.0, 0.0, 0.0, 1.0]]}, "finger3joint2": {"matrix": [[-0.10601210594177246, -0.9043353796005249, -0.4134475886821747, -1.44288969039917], [-0.9455029964447021, -0.0370597280561924, 0.32349738478660583, 0.6122243404388428], [-0.30787259340286255, 0.425210565328598, -0.8511229157447815, -0.7207006216049194], [0.0, 0.0, 0.0, 1.0]]}, "finger3joint3": {"matrix": [[-0.0797106921672821, -0.46946457028388977, -0.8793458938598633, -2.0280673503875732], [-0.9870961308479309, -0.08572845906019211, 0.1352466642856598, 0.5882437229156494], [-0.1388787031173706, 0.8787795901298523, -0.4565730690956116, -0.44555526971817017], [0.0, 0.0, 0.0, 1.0]]}, "Bone.003": {"matrix": [[0.6205601096153259, 0.43937408924102783, 0.6495041251182556, -0.9456014037132263], [-0.48837292194366455, 0.8645842671394348, -0.11826123297214508, 0.38210391998291016], [-0.6135119795799255, -0.24381181597709656, 0.7511049509048462, 0.3886198401451111], [0.0, 0.0, 0.0, 1.0]]}, "finger4joint1": {"matrix": [[-0.10280872881412506, -0.6535661220550537, 0.749854326248169, -0.7572771310806274], [-0.8844866752624512, 0.4049675762653351, 0.23169846832752228, 0.7526814937591553], [-0.45509716868400574, -0.6394155025482178, -0.6197046637535095, 0.28411734104156494], [0.0, 0.0, 0.0, 1.0]]}, "finger4joint2": {"matrix": [[-0.10326452553272247, -0.9945244789123535, -0.016038795933127403, -1.4065029621124268], [-0.8703320026397705, 0.08253958076238632, 0.48549869656562805, 1.1549596786499023], [-0.48151668906211853, 0.06409389525651932, -0.8740898966789246, -0.35105180740356445], [0.0, 0.0, 0.0, 1.0]]}, "finger4joint3": {"matrix": [[-0.019990602508187294, -0.8836107850074768, -0.4677949845790863, -1.8212823867797852], [-0.8811897039413452, -0.2054748833179474, 0.4257749021053314, 1.189383864402771], [-0.47233957052230835, 0.4207276403903961, -0.7745211720466614, -0.32432061433792114], [0.0, 0.0, 0.0, 1.0]]}}