{"root": {"matrix": [[0.1631048321723938, -0.8128970265388489, -0.5591021776199341, -5.960464477539063e-08], [-0.8774021863937378, 0.139637291431427, -0.4589845538139343, 0.0], [0.451178640127182, 0.5654200911521912, -0.6904621124267578, 0.0], [0.0, 0.0, 0.0, 1.0]]}, "carpals": {"matrix": [[0.9446396231651306, -0.06193951517343521, -0.32221007347106934, -0.36396169662475586], [0.26154470443725586, 0.7351042032241821, 0.6254724264144897, -1.79594087600708], [0.19811663031578064, -0.6751184463500977, 0.7106086611747742, 1.6513972282409668], [0.0, 0.0, 0.0, 1.0]]}, "metacarpals": {"matrix": [[0.5269353985786438, -0.6878127455711365, 0.49925199151039124, -0.4242905378341675], [0.15718349814414978, 0.6561539173126221, 0.7380751371383667, -1.0799537897109985], [-0.8352437615394592, -0.31044381856918335, 0.4538637697696686, 0.9938359260559082], [0.0, 0.0, 0.0, 1.0]]}, "finger5joint1": {"matrix": [[-0.019975533708930016, -0.9497612118721008, -0.31233713030815125, -1.114639401435852], [0.47426241636276245, -0.2840166389942169, 0.8333122134208679, -1.0367074012756348], [-0.8801566958427429, -0.1314839869737625, 0.4561096131801605, 0.776526927947998], [0.0, 0.0, 0.0, 1.0]]}, "finger5joint2": {"matrix": [[-0.37621018290519714, -0.5334834456443787, -0.757535994052887, -2.1178457736968994], [0.8565771579742432, 0.11140211671590805, -0.5038496255874634, -1.3367063999176025], [0.35318678617477417, -0.8384416699409485, 0.41505932807922363, 0.6376439929008484], [0.0, 0.0, 0.0, 1.0]]}, "finger5joint3": {"matrix": [[-0.382092148065567, 0.6826459765434265, -0.6228960752487183, -2.484527587890625], [0.8896705508232117, 0.4540594518184662, -0.04812079668045044, -1.2601357698440552], [0.2499825805425644, -0.572559118270874, -0.7808228731155396, 0.0613536536693573], [0.0, 0.0, 0.0, 1.0]]}, "Bone": {"matrix": [[0.7162332534790039, 0.31867867708206177, 0.6208491921424866, -1.4981571435928345], [-0.6840410232543945, 0.14441965520381927, 0.7150037288665771, -0.05551545321941376], [0.13819363713264465, -0.9367960095405579, 0.321427583694458, 0.5091469287872314], [0.0, 0.0, 0.0, 1.0]]}, "finger1joint1": {"matrix": [[0.6732336282730103, -0.5989018082618713, 0.43367379903793335, -1.2329567670822144], [0.06538289040327072, 0.6324161887168884, 0.7718641757965088, 0.06466880440711975], [-0.7365333437919617, -0.49129021167755127, 0.4649219810962677, -0.2704431116580963], [0.0, 0.0, 0.0, 1.0]]}, "finger1joint2": {"matrix": [[0.521074116230011, -0.7461276650428772, 0.414457768201828, -1.5714428424835205], [-0.1853831708431244, 0.37506043910980225, 0.9082743525505066, 0.42209672927856445], [-0.8331355452537537, -0.5501118898391724, 0.05711493641138077, -0.5481097102165222], [0.0, 0.0, 0.0, 1.0]]}, "finger1joint3": {"matrix": [[0.5873891115188599, -0.8092254400253296, 0.011318239383399487, -1.8912955522537231], [-0.1060807928442955, -0.06312093883752823, 0.9923518300056458, 0.5828789472579956], [-0.8023222088813782, -0.5840975046157837, -0.1229197233915329, -0.7839336395263672], [0.0, 0.0, 0.0, 1.0]]}, "Bone.001": {"matrix": [[0.8497088551521301, 0.2308356910943985, 0.4740353524684906, -1.498157024383545], [-0.5054646730422974, 0.6124172806739807, 0.6078239679336548, -0.05551546812057495], [-0.1499999612569809, -0.7560817003250122, 0.6370559334754944, 0.5091469287872314], [0.0, 0.0, 0.0, 1.0]]}, "finger2joint1": {"matrix": [[0.8172662854194641, -0.5450373291969299, -0.18710952997207642, -1.3518340587615967], [0.06693071871995926, -0.2327190339565277, 0.9702379107475281, 0.3326858580112457], [-0.5723598599433899, -0.80546635389328, -0.1537136435508728, 0.02987915277481079], [0.0, 0.0, 0.0, 1.0]]}, "finger2joint2": {"matrix": [[0.7784087061882019, -0.48392900824546814, -0.3998655378818512, -1.823372721672058], [-0.04433855786919594, -0.6777659058570862, 0.7339393496513367, 0.13134922087192535], [-0.6261898875236511, -0.5535755157470703, -0.5490356683731079, -0.6669692397117615], [0.0, 0.0, 0.0, 1.0]]}, "finger2joint3": {"matrix": [[0.750360906124115, -0.42505979537963867, -0.5062434673309326, -2.007079839706421], [-0.18718498945236206, -0.871127188205719, 0.45398083329200745, -0.12594184279441833], [-0.6339715719223022, -0.24588844180107117, -0.7332248091697693, -0.8771156072616577], [0.0, 0.0, 0.0, 1.0]]}, "Bone.002": {"matrix": [[0.7624328136444092, -0.3679329752922058, 0.5322794914245605, -1.4981571435928345], [0.0552135668694973, 0.8565953969955444, 0.51302570104599, -0.05551546812057495], [-0.6447073221206665, -0.3617585599422455, 0.6734115481376648, 0.5091469287872314], [0.0, 0.0, 0.0, 1.0]]}, "finger3joint1": {"matrix": [[0.6793677806854248, -0.06614381819963455, 0.730810821056366, -1.6532444953918457], [-0.08318813890218735, 0.9825661778450012, 0.1662619560956955, 0.30554819107055664], [-0.7290673851966858, -0.1737477034330368, 0.6620214581489563, 0.3566620647907257], [0.0, 0.0, 0.0, 1.0]]}, "finger3joint2": {"matrix": [[0.6314939260482788, -0.6768923997879028, -0.3781958222389221, -1.7112646102905273], [0.06683779507875443, -0.4384189546108246, 0.8962818384170532, 1.167436957359314], [-0.7724947333335876, -0.5912744998931885, -0.2316167652606964, 0.20425379276275635], [0.0, 0.0, 0.0, 1.0]]}, "finger3joint3": {"matrix": [[0.6517274379730225, -0.09668174386024475, -0.7522659301757812, -2.149268388748169], [-0.10667181015014648, -0.9936675429344177, 0.03529125079512596, 0.8837447166442871], [-0.750914454460144, 0.057245030999183655, -0.6579137444496155, -0.17834830284118652], [0.0, 0.0, 0.0, 1.0]]}, "Bone.003": {"matrix": [[0.6062677502632141, -0.46396249532699585, 0.645893394947052, -1.4981571435928345], [0.7536178827285767, 0.5945509076118469, -0.2803015112876892, -0.055515438318252563], [-0.25396695733070374, 0.6566947102546692, 0.7101076245307922, 0.5091469287872314], [0.0, 0.0, 0.0, 1.0]]}, "finger4joint1": {"matrix": [[0.7113349437713623, 0.019453728571534157, 0.7025838494300842, -1.697020411491394], [-0.2741757035255432, 0.928104043006897, 0.25189265608787537, 0.19932061433792114], [-0.6471708416938782, -0.3718113899230957, 0.665526807308197, 0.7906190156936646], [0.0, 0.0, 0.0, 1.0]]}, "finger4joint2": {"matrix": [[0.7250282168388367, -0.5683206915855408, 0.38903138041496277, -1.677695870399475], [-0.24791334569454193, 0.3116377294063568, 0.9172895550727844, 1.1212610006332397], [-0.6425517201423645, -0.7615071535110474, 0.08505210280418396, 0.42127683758735657], [0.0, 0.0, 0.0, 1.0]]}, "finger4joint3": {"matrix": [[0.7639923095703125, -0.644981324672699, -0.017739353701472282, -1.9147214889526367], [-0.28635257482528687, -0.3635711073875427, 0.886463463306427, 1.251233696937561], [-0.5782020092010498, -0.672171950340271, -0.4624575674533844, 0.10368047654628754], [0.0, 0.0, 0.0, 1.0]]}}