{"root": {"matrix": [[0.05613589286804199, -0.9918850064277649, 0.11407430469989777, 0.0], [-0.2970188558101654, -0.12567205727100372, -0.946565568447113, 0.0], [0.9532200694084167, 0.01925407350063324, -0.301663339138031, 0.0], [0.0, 0.0, 0.0, 1.0]]}, "carpals": {"matrix": [[0.6058762073516846, -0.25548693537712097, -0.753419041633606, -0.8567482233047485], [0.7271538972854614, -0.20634675025939941, 0.6547273993492126, -0.6882913708686829], [-0.32273975014686584, -0.944535493850708, 0.060757920145988464, 2.2084434032440186], [0.0, 0.0, 0.0, 1.0]]}, "metacarpals": {"matrix": [[0.7089556455612183, -0.4995032250881195, 0.4978736639022827, -1.1055909395217896], [0.007841402664780617, 0.7114896774291992, 0.702652633190155, -0.8892718553543091], [-0.7052093148231506, -0.49424538016319275, 0.5083315968513489, 1.2884714603424072], [0.0, 0.0, 0.0, 1.0]]}, "finger5joint1": {"matrix": [[0.9467621445655823, -0.2480539232492447, 0.20520862936973572, -1.7198486328125], [-0.11026351898908615, 0.3490174412727356, 0.9306065440177917, -0.7736709117889404], [-0.302462100982666, -0.903689980506897, 0.30308541655540466, 0.9210497140884399], [0.0, 0.0, 0.0, 1.0]]}, "finger5joint2": {"matrix": [[0.18194615840911865, -0.2577050030231476, -0.9489380121231079, -1.9818611145019531], [0.9015262722969055, 0.42904040217399597, 0.05634021386504173, -0.40501344203948975], [0.39261388778686523, -0.8657433390617371, 0.3103901147842407, -0.03349292278289795], [0.0, 0.0, 0.0, 1.0]]}, "finger5joint3": {"matrix": [[0.20905925333499908, -0.09132625162601471, -0.9736289381980896, -2.1589906215667725], [0.9331672787666321, 0.3163220286369324, 0.1707002967596054, -0.11011894047260284], [0.2923911511898041, -0.9442452192306519, 0.15135277807712555, -0.6285486817359924], [0.0, 0.0, 0.0, 1.0]]}, "Bone": {"matrix": [[0.5590986013412476, 0.5273514986038208, 0.6397725939750671, -1.8854542970657349], [-0.7585840821266174, 0.013955146074295044, 0.6514254212379456, 0.22156104445457458], [0.33460190892219543, -0.8495324850082397, 0.4078429341316223, 0.5168173313140869], [0.0, 0.0, 0.0, 1.0]]}, "finger1joint1": {"matrix": [[0.7856355309486389, -0.43224334716796875, 0.4426536560058594, -1.4465988874435425], [-0.05953181907534599, 0.6593353152275085, 0.7494882345199585, 0.2331743836402893], [-0.6158186793327332, -0.6151764988899231, 0.4922652542591095, -0.1901531219482422], [0.0, 0.0, 0.0, 1.0]]}, "finger1joint2": {"matrix": [[0.6220490336418152, -0.6032922863960266, 0.4990924298763275, -1.6908934116363525], [-0.2980673015117645, 0.4069731533527374, 0.8634399175643921, 0.6058164238929749], [-0.7240240573883057, -0.685865044593811, 0.07333579659461975, -0.5378375053405762], [0.0, 0.0, 0.0, 1.0]]}, "finger1joint3": {"matrix": [[0.6911076307296753, -0.6471146941184998, -0.32188937067985535, -1.9495148658752441], [-0.22382062673568726, -0.6150962710380554, 0.7560163140296936, 0.7802790999412537], [-0.6872224807739258, -0.450443297624588, -0.569935142993927, -0.8318566679954529], [0.0, 0.0, 0.0, 1.0]]}, "Bone.001": {"matrix": [[0.7758312225341797, 0.47510895133018494, 0.41515910625457764, -1.8854542970657349], [-0.6266933083534241, 0.5040653347969055, 0.5942838788032532, 0.22156104445457458], [0.07308214157819748, -0.7212414145469666, 0.6888174414634705, 0.5168173313140869], [0.0, 0.0, 0.0, 1.0]]}, "finger2joint1": {"matrix": [[0.9391027688980103, -0.3283539116382599, -0.10133833438158035, -1.5842903852462769], [-0.05583135038614273, -0.4367747902870178, 0.897836446762085, 0.5410798192024231], [-0.339070200920105, -0.8375030159950256, -0.4285086989402771, 0.05963414907455444], [0.0, 0.0, 0.0, 1.0]]}, "finger2joint2": {"matrix": [[0.9108911752700806, -0.3629434406757355, -0.1963394284248352, -1.8683655261993408], [-0.17783240973949432, -0.7746249437332153, 0.6069031953811646, 0.16320456564426422], [-0.37236109375953674, -0.5179073810577393, -0.7701420783996582, -0.6649307012557983], [0.0, 0.0, 0.0, 1.0]]}, "finger2joint3": {"matrix": [[0.8771266341209412, -0.42692044377326965, -0.21997158229351044, -2.0061450004577637], [-0.31901875138282776, -0.8603086471557617, 0.39761245250701904, -0.13085579872131348], [-0.35899248719215393, -0.2785816192626953, -0.8907952904701233, -0.8615368604660034], [0.0, 0.0, 0.0, 1.0]]}, "Bone.002": {"matrix": [[0.8807377815246582, -0.14946354925632477, 0.449401319026947, -1.8854541778564453], [-0.10700082033872604, 0.861564576625824, 0.4962429404258728, 0.2215610146522522], [-0.46135860681533813, -0.4851459562778473, 0.7428199052810669, 0.5168173313140869], [0.0, 0.0, 0.0, 1.0]]}, "finger3joint1": {"matrix": [[0.8444782495498657, -0.04854833707213402, 0.5333849787712097, -1.94845449924469], [-0.29554224014282227, 0.788299024105072, 0.5396658182144165, 0.584719181060791], [-0.446666955947876, -0.6133735775947571, 0.6513534188270569, 0.3123233914375305], [0.0, 0.0, 0.0, 1.0]]}, "finger3joint2": {"matrix": [[0.8048424124717712, -0.4183186888694763, -0.42099669575691223, -1.9910403490066528], [-0.1878863126039505, -0.8524667620658875, 0.48785141110420227, 1.276200532913208], [-0.5629631876945496, -0.3135441839694977, -0.7646974921226501, -0.22571657598018646], [0.0, 0.0, 0.0, 1.0]]}, "finger3joint3": {"matrix": [[0.8424171209335327, 0.24796193838119507, -0.47838085889816284, -2.261726140975952], [-0.3093093931674957, -0.5044293999671936, -0.806150496006012, 0.7245860695838928], [-0.4412041902542114, 0.8270823955535889, -0.3482431471347809, -0.4286048412322998], [0.0, 0.0, 0.0, 1.0]]}, "Bone.003": {"matrix": [[0.7530031204223633, -0.4968206584453583, 0.4314573407173157, -1.8854542970657349], [0.6388480067253113, 0.709087610244751, -0.29844239354133606, 0.2215610146522522], [-0.15766851603984833, 0.5003639459609985, 0.8513380289077759, 0.5168172717094421], [0.0, 0.0, 0.0, 1.0]]}, "finger4joint1": {"matrix": [[0.7627823948860168, 0.3401985168457031, 0.5499343276023865, -2.0984010696411133], [-0.4959069788455963, 0.8535397052764893, 0.15983031690120697, 0.5254897475242615], [-0.4150170087814331, -0.39463183283805847, 0.8197720646858215, 0.7312830686569214], [0.0, 0.0, 0.0, 1.0]]}, "finger4joint2": {"matrix": [[0.7808573842048645, -0.4284713864326477, 0.4546138644218445, -1.7604619264602661], [-0.4730319678783417, 0.06979657709598541, 0.8782759308815002, 1.3733611106872559], [-0.40804681181907654, -0.900855302810669, -0.14817920327186584, 0.3392719328403473], [0.0, 0.0, 0.0, 1.0]]}, "finger4joint3": {"matrix": [[0.8070377111434937, -0.5831190347671509, -0.0930698812007904, -1.9391614198684692], [-0.4899939000606537, -0.7492642998695374, 0.4455427825450897, 1.4024707078933716], [-0.32953861355781555, -0.3139665126800537, -0.8904094099998474, -0.0364413782954216], [0.0, 0.0, 0.0, 1.0]]}}