{"root": {"matrix": [[0.3083655536174774, -0.8841639757156372, -0.35094836354255676, -5.960464477539063e-08], [0.002215348184108734, 0.36959341168403625, -0.9291909337043762, 0.0], [0.9512653350830078, 0.2857530415058136, 0.1159285381436348, 2.9802322387695312e-08], [0.0, 0.0, 0.0, 1.0]]}, "carpals": {"matrix": [[0.8276059627532959, -0.28519099950790405, -0.48346075415611267, -0.12861761450767517], [0.48645904660224915, -0.06530154496431351, 0.8712595105171204, 0.47123953700065613], [-0.2800460159778595, -0.9562433958053589, 0.08468998223543167, 2.4179279804229736], [0.0, 0.0, 0.0, 1.0]]}, "metacarpals": {"matrix": [[0.5709019899368286, -0.6957241296768188, 0.43593430519104004, -0.406391978263855], [-0.22035455703735352, 0.38164451718330383, 0.8976587057113647, 0.40763622522354126], [-0.7908947467803955, -0.6085351705551147, 0.06457580626010895, 1.4865528345108032], [0.0, 0.0, 0.0, 1.0]]}, "finger5joint1": {"matrix": [[0.5033628344535828, -0.808775782585144, -0.30415037274360657, -1.082923412322998], [0.0022026612423360348, -0.35079315304756165, 0.9364502429962158, 0.29482603073120117], [-0.8640721440315247, -0.4720441699028015, -0.174794539809227, 1.251490831375122], [0.0, 0.0, 0.0, 1.0]]}, "finger5joint2": {"matrix": [[-0.35680103302001953, -0.37703028321266174, -0.8547167778015137, -1.9372106790542603], [0.8858741521835327, -0.4269614517688751, -0.18146762251853943, -0.07570704817771912], [-0.2965121567249298, -0.821919322013855, 0.48634183406829834, 0.7528836727142334], [0.0, 0.0, 0.0, 1.0]]}, "finger5joint3": {"matrix": [[-0.34284138679504395, -0.02932811714708805, -0.9389351606369019, -2.196356773376465], [0.850787341594696, -0.43345412611961365, -0.29711610078811646, -0.3691726326942444], [-0.39827126264572144, -0.9006979465484619, 0.17355814576148987, 0.1879497468471527], [0.0, 0.0, 0.0, 1.0]]}, "Bone": {"matrix": [[0.7361670732498169, 0.3702433109283447, 0.5665490031242371, -1.4926104545593262], [-0.48563364148139954, -0.29408130049705505, 0.8232107758522034, 1.0034892559051514], [0.47139957547187805, -0.8811560273170471, -0.03669021651148796, 0.5364604592323303], [0.0, 0.0, 0.0, 1.0]]}, "finger1joint1": {"matrix": [[0.6772194504737854, -0.69256192445755, 0.24845850467681885, -1.1844985485076904], [-0.24197885394096375, 0.10925877094268799, 0.964110255241394, 0.7587583661079407], [-0.6948524117469788, -0.7130358815193176, -0.09359294921159744, -0.19682669639587402], [0.0, 0.0, 0.0, 1.0]]}, "finger1joint2": {"matrix": [[0.583133339881897, -0.7821157574653625, 0.21965962648391724, -1.575919508934021], [-0.5261561274528503, -0.15759705007076263, 0.8356571197509766, 0.820509135723114], [-0.6189630627632141, -0.6028746962547302, -0.5034148693084717, -0.5998191833496094], [0.0, 0.0, 0.0, 1.0]]}, "finger1joint3": {"matrix": [[0.6306797862052917, -0.7539084553718567, -0.18402442336082458, -1.9111998081207275], [-0.43268370628356934, -0.538459837436676, 0.7230806946754456, 0.7529498338699341], [-0.644226610660553, -0.37640807032585144, -0.6657993197441101, -0.8582616448402405], [0.0, 0.0, 0.0, 1.0]]}, "Bone.001": {"matrix": [[0.879361093044281, 0.25021207332611084, 0.4051145315170288, -1.4926103353500366], [-0.45581498742103577, 0.19633716344833374, 0.8681498765945435, 1.0034892559051514], [0.1376824676990509, -0.948074460029602, 0.28670185804367065, 0.5364604592323303], [0.0, 0.0, 0.0, 1.0]]}, "finger2joint1": {"matrix": [[0.6434162259101868, -0.740700900554657, -0.19333265721797943, -1.3340051174163818], [-0.28593701124191284, -0.4668119549751282, 0.8368550539016724, 1.1279442310333252], [-0.7101093530654907, -0.4831652343273163, -0.5121480226516724, -0.06450843811035156], [0.0, 0.0, 0.0, 1.0]]}, "finger2joint2": {"matrix": [[0.5888988971710205, -0.46044477820396423, -0.6642201542854309, -1.97482168674469], [-0.40308740735054016, -0.8796632289886475, 0.25241416692733765, 0.724082350730896], [-0.7005130052566528, 0.11909221112728119, -0.703632116317749, -0.4825183153152466], [0.0, 0.0, 0.0, 1.0]]}, "finger2joint3": {"matrix": [[0.5891793370246887, -0.09461278468370438, -0.8024436831474304, -2.149613857269287], [-0.5222530961036682, -0.8023824095726013, -0.2888491451740265, 0.3901476562023163], [-0.6165380477905273, 0.5892625451087952, -0.5221590399742126, -0.4373089671134949], [0.0, 0.0, 0.0, 1.0]]}, "Bone.002": {"matrix": [[0.798277735710144, -0.3825942277908325, 0.46516042947769165, -1.4926104545593262], [-0.20341823995113373, 0.5556715130805969, 0.8061327934265137, 1.0034892559051514], [-0.5668982267379761, -0.7381397485733032, 0.3657536804676056, 0.5364604592323303], [0.0, 0.0, 0.0, 1.0]]}, "finger3joint1": {"matrix": [[0.8085827827453613, -0.47989705204963684, 0.3404301702976227, -1.6538777351379395], [-0.3123771548271179, 0.14017851650714874, 0.9395586252212524, 1.2377103567123413], [-0.49861255288124084, -0.8660533428192139, -0.036562729626894, 0.22532713413238525], [0.0, 0.0, 0.0, 1.0]]}, "finger3joint2": {"matrix": [[0.7087052464485168, -0.2686499357223511, -0.6523527503013611, -2.0748345851898193], [-0.32249200344085693, -0.9457629919052124, 0.03913123160600662, 1.3606723546981812], [-0.6274837255477905, 0.18264585733413696, -0.7569044232368469, -0.5343588590621948], [0.0, 0.0, 0.0, 1.0]]}, "finger3joint3": {"matrix": [[0.7941006422042847, 0.20798742771148682, -0.57109135389328, -2.2486727237701416], [-0.37100014090538025, -0.5783854722976685, -0.7265185117721558, 0.7486878037452698], [-0.48141777515411377, 0.7888035178184509, -0.3821328580379486, -0.4161722958087921], [0.0, 0.0, 0.0, 1.0]]}, "Bone.003": {"matrix": [[0.586525559425354, -0.5307069420814514, 0.6118316054344177, -1.4926104545593262], [0.5839591026306152, 0.8005473613739014, 0.13459451496601105, 1.0034892559051514], [-0.5612301230430603, 0.2783416509628296, 0.7794525623321533, 0.5364604592323303], [0.0, 0.0, 0.0, 1.0]]}, "finger4joint1": {"matrix": [[0.8180476427078247, -0.1597735434770584, 0.5525127649307251, -1.7200818061828613], [-0.44780972599983215, 0.4258910119533539, 0.7861825227737427, 1.3466194868087769], [-0.36092156171798706, -0.8905551433563232, 0.2768511474132538, 0.6557630896568298], [0.0, 0.0, 0.0, 1.0]]}, "finger4joint2": {"matrix": [[0.824686586856842, -0.5403687953948975, -0.16701281070709229, -1.8787941932678223], [-0.42266443371772766, -0.7850223183631897, 0.452873557806015, 1.7696820497512817], [-0.3758276700973511, -0.30288854241371155, -0.8757919073104858, -0.22887791693210602], [0.0, 0.0, 0.0, 1.0]]}, "finger4joint3": {"matrix": [[0.8691056966781616, -0.1616271585226059, -0.46747368574142456, -2.1041619777679443], [-0.36252540349960327, -0.8511080145835876, -0.3797238767147064, 1.4422783851623535], [-0.336497038602829, 0.49949103593826294, -0.7982968091964722, -0.35520148277282715], [0.0, 0.0, 0.0, 1.0]]}}