{"root": {"matrix": [[0.3238038420677185, -0.9353802800178528, -0.1421789526939392, 0.0], [0.06368953734636307, 0.17148399353027344, -0.9831261038780212, 0.0], [0.9439781308174133, 0.30928468704223633, 0.11510103195905685, 2.9802322387695312e-08], [0.0, 0.0, 0.0, 1.0]]}, "carpals": {"matrix": [[0.5481168031692505, -0.3461243212223053, -0.7614234685897827, -0.16730687022209167], [0.7635926604270935, -0.16441158950328827, 0.6244156956672668, 0.42241281270980835], [-0.3413121700286865, -0.9236701130867004, 0.17418138682842255, 2.424574375152588], [0.0, 0.0, 0.0, 1.0]]}, "metacarpals": {"matrix": [[0.6452953815460205, -0.7608089447021484, 0.06901778280735016, -0.5044296979904175], [0.2625678777694702, 0.305725634098053, 0.915199339389801, 0.26227694749832153], [-0.7173922657966614, -0.5724519491195679, 0.3970474898815155, 1.5249253511428833], [0.0, 0.0, 0.0, 1.0]]}, "finger5joint1": {"matrix": [[0.23679663240909576, -0.687639057636261, -0.6863524317741394, -1.080219030380249], [0.4000314176082611, -0.5747764110565186, 0.7138674855232239, 0.014190256595611572], [-0.8853822350502014, -0.4436039924621582, 0.13897232711315155, 1.1607897281646729], [0.0, 0.0, 0.0, 1.0]]}, "finger5joint2": {"matrix": [[-0.7519966959953308, -0.4503136873245239, -0.4813710153102875, -1.8065531253814697], [0.6583871245384216, -0.4776226580142975, -0.5817238092422485, -0.5929301977157593], [0.03204471245408058, -0.754382848739624, 0.6556515097618103, 0.6922231912612915], [0.0, 0.0, 0.0, 1.0]]}, "finger5joint3": {"matrix": [[-0.7631047964096069, -0.27221646904945374, -0.5861473679542542, -2.1160693168640137], [0.6419466137886047, -0.4240587651729584, -0.6388100385665894, -0.9212169647216797], [-0.07466606795787811, -0.8637544512748718, 0.49834978580474854, 0.1737094521522522], [0.0, 0.0, 0.0, 1.0]]}, "Bone": {"matrix": [[0.8427566289901733, 0.49032148718833923, 0.22213929891586304, -1.6922638416290283], [-0.3377908766269684, 0.16040946543216705, 0.9274513125419617, 0.7395994663238525], [0.41911593079566956, -0.8566524386405945, 0.30081239342689514, 0.6311689615249634], [0.0, 0.0, 0.0, 1.0]]}, "finger1joint1": {"matrix": [[0.7637476921081543, -0.6351476311683655, 0.1152246817946434, -1.284224271774292], [0.25148218870162964, 0.45716238021850586, 0.8530879616737366, 0.8730902671813965], [-0.5945132374763489, -0.6225668787956238, 0.5088852047920227, -0.08172664046287537], [0.0, 0.0, 0.0, 1.0]]}, "finger1joint2": {"matrix": [[0.7049512267112732, -0.6949917078018188, 0.14152787625789642, -1.6431961059570312], [-0.0293818861246109, 0.1707565188407898, 0.9848750233650208, 1.131468653678894], [-0.7086468935012817, -0.6984471082687378, 0.09995507448911667, -0.4335879683494568], [0.0, 0.0, 0.0, 1.0]]}, "finger1joint3": {"matrix": [[0.7406799793243408, -0.6327422261238098, -0.2258988916873932, -1.9411275386810303], [0.06426576524972916, -0.26796460151672363, 0.9612829089164734, 1.2046691179275513], [-0.6687772870063782, -0.7265205383300781, -0.15781208872795105, -0.7330007553100586], [0.0, 0.0, 0.0, 1.0]]}, "Bone.001": {"matrix": [[0.9788861274719238, 0.2000807523727417, 0.04182438924908638, -1.6922638416290283], [-0.1517380326986313, 0.5741939544677734, 0.8045350313186646, 0.7395994663238525], [0.1369566172361374, -0.7938945293426514, 0.5924305319786072, 0.6311689615249634], [0.0, 0.0, 0.0, 1.0]]}, "finger2joint1": {"matrix": [[0.7968976497650146, -0.36587414145469666, -0.48071807622909546, -1.5654360055923462], [0.24916504323482513, -0.5258453488349915, 0.8132670521736145, 1.1035716533660889], [-0.5503367185592651, -0.7678688764572144, -0.32788169384002686, 0.12793219089508057], [0.0, 0.0, 0.0, 1.0]]}, "finger2joint2": {"matrix": [[0.8015462756156921, -0.37515687942504883, -0.46559709310531616, -1.8819713592529297], [0.12436430156230927, -0.6570490002632141, 0.743518590927124, 0.6486371755599976], [-0.5848563313484192, -0.6538683176040649, -0.479998916387558, -0.5363887548446655], [0.0, 0.0, 0.0, 1.0]]}, "finger2joint3": {"matrix": [[0.7916017770767212, -0.3603551983833313, -0.4934677481651306, -2.0243873596191406], [-0.01875457726418972, -0.8215388059616089, 0.5698438286781311, 0.39921054244041443], [-0.6107491850852966, -0.4418347477912903, -0.6570898294448853, -0.7846078872680664], [0.0, 0.0, 0.0, 1.0]]}, "Bone.002": {"matrix": [[0.8403632044792175, -0.529217541217804, 0.11712515354156494, -1.6922638416290283], [0.27896276116371155, 0.607562243938446, 0.7436718344688416, 0.7395994663238525], [-0.4647250175476074, -0.5922806859016418, 0.6582050919532776, 0.6311689615249634], [0.0, 0.0, 0.0, 1.0]]}, "finger3joint1": {"matrix": [[0.8127641081809998, -0.5729299783706665, 0.10566812008619308, -1.9153343439102173], [0.18506304919719696, 0.42587700486183167, 0.885652482509613, 0.9956931471824646], [-0.5524185299873352, -0.7002710103988647, 0.452165812253952, 0.3815166652202606], [0.0, 0.0, 0.0, 1.0]]}, "finger3joint2": {"matrix": [[0.7072272896766663, 0.09742126613855362, -0.7002418637275696, -2.417897939682007], [0.21557745337486267, -0.9730075001716614, 0.08235803991556168, 1.3692646026611328], [-0.6733170747756958, -0.2092023640871048, -0.7091389894485474, -0.2327481210231781], [0.0, 0.0, 0.0, 1.0]]}, "finger3joint3": {"matrix": [[0.8188611268997192, 0.5346083045005798, -0.20895056426525116, -2.354858636856079], [0.15011349320411682, -0.550820529460907, -0.8210132718086243, 0.7396506071090698], [-0.5540148019790649, 0.6409291625022888, -0.5312973856925964, -0.36811885237693787], [0.0, 0.0, 0.0, 1.0]]}, "Bone.003": {"matrix": [[0.3518555462360382, -0.8010194301605225, 0.4843195974826813, -1.6922638416290283], [0.8990556001663208, 0.43322616815567017, 0.06335681676864624, 0.7395994663238525], [-0.2605697214603424, 0.41313791275024414, 0.8725939989089966, 0.6311689615249634], [0.0, 0.0, 0.0, 1.0]]}, "finger4joint1": {"matrix": [[0.9596971869468689, 0.03092445246875286, 0.27932918071746826, -2.0355963706970215], [-0.19732089340686798, 0.7818796038627625, 0.5913784503936768, 0.9252885580062866], [-0.20011387765407562, -0.6226615309715271, 0.7564697861671448, 0.8082479238510132], [0.0, 0.0, 0.0, 1.0]]}, "finger4joint2": {"matrix": [[0.9653686881065369, -0.2576015293598175, 0.04128386452794075, -2.0048773288726807], [-0.16788947582244873, -0.49229344725608826, 0.854084312915802, 1.7019758224487305], [-0.19968977570533752, -0.8314375877380371, -0.5184929966926575, 0.1897214651107788], [0.0, 0.0, 0.0, 1.0]]}, "finger4joint3": {"matrix": [[0.9827333688735962, -0.14069342613220215, -0.12016678601503372, -2.1123132705688477], [-0.13886210322380066, -0.9900322556495667, 0.023520633578300476, 1.496658444404602], [-0.12227830290794373, -0.006428211461752653, -0.9924747347831726, -0.1570403128862381], [0.0, 0.0, 0.0, 1.0]]}}