{"root": {"matrix": [[0.08917739242315292, -0.9858928918838501, -0.14164268970489502, 5.960464477539063e-08], [-0.5244346857070923, 0.07442235201597214, -0.8481919169425964, 0.0], [0.8467677235603333, 0.14992189407348633, -0.5103996992111206, 0.0], [0.0, 0.0, 0.0, 1.0]]}, "carpals": {"matrix": [[0.7517654299736023, -0.35040852427482605, -0.5586254000663757, -0.74741131067276], [0.6160110831260681, 0.0708594024181366, 0.7845437526702881, -1.01779043674469], [-0.2353268712759018, -0.9339125156402588, 0.26912540197372437, 2.1190714836120605], [0.0, 0.0, 0.0, 1.0]]}, "metacarpals": {"matrix": [[0.6688515543937683, -0.5476460456848145, 0.5027138590812683, -1.0887069702148438], [-0.07206445932388306, 0.6252896189689636, 0.7770580649375916, -0.9487738609313965], [-0.739894688129425, -0.5559642314910889, 0.37876033782958984, 1.2094461917877197], [0.0, 0.0, 0.0, 1.0]]}, "finger5joint1": {"matrix": [[0.8939257264137268, -0.24945181608200073, 0.3723847270011902, -1.725392460823059], [-0.23905687034130096, 0.4374334514141083, 0.86689293384552, -0.8989518880844116], [-0.3791416883468628, -0.8639590740203857, 0.3314000964164734, 0.8661909103393555], [0.0, 0.0, 0.0, 1.0]]}, "finger5joint2": {"matrix": [[0.3507102131843567, -0.24184827506542206, -0.9047161936759949, -1.9888817071914673], [0.8590356111526489, 0.4677721858024597, 0.20795762538909912, -0.4369029998779297], [0.37290722131729126, -0.8501162528991699, 0.37180885672569275, -0.046385109424591064], [0.0, 0.0, 0.0, 1.0]]}, "finger5joint3": {"matrix": [[0.37587490677833557, -0.1014210432767868, -0.9211033582687378, -2.1551125049591064], [0.8861956000328064, 0.329898476600647, 0.3253055512905121, -0.11538676917552948], [0.2708780765533447, -0.9385520219802856, 0.2138795554637909, -0.630699872970581], [0.0, 0.0, 0.0, 1.0]]}, "Bone": {"matrix": [[0.599885106086731, 0.4795445501804352, 0.640448808670044, -1.9437346458435059], [-0.6923663020133972, -0.09000895172357559, 0.7159097790718079, 0.027476858347654343], [0.4009566903114319, -0.8728890419006348, 0.27802565693855286, 0.34143170714378357], [0.0, 0.0, 0.0, 1.0]]}, "finger1joint1": {"matrix": [[0.8445034623146057, -0.4839145541191101, 0.22943498194217682, -1.5446635484695435], [-0.1761532723903656, 0.1535794734954834, 0.9723080396652222, -0.047427479177713394], [-0.5057507157325745, -0.8615334033966064, 0.044455498456954956, -0.38497576117515564], [0.0, 0.0, 0.0, 1.0]]}, "finger1joint2": {"matrix": [[0.7440593838691711, -0.6663824319839478, -0.04806254804134369, -1.8181614875793457], [-0.46685168147087097, -0.5700337886810303, 0.6760995984077454, 0.03937231004238129], [-0.47793838381767273, -0.4806203842163086, -0.7352406978607178, -0.8718956708908081], [0.0, 0.0, 0.0, 1.0]]}, "finger1joint3": {"matrix": [[0.7593106031417847, -0.29065483808517456, -0.5822088122367859, -2.1038286685943604], [-0.37475207448005676, -0.9267578721046448, -0.026084458455443382, -0.20499184727668762], [-0.5319852828979492, 0.23798994719982147, -0.8126206994056702, -1.0779297351837158], [0.0, 0.0, 0.0, 1.0]]}, "Bone.001": {"matrix": [[0.7978167533874512, 0.4191266596317291, 0.4333832561969757, -1.9437346458435059], [-0.5924387574195862, 0.41168105602264404, 0.6924843788146973, 0.027476847171783447], [0.11182291060686111, -0.8092287182807922, 0.5767531991004944, 0.34143173694610596], [0.0, 0.0, 0.0, 1.0]]}, "finger2joint1": {"matrix": [[0.7206495404243469, -0.5498304963111877, -0.4223155677318573, -1.678057074546814], [-0.1665491759777069, -0.7285959720611572, 0.6643860936164856, 0.2884347438812256], [-0.6729972958564758, -0.40845346450805664, -0.6166361570358276, -0.17152509093284607], [0.0, 0.0, 0.0, 1.0]]}, "finger2joint2": {"matrix": [[0.7039055824279785, -0.18684127926826477, -0.6852788329124451, -2.1537423133850098], [-0.2924369275569916, -0.955452561378479, -0.03988160565495491, -0.3419092893600464], [-0.6473001837730408, 0.22847357392311096, -0.7271878123283386, -0.5248981714248657], [0.0, 0.0, 0.0, 1.0]]}, "finger2joint3": {"matrix": [[0.7362271547317505, 0.007675389293581247, -0.6766907572746277, -2.22467041015625], [-0.3953537940979004, -0.8066730499267578, -0.4392874836921692, -0.7046147584915161], [-0.5492401123046875, 0.5909476280212402, -0.5908603072166443, -0.4381658732891083], [0.0, 0.0, 0.0, 1.0]]}, "Bone.002": {"matrix": [[0.8571724891662598, -0.20247866213321686, 0.47355854511260986, -1.9437345266342163], [-0.14841368794441223, 0.7833662033081055, 0.6035813689231873, 0.027476847171783447], [-0.4931822121143341, -0.5876557230949402, 0.6414295434951782, 0.34143173694610596], [0.0, 0.0, 0.0, 1.0]]}, "finger3joint1": {"matrix": [[0.7543848752975464, 0.42172864079475403, 0.5030392408370972, -2.0290815830230713], [-0.5341389775276184, 0.8398187160491943, 0.09695226699113846, 0.3576735258102417], [-0.38157451152801514, -0.3418320119380951, 0.8588082790374756, 0.0937289446592331], [0.0, 0.0, 0.0, 1.0]]}, "finger3joint2": {"matrix": [[0.7914896011352539, -0.43510231375694275, 0.4292204678058624, -1.659148931503296], [-0.39797893166542053, 0.16608016192913055, 0.9022360444068909, 1.0943470001220703], [-0.463850200176239, -0.8849310874938965, -0.04171055182814598, -0.2061198353767395], [0.0, 0.0, 0.0, 1.0]]}, "finger3joint3": {"matrix": [[0.685462474822998, -0.6967978477478027, 0.21122035384178162, -1.9406949281692505], [-0.5352979302406311, -0.2856309413909912, 0.7949029803276062, 1.2018142938613892], [-0.49355587363243103, -0.6579421162605286, -0.5687835216522217, -0.7787413001060486], [0.0, 0.0, 0.0, 1.0]]}, "Bone.003": {"matrix": [[0.7230067253112793, -0.49065127968788147, 0.4863358438014984, -1.9437345266342163], [0.628760576248169, 0.7590134143829346, -0.16899268329143524, 0.027476847171783447], [-0.2862187623977661, 0.42797189950942993, 0.857274055480957, 0.34143176674842834], [0.0, 0.0, 0.0, 1.0]]}, "finger4joint1": {"matrix": [[0.7116896510124207, 0.38056522607803345, 0.5904809832572937, -2.1540372371673584], [-0.45550358295440674, 0.8898955583572388, -0.024532681331038475, 0.35280460119247437], [-0.5348029136657715, -0.25150632858276367, 0.8066784143447876, 0.5248688459396362], [0.0, 0.0, 0.0, 1.0]]}, "finger4joint2": {"matrix": [[0.7314958572387695, -0.36093610525131226, 0.5784796476364136, -1.7759993076324463], [-0.4353734254837036, 0.40568578243255615, 0.8036593794822693, 1.2367905378341675], [-0.524750828742981, -0.8397282958030701, 0.13961581885814667, 0.27503272891044617], [0.0, 0.0, 0.0, 1.0]]}, "finger4joint3": {"matrix": [[0.7504264116287231, -0.6150553226470947, -0.24200597405433655, -1.92653226852417], [-0.4792993366718292, -0.7585121989250183, 0.4415096342563629, 1.405987024307251], [-0.45511752367019653, -0.21532754600048065, -0.8640033006668091, -0.07518677413463593], [0.0, 0.0, 0.0, 1.0]]}}