{"root": {"matrix": [[0.3833477795124054, -0.8583691120147705, -0.3409501314163208, 0.0], [-0.43991392850875854, 0.15489591658115387, -0.884580671787262, 0.0], [0.8121084570884705, 0.48909077048301697, -0.3182295858860016, 0.0], [0.0, 0.0, 0.0, 1.0]]}, "carpals": {"matrix": [[0.7407165169715881, -0.47694090008735657, -0.4731450080871582, 0.06507718563079834], [0.5716803669929504, 0.07754990458488464, 0.8168030977249146, -0.7437891364097595], [-0.3528743386268616, -0.8755073547363281, 0.3301004469394684, 2.351069450378418], [0.0, 0.0, 0.0, 1.0]]}, "metacarpals": {"matrix": [[0.5422145128250122, -0.7276448607444763, 0.4201620817184448, -0.3994605541229248], [-0.20582440495491028, 0.3697931170463562, 0.9060292840003967, -0.6682559251785278], [-0.8146407604217529, -0.577741801738739, 0.0507403202354908, 1.4983305931091309], [0.0, 0.0, 0.0, 1.0]]}, "finger5joint1": {"matrix": [[0.47138771414756775, -0.7823426127433777, 0.4071038067340851, -1.0826860666275024], [-0.1381690353155136, 0.3903951942920685, 0.9102200865745544, -0.7938222289085388], [-0.8710354566574097, -0.48531562089920044, 0.07593216747045517, 1.2906996011734009], [0.0, 0.0, 0.0, 1.0]]}, "finger5joint2": {"matrix": [[0.49908173084259033, -0.354243665933609, -0.7908403277397156, -1.9090529680252075], [0.8322483897209167, 0.45019176602363586, 0.32355743646621704, -0.3814586102962494], [0.24141182005405426, -0.8196571469306946, 0.5195015668869019, 0.7780741453170776], [0.0, 0.0, 0.0, 1.0]]}, "finger5joint3": {"matrix": [[0.5066103935241699, -0.10809767991304398, -0.8553714752197266, -2.1525368690490723], [0.851560652256012, 0.2179308384656906, 0.4768122434616089, -0.07202602177858353], [0.13486967980861664, -0.9699589014053345, 0.20245808362960815, 0.2146950662136078], [0.0, 0.0, 0.0, 1.0]]}, "Bone": {"matrix": [[0.7644917368888855, 0.33953219652175903, 0.5479690432548523, -1.5355161428451538], [-0.4724310040473938, -0.28324928879737854, 0.8346127271652222, -0.09090621769428253], [0.4385896921157837, -0.8969323635101318, -0.05613604560494423, 0.5963152050971985], [0.0, 0.0, 0.0, 1.0]]}, "finger1joint1": {"matrix": [[0.7127452492713928, -0.6599348783493042, 0.23765507340431213, -1.2529616355895996], [-0.2284102439880371, 0.10198164731264114, 0.9682087302207947, -0.32662278413772583], [-0.6631913781166077, -0.7443691492080688, -0.07804872840642929, -0.15010076761245728], [0.0, 0.0, 0.0, 1.0]]}, "finger1joint2": {"matrix": [[0.6196017265319824, -0.7504279017448425, 0.2301120012998581, -1.6259424686431885], [-0.5143367648124695, -0.16671498119831085, 0.8412274122238159, -0.26898497343063354], [-0.5929176211357117, -0.6395810842514038, -0.4892694056034088, -0.5708022117614746], [0.0, 0.0, 0.0, 1.0]]}, "finger1joint3": {"matrix": [[0.6668320298194885, -0.7270016670227051, -0.16371780633926392, -1.9476386308670044], [-0.4200344979763031, -0.5481462478637695, 0.7232609987258911, -0.34045296907424927], [-0.6155534982681274, -0.41352659463882446, -0.6708871126174927, -0.844980001449585], [0.0, 0.0, 0.0, 1.0]]}, "Bone.001": {"matrix": [[0.8932248950004578, 0.20705872774124146, 0.3990935981273651, -1.5355160236358643], [-0.4384797215461731, 0.2048925757408142, 0.8750737905502319, -0.09090621769428253], [0.09942029416561127, -0.9566323161125183, 0.27380645275115967, 0.5963152050971985], [0.0, 0.0, 0.0, 1.0]]}, "finger2joint1": {"matrix": [[0.6713263392448425, -0.7154121398925781, -0.1936650574207306, -1.4042648077011108], [-0.2476881593465805, -0.46283185482025146, 0.8511385917663574, 0.03897184133529663], [-0.6985493302345276, -0.5234233736991882, -0.4879102408885956, -0.010078340768814087], [0.0, 0.0, 0.0, 1.0]]}, "finger2joint2": {"matrix": [[0.6188924312591553, -0.4375501871109009, -0.6523203253746033, -2.023203134536743], [-0.3661196529865265, -0.8954395651817322, 0.25326669216156006, -0.3614466190338135], [-0.6949305534362793, 0.08208230882883072, -0.7143765091896057, -0.4629175364971161], [0.0, 0.0, 0.0, 1.0]]}, "finger2joint3": {"matrix": [[0.6204167604446411, -0.06747498363256454, -0.7813640832901001, -2.1893041133880615], [-0.4875638782978058, -0.8135528564453125, -0.3168797194957733, -0.7013702392578125], [-0.6142998337745667, 0.5775623321533203, -0.5376403331756592, -0.43175774812698364], [0.0, 0.0, 0.0, 1.0]]}, "Bone.002": {"matrix": [[0.778218686580658, -0.423652321100235, 0.4635668992996216, -1.5355160236358643], [-0.18513862788677216, 0.5505900382995605, 0.8139865398406982, -0.09090621769428253], [-0.6000827550888062, -0.7192835211753845, 0.35004526376724243, 0.5963152050971985], [0.0, 0.0, 0.0, 1.0]]}, "finger3joint1": {"matrix": [[0.7472088932991028, 0.08730380237102509, 0.6588299870491028, -1.7140897512435913], [-0.4582432806491852, 0.7856767773628235, 0.41560181975364685, 0.14117300510406494], [-0.481344074010849, -0.612445592880249, 0.6270710229873657, 0.29312998056411743], [0.0, 0.0, 0.0, 1.0]]}, "finger3joint2": {"matrix": [[0.7254857420921326, -0.473523885011673, 0.4994452893733978, -1.6375083923339844], [-0.3440183103084564, 0.37902161478996277, 0.8590657114982605, 0.8303541541099548], [-0.5960888862609863, -0.795058012008667, 0.11207404732704163, -0.24409598112106323], [0.0, 0.0, 0.0, 1.0]]}, "finger3joint3": {"matrix": [[0.6067654490470886, -0.6869217157363892, 0.39996784925460815, -1.9439164400100708], [-0.46434855461120605, 0.10207991302013397, 0.8797498941421509, 1.0756115913391113], [-0.6451481580734253, -0.7195262312889099, -0.2570323646068573, -0.758562445640564], [0.0, 0.0, 0.0, 1.0]]}, "Bone.003": {"matrix": [[0.5511582493782043, -0.5347398519515991, 0.6405293345451355, -1.5355161428451538], [0.5977762937545776, 0.7886229157447815, 0.14400416612625122, -0.09090620279312134], [-0.5821407437324524, 0.303524374961853, 0.7543109059333801, 0.5963152050971985], [0.0, 0.0, 0.0, 1.0]]}, "finger4joint1": {"matrix": [[0.6192221641540527, 0.1397077888250351, 0.7726871967315674, -1.7647160291671753], [-0.3805919289588928, 0.9141265749931335, 0.13972081243991852, 0.24711287021636963], [-0.6868140697479248, -0.3805965185165405, 0.6192191243171692, 0.7264117002487183], [0.0, 0.0, 0.0, 1.0]]}, "finger4joint2": {"matrix": [[0.6370671391487122, -0.6120045185089111, 0.46861040592193604, -1.6259360313415527], [-0.3567682206630707, 0.30478885769844055, 0.8830739855766296, 1.1551687717437744], [-0.683272659778595, -0.7297627329826355, -0.02417251467704773, 0.3483426570892334], [0.0, 0.0, 0.0, 1.0]]}, "finger4joint3": {"matrix": [[0.6788122057914734, -0.7309848666191101, -0.06982062757015228, -1.8811804056167603], [-0.3937491774559021, -0.44259846210479736, 0.8056473731994629, 1.2822848558425903], [-0.6198186874389648, -0.519391655921936, -0.5882657766342163, 0.04398573935031891], [0.0, 0.0, 0.0, 1.0]]}}