{"root": {"matrix": [[0.33409830927848816, -0.9056112170219421, -0.2612406313419342, 0.0], [-0.17989902198314667, 0.2108018398284912, -0.960832417011261, 0.0], [0.9252105951309204, 0.36800944805145264, -0.09249009937047958, 0.0], [0.0, 0.0, 0.0, 1.0]]}, "carpals": {"matrix": [[0.7361273765563965, -0.4995100498199463, -0.4567340612411499, -0.10150203108787537], [0.41197821497917175, -0.20472876727581024, 0.8878962993621826, -0.09247781336307526], [-0.537019670009613, -0.8417693376541138, 0.055081017315387726, 2.462951421737671], [0.0, 0.0, 0.0, 1.0]]}, "metacarpals": {"matrix": [[0.4361085593700409, -0.6641712188720703, 0.6071949601173401, -0.5880218744277954], [-0.49400511384010315, 0.3872864842414856, 0.7784394025802612, -0.29188236594200134], [-0.7521756291389465, -0.6394414305686951, -0.15920493006706238, 1.643073320388794], [0.0, 0.0, 0.0, 1.0]]}, "finger5joint1": {"matrix": [[0.3890647888183594, -0.4663899540901184, 0.7944235801696777, -1.2933464050292969], [-0.5110199451446533, 0.608251690864563, 0.6073616743087769, -0.3044135868549347], [-0.7664770483970642, -0.6422691941261292, -0.001685179304331541, 1.4756364822387695], [0.0, 0.0, 0.0, 1.0]]}, "finger5joint2": {"matrix": [[0.7512468099594116, -0.4075470566749573, -0.5191659331321716, -1.7859811782836914], [0.6497442126274109, 0.31838685274124146, 0.6902621388435364, 0.33806586265563965], [-0.11601859331130981, -0.8558821082115173, 0.5039888024330139, 0.7972252368927002], [0.0, 0.0, 0.0, 1.0]]}, "finger5joint3": {"matrix": [[0.7373571395874023, -0.29673323035240173, -0.6068388223648071, -2.0661025047302246], [0.6376382112503052, 0.009202955290675163, 0.770280659198761, 0.5569043159484863], [-0.22298304736614227, -0.9549156427383423, 0.19599464535713196, 0.20894744992256165], [0.0, 0.0, 0.0, 1.0]]}, "Bone": {"matrix": [[0.6698028445243835, 0.21701572835445404, 0.7101184129714966, -1.624977469444275], [-0.5233737826347351, -0.5404118895530701, 0.6588129997253418, 0.3127793073654175], [0.5267291069030762, -0.8129324316978455, -0.24838899075984955, 0.6447277665138245], [0.0, 0.0, 0.0, 1.0]]}, "finger1joint1": {"matrix": [[0.7948364615440369, -0.45024365186691284, 0.4068358838558197, -1.4443796873092651], [-0.4971938729286194, -0.09883248805999756, 0.8619919419288635, -0.13694478571414948], [-0.347898006439209, -0.8874190449714661, -0.30241385102272034, -0.03178459405899048], [0.0, 0.0, 0.0, 1.0]]}, "finger1joint2": {"matrix": [[0.6420762538909912, -0.6053128242492676, 0.4704618453979492, -1.6988476514816284], [-0.7339488863945007, -0.30805036425590515, 0.6053295135498047, -0.1928027868270874], [-0.22148804366588593, -0.7339627146720886, -0.6420603394508362, -0.5333346128463745], [0.0, 0.0, 0.0, 1.0]]}, "finger1joint3": {"matrix": [[0.7081928849220276, -0.6968761086463928, 0.11325377970933914, -1.958335280418396], [-0.6570738554000854, -0.5918756127357483, 0.4668373763561249, -0.3248589038848877], [-0.2582959234714508, -0.4050270915031433, -0.8770610094070435, -0.8479723334312439], [0.0, 0.0, 0.0, 1.0]]}, "Bone.001": {"matrix": [[0.7824938893318176, 0.18917182087898254, 0.5932259559631348, -1.6249775886535645], [-0.5937700867652893, -0.06012547016143799, 0.8023849725723267, 0.31277933716773987], [0.18745648860931396, -0.9801013469696045, 0.06527690589427948, 0.6447277665138245], [0.0, 0.0, 0.0, 1.0]]}, "finger2joint1": {"matrix": [[0.5019990801811218, -0.6212848424911499, 0.6016658544540405, -1.5050644874572754], [-0.5554619431495667, 0.30162468552589417, 0.7749091982841492, 0.27466675639152527], [-0.6629167795181274, -0.7232062220573425, -0.1936846822500229, 0.02345752716064453], [0.0, 0.0, 0.0, 1.0]]}, "finger2joint2": {"matrix": [[0.3859999179840088, -0.70836341381073, -0.5909526944160461, -2.0425684452056885], [-0.5951343774795532, -0.6806806325912476, 0.4271869659423828, 0.5356170535087585], [-0.7048539519309998, 0.18680205941200256, -0.684313952922821, -0.6022235751152039], [0.0, 0.0, 0.0, 1.0]]}, "finger2joint3": {"matrix": [[0.3534541130065918, 0.24868245422840118, -0.901790976524353, -2.3114750385284424], [-0.7050530314445496, -0.5627455711364746, -0.43152904510498047, 0.2772195041179657], [-0.6147928237915039, 0.7883360981941223, -0.023570431396365166, -0.5313104391098022], [0.0, 0.0, 0.0, 1.0]]}, "Bone.002": {"matrix": [[0.6833376288414001, -0.3373771607875824, 0.647476851940155, -1.624977469444275], [-0.4800698161125183, 0.46052801609039307, 0.7466235756874084, 0.3127793073654175], [-0.550075113773346, -0.8210299015045166, 0.15273162722587585, 0.6447277069091797], [0.0, 0.0, 0.0, 1.0]]}, "finger3joint1": {"matrix": [[0.5808698534965515, 0.2852921485900879, 0.7623637914657593, -1.7671853303909302], [-0.7040332555770874, 0.6461727023124695, 0.29461488127708435, 0.506896436214447], [-0.4085676372051239, -0.7078621983528137, 0.5761973261833191, 0.2986553907394409], [0.0, 0.0, 0.0, 1.0]]}, "finger3joint2": {"matrix": [[0.5886561870574951, -0.5715299844741821, 0.571696937084198, -1.516932487487793], [-0.6038939952850342, 0.15923483669757843, 0.7809969186782837, 1.0737073421478271], [-0.5373974442481995, -0.8049827814102173, -0.25140878558158875, -0.3222682476043701], [0.0, 0.0, 0.0, 1.0]]}, "finger3joint3": {"matrix": [[0.4550428092479706, -0.8626967072486877, 0.22065921127796173, -1.8867582082748413], [-0.7179749011993408, -0.2088724970817566, 0.6639911532402039, 1.1767449378967285], [-0.5267335176467896, -0.46057209372520447, -0.7144402265548706, -0.8431567549705505], [0.0, 0.0, 0.0, 1.0]]}, "Bone.003": {"matrix": [[0.6311929821968079, -0.33394211530685425, 0.7000557780265808, -1.624977469444275], [0.31829965114593506, 0.9345897436141968, 0.15883088111877441, 0.3127793073654175], [-0.7073051333427429, 0.12257479131221771, 0.6962001323699951, 0.6447277069091797], [0.0, 0.0, 0.0, 1.0]]}, "finger4joint1": {"matrix": [[0.49568504095077515, 0.22140468657016754, 0.8398072123527527, -1.7681115865707397], [-0.6518140435218811, 0.7338675856590271, 0.19124965369701385, 0.7133626937866211], [-0.5739639401435852, -0.6421975493431091, 0.50808185338974, 0.6972656846046448], [0.0, 0.0, 0.0, 1.0]]}, "finger4joint2": {"matrix": [[0.5167543888092041, -0.8115937113761902, 0.272544264793396, -1.5481772422790527], [-0.6310055255889893, -0.14590336382389069, 0.761934220790863, 1.4423567056655884], [-0.5786160826683044, -0.5657098293304443, -0.5875161290168762, 0.0593329519033432], [0.0, 0.0, 0.0, 1.0]]}, "finger4joint3": {"matrix": [[0.578387975692749, -0.7165169715881348, -0.38996225595474243, -1.8866628408432007], [-0.6277716159820557, -0.696214497089386, 0.3481202721595764, 1.3815058469772339], [-0.5209316611289978, 0.043458469212055206, -0.852491021156311, -0.17660363018512726], [0.0, 0.0, 0.0, 1.0]]}}