{"root": {"matrix": [[0.18843339383602142, -0.9532049298286438, -0.23641736805438995, 0.0], [-0.8454590439796448, -0.03496329113841057, -0.5328945517539978, 0.0], [0.4996917247772217, 0.3002963364124298, -0.8124840259552002, 0.0], [0.0, 0.0, 0.0, 1.0]]}, "carpals": {"matrix": [[0.6117380261421204, -0.5014762878417969, -0.6117989420890808, -0.4802958071231842], [0.7899239659309387, 0.34580445289611816, 0.5063980221748352, -1.8862947225570679], [-0.042383719235658646, -0.7930577397346497, 0.6076700687408447, 1.5153193473815918], [0.0, 0.0, 0.0, 1.0]]}, "metacarpals": {"matrix": [[0.665734052658081, -0.6434612274169922, 0.3778301477432251, -0.9687306880950928], [0.3399066627025604, 0.7122696042060852, 0.6141132116317749, -1.5494834184646606], [-0.6642751097679138, -0.2804091274738312, 0.6928991079330444, 0.7428858280181885], [0.0, 0.0, 0.0, 1.0]]}, "finger5joint1": {"matrix": [[0.9120367765426636, -0.35881927609443665, 0.19858874380588531, -1.6081748008728027], [0.11076029390096664, 0.6817539930343628, 0.7231481075286865, -1.4552810192108154], [-0.39486825466156006, -0.6375420093536377, 0.6615278720855713, 0.41438621282577515], [0.0, 0.0, 0.0, 1.0]]}, "finger5joint2": {"matrix": [[0.1853604018688202, -0.252621591091156, -0.9496439099311829, -1.9871857166290283], [0.6878917813301086, 0.7234765291213989, -0.0581880658864975, -0.7351632714271545], [0.7017449736595154, -0.6424664855003357, 0.3078802824020386, -0.2590316832065582], [0.0, 0.0, 0.0, 1.0]]}, "finger5joint3": {"matrix": [[0.21296679973602295, -0.08657685667276382, -0.9732158780097961, -2.1608211994171143], [0.7545836567878723, 0.647331714630127, 0.10753758251667023, -0.23789246380329132], [0.6206836104393005, -0.7572749257087708, 0.20318973064422607, -0.700621485710144], [0.0, 0.0, 0.0, 1.0]]}, "Bone": {"matrix": [[0.7042829990386963, 0.4804850220680237, 0.52260822057724, -1.973352313041687], [-0.7005720138549805, 0.3513305187225342, 0.6211000680923462, -0.4374327063560486], [0.11482103168964386, -0.8035551309585571, 0.5840506553649902, 0.30508941411972046], [0.0, 0.0, 0.0, 1.0]]}, "finger1joint1": {"matrix": [[0.7515228986740112, -0.65046626329422, 0.11003084480762482, -1.5734987258911133], [0.25970518589019775, 0.44502583146095276, 0.8570325374603271, -0.14505982398986816], [-0.6064374446868896, -0.6155041456222534, 0.5033767819404602, -0.36361929774284363], [0.0, 0.0, 0.0, 1.0]]}, "finger1joint2": {"matrix": [[0.6951970458030701, -0.5335327982902527, -0.4817091226577759, -1.941128134727478], [-0.022509220987558365, -0.6859689950942993, 0.7272822856903076, 0.10645917057991028], [-0.7184666395187378, -0.49476179480552673, -0.488893061876297, -0.7114888429641724], [0.0, 0.0, 0.0, 1.0]]}, "finger1joint3": {"matrix": [[0.6619420051574707, -0.10571339726448059, -0.7420628666877747, -2.169844627380371], [0.07644195854663849, -0.9753218293190002, 0.20713156461715698, -0.18760451674461365], [-0.7456470131874084, -0.19383396208286285, -0.637525737285614, -0.9235851764678955], [0.0, 0.0, 0.0, 1.0]]}, "Bone.001": {"matrix": [[0.8817073702812195, 0.34271305799484253, 0.3242524266242981, -1.973352313041687], [-0.4619724154472351, 0.7666561603546143, 0.44589167833328247, -0.43743273615837097], [-0.09577721357345581, -0.542941689491272, 0.834290623664856, 0.30508938431739807], [0.0, 0.0, 0.0, 1.0]]}, "finger2joint1": {"matrix": [[0.9379082918167114, -0.05468020588159561, 0.3425460457801819, -1.7561120986938477], [-0.10299813747406006, 0.8990631699562073, 0.4255306124687195, 0.048538029193878174], [-0.33123868703842163, -0.4343903362751007, 0.8376071453094482, -0.03907245397567749], [0.0, 0.0, 0.0, 1.0]]}, "finger2joint2": {"matrix": [[0.8934349417686462, -0.42625048756599426, 0.14171923696994781, -1.803418517112732], [-0.0601542666554451, 0.1991208791732788, 0.9781267046928406, 0.8263616561889648], [-0.445146381855011, -0.8824177980422974, 0.1522609442472458, -0.4148847758769989], [0.0, 0.0, 0.0, 1.0]]}, "finger2joint3": {"matrix": [[0.822388231754303, -0.4574137032032013, -0.3383045792579651, -1.9652303457260132], [-0.12407486885786057, -0.7245210409164429, 0.6779927611351013, 0.9019511938095093], [-0.5552321076393127, -0.5155984163284302, -0.6525912284851074, -0.7498650550842285], [0.0, 0.0, 0.0, 1.0]]}, "Bone.002": {"matrix": [[0.8657289147377014, -0.3276090621948242, 0.3783987760543823, -1.973352313041687], [0.19647487998008728, 0.9177777171134949, 0.34508153796195984, -0.43743276596069336], [-0.46033787727355957, -0.22440113127231598, 0.8589138984680176, 0.30508938431739807], [0.0, 0.0, 0.0, 1.0]]}, "finger3joint1": {"matrix": [[0.8831367492675781, 0.24495485424995422, 0.40008336305618286, -2.111442804336548], [-0.38152745366096497, 0.8712761998176575, 0.3087299168109894, -0.05058020353317261], [-0.272958368062973, -0.425293505191803, 0.862913191318512, 0.210502028465271], [0.0, 0.0, 0.0, 1.0]]}, "finger3joint2": {"matrix": [[0.8945656418800354, -0.20704954862594604, 0.39608436822891235, -1.8965730667114258], [-0.2506450116634369, 0.5013334155082703, 0.828155517578125, 0.7136872410774231], [-0.370039701461792, -0.8401160836219788, 0.3965798616409302, -0.16255754232406616], [0.0, 0.0, 0.0, 1.0]]}, "finger3joint3": {"matrix": [[0.8038287162780762, -0.4204420745372772, 0.4208180904388428, -2.030550479888916], [-0.36115530133247375, 0.217190220952034, 0.9068598747253418, 1.0380902290344238], [-0.4726797938346863, -0.880940854549408, 0.022738933563232422, -0.7061800956726074], [0.0, 0.0, 0.0, 1.0]]}, "Bone.003": {"matrix": [[0.6131324768066406, -0.5999887585639954, 0.5138891339302063, -1.9733524322509766], [0.7889857292175293, 0.4324602484703064, -0.4364393651485443, -0.43743273615837097], [0.0396222248673439, 0.6730465292930603, 0.7385380864143372, 0.3050893545150757], [0.0, 0.0, 0.0, 1.0]]}, "finger4joint1": {"matrix": [[0.8127237558364868, 0.26649582386016846, 0.5181311964988708, -2.2305192947387695], [-0.295734703540802, 0.9548808932304382, -0.027253834530711174, -0.2520718574523926], [-0.5020167827606201, -0.13107945024967194, 0.8548667430877686, 0.5935701727867126], [0.0, 0.0, 0.0, 1.0]]}, "finger4joint2": {"matrix": [[0.8284726738929749, -0.14002442359924316, 0.5422415733337402, -1.9657931327819824], [-0.2742392122745514, 0.7427688241004944, 0.6108081340789795, 0.6964676380157471], [-0.48828837275505066, -0.6547419428825378, 0.5769638419151306, 0.4633612334728241], [0.0, 0.0, 0.0, 1.0]]}, "finger4joint3": {"matrix": [[0.8292237520217896, -0.3657890856266022, 0.4225943386554718, -2.0241920948028564], [-0.34393930435180664, 0.2620272934436798, 0.9016910195350647, 1.006248950958252], [-0.44056010246276855, -0.8930507898330688, 0.09147023409605026, 0.19029267132282257], [0.0, 0.0, 0.0, 1.0]]}}