{"root": {"matrix": [[0.35135871171951294, -0.7678819298744202, -0.5356345772743225, 0.0], [-0.6192325949668884, 0.23850111663341522, -0.748109757900238, 1.4901161193847656e-08], [0.7022093534469604, 0.5945373177528381, -0.3916981518268585, -5.960464477539063e-08], [0.0, 0.0, 0.0, 1.0]]}, "carpals": {"matrix": [[0.7812499403953552, -0.5895644426345825, -0.20509053766727448, 0.10319268703460693], [0.3751416802406311, 0.18084587156772614, 0.9091551303863525, -1.0828224420547485], [-0.49891573190689087, -0.7872155904769897, 0.3624562621116638, 2.214008092880249], [0.0, 0.0, 0.0, 1.0]]}, "metacarpals": {"matrix": [[0.3024202287197113, -0.561784029006958, 0.7700263261795044, -0.47103965282440186], [-0.4400497078895569, 0.6343214511871338, 0.6356037855148315, -0.906679630279541], [-0.8455165028572083, -0.531069278717041, -0.05538114905357361, 1.4472649097442627], [0.0, 0.0, 0.0, 1.0]]}, "finger5joint1": {"matrix": [[0.29927414655685425, -0.7048732042312622, 0.6431085467338562, -1.1614606380462646], [-0.33711886405944824, 0.5524190664291382, 0.7623540163040161, -0.7289448976516724], [-0.89262855052948, -0.44495677947998047, -0.07230118662118912, 1.3153409957885742], [0.0, 0.0, 0.0, 1.0]]}, "finger5joint2": {"matrix": [[0.6754696369171143, -0.3298230469226837, -0.6595128178596497, -1.9059988260269165], [0.7364380955696106, 0.2563675343990326, 0.6260462999343872, -0.1454399973154068], [-0.03740672022104263, -0.9085657000541687, 0.416063129901886, 0.8453454971313477], [0.0, 0.0, 0.0, 1.0]]}, "finger5joint3": {"matrix": [[0.6770089864730835, -0.15941841900348663, -0.7185013294219971, -2.132697820663452], [0.721566915512085, -0.04844820871949196, 0.6906469464302063, 0.030770400539040565], [-0.14491185545921326, -0.9860212802886963, 0.08223151415586472, 0.2208564132452011], [0.0, 0.0, 0.0, 1.0]]}, "Bone": {"matrix": [[0.5345948338508606, 0.07799422740936279, 0.8415017127990723, -1.3481404781341553], [-0.7461341619491577, -0.4240242838859558, 0.5133096575737, 0.08367228507995605], [0.3968522548675537, -0.9022861123085022, -0.16848695278167725, 0.6181182861328125], [0.0, 0.0, 0.0, 1.0]]}, "finger1joint1": {"matrix": [[0.6783220171928406, -0.5714229941368103, 0.46190354228019714, -1.2832345962524414], [-0.5669605135917664, -0.00718515133485198, 0.8237133622169495, -0.2691954970359802], [-0.4673701226711273, -0.8206241726875305, -0.3288479745388031, -0.1327531337738037], [0.0, 0.0, 0.0, 1.0]]}, "finger1joint2": {"matrix": [[0.5167755484580994, -0.7284557223320007, 0.4497724175453186, -1.60619056224823], [-0.7905675172805786, -0.20442871749401093, 0.577244758605957, -0.27325639128685], [-0.3285510838031769, -0.6538816094398499, -0.6815372109413147, -0.5965521335601807], [0.0, 0.0, 0.0, 1.0]]}, "finger1joint3": {"matrix": [[0.586043655872345, -0.8086719512939453, 0.05101435258984566, -1.918467402458191], [-0.7200088500976562, -0.490842342376709, 0.49057185649871826, -0.3608916401863098], [-0.3716719448566437, -0.3242274224758148, -0.8699060082435608, -0.8768603801727295], [0.0, 0.0, 0.0, 1.0]]}, "Bone.001": {"matrix": [[0.624721884727478, 0.16102519631385803, 0.7640636563301086, -1.3481404781341553], [-0.77952641248703, 0.07172643393278122, 0.6222485899925232, 0.08367227017879486], [0.04539404809474945, -0.9843403697013855, 0.1703326255083084, 0.6181182861328125], [0.0, 0.0, 0.0, 1.0]]}, "finger2joint1": {"matrix": [[0.507239580154419, -0.23509225249290466, 0.8291196823120117, -1.2460691928863525], [-0.6304728388786316, 0.5546784996986389, 0.5429873466491699, 0.12913843989372253], [-0.5875471830368042, -0.7981622219085693, 0.13313572108745575, -0.005838871002197266], [0.0, 0.0, 0.0, 1.0]]}, "finger2joint2": {"matrix": [[0.4051007926464081, -0.7388427257537842, 0.5385207533836365, -1.4494590759277344], [-0.6251990795135498, 0.2059115618467331, 0.7528121471405029, 0.6090179681777954], [-0.6670977473258972, -0.641647458076477, -0.3785087764263153, -0.6963681578636169], [0.0, 0.0, 0.0, 1.0]]}, "finger2joint3": {"matrix": [[0.2679343521595001, -0.9566964507102966, -0.11376658827066422, -1.7299357652664185], [-0.6622039675712585, -0.26864150166511536, 0.6995120644569397, 0.6871853470802307], [-0.699783444404602, -0.11208667606115341, -0.7055065035820007, -0.9399480223655701], [0.0, 0.0, 0.0, 1.0]]}, "Bone.002": {"matrix": [[0.547957718372345, -0.22859437763690948, 0.804665744304657, -1.3481403589248657], [-0.5184212923049927, 0.6621279120445251, 0.5411337018013, 0.08367228507995605], [-0.6564919948577881, -0.7136740684509277, 0.24431003630161285, 0.6181182861328125], [0.0, 0.0, 0.0, 1.0]]}, "finger3joint1": {"matrix": [[0.47323906421661377, -0.017647890374064445, 0.8807572722434998, -1.4444952011108398], [-0.6997734308242798, 0.5998021364212036, 0.38801315426826477, 0.3627657890319824], [-0.5351280570030212, -0.7999534010887146, 0.2715003490447998, 0.31729745864868164], [0.0, 0.0, 0.0, 1.0]]}, "finger3joint2": {"matrix": [[0.4299670159816742, -0.6567896008491516, 0.6194802522659302, -1.4599757194519043], [-0.6106464862823486, 0.29383784532546997, 0.7353706359863281, 0.8889012336730957], [-0.6650107502937317, -0.6944684386253357, -0.2747255563735962, -0.3844068944454193], [0.0, 0.0, 0.0, 1.0]]}, "finger3joint3": {"matrix": [[0.2865462601184845, -0.867897093296051, 0.4057657718658447, -1.884971261024475], [-0.7102718353271484, 0.09179088473320007, 0.6979169845581055, 1.0790379047393799], [-0.6429659724235535, -0.4881894588470459, -0.5901404023170471, -0.833783745765686], [0.0, 0.0, 0.0, 1.0]]}, "Bone.003": {"matrix": [[0.6813841462135315, -0.1064116433262825, 0.7241492867469788, -1.3481404781341553], [0.28577449917793274, 0.9495244026184082, -0.12936793267726898, 0.08367228507995605], [-0.6738311052322388, 0.2950928807258606, 0.6774007081985474, 0.6181182265281677], [0.0, 0.0, 0.0, 1.0]]}, "finger4joint1": {"matrix": [[0.36150678992271423, -0.09021364897489548, 0.9279947280883789, -1.393750548362732], [-0.5732952356338501, 0.7634126543998718, 0.2975452244281769, 0.49065685272216797], [-0.7352858185768127, -0.6395794749259949, 0.2242598980665207, 0.7446008920669556], [0.0, 0.0, 0.0, 1.0]]}, "finger4joint2": {"matrix": [[0.3771960735321045, -0.8384764194488525, 0.393294095993042, -1.4833650588989258], [-0.5497921705245972, 0.13901185989379883, 0.8236526250839233, 1.2489997148513794], [-0.7452861070632935, -0.5269085764884949, -0.408552885055542, 0.10926879942417145], [0.0, 0.0, 0.0, 1.0]]}, "finger4joint3": {"matrix": [[0.43979591131210327, -0.8537263870239258, -0.2788022458553314, -1.8330624103546143], [-0.571434736251831, -0.5054954886436462, 0.6464797854423523, 1.306976318359375], [-0.6928502917289734, -0.12500204145908356, -0.7101636528968811, -0.11048519611358643], [0.0, 0.0, 0.0, 1.0]]}}