{"root": {"matrix": [[0.3272912800312042, -0.7683619856834412, 0.5500003099441528, 0.0], [0.9340102672576904, 0.17485539615154266, -0.3115292191505432, 0.0], [0.14319674670696259, 0.6156666874885559, 0.7748865485191345, 5.960464477539063e-08], [0.0, 0.0, 0.0, 1.0]]}, "carpals": {"matrix": [[-0.8082042932510376, -0.3058062493801117, -0.5032773613929749, -0.07375901937484741], [0.5365661978721619, -0.7345870137214661, -0.41530516743659973, 2.3184151649475098], [-0.24269813299179077, -0.6056930422782898, 0.7577818036079407, 0.8393426537513733], [0.0, 0.0, 0.0, 1.0]]}, "metacarpals": {"matrix": [[-0.7843496799468994, -0.5869594216346741, 0.20068369805812836, -0.37161242961883545], [0.43444642424583435, -0.7507085800170898, -0.49768730998039246, 1.6029318571090698], [0.4427773058414459, -0.30317452549934387, 0.8438206315040588, 0.2494012862443924], [0.0, 0.0, 0.0, 1.0]]}, "finger5joint1": {"matrix": [[-0.7595224976539612, -0.5657665729522705, 0.320988267660141, -0.6515005826950073], [0.48795002698898315, -0.8218644261360168, -0.29401257634162903, 1.3030273914337158], [0.43015140295028687, -0.06668289750814438, 0.9002904891967773, -0.3484237492084503], [0.0, 0.0, 0.0, 1.0]]}, "finger5joint2": {"matrix": [[0.3933146893978119, -0.8494530916213989, 0.3517560362815857, -1.2491042613983154], [-0.24166634678840637, -0.46465542912483215, -0.8518756628036499, 0.43491479754447937], [0.8870741128921509, 0.2500477731227875, -0.3880401849746704, -0.41885906457901], [0.0, 0.0, 0.0, 1.0]]}, "finger5joint3": {"matrix": [[0.2923312485218048, -0.9362073540687561, 0.19508369266986847, -1.832963228225708], [-0.23672159016132355, -0.26848646998405457, -0.9337437152862549, 0.11554083973169327], [0.926555335521698, 0.22678209841251373, -0.30010756850242615, -0.24699243903160095], [0.0, 0.0, 0.0, 1.0]]}, "Bone": {"matrix": [[0.4396611452102661, -0.8929041624069214, 0.09705714881420135, -1.288019061088562], [0.8481730818748474, 0.3772103786468506, -0.3719065487384796, 0.4308673143386841], [0.295465886592865, 0.24583418667316437, 0.9231821298599243, -0.22393834590911865], [0.0, 0.0, 0.0, 1.0]]}, "finger1joint1": {"matrix": [[-0.6929382085800171, -0.6553937792778015, -0.30049198865890503, -2.0310826301574707], [0.5257897973060608, -0.17417415976524353, -0.8325912356376648, 0.7447771430015564], [0.4933372139930725, -0.7349299788475037, 0.46529141068458557, -0.019358187913894653], [0.0, 0.0, 0.0, 1.0]]}, "finger1joint2": {"matrix": [[-0.5553010702133179, 0.1493070274591446, -0.8181369304656982, -2.4014973640441895], [0.7576901912689209, 0.4963831901550293, -0.42368513345718384, 0.6463376879692078], [0.3428502678871155, -0.8551672697067261, -0.38877055048942566, -0.43472471833229065], [0.0, 0.0, 0.0, 1.0]]}, "finger1joint3": {"matrix": [[-0.640403151512146, 0.47569921612739563, -0.60298752784729, -2.337491750717163], [0.6921632885932922, 0.6977115869522095, -0.18468447029590607, 0.8591289520263672], [0.3328571617603302, -0.5356384515762329, -0.7760782241821289, -0.8013207912445068], [0.0, 0.0, 0.0, 1.0]]}, "Bone.001": {"matrix": [[0.11984755098819733, -0.9017049074172974, 0.4154088497161865, -1.288019061088562], [0.8756285309791565, -0.10118773579597473, -0.47226616740226746, 0.4308673143386841], [0.4678789973258972, 0.42034387588500977, 0.7774316072463989, -0.22393834590911865], [0.0, 0.0, 0.0, 1.0]]}, "finger2joint1": {"matrix": [[-0.04546657204627991, -0.9945481419563293, -0.09384246915578842, -1.8595951795578003], [0.6495142579078674, 0.04194199666380882, -0.7591915130615234, 0.3667260706424713], [0.7589884996414185, -0.0954698696732521, 0.6440665125846863, 0.04251077398657799], [0.0, 0.0, 0.0, 1.0]]}, "finger2joint2": {"matrix": [[-0.1263512670993805, 0.2638109624385834, -0.9562628865242004, -2.720027446746826], [0.7180140018463135, 0.689468264579773, 0.09533720463514328, 0.40301215648651123], [0.6844640970230103, -0.6745643615722656, -0.27653515338897705, -0.04008486866950989], [0.0, 0.0, 0.0, 1.0]]}, "finger2joint3": {"matrix": [[-0.009305323474109173, 0.9311372637748718, 0.3645496070384979, -2.619880437850952], [0.7809457182884216, -0.22092466056346893, 0.5842223167419434, 0.664745569229126], [0.624529242515564, 0.2901298701763153, -0.7251121401786804, -0.29616057872772217], [0.0, 0.0, 0.0, 1.0]]}, "Bone.002": {"matrix": [[-0.5493729114532471, -0.6778372526168823, 0.48859578371047974, -1.2880191802978516], [0.5643901228904724, -0.7322136759757996, -0.38121750950813293, 0.43086734414100647], [0.6161600351333618, 0.06632814556360245, 0.7848231196403503, -0.22393834590911865], [0.0, 0.0, 0.0, 1.0]]}, "finger3joint1": {"matrix": [[-0.7203642129898071, -0.20359331369400024, 0.6630422472953796, -1.5737342834472656], [0.5066502094268799, -0.8073197603225708, 0.3025561273097992, 0.12223190069198608], [0.47368884086608887, 0.5538811683654785, 0.6847148537635803, -0.19598037004470825], [0.0, 0.0, 0.0, 1.0]]}, "finger3joint2": {"matrix": [[-0.7686665058135986, -0.5379743576049805, 0.3460277020931244, -1.7523226737976074], [0.3604976534843445, -0.8112164735794067, -0.4604009985923767, -0.5859341025352478], [0.5283874273300171, -0.2291526198387146, 0.8174936175346375, 0.28987395763397217], [0.0, 0.0, 0.0, 1.0]]}, "finger3joint3": {"matrix": [[-0.8416401743888855, -0.37106212973594666, -0.3923703730106354, -2.100435256958008], [0.39208856225013733, 0.0797596275806427, -0.9164631962776184, -1.110856294631958], [0.371360182762146, -0.9251763224601746, 0.07836031168699265, 0.1415938287973404], [0.0, 0.0, 0.0, 1.0]]}, "Bone.003": {"matrix": [[-0.45238715410232544, 0.3534339666366577, 0.8187980055809021, -1.288019061088562], [-0.2050517350435257, -0.9347425103187561, 0.2901897430419922, 0.4308673143386841], [0.8679282665252686, -0.03661775961518288, 0.4953378140926361, -0.22393833100795746], [0.0, 0.0, 0.0, 1.0]]}, "finger4joint1": {"matrix": [[-0.7811298966407776, -0.5777313709259033, 0.2367745190858841, -1.1365303993225098], [0.44231730699539185, -0.7796874046325684, -0.443218469619751, 0.030218541622161865], [0.440671443939209, -0.24148176610469818, 0.8645779490470886, -0.23963341116905212], [0.0, 0.0, 0.0, 1.0]]}, "finger4joint2": {"matrix": [[-0.7894501686096191, -0.613737940788269, 0.009676741436123848, -1.7104251384735107], [0.41568705439567566, -0.5461638569831848, -0.7272612452507019, -0.7442909479141235], [0.4516330361366272, -0.5701141357421875, 0.6862923502922058, -0.4795115292072296], [0.0, 0.0, 0.0, 1.0]]}, "finger4joint3": {"matrix": [[-0.7357571125030518, -0.6499258279800415, -0.19041360914707184, -1.9663923978805542], [0.470242977142334, -0.28792884945869446, -0.8342469930648804, -0.9720757007598877], [0.4873732030391693, -0.7033440470695496, 0.5174689888954163, -0.7172849774360657], [0.0, 0.0, 0.0, 1.0]]}}