{"root": {"matrix": [[0.234774649143219, -0.7181995511054993, -0.6550345420837402, 0.0], [-0.6709389090538025, 0.3678746819496155, -0.6438238620758057, 0.0], [0.7033646106719971, 0.5906417369842529, -0.39550042152404785, 0.0], [0.0, 0.0, 0.0, 1.0]]}, "carpals": {"matrix": [[0.8832688331604004, -0.44568705558776855, -0.14559882879257202, -0.09840556979179382], [0.3575047254562378, 0.43926945328712463, 0.8241555094718933, -1.0848463773727417], [-0.303358256816864, -0.7800032496452332, 0.5473284721374512, 2.2132351398468018], [0.0, 0.0, 0.0, 1.0]]}, "metacarpals": {"matrix": [[0.3814530074596405, -0.7209068536758423, 0.5786076784133911, -0.5325019359588623], [-0.21803978085517883, 0.5381046533584595, 0.8141877055168152, -0.6570005416870117], [-0.8983051180839539, -0.43673384189605713, 0.048075441271066666, 1.4535167217254639], [0.0, 0.0, 0.0, 1.0]]}, "finger5joint1": {"matrix": [[0.4307419955730438, -0.8724877238273621, 0.2307083159685135, -1.2488539218902588], [-0.0993240475654602, 0.20825539529323578, 0.9730179905891418, -0.6465926170349121], [-0.8969926834106445, -0.44203463196754456, 0.003045531688258052, 1.3421311378479004], [0.0, 0.0, 0.0, 1.0]]}, "finger5joint2": {"matrix": [[0.23397687077522278, -0.1975412517786026, -0.9519621133804321, -2.170438289642334], [0.9696410894393921, -0.024157678708434105, 0.24333500862121582, -0.42661821842193604], [-0.07106572389602661, -0.9799965023994446, 0.1858920454978943, 0.8752220869064331], [0.0, 0.0, 0.0, 1.0]]}, "finger5joint3": {"matrix": [[0.26656657457351685, 0.2553686201572418, -0.9293700456619263, -2.306215524673462], [0.9482775926589966, -0.24193844199180603, 0.20551082491874695, -0.44322264194488525], [-0.17236916720867157, -0.9360834956169128, -0.3066529333591461, 0.20163612067699432], [0.0, 0.0, 0.0, 1.0]]}, "Bone": {"matrix": [[0.7196272015571594, 0.15895052254199982, 0.6759225726127625, -1.658037781715393], [-0.6322317719459534, -0.25248268246650696, 0.7324854731559753, 0.1831301748752594], [0.28708764910697937, -0.9544564485549927, -0.08119969069957733, 0.7716538310050964], [0.0, 0.0, 0.0, 1.0]]}, "finger1joint1": {"matrix": [[0.8761605620384216, -0.4447724521160126, 0.18579541146755219, -1.5257611274719238], [-0.2768669128417969, -0.1488458514213562, 0.9493098258972168, -0.02698279172182083], [-0.3945721387863159, -0.8831887245178223, -0.2535555064678192, -0.02263304591178894], [0.0, 0.0, 0.0, 1.0]]}, "finger1joint2": {"matrix": [[0.7867105007171631, -0.54193115234375, 0.2956300973892212, -1.7771368026733398], [-0.5497123003005981, -0.3970872163772583, 0.7349406480789185, -0.11110725998878479], [-0.28089645504951477, -0.7406972646713257, -0.6102988123893738, -0.5217921733856201], [0.0, 0.0, 0.0, 1.0]]}, "finger1joint3": {"matrix": [[0.8319546580314636, -0.5541606545448303, -0.027521805837750435, -2.009453773498535], [-0.45751652121543884, -0.7132360935211182, 0.5310108661651611, -0.28133198618888855], [-0.31389501690864563, -0.42918550968170166, -0.8469176888465881, -0.8393168449401855], [0.0, 0.0, 0.0, 1.0]]}, "Bone.001": {"matrix": [[0.8053348660469055, 0.1092328429222107, 0.5826694965362549, -1.658037781715393], [-0.5893070101737976, 0.25435271859169006, 0.7668255567550659, 0.1831302046775818], [-0.06444109231233597, -0.9609227180480957, 0.2692110240459442, 0.7716538906097412], [0.0, 0.0, 0.0, 1.0]]}, "finger2joint1": {"matrix": [[0.4554848074913025, -0.24323901534080505, 0.8563691973686218, -1.588796854019165], [-0.30130210518836975, 0.8630591034889221, 0.4053955376148224, 0.3443601727485657], [-0.8377053737640381, -0.4426773190498352, 0.3198220729827881, 0.16254068911075592], [0.0, 0.0, 0.0, 1.0]]}, "finger2joint2": {"matrix": [[0.35052555799484253, -0.9253628253936768, -0.14434455335140228, -1.7992347478866577], [-0.2581888437271118, -0.24362912774085999, 0.9348705410957336, 1.0910348892211914], [-0.9002612233161926, -0.29042795300483704, -0.32431644201278687, -0.22044113278388977], [0.0, 0.0, 0.0, 1.0]]}, "finger2joint3": {"matrix": [[0.25356167554855347, -0.06434104591608047, -0.9651769399642944, -2.150517702102661], [-0.3669222593307495, -0.9296141862869263, -0.03442392125725746, 0.9985493421554565], [-0.8950275182723999, 0.3628734052181244, -0.25932279229164124, -0.3306923508644104], [0.0, 0.0, 0.0, 1.0]]}, "Bone.002": {"matrix": [[0.6441341638565063, -0.41140154004096985, 0.6448565125465393, -1.6580376625061035], [-0.2570381164550781, 0.6776050925254822, 0.6890445351600647, 0.183130145072937], [-0.7204322218894958, -0.6095897555351257, 0.3307228684425354, 0.7716538906097412], [0.0, 0.0, 0.0, 1.0]]}, "finger3joint1": {"matrix": [[0.6748119592666626, 0.1833997368812561, 0.7148379683494568, -1.831447720527649], [-0.6632109880447388, 0.5755666494369507, 0.4784076511859894, 0.4687475562095642], [-0.32369735836982727, -0.7969235777854919, 0.5100321173667908, 0.5147057175636292], [0.0, 0.0, 0.0, 1.0]]}, "finger3joint2": {"matrix": [[0.6670770049095154, -0.42817819118499756, 0.6096488237380981, -1.6705727577209473], [-0.5819106698036194, 0.21149882674217224, 0.7852693200111389, 0.9736239314079285], [-0.46517544984817505, -0.8785962462425232, -0.1080753430724144, -0.18434101343154907], [0.0, 0.0, 0.0, 1.0]]}, "finger3joint3": {"matrix": [[0.5329790115356445, -0.67540043592453, 0.509674072265625, -1.9476386308670044], [-0.6944575309753418, -0.005053017754107714, 0.7195157408714294, 1.1104806661605835], [-0.4833860993385315, -0.7374338507652283, -0.47172996401786804, -0.7528632879257202], [0.0, 0.0, 0.0, 1.0]]}, "Bone.003": {"matrix": [[0.5655360817909241, -0.3388250470161438, 0.7519086003303528, -1.6580379009246826], [0.5478513240814209, 0.835825502872467, -0.03541789948940277, 0.1831301748752594], [-0.6164637804031372, 0.4319644272327423, 0.6583153009414673, 0.7716538310050964], [0.0, 0.0, 0.0, 1.0]]}, "finger4joint1": {"matrix": [[0.5585259795188904, 0.1971619576215744, 0.8057144284248352, -1.803264856338501], [-0.6358326077461243, 0.7255576252937317, 0.26321569085121155, 0.5413812398910522], [-0.5326964259147644, -0.6593121886253357, 0.530604898929596, 0.9568021893501282], [0.0, 0.0, 0.0, 1.0]]}, "finger4joint2": {"matrix": [[0.5783530473709106, -0.6052798628807068, 0.5469405055046082, -1.6074122190475464], [-0.6138320565223694, 0.11871079355478287, 0.7804597020149231, 1.2621204853057861], [-0.5373244881629944, -0.7871109843254089, -0.3028832674026489, 0.3018684983253479], [0.0, 0.0, 0.0, 1.0]]}, "finger4joint3": {"matrix": [[0.6186027526855469, -0.7852770686149597, -0.025891371071338654, -1.8598520755767822], [-0.6329267024993896, -0.5175727605819702, 0.5757790803909302, 1.3116302490234375], [-0.46554699540138245, -0.3397914171218872, -0.8171948194503784, -0.026406273245811462], [0.0, 0.0, 0.0, 1.0]]}}