{"root": {"matrix": [[0.33710724115371704, -0.809635579586029, -0.48046740889549255, -5.960464477539063e-08], [-0.41991937160491943, 0.3274591863155365, -0.8464267253875732, 0.0], [0.8426306247711182, 0.4870941936969757, -0.22959285974502563, 0.0], [0.0, 0.0, 0.0, 1.0]]}, "carpals": {"matrix": [[0.5922632813453674, -0.76291823387146, -0.25919076800346375, 0.023891985416412354], [0.5482475161552429, 0.14583833515644073, 0.8235020041465759, -0.5339537262916565], [-0.5904646515846252, -0.6298307180404663, 0.5046429634094238, 2.408175230026245], [0.0, 0.0, 0.0, 1.0]]}, "metacarpals": {"matrix": [[0.5864087343215942, -0.6688539385795593, 0.45690155029296875, -0.7191858291625977], [-0.1789448857307434, 0.44315820932388306, 0.878401517868042, -0.39190801978111267], [-0.7900021076202393, -0.5968624949455261, 0.14018404483795166, 1.7947237491607666], [0.0, 0.0, 0.0, 1.0]]}, "finger5joint1": {"matrix": [[0.6790148019790649, -0.7082167267799377, -0.19330760836601257, -1.3917293548583984], [0.024782581254839897, -0.24105389416217804, 0.9701950550079346, -0.46895840764045715], [-0.7337060570716858, -0.6635675430297852, -0.14612750709056854, 1.5350637435913086], [0.0, 0.0, 0.0, 1.0]]}, "finger5joint2": {"matrix": [[-0.21771523356437683, -0.18995878100395203, -0.957348108291626, -2.139798879623413], [0.9346859455108643, -0.3229810893535614, -0.1484750658273697, -0.7235769033432007], [-0.2810010313987732, -0.9271451830863953, 0.2478698492050171, 0.834155797958374], [0.0, 0.0, 0.0, 1.0]]}, "finger5joint3": {"matrix": [[-0.1814604550600052, 0.12773273885250092, -0.9750671982765198, -2.27036452293396], [0.9072023630142212, -0.3609406650066376, -0.21611365675926208, -0.9455731511116028], [-0.37954604625701904, -0.9237995743751526, -0.050382889807224274, 0.19689632952213287], [0.0, 0.0, 0.0, 1.0]]}, "Bone": {"matrix": [[0.710338830947876, 0.3864595890045166, 0.5882750749588013, -1.763452410697937], [-0.5381610989570618, -0.24047984182834625, 0.8078067302703857, 0.29998496174812317], [0.45365288853645325, -0.8904034495353699, 0.037155527621507645, 0.8628557920455933], [0.0, 0.0, 0.0, 1.0]]}, "finger1joint1": {"matrix": [[0.6778693199157715, -0.7190032005310059, 0.1533864587545395, -1.4418455362319946], [-0.21480590105056763, 0.005831378512084484, 0.9766391515731812, 0.09986060857772827], [-0.7031013369560242, -0.69498211145401, -0.15049299597740173, 0.12187299132347107], [0.0, 0.0, 0.0, 1.0]]}, "finger1joint2": {"matrix": [[0.6132264137268066, -0.6682820320129395, -0.42113229632377625, -1.8482106924057007], [-0.5020248293876648, -0.7413438558578491, 0.44539880752563477, 0.10315638780593872], [-0.6098560690879822, -0.0617116242647171, -0.7901057600975037, -0.2709158658981323], [0.0, 0.0, 0.0, 1.0]]}, "finger1joint3": {"matrix": [[0.5915266275405884, -0.20388402044773102, -0.7800816893577576, -2.1346921920776367], [-0.4267995059490204, -0.9000145196914673, -0.08840707689523697, -0.21464550495147705], [-0.6840603351593018, 0.38523340225219727, -0.6194002032279968, -0.297370582818985], [0.0, 0.0, 0.0, 1.0]]}, "Bone.001": {"matrix": [[0.8632951974868774, 0.2809206545352936, 0.419290691614151, -1.7634525299072266], [-0.4885384738445282, 0.25658607482910156, 0.8339624404907227, 0.29998499155044556], [0.12669306993484497, -0.9247955083847046, 0.3587503135204315, 0.8628557920455933], [0.0, 0.0, 0.0, 1.0]]}, "finger2joint1": {"matrix": [[0.94107985496521, -0.21023382246494293, 0.2648964524269104, -1.5853815078735352], [-0.2492186576128006, 0.0983525812625885, 0.9634398818016052, 0.4626306891441345], [-0.22860096395015717, -0.9726911783218384, 0.04016364738345146, 0.2766430377960205], [0.0, 0.0, 0.0, 1.0]]}, "finger2joint2": {"matrix": [[0.8896887898445129, -0.4406139552593231, 0.11963749676942825, -1.7672650814056396], [-0.3272665739059448, -0.43273043632507324, 0.8400241732597351, 0.5477203130722046], [-0.3183557093143463, -0.7865135073661804, -0.5291935205459595, -0.5648797750473022], [0.0, 0.0, 0.0, 1.0]]}, "finger2joint3": {"matrix": [[0.8190074563026428, -0.551345944404602, -0.15888415277004242, -1.934529423713684], [-0.44848060607910156, -0.7878429889678955, 0.42209967970848083, 0.3834487199783325], [-0.3578988313674927, -0.2744465172290802, -0.8925172686576843, -0.863453209400177], [0.0, 0.0, 0.0, 1.0]]}, "Bone.002": {"matrix": [[0.8079531192779541, -0.3479449152946472, 0.47554811835289, -1.7634525299072266], [-0.18432213366031647, 0.6173049211502075, 0.7648265957832336, 0.29998496174812317], [-0.5596758723258972, -0.7055979371070862, 0.434619665145874, 0.8628557920455933], [0.0, 0.0, 0.0, 1.0]]}, "finger3joint1": {"matrix": [[0.8174514770507812, 0.17373423278331757, 0.5491716861724854, -1.9101147651672363], [-0.5331400036811829, 0.5891047120094299, 0.6072208285331726, 0.5601851940155029], [-0.21802487969398499, -0.789158821105957, 0.574189305305481, 0.5654391646385193], [0.0, 0.0, 0.0, 1.0]]}, "finger3joint2": {"matrix": [[0.8127116560935974, -0.3478374183177948, 0.4674493670463562, -1.7577183246612549], [-0.4564315676689148, 0.11861130595207214, 0.881817102432251, 1.076936960220337], [-0.36217397451400757, -0.9300215840339661, -0.062367040663957596, -0.12679636478424072], [0.0, 0.0, 0.0, 1.0]]}, "finger3joint3": {"matrix": [[0.7042565941810608, -0.5676449537277222, 0.42638227343559265, -1.9827970266342163], [-0.5917665362358093, -0.13756218552589417, 0.7942850589752197, 1.1536880731582642], [-0.39221808314323425, -0.8116992712020874, -0.43279221653938293, -0.7285950183868408], [0.0, 0.0, 0.0, 1.0]]}, "Bone.003": {"matrix": [[0.6163984537124634, -0.5173814296722412, 0.5936070680618286, -1.7634525299072266], [0.6061734557151794, 0.7929379343986511, 0.06166882812976837, 0.29998499155044556], [-0.5025996565818787, 0.32181647419929504, 0.8023886680603027, 0.8628557920455933], [0.0, 0.0, 0.0, 1.0]]}, "finger4joint1": {"matrix": [[0.7265059947967529, 0.2622210681438446, 0.6351606249809265, -1.9852122068405151], [-0.5757328867912292, 0.7368789911270142, 0.3543170690536499, 0.6398535370826721], [-0.3751273453235626, -0.6230961680412292, 0.6863164305686951, 1.0007925033569336], [0.0, 0.0, 0.0, 1.0]]}, "finger4joint2": {"matrix": [[0.7444554567337036, -0.4692460596561432, 0.47496727108955383, -1.7247326374053955], [-0.5517406463623047, -0.03176124766469002, 0.8334104418754578, 1.3718388080596924], [-0.37598922848701477, -0.8824958801269531, -0.282546728849411, 0.38183438777923584], [0.0, 0.0, 0.0, 1.0]]}, "finger4joint3": {"matrix": [[0.7738574147224426, -0.6306936144828796, 0.058051664382219315, -1.9204378128051758], [-0.5593233108520508, -0.6375184059143066, 0.5298369526863098, 1.3585925102233887], [-0.2971559762954712, -0.4424881935119629, -0.846109926700592, 0.013778120279312134], [0.0, 0.0, 0.0, 1.0]]}}