{"root": {"matrix": [[0.3789445161819458, -0.8516833186149597, -0.36198973655700684, 0.0], [-0.2557445764541626, 0.279550164937973, -0.9254438877105713, 0.0], [0.8893794417381287, 0.4432688057422638, -0.11187945306301117, 0.0], [0.0, 0.0, 0.0, 1.0]]}, "carpals": {"matrix": [[0.7218621969223022, -0.528060793876648, -0.44728806614875793, 0.064028799533844], [0.48838236927986145, -0.06920190900564194, 0.8698813319206238, -0.20068717002868652], [-0.49030330777168274, -0.8463821411132812, 0.20794154703617096, 2.4577653408050537], [0.0, 0.0, 0.0, 1.0]]}, "metacarpals": {"matrix": [[0.4664706587791443, -0.7368173003196716, 0.4893927276134491, -0.4502992630004883], [-0.3245948255062103, 0.3720844089984894, 0.8695924878120422, -0.2680893838405609], [-0.8228263258934021, -0.5644936561584473, -0.0656004473567009, 1.6333942413330078], [0.0, 0.0, 0.0, 1.0]]}, "finger5joint1": {"matrix": [[0.5775780081748962, -0.7984328269958496, 0.17002494633197784, -1.1539480686187744], [-0.22782312333583832, 0.04234713688492775, 0.9727811217308044, -0.35651910305023193], [-0.7839005589485168, -0.6005925536155701, -0.15744248032569885, 1.4826185703277588], [0.0, 0.0, 0.0, 1.0]]}, "finger5joint2": {"matrix": [[0.1640610545873642, -0.3232586979866028, -0.9319803714752197, -1.9973106384277344], [0.9642105102539062, -0.14693401753902435, 0.22069889307022095, -0.31178897619247437], [-0.20828229188919067, -0.9348333477973938, 0.2875835597515106, 0.8482292890548706], [0.0, 0.0, 0.0, 1.0]]}, "finger5joint3": {"matrix": [[0.1842261254787445, 0.030544700101017952, -0.9824089407920837, -2.2194976806640625], [0.9326633810997009, -0.32084140181541443, 0.1649220585823059, -0.41278189420700073], [-0.3101598024368286, -0.9466400146484375, -0.08759506046772003, 0.2056855708360672], [0.0, 0.0, 0.0, 1.0]]}, "Bone": {"matrix": [[0.7559661865234375, 0.25326019525527954, 0.6036341786384583, -1.6006755828857422], [-0.48995062708854675, -0.3926296830177307, 0.7783251404762268, 0.312837690114975], [0.43412336707115173, -0.8841386437416077, -0.17272962629795074, 0.7520629167556763], [0.0, 0.0, 0.0, 1.0]]}, "finger1joint1": {"matrix": [[0.7565308213233948, -0.4723225235939026, 0.45229673385620117, -1.3899155855178833], [-0.3696528673171997, 0.26167768239974976, 0.8915611505508423, -0.013903886079788208], [-0.5394605994224548, -0.8416862487792969, 0.023372069001197815, 0.016293585300445557], [0.0, 0.0, 0.0, 1.0]]}, "finger1joint2": {"matrix": [[0.592197835445404, -0.6367776393890381, 0.4937770664691925, -1.6568620204925537], [-0.6287024021148682, 0.01815805397927761, 0.7774338126182556, 0.13399066030979156], [-0.5040187835693359, -0.7708334922790527, -0.389590322971344, -0.4594092071056366], [0.0, 0.0, 0.0, 1.0]]}, "finger1joint3": {"matrix": [[0.6621202230453491, -0.7389976978302002, 0.12441499531269073, -1.929837942123413], [-0.5469777584075928, -0.36308297514915466, 0.7543115615844727, 0.1417747288942337], [-0.5122618079185486, -0.5674972534179688, -0.6446196436882019, -0.7898529171943665], [0.0, 0.0, 0.0, 1.0]]}, "Bone.001": {"matrix": [[0.8626430034637451, 0.15385302901268005, 0.48184654116630554, -1.6006755828857422], [-0.4984775483608246, 0.0969371572136879, 0.861465573310852, 0.3128376603126526], [0.08583016693592072, -0.9833270311355591, 0.1603146344423294, 0.7520628571510315], [0.0, 0.0, 0.0, 1.0]]}, "finger2joint1": {"matrix": [[0.6163111925125122, -0.6371182799339294, 0.46286121010780334, -1.503150463104248], [-0.3917059600353241, 0.2618775963783264, 0.8820353150367737, 0.3742845952510834], [-0.6831739544868469, -0.7249137163162231, -0.08816477656364441, 0.12874791026115417], [0.0, 0.0, 0.0, 1.0]]}, "finger2joint2": {"matrix": [[0.5107479691505432, -0.6637349128723145, -0.5464359521865845, -2.0543529987335205], [-0.4462471604347229, -0.7479338049888611, 0.49138393998146057, 0.6008477210998535], [-0.7348468899726868, -0.007127953227609396, -0.6781953573226929, -0.4984104335308075], [0.0, 0.0, 0.0, 1.0]]}, "finger2joint3": {"matrix": [[0.4780175983905792, 0.2378809005022049, -0.8455244302749634, -2.3063175678253174], [-0.5711978673934937, -0.6470913290977478, -0.5049806237220764, 0.3169197142124176], [-0.6672570109367371, 0.7243512868881226, -0.17344406247138977, -0.5011162757873535], [0.0, 0.0, 0.0, 1.0]]}, "Bone.002": {"matrix": [[0.7179020047187805, -0.43087315559387207, 0.5467768907546997, -1.6006754636764526], [-0.3031947910785675, 0.5135021805763245, 0.8027379512786865, 0.3128376603126526], [-0.6266494989395142, -0.7420669198036194, 0.2380058914422989, 0.7520629167556763], [0.0, 0.0, 0.0, 1.0]]}, "finger3joint1": {"matrix": [[0.7064490914344788, 0.19223059713840485, 0.6811586022377014, -1.7822930812835693], [-0.6221925020217896, 0.6274020671844482, 0.4682338833808899, 0.5292840600013733], [-0.3373517394065857, -0.7545950412750244, 0.5628320574760437, 0.43927425146102905], [0.0, 0.0, 0.0, 1.0]]}, "finger3joint2": {"matrix": [[0.7009949088096619, -0.48259595036506653, 0.5250783562660217, -1.6136717796325684], [-0.5328485369682312, 0.13493192195892334, 0.8353835940361023, 1.0796295404434204], [-0.47400280833244324, -0.8653866648674011, -0.16256381571292877, -0.22264254093170166], [0.0, 0.0, 0.0, 1.0]]}, "finger3joint3": {"matrix": [[0.5778933167457581, -0.7422225475311279, 0.33933025598526, -1.9259501695632935], [-0.6583815813064575, -0.17829564213752747, 0.7312620878219604, 1.1669412851333618], [-0.48225831985473633, -0.6460002064704895, -0.5917012691497803, -0.7826172709465027], [0.0, 0.0, 0.0, 1.0]]}, "Bone.003": {"matrix": [[0.5519701242446899, -0.451412558555603, 0.701110303401947, -1.6006755828857422], [0.493832528591156, 0.8544544577598572, 0.16135944426059723, 0.3128376603126526], [-0.6719063520431519, 0.25716570019721985, 0.6945555806159973, 0.7520628571510315], [0.0, 0.0, 0.0, 1.0]]}, "finger4joint1": {"matrix": [[0.6043977737426758, 0.2015698254108429, 0.7707611918449402, -1.7941597700119019], [-0.6092360615730286, 0.7403414845466614, 0.28412240743637085, 0.6790734529495239], [-0.5133562088012695, -0.641298234462738, 0.5702643394470215, 0.8622890710830688], [0.0, 0.0, 0.0, 1.0]]}, "finger4joint2": {"matrix": [[0.6236302852630615, -0.6976373195648193, 0.3526857793331146, -1.593928575515747], [-0.5865048766136169, -0.11929033696651459, 0.8011125922203064, 1.4144983291625977], [-0.5168142318725586, -0.7064500451087952, -0.4835605323314667, 0.22524967789649963], [0.0, 0.0, 0.0, 1.0]]}, "finger4joint3": {"matrix": [[0.6742374300956726, -0.7213093042373657, -0.15848204493522644, -1.8848873376846313], [-0.586215078830719, -0.6532445549964905, 0.4791899025440216, 1.3647468090057373], [-0.44917187094688416, -0.23018339276313782, -0.8632842302322388, -0.06938442587852478], [0.0, 0.0, 0.0, 1.0]]}}