{"root": {"matrix": [[0.29394230246543884, -0.8925015926361084, -0.3421093225479126, -5.960464477539063e-08], [-0.32634270191192627, 0.24270236492156982, -0.9135622382164001, 0.0], [0.898386538028717, 0.3801794946193695, -0.21992097795009613, 0.0], [0.0, 0.0, 0.0, 1.0]]}, "carpals": {"matrix": [[0.7743799090385437, -0.33086690306663513, -0.5393168926239014, -0.17039018869400024], [0.5812764167785645, 0.035354964435100555, 0.8129375576972961, -0.3977460265159607], [-0.2499064952135086, -0.9430147409439087, 0.21970351040363312, 2.428528308868408], [0.0, 0.0, 0.0, 1.0]]}, "metacarpals": {"matrix": [[0.5448426604270935, -0.7336028218269348, 0.40616893768310547, -0.4926525354385376], [-0.09296989440917969, 0.4285429120063782, 0.8987253904342651, -0.3633105158805847], [-0.8333684206008911, -0.5274253487586975, 0.16528567671775818, 1.5100377798080444], [0.0, 0.0, 0.0, 1.0]]}, "finger5joint1": {"matrix": [[0.3880777955055237, -0.9214447736740112, -0.0183034036308527, -1.173983097076416], [0.08627358078956604, 0.01654808782041073, 0.9961338639259338, -0.4721475839614868], [-0.9175795316696167, -0.388156533241272, 0.08591853827238083, 1.287286639213562], [0.0, 0.0, 0.0, 1.0]]}, "finger5joint2": {"matrix": [[-0.04171880707144737, -0.2331611067056656, -0.9715425968170166, -2.147279977798462], [0.9984866976737976, -0.04459376260638237, -0.03217380866408348, -0.4546683430671692], [-0.035822805017232895, -0.9714147448539734, 0.23466889560222626, 0.8772876262664795], [0.0, 0.0, 0.0, 1.0]]}, "finger5joint3": {"matrix": [[-0.009752433747053146, 0.25884950160980225, -0.9658681750297546, -2.307539701461792], [0.9902133941650391, -0.13197942078113556, -0.045368388295173645, -0.4853191673755646], [-0.1392180621623993, -0.9568583369255066, -0.25502899289131165, 0.20960023999214172], [0.0, 0.0, 0.0, 1.0]]}, "Bone": {"matrix": [[0.7719459533691406, 0.34332987666130066, 0.534998893737793, -1.6380102634429932], [-0.5122130513191223, -0.1624927967786789, 0.8433465957641602, 0.30576395988464355], [0.37647947669029236, -0.9250516295433044, 0.05042257905006409, 0.6865803599357605], [0.0, 0.0, 0.0, 1.0]]}, "finger1joint1": {"matrix": [[0.7391617894172668, -0.49022212624549866, 0.4618678390979767, -1.3522953987121582], [-0.14980678260326385, 0.5489055514335632, 0.8223504424095154, 0.1705394685268402], [-0.6566563844680786, -0.6770409345626831, 0.3322916626930237, -0.08323615789413452], [0.0, 0.0, 0.0, 1.0]]}, "finger1joint2": {"matrix": [[0.5731010437011719, -0.6553722620010376, 0.49197787046432495, -1.6293582916259766], [-0.40401241183280945, 0.2963590621948242, 0.8654161095619202, 0.48076897859573364], [-0.7129720449447632, -0.6947360038757324, -0.0949346050620079, -0.4658850133419037], [0.0, 0.0, 0.0, 1.0]]}, "finger1joint3": {"matrix": [[0.643634557723999, -0.7564569711685181, 0.11622124910354614, -1.9103057384490967], [-0.3248911201953888, -0.13256537914276123, 0.9364144206047058, 0.6078132390975952], [-0.6929505467414856, -0.6404679417610168, -0.3310895264148712, -0.7637069225311279], [0.0, 0.0, 0.0, 1.0]]}, "Bone.001": {"matrix": [[0.8999396562576294, 0.2033085972070694, 0.38571223616600037, -1.6380102634429932], [-0.43373870849609375, 0.32718560099601746, 0.8395355343818665, 0.30576393008232117], [0.044485241174697876, -0.9228297472000122, 0.3826303482055664, 0.6865804195404053], [0.0, 0.0, 0.0, 1.0]]}, "finger2joint1": {"matrix": [[0.90891432762146, -0.3725161850452423, -0.18736645579338074, -1.509136438369751], [-0.016046714037656784, -0.48025381565093994, 0.876982569694519, 0.5131615400314331], [-0.4166736900806427, -0.7940956354141235, -0.44248706102371216, 0.10161375999450684], [0.0, 0.0, 0.0, 1.0]]}, "finger2joint2": {"matrix": [[0.8849126100540161, -0.4151463806629181, -0.21114708483219147, -1.8314182758331299], [-0.1403864473104477, -0.6700012683868408, 0.7289647459983826, 0.09767048060894012], [-0.44409599900245667, -0.6154280304908752, -0.6511733531951904, -0.5853972434997559], [0.0, 0.0, 0.0, 1.0]]}, "finger2joint3": {"matrix": [[0.8467596769332886, -0.46390101313591003, -0.260372132062912, -1.989014744758606], [-0.28087717294692993, -0.8055300712585449, 0.5217556357383728, -0.15667301416397095], [-0.45178067684173584, -0.36866921186447144, -0.8123895525932312, -0.819023847579956], [0.0, 0.0, 0.0, 1.0]]}, "Bone.002": {"matrix": [[0.7806265354156494, -0.43251848220825195, 0.4511650502681732, -1.6380102634429932], [-0.09591154754161835, 0.630414605140686, 0.7703104615211487, 0.30576395988464355], [-0.6175945997238159, -0.644596517086029, 0.45063501596450806, 0.6865804195404053], [0.0, 0.0, 0.0, 1.0]]}, "finger3joint1": {"matrix": [[0.8142860531806946, 0.1774928867816925, 0.5526612997055054, -1.8203213214874268], [-0.50138920545578, 0.6948169469833374, 0.5155947804450989, 0.5714899301528931], [-0.292484313249588, -0.6969398856163025, 0.6547728776931763, 0.41487646102905273], [0.0, 0.0, 0.0, 1.0]]}, "finger3joint2": {"matrix": [[0.810047447681427, -0.4412614703178406, 0.386149525642395, -1.6646276712417603], [-0.4048345386981964, 0.05553198605775833, 0.9127020835876465, 1.1809706687927246], [-0.424184113740921, -0.8956584930419922, -0.1336541324853897, -0.1964663863182068], [0.0, 0.0, 0.0, 1.0]]}, "finger3joint3": {"matrix": [[0.7106701731681824, -0.6682180762290955, 0.22007380425930023, -1.9501591920852661], [-0.5492921471595764, -0.3315713703632355, 0.7670322060585022, 1.2169044017791748], [-0.43957483768463135, -0.6659917831420898, -0.6026846170425415, -0.7760292887687683], [0.0, 0.0, 0.0, 1.0]]}, "Bone.003": {"matrix": [[0.5415293574333191, -0.5466591715812683, 0.6386780738830566, -1.6380103826522827], [0.6748898029327393, 0.7356785535812378, 0.057451196014881134, 0.30576398968696594], [-0.5012677907943726, 0.3999260365962982, 0.7673262357711792, 0.6865804195404053], [0.0, 0.0, 0.0, 1.0]]}, "finger4joint1": {"matrix": [[0.7286211252212524, 0.17348246276378632, 0.6625820398330688, -1.872318983078003], [-0.4912833273410797, 0.806431233882904, 0.32910317182540894, 0.6210901141166687], [-0.4772334694862366, -0.5653068423271179, 0.6728119850158691, 0.8579964637756348], [0.0, 0.0, 0.0, 1.0]]}, "finger4joint2": {"matrix": [[0.7450650334358215, -0.5592433214187622, 0.3634897768497467, -1.699988603591919], [-0.4662216007709503, -0.04694002866744995, 0.8834215402603149, 1.4221657514572144], [-0.47698554396629333, -0.8276733756065369, -0.2957043945789337, 0.2964438498020172], [0.0, 0.0, 0.0, 1.0]]}, "finger4joint3": {"matrix": [[0.7835766673088074, -0.598260223865509, -0.16760693490505219, -1.9332282543182373], [-0.4735792577266693, -0.7497528195381165, 0.462161123752594, 1.4025888442993164], [-0.4021565914154053, -0.2827637791633606, -0.8708123564720154, -0.04874800890684128], [0.0, 0.0, 0.0, 1.0]]}}