{"root": {"matrix": [[0.1808062344789505, -0.9382695555686951, -0.2948887348175049, 0.0], [-0.7004432082176208, 0.08763718605041504, -0.708307147026062, 7.450580596923828e-09], [0.6904261708259583, 0.3346191644668579, -0.6413592100143433, 2.9802322387695312e-08], [0.0, 0.0, 0.0, 1.0]]}, "carpals": {"matrix": [[0.5230807662010193, -0.7170677781105042, -0.46065184473991394, -0.47635161876678467], [0.7326382398605347, 0.10215593874454498, 0.6729078888893127, -1.4186209440231323], [-0.43546217679977417, -0.689476490020752, 0.5787872672080994, 1.96101713180542], [0.0, 0.0, 0.0, 1.0]]}, "metacarpals": {"matrix": [[0.6496126055717468, -0.5615823268890381, 0.5124729871749878, -1.1747713088989258], [0.0019698108080774546, 0.6753121018409729, 0.7375291585922241, -1.3191217184066772], [-0.7602627277374268, -0.4780988097190857, 0.43979769945144653, 1.2894712686538696], [0.0, 0.0, 0.0, 1.0]]}, "finger5joint1": {"matrix": [[0.8706076741218567, -0.4906633198261261, 0.03593963384628296, -1.8200485706329346], [0.05078177899122238, 0.16228477656841278, 0.9854361414909363, -1.2374829053878784], [-0.48934993147850037, -0.8561033010482788, 0.1662033349275589, 0.9691163897514343], [0.0, 0.0, 0.0, 1.0]]}, "finger5joint2": {"matrix": [[0.04483595862984657, 0.023663774132728577, -0.9987139105796814, -2.338322639465332], [0.9986791014671326, 0.02403971180319786, 0.04540396109223366, -1.0660661458969116], [0.02508343756198883, -0.9994305372238159, -0.022554611787199974, 0.06483817100524902], [0.0, 0.0, 0.0, 1.0]]}, "finger5joint3": {"matrix": [[0.10176435112953186, 0.26164910197257996, -0.9597829580307007, -2.3220574855804443], [0.9925409555435181, -0.09180411696434021, 0.0802106261253357, -1.0495426654815674], [-0.06712478399276733, -0.960786759853363, -0.2690398097038269, -0.6221054792404175], [0.0, 0.0, 0.0, 1.0]]}, "Bone": {"matrix": [[0.6098065376281738, 0.45694831013679504, 0.6475600600242615, -2.0515573024749756], [-0.7268284559249878, -0.003340310649946332, 0.6868106126785278, -0.26477205753326416], [0.31599995493888855, -0.8894869089126587, 0.33008623123168945, 0.5430262684822083], [0.0, 0.0, 0.0, 1.0]]}, "finger1joint1": {"matrix": [[0.8083707690238953, -0.17745813727378845, 0.5612887740135193, -1.6712905168533325], [-0.15169474482536316, 0.8584838509559631, 0.48989152908325195, -0.2675517797470093], [-0.5687928199768066, -0.4811585545539856, 0.6670540571212769, -0.19719377160072327], [0.0, 0.0, 0.0, 1.0]]}, "finger1joint2": {"matrix": [[0.6024850606918335, -0.3957716226577759, 0.6930919289588928, -1.7715860605239868], [-0.31078240275382996, 0.6835231184959412, 0.660461962223053, 0.21764469146728516], [-0.7351367473602295, -0.6133192777633667, 0.28881382942199707, -0.469134122133255], [0.0, 0.0, 0.0, 1.0]]}, "finger1joint3": {"matrix": [[0.6836910247802734, -0.6699882745742798, 0.2892787754535675, -1.9412468671798706], [-0.2671637237071991, 0.139087975025177, 0.9535605311393738, 0.5106598138809204], [-0.6791098713874817, -0.7292256951332092, -0.08390320092439651, -0.7320539951324463], [0.0, 0.0, 0.0, 1.0]]}, "Bone.001": {"matrix": [[0.8002737164497375, 0.3983133137226105, 0.4482278823852539, -2.0515570640563965], [-0.5987241864204407, 0.48960840702056885, 0.6338868141174316, -0.2647720277309418], [0.03302937000989914, -0.7756479382514954, 0.6303008198738098, 0.543026328086853], [0.0, 0.0, 0.0, 1.0]]}, "finger2joint1": {"matrix": [[0.7030872106552124, -0.7064695954322815, 0.08104772120714188, -1.7990729808807373], [-0.09847382456064224, 0.016147051006555557, 0.9950084090232849, 0.04558272659778595], [-0.7042520642280579, -0.7075589895248413, -0.058215849101543427, 0.051355719566345215], [0.0, 0.0, 0.0, 1.0]]}, "finger2joint2": {"matrix": [[0.6258084177970886, -0.09709439426660538, -0.7739096879959106, -2.4102742671966553], [-0.1881384253501892, -0.9817149639129639, -0.028969313949346542, 0.05955234169960022], [-0.7569462656974792, 0.16373130679130554, -0.6326327919960022, -0.5607881546020508], [0.0, 0.0, 0.0, 1.0]]}, "finger2joint3": {"matrix": [[0.6771730184555054, 0.5081405639648438, -0.532193124294281, -2.4471330642700195], [-0.2961508631706238, -0.47388315200805664, -0.8292942643165588, -0.31312280893325806], [-0.6735956072807312, 0.7191852927207947, -0.1704147756099701, -0.49863308668136597], [0.0, 0.0, 0.0, 1.0]]}, "Bone.002": {"matrix": [[0.844187319278717, -0.21730218827724457, 0.49002805352211, -2.0515570640563965], [-0.09766031056642532, 0.8365031480789185, 0.539188802242279, -0.2647720277309418], [-0.5270770788192749, -0.5030325055122375, 0.6849437952041626, 0.543026328086853], [0.0, 0.0, 0.0, 1.0]]}, "finger3joint1": {"matrix": [[0.7851166725158691, 0.3168354332447052, 0.5321720838546753, -2.1431522369384766], [-0.5382918119430542, 0.7740466594696045, 0.3333066701889038, 0.08782243728637695], [-0.3063229024410248, -0.5481484532356262, 0.778266966342926, 0.33099305629730225], [0.0, 0.0, 0.0, 1.0]]}, "finger3joint2": {"matrix": [[0.8040952682495117, -0.22567586600780487, 0.5500010848045349, -1.8652300834655762], [-0.42164525389671326, 0.435707151889801, 0.7952196002006531, 0.7668019533157349], [-0.4191015064716339, -0.8713376522064209, 0.2551950514316559, -0.14983266592025757], [0.0, 0.0, 0.0, 1.0]]}, "finger3joint3": {"matrix": [[0.6879523396492004, -0.4801366925239563, 0.5442336797714233, -2.011260509490967], [-0.5272240042686462, 0.1847105175256729, 0.8294073343276978, 1.0487394332885742], [-0.4987547993659973, -0.8575258851051331, -0.12606744468212128, -0.7136580944061279], [0.0, 0.0, 0.0, 1.0]]}, "Bone.003": {"matrix": [[0.715579092502594, -0.4793054759502411, 0.5081464052200317, -2.0515575408935547], [0.6553110480308533, 0.7125328779220581, -0.25072693824768066, -0.2647720277309418], [-0.24189607799053192, 0.5124091506004333, 0.8239679336547852, 0.5430262684822083], [0.0, 0.0, 0.0, 1.0]]}, "finger4joint1": {"matrix": [[0.7061667442321777, 0.38753336668014526, 0.5925759077072144, -2.2569968700408936], [-0.48377397656440735, 0.8751827478408813, 0.004155798349529505, 0.04063338041305542], [-0.5170019865036011, -0.28960737586021423, 0.8055037260055542, 0.7626547813415527], [0.0, 0.0, 0.0, 1.0]]}, "finger4joint2": {"matrix": [[0.7261756658554077, -0.15263715386390686, 0.6703510880470276, -1.8720371723175049], [-0.46341440081596375, 0.6115801930427551, 0.6412612795829773, 0.9100040793418884], [-0.5078539848327637, -0.7763187885284424, 0.37338072061538696, 0.4749706983566284], [0.0, 0.0, 0.0, 1.0]]}, "finger4joint3": {"matrix": [[0.726466178894043, -0.5914194583892822, 0.3499566316604614, -1.9356963634490967], [-0.5219797492027283, -0.14366668462753296, 0.8407712578773499, 1.1650714874267578], [-0.4469715654850006, -0.7934625148773193, -0.41307786107063293, 0.15119697153568268], [0.0, 0.0, 0.0, 1.0]]}}