{"root": {"matrix": [[0.43279212713241577, -0.8928316831588745, 0.12466970086097717, -5.960464477539063e-08], [-0.21889649331569672, -0.23823243379592896, -0.9462186098098755, 1.4901161193847656e-08], [0.8745142817497253, 0.3822261691093445, -0.29854291677474976, 2.9802322387695312e-08], [0.0, 0.0, 0.0, 1.0]]}, "carpals": {"matrix": [[-0.3350023031234741, -0.5823745727539062, -0.7406841516494751, 0.09081372618675232], [0.8749648928642273, 0.0993824154138565, -0.4738768935203552, -0.6218345761299133], [0.3495851159095764, -0.8068225383758545, 0.47626399993896484, 2.3853845596313477], [0.0, 0.0, 0.0, 1.0]]}, "metacarpals": {"matrix": [[-0.45973607897758484, -0.6908643245697021, -0.5579865574836731, -0.4764155149459839], [0.7551218867301941, 0.02656097710132599, -0.6550459861755371, -0.5250367522239685], [0.46736881136894226, -0.7224961519241333, 0.5094756484031677, 1.5995442867279053], [0.0, 0.0, 0.0, 1.0]]}, "finger5joint1": {"matrix": [[-0.6351697444915771, -0.6790229678153992, -0.36808544397354126, -0.5604652762413025], [0.7393519878387451, -0.3966750502586365, -0.5440655946731567, -0.3729124963283539], [0.22342300415039062, -0.6177188158035278, 0.7539929151535034, 0.8956488966941833], [0.0, 0.0, 0.0, 1.0]]}, "finger5joint2": {"matrix": [[-0.1600411832332611, -0.857555627822876, 0.4888603091239929, -1.2776983976364136], [-0.5106217265129089, -0.35191288590431213, -0.7844886183738708, -0.7919093370437622], [0.8447790741920471, -0.3751731812953949, -0.38156643509864807, 0.2431696653366089], [0.0, 0.0, 0.0, 1.0]]}, "finger5joint3": {"matrix": [[-0.2660696804523468, -0.9173267483711243, 0.29617205262184143, -1.8671263456344604], [-0.49727746844291687, -0.13258908689022064, -0.8574000000953674, -1.0337915420532227], [0.8257852792739868, -0.3754078149795532, -0.42088842391967773, -0.014700010418891907], [0.0, 0.0, 0.0, 1.0]]}, "Bone": {"matrix": [[0.656245231628418, -0.47332334518432617, -0.587628185749054, -1.555046558380127], [0.1458912044763565, 0.8436805009841919, -0.5166417956352234, -0.48356765508651733], [0.7403091192245483, 0.25331419706344604, 0.6227150559425354, 0.47152721881866455], [0.0, 0.0, 0.0, 1.0]]}, "finger1joint1": {"matrix": [[-0.21196429431438446, -0.5455492734909058, -0.8108309507369995, -1.9489402770996094], [0.5746526718139648, 0.6015130877494812, -0.5549379587173462, 0.21853289008140564], [0.7904716730117798, -0.583573043346405, 0.18600204586982727, 0.6823321580886841], [0.0, 0.0, 0.0, 1.0]]}, "finger1joint2": {"matrix": [[0.05591771751642227, -0.12860599160194397, -0.9901179075241089, -2.2572731971740723], [0.7041755318641663, 0.7081040143966675, -0.05220648646354675, 0.558495044708252], [0.70782071352005, -0.6942973732948303, 0.13015685975551605, 0.3525092899799347], [0.0, 0.0, 0.0, 1.0]]}, "finger1joint3": {"matrix": [[-0.03996165469288826, 0.40529587864875793, -0.9133116006851196, -2.3124043941497803], [0.6688132882118225, 0.689936101436615, 0.2769058644771576, 0.862047553062439], [0.7423557043075562, -0.5997692346572876, -0.29863807559013367, 0.05487543344497681], [0.0, 0.0, 0.0, 1.0]]}, "Bone.001": {"matrix": [[0.3832642436027527, -0.8456354141235352, -0.3714955747127533, -1.5550464391708374], [0.36070653796195984, 0.5073047280311584, -0.7826444506645203, -0.48356765508651733], [0.8502935171127319, 0.1659589558839798, 0.4994579553604126, 0.47152721881866455], [0.0, 0.0, 0.0, 1.0]]}, "finger2joint1": {"matrix": [[-0.16935114562511444, -0.7474786043167114, -0.6423360705375671, -2.091081142425537], [0.6074939966201782, 0.434039831161499, -0.6652519702911377, -0.16199550032615662], [0.7760612964630127, -0.5028764009475708, 0.38058358430862427, 0.5767259001731873], [0.0, 0.0, 0.0, 1.0]]}, "finger2joint2": {"matrix": [[-0.17616526782512665, 0.2495717853307724, -0.9521971344947815, -2.7377612590789795], [0.7031232118606567, 0.7088817954063416, 0.055714234709739685, 0.21351361274719238], [0.6889002919197083, -0.6596969366073608, -0.30035996437072754, 0.1416628658771515], [0.0, 0.0, 0.0, 1.0]]}, "finger2joint3": {"matrix": [[-0.06058647111058235, 0.9803873300552368, -0.18753556907176971, -2.643019914627075], [0.771980345249176, 0.1651240438222885, 0.613824188709259, 0.4826167821884155], [0.6327523589134216, -0.10758444666862488, -0.7668439745903015, -0.10876890271902084], [0.0, 0.0, 0.0, 1.0]]}, "Bone.002": {"matrix": [[-0.30912038683891296, -0.9110752940177917, -0.2727383077144623, -1.555046558380127], [0.6245368719100952, 0.021806204691529274, -0.7806907296180725, -0.4835676848888397], [0.7172157168388367, -0.4116624593734741, 0.5622592568397522, 0.47152721881866455], [0.0, 0.0, 0.0, 1.0]]}, "finger3joint1": {"matrix": [[-0.24307498335838318, -0.5567794442176819, -0.7942990660667419, -1.9390738010406494], [0.6656354665756226, 0.4998917579650879, -0.5541097521781921, -0.4743761122226715], [0.7055807709693909, -0.6634036302566528, 0.249100923538208, 0.2980073392391205], [0.0, 0.0, 0.0, 1.0]]}, "finger3joint2": {"matrix": [[-0.2970578074455261, 0.1399850994348526, -0.9445425868034363, -2.4274706840515137], [0.7572936415672302, 0.6370565891265869, -0.14375384151935577, -0.03588029742240906], [0.5816039443016052, -0.7579991221427917, -0.29525241255760193, -0.2839181125164032], [0.0, 0.0, 0.0, 1.0]]}, "finger3joint3": {"matrix": [[-0.12667283415794373, 0.4794842004776001, -0.8683597445487976, -2.3368890285491943], [0.8013441562652588, 0.5654206275939941, 0.19531263411045074, 0.3763464391231537], [0.5846381187438965, -0.6711142063140869, -0.4558551609516144, -0.7744044065475464], [0.0, 0.0, 0.0, 1.0]]}, "Bone.003": {"matrix": [[-0.8217957615852356, -0.3094615936279297, 0.47841930389404297, -1.555046558380127], [0.007896464318037033, -0.845758318901062, -0.5335077047348022, -0.4835676848888397], [0.56972736120224, -0.43465670943260193, 0.6974841952323914, 0.47152721881866455], [0.0, 0.0, 0.0, 1.0]]}, "finger4joint1": {"matrix": [[-0.743788480758667, -0.6024764776229858, -0.2894827425479889, -1.687687873840332], [0.6476900577545166, -0.542619526386261, -0.5348470211029053, -0.8460761308670044], [0.16515406966209412, -0.5853083729743958, 0.7938123345375061, 0.28522491455078125], [0.0, 0.0, 0.0, 1.0]]}, "finger4joint2": {"matrix": [[-0.7628548741340637, -0.10652533173561096, -0.6377336382865906, -2.286163091659546], [0.6246324777603149, 0.13332334160804749, -0.7694535851478577, -1.3850921392440796], [0.16699136793613434, -0.9853308200836182, -0.035167235881090164, -0.29619649052619934], [0.0, 0.0, 0.0, 1.0]]}, "finger4joint3": {"matrix": [[-0.7419485449790955, 0.2793750464916229, -0.6094762682914734, -2.3305912017822266], [0.6225770115852356, 0.6244477033615112, -0.4716593623161316, -1.329487919807434], [0.24881651997566223, -0.7293930649757385, -0.6372407674789429, -0.7071413993835449], [0.0, 0.0, 0.0, 1.0]]}}