{"root": {"matrix": [[0.20412574708461761, -0.9625268578529358, 0.17853493988513947, -5.960464477539063e-08], [-0.30554065108299255, -0.23590607941150665, -0.9224929213523865, -1.4901161193847656e-08], [0.9300416707992554, 0.13375484943389893, -0.3422456681728363, 1.4901161193847656e-08], [0.0, 0.0, 0.0, 1.0]]}, "carpals": {"matrix": [[-0.25769752264022827, -0.3218817412853241, -0.9110345244407654, -0.5005838871002197], [0.9426140785217285, 0.12341847270727158, -0.31023576855659485, -0.8181684613227844], [0.2122979760169983, -0.9387010931968689, 0.27160564064979553, 2.2726638317108154], [0.0, 0.0, 0.0, 1.0]]}, "metacarpals": {"matrix": [[-0.20911118388175964, -0.6540509462356567, -0.7269729375839233, -0.8140949010848999], [0.935046374797821, 0.08390665054321289, -0.3444528579711914, -0.6979596018791199], [0.2862878441810608, -0.7517823576927185, 0.5940221548080444, 1.3583747148513794], [0.0, 0.0, 0.0, 1.0]]}, "finger5joint1": {"matrix": [[-0.27046817541122437, -0.6258261203765869, -0.7315657138824463, -0.8515968918800354], [0.9248304963111877, 0.042210474610328674, -0.37802988290786743, -0.672448456287384], [0.26746100187301636, -0.7788193821907043, 0.5673664808273315, 0.6347604393959045], [0.0, 0.0, 0.0, 1.0]]}, "finger5joint2": {"matrix": [[-0.6879504919052124, -0.6575503349304199, 0.3071662187576294, -1.5126395225524902], [-0.4142725169658661, 0.008276577107608318, -0.9101150035858154, -0.6278626918792725], [0.5959042906761169, -0.753364622592926, -0.2780994176864624, -0.18788492679595947], [0.0, 0.0, 0.0, 1.0]]}, "finger5joint3": {"matrix": [[-0.7621947526931763, -0.6298912763595581, 0.14931699633598328, -1.9645971059799194], [-0.3609539568424225, 0.2220568060874939, -0.9057607054710388, -0.6221739649772644], [0.5373740196228027, -0.7442626357078552, -0.3966127336025238, -0.7056987881660461], [0.0, 0.0, 0.0, 1.0]]}, "Bone": {"matrix": [[0.673011064529419, -0.1963699907064438, -0.7130880951881409, -1.835249900817871], [0.09096599370241165, 0.9787680506706238, -0.18367931246757507, -0.5669580698013306], [0.734017014503479, 0.05875169858336449, 0.676584780216217, 0.18463373184204102], [0.0, 0.0, 0.0, 1.0]]}, "finger1joint1": {"matrix": [[0.4387752115726471, -0.6736196279525757, -0.5947374701499939, -1.9986664056777954], [0.2891528308391571, 0.7324909567832947, -0.616317629814148, 0.24756065011024475], [0.850803554058075, 0.09845513850450516, 0.5161778926849365, 0.23352618515491486], [0.0, 0.0, 0.0, 1.0]]}, "finger1joint2": {"matrix": [[0.6123974919319153, -0.10487256199121475, -0.7835628986358643, -2.3793818950653076], [0.44835734367370605, 0.8624124526977539, 0.23499004542827606, 0.6615486741065979], [0.6511104702949524, -0.4952233135700226, 0.5751597881317139, 0.28917086124420166], [0.0, 0.0, 0.0, 1.0]]}, "finger1joint3": {"matrix": [[0.5333282947540283, 0.7184752821922302, -0.4464908540248871, -2.4243390560150146], [0.4379076361656189, 0.21709391474723816, 0.8724144697189331, 1.0312507152557373], [0.7237387895584106, -0.6608051061630249, -0.19884321093559265, 0.07687678933143616], [0.0, 0.0, 0.0, 1.0]]}, "Bone.001": {"matrix": [[0.4778177738189697, -0.6530324220657349, -0.5875700116157532, -1.835249900817871], [0.39439016580581665, 0.7571366429328918, -0.5207688212394714, -0.5669580698013306], [0.7849498987197876, 0.01710096001625061, 0.6193229556083679, 0.1846337467432022], [0.0, 0.0, 0.0, 1.0]]}, "finger2joint1": {"matrix": [[-0.04072502627968788, -0.07994097471237183, -0.9959672093391418, -2.2491965293884277], [0.6373878121376038, 0.765557587146759, -0.08750999718904495, -0.08702152967453003], [0.7694661021232605, -0.6383811235427856, 0.01977611519396305, 0.1954737901687622], [0.0, 0.0, 0.0, 1.0]]}, "finger2joint2": {"matrix": [[0.04442763701081276, 0.05807285010814667, -0.9973231554031372, -2.318357229232788], [0.7093551158905029, 0.7011202573776245, 0.07242488861083984, 0.5752997398376465], [0.7034497261047363, -0.7106738090515137, -0.010045063681900501, -0.3568210005760193], [0.0, 0.0, 0.0, 1.0]]}, "finger2joint3": {"matrix": [[0.1397300660610199, 0.273362934589386, -0.9517078995704651, -2.296311855316162], [0.7757626175880432, 0.5670828819274902, 0.2767832577228546, 0.8414566516876221], [0.6153598427772522, -0.7769743800163269, -0.13282610476016998, -0.626604437828064], [0.0, 0.0, 0.0, 1.0]]}, "Bone.002": {"matrix": [[-0.10366465896368027, -0.8641024827957153, -0.4925244450569153, -1.8352500200271606], [0.8187538981437683, 0.20701585710048676, -0.535524308681488, -0.5669580698013306], [0.5647085905075073, -0.45877113938331604, 0.6860270500183105, 0.1846337467432022], [0.0, 0.0, 0.0, 1.0]]}, "finger3joint1": {"matrix": [[0.25747647881507874, -0.5918789505958557, -0.7637964487075806, -2.1994776725769043], [0.6026636362075806, 0.7162326574325562, -0.3518625795841217, -0.47969871759414673], [0.7553161978721619, -0.36971569061279297, 0.5411169528961182, -0.00874289870262146], [0.0, 0.0, 0.0, 1.0]]}, "finger3joint2": {"matrix": [[0.19008155167102814, 0.4430689811706543, -0.8761042952537537, -2.718662977218628], [0.7215245962142944, 0.5421191453933716, 0.43070751428604126, 0.1485673189163208], [0.6657862663269043, -0.7140002250671387, -0.21663805842399597, -0.3330506980419159], [0.0, 0.0, 0.0, 1.0]]}, "finger3joint3": {"matrix": [[0.3564489483833313, 0.771348237991333, -0.5272247195243835, -2.431962013244629], [0.6648151278495789, 0.18709519505500793, 0.7231985330581665, 0.49936196208000183], [0.6564792990684509, -0.608290433883667, -0.44611379504203796, -0.7950661778450012], [0.0, 0.0, 0.0, 1.0]]}, "Bone.003": {"matrix": [[-0.7787883281707764, -0.5515541434288025, 0.2987918257713318, -1.835249900817871], [0.3647902011871338, -0.7857154011726379, -0.4995790719985962, -0.5669580698013306], [0.5103104114532471, -0.2800701856613159, 0.8131075501441956, 0.18463373184204102], [0.0, 0.0, 0.0, 1.0]]}, "finger4joint1": {"matrix": [[-0.4878392517566681, -0.5463724732398987, -0.6808006763458252, -2.0716567039489746], [0.8690683841705322, -0.377296507358551, -0.3199487328529358, -0.9037308692932129], [-0.08205226063728333, -0.7477461099624634, 0.6588951945304871, 0.0645902156829834], [0.0, 0.0, 0.0, 1.0]]}, "finger4joint2": {"matrix": [[-0.5132909417152405, 0.16181640326976776, -0.8428210616111755, -2.614400863647461], [0.853850781917572, -0.002617184305563569, -0.5205109119415283, -1.2785218954086304], [-0.08643272519111633, -0.9868172407150269, -0.13682372868061066, -0.6781901121139526], [0.0, 0.0, 0.0, 1.0]]}, "finger4joint3": {"matrix": [[-0.5125811696052551, 0.8317134380340576, 0.213337242603302, -2.5469131469726562], [0.8586358428001404, 0.49711206555366516, 0.12499447166919708, -1.2796133756637573], [-0.0020926129072904587, 0.24724887311458588, -0.968949556350708, -1.0897549390792847], [0.0, 0.0, 0.0, 1.0]]}}