{"root": {"matrix": [[0.4592610001564026, -0.8390623331069946, 0.2916397452354431, 0.0], [0.22445446252822876, -0.20804530382156372, -0.9520174860954285, 0.0], [0.8594763278961182, 0.5026843547821045, 0.09278411418199539, 0.0], [0.0, 0.0, 0.0, 1.0]]}, "carpals": {"matrix": [[-0.3845570683479309, -0.5534300804138184, -0.7388035655021667, 0.18453094363212585], [0.917309582233429, -0.1395958811044693, -0.3729020357131958, 0.4109916090965271], [0.1032414585351944, -0.8211137652397156, 0.5613493323326111, 2.4252877235412598], [0.0, 0.0, 0.0, 1.0]]}, "metacarpals": {"matrix": [[-0.4428536295890808, -0.6875326633453369, -0.5754817128181458, -0.35450661182403564], [0.8571558594703674, -0.13638484477996826, -0.4966718256473541, 0.2750260829925537], [0.262991338968277, -0.7132303714752197, 0.6497212052345276, 1.6255276203155518], [0.0, 0.0, 0.0, 1.0]]}, "finger5joint1": {"matrix": [[-0.344473659992218, -0.7692936062812805, -0.5380751490592957, -0.4324203133583069], [0.8519405722618103, -0.01538538746535778, -0.5234124064445496, 0.25110864639282227], [0.39437952637672424, -0.6387097239494324, 0.6606922745704651, 0.9050888419151306], [0.0, 0.0, 0.0, 1.0]]}, "finger5joint2": {"matrix": [[-0.44373229146003723, -0.8937180042266846, 0.06609836220741272, -1.2450039386749268], [-0.557698130607605, 0.2176569253206253, -0.8009980916976929, 0.23485751450061798], [0.7014797925949097, -0.39229145646095276, -0.5950066447257996, 0.23043744266033173], [0.0, 0.0, 0.0, 1.0]]}, "finger5joint3": {"matrix": [[-0.5281908512115479, -0.8332436084747314, -0.16345879435539246, -1.8592876195907593], [-0.4899953007698059, 0.45631372928619385, -0.7427530288696289, 0.3844607472419739], [0.6934828162193298, -0.31222108006477356, -0.6493064761161804, -0.03919822722673416], [0.0, 0.0, 0.0, 1.0]]}, "Bone": {"matrix": [[0.6570529937744141, -0.45355087518692017, -0.6021400690078735, -1.42793607711792], [0.30865705013275146, 0.8905962109565735, -0.33401966094970703, 0.06209146976470947], [0.6877585053443909, 0.03361404314637184, 0.7251605987548828, 0.5119770765304565], [0.0, 0.0, 0.0, 1.0]]}, "finger1joint1": {"matrix": [[-0.08146949112415314, -0.9639993906021118, -0.2531156539916992, -1.805375576019287], [0.7868345975875854, 0.09367329627275467, -0.6100135445594788, 0.8032346367835999], [0.6117630004882812, -0.24885748326778412, 0.7508765459060669, 0.5399502515792847], [0.0, 0.0, 0.0, 1.0]]}, "finger1joint2": {"matrix": [[0.018758514896035194, -0.26295164227485657, -0.9646264910697937, -2.3502068519592285], [0.9331648945808411, 0.3509877324104309, -0.07753049582242966, 0.8561766743659973], [0.358958899974823, -0.8987010717391968, 0.251961350440979, 0.39930135011672974], [0.0, 0.0, 0.0, 1.0]]}, "finger1joint3": {"matrix": [[-0.06939433515071869, 0.8262211680412292, -0.5590552091598511, -2.462930202484131], [0.9070073366165161, 0.2855866551399231, 0.30948036909103394, 1.0066393613815308], [0.4153580665588379, -0.4855910539627075, -0.7692065238952637, 0.014042988419532776], [0.0, 0.0, 0.0, 1.0]]}, "Bone.001": {"matrix": [[0.38899630308151245, -0.8336240649223328, -0.39211276173591614, -1.42793607711792], [0.5500741004943848, 0.5516108870506287, -0.627011775970459, 0.06209146976470947], [0.7389858365058899, 0.0282143522053957, 0.6731296181678772, 0.5119770169258118], [0.0, 0.0, 0.0, 1.0]]}, "finger2joint1": {"matrix": [[-0.28247901797294617, -0.26865971088409424, -0.9208839535713196, -1.9563565254211426], [0.8108913898468018, 0.4460066556930542, -0.3788575530052185, 0.4117484986782074], [0.5125042796134949, -0.8537561297416687, 0.0918663889169693, 0.5298616886138916], [0.0, 0.0, 0.0, 1.0]]}, "finger2joint2": {"matrix": [[-0.21930181980133057, -0.11323226988315582, -0.9690638780593872, -2.1887872219085693], [0.8794289827346802, 0.40717995166778564, -0.24659495055675507, 0.7976107597351074], [0.4225061237812042, -0.9063014984130859, 0.010284519754350185, -0.20876452326774597], [0.0, 0.0, 0.0, 1.0]]}, "finger2joint3": {"matrix": [[-0.14337024092674255, 0.13647298514842987, -0.9802141189575195, -2.2317721843719482], [0.9388204216957092, 0.3321475386619568, -0.09107165038585663, 0.952182948589325], [0.31314709782600403, -0.9333019852638245, -0.17574357986450195, -0.5528115034103394], [0.0, 0.0, 0.0, 1.0]]}, "Bone.002": {"matrix": [[-0.2963131070137024, -0.9088590741157532, -0.2935531735420227, -1.4279359579086304], [0.7886901497840881, -0.059494905173778534, -0.6119053959846497, 0.062091462314128876], [0.53867107629776, -0.4128379225730896, 0.7344372272491455, 0.5119770169258118], [0.0, 0.0, 0.0, 1.0]]}, "finger3joint1": {"matrix": [[-0.2132137268781662, -0.7767741084098816, -0.5925889015197754, -1.8110291957855225], [0.8468498587608337, 0.155538871884346, -0.5085794925689697, 0.03701376914978027], [0.48722225427627563, -0.6102697253227234, 0.6246479749679565, 0.33796167373657227], [0.0, 0.0, 0.0, 1.0]]}, "finger3joint2": {"matrix": [[-0.31020602583885193, 0.15086641907691956, -0.9386220574378967, -2.492400884628296], [0.8798739314079285, 0.4194355010986328, -0.22337369620800018, 0.1734495759010315], [0.35999205708503723, -0.8951607942581177, -0.2628546953201294, -0.19735556840896606], [0.0, 0.0, 0.0, 1.0]]}, "finger3joint3": {"matrix": [[-0.14007312059402466, 0.65745609998703, -0.7403585314750671, -2.3947784900665283], [0.9246177673339844, 0.35434138774871826, 0.139729306101799, 0.44485804438591003], [0.35420578718185425, -0.6649763584136963, -0.6575290560722351, -0.7765964865684509], [0.0, 0.0, 0.0, 1.0]]}, "Bone.003": {"matrix": [[-0.8233106732368469, -0.3284268379211426, 0.4629201889038086, -1.42793607711792], [0.16652275621891022, -0.9194647073745728, -0.3561669588088989, 0.06209146976470947], [0.542613685131073, -0.21614938974380493, 0.8116955757141113, 0.5119770765304565], [0.0, 0.0, 0.0, 1.0]]}, "finger4joint1": {"matrix": [[-0.7098183631896973, -0.5015177130699158, -0.4946083426475525, -1.5687061548233032], [0.7016768455505371, -0.5649538040161133, -0.43413904309272766, -0.332008957862854], [-0.0617021843791008, -0.6552151441574097, 0.752918004989624, 0.4193311929702759], [0.0, 0.0, 0.0, 1.0]]}, "finger4joint2": {"matrix": [[-0.7305467128753662, -0.25498145818710327, -0.633470892906189, -2.0668933391571045], [0.6800277233123779, -0.35609275102615356, -0.6409056186676025, -0.8932108879089355], [-0.062155093997716904, -0.8989894390106201, 0.43353697657585144, -0.2315327227115631], [0.0, 0.0, 0.0, 1.0]]}, "finger4joint3": {"matrix": [[-0.6974774599075317, -0.12227147072553635, -0.7060979008674622, -2.173236608505249], [0.7165772914886475, -0.11012889444828033, -0.6887586116790771, -1.0417239665985107], [0.006454009562730789, -0.9863675236701965, 0.1644294708967209, -0.6064678430557251], [0.0, 0.0, 0.0, 1.0]]}}