{"root": {"matrix": [[0.41281840205192566, -0.5684105753898621, 0.7116814255714417, 0.0], [0.8749215006828308, 0.4646618664264679, -0.13638825714588165, 0.0], [-0.2531666159629822, 0.6789689660072327, 0.6891355514526367, 0.0], [0.0, 0.0, 0.0, 1.0]]}, "carpals": {"matrix": [[-0.9162946343421936, -0.39649832248687744, -0.05650554969906807, 0.29719680547714233], [0.37679263949394226, -0.805597722530365, -0.45720821619033813, 2.4487643241882324], [0.1357615888118744, -0.4402284324169159, 0.8875626921653748, 0.014579206705093384], [0.0, 0.0, 0.0, 1.0]]}, "metacarpals": {"matrix": [[-0.20342282950878143, -0.6737717390060425, 0.7103875875473022, -0.0889902114868164], [0.060146264731884, -0.7327873706817627, -0.6777940392494202, 1.6641170978546143], [0.9772417545318604, -0.09515164792537689, 0.18959055840969086, -0.41420066356658936], [0.0, 0.0, 0.0, 1.0]]}, "finger5joint1": {"matrix": [[-0.21364246308803558, -0.7296988368034363, 0.6495353579521179, -0.7300276756286621], [-0.03087731823325157, -0.6595101356506348, -0.7510610222816467, 1.5142065286636353], [0.9764237403869629, -0.18051451444625854, 0.1183682382106781, -0.7179645895957947], [0.0, 0.0, 0.0, 1.0]]}, "finger5joint2": {"matrix": [[0.7750608921051025, -0.611725389957428, 0.1583414226770401, -1.5007883310317993], [-0.6264786720275879, -0.7766239643096924, 0.06617453694343567, 0.8175842761993408], [0.08249114453792572, -0.1504870057106018, -0.985164225101471, -0.9086369872093201], [0.0, 0.0, 0.0, 1.0]]}, "finger5joint3": {"matrix": [[0.7046701908111572, -0.707675576210022, 0.05132747441530228, -1.9212486743927002], [-0.6989336013793945, -0.7047811150550842, -0.12155170738697052, 0.2837834060192108], [0.12219385802745819, 0.04977928102016449, -0.9912569522857666, -1.012071967124939], [0.0, 0.0, 0.0, 1.0]]}, "Bone": {"matrix": [[0.5717419981956482, -0.4233523905277252, 0.7027685046195984, -1.140934944152832], [0.7879482507705688, 0.044693734496831894, -0.6141169667243958, 0.5200324654579163], [0.228578582406044, 0.9048619270324707, 0.35913312435150146, -0.5627588033676147], [0.0, 0.0, 0.0, 1.0]]}, "finger1joint1": {"matrix": [[-0.09964579343795776, -0.9757611155509949, 0.19483503699302673, -1.4932434558868408], [0.1447838544845581, -0.20794397592544556, -0.9673658013343811, 0.5572260618209839], [0.9844329357147217, -0.06818494200706482, 0.16199524700641632, 0.19025613367557526], [0.0, 0.0, 0.0, 1.0]]}, "finger1joint2": {"matrix": [[-0.13469776511192322, -0.424256294965744, -0.89546799659729, -2.04472279548645], [0.4365606904029846, 0.7858599424362183, -0.4379939138889313, 0.43970057368278503], [0.8895342946052551, -0.44992297887802124, 0.07936006784439087, 0.15171948075294495], [0.0, 0.0, 0.0, 1.0]]}, "finger1joint3": {"matrix": [[-0.20903614163398743, 0.16537529230117798, -0.9638229608535767, -2.2265944480895996], [0.36083295941352844, 0.9290924072265625, 0.08115807920694351, 0.7765858173370361], [0.9089024066925049, -0.3308141529560089, -0.25388672947883606, -0.041155099868774414], [0.0, 0.0, 0.0, 1.0]]}, "Bone.001": {"matrix": [[0.4734363257884979, -0.33551445603370667, 0.8144248127937317, -1.140934944152832], [0.6783487200737, -0.450920969247818, -0.5800973176956177, 0.5200324654579163], [0.5618723630905151, 0.8271033763885498, 0.01411345787346363, -0.5627588033676147], [0.0, 0.0, 0.0, 1.0]]}, "finger2joint1": {"matrix": [[-0.13346658647060394, -0.20097264647483826, 0.970461905002594, -1.353611946105957], [0.16593730449676514, -0.9699307084083557, -0.17804165184497833, 0.2342010736465454], [0.9770625233650208, 0.13727328181266785, 0.16280224919319153, -0.03847149759531021], [0.0, 0.0, 0.0, 1.0]]}, "finger2joint2": {"matrix": [[-0.24020352959632874, -0.8559945821762085, 0.45779383182525635, -1.527483344078064], [0.09328533709049225, -0.48977333307266235, -0.8668445348739624, -0.604933500289917], [0.9662297964096069, -0.16551369428634644, 0.19749708473682404, 0.08029034733772278], [0.0, 0.0, 0.0, 1.0]]}, "finger2joint3": {"matrix": [[-0.3767366111278534, -0.7535742521286011, -0.5386975407600403, -1.8524328470230103], [0.11357342451810837, 0.5395814776420593, -0.8342376351356506, -0.7908594608306885], [0.919331431388855, -0.37546971440315247, -0.11769411712884903, 0.017458632588386536], [0.0, 0.0, 0.0, 1.0]]}, "Bone.002": {"matrix": [[0.09252914786338806, -0.47229453921318054, 0.8765705823898315, -1.140934944152832], [0.18085168302059174, -0.8577324748039246, -0.48123523592948914, 0.5200324654579163], [0.9791480898857117, 0.20305754244327545, 0.00605001300573349, -0.5627588033676147], [0.0, 0.0, 0.0, 1.0]]}, "finger3joint1": {"matrix": [[-0.017692727968096733, -0.02493199333548546, 0.9995324611663818, -1.3400118350982666], [0.3594948351383209, -0.9329937100410461, -0.01690908893942833, 0.15848958492279053], [0.9329794049263, 0.359027624130249, 0.02547016367316246, -0.4771679937839508], [0.0, 0.0, 0.0, 1.0]]}, "finger3joint2": {"matrix": [[-0.06017373874783516, -0.8436233997344971, 0.5335527062416077, -1.3618817329406738], [0.2078268676996231, -0.5333956480026245, -0.8199371099472046, -0.6599152684211731], [0.976313054561615, 0.061547841876745224, 0.20742405951023102, -0.1622355878353119], [0.0, 0.0, 0.0, 1.0]]}, "finger3joint3": {"matrix": [[-0.19082170724868774, -0.962652325630188, 0.192061185836792, -1.9077738523483276], [0.3160276412963867, -0.24548564851284027, -0.9164404273033142, -1.0050650835037231], [0.9293619394302368, -0.11418017745018005, 0.35106873512268066, -0.12240919470787048], [0.0, 0.0, 0.0, 1.0]]}, "Bone.003": {"matrix": [[0.2907063066959381, 0.16071118414402008, 0.9432187676429749, -1.1409348249435425], [-0.5794966816902161, -0.7548503875732422, 0.30722036957740784, 0.520032525062561], [0.7613628506660461, -0.6359031200408936, -0.1263081431388855, -0.5627588033676147], [0.0, 0.0, 0.0, 1.0]]}, "finger4joint1": {"matrix": [[-0.21399112045764923, -0.4709435999393463, 0.8558151721954346, -1.072050929069519], [0.054794616997241974, -0.8805171847343445, -0.47083601355552673, 0.19648891687393188], [0.9752974510192871, -0.05386077240109444, 0.21422810852527618, -0.8353192210197449], [0.0, 0.0, 0.0, 1.0]]}, "finger4joint2": {"matrix": [[-0.20816455781459808, -0.768534779548645, 0.6049970984458923, -1.5398671627044678], [0.02549385279417038, -0.6225999593734741, -0.7821245789527893, -0.6781807541847229], [0.9777613282203674, -0.1473870426416397, 0.14919619262218475, -0.8888223171234131], [0.0, 0.0, 0.0, 1.0]]}, "finger4joint3": {"matrix": [[-0.1523868292570114, -0.9205032587051392, 0.35979384183883667, -1.8603944778442383], [0.08859852701425552, -0.37530291080474854, -0.92265784740448, -0.9378440380096436], [0.9843415021896362, -0.10872383415699005, 0.1387464702129364, -0.9502919912338257], [0.0, 0.0, 0.0, 1.0]]}}