{"root": {"matrix": [[0.36492806673049927, -0.9201024770736694, 0.14226363599300385, -5.960464477539063e-08], [0.24991747736930847, -0.05038641393184662, -0.9669552445411682, -3.725290298461914e-09], [0.8968660831451416, 0.38842326402664185, 0.21156220138072968, 2.9802322387695312e-08], [0.0, 0.0, 0.0, 1.0]]}, "carpals": {"matrix": [[-0.20834042131900787, -0.4027802646160126, -0.8912699222564697, -0.09133017063140869], [0.9762776494026184, -0.1405738890171051, -0.16468383371829987, 0.6245740056037903], [-0.058957718312740326, -0.904437243938446, 0.42251265048980713, 2.3846492767333984], [0.0, 0.0, 0.0, 1.0]]}, "metacarpals": {"matrix": [[-0.28511276841163635, -0.6902856230735779, -0.664993405342102, -0.48363566398620605], [0.9584101438522339, -0.19613929092884064, -0.207314595580101, 0.4876559376716614], [0.012675125151872635, -0.6964443922042847, 0.7174985408782959, 1.5037328004837036], [0.0, 0.0, 0.0, 1.0]]}, "finger5joint1": {"matrix": [[-0.4980204105377197, -0.6771402359008789, -0.5417162179946899, -0.5539763569831848], [0.8388307690620422, -0.5345659852027893, -0.10296671837568283, 0.2928396165370941], [-0.21985995769500732, -0.5056877732276917, 0.8342308402061462, 0.8089136481285095], [0.0, 0.0, 0.0, 1.0]]}, "finger5joint2": {"matrix": [[-0.3675690293312073, -0.8736459016799927, 0.3188025951385498, -1.2692209482192993], [-0.0695849284529686, -0.31600290536880493, -0.9462028741836548, -0.27180755138397217], [0.9273890256881714, -0.3699786067008972, 0.05536007508635521, 0.27476969361305237], [0.0, 0.0, 0.0, 1.0]]}, "finger5joint3": {"matrix": [[-0.464514821767807, -0.8758844137191772, 0.13058246672153473, -1.8697082996368408], [-0.04658319056034088, -0.12308482825756073, -0.9913020730018616, -0.48900744318962097], [0.8843389749526978, -0.4665573537349701, 0.01637304574251175, 0.02047039568424225], [0.0, 0.0, 0.0, 1.0]]}, "Bone": {"matrix": [[0.6916983127593994, -0.28623929619789124, -0.6630386710166931, -1.5613632202148438], [0.3586462438106537, 0.9330337643623352, -0.02864977717399597, 0.18142807483673096], [0.6268380880355835, -0.21797916293144226, 0.7480365037918091, 0.41638973355293274], [0.0, 0.0, 0.0, 1.0]]}, "finger1joint1": {"matrix": [[-0.15555599331855774, -0.5489680171012878, -0.8212406039237976, -1.7995679378509521], [0.9619083404541016, 0.10501295328140259, -0.2523977756500244, 0.9578872323036194], [0.22479932010173798, -0.8292200565338135, 0.5117215514183044, 0.2349901646375656], [0.0, 0.0, 0.0, 1.0]]}, "finger1joint2": {"matrix": [[0.11287391930818558, -0.2745648920536041, -0.9549205899238586, -2.109832763671875], [0.990784764289856, 0.10351663082838058, 0.08734937757253647, 1.0172382593154907], [0.07486717402935028, -0.955980122089386, 0.28371915221214294, -0.23366710543632507], [0.0, 0.0, 0.0, 1.0]]}, "finger1joint3": {"matrix": [[0.025582510977983475, 0.16802667081356049, -0.9854503273963928, -2.227534294128418], [0.9900688529014587, 0.13205596804618835, 0.04821893945336342, 1.0616141557693481], [0.13823676109313965, -0.976897120475769, -0.16297948360443115, -0.6434800028800964], [0.0, 0.0, 0.0, 1.0]]}, "Bone.001": {"matrix": [[0.47076305747032166, -0.7210120558738708, -0.5084520578384399, -1.5613634586334229], [0.6471102833747864, 0.6739113926887512, -0.35649892687797546, 0.18142807483673096], [0.5996916890144348, -0.16119785606861115, 0.7838269472122192, 0.41638973355293274], [0.0, 0.0, 0.0, 1.0]]}, "finger2joint1": {"matrix": [[-0.17055314779281616, -0.6660704612731934, -0.7261276841163635, -2.0184011459350586], [0.9797370433807373, -0.03609916940331459, -0.19700758159160614, 0.6086094379425049], [0.10500847548246384, -0.7450144290924072, 0.6587308049201965, 0.31420907378196716], [0.0, 0.0, 0.0, 1.0]]}, "finger2joint2": {"matrix": [[-0.16225190460681915, 0.10137633234262466, -0.9815278053283691, -2.594651222229004], [0.9864544868469238, -0.007651213556528091, -0.16385653614997864, 0.5773782730102539], [-0.024120906367897987, -0.9948185086250305, -0.09876158833503723, -0.33033937215805054], [0.0, 0.0, 0.0, 1.0]]}, "finger2joint3": {"matrix": [[-0.06119781732559204, 0.7961646318435669, -0.6019770503044128, -2.556166887283325], [0.9897356629371643, -0.029628798365592957, -0.1398043930530548, 0.5744737386703491], [-0.12914304435253143, -0.6043540239334106, -0.78617924451828, -0.7079887986183167], [0.0, 0.0, 0.0, 1.0]]}, "Bone.002": {"matrix": [[-0.1573648452758789, -0.8985462188720703, -0.40969589352607727, -1.5613633394241333], [0.9392496943473816, -0.008037026040256023, -0.34314054250717163, 0.18142803013324738], [0.3050350844860077, -0.43880483508110046, 0.8452239632606506, 0.4163897633552551], [0.0, 0.0, 0.0, 1.0]]}, "finger3joint1": {"matrix": [[0.5167514085769653, -0.8505234122276306, -0.09786540269851685, -1.9401094913482666], [0.7587944865226746, 0.5079339146614075, -0.40771836042404175, 0.17804032564163208], [0.3964831829071045, 0.1364295333623886, 0.9078478217124939, 0.2314291000366211], [0.0, 0.0, 0.0, 1.0]]}, "finger3joint2": {"matrix": [[0.3791661262512207, 0.40185320377349854, -0.8335147500038147, -2.6861729621887207], [0.8448023200035095, 0.2171950787305832, 0.48901474475860596, 0.6235905885696411], [0.3775474727153778, -0.8895729780197144, -0.2571331858634949, 0.3511025905609131], [0.0, 0.0, 0.0, 1.0]]}, "finger3joint3": {"matrix": [[0.5333976149559021, 0.753730297088623, 0.383897602558136, -2.4261417388916016], [0.7602572441101074, -0.6261515617370605, 0.17304103076457977, 0.7641332149505615], [0.3708043396472931, 0.19956086575984955, -0.9070167541503906, -0.22452259063720703], [0.0, 0.0, 0.0, 1.0]]}, "Bone.003": {"matrix": [[-0.7877669334411621, -0.48538658022880554, 0.37923988699913025, -1.5613633394241333], [0.43817880749702454, -0.8742980360984802, -0.20881158113479614, 0.18142803013324738], [0.43292316794395447, 0.0016799657605588436, 0.9014291167259216, 0.4163897633552551], [0.0, 0.0, 0.0, 1.0]]}, "finger4joint1": {"matrix": [[-0.5484514832496643, -0.4376901388168335, -0.7124800682067871, -1.769409418106079], [0.7697473764419556, -0.5971096158027649, -0.22571878135204315, -0.19331306219100952], [-0.3266335725784302, -0.6722255349159241, 0.6643965840339661, 0.41710981726646423], [0.0, 0.0, 0.0, 1.0]]}, "finger4joint2": {"matrix": [[-0.5719963312149048, -0.1122337356209755, -0.8125412464141846, -2.204192876815796], [0.7513552308082581, -0.4690936803817749, -0.46412956714630127, -0.7864573001861572], [-0.32906675338745117, -0.8759876489639282, 0.3526473939418793, -0.2506515085697174], [0.0, 0.0, 0.0, 1.0]]}, "finger4joint3": {"matrix": [[-0.5487393736839294, 0.07643140107393265, -0.832491934299469, -2.2510013580322266], [0.7944575548171997, -0.262307345867157, -0.5477516055107117, -0.9820989370346069], [-0.26023393869400024, -0.9619525671005249, 0.08321695774793625, -0.6159934997558594], [0.0, 0.0, 0.0, 1.0]]}}