{"root": {"matrix": [[0.355204701423645, -0.9140291213989258, 0.19590900838375092, -5.960464477539063e-08], [0.37540149688720703, -0.052454862743616104, -0.9253767728805542, 0.0], [0.8560977578163147, 0.4022427201271057, 0.3244956433773041, 0.0], [0.0, 0.0, 0.0, 1.0]]}, "carpals": {"matrix": [[-0.33328214287757874, -0.3975505530834198, -0.854913055896759, -0.11340579390525818], [0.9406545758247375, -0.2017274796962738, -0.27290087938308716, 0.9016537070274353], [-0.06396741420030594, -0.8951308131217957, 0.4411899447441101, 2.2932825088500977], [0.0, 0.0, 0.0, 1.0]]}, "metacarpals": {"matrix": [[-0.4585614800453186, -0.6879528760910034, -0.5625317692756653, -0.5006176233291626], [0.882530152797699, -0.27830517292022705, -0.3790603280067444, 0.7051724195480347], [0.10422027111053467, -0.6702736020088196, 0.7347591519355774, 1.4214305877685547], [0.0, 0.0, 0.0, 1.0]]}, "finger5joint1": {"matrix": [[-0.6555315852165222, -0.5715733766555786, -0.4935401678085327, -0.5813422203063965], [0.7474325895309448, -0.5843804478645325, -0.3159809708595276, 0.5474315285682678], [-0.10780872404575348, -0.576023519039154, 0.8102924227714539, 0.7183828353881836], [0.0, 0.0, 0.0, 1.0]]}, "finger5joint2": {"matrix": [[-0.2302911877632141, -0.9620263576507568, 0.14652854204177856, -1.1850793361663818], [-0.2602840065956116, -0.084195077419281, -0.9618540406227112, -0.06983336061239243], [0.9376659989356995, -0.2596453130245209, -0.23101083934307098, 0.10994519293308258], [0.0, 0.0, 0.0, 1.0]]}, "finger5joint3": {"matrix": [[-0.3268119692802429, -0.9017584919929504, -0.28288668394088745, -1.846313714981079], [-0.21365679800510406, 0.36206886172294617, -0.9073349237442017, -0.12770359218120575], [0.9206215143203735, -0.23608702421188354, -0.31099531054496765, -0.06851814687252045], [0.0, 0.0, 0.0, 1.0]]}, "Bone": {"matrix": [[0.6539451479911804, -0.4709710478782654, -0.592065691947937, -1.5747029781341553], [0.4423322379589081, 0.8729156255722046, -0.20581653714179993, 0.2706608176231384], [0.6137569546699524, -0.12729687988758087, 0.7791646122932434, 0.3749473989009857], [0.0, 0.0, 0.0, 1.0]]}, "finger1joint1": {"matrix": [[-0.37903931736946106, -0.452290803194046, -0.8073177337646484, -1.966639518737793], [0.9020559191703796, 0.014049801044166088, -0.4313904345035553, 0.9970903396606445], [0.20645669102668762, -0.8917595744132996, 0.40266621112823486, 0.269012451171875], [0.0, 0.0, 0.0, 1.0]]}, "finger1joint2": {"matrix": [[-0.10612531751394272, -0.12333831936120987, -0.9866735935211182, -2.222264289855957], [0.9901012778282166, 0.07855356484651566, -0.11631347239017487, 1.0050309896469116], [0.09185270965099335, -0.9892505407333374, 0.11378102749586105, -0.23499071598052979], [0.0, 0.0, 0.0, 1.0]]}, "finger1joint3": {"matrix": [[-0.20090636610984802, 0.3010861575603485, -0.932192862033844, -2.275137424468994], [0.9696796536445618, 0.19627808034420013, -0.1455901861190796, 1.0387057065963745], [0.13913391530513763, -0.9331783056259155, -0.33139047026634216, -0.6590662002563477], [0.0, 0.0, 0.0, 1.0]]}, "Bone.001": {"matrix": [[0.3813893795013428, -0.8442651629447937, -0.37650778889656067, -1.5747030973434448], [0.6840118765830994, 0.5317124128341675, -0.49940913915634155, 0.2706606984138489], [0.6218276619911194, -0.06706631928682327, 0.780276894569397, 0.3749473989009857], [0.0, 0.0, 0.0, 1.0]]}, "finger2joint1": {"matrix": [[0.1620764434337616, -0.7751869559288025, -0.6105867028236389, -2.1098690032958984], [0.6331728100776672, 0.5562877058982849, -0.5381784439086914, 0.6077045202255249], [0.7568507790565491, -0.29938068985939026, 0.5809884667396545, 0.33243513107299805], [0.0, 0.0, 0.0, 1.0]]}, "finger2joint2": {"matrix": [[0.14704051613807678, 0.4763629734516144, -0.8668662309646606, -2.7805211544036865], [0.727898359298706, 0.5412871837615967, 0.4209180772304535, 1.088976263999939], [0.6697335243225098, -0.6928824782371521, -0.26715248823165894, 0.07342623174190521], [0.0, 0.0, 0.0, 1.0]]}, "finger2joint3": {"matrix": [[0.2775726318359375, 0.9169923067092896, 0.28649282455444336, -2.5996861457824707], [0.7446374893188477, -0.39377912878990173, 0.5389366745948792, 1.2944576740264893], [0.6070157885551453, 0.06373903900384903, -0.7921292185783386, -0.1896033138036728], [0.0, 0.0, 0.0, 1.0]]}, "Bone.002": {"matrix": [[-0.30942973494529724, -0.9093822240829468, -0.27798736095428467, -1.5747029781341553], [0.8687936067581177, -0.15150955319404602, -0.4714260697364807, 0.27066075801849365], [0.3865888714790344, -0.3873867392539978, 0.836946964263916, 0.3749473989009857], [0.0, 0.0, 0.0, 1.0]]}, "finger3joint1": {"matrix": [[0.408722847700119, -0.9124300479888916, -0.020415455102920532, -1.9580167531967163], [0.7924091219902039, 0.36588022112846375, -0.4880775213241577, 0.20679792761802673], [0.4528062343597412, 0.18331125378608704, 0.8725612759590149, 0.2116599828004837], [0.0, 0.0, 0.0, 1.0]]}, "finger3joint2": {"matrix": [[0.25978562235832214, 0.4536478519439697, -0.8524757027626038, -2.7583837509155273], [0.8586239218711853, 0.29546016454696655, 0.41888946294784546, 0.5277413129806519], [0.44190090894699097, -0.8407774567604065, -0.3127562999725342, 0.37245720624923706], [0.0, 0.0, 0.0, 1.0]]}, "finger3joint3": {"matrix": [[0.42162466049194336, 0.8726434707641602, 0.24642592668533325, -2.464836835861206], [0.7895403504371643, -0.4869476556777954, 0.37350785732269287, 0.718927800655365], [0.4459356665611267, 0.03708271682262421, -0.8942963480949402, -0.1715933084487915], [0.0, 0.0, 0.0, 1.0]]}, "Bone.003": {"matrix": [[-0.8239570260047913, -0.3111083507537842, 0.47360971570014954, -1.5747029781341553], [0.248291015625, -0.9495149254798889, -0.19176305830478668, 0.27066078782081604], [0.5093586444854736, -0.04041152074933052, 0.8596048355102539, 0.3749473989009857], [0.0, 0.0, 0.0, 1.0]]}, "finger4joint1": {"matrix": [[-0.7170283198356628, -0.4313051402568817, -0.5475817322731018, -1.70805025100708], [0.6644235253334045, -0.6604150533676147, -0.3498474061489105, -0.13631975650787354], [-0.21074005961418152, -0.6146767735481262, 0.7601056694984436, 0.3576262593269348], [0.0, 0.0, 0.0, 1.0]]}, "finger4joint2": {"matrix": [[-0.7371668815612793, -0.1694379597902298, -0.6541216969490051, -2.136491060256958], [0.6422305703163147, -0.47662773728370667, -0.6003047227859497, -0.7923490405082703], [-0.21005794405937195, -0.8626217842102051, 0.46017253398895264, -0.25296851992607117], [0.0, 0.0, 0.0, 1.0]]}, "finger4joint3": {"matrix": [[-0.7108827829360962, -0.03512313589453697, -0.7024325132369995, -2.2071571350097656], [0.6883406639099121, -0.23971065878868103, -0.6846355199813843, -0.9911327362060547], [-0.14433379471302032, -0.9702085852622986, 0.1945829689502716, -0.6127359867095947], [0.0, 0.0, 0.0, 1.0]]}}