{"root": {"matrix": [[0.5212337970733643, -0.5970313549041748, 0.6098105311393738, 0.0], [0.7248709201812744, 0.6868523359298706, 0.05287734419107437, 5.960464477539063e-08], [-0.45041918754577637, 0.4144725501537323, 0.7907813191413879, 0.0], [0.0, 0.0, 0.0, 1.0]]}, "carpals": {"matrix": [[-0.9055056571960449, -0.4238812029361725, -0.019593723118305206, 0.5258138179779053], [0.414854496717453, -0.8746271133422852, -0.250844269990921, 2.305634021759033], [0.08919098228216171, -0.23526954650878906, 0.9678290486335754, -0.7018234133720398], [0.0, 0.0, 0.0, 1.0]]}, "metacarpals": {"matrix": [[-0.05202356353402138, -0.6465890407562256, 0.7610623240470886, 0.11295610666275024], [0.032875727862119675, -0.7627900242805481, -0.6458098292350769, 1.4537526369094849], [0.9981045126914978, -0.008576895110309124, 0.06094013899564743, -0.930974543094635], [0.0, 0.0, 0.0, 1.0]]}, "finger5joint1": {"matrix": [[-0.07273082435131073, -0.7788161635398865, 0.6230210661888123, -0.5599804520606995], [-0.10000871121883392, -0.6158318519592285, -0.7815043330192566, 1.278348445892334], [0.992324709892273, -0.11914710700511932, -0.033098481595516205, -1.136070966720581], [0.0, 0.0, 0.0, 1.0]]}, "finger5joint2": {"matrix": [[0.626772403717041, -0.7697491645812988, -0.12100355327129364, -1.3826223611831665], [-0.7779712080955505, -0.6269158124923706, -0.041673410683870316, 0.6278622150421143], [-0.043781012296676636, 0.12025690823793411, -0.9917767643928528, -1.2619225978851318], [0.0, 0.0, 0.0, 1.0]]}, "finger5joint3": {"matrix": [[0.5578819513320923, -0.7325325012207031, -0.3900810480117798, -1.9116979837417603], [-0.8296202421188354, -0.4796065390110016, -0.2858445346355438, 0.19696100056171417], [0.022304948419332504, 0.4830867648124695, -0.8752881288528442, -1.1792659759521484], [0.0, 0.0, 0.0, 1.0]]}, "Bone": {"matrix": [[0.5640840530395508, -0.27958810329437256, 0.7769423127174377, -0.8965489268302917], [0.8105646967887878, 0.0080642094835639, -0.5855932235717773, 0.262825608253479], [0.1574595421552658, 0.9600861072540283, 0.23117320239543915, -0.9443655014038086], [0.0, 0.0, 0.0, 1.0]]}, "finger1joint1": {"matrix": [[0.057693466544151306, -0.7697846293449402, 0.6356908082962036, -1.1292186975479126], [0.1111547201871872, -0.6278390884399414, -0.7703650593757629, 0.269536554813385], [0.992127001285553, 0.11510509252548218, 0.04934297129511833, -0.14539363980293274], [0.0, 0.0, 0.0, 1.0]]}, "finger1joint2": {"matrix": [[-0.12320251017808914, -0.9274100065231323, 0.35317373275756836, -1.564284324645996], [0.35295477509498596, -0.3735647201538086, -0.8578298091888428, -0.08530451357364655], [0.9274934530258179, 0.01896757073700428, 0.3733579218387604, -0.0803387388586998], [0.0, 0.0, 0.0, 1.0]]}, "finger1joint3": {"matrix": [[-0.05269484221935272, -0.6499204635620117, -0.7581731081008911, -1.9618496894836426], [0.2777312695980072, 0.7197361588478088, -0.6362742185592651, -0.24544556438922882], [0.9592125415802002, -0.24409674108028412, 0.14257685840129852, -0.07220765948295593], [0.0, 0.0, 0.0, 1.0]]}, "Bone.001": {"matrix": [[0.5236692428588867, -0.18257072567939758, 0.832128643989563, -0.896548867225647], [0.6904354691505432, -0.48125219345092773, -0.5400878190994263, 0.2628256380558014], [0.49906811118125916, 0.8573586940765381, -0.1259637027978897, -0.9443655014038086], [0.0, 0.0, 0.0, 1.0]]}, "finger2joint1": {"matrix": [[0.13389952480793, -0.567459762096405, 0.8124407529830933, -1.0122774839401245], [0.2282406985759735, -0.780124306678772, -0.5825048089027405, -0.04223227500915527], [0.964353084564209, 0.2634292244911194, 0.025059141218662262, -0.40089982748031616], [0.0, 0.0, 0.0, 1.0]]}, "finger2joint2": {"matrix": [[0.006379435304552317, -0.6813509464263916, 0.731928825378418, -1.5032148361206055], [0.20960776507854462, -0.7147719860076904, -0.6672070026397705, -0.7171559929847717], [0.9777647256851196, 0.15767435729503632, 0.13825665414333344, -0.17299428582191467], [0.0, 0.0, 0.0, 1.0]]}, "finger2joint3": {"matrix": [[-0.13723750412464142, -0.9739106297492981, 0.1807307004928589, -1.761866807937622], [0.18501482903957367, -0.2044491171836853, -0.961233377456665, -0.9884951710700989], [0.9731059074401855, -0.09847947210073471, 0.20824603736400604, -0.11313852667808533], [0.0, 0.0, 0.0, 1.0]]}, "Bone.002": {"matrix": [[0.23489157855510712, -0.39589667320251465, 0.887745201587677, -0.8965489864349365], [0.16773520410060883, -0.8830877542495728, -0.43820154666900635, 0.262825608253479], [0.9574397206306458, 0.2518359422683716, -0.14102408289909363, -0.9443654417991638], [0.0, 0.0, 0.0, 1.0]]}, "finger3joint1": {"matrix": [[0.1517166942358017, -0.9183998107910156, -0.3654087781906128, -1.0634233951568604], [0.13173775374889374, 0.3851785957813263, -0.913390576839447, -0.10940472781658173], [0.9796057343482971, 0.09043847024440765, 0.17942586541175842, -0.838214099407196], [0.0, 0.0, 0.0, 1.0]]}, "finger3joint2": {"matrix": [[0.01864801160991192, -0.4172523617744446, -0.9085992574691772, -1.869026780128479], [0.22631844878196716, 0.886931300163269, -0.40265679359436035, 0.22846680879592896], [0.9738748669624329, -0.1981240063905716, 0.1109713539481163, -0.7588831186294556], [0.0, 0.0, 0.0, 1.0]]}, "finger3joint3": {"matrix": [[0.15045136213302612, -0.08719724416732788, -0.9847643375396729, -2.1390225887298584], [0.33452945947647095, 0.9418319463729858, -0.03228643536567688, 0.8023826479911804], [0.9302980899810791, -0.32457515597343445, 0.17086990177631378, -0.8870852589607239], [0.0, 0.0, 0.0, 1.0]]}, "Bone.003": {"matrix": [[0.4310559630393982, 0.09414379298686981, 0.8974004983901978, -0.8965489268302917], [-0.5781293511390686, -0.7347766757011414, 0.3547809422016144, 0.2628256380558014], [0.6927893757820129, -0.671744167804718, -0.26230257749557495, -0.9443655014038086], [0.0, 0.0, 0.0, 1.0]]}, "finger4joint1": {"matrix": [[0.04284865781664848, -0.6210317611694336, 0.7826130390167236, -0.8561970591545105], [0.15099887549877167, -0.7703083753585815, -0.6195351481437683, -0.052113890647888184], [0.9876047968864441, 0.14471985399723053, 0.06076842546463013, -1.2322880029678345], [0.0, 0.0, 0.0, 1.0]]}, "finger4joint2": {"matrix": [[0.0437057726085186, -0.8807711601257324, 0.47152048349380493, -1.4731045961380005], [0.1213098093867302, -0.4638001322746277, -0.8775949478149414, -0.8173066973686218], [0.9916518330574036, 0.09555593878030777, 0.08657541126012802, -1.0885292291641235], [0.0, 0.0, 0.0, 1.0]]}, "finger4joint3": {"matrix": [[0.10986707359552383, -0.9715319275856018, 0.20989175140857697, -1.8404417037963867], [0.1722687929868698, -0.18936143815517426, -0.9666773676872253, -1.0107405185699463], [0.9789036512374878, 0.1423637568950653, 0.14655999839305878, -1.0486764907836914], [0.0, 0.0, 0.0, 1.0]]}}