{"root": {"matrix": [[0.40716809034347534, -0.512730062007904, 0.7558584809303284, 0.0], [0.8381784558296204, 0.5385414361953735, -0.08619751036167145, 5.960464477539063e-08], [-0.36286500096321106, 0.668641209602356, 0.649036169052124, 0.0], [0.0, 0.0, 0.0, 1.0]]}, "carpals": {"matrix": [[-0.9459140300750732, -0.31836846470832825, 0.06235262006521225, 0.3339530825614929], [0.3000982999801636, -0.9317045211791992, -0.20461523532867432, 2.432342767715454], [0.12323726713657379, -0.17483659088611603, 0.9768544435501099, -0.2391016185283661], [0.0, 0.0, 0.0, 1.0]]}, "metacarpals": {"matrix": [[-0.294769287109375, -0.6512676477432251, 0.6992576718330383, 0.02386409044265747], [0.16788411140441895, -0.7556850910186768, -0.633051872253418, 1.5248680114746094], [0.9407050013542175, -0.06921004503965378, 0.33209028840065, -0.4093914330005646], [0.0, 0.0, 0.0, 1.0]]}, "finger5joint1": {"matrix": [[-0.33567309379577637, -0.7264113426208496, 0.599708080291748, -0.5837244391441345], [0.024782774969935417, -0.6432371139526367, -0.7652656435966492, 1.3245809078216553], [0.9416523575782776, -0.24201679229736328, 0.2339199036359787, -0.7505600452423096], [0.0, 0.0, 0.0, 1.0]]}, "finger5joint2": {"matrix": [[0.6190474033355713, -0.7530317902565002, 0.22298602759838104, -1.3510125875473022], [-0.7546749114990234, -0.6489663124084473, -0.09647706151008606, 0.6451473236083984], [0.21736080944538116, -0.1085582748055458, -0.9700356125831604, -1.0061956644058228], [0.0, 0.0, 0.0, 1.0]]}, "finger5joint3": {"matrix": [[0.5328250527381897, -0.8442538976669312, -0.057725027203559875, -1.8685975074768066], [-0.8055025339126587, -0.4850960671901703, -0.3403627276420593, 0.19908997416496277], [0.259350448846817, 0.22785143554210663, -0.9385204911231995, -1.080811619758606], [0.0, 0.0, 0.0, 1.0]]}, "Bone": {"matrix": [[0.5364211797714233, -0.5067199468612671, 0.6748977303504944, -0.9929454326629639], [0.8233457207679749, 0.13858522474765778, -0.5503594875335693, 0.3450338542461395], [0.185347318649292, 0.8508989214897156, 0.4915458559989929, -0.5174475908279419], [0.0, 0.0, 0.0, 1.0]]}, "finger1joint1": {"matrix": [[-0.18618731200695038, -0.7736184597015381, 0.6056802272796631, -1.4146316051483154], [0.24176940321922302, -0.6335785984992981, -0.7349321842193604, 0.4603627324104309], [0.952303409576416, 0.009599891491234303, 0.3050016164779663, 0.1906600296497345], [0.0, 0.0, 0.0, 1.0]]}, "finger1joint2": {"matrix": [[-0.34624043107032776, -0.8050227761268616, -0.4817216396331787, -1.851863980293274], [0.4666682183742523, 0.2976536452770233, -0.8328402042388916, 0.10227784514427185], [0.813841700553894, -0.5131672024726868, 0.27261883020401, 0.19608567655086517], [0.0, 0.0, 0.0, 1.0]]}, "finger1joint3": {"matrix": [[-0.36347752809524536, 0.045019105076789856, -0.9305144548416138, -2.1969640254974365], [0.3686889111995697, 0.9242333769798279, -0.0993017703294754, 0.22987708449363708], [0.8555423021316528, -0.37916433811187744, -0.3525361716747284, -0.023900657892227173], [0.0, 0.0, 0.0, 1.0]]}, "Bone.001": {"matrix": [[0.40897008776664734, -0.40484705567359924, 0.8178276419639587, -0.9929455518722534], [0.7506785988807678, -0.360321044921875, -0.5537598729133606, 0.34503382444381714], [0.5188686847686768, 0.84039705991745, 0.15654954314231873, -0.5174474716186523], [0.0, 0.0, 0.0, 1.0]]}, "finger2joint1": {"matrix": [[-0.2196008861064911, -0.36118024587631226, 0.9062692523002625, -1.249571442604065], [0.2811279594898224, -0.9129681587219238, -0.29572921991348267, 0.11663222312927246], [0.9342067241668701, 0.18983526527881622, 0.3020265996456146, 0.015266448259353638], [0.0, 0.0, 0.0, 1.0]]}, "finger2joint2": {"matrix": [[-0.334170401096344, -0.9063906669616699, 0.2584294378757477, -1.5620460510253906], [0.22353611886501312, -0.3425863981246948, -0.9125052094459534, -0.6732211709022522], [0.9156209230422974, -0.24716401100158691, 0.3170933723449707, 0.17950224876403809], [0.0, 0.0, 0.0, 1.0]]}, "finger2joint3": {"matrix": [[-0.45767149329185486, -0.639620304107666, -0.6175940036773682, -1.9061269760131836], [0.26340198516845703, 0.5658931136131287, -0.7812706828117371, -0.8032726049423218], [0.8492090106010437, -0.5202409625053406, -0.09051592648029327, 0.0856747180223465], [0.0, 0.0, 0.0, 1.0]]}, "Bone.002": {"matrix": [[-0.0020667053759098053, -0.47677841782569885, 0.8790209889411926, -0.9929454922676086], [0.29544389247894287, -0.8400741219520569, -0.4549593925476074, 0.3450338542461395], [0.9553578495979309, 0.25876107811927795, 0.1425975114107132, -0.5174474716186523], [0.0, 0.0, 0.0, 1.0]]}, "finger3joint1": {"matrix": [[-0.12126385420560837, -0.9296734929084778, -0.34785354137420654, -1.1939122676849365], [0.26297932863235474, 0.30782777070999146, -0.9143760800361633, -0.009065836668014526], [0.9571505188941956, -0.2023591250181198, 0.2071564495563507, -0.40837717056274414], [0.0, 0.0, 0.0, 1.0]]}, "finger3joint2": {"matrix": [[-0.25315383076667786, -0.3006933927536011, -0.9195088148117065, -2.0094048976898193], [0.34361621737480164, 0.860546886920929, -0.37601417303085327, 0.2609550356864929], [0.904345691204071, -0.4111475944519043, -0.11452773958444595, -0.5858827829360962], [0.0, 0.0, 0.0, 1.0]]}, "finger3joint3": {"matrix": [[-0.10952259600162506, 0.11222231388092041, -0.9876288175582886, -2.203977346420288], [0.4442208707332611, 0.8943855166435242, 0.05236580967903137, 0.8177979588508606], [0.8891977667808533, -0.4329901337623596, -0.14780700206756592, -0.8519282937049866], [0.0, 0.0, 0.0, 1.0]]}, "Bone.003": {"matrix": [[0.22656847536563873, 0.23035991191864014, 0.9463619589805603, -0.9929454922676086], [-0.4797697961330414, -0.8191819787025452, 0.3142636716365814, 0.34503382444381714], [0.8476364612579346, -0.5252382159233093, -0.07508102059364319, -0.5174474716186523], [0.0, 0.0, 0.0, 1.0]]}, "finger4joint1": {"matrix": [[-0.31553781032562256, -0.6067258715629578, 0.7296021580696106, -0.8942087292671204], [0.15032677352428436, -0.7911337614059448, -0.5928816795349121, -0.006083488464355469], [0.9369298219680786, -0.07739803940057755, 0.34083986282348633, -0.7425748109817505], [0.0, 0.0, 0.0, 1.0]]}, "finger4joint2": {"matrix": [[-0.3152153789997101, -0.8418335914611816, 0.438126802444458, -1.4969053268432617], [0.12067530304193497, -0.4934695065021515, -0.8613505959510803, -0.7919633388519287], [0.9413163065910339, -0.2186400592327118, 0.2571377754211426, -0.8194588422775269], [0.0, 0.0, 0.0, 1.0]]}, "finger4joint3": {"matrix": [[-0.25052154064178467, -0.9521127343177795, 0.1752709448337555, -1.8480030298233032], [0.1738652139902115, -0.2223486304283142, -0.9593390822410583, -0.9977712035179138], [0.9523704051971436, -0.20986178517341614, 0.22124242782592773, -0.9106455445289612], [0.0, 0.0, 0.0, 1.0]]}}