{"root": {"matrix": [[0.24897225201129913, -0.4743511378765106, 0.8443955183029175, 0.0], [0.9600107073783875, 0.23612399399280548, -0.15041570365428925, 1.4901161193847656e-08], [-0.1280321180820465, 0.8480781316757202, 0.5141704678535461, 0.0], [0.0, 0.0, 0.0, 1.0]]}, "carpals": {"matrix": [[-0.9901750683784485, -0.13278383016586304, 0.04383476823568344, 0.0038093775510787964], [0.11070295423269272, -0.9359075427055359, -0.33439743518829346, 2.419071912765503], [0.08542787283658981, -0.32625943422317505, 0.941412091255188, 0.4827650487422943], [0.0, 0.0, 0.0, 1.0]]}, "metacarpals": {"matrix": [[-0.5038767457008362, -0.6796132326126099, 0.5331358909606934, -0.12552130222320557], [0.1570824533700943, -0.6790198087692261, -0.7171170115470886, 1.507503628730774], [0.8493722081184387, -0.27759233117103577, 0.44889768958091736, 0.16499030590057373], [0.0, 0.0, 0.0, 1.0]]}, "finger5joint1": {"matrix": [[-0.8052074909210205, -0.5233469009399414, 0.27883437275886536, -0.6442574262619019], [-0.23101672530174255, -0.15621663630008698, -0.9603266716003418, 1.387444019317627], [0.5461426973342896, -0.8376778364181519, 0.004884876776486635, -0.3271206021308899], [0.0, 0.0, 0.0, 1.0]]}, "finger5joint2": {"matrix": [[0.15901997685432434, -0.9861363768577576, 0.04740336537361145, -1.197054386138916], [-0.9872606992721558, -0.15909358859062195, 0.0022353765089064837, 1.222436547279358], [0.005337167996913195, -0.04715482145547867, -0.9988731145858765, -1.2119364738464355], [0.0, 0.0, 0.0, 1.0]]}, "finger5joint3": {"matrix": [[0.06341240555047989, -0.7583470940589905, -0.6487587690353394, -1.874860405921936], [-0.9964205622673035, -0.011700545437633991, -0.0837169662117958, 1.1130859851837158], [0.05589570105075836, 0.6517456769943237, -0.7563747763633728, -1.2443478107452393], [0.0, 0.0, 0.0, 1.0]]}, "Bone": {"matrix": [[0.5460736155509949, -0.6884202361106873, 0.4773688316345215, -1.1865861415863037], [0.7533196806907654, 0.1542380154132843, -0.6393119096755981, 0.4473651051521301], [0.36648687720298767, 0.7087228894233704, 0.6028258800506592, -0.2684084177017212], [0.0, 0.0, 0.0, 1.0]]}, "finger1joint1": {"matrix": [[-0.35317060351371765, -0.9349254965782166, -0.034418657422065735, -1.7594809532165527], [0.24538622796535492, -0.05706823244690895, -0.967743992805481, 0.5757201313972473], [0.9028044939041138, -0.35022464394569397, 0.2495727390050888, 0.3213820159435272], [0.0, 0.0, 0.0, 1.0]]}, "finger1joint2": {"matrix": [[-0.3071522116661072, -0.30852383375167847, -0.9002613425254822, -2.2878806591033936], [0.529463529586792, 0.7306632399559021, -0.43104448914527893, 0.543466329574585], [0.7907754778862, -0.6090518832206726, -0.06107272207736969, 0.1234426498413086], [0.0, 0.0, 0.0, 1.0]]}, "finger1joint3": {"matrix": [[-0.3852185606956482, 0.7065881490707397, -0.5935820937156677, -2.420139789581299], [0.4559240937232971, 0.704960823059082, 0.5432892441749573, 0.8566896915435791], [0.8023340702056885, -0.06134328618645668, -0.5937145948410034, -0.1376478672027588], [0.0, 0.0, 0.0, 1.0]]}, "Bone.001": {"matrix": [[0.33321958780288696, -0.6332356929779053, 0.6985535025596619, -1.1865861415863037], [0.6801072359085083, -0.35170498490333557, -0.6432397365570068, 0.4473651051521301], [0.6530072093009949, 0.6894314885139465, 0.31347325444221497, -0.2684084177017212], [0.0, 0.0, 0.0, 1.0]]}, "finger2joint1": {"matrix": [[-0.42686882615089417, -0.37056365609169006, 0.8249031901359558, -1.5879839658737183], [0.2562590539455414, -0.9243636727333069, -0.28263530135154724, 0.22442513704299927], [0.867245078086853, 0.09074075520038605, 0.4895424544811249, 0.16861096024513245], [0.0, 0.0, 0.0, 1.0]]}, "finger2joint2": {"matrix": [[-0.5330278277397156, -0.7154425382614136, -0.45168912410736084, -1.9085768461227417], [0.1966353952884674, 0.4144851267337799, -0.8885585069656372, -0.5752872228622437], [0.8229312300682068, -0.5624445676803589, -0.08025075495243073, 0.24711522459983826], [0.0, 0.0, 0.0, 1.0]]}, "finger2joint3": {"matrix": [[-0.5690633654594421, -0.029832424595952034, -0.82175213098526, -2.1801705360412598], [0.32148152589797974, 0.9117313027381897, -0.2557246685028076, -0.4179418087005615], [0.7568462491035461, -0.4097018539905548, -0.5092424750328064, 0.033602043986320496], [0.0, 0.0, 0.0, 1.0]]}, "Bone.002": {"matrix": [[-0.2137228548526764, -0.6011009216308594, 0.7700649499893188, -1.1865862607955933], [0.2522849142551422, -0.7955002188682556, -0.5509368181228638, 0.4473651051521301], [0.9437556862831116, 0.07652797549962997, 0.32166537642478943, -0.2684083878993988], [0.0, 0.0, 0.0, 1.0]]}, "finger3joint1": {"matrix": [[-0.34092992544174194, -0.036973074078559875, 0.9393612742424011, -1.4399563074111938], [0.38656169176101685, -0.9163546562194824, 0.1042301282286644, 0.11205381155014038], [0.856934666633606, 0.39865627884864807, 0.3267051577568054, -0.2361510694026947], [0.0, 0.0, 0.0, 1.0]]}, "finger3joint2": {"matrix": [[-0.37866777181625366, -0.7412887811660767, 0.5541673898696899, -1.4723883867263794], [0.23246422410011292, -0.6557368636131287, -0.7183099985122681, -0.6917556524276733], [0.8958633542060852, -0.1431768238544464, 0.4206296503543854, 0.11354284733533859], [0.0, 0.0, 0.0, 1.0]]}, "finger3joint3": {"matrix": [[-0.5027715563774109, -0.8266651630401611, -0.2526763677597046, -1.952061653137207], [0.3171234428882599, 0.09553434699773788, -0.9435600638389587, -1.116070032119751], [0.8041476607322693, -0.5545248985290527, 0.2141229212284088, 0.02089594304561615], [0.0, 0.0, 0.0, 1.0]]}, "Bone.003": {"matrix": [[-0.03732701763510704, 0.2783795893192291, 0.9597455263137817, -1.1865861415863037], [-0.5373203158378601, -0.8153546452522278, 0.2156001776456833, 0.4473651051521301], [0.8425517082214355, -0.5076431035995483, 0.18001382052898407, -0.2684084177017212], [0.0, 0.0, 0.0, 1.0]]}, "finger4joint1": {"matrix": [[-0.5270630717277527, -0.5137780904769897, 0.6769315004348755, -1.0672672986984253], [0.13603475689888, -0.8372880220413208, -0.5295684933662415, 0.09788823127746582], [0.8388676047325134, -0.1870299130678177, 0.5111954212188721, -0.4859941005706787], [0.0, 0.0, 0.0, 1.0]]}, "finger4joint2": {"matrix": [[-0.5255320072174072, -0.7327989935874939, 0.43222832679748535, -1.5776333808898926], [0.1065542921423912, -0.560733437538147, -0.821111261844635, -0.7338393926620483], [0.8440746068954468, -0.3854646384716034, 0.3727664053440094, -0.6717818975448608], [0.0, 0.0, 0.0, 1.0]]}, "finger4joint3": {"matrix": [[-0.46906498074531555, -0.862033486366272, 0.1920308917760849, -1.8832567930221558], [0.1647973209619522, -0.29904884099960327, -0.9398995041847229, -0.9677004814147949], [0.8676517009735107, -0.40922802686691284, 0.28233426809310913, -0.8325449228286743], [0.0, 0.0, 0.0, 1.0]]}}