{"root": {"matrix": [[0.31704097986221313, -0.8088186979293823, 0.49527499079704285, 0.0], [0.16157345473766327, -0.4685191214084625, -0.8685527443885803, -2.9802322387695312e-08], [0.9345475435256958, 0.3553900718688965, -0.017856191843748093, 0.0], [0.0, 0.0, 0.0, 1.0]]}, "carpals": {"matrix": [[-0.7643595337867737, -0.45306503772735596, -0.45878782868385315, -0.13038697838783264], [0.521956741809845, -0.017011631280183792, -0.8528022170066833, 0.004448208026587963], [0.3785703182220459, -0.8913149237632751, 0.24948328733444214, 2.4633240699768066], [0.0, 0.0, 0.0, 1.0]]}, "metacarpals": {"matrix": [[-0.9277002811431885, -0.37205854058265686, -0.03073040395975113, -0.5716696381568909], [0.033537495881319046, -0.0010741204023361206, -0.9994367957115173, -0.012121019884943962], [0.37181612849235535, -0.9282084107398987, 0.013474194332957268, 1.5951884984970093], [0.0, 0.0, 0.0, 1.0]]}, "finger5joint1": {"matrix": [[-0.7990487217903137, -0.5926855802536011, -0.10121606290340424, -0.60857093334198], [-0.1790306121110916, 0.3952290117740631, -0.9009671807289124, 0.39251720905303955], [0.573993980884552, -0.701795756816864, -0.42191624641418457, 0.9947046637535095], [0.0, 0.0, 0.0, 1.0]]}, "finger5joint2": {"matrix": [[-0.06760545819997787, -0.8320531845092773, 0.5505599975585938, -1.2346084117889404], [-0.9103867411613464, 0.2772146761417389, 0.30716055631637573, 0.8099865913391113], [-0.4081975221633911, -0.4804565906524658, -0.7762317061424255, 0.2534172534942627], [0.0, 0.0, 0.0, 1.0]]}, "finger5joint3": {"matrix": [[-0.17519447207450867, -0.9355460405349731, 0.30669188499450684, -1.8065075874328613], [-0.8960551023483276, 0.2805807590484619, 0.34403371810913086, 1.0005260705947876], [-0.4079114496707916, -0.21453975141048431, -0.8874571919441223, -0.07681742310523987], [0.0, 0.0, 0.0, 1.0]]}, "Bone": {"matrix": [[0.22554735839366913, -0.9597304463386536, -0.16746851801872253, -1.1525561809539795], [0.09076191484928131, 0.19185015559196472, -0.9772183299064636, -0.013798028230667114], [0.9699949622154236, 0.205209419131279, 0.1303781270980835, 0.14599750936031342], [0.0, 0.0, 0.0, 1.0]]}, "finger1joint1": {"matrix": [[-0.7665120363235474, -0.6079009175300598, 0.20716078579425812, -1.9512321949005127], [-0.022109167650341988, -0.2973964512348175, -0.9544979929924011, 0.1458573043346405], [0.641849160194397, -0.7362142205238342, 0.21451757848262787, 0.3167702257633209], [0.0, 0.0, 0.0, 1.0]]}, "finger1joint2": {"matrix": [[-0.7808751463890076, -0.14623573422431946, -0.6073294281959534, -2.294804573059082], [0.275497168302536, 0.7919440269470215, -0.5449090600013733, -0.02222466468811035], [0.5606562495231628, -0.5928232669830322, -0.5781217813491821, -0.099322110414505], [0.0, 0.0, 0.0, 1.0]]}, "finger1joint3": {"matrix": [[-0.8324731588363647, 0.49391505122184753, -0.2510703504085541, -2.3574934005737305], [0.18965567648410797, 0.6797873973846436, 0.7084629535675049, 0.3172686696052551], [0.520595133304596, 0.5421594381332397, -0.659578263759613, -0.35345566272735596], [0.0, 0.0, 0.0, 1.0]]}, "Bone.001": {"matrix": [[-0.13385313749313354, -0.9726502895355225, 0.18982736766338348, -1.152556300163269], [0.03440956398844719, -0.1959971785545349, -0.9800004363059998, -0.013798020780086517], [0.990403413772583, -0.1246441900730133, 0.05970313027501106, 0.1459975242614746], [0.0, 0.0, 0.0, 1.0]]}, "finger2joint1": {"matrix": [[-0.8731881976127625, -0.4389941692352295, 0.21172182261943817, -1.7691032886505127], [0.055431704968214035, -0.5210376381874084, -0.8517317175865173, -0.13803741335868835], [0.484220415353775, -0.7319860458374023, 0.4792979657649994, 0.06698763370513916], [0.0, 0.0, 0.0, 1.0]]}, "finger2joint2": {"matrix": [[-0.9251232743263245, -0.3118162453174591, -0.21660414338111877, -2.1488988399505615], [0.08655895292758942, 0.3822636008262634, -0.9199901819229126, -0.5888126492500305], [0.3696679472923279, -0.8698531985282898, -0.32665055990219116, -0.5662893056869507], [0.0, 0.0, 0.0, 1.0]]}, "finger2joint3": {"matrix": [[-0.9317029714584351, 0.1548265665769577, -0.32856956124305725, -2.2672693729400635], [0.2116875946521759, 0.9665485620498657, -0.1448172926902771, -0.44369906187057495], [0.2951570451259613, -0.20448069274425507, -0.9333109855651855, -0.8964998722076416], [0.0, 0.0, 0.0, 1.0]]}, "Bone.002": {"matrix": [[-0.7771040201187134, -0.5791569948196411, 0.24634581804275513, -1.152556300163269], [-0.09658233076334, -0.27704066038131714, -0.955991804599762, -0.01379801332950592], [0.6219172477722168, -0.7666976451873779, 0.1593528687953949, 0.1459975242614746], [0.0, 0.0, 0.0, 1.0]]}, "finger3joint1": {"matrix": [[-0.670922040939331, -0.6989891529083252, -0.2475433647632599, -1.396676778793335], [-0.06262688338756561, 0.3860492706298828, -0.9203497767448425, -0.13057343661785126], [0.738878607749939, -0.6019797325134277, -0.3027845323085785, -0.17717325687408447], [0.0, 0.0, 0.0, 1.0]]}, "finger3joint2": {"matrix": [[-0.7628929615020752, -0.26081007719039917, -0.5915846228599548, -2.009817123413086], [0.03495484218001366, 0.8970450758934021, -0.4405544102191925, 0.20806187391281128], [0.6455792784690857, -0.35677433013916016, -0.6752327084541321, -0.7052187919616699], [0.0, 0.0, 0.0, 1.0]]}, "finger3joint3": {"matrix": [[-0.6645320057868958, 0.03443605825304985, -0.7464658617973328, -2.178582191467285], [0.1530049592256546, 0.9840437769889832, -0.09081471711397171, 0.7885221242904663], [0.7314279079437256, -0.17456209659576416, -0.659197211265564, -0.9360803961753845], [0.0, 0.0, 0.0, 1.0]]}, "Bone.003": {"matrix": [[-0.6840642690658569, 0.4453962445259094, 0.5776487588882446, -1.152556300163269], [-0.7215890884399414, -0.528957724571228, -0.44666871428489685, -0.01379801332950592], [0.10660718381404877, -0.7223752737045288, 0.6832339763641357, 0.14599750936031342], [0.0, 0.0, 0.0, 1.0]]}, "finger4joint1": {"matrix": [[-0.6462865471839905, -0.6394548416137695, 0.41642624139785767, -0.9616507291793823], [0.22041374444961548, -0.6788762211799622, -0.7003889083862305, -0.24051958322525024], [0.7305692434310913, -0.3608658015727997, 0.579693078994751, -0.1636265516281128], [0.0, 0.0, 0.0, 1.0]]}, "finger4joint2": {"matrix": [[-0.6526131629943848, -0.7433825731277466, 0.14655324816703796, -1.5968589782714844], [0.19122810661792755, -0.34875717759132385, -0.9174966216087341, -0.9148874282836914], [0.7331627011299133, -0.5707451701164246, 0.36975914239883423, -0.5220958590507507], [0.0, 0.0, 0.0, 1.0]]}, "finger4joint3": {"matrix": [[-0.5906339287757874, -0.8019170761108398, -0.08988913148641586, -1.9068963527679443], [0.23295824229717255, -0.06279882788658142, -0.9704568982124329, -1.0603411197662354], [0.7725812196731567, -0.5941250324249268, 0.2239043116569519, -0.7601324915885925], [0.0, 0.0, 0.0, 1.0]]}}