{"root": {"matrix": [[0.2596978545188904, -0.8329817652702332, 0.4885677099227905, 0.0], [0.4136698246002197, -0.36119896173477173, -0.8357108235359192, 0.0], [0.8726020455360413, 0.41913798451423645, 0.2507767677307129, 0.0], [0.0, 0.0, 0.0, 1.0]]}, "carpals": {"matrix": [[-0.7930662631988525, -0.4351922571659088, -0.4262080490589142, -0.2829641103744507], [0.5654433965682983, -0.26574283838272095, -0.7808036804199219, 0.6759120225906372], [0.22653812170028687, -0.8602255582809448, 0.456828236579895, 2.3554320335388184], [0.0, 0.0, 0.0, 1.0]]}, "metacarpals": {"matrix": [[-0.9429991245269775, -0.3220880627632141, 0.08373580873012543, -0.706838846206665], [-0.0045404816046357155, -0.2391384094953537, -0.9709748029708862, 0.4170800447463989], [0.3327639698982239, -0.9160085916519165, 0.22404475510120392, 1.5175774097442627], [0.0, 0.0, 0.0, 1.0]]}, "finger5joint1": {"matrix": [[-0.9130454659461975, -0.3831669092178345, 0.13975292444229126, -0.7596266865730286], [0.03073030151426792, -0.40630656480789185, -0.9132198691368103, 0.6808352470397949], [0.4066983163356781, -0.8295165300369263, 0.38275107741355896, 0.8442860245704651], [0.0, 0.0, 0.0, 1.0]]}, "finger5joint2": {"matrix": [[0.1893615424633026, -0.9401370882987976, 0.28334400057792664, -1.1643553972244263], [-0.8797072172164917, -0.29062196612358093, -0.37636908888816833, 0.2516649067401886], [0.43618449568748474, -0.177989661693573, -0.882078230381012, -0.03190927952528], [0.0, 0.0, 0.0, 1.0]]}, "finger5joint3": {"matrix": [[0.08488000184297562, -0.9945650100708008, 0.060294002294540405, -1.810544729232788], [-0.880935788154602, -0.10318128019571304, -0.4618499279022217, 0.05191023647785187], [0.4655609726905823, -0.013913005590438843, -0.884905993938446, -0.15424782037734985], [0.0, 0.0, 0.0, 1.0]]}, "Bone": {"matrix": [[0.16431410610675812, -0.9845581650733948, -0.06038124859333038, -1.2097077369689941], [0.316817045211792, 0.11064592748880386, -0.942010760307312, 0.0437186136841774], [0.9341452717781067, 0.1356559693813324, 0.33010539412498474, 0.08743376284837723], [0.0, 0.0, 0.0, 1.0]]}, "finger1joint1": {"matrix": [[-0.7742651104927063, -0.5736724734306335, -0.2672325074672699, -2.0290446281433105], [-0.05445052310824394, 0.48108142614364624, -0.8749832510948181, 0.13579678535461426], [0.6305144429206848, -0.6629179120063782, -0.40372133255004883, 0.20032496750354767], [0.0, 0.0, 0.0, 1.0]]}, "finger1joint2": {"matrix": [[-0.6445105075836182, 0.021957023069262505, -0.7642800211906433, -2.353271961212158], [0.20491932332515717, 0.9679792523384094, -0.14499740302562714, 0.4076935946941376], [0.7366235256195068, -0.2500680088996887, -0.6283720135688782, -0.17434187233448029], [0.0, 0.0, 0.0, 1.0]]}, "finger1joint3": {"matrix": [[-0.7189672589302063, 0.4928789436817169, -0.4900575578212738, -2.3438596725463867], [0.15353050827980042, 0.8002784252166748, 0.5796402096748352, 0.8226503133773804], [0.6778750419616699, 0.3415035009384155, -0.6510456800460815, -0.2815419137477875], [0.0, 0.0, 0.0, 1.0]]}, "Bone.001": {"matrix": [[-0.18679355084896088, -0.9361183643341064, 0.2979770004749298, -1.2097077369689941], [0.2221388965845108, -0.33570733666419983, -0.9153986573219299, 0.043718621134757996], [0.9569545984268188, -0.10479824244976044, 0.27065616846084595, 0.08743375539779663], [0.0, 0.0, 0.0, 1.0]]}, "finger2joint1": {"matrix": [[-0.8971154093742371, -0.3331007957458496, 0.2902196943759918, -1.8030977249145508], [0.046704914420843124, -0.7247338891029358, -0.6874440312385559, -0.16908079385757446], [0.43932026624679565, -0.6031619906425476, 0.6657273173332214, 0.021003901958465576], [0.0, 0.0, 0.0, 1.0]]}, "finger2joint2": {"matrix": [[-0.9465277194976807, -0.3023570775985718, 0.11254016309976578, -2.0912795066833496], [0.044302575290203094, -0.46733787655830383, -0.8829679489135742, -0.7960835695266724], [0.319566011428833, -0.8307677507400513, 0.45574334263801575, -0.500821053981781], [0.0, 0.0, 0.0, 1.0]]}, "finger2joint3": {"matrix": [[-0.9812050461769104, -0.003518743673339486, -0.19293512403964996, -2.206059217453003], [0.06912512332201004, 0.9270718097686768, -0.3684554994106293, -0.9734926819801331], [0.18016134202480316, -0.37486696243286133, -0.9094042181968689, -0.8161941766738892], [0.0, 0.0, 0.0, 1.0]]}, "Bone.002": {"matrix": [[-0.7912728190422058, -0.5039805173873901, 0.34625256061553955, -1.2097076177597046], [-0.06047835946083069, -0.49898624420166016, -0.8644970059394836, 0.043718621134757996], [0.6084650158882141, -0.7049936056137085, 0.3643541634082794, 0.08743374049663544], [0.0, 0.0, 0.0, 1.0]]}, "finger3joint1": {"matrix": [[-0.6553040146827698, -0.6988012790679932, -0.28679853677749634, -1.42214035987854], [-0.04816754162311554, 0.41756707429885864, -0.9073684811592102, -0.16660909354686737], [0.7538279891014099, -0.5807875394821167, -0.3072928786277771, -0.20972812175750732], [0.0, 0.0, 0.0, 1.0]]}, "finger3joint2": {"matrix": [[-0.7459307909011841, -0.2372981160879135, -0.6223157048225403, -2.035116195678711], [0.05370134115219116, 0.9099040031433105, -0.41132813692092896, 0.19967305660247803], [0.6638550162315369, -0.34024131298065186, -0.6659820079803467, -0.7191842198371887], [0.0, 0.0, 0.0, 1.0]]}, "finger3joint3": {"matrix": [[-0.6414982080459595, 0.06499671190977097, -0.7643660306930542, -2.188667058944702], [0.1671842336654663, 0.9842990040779114, -0.056611768901348114, 0.7884539365768433], [0.7486851811408997, -0.16410622000694275, -0.6422922015190125, -0.9393476843833923], [0.0, 0.0, 0.0, 1.0]]}, "Bone.003": {"matrix": [[-0.6010754108428955, 0.5391845107078552, 0.589905321598053, -1.2097077369689941], [-0.7623933553695679, -0.6082515716552734, -0.22087650001049042, 0.0437186062335968], [0.23971764743328094, -0.5825033783912659, 0.7766755819320679, 0.08743374049663544], [0.0, 0.0, 0.0, 1.0]]}, "finger4joint1": {"matrix": [[-0.6663170456886292, -0.6356601119041443, 0.38981732726097107, -0.9786026477813721], [0.25961604714393616, -0.6878305077552795, -0.6778557896614075, -0.21698987483978271], [0.6990143060684204, -0.3504639267921448, 0.6233406662940979, -0.16223850846290588], [0.0, 0.0, 0.0, 1.0]]}, "finger4joint2": {"matrix": [[-0.6730614900588989, -0.7290889620780945, 0.12416544556617737, -1.6100413799285889], [0.2306426465511322, -0.36642998456954956, -0.9014060497283936, -0.9002525210380554], [0.7027032375335693, -0.5780637264251709, 0.41478896141052246, -0.5103750228881836], [0.0, 0.0, 0.0, 1.0]]}, "finger4joint3": {"matrix": [[-0.6118699312210083, -0.7835256457328796, -0.10817690193653107, -1.9141173362731934], [0.2734658420085907, -0.08122733980417252, -0.9584457874298096, -1.0530768632888794], [0.7421800494194031, -0.616026759147644, 0.2639681398868561, -0.7514639496803284], [0.0, 0.0, 0.0, 1.0]]}}