{"root": {"matrix": [[0.36739450693130493, -0.9064232707023621, 0.20837007462978363, -5.960464477539063e-08], [0.08076667040586472, -0.19209831953048706, -0.9780465364456177, -1.4901161193847656e-08], [0.9265516996383667, 0.3761582374572754, 0.002632850082591176, 0.0], [0.0, 0.0, 0.0, 1.0]]}, "carpals": {"matrix": [[-0.431989848613739, -0.5575130581855774, -0.7089172601699829, -0.07979506254196167], [0.8433074951171875, 0.028951266780495644, -0.5366508364677429, 0.10458092391490936], [0.31971409916877747, -0.8296629786491394, 0.45764824748039246, 2.463266372680664], [0.0, 0.0, 0.0, 1.0]]}, "metacarpals": {"matrix": [[-0.6757971048355103, -0.5873776078224182, -0.44529274106025696, -0.6228094100952148], [0.595127284526825, -0.07838286459445953, -0.7997996807098389, 0.1327792853116989], [0.4348812997341156, -0.8055080771446228, 0.40253522992134094, 1.655179500579834], [0.0, 0.0, 0.0, 1.0]]}, "finger5joint1": {"matrix": [[-0.7330216765403748, -0.6205405592918396, -0.2785826027393341, -0.6562497615814209], [0.6089425086975098, -0.4161674976348877, -0.6752728819847107, 0.31263577938079834], [0.3030974566936493, -0.6646305322647095, 0.6829332709312439, 0.9536041021347046], [0.0, 0.0, 0.0, 1.0]]}, "finger5joint2": {"matrix": [[-0.04130927845835686, -0.8027104139328003, 0.5949360132217407, -1.3117094039916992], [-0.6087007522583008, -0.45196908712387085, -0.6520790457725525, -0.1269504427909851], [0.7923233509063721, -0.3890748620033264, -0.46994030475616455, 0.2515733242034912], [0.0, 0.0, 0.0, 1.0]]}, "finger5joint3": {"matrix": [[-0.1487569659948349, -0.892011821269989, 0.42683205008506775, -1.8634405136108398], [-0.6114092469215393, -0.25627800822257996, -0.748665452003479, -0.4376046061515808], [0.7772061228752136, -0.372338205575943, -0.5072615146636963, -0.015851452946662903], [0.0, 0.0, 0.0, 1.0]]}, "Bone": {"matrix": [[0.5114715695381165, -0.6843206882476807, -0.5197131037712097, -1.5398688316345215], [0.23672381043434143, 0.6936175227165222, -0.680335521697998, 0.01040184497833252], [0.8260498046875, 0.22494405508041382, 0.5167605876922607, 0.39755779504776], [0.0, 0.0, 0.0, 1.0]]}, "finger1joint1": {"matrix": [[-0.5283306837081909, -0.7306380867958069, -0.4324747622013092, -2.1093523502349854], [0.5427085757255554, 0.10110827535390854, -0.8338131308555603, 0.5876217484474182], [0.6529425978660583, -0.675236701965332, 0.34310486912727356, 0.5847533941268921], [0.0, 0.0, 0.0, 1.0]]}, "finger1joint2": {"matrix": [[-0.356854647397995, 0.14534328877925873, -0.9227837920188904, -2.5222930908203125], [0.768668532371521, 0.607032060623169, -0.2016451358795166, 0.6447659730911255], [0.5308517217636108, -0.7812727093696594, -0.32834291458129883, 0.2031242698431015], [0.0, 0.0, 0.0, 1.0]]}, "finger1joint3": {"matrix": [[-0.45356377959251404, 0.817782461643219, -0.35427606105804443, -2.459986686706543], [0.7215050458908081, 0.5702850818634033, 0.3926900029182434, 0.9049906134605408], [0.5231735706329346, -0.07750199735164642, -0.8486946225166321, -0.1317944973707199], [0.0, 0.0, 0.0, 1.0]]}, "Bone.001": {"matrix": [[0.18472778797149658, -0.9544605612754822, -0.2342655062675476, -1.5398690700531006], [0.3754402995109558, 0.2888237535953522, -0.8806958794593811, 0.010401874780654907], [0.9082510471343994, 0.07473643124103546, 0.4116966128349304, 0.39755779504776], [0.0, 0.0, 0.0, 1.0]]}, "finger2joint1": {"matrix": [[-0.5873357057571411, -0.6807067394256592, -0.4378068447113037, -2.144886016845703], [0.6177399754524231, -0.0275426022708416, -0.785899817943573, 0.19348254799842834], [0.5229091644287109, -0.7320377826690674, 0.43667641282081604, 0.4449319839477539], [0.0, 0.0, 0.0, 1.0]]}, "finger2joint2": {"matrix": [[-0.6035040020942688, 0.43205633759498596, -0.6701566576957703, -2.7337987422943115], [0.6826909780502319, 0.7142247557640076, -0.15432417392730713, 0.16965407133102417], [0.4119659960269928, -0.5506450533866882, -0.7259983420372009, -0.18838970363140106], [0.0, 0.0, 0.0, 1.0]]}, "finger2joint3": {"matrix": [[-0.48765483498573303, 0.8251126408576965, 0.285274475812912, -2.5697829723358154], [0.7711455225944519, 0.25390303134918213, 0.583838701248169, 0.4407855272293091], [0.409300833940506, 0.5046998262405396, -0.760098934173584, -0.3974235951900482], [0.0, 0.0, 0.0, 1.0]]}, "Bone.002": {"matrix": [[-0.5294392108917236, -0.8355396389961243, -0.14685840904712677, -1.539868950843811], [0.48429998755455017, -0.15554943680763245, -0.8609633445739746, 0.010401882231235504], [0.6965254545211792, -0.5269511342048645, 0.48700565099716187, 0.39755779504776], [0.0, 0.0, 0.0, 1.0]]}, "finger3joint1": {"matrix": [[-0.4312063455581665, -0.5591998100280762, -0.7080653309822083, -1.8920574188232422], [0.5069939494132996, 0.4989839196205139, -0.7028315663337708, -0.05516377091407776], [0.7463366985321045, -0.6620499491691589, 0.0683458223938942, 0.17544260621070862], [0.0, 0.0, 0.0, 1.0]]}, "finger3joint2": {"matrix": [[-0.48640692234039307, 0.10911768674850464, -0.8668918609619141, -2.3825771808624268], [0.6063945889472961, 0.7564709186553955, -0.24502500891685486, 0.3825356960296631], [0.6290421485900879, -0.6448602080345154, -0.4341210126876831, -0.40529540181159973], [0.0, 0.0, 0.0, 1.0]]}, "finger3joint3": {"matrix": [[-0.327678382396698, 0.44429850578308105, -0.8338018655776978, -2.31196928024292], [0.6757374405860901, 0.7270050048828125, 0.12183068692684174, 0.8720331192016602], [0.6603075265884399, -0.5235097408294678, -0.5384527444839478, -0.8225717544555664], [0.0, 0.0, 0.0, 1.0]]}, "Bone.003": {"matrix": [[-0.8622629046440125, -0.04908518120646477, 0.5040764212608337, -1.539868950843811], [-0.2201581448316574, -0.8600087761878967, -0.4603426456451416, 0.010401904582977295], [0.45610618591308594, -0.5079130530357361, 0.7307470440864563, 0.39755779504776], [0.0, 0.0, 0.0, 1.0]]}, "finger4joint1": {"matrix": [[-0.8736958503723145, -0.484192818403244, -0.047035980969667435, -1.5609078407287598], [0.4464153051376343, -0.7595772743225098, -0.4730280339717865, -0.3582146167755127], [0.19330960512161255, -0.4342803657054901, 0.8797906637191772, 0.17985641956329346], [0.0, 0.0, 0.0, 1.0]]}, "finger4joint2": {"matrix": [[-0.8853107690811157, -0.33119189739227295, -0.3263987898826599, -2.0418851375579834], [0.4196685552597046, -0.2667910158634186, -0.8675832152366638, -1.1127475500106812], [0.2002565562725067, -0.9050602316856384, 0.3751837909221649, -0.251539945602417], [0.0, 0.0, 0.0, 1.0]]}, "finger4joint3": {"matrix": [[-0.8498462438583374, -0.10503433644771576, -0.5164576768875122, -2.1800129413604736], [0.45303985476493835, 0.3551105260848999, -0.8177109360694885, -1.2240161895751953], [0.2692875564098358, -0.9289045929908752, -0.2542046904563904, -0.6290069818496704], [0.0, 0.0, 0.0, 1.0]]}}