{"root": {"matrix": [[0.3382720649242401, -0.910399854183197, 0.23821021616458893, 0.0], [0.390044629573822, -0.09472546726465225, -0.9159106016159058, 0.0], [0.85640949010849, 0.40273958444595337, 0.3230535387992859, 0.0], [0.0, 0.0, 0.0, 1.0]]}, "carpals": {"matrix": [[-0.3092997968196869, -0.4776965379714966, -0.8222769498825073, -0.15290185809135437], [0.9097132682800293, -0.4005393981933594, -0.10949821770191193, 0.8923294544219971], [-0.2770472466945648, -0.7819040417671204, 0.5584536790847778, 2.2946360111236572], [0.0, 0.0, 0.0, 1.0]]}, "metacarpals": {"matrix": [[-0.47887885570526123, -0.6111809611320496, -0.6301845908164978, -0.6181753873825073], [0.8007436990737915, -0.5983434915542603, -0.028187118470668793, 0.5022065043449402], [-0.3598392605781555, -0.5181145668029785, 0.7759333848953247, 1.5330662727355957], [0.0, 0.0, 0.0, 1.0]]}, "finger5joint1": {"matrix": [[-0.3701014220714569, -0.6541271805763245, -0.6596531867980957, -0.6236934065818787], [0.9147619605064392, -0.3804110586643219, -0.13600702583789825, 0.03184241056442261], [-0.16197334229946136, -0.6537619829177856, 0.7391613721847534, 0.9813398122787476], [0.0, 0.0, 0.0, 1.0]]}, "finger5joint2": {"matrix": [[-0.4670182466506958, -0.8714972734451294, -0.1496187299489975, -1.3146297931671143], [-0.15703408420085907, 0.24825724959373474, -0.9558809995651245, -0.3699752390384674], [0.870191752910614, -0.4229183495044708, -0.2527955174446106, 0.2907891869544983], [0.0, 0.0, 0.0, 1.0]]}, "finger5joint3": {"matrix": [[-0.5373890995979309, -0.7276121377944946, -0.42637181282043457, -1.9136402606964111], [-0.08030770719051361, 0.5474328994750977, -0.8329871892929077, -0.19933933019638062], [0.839501678943634, -0.4133971035480499, -0.3526172935962677, 0.00010257959365844727], [0.0, 0.0, 0.0, 1.0]]}, "Bone": {"matrix": [[0.5809562802314758, -0.4671775698661804, -0.6665093302726746, -1.5723985433578491], [0.7150620222091675, 0.6841203570365906, 0.14375512301921844, -0.43197381496429443], [0.38881343603134155, -0.560110867023468, 0.7315049767494202, 0.7241456508636475], [0.0, 0.0, 0.0, 1.0]]}, "finger1joint1": {"matrix": [[-0.25932493805885315, -0.48299118876457214, -0.8363431096076965, -1.9611780643463135], [0.9656216502189636, -0.11349143832921982, -0.23386850953102112, 0.1373426914215088], [0.01803872361779213, -0.8682389259338379, 0.49581795930862427, 0.2580283284187317], [0.0, 0.0, 0.0, 1.0]]}, "finger1joint2": {"matrix": [[0.017331600189208984, -0.16350503265857697, -0.9863901138305664, -2.234153985977173], [0.9930498003959656, -0.11204716563224792, 0.03602172061800957, 0.0731997936964035], [-0.11641189455986023, -0.980158805847168, 0.1604267805814743, -0.2326814830303192], [0.0, 0.0, 0.0, 1.0]]}, "finger1joint3": {"matrix": [[-0.07666541635990143, 0.30752885341644287, -0.9484451413154602, -2.304246187210083], [0.9950309991836548, -0.037011340260505676, -0.09243176132440567, 0.025167014449834824], [-0.06352860480546951, -0.9508185386657715, -0.3031631112098694, -0.6528594493865967], [0.0, 0.0, 0.0, 1.0]]}, "Bone.001": {"matrix": [[0.30575066804885864, -0.8400030136108398, -0.44823116064071655, -1.5723984241485596], [0.9159880876541138, 0.3879610598087311, -0.10223401337862015, -0.43197381496429443], [0.2597731947898865, -0.37931621074676514, 0.8880521655082703, 0.7241456508636475], [0.0, 0.0, 0.0, 1.0]]}, "finger2joint1": {"matrix": [[-0.3763209879398346, -0.8185603022575378, -0.4339830279350281, -2.104862689971924], [0.8767744302749634, -0.46602028608322144, 0.11870761215686798, -0.18605166673660278], [-0.29941409826278687, -0.33583301305770874, 0.8930660486221313, 0.4837033152580261], [0.0, 0.0, 0.0, 1.0]]}, "finger2joint2": {"matrix": [[-0.4070802927017212, 0.4119669198989868, -0.81521075963974, -2.8130393028259277], [0.8163016438484192, -0.2363434135913849, -0.5270610451698303, -0.589228630065918], [-0.40980133414268494, -0.8800140619277954, -0.24007843434810638, 0.19315773248672485], [0.0, 0.0, 0.0, 1.0]]}, "finger2joint3": {"matrix": [[-0.2826615571975708, 0.9524493217468262, 0.11376458406448364, -2.6566498279571533], [0.8276138305664062, 0.3021172285079956, -0.4730541706085205, -0.6789484024047852], [-0.48493027687072754, -0.0395611934363842, -0.8736572861671448, -0.1409100592136383], [0.0, 0.0, 0.0, 1.0]]}, "Bone.002": {"matrix": [[-0.3595353960990906, -0.8623540997505188, -0.35648202896118164, -1.5723984241485596], [0.9285562634468079, -0.36842015385627747, -0.045276153832674026, -0.43197375535964966], [-0.0922909528017044, -0.34729185700416565, 0.9332043528556824, 0.7241456508636475], [0.0, 0.0, 0.0, 1.0]]}, "finger3joint1": {"matrix": [[-0.28533104062080383, -0.5766928195953369, -0.7655137777328491, -1.9358893632888794], [0.9474791288375854, -0.29011428356170654, -0.13460014760494232, -0.5872665643692017], [-0.1444634348154068, -0.7637137174606323, 0.6291830539703369, 0.5777586102485657], [0.0, 0.0, 0.0, 1.0]]}, "finger3joint2": {"matrix": [[-0.3430154621601105, 0.11250396072864532, -0.9325680136680603, -2.44175386428833], [0.8941850066184998, -0.2649732530117035, -0.36086350679397583, -0.8417495489120483], [-0.2877039909362793, -0.9576699733734131, -0.009709334000945091, -0.09215688705444336], [0.0, 0.0, 0.0, 1.0]]}, "finger3joint3": {"matrix": [[-0.17529572546482086, 0.45454296469688416, -0.8733051419258118, -2.36895489692688], [0.9278716444969177, -0.22026604413986206, -0.30089396238327026, -1.0132085084915161], [-0.32912856340408325, -0.8630605340003967, -0.38314566016197205, -0.7118462324142456], [0.0, 0.0, 0.0, 1.0]]}, "Bone.003": {"matrix": [[-0.8754716515541077, -0.2922784984111786, 0.38486677408218384, -1.5723985433578491], [0.4060171842575073, -0.87676602602005, 0.2577429413795471, -0.43197378516197205], [0.2621055245399475, 0.3819091022014618, 0.8862538933753967, 0.7241456508636475], [0.0, 0.0, 0.0, 1.0]]}, "finger4joint1": {"matrix": [[-0.19889962673187256, -0.8859177231788635, -0.4190324544906616, -1.6976747512817383], [0.96145099401474, -0.25923359394073486, 0.09170523285865784, -0.8077728152275085], [-0.1898704618215561, -0.3846389353275299, 0.9033280611038208, 0.8878393173217773], [0.0, 0.0, 0.0, 1.0]]}, "finger4joint2": {"matrix": [[-0.22720986604690552, 0.15552859008312225, -0.9613459706306458, -2.577709197998047], [0.9568473696708679, -0.1479833871126175, -0.2500876486301422, -1.0652848482131958], [-0.1811588704586029, -0.9766838550567627, -0.11519366502761841, 0.5057547688484192], [0.0, 0.0, 0.0, 1.0]]}, "finger4joint3": {"matrix": [[-0.22526437044143677, 0.7449334859848022, -0.6279566287994385, -2.5128440856933594], [0.9693926572799683, 0.10677562654018402, -0.22108031809329987, -1.1270031929016113], [-0.09763951599597931, -0.6585384011268616, -0.7461857795715332, 0.09841616451740265], [0.0, 0.0, 0.0, 1.0]]}}