{"root": {"matrix": [[0.38099607825279236, -0.8538516163825989, 0.3546539545059204, 0.0], [0.5608625411987305, -0.0915096253156662, -0.8228360414505005, -7.450580596923828e-09], [0.735034167766571, 0.5124094486236572, 0.44402849674224854, 0.0], [0.0, 0.0, 0.0, 1.0]]}, "carpals": {"matrix": [[-0.436990886926651, -0.4884185492992401, -0.7553052306175232, -0.014023631811141968], [0.8673010468482971, -0.4513576328754425, -0.20991674065589905, 1.2713133096694946], [-0.23838545382022858, -0.7468087077140808, 0.6208451390266418, 2.1138949394226074], [0.0, 0.0, 0.0, 1.0]]}, "metacarpals": {"matrix": [[-0.6230325698852539, -0.5709467530250549, -0.5346493721008301, -0.489740252494812], [0.7531806230545044, -0.6223410964012146, -0.21309736371040344, 0.8316936492919922], [-0.21106691658496857, -0.5354540944099426, 0.8177648186683655, 1.3865077495574951], [0.0, 0.0, 0.0, 1.0]]}, "finger5joint1": {"matrix": [[-0.5389203429222107, -0.6865187883377075, -0.48811525106430054, -0.4863038659095764], [0.8362240791320801, -0.5058163404464722, -0.21184685826301575, 0.4320467412471771], [-0.10145969688892365, -0.5223422050476074, 0.8466782569885254, 0.7815735340118408], [0.0, 0.0, 0.0, 1.0]]}, "finger5joint2": {"matrix": [[-0.34551799297332764, -0.9364346265792847, 0.060883041471242905, -1.2114548683166504], [-0.1951449066400528, 0.00823952816426754, -0.9807397127151489, -0.10223302245140076], [0.9178971648216248, -0.35074400901794434, -0.18558743596076965, 0.22983792424201965], [0.0, 0.0, 0.0, 1.0]]}, "finger5joint3": {"matrix": [[-0.43425577878952026, -0.8790254592895508, -0.19681328535079956, -1.8550992012023926], [-0.13923241198062897, 0.28136417269706726, -0.9494463205337524, -0.0965697169303894], [0.8899638652801514, -0.3848995864391327, -0.24457284808158875, -0.011240735650062561], [0.0, 0.0, 0.0, 1.0]]}, "Bone": {"matrix": [[0.5110047459602356, -0.6159918904304504, -0.5995230674743652, -1.3811466693878174], [0.7469760775566101, 0.6633350253105164, -0.04486990347504616, -0.13995355367660522], [0.42532408237457275, -0.4249005615711212, 0.799098551273346, 0.5505151748657227], [0.0, 0.0, 0.0, 1.0]]}, "finger1joint1": {"matrix": [[-0.5394791960716248, -0.4792751967906952, -0.6922840476036072, -1.8937675952911377], [0.83783358335495, -0.3872388005256653, -0.38481274247169495, 0.41206568479537964], [-0.08364799618721008, -0.7876172661781311, 0.6104602217674255, 0.19691812992095947], [0.0, 0.0, 0.0, 1.0]]}, "finger1joint2": {"matrix": [[-0.2933979630470276, -0.21755211055278778, -0.9309073686599731, -2.1646435260772705], [0.9227863550186157, -0.31885790824890137, -0.21632152795791626, 0.19320669770240784], [-0.24976593255996704, -0.9224968552589417, 0.2943064868450165, -0.24822604656219482], [0.0, 0.0, 0.0, 1.0]]}, "finger1joint3": {"matrix": [[-0.377985417842865, 0.1780403107404709, -0.9085309505462646, -2.257904529571533], [0.9072080254554749, -0.12450993806123734, -0.4018344581127167, 0.05651756003499031], [-0.18466384708881378, -0.9761140942573547, -0.11445651948451996, -0.6436853408813477], [0.0, 0.0, 0.0, 1.0]]}, "Bone.001": {"matrix": [[0.19799689948558807, -0.9218159914016724, -0.3332449495792389, -1.3811466693878174], [0.9165096879005432, 0.29465675354003906, -0.2705312669277191, -0.13995350897312164], [0.3475729823112488, -0.25185778737068176, 0.9031944870948792, 0.5505151748657227], [0.0, 0.0, 0.0, 1.0]]}, "finger2joint1": {"matrix": [[-0.2152959555387497, -0.5828551650047302, -0.7835350632667542, -1.965470790863037], [0.8536388278007507, 0.27735668420791626, -0.4408784508705139, 0.046824559569358826], [0.4742870628833771, -0.7637752294540405, 0.43783414363861084, 0.39086663722991943], [0.0, 0.0, 0.0, 1.0]]}, "finger2joint2": {"matrix": [[-0.19378867745399475, 0.08370675891637802, -0.9774655103683472, -2.4697272777557373], [0.9122978448867798, 0.38178128004074097, -0.14817428588867188, 0.2867794632911682], [0.3607749938964844, -0.9204540848731995, -0.15035024285316467, -0.2699126601219177], [0.0, 0.0, 0.0, 1.0]]}, "finger2joint3": {"matrix": [[-0.09478909522294998, 0.5454147458076477, -0.8327889442443848, -2.437950849533081], [0.9596326351165771, 0.2725856304168701, 0.06929674744606018, 0.431709885597229], [0.26480185985565186, -0.7926029562950134, -0.5492358803749084, -0.6193321943283081], [0.0, 0.0, 0.0, 1.0]]}, "Bone.002": {"matrix": [[-0.495610773563385, -0.832892119884491, -0.246293306350708, -1.3811466693878174], [0.8665205240249634, -0.4548100233078003, -0.20564541220664978, -0.13995349407196045], [0.05926387757062912, -0.315338134765625, 0.9471268653869629, 0.5505151748657227], [0.0, 0.0, 0.0, 1.0]]}, "finger3joint1": {"matrix": [[-0.546700119972229, -0.6367069482803345, -0.5438042283058167, -1.7322190999984741], [0.8262088894844055, -0.5156823992729187, -0.22682754695415497, -0.3316604793071747], [-0.13600747287273407, -0.5733023285865784, 0.8079765439033508, 0.4175969958305359], [0.0, 0.0, 0.0, 1.0]]}, "finger3joint2": {"matrix": [[-0.618987500667572, -0.03903864696621895, -0.7844299077987671, -2.290726661682129], [0.7424432039260864, -0.35486945509910583, -0.5681952834129333, -0.7840075492858887], [-0.2561884820461273, -0.9341002702713013, 0.24864384531974792, -0.0852932333946228], [0.0, 0.0, 0.0, 1.0]]}, "finger3joint3": {"matrix": [[-0.47942301630973816, 0.2917740046977997, -0.827660083770752, -2.3159878253936768], [0.8088860511779785, -0.21887533366680145, -0.5457078218460083, -1.013636589050293], [-0.3403775691986084, -0.9311076402664185, -0.13107790052890778, -0.6897311210632324], [0.0, 0.0, 0.0, 1.0]]}, "Bone.003": {"matrix": [[-0.8918442130088806, -0.1228380873799324, 0.4353440999984741, -1.3811466693878174], [0.23384056985378265, -0.9490460157394409, 0.2112589180469513, -0.13995349407196045], [0.38721105456352234, 0.29021114110946655, 0.8751256465911865, 0.5505151748657227], [0.0, 0.0, 0.0, 1.0]]}, "finger4joint1": {"matrix": [[-0.47496289014816284, -0.8649712800979614, -0.16197048127651215, -1.4337975978851318], [0.8674526214599609, -0.4911663234233856, 0.0792558565735817, -0.5467330813407898], [-0.1481083780527115, -0.10285802185535431, 0.9836074709892273, 0.6749053597450256], [0.0, 0.0, 0.0, 1.0]]}, "finger4joint2": {"matrix": [[-0.49770498275756836, -0.24140368402004242, -0.833074688911438, -2.2930245399475098], [0.8573341965675354, -0.2824418544769287, -0.4303538501262665, -1.0346375703811646], [-0.1314060389995575, -0.9284127950668335, 0.3475365936756134, 0.5727303624153137], [0.0, 0.0, 0.0, 1.0]]}, "finger4joint3": {"matrix": [[-0.4636753499507904, 0.44060441851615906, -0.7686821818351746, -2.393705129623413], [0.8840486407279968, 0.17245109379291534, -0.434417188167572, -1.1524336338043213], [-0.05884591117501259, -0.8809813261032104, -0.4694770276546478, 0.1855238527059555], [0.0, 0.0, 0.0, 1.0]]}}