{"root": {"matrix": [[0.268196165561676, -0.7949602007865906, 0.5441590547561646, -5.960464477539063e-08], [0.7052822709083557, -0.22274993360042572, -0.6730225682258606, -1.4901161193847656e-08], [0.6562376022338867, 0.5642877817153931, 0.5009306073188782, 0.0], [0.0, 0.0, 0.0, 1.0]]}, "carpals": {"matrix": [[-0.8222672343254089, -0.21341006457805634, -0.5275722742080688, -0.23277917504310608], [0.546142578125, -0.556559681892395, -0.6260746717453003, 1.4526116847991943], [-0.16001470386981964, -0.8029303550720215, 0.5741931200027466, 1.980080485343933], [0.0, 0.0, 0.0, 1.0]]}, "metacarpals": {"matrix": [[-0.8264973759651184, -0.5621596574783325, 0.029638731852173805, -0.44063931703567505], [0.3860546350479126, -0.6043299436569214, -0.6969555020332336, 0.910525918006897], [0.40971189737319946, -0.5645896792411804, 0.7165014147758484, 1.1980311870574951], [0.0, 0.0, 0.0, 1.0]]}, "finger5joint1": {"matrix": [[-0.8747525215148926, -0.4773694574832916, 0.08322391659021378, -0.6286171078681946], [0.32151174545288086, -0.7002713084220886, -0.6373775601387024, 0.7846189141273499], [0.3625440001487732, -0.5307900905609131, 0.7660439610481262, 0.5092014074325562], [0.0, 0.0, 0.0, 1.0]]}, "finger5joint2": {"matrix": [[-0.020688557997345924, -0.9874386191368103, 0.15664072334766388, -1.1328492164611816], [-0.6440401673316956, -0.10667351633310318, -0.757517397403717, 0.044941697269678116], [0.7647115588188171, -0.11655467003583908, -0.633743405342102, -0.051457494497299194], [0.0, 0.0, 0.0, 1.0]]}, "finger5joint3": {"matrix": [[-0.12137310206890106, -0.9918848276138306, -0.037848468869924545, -1.8115503787994385], [-0.6085005402565002, 0.10447705537080765, -0.7866455316543579, -0.02837875485420227], [0.7842162251472473, -0.07244660705327988, -0.6162432432174683, -0.13156959414482117], [0.0, 0.0, 0.0, 1.0]]}, "Bone": {"matrix": [[0.4232042133808136, -0.9025115966796875, -0.07981767505407333, -1.318326473236084], [0.7134597301483154, 0.38625791668891907, -0.584619402885437, -0.03300091624259949], [0.5584559440612793, 0.19046679139137268, 0.8073716163635254, 0.31654995679855347], [0.0, 0.0, 0.0, 1.0]]}, "finger1joint1": {"matrix": [[-0.3486432433128357, -0.7243828177452087, -0.5947413444519043, -2.069385528564453], [0.4005082845687866, 0.458557665348053, -0.7932955026626587, 0.28843817114830017], [0.847372829914093, -0.5147759318351746, 0.13024838268756866, 0.4750540852546692], [0.0, 0.0, 0.0, 1.0]]}, "finger1joint2": {"matrix": [[-0.13645721971988678, 0.10400216281414032, -0.9851714968681335, -2.4787909984588623], [0.6137639284133911, 0.7894877791404724, -0.0016686921007931232, 0.547605037689209], [0.777607262134552, -0.6048904061317444, -0.1715639978647232, 0.18411388993263245], [0.0, 0.0, 0.0, 1.0]]}, "finger1joint3": {"matrix": [[-0.23925013840198517, 0.7458803653717041, -0.6216282248497009, -2.434206962585449], [0.5810601115226746, 0.6229117512702942, 0.5237842798233032, 0.8860454559326172], [0.7779000401496887, -0.23588797450065613, -0.5824329853057861, -0.07519269734621048], [0.0, 0.0, 0.0, 1.0]]}, "Bone.001": {"matrix": [[0.08037614822387695, -0.9639872312545776, 0.2535114586353302, -1.3183265924453735], [0.7278357744216919, -0.11700953543186188, -0.6756949424743652, -0.03300091624259949], [0.6810244917869568, 0.23882454633712769, 0.692219614982605, 0.31654998660087585], [0.0, 0.0, 0.0, 1.0]]}, "finger2joint1": {"matrix": [[-0.7504357099533081, -0.4018022119998932, -0.5247865319252014, -1.92938232421875], [0.47363588213920593, 0.22687481343746185, -0.8509974479675293, -0.10717135667800903], [0.46099355816841125, -0.8871766328811646, 0.020053062587976456, 0.4679369330406189], [0.0, 0.0, 0.0, 1.0]]}, "finger2joint2": {"matrix": [[-0.7319751381874084, -0.025525234639644623, -0.6808528900146484, -2.277001142501831], [0.5688197016716003, 0.5271740555763245, -0.6312934756278992, 0.08910916745662689], [0.3750419616699219, -0.8493736386299133, -0.3713589608669281, -0.2996029555797577], [0.0, 0.0, 0.0, 1.0]]}, "finger2joint3": {"matrix": [[-0.6662884950637817, 0.22442997992038727, -0.7111192345619202, -2.2866907119750977], [0.6796486973762512, 0.5751459002494812, -0.45528513193130493, 0.28923308849334717], [0.3068177402019501, -0.7866625189781189, -0.5357465744018555, -0.6220391988754272], [0.0, 0.0, 0.0, 1.0]]}, "Bone.002": {"matrix": [[-0.618539571762085, -0.7137125730514526, 0.32866838574409485, -1.318326473236084], [0.45064422488212585, -0.6648749113082886, -0.5957021713256836, -0.03300091624259949], [0.6436836123466492, -0.22035275399684906, 0.7328818440437317, 0.31654995679855347], [0.0, 0.0, 0.0, 1.0]]}, "finger3joint1": {"matrix": [[-0.7617748975753784, -0.33776938915252686, 0.5528206825256348, -1.6191635131835938], [0.4480588436126709, -0.8910178542137146, 0.07300955802202225, -0.31325244903564453], [0.46791285276412964, 0.3033130466938019, 0.8300954699516296, 0.2236691117286682], [0.0, 0.0, 0.0, 1.0]]}, "finger3joint2": {"matrix": [[-0.8264650702476501, -0.5622780323028564, -0.028259960934519768, -1.915448784828186], [0.298358291387558, -0.3948690593242645, -0.8689423203468323, -1.094836711883545], [0.4774283468723297, -0.7265819907188416, 0.49410587549209595, 0.48972970247268677], [0.0, 0.0, 0.0, 1.0]]}, "finger3joint3": {"matrix": [[-0.8368074893951416, 0.17880022525787354, -0.5174780488014221, -2.279287815093994], [0.42027047276496887, 0.8155408501625061, -0.39782625436782837, -1.350348711013794], [0.35089316964149475, -0.5503847599029541, -0.7575951814651489, 0.019572794437408447], [0.0, 0.0, 0.0, 1.0]]}, "Bone.003": {"matrix": [[-0.6031039953231812, 0.30903175473213196, 0.7353671193122864, -1.3183265924453735], [-0.361808717250824, -0.927594006061554, 0.09307947009801865, -0.033000946044921875], [0.7108866572380066, -0.2099256068468094, 0.6712459921836853, 0.31654995679855347], [0.0, 0.0, 0.0, 1.0]]}, "finger4joint1": {"matrix": [[-0.79766446352005, -0.6029249429702759, 0.014577997848391533, -1.1858694553375244], [0.41786250472068787, -0.5699347257614136, -0.7075062394142151, -0.43058568239212036], [0.4348818063735962, -0.558260977268219, 0.706556499004364, 0.22657176852226257], [0.0, 0.0, 0.0, 1.0]]}, "finger4joint2": {"matrix": [[-0.8108454346656799, -0.5486218333244324, -0.2038215696811676, -1.7847905158996582], [0.39094796776771545, -0.2485661655664444, -0.8862134218215942, -0.9967355728149414], [0.4355330169200897, -0.798265814781189, 0.41603147983551025, -0.3279818296432495], [0.0, 0.0, 0.0, 1.0]]}, "finger4joint3": {"matrix": [[-0.7593657374382019, -0.5295300483703613, -0.3781019151210785, -2.0136003494262695], [0.4231793284416199, 0.03947758674621582, -0.905185341835022, -1.1004031896591187], [0.49424952268600464, -0.8473717570304871, 0.19410839676856995, -0.6609088182449341], [0.0, 0.0, 0.0, 1.0]]}}