{"root": {"matrix": [[0.3237539827823639, -0.7015342712402344, 0.6348488330841064, -5.960464477539063e-08], [0.8757385015487671, -0.03179697319865227, -0.48173752427101135, 0.0], [0.3581417202949524, 0.7119259834289551, 0.6040661334991455, 0.0], [0.0, 0.0, 0.0, 1.0]]}, "carpals": {"matrix": [[-0.6083623766899109, -0.7064781188964844, -0.36164021492004395, -0.025885701179504395], [0.7877311110496521, -0.4819014370441437, -0.38373231887817383, 2.0034964084625244], [0.09682358056306839, -0.518323540687561, 0.8496856093406677, 1.4388599395751953], [0.0, 0.0, 0.0, 1.0]]}, "metacarpals": {"matrix": [[-0.9475462436676025, -0.3139698803424835, 0.0598224401473999, -0.713991105556488], [0.2321450561285019, -0.8047103881835938, -0.5463970303535461, 1.5341272354125977], [0.21969205141067505, -0.5038489699363708, 0.8353869318962097, 0.9340159893035889], [0.0, 0.0, 0.0, 1.0]]}, "finger5joint1": {"matrix": [[-0.9079055786132812, -0.41914889216423035, 0.004628728609532118, -0.7515113353729248], [0.10347437113523483, -0.234805628657341, -0.9665191173553467, 1.2589401006698608], [0.40620240569114685, -0.8770291209220886, 0.2565525472164154, 0.26428526639938354], [0.0, 0.0, 0.0, 1.0]]}, "finger5joint2": {"matrix": [[-0.1204843670129776, -0.870542585849762, 0.47711479663848877, -1.194246530532837], [-0.9737066626548767, 0.010031851939857006, -0.2275836020708084, 1.010921597480774], [0.19333498179912567, -0.49198997020721436, -0.8488621115684509, -0.6620962619781494], [0.0, 0.0, 0.0, 1.0]]}, "finger5joint3": {"matrix": [[-0.2273116260766983, -0.9717231392860413, -0.0638979822397232, -1.7926011085510254], [-0.9545050859451294, 0.23532702028751373, -0.18314123153686523, 1.0178167819976807], [0.19299964606761932, 0.019361041486263275, -0.98100745677948, -1.000258207321167], [0.0, 0.0, 0.0, 1.0]]}, "Bone": {"matrix": [[0.15764282643795013, -0.9838182926177979, -0.08514769375324249, -1.204185128211975], [0.8742022514343262, 0.17913852632045746, -0.4513087570667267, 0.2777509093284607], [0.4592590034008026, -0.0032906432170420885, 0.8882961273193359, 0.14736784994602203], [0.0, 0.0, 0.0, 1.0]]}, "finger1joint1": {"matrix": [[-0.896703839302063, -0.4121485948562622, -0.16141736507415771, -2.02290678024292], [0.325410395860672, -0.3666265606880188, -0.8716035485267639, 0.4268277883529663], [0.30005037784576416, -0.834097146987915, 0.46287301182746887, 0.14462941884994507], [0.0, 0.0, 0.0, 1.0]]}, "finger1joint2": {"matrix": [[-0.7965575456619263, -0.027568835765123367, -0.6039336323738098, -2.2558441162109375], [0.5825923681259155, 0.23185300827026367, -0.7789930105209351, 0.21961838006973267], [0.16149979829788208, -0.9723600149154663, -0.16862279176712036, -0.3267842233181], [0.0, 0.0, 0.0, 1.0]]}, "finger1joint3": {"matrix": [[-0.8520739674568176, 0.24292178452014923, -0.4636365473270416, -2.267662286758423], [0.49180594086647034, 0.6747491359710693, -0.5503093600273132, 0.3190099596977234], [0.17915625870227814, -0.696923553943634, -0.6944064497947693, -0.7436189651489258], [0.0, 0.0, 0.0, 1.0]]}, "Bone.001": {"matrix": [[-0.19569207727909088, -0.9414608478546143, 0.27450990676879883, -1.2041852474212646], [0.8235583901405334, -0.3097417950630188, -0.47519609332084656, 0.2777509391307831], [0.5324057340621948, 0.13308291137218475, 0.8359621167182922, 0.14736786484718323], [0.0, 0.0, 0.0, 1.0]]}, "finger2joint1": {"matrix": [[-0.9021106958389282, -0.43099045753479004, 0.02105025388300419, -1.800961971282959], [0.3426208794116974, -0.7450917959213257, -0.5722314715385437, 0.08141070604324341], [0.26231077313423157, -0.5090038776397705, 0.8198217749595642, 0.23172694444656372], [0.0, 0.0, 0.0, 1.0]]}, "finger2joint2": {"matrix": [[-0.9354587197303772, -0.2524149715900421, -0.24739322066307068, -2.173832654953003], [0.3252464830875397, -0.34086504578590393, -0.8820575475692749, -0.5632047653198242], [0.13831692934036255, -0.9055922031402588, 0.40096238255500793, -0.20863723754882812], [0.0, 0.0, 0.0, 1.0]]}, "finger2joint3": {"matrix": [[-0.9323643445968628, 0.1312076300382614, -0.3368692696094513, -2.269653797149658], [0.36150839924812317, 0.33103230595588684, -0.8716243505477905, -0.6926026344299316], [-0.002849084557965398, -0.9344527125358582, -0.35607534646987915, -0.5524148941040039], [0.0, 0.0, 0.0, 1.0]]}, "Bone.002": {"matrix": [[-0.8010057806968689, -0.5043558478355408, 0.3225131630897522, -1.2041852474212646], [0.38170361518859863, -0.8452909588813782, -0.3738788664340973, 0.2777509391307831], [0.4611855745315552, -0.17637458443641663, 0.8695974349975586, 0.14736786484718323], [0.0, 0.0, 0.0, 1.0]]}, "finger3joint1": {"matrix": [[-0.8220741152763367, -0.5442653298377991, 0.1672402024269104, -1.4167762994766235], [0.4507392942905426, -0.8015382885932922, -0.39289987087249756, -0.07854771614074707], [0.34789133071899414, -0.24761098623275757, 0.9042456746101379, 0.0730241984128952], [0.0, 0.0, 0.0, 1.0]]}, "finger3joint2": {"matrix": [[-0.903653621673584, -0.394760400056839, -0.1660548448562622, -1.894195795059204], [0.33322569727897644, -0.4045506417751312, -0.8516451120376587, -0.7816422581672668], [0.269018292427063, -0.8249257802963257, 0.4971180558204651, -0.14417558908462524], [0.0, 0.0, 0.0, 1.0]]}, "finger3joint3": {"matrix": [[-0.8813169002532959, -0.21921570599079132, -0.41859859228134155, -2.149637460708618], [0.4512086808681488, -0.12734080851078033, -0.8832864761352539, -1.0434190034866333], [0.14032569527626038, -0.9673306345939636, 0.2111397385597229, -0.6779688596725464], [0.0, 0.0, 0.0, 1.0]]}, "Bone.003": {"matrix": [[-0.6205450892448425, 0.5343860387802124, 0.573894739151001, -1.2041852474212646], [-0.3812215030193329, -0.84512859582901, 0.3747369647026062, 0.2777509391307831], [0.6852691173553467, 0.013760150410234928, 0.7281598448753357, 0.14736784994602203], [0.0, 0.0, 0.0, 1.0]]}, "finger4joint1": {"matrix": [[-0.6516827940940857, -0.6799587607383728, 0.33610302209854126, -0.9751369953155518], [0.6830623745918274, -0.7187556028366089, -0.12967585027217865, -0.0844876766204834], [0.32975029945373535, 0.14507192373275757, 0.9328550696372986, 0.15326571464538574], [0.0, 0.0, 0.0, 1.0]]}, "finger4joint2": {"matrix": [[-0.6604865193367004, -0.7455868124961853, -0.08864126354455948, -1.6505801677703857], [0.6637752056121826, -0.5246375799179077, -0.5330641865730286, -0.7984700202941895], [0.3509412109851837, -0.4109196066856384, 0.841418445110321, 0.2973741888999939], [0.0, 0.0, 0.0, 1.0]]}, "finger4joint3": {"matrix": [[-0.5948553681373596, -0.662397563457489, -0.45538559556007385, -1.9615368843078613], [0.7128156423568726, -0.17283698916435242, -0.6797211170196533, -1.0172767639160156], [0.3715382218360901, -0.7289419174194336, 0.574980616569519, 0.12599492073059082], [0.0, 0.0, 0.0, 1.0]]}}