{"root": {"matrix": [[0.3734525740146637, -0.9248468279838562, 0.07205245643854141, 0.0], [0.19318602979183197, 0.0015686576953157783, -0.9811608791351318, 0.0], [0.9073104858398438, 0.38033658266067505, 0.1792532205581665, 0.0], [0.0, 0.0, 0.0, 1.0]]}, "carpals": {"matrix": [[-0.11375102400779724, -0.4704838693141937, -0.8750459551811218, -0.06880247592926025], [0.9727661609649658, -0.23178116977214813, -0.0018329122103750706, 0.5487289428710938], [-0.2019566297531128, -0.8514235615730286, 0.4840362071990967, 2.4039857387542725], [0.0, 0.0, 0.0, 1.0]]}, "metacarpals": {"matrix": [[-0.25810351967811584, -0.7048880457878113, -0.6606929302215576, -0.5270509719848633], [0.8998509645462036, -0.4243059456348419, 0.10115664452314377, 0.32297542691230774], [-0.35163986682891846, -0.5684162378311157, 0.7438091039657593, 1.5747045278549194], [0.0, 0.0, 0.0, 1.0]]}, "finger5joint1": {"matrix": [[-0.3215324282646179, -0.6937634348869324, -0.6444446444511414, -0.61223304271698], [0.873442530632019, -0.48012828826904297, 0.08108580112457275, -0.11866849660873413], [-0.3656702935695648, -0.5368136167526245, 0.7603393197059631, 1.0060484409332275], [0.0, 0.0, 0.0, 1.0]]}, "finger5joint2": {"matrix": [[-0.5286874175071716, -0.8487853407859802, -0.007241753861308098, -1.3450360298156738], [0.08974606543779373, -0.047412775456905365, -0.994835376739502, -0.62581467628479], [0.8440585136413574, -0.5266066789627075, 0.10124155133962631, 0.43902719020843506], [0.0, 0.0, 0.0, 1.0]]}, "finger5joint3": {"matrix": [[-0.6044131517410278, -0.7235311269760132, -0.33344680070877075, -1.9284361600875854], [0.1395610123872757, 0.31591731309890747, -0.9384661316871643, -0.6584030985832214], [0.7843512892723083, -0.613757312297821, -0.08996791392564774, 0.07707194983959198], [0.0, 0.0, 0.0, 1.0]]}, "Bone": {"matrix": [[0.7098807692527771, -0.26307281851768494, -0.6533465385437012, -1.6275769472122192], [0.5481138825416565, 0.7888895869255066, 0.27789250016212463, -0.33948391675949097], [0.4423123598098755, -0.5553787350654602, 0.7042114734649658, 0.687248945236206], [0.0, 0.0, 0.0, 1.0]]}, "finger1joint1": {"matrix": [[0.09892874956130981, -0.5245067477226257, -0.8456390500068665, -1.8465027809143066], [0.9683122634887695, 0.24657368659973145, -0.03965713083744049, 0.3170202374458313], [0.22931289672851562, -0.8149194121360779, 0.5322796702384949, 0.22506959736347198], [0.0, 0.0, 0.0, 1.0]]}, "finger1joint2": {"matrix": [[0.36216285824775696, -0.2529810667037964, -0.8971278667449951, -2.1429426670074463], [0.9292815923690796, 0.1729791760444641, 0.3263646364212036, 0.456378310918808], [0.07262042909860611, -0.9518815279006958, 0.2977374196052551, -0.23550522327423096], [0.0, 0.0, 0.0, 1.0]]}, "finger1joint3": {"matrix": [[0.2784821093082428, 0.19717225432395935, -0.9399843811988831, -2.251391649246216], [0.9505809545516968, 0.08329843729734421, 0.29909420013427734, 0.530531644821167], [0.13727238774299622, -0.9768235087394714, -0.16423091292381287, -0.6435611844062805], [0.0, 0.0, 0.0, 1.0]]}, "Bone.001": {"matrix": [[0.49671876430511475, -0.704083263874054, -0.5074809193611145, -1.6275768280029297], [0.8113831281661987, 0.5842825770378113, -0.01646246202290058, -0.33948394656181335], [0.3081033229827881, -0.4035841226577759, 0.8615055084228516, 0.687248945236206], [0.0, 0.0, 0.0, 1.0]]}, "finger2joint1": {"matrix": [[0.08733642846345901, -0.8294711112976074, -0.5516789555549622, -2.0738837718963623], [0.9958550333976746, 0.08681490272283554, 0.02712438255548477, 0.03088323026895523], [0.0253952294588089, -0.5517611503601074, 0.8336151838302612, 0.431423544883728], [0.0, 0.0, 0.0, 1.0]]}, "finger2joint2": {"matrix": [[0.06257505714893341, 0.47810420393943787, -0.876071035861969, -2.791499614715576], [0.9928398728370667, -0.11931181699037552, 0.005802628584206104, 0.10599105060100555], [-0.10175120085477829, -0.8701613545417786, -0.482146680355072, -0.04593202471733093], [0.0, 0.0, 0.0, 1.0]]}, "finger2joint3": {"matrix": [[0.1950269192457199, 0.8820792436599731, 0.42883601784706116, -2.610003709793091], [0.9680864810943604, -0.10295899212360382, -0.22849041223526, 0.06069833040237427], [-0.15739399194717407, 0.4597119987010956, -0.8740088939666748, -0.37625956535339355], [0.0, 0.0, 0.0, 1.0]]}, "Bone.002": {"matrix": [[-0.12697537243366241, -0.9043050408363342, -0.40756523609161377, -1.6275768280029297], [0.9891297817230225, -0.14615745842456818, 0.01613433286547661, -0.33948394656181335], [-0.07415887713432312, -0.40108612179756165, 0.9130334258079529, 0.687248945236206], [0.0, 0.0, 0.0, 1.0]]}, "finger3joint1": {"matrix": [[-0.18777234852313995, -0.5426163077354431, -0.8187239170074463, -2.0087504386901855], [0.9383624196052551, -0.3453819155693054, 0.013693702407181263, -0.4010907709598541], [-0.29020267724990845, -0.7656883001327515, 0.574023962020874, 0.5181870460510254], [0.0, 0.0, 0.0, 1.0]]}, "finger3joint2": {"matrix": [[-0.23930606245994568, 0.15845492482185364, -0.9579271674156189, -2.4847238063812256], [0.8706981539726257, -0.40157485008239746, -0.2839411199092865, -0.7040534019470215], [-0.42967110872268677, -0.9020141363143921, -0.04186702147126198, -0.1534605622291565], [0.0, 0.0, 0.0, 1.0]]}, "finger3joint3": {"matrix": [[-0.06664849817752838, 0.49523112177848816, -0.8662008047103882, -2.382190465927124], [0.8850356340408325, -0.3715212345123291, -0.28050675988197327, -0.9639045596122742], [-0.4607274532318115, -0.7853140234947205, -0.4135357141494751, -0.7371361255645752], [0.0, 0.0, 0.0, 1.0]]}, "Bone.003": {"matrix": [[-0.7692945599555969, -0.5094870924949646, 0.3854978382587433, -1.6275769472122192], [0.5938344597816467, -0.7927911877632141, 0.13726888597011566, -0.33948391675949097], [0.23568274080753326, 0.3345220386981964, 0.9124409556388855, 0.6872488856315613], [0.0, 0.0, 0.0, 1.0]]}, "finger4joint1": {"matrix": [[-0.21414636075496674, -0.8347278833389282, -0.5073166489601135, -1.8459527492523193], [0.9199634790420532, -0.3469303548336029, 0.18250058591365814, -0.6792895793914795], [-0.32834169268608093, -0.4276309311389923, 0.8422132134437561, 0.8306315541267395], [0.0, 0.0, 0.0, 1.0]]}, "finger4joint2": {"matrix": [[-0.24298107624053955, 0.2587342858314514, -0.9348883628845215, -2.6751372814178467], [0.9151214361190796, -0.2585165798664093, -0.3093891739845276, -1.0239160060882568], [-0.3217335343360901, -0.9307123422622681, -0.17395855486392975, 0.40584051609039307], [0.0, 0.0, 0.0, 1.0]]}, "finger4joint3": {"matrix": [[-0.24994543194770813, 0.8837276101112366, -0.3956669270992279, -2.5672290325164795], [0.9378713369369507, 0.11939238011837006, -0.32579517364501953, -1.131733775138855], [-0.24067433178424835, -0.45251592993736267, -0.8586644530296326, 0.017674937844276428], [0.0, 0.0, 0.0, 1.0]]}}