{"root": {"matrix": [[0.19768135249614716, -0.9099138975143433, 0.36466261744499207, 0.0], [0.8260034322738647, -0.04570252075791359, -0.561809241771698, 0.0], [0.5278640985488892, 0.41227176785469055, 0.7425574064254761, 0.0], [0.0, 0.0, 0.0, 1.0]]}, "carpals": {"matrix": [[-0.3212571144104004, -0.7343077063560486, -0.5979848504066467, -0.4845849275588989], [0.938127338886261, -0.16057631373405457, -0.30680975317955017, 1.8864128589630127], [0.1292705237865448, -0.659550666809082, 0.7404604554176331, 1.5138061046600342], [0.0, 0.0, 0.0, 1.0]]}, "metacarpals": {"matrix": [[-0.9175861477851868, -0.308102011680603, -0.25121426582336426, -1.199796199798584], [0.3788209855556488, -0.8692870736122131, -0.317544549703598, 1.7300126552581787], [-0.12054113298654556, -0.38653963804244995, 0.914361298084259, 0.8714078664779663], [0.0, 0.0, 0.0, 1.0]]}, "finger5joint1": {"matrix": [[-0.8366289734840393, -0.4799235165119171, -0.26405513286590576, -1.1112744808197021], [0.527167022228241, -0.5744704008102417, -0.6261617541313171, 1.2980945110321045], [0.14881795644760132, -0.6630661487579346, 0.7336184978485107, 0.2958337068557739], [0.0, 0.0, 0.0, 1.0]]}, "finger5joint2": {"matrix": [[-0.12309333682060242, -0.4866696000099182, 0.864870011806488, -1.6182043552398682], [-0.5518782138824463, -0.6907413601875305, -0.46723276376724243, 0.6912973523139954], [0.8247896432876587, -0.5348160266876221, -0.18355688452720642, -0.4045447111129761], [0.0, 0.0, 0.0, 1.0]]}, "finger5joint3": {"matrix": [[-0.21541616320610046, -0.6258807182312012, 0.7495788931846619, -1.9527093172073364], [-0.5873886942863464, -0.5301603078842163, -0.6114770770072937, 0.216526597738266], [0.7801088690757751, -0.572016179561615, -0.2534303069114685, -0.7721424102783203], [0.0, 0.0, 0.0, 1.0]]}, "Bone": {"matrix": [[0.1827993541955948, -0.9040829539299011, -0.3862876892089844, -1.6808291673660278], [0.9410713315010071, 0.27462202310562134, -0.1974015235900879, 0.3728141486644745], [0.28455042839050293, -0.3274393379688263, 0.9010072946548462, 0.2679121196269989], [0.0, 0.0, 0.0, 1.0]]}, "finger1joint1": {"matrix": [[-0.874961793422699, -0.28080785274505615, -0.3944472372531891, -2.4331958293914795], [0.48174726963043213, -0.5866318941116333, -0.6509857177734375, 0.6013512015342712], [-0.04859340190887451, -0.7596114873886108, 0.6485589742660522, -0.0045788586139678955], [0.0, 0.0, 0.0, 1.0]]}, "finger1joint2": {"matrix": [[-0.7075314521789551, 0.44828733801841736, -0.5462943911552429, -2.591902494430542], [0.6687058806419373, 0.1747037023305893, -0.7227107882499695, 0.26979953050613403], [-0.22854246199131012, -0.8766509294509888, -0.42338067293167114, -0.4338948428630829], [0.0, 0.0, 0.0, 1.0]]}, "finger1joint3": {"matrix": [[-0.77518630027771, 0.6121302843093872, -0.15614944696426392, -2.399728775024414], [0.5852149724960327, 0.602729082107544, -0.5424399375915527, 0.3446921408176422], [-0.2379281371831894, -0.5118730068206787, -0.8254550099372864, -0.809700608253479], [0.0, 0.0, 0.0, 1.0]]}, "Bone.001": {"matrix": [[-0.1807403713464737, -0.9829112887382507, -0.03489948436617851, -1.6808290481567383], [0.9482312798500061, -0.16472257673740387, -0.2715210020542145, 0.3728141486644745], [0.2611323297023773, -0.08216751366853714, 0.9617993235588074, 0.2679121196269989], [0.0, 0.0, 0.0, 1.0]]}, "finger2joint1": {"matrix": [[-0.7357385754585266, -0.34611380100250244, -0.5821457505226135, -2.303880453109741], [0.5977886915206909, 0.0721423551440239, -0.7984008193016052, 0.2683992087841034], [0.3183349668979645, -0.9354144930839539, 0.15382511913776398, 0.21582746505737305], [0.0, 0.0, 0.0, 1.0]]}, "finger2joint2": {"matrix": [[-0.7070646286010742, 0.6865983009338379, -0.16923975944519043, -2.603320360183716], [0.6730771064758301, 0.7268316745758057, 0.13668476045131683, 0.33081310987472534], [0.21685642004013062, -0.017266523092985153, -0.9760505557060242, -0.593445360660553], [0.0, 0.0, 0.0, 1.0]]}, "finger2joint3": {"matrix": [[-0.6056780815124512, 0.3429979979991913, 0.7179875373840332, -2.3426764011383057], [0.7370773553848267, -0.09810639172792435, 0.6686493158340454, 0.6067303419113159], [0.2997845709323883, 0.9341985583305359, -0.19339525699615479, -0.6000000238418579], [0.0, 0.0, 0.0, 1.0]]}, "Bone.002": {"matrix": [[-0.814324140548706, -0.5800796151161194, 0.019586747512221336, -1.6808290481567383], [0.5689613819122314, -0.8044760823249817, -0.1705905646085739, 0.3728141784667969], [0.11471322178840637, -0.12777179479599, 0.9851471781730652, 0.2679120898246765], [0.0, 0.0, 0.0, 1.0]]}, "finger3joint1": {"matrix": [[-0.8826215267181396, -0.40383416414260864, -0.24061833322048187, -1.9253382682800293], [0.46355298161506653, -0.8327264785766602, -0.3027956485748291, 0.033719420433044434], [-0.07808995246887207, -0.3787931501865387, 0.9221807718276978, 0.21405500173568726], [0.0, 0.0, 0.0, 1.0]]}, "finger3joint2": {"matrix": [[-0.9253657460212708, -0.015264374203979969, -0.37876784801483154, -2.279574394226074], [0.33744144439697266, -0.48842954635620117, -0.8047172427177429, -0.6967328786849976], [-0.17271777987480164, -0.8724696040153503, 0.4571269154548645, -0.11821532249450684], [0.0, 0.0, 0.0, 1.0]]}, "finger3joint3": {"matrix": [[-0.8480936884880066, 0.20975148677825928, -0.4865606725215912, -2.2894515991210938], [0.44330596923828125, -0.222063809633255, -0.8684281706809998, -1.0127860307693481], [-0.2902015149593353, -0.952203631401062, 0.09534692764282227, -0.682773232460022], [0.0, 0.0, 0.0, 1.0]]}, "Bone.003": {"matrix": [[-0.8314518928527832, 0.3592457175254822, 0.4238278865814209, -1.6808290481567383], [-0.12578700482845306, -0.8647419214248657, 0.48620885610580444, 0.3728141486644745], [0.5411702394485474, 0.3509472608566284, 0.7641797065734863, 0.2679120898246765], [0.0, 0.0, 0.0, 1.0]]}, "finger4joint1": {"matrix": [[-0.828026533126831, -0.5604571104049683, -0.016110442578792572, -1.526849389076233], [0.5525839328765869, -0.8205881118774414, 0.14589698612689972, 0.002169013023376465], [-0.09498897939920425, 0.11190428584814072, 0.9891684055328369, 0.4183349311351776], [0.0, 0.0, 0.0, 1.0]]}, "finger4joint2": {"matrix": [[-0.8408129811286926, -0.3315659761428833, -0.4278983771800995, -2.0835843086242676], [0.536342442035675, -0.6172704696655273, -0.575598418712616, -0.8129696846008301], [-0.07328010350465775, -0.7134708166122437, 0.6968421936035156, 0.5294960141181946], [0.0, 0.0, 0.0, 1.0]]}, "finger4joint3": {"matrix": [[-0.8039913177490234, 0.002210625447332859, -0.5946364402770996, -2.2218682765960693], [0.5941600203514099, -0.03721329942345619, -0.8034853339195251, -1.0704102516174316], [-0.02390451356768608, -0.9993047118186951, 0.02860581874847412, 0.23193387687206268], [0.0, 0.0, 0.0, 1.0]]}}