{"root": {"matrix": [[0.5589838027954102, -0.7833867073059082, -0.27173957228660583, 0.0], [-0.8019407987594604, -0.5940732955932617, 0.06299113482236862, 0.0], [-0.21077969670295715, 0.1827079802751541, -0.9603071212768555, 0.0], [0.0, 0.0, 0.0, 1.0]]}, "carpals": {"matrix": [[0.5547676682472229, -0.5189784169197083, -0.650303065776825, 0.5278863906860352], [0.6917316913604736, 0.72202068567276, 0.013896860182285309, -2.4021387100219727], [0.46232014894485474, -0.45754489302635193, 0.7595475912094116, -0.18987146019935608], [0.0, 0.0, 0.0, 1.0]]}, "metacarpals": {"matrix": [[0.17219704389572144, -0.8348827362060547, 0.522799015045166, 0.02240443229675293], [0.6978951692581177, 0.4779496192932129, 0.5333912968635559, -1.6988948583602905], [-0.6951908469200134, 0.2730104327201843, 0.6649622321128845, -0.635517418384552], [0.0, 0.0, 0.0, 1.0]]}, "finger5joint1": {"matrix": [[0.33981502056121826, -0.9263682961463928, 0.16238026320934296, -0.6993147134780884], [0.7176793217658997, 0.3670002818107605, 0.5918166041374207, -1.7680201530456543], [-0.6078338027000427, -0.08457130938768387, 0.7895476818084717, -0.6312804818153381], [0.0, 0.0, 0.0, 1.0]]}, "finger5joint2": {"matrix": [[0.3211383819580078, -0.6499793529510498, -0.6887644529342651, -1.6778117418289185], [0.42493799328804016, 0.7488598823547363, -0.5085626244544983, -1.3803678750991821], [0.8463435769081116, -0.12936323881149292, 0.5166887640953064, -0.7206107974052429], [0.0, 0.0, 0.0, 1.0]]}, "finger5joint3": {"matrix": [[0.2964870035648346, -0.21537382900714874, -0.9304348230361938, -2.124565601348877], [0.5203434824943542, 0.8533672094345093, -0.03172503039240837, -0.8656501770019531], [0.8008355498313904, -0.47473981976509094, 0.3650807738304138, -0.8095266819000244], [0.0, 0.0, 0.0, 1.0]]}, "Bone": {"matrix": [[0.8042193651199341, -0.054735761135816574, 0.5918065309524536, -1.2810791730880737], [-0.40779104828834534, 0.6735654473304749, 0.6164541840553284, -0.9526828527450562], [-0.43236246705055237, -0.7370979189872742, 0.5193737149238586, -0.2092723250389099], [0.0, 0.0, 0.0, 1.0]]}, "finger1joint1": {"matrix": [[0.6324517726898193, -0.47249194979667664, 0.6138043999671936, -1.326629638671875], [0.36809730529785156, 0.8805526494979858, 0.2985484302043915, -0.392149955034256], [-0.6815488338470459, 0.037122100591659546, 0.7308302521705627, -0.8226760625839233], [0.0, 0.0, 0.0, 1.0]]}, "finger1joint2": {"matrix": [[0.42486658692359924, -0.6747400164604187, 0.6035016179084778, -1.5936717987060547], [0.24203833937644958, 0.7270634770393372, 0.6424919366836548, 0.1055193543434143], [-0.8722990155220032, -0.12690302729606628, 0.47221803665161133, -0.8016955852508545], [0.0, 0.0, 0.0, 1.0]]}, "finger1joint3": {"matrix": [[0.508267343044281, -0.8327985405921936, 0.21934157609939575, -1.882921814918518], [0.2790234684944153, 0.4001995921134949, 0.8729180693626404, 0.4171994924545288], [-0.8147454261779785, -0.38247454166412354, 0.4357787072658539, -0.8560967445373535], [0.0, 0.0, 0.0, 1.0]]}, "Bone.001": {"matrix": [[0.8021020293235779, -0.1354743242263794, 0.5816174149513245, -1.2810792922973633], [-0.08016066998243332, 0.9406900405883789, 0.3296607434749603, -0.9526828527450562], [-0.5917822122573853, -0.31104445457458496, 0.7436698079109192, -0.2092723250389099], [0.0, 0.0, 0.0, 1.0]]}, "finger2joint1": {"matrix": [[0.5903490781784058, -0.3325824439525604, 0.735443115234375, -1.3669542074203491], [0.3397521674633026, 0.9289012551307678, 0.14734509587287903, -0.35639482736587524], [-0.7321584224700928, 0.16288331151008606, 0.6613718271255493, -0.40643835067749023], [0.0, 0.0, 0.0, 1.0]]}, "finger2joint2": {"matrix": [[0.4873533844947815, -0.4862556457519531, 0.7252874374389648, -1.654687523841858], [0.4072856903076172, 0.8613021373748779, 0.3037707507610321, 0.4472430944442749], [-0.7724019885063171, 0.14735543727874756, 0.6178036332130432, -0.26551997661590576], [0.0, 0.0, 0.0, 1.0]]}, "finger2joint3": {"matrix": [[0.36159586906433105, -0.696243405342102, 0.6200752258300781, -1.8392781019210815], [0.474604070186615, 0.7099159955978394, 0.5203555226325989, 0.7742075324058533], [-0.8024954795837402, 0.10613175481557846, 0.5871427655220032, -0.20958146452903748], [0.0, 0.0, 0.0, 1.0]]}, "Bone.002": {"matrix": [[0.4712088406085968, -0.5838088393211365, 0.6611575484275818, -1.2810792922973633], [0.5932738780975342, 0.7644715309143066, 0.252208411693573, -0.9526828527450562], [-0.6526777148246765, 0.27340462803840637, 0.7065844535827637, -0.2092723250389099], [0.0, 0.0, 0.0, 1.0]]}, "finger3joint1": {"matrix": [[0.6317055821418762, -0.7751797437667847, 0.00665393378585577, -1.527160406112671], [0.45212414860725403, 0.37538769841194153, 0.8091153502464294, -0.6304503679275513], [-0.6297077536582947, -0.5081143975257874, 0.587611973285675, -0.09402954578399658], [0.0, 0.0, 0.0, 1.0]]}, "finger3joint2": {"matrix": [[0.5004453659057617, -0.20504510402679443, -0.841136634349823, -2.2071340084075928], [0.4740608036518097, -0.7480606436729431, 0.46440449357032776, -0.30116721987724304], [-0.724445104598999, -0.6311589479446411, -0.27715975046157837, -0.5397380590438843], [0.0, 0.0, 0.0, 1.0]]}, "finger3joint3": {"matrix": [[0.6239691972732544, 0.364955872297287, -0.6909916400909424, -2.3398144245147705], [0.3515068590641022, -0.9208179712295532, -0.16892915964126587, -0.7852225303649902], [-0.6979292631149292, -0.1374816745519638, -0.7028466463088989, -0.9481486678123474], [0.0, 0.0, 0.0, 1.0]]}, "Bone.003": {"matrix": [[0.3701905310153961, -0.27824193239212036, 0.8863071799278259, -1.2810791730880737], [0.9250341057777405, 0.022836286574602127, -0.37919673323631287, -0.9526828527450562], [0.08526850491762161, 0.9602394104003906, 0.2658372223377228, -0.2092723250389099], [0.0, 0.0, 0.0, 1.0]]}, "finger4joint1": {"matrix": [[0.12519443035125732, -0.9077504873275757, 0.40039369463920593, -1.400339126586914], [0.7164583802223206, 0.3618859350681305, 0.5964272618293762, -0.942894697189331], [-0.6863042116165161, 0.21219594776630402, 0.6956716775894165, 0.2023049294948578], [0.0, 0.0, 0.0, 1.0]]}, "finger4joint2": {"matrix": [[0.11206133663654327, -0.2104935348033905, -0.9711510539054871, -2.302061080932617], [0.7359490990638733, -0.6391018033027649, 0.22344417870044708, -0.5834120512008667], [-0.667698085308075, -0.7397574186325073, 0.08329383283853531, 0.4130916893482208], [0.0, 0.0, 0.0, 1.0]]}, "finger4joint3": {"matrix": [[0.14336556196212769, 0.4309086799621582, -0.89093416929245, -2.389850378036499], [0.7831802368164062, -0.5997618436813354, -0.16405442357063293, -0.8499577641487122], [-0.6050409078598022, -0.6742424368858337, -0.4234645962715149, 0.10456635057926178], [0.0, 0.0, 0.0, 1.0]]}}