{"root": {"matrix": [[0.193882018327713, -0.906583845615387, 0.3748539090156555, -5.960464477539063e-08], [0.6049827933311462, -0.19030512869358063, -0.7731621861457825, -1.4901161193847656e-08], [0.7722730040550232, 0.3766824007034302, 0.5115708708763123, 0.0], [0.0, 0.0, 0.0, 1.0]]}, "carpals": {"matrix": [[-0.6193957924842834, -0.5441319346427917, -0.5659232139587402, -0.4910634160041809], [0.7651978135108948, -0.2572307586669922, -0.5901733636856079, 1.2688028812408447], [0.1755593717098236, -0.7985939979553223, 0.5756961703300476, 2.057664155960083], [0.0, 0.0, 0.0, 1.0]]}, "metacarpals": {"matrix": [[-0.9667953848838806, -0.2524411678314209, 0.03974798694252968, -1.0210446119308472], [0.18360410630702972, -0.7943399548530579, -0.5790625810623169, 1.0182616710662842], [0.17775273323059082, -0.5525371432304382, 0.8143133521080017, 1.2798383235931396], [0.0, 0.0, 0.0, 1.0]]}, "finger5joint1": {"matrix": [[-0.8422451019287109, -0.539092481136322, 0.0015033020172268152, -1.0118167400360107], [0.2181810885667801, -0.3434198796749115, -0.9134876728057861, 0.7709475755691528], [0.49297070503234863, -0.7690523862838745, 0.40686342120170593, 0.5983507633209229], [0.0, 0.0, 0.0, 1.0]]}, "finger5joint2": {"matrix": [[0.07957151532173157, -0.5146768689155579, 0.8536834716796875, -1.5812451839447021], [-0.893275260925293, -0.4169013798236847, -0.16808383166790009, 0.4082026481628418], [0.4424107074737549, -0.749199628829956, -0.4929218888282776, -0.21397799253463745], [0.0, 0.0, 0.0, 1.0]]}, "finger5joint3": {"matrix": [[-0.015943869948387146, -0.6718320846557617, 0.7405314445495605, -1.9350006580352783], [-0.9176797270774841, -0.2842336893081665, -0.27762338519096375, 0.12165170162916183], [0.3970002830028534, -0.6839970350265503, -0.6119951605796814, -0.7289291620254517], [0.0, 0.0, 0.0, 1.0]]}, "Bone": {"matrix": [[0.09580010175704956, -0.9891096353530884, -0.11173295974731445, -1.415175437927246], [0.8592587113380432, 0.13883966207504272, -0.49233922362327576, -0.22192351520061493], [0.5024904608726501, -0.04884127154946327, 0.8632018566131592, 0.4171745181083679], [0.0, 0.0, 0.0, 1.0]]}, "finger1joint1": {"matrix": [[-0.6485499143600464, -0.6169992685317993, -0.4457518458366394, -2.238300085067749], [0.35101577639579773, 0.2771949768066406, -0.8943996429443359, -0.10638286173343658], [0.6754041314125061, -0.7365286350250244, 0.03680173307657242, 0.37652936577796936], [0.0, 0.0, 0.0, 1.0]]}, "finger1joint2": {"matrix": [[-0.4695718288421631, 0.263282835483551, -0.8427243232727051, -2.587014675140381], [0.6010406017303467, 0.794503390789032, -0.08668617159128189, 0.05028173327445984], [0.6467244029045105, -0.5472168922424316, -0.5313199758529663, -0.03974063694477081], [0.0, 0.0, 0.0, 1.0]]}, "finger1joint3": {"matrix": [[-0.5618441700935364, 0.8200099468231201, -0.10915444046258926, -2.474149703979492], [0.5596168637275696, 0.47393059730529785, 0.6798666715621948, 0.3908722698688507], [0.6092291474342346, 0.32089439034461975, -0.7251664400100708, -0.2743235230445862], [0.0, 0.0, 0.0, 1.0]]}, "Bone.001": {"matrix": [[-0.25835463404655457, -0.9329121112823486, 0.250853568315506, -1.415175437927246], [0.791135311126709, -0.353338360786438, -0.4992562234401703, -0.22192351520061493], [0.5543984174728394, 0.06947402656078339, 0.8293462991714478, 0.4171745181083679], [0.0, 0.0, 0.0, 1.0]]}, "finger2joint1": {"matrix": [[-0.9284314513206482, -0.34452345967292786, -0.13899017870426178, -2.006533145904541], [0.293897807598114, -0.45229727029800415, -0.8420516848564148, -0.4458989202976227], [0.22724176943302155, -0.8226361870765686, 0.5211817026138306, 0.4612129330635071], [0.0, 0.0, 0.0, 1.0]]}, "finger2joint2": {"matrix": [[-0.938949465751648, -0.07989326119422913, -0.33465033769607544, -2.3045971393585205], [0.32834509015083313, 0.08248172700405121, -0.940949559211731, -0.8372033834457397], [0.10277815908193588, -0.9933847784996033, -0.051213569939136505, -0.25048983097076416], [0.0, 0.0, 0.0, 1.0]]}, "finger2joint3": {"matrix": [[-0.9082335233688354, 0.2698414921760559, -0.3198392987251282, -2.334925889968872], [0.4183930456638336, 0.5715444684028625, -0.7058923244476318, -0.8058919906616211], [-0.007676542270928621, -0.7749335765838623, -0.6319956183433533, -0.6275950074195862], [0.0, 0.0, 0.0, 1.0]]}, "Bone.002": {"matrix": [[-0.8395795822143555, -0.4576762914657593, 0.29264044761657715, -1.4151753187179565], [0.3284481465816498, -0.8567532896995544, -0.3976123631000519, -0.22192347049713135], [0.43269848823547363, -0.2377099245786667, 0.8696353435516357, 0.4171745181083679], [0.0, 0.0, 0.0, 1.0]]}, "finger3joint1": {"matrix": [[-0.847619354724884, -0.5252348780632019, 0.07529745995998383, -1.6080906391143799], [0.40612128376960754, -0.7335233688354492, -0.5449852347373962, -0.5830536484718323], [0.34147781133651733, -0.43136000633239746, 0.8350575566291809, 0.3169774115085602], [0.0, 0.0, 0.0, 1.0]]}, "finger3joint2": {"matrix": [[-0.9222821593284607, -0.23680292069911957, -0.3054831624031067, -2.068816900253296], [0.30585750937461853, 0.0360962375998497, -0.9513928294181824, -1.2264868021011353], [0.23631952702999115, -0.9708867073059082, 0.0391370952129364, -0.061403632164001465], [0.0, 0.0, 0.0, 1.0]]}, "finger3joint3": {"matrix": [[-0.8683730959892273, 0.0027985372580587864, -0.4959034025669098, -2.2220473289489746], [0.46290072798728943, 0.36331725120544434, -0.808531641960144, -1.203129529953003], [0.17790769040584564, -0.9316611886024475, -0.31679025292396545, -0.6896452903747559], [0.0, 0.0, 0.0, 1.0]]}, "Bone.003": {"matrix": [[-0.6383670568466187, 0.568803608417511, 0.5186036825180054, -1.4151753187179565], [-0.43544551730155945, -0.8224359750747681, 0.366041362285614, -0.22192347049713135], [0.634723961353302, 0.007845038548111916, 0.7726989984512329, 0.4171745181083679], [0.0, 0.0, 0.0, 1.0]]}, "finger4joint1": {"matrix": [[-0.5827768445014954, -0.755517303943634, 0.299273282289505, -1.1713749170303345], [0.7288979887962341, -0.6488076448440552, -0.21853168308734894, -0.5744355916976929], [0.3592754006385803, 0.09078457206487656, 0.9288051128387451, 0.4205370247364044], [0.0, 0.0, 0.0, 1.0]]}, "finger4joint2": {"matrix": [[-0.5940547585487366, -0.6217302680015564, -0.5104409456253052, -1.9218748807907104], [0.7094778418540955, -0.10588213056325912, -0.6967278718948364, -1.2189345359802246], [0.37913039326667786, -0.7760411500930786, 0.5040038228034973, 0.5107187032699585], [0.0, 0.0, 0.0, 1.0]]}, "finger4joint3": {"matrix": [[-0.5327860116958618, -0.1020200327038765, -0.8400776982307434, -2.181175470352173], [0.725939929485321, 0.45508360862731934, -0.5156643390655518, -1.2630939483642578], [0.4349137842655182, -0.884584903717041, -0.16840167343616486, 0.18706074357032776], [0.0, 0.0, 0.0, 1.0]]}}