{"root": {"matrix": [[0.3018517792224884, -0.6848464608192444, 0.6632276177406311, 0.0], [0.925754725933075, 0.044376540929079056, -0.37551149725914, 0.0], [0.22773602604866028, 0.7273349165916443, 0.6473949551582336, 0.0], [0.0, 0.0, 0.0, 1.0]]}, "carpals": {"matrix": [[-0.8063368797302246, -0.5093345046043396, -0.30066415667533875, -0.06227314472198486], [0.5857404470443726, -0.6171662211418152, -0.5253701210021973, 2.1792240142822266], [0.08202940970659256, -0.5997364521026611, 0.7959818243980408, 1.1541621685028076], [0.0, 0.0, 0.0, 1.0]]}, "metacarpals": {"matrix": [[-0.8193581700325012, -0.4119259715080261, 0.39870908856391907, -0.5583620071411133], [0.13524475693702698, -0.8147464990615845, -0.5638233423233032, 1.5781078338623047], [0.5571004152297974, -0.40804994106292725, 0.7232800722122192, 0.5700224041938782], [0.0, 0.0, 0.0, 1.0]]}, "finger5joint1": {"matrix": [[-0.7091854214668274, -0.6116480231285095, 0.3506315052509308, -0.8136822581291199], [0.1614612489938736, -0.6250206232070923, -0.7637271881103516, 1.3213648796081543], [0.6862843036651611, -0.4850108027458191, 0.5420130491256714, -0.05812513828277588], [0.0, 0.0, 0.0, 1.0]]}, "finger5joint2": {"matrix": [[0.39930471777915955, -0.6298255324363708, 0.666239321231842, -1.4597491025924683], [-0.7417094111442566, -0.6490663886070251, -0.16905461251735687, 0.6611728668212891], [0.5389086604118347, -0.4266517162322998, -0.7263231873512268, -0.5704286098480225], [0.0, 0.0, 0.0, 1.0]]}, "finger5joint3": {"matrix": [[0.30147579312324524, -0.7816150784492493, 0.5460672974586487, -1.8926502466201782], [-0.788627028465271, -0.5262970924377441, -0.3179279565811157, 0.21504680812358856], [0.5358911156654358, -0.33479589223861694, -0.775068998336792, -0.8636813163757324], [0.0, 0.0, 0.0, 1.0]]}, "Bone": {"matrix": [[0.24520812928676605, -0.9294276833534241, 0.27574804425239563, -1.2014927864074707], [0.8705877661705017, 0.0859564021229744, -0.484446257352829, 0.30606240034103394], [0.42655542492866516, 0.35885313153266907, 0.8302256464958191, -0.06705686450004578], [0.0, 0.0, 0.0, 1.0]]}, "finger1joint1": {"matrix": [[-0.5803892612457275, -0.7685965895652771, 0.2690862715244293, -1.9749510288238525], [0.34974637627601624, -0.533673882484436, -0.7699800729751587, 0.3775942325592041], [0.7354084849357605, -0.3527761697769165, 0.5785526037216187, 0.23157627880573273], [0.0, 0.0, 0.0, 1.0]]}, "finger1joint2": {"matrix": [[-0.6192671656608582, -0.06115826219320297, -0.7827948331832886, -2.4093451499938965], [0.5781688690185547, 0.6390253901481628, -0.50731360912323, 0.07597333192825317], [0.5312522053718567, -0.7667503356933594, -0.3603675663471222, 0.032194823026657104], [0.0, 0.0, 0.0, 1.0]]}, "finger1joint3": {"matrix": [[-0.6926965713500977, 0.7120741009712219, -0.11455085873603821, -2.4355626106262207], [0.4999840259552002, 0.5885763764381409, 0.6352902054786682, 0.34991300106048584], [0.5197957158088684, 0.382789671421051, -0.763730525970459, -0.2964984178543091], [0.0, 0.0, 0.0, 1.0]]}, "Bone.001": {"matrix": [[-0.052982836961746216, -0.8034353852272034, 0.5930295586585999, -1.2014927864074707], [0.7847524285316467, -0.40075021982192993, -0.4728240370750427, 0.30606240034103394], [0.6175403594970703, 0.4403299391269684, 0.6517308354377747, -0.06705683469772339], [0.0, 0.0, 0.0, 1.0]]}, "finger2joint1": {"matrix": [[-0.7380768060684204, -0.4547075629234314, -0.49848103523254395, -1.7107772827148438], [0.24422137439250946, 0.5086625814437866, -0.8256015777587891, 0.052033424377441406], [0.6289660334587097, -0.7310972213745117, -0.2643827199935913, 0.2120610773563385], [0.0, 0.0, 0.0, 1.0]]}, "finger2joint2": {"matrix": [[-0.7269352674484253, -0.21259266138076782, -0.6529695987701416, -2.1041669845581055], [0.3644665777683258, 0.686450719833374, -0.6292449235916138, 0.4921022951602936], [0.5820044279098511, -0.6954059600830078, -0.42152225971221924, -0.42044690251350403], [0.0, 0.0, 0.0, 1.0]]}, "finger2joint3": {"matrix": [[-0.6852497458457947, 0.03688432648777962, -0.7273733615875244, -2.184870719909668], [0.4955526292324066, 0.7554982900619507, -0.42854347825050354, 0.752690315246582], [0.5337229371070862, -0.6541112661361694, -0.535983145236969, -0.6844344139099121], [0.0, 0.0, 0.0, 1.0]]}, "Bone.002": {"matrix": [[-0.6075058579444885, -0.4677008390426636, 0.6420220732688904, -1.2014926671981812], [0.2903994917869568, -0.8830932378768921, -0.3685298264026642, 0.3060624301433563], [0.7393271923065186, -0.037441059947013855, 0.6723044514656067, -0.06705685704946518], [0.0, 0.0, 0.0, 1.0]]}, "finger3joint1": {"matrix": [[-0.7655107378959656, -0.38240957260131836, 0.5174515247344971, -1.3986332416534424], [0.2272700071334839, -0.913081705570221, -0.3385705053806305, -0.06617015600204468], [0.6019483208656311, -0.1415780931711197, 0.7858840823173523, -0.08283863961696625], [0.0, 0.0, 0.0, 1.0]]}, "finger3joint2": {"matrix": [[-0.8358376622200012, -0.5341306328773499, 0.12680578231811523, -1.7340760231018066], [0.09299301356077194, -0.3654037117958069, -0.9261924028396606, -0.8671087026596069], [0.5410431623458862, -0.7623543739318848, 0.3550886809825897, -0.207028329372406], [0.0, 0.0, 0.0, 1.0]]}, "finger3joint3": {"matrix": [[-0.8707148432731628, -0.43422573804855347, -0.23087550699710846, -2.0797014236450195], [0.22917570173740387, 0.05710683390498161, -0.971708357334137, -1.1035542488098145], [0.4351254999637604, -0.8989920616149902, 0.04979027062654495, -0.7003328204154968], [0.0, 0.0, 0.0, 1.0]]}, "Bone.003": {"matrix": [[-0.3005208969116211, 0.5664300322532654, 0.7673617601394653, -1.2014926671981812], [-0.45873895287513733, -0.7912208437919617, 0.404386043548584, 0.3060624301433563], [0.8362090587615967, -0.23049227893352509, 0.49762195348739624, -0.06705685704946518], [0.0, 0.0, 0.0, 1.0]]}, "finger4joint1": {"matrix": [[-0.5212066769599915, -0.5811472535133362, 0.6249889135360718, -0.9587097764015198], [0.6052069664001465, -0.7680231332778931, -0.2094387263059616, -0.03307020664215088], [0.6017208695411682, 0.26908689737319946, 0.7520133256912231, -0.16585034132003784], [0.0, 0.0, 0.0, 1.0]]}, "finger4joint2": {"matrix": [[-0.522225558757782, -0.8244308233261108, 0.21816009283065796, -1.5359976291656494], [0.5832852125167847, -0.53191739320755, -0.6138743758201599, -0.7959929704666138], [0.6221402883529663, -0.19333136081695557, 0.7586594820022583, 0.10144954919815063], [0.0, 0.0, 0.0, 1.0]]}, "finger4joint3": {"matrix": [[-0.45502182841300964, -0.8710442185401917, -0.18503138422966003, -1.8798370361328125], [0.6344001293182373, -0.17127813398838043, -0.7537902593612671, -1.0178358554840088], [0.6248929500579834, -0.4603751003742218, 0.6305261850357056, 0.02081821858882904], [0.0, 0.0, 0.0, 1.0]]}}