{"root": {"matrix": [[0.18761023879051208, -0.8586103916168213, 0.4770646095275879, 0.0], [0.7188378572463989, -0.2109716385602951, -0.6623919606208801, 0.0], [0.6693837642669678, 0.4672035872936249, 0.5776211619377136, 0.0], [0.0, 0.0, 0.0, 1.0]]}, "carpals": {"matrix": [[-0.8544888496398926, -0.10411915928125381, -0.5089280605316162, -0.4697807729244232], [0.4967987835407257, -0.45006245374679565, -0.7420476078987122, 1.493600845336914], [-0.15178796648979187, -0.8869062066078186, 0.4362996518611908, 1.906160593032837], [0.0, 0.0, 0.0, 1.0]]}, "metacarpals": {"matrix": [[-0.8052325248718262, -0.5280210375785828, 0.2698040306568146, -0.5711922645568848], [0.23992590606212616, -0.7062364816665649, -0.6660821437835693, 1.055242657661438], [0.5422508716583252, -0.4716179668903351, 0.6953704953193665, 1.0423192977905273], [0.0, 0.0, 0.0, 1.0]]}, "finger5joint1": {"matrix": [[-0.7699346542358398, -0.6182296872138977, 0.1580900400876999, -0.8422155976295471], [0.14109021425247192, -0.4065380394458771, -0.9026739597320557, 0.8841210603713989], [0.6223294734954834, -0.6726949214935303, 0.4002338647842407, 0.3919820785522461], [0.0, 0.0, 0.0, 1.0]]}, "finger5joint2": {"matrix": [[0.21993263065814972, -0.5958965420722961, 0.7723576426506042, -1.4952343702316284], [-0.8845718502998352, -0.4556339681148529, -0.09964903444051743, 0.4547061622142792], [0.4112929701805115, -0.6612897515296936, -0.6273223757743835, -0.3185668885707855], [0.0, 0.0, 0.0, 1.0]]}, "finger5joint3": {"matrix": [[0.12048548460006714, -0.7501636743545532, 0.65018230676651, -1.9048151969909668], [-0.9164111018180847, -0.3358607888221741, -0.21768741309642792, 0.14153294265270233], [0.3816720247268677, -0.5696061253547668, -0.7279249429702759, -0.7730945348739624], [0.0, 0.0, 0.0, 1.0]]}, "Bone": {"matrix": [[0.37257251143455505, -0.9144414067268372, 0.15807120501995087, -1.3955795764923096], [0.7885911464691162, 0.22218313813209534, -0.5733746290206909, -0.047388508915901184], [0.48919665813446045, 0.33827725052833557, 0.8038997054100037, 0.3059926927089691], [0.0, 0.0, 0.0, 1.0]]}, "finger1joint1": {"matrix": [[-0.6963587999343872, -0.38912233710289, -0.6030489802360535, -2.156566619873047], [0.34238359332084656, 0.5583624839782715, -0.7556484341621399, 0.1375095546245575], [0.6307596564292908, -0.7326765060424805, -0.2555914521217346, 0.5875028371810913], [0.0, 0.0, 0.0, 1.0]]}, "finger1joint2": {"matrix": [[-0.4717682898044586, 0.10921966284513474, -0.874931812286377, -2.3764901161193848], [0.5449528098106384, 0.8161985874176025, -0.19195370376110077, 0.45308396220207214], [0.6931529641151428, -0.5673542022705078, -0.44457608461380005, 0.17340992391109467], [0.0, 0.0, 0.0, 1.0]]}, "finger1joint3": {"matrix": [[-0.5616375207901001, 0.45331528782844543, -0.6921477317810059, -2.32966947555542], [0.4923986494541168, 0.8554078936576843, 0.1606883704662323, 0.8029748201370239], [0.6649112105369568, -0.25056400895118713, -0.703640878200531, -0.06980549544095993], [0.0, 0.0, 0.0, 1.0]]}, "Bone.001": {"matrix": [[0.05712077394127846, -0.8757931590080261, 0.4792945683002472, -1.3955795764923096], [0.7437986731529236, -0.2829039692878723, -0.6055812239646912, -0.047388508915901184], [0.6659582257270813, 0.3910899758338928, 0.6352540850639343, 0.30599266290664673], [0.0, 0.0, 0.0, 1.0]]}, "finger2joint1": {"matrix": [[-0.5682420134544373, -0.7421237826347351, -0.3554616868495941, -1.950730323791504], [0.34604549407958984, 0.17640568315982819, -0.9214842915534973, -0.22671669721603394], [0.7465609312057495, -0.6466320157051086, 0.1565675437450409, 0.553898274898529], [0.0, 0.0, 0.0, 1.0]]}, "finger2joint2": {"matrix": [[-0.5977343916893005, 0.13333280384540558, -0.7905287742614746, -2.592778205871582], [0.444250226020813, 0.875918447971344, -0.1881713569164276, -0.07409951090812683], [0.6673493981361389, -0.463669091463089, -0.5827995538711548, -0.005534753203392029], [0.0, 0.0, 0.0, 1.0]]}, "finger2joint3": {"matrix": [[-0.5054537653923035, 0.7664842009544373, -0.3962552547454834, -2.5421628952026367], [0.5568087100982666, 0.6405665278434753, 0.5288084149360657, 0.25841349363327026], [0.6591511964797974, 0.04664972051978111, -0.7505617737770081, -0.18155112862586975], [0.0, 0.0, 0.0, 1.0]]}, "Bone.002": {"matrix": [[-0.577263593673706, -0.6085941791534424, 0.5444076657295227, -1.3955795764923096], [0.3453088104724884, -0.7861055135726929, -0.512640118598938, -0.04738849401473999], [0.7399516701698303, -0.10793960839509964, 0.6639429926872253, 0.3059926927089691], [0.0, 0.0, 0.0, 1.0]]}, "finger3joint1": {"matrix": [[-0.7470362186431885, -0.11439739912748337, 0.6548663973808289, -1.6521081924438477], [0.30783531069755554, -0.9326319694519043, 0.18824180960655212, -0.3787398934364319], [0.589215099811554, 0.342214435338974, 0.7319252490997314, 0.26049506664276123], [0.0, 0.0, 0.0, 1.0]]}, "finger3joint2": {"matrix": [[-0.7805615663528442, -0.6250197291374207, -0.008589006960391998, -1.752455472946167], [0.14895541965961456, -0.1726439744234085, -0.9736561179161072, -1.1968274116516113], [0.607071578502655, -0.7612779140472412, 0.22785937786102295, 0.5606792569160461], [0.0, 0.0, 0.0, 1.0]]}, "finger3joint3": {"matrix": [[-0.7980358600616455, -0.19723297655582428, -0.5694188475608826, -2.156893491744995], [0.30181652307510376, 0.6870428323745728, -0.6609680652618408, -1.308542013168335], [0.521579921245575, -0.6993362903594971, -0.48875662684440613, 0.06807133555412292], [0.0, 0.0, 0.0, 1.0]]}, "Bone.003": {"matrix": [[-0.40534719824790955, 0.43275001645088196, 0.8052459359169006, -1.3955795764923096], [-0.44977161288261414, -0.8612753748893738, 0.23645338416099548, -0.04738849401473999], [0.7958636283874512, -0.2663310170173645, 0.5437541604042053, 0.3059926927089691], [0.0, 0.0, 0.0, 1.0]]}, "finger4joint1": {"matrix": [[-0.8100495934486389, -0.545915424823761, 0.2139992117881775, -1.2100944519042969], [0.23844538629055023, -0.6401094198226929, -0.7303447723388672, -0.41654783487319946], [0.5356895327568054, -0.54058837890625, 0.6486914157867432, 0.19183805584907532], [0.0, 0.0, 0.0, 1.0]]}, "finger4joint2": {"matrix": [[-0.8180673122406006, -0.5708253383636475, -0.07016996294260025, -1.7523845434188843], [0.20956185460090637, -0.1822376251220703, -0.9606627821922302, -1.0524063110351562], [0.5355831384658813, -0.8005918860435486, 0.26870593428611755, -0.34516027569770813], [0.0, 0.0, 0.0, 1.0]]}, "finger4joint3": {"matrix": [[-0.7666712999343872, -0.5885862112045288, -0.2564779818058014, -1.9904545545578003], [0.23801593482494354, 0.11045324802398682, -0.9649602174758911, -1.128410816192627], [0.596291184425354, -0.8008532524108887, 0.055411625653505325, -0.6790574789047241], [0.0, 0.0, 0.0, 1.0]]}}