{"root": {"matrix": [[0.4341028928756714, -0.8996658325195312, 0.04643293842673302, 0.0], [-0.13528582453727722, -0.11606232076883316, -0.983985424041748, 0.0], [0.8906471729278564, 0.42086920142173767, -0.17209510505199432, 0.0], [0.0, 0.0, 0.0, 1.0]]}, "carpals": {"matrix": [[-0.09748130291700363, -0.516701340675354, -0.8505979776382446, 0.09588456153869629], [0.9949533343315125, -0.0710090845823288, -0.07089004665613174, -0.3089231848716736], [-0.023770978674292564, -0.853215754032135, 0.5210158228874207, 2.44547700881958], [0.0, 0.0, 0.0, 1.0]]}, "metacarpals": {"matrix": [[-0.1545305997133255, -0.8069896697998047, -0.5699892044067383, -0.40737950801849365], [0.9721132516860962, -0.22719693183898926, 0.05811387300491333, -0.3780856132507324], [-0.17639689147472382, -0.5451136827468872, 0.8195943236351013, 1.6144499778747559], [0.0, 0.0, 0.0, 1.0]]}, "finger5joint1": {"matrix": [[-0.21189621090888977, -0.7610069513320923, -0.6131623983383179, -0.6063138842582703], [0.9647746682167053, -0.2629838287830353, -0.007012295536696911, -0.7022186517715454], [-0.15591514110565186, -0.5930494666099548, 0.7899256348609924, 0.9971674084663391], [0.0, 0.0, 0.0, 1.0]]}, "finger5joint2": {"matrix": [[-0.5262148976325989, -0.81513911485672, -0.24216815829277039, -1.410144329071045], [-0.022980481386184692, 0.29831379652023315, -0.9541910290718079, -0.9800010919570923], [0.8500407934188843, -0.49654421210289, -0.17570967972278595, 0.3707457184791565], [0.0, 0.0, 0.0, 1.0]]}, "finger5joint3": {"matrix": [[-0.58588045835495, -0.615000307559967, -0.5277480483055115, -1.970418095588684], [0.05753626301884651, 0.6180112361907959, -0.7840607762336731, -0.7749595642089844], [0.8083521127700806, -0.4897304177284241, -0.3266960680484772, 0.02945345640182495], [0.0, 0.0, 0.0, 1.0]]}, "Bone": {"matrix": [[0.8187139630317688, -0.19374322891235352, -0.5405281186103821, -1.6673145294189453], [0.36888736486434937, 0.8988685607910156, 0.23655293881893158, -0.7328031659126282], [0.44003328680992126, -0.3930630385875702, 0.8073858022689819, 0.7633761763572693], [0.0, 0.0, 0.0, 1.0]]}, "finger1joint1": {"matrix": [[0.6038534641265869, -0.4350552558898926, -0.6678978800773621, -1.8285452127456665], [0.4703604578971863, 0.8709632158279419, -0.14207015931606293, 0.015224218368530273], [0.6435229778289795, -0.2283630222082138, 0.7305670976638794, 0.4362739324569702], [0.0, 0.0, 0.0, 1.0]]}, "finger1joint2": {"matrix": [[0.7871070504188538, -0.2654491364955902, -0.5567755699157715, -2.0744290351867676], [0.47376659512519836, 0.8381943702697754, 0.2701393961906433, 0.5074737071990967], [0.3949778974056244, -0.4764101505279541, 0.7855097651481628, 0.3072081208229065], [0.0, 0.0, 0.0, 1.0]]}, "finger1joint3": {"matrix": [[0.7358798980712891, 0.05829334631562233, -0.6745980381965637, -2.188222646713257], [0.4676172137260437, 0.6767948865890503, 0.5685796141624451, 0.8667938709259033], [0.48970896005630493, -0.7338598370552063, 0.4707809388637543, 0.1029789000749588], [0.0, 0.0, 0.0, 1.0]]}, "Bone.001": {"matrix": [[0.63508540391922, -0.6445639729499817, -0.4256800413131714, -1.6673145294189453], [0.6763854622840881, 0.7301937341690063, -0.09653762727975845, -0.7328031063079834], [0.37305372953414917, -0.22661396861076355, 0.8997092247009277, 0.7633761763572693], [0.0, 0.0, 0.0, 1.0]]}, "finger2joint1": {"matrix": [[-0.015052404254674911, -0.31698429584503174, -0.9483111500740051, -2.075892925262451], [0.9981124997138977, -0.0612349696457386, 0.0046255760826170444, -0.2699452340602875], [-0.05953582376241684, -0.946451723575592, 0.31730782985687256, 0.6197292804718018], [0.0, 0.0, 0.0, 1.0]]}, "finger2joint2": {"matrix": [[0.04404453560709953, -0.03111492283642292, -0.9985447525978088, -2.3501315116882324], [0.9837691783905029, -0.17268235981464386, 0.048773590475320816, -0.32292264699935913], [-0.1739484816789627, -0.9844858050346375, 0.023004278540611267, -0.19909244775772095], [0.0, 0.0, 0.0, 1.0]]}, "finger2joint3": {"matrix": [[0.1292305886745453, 0.32723820209503174, -0.9360631704330444, -2.361943244934082], [0.9491510987281799, -0.31410372257232666, 0.021229971200227737, -0.3884756565093994], [-0.2870735228061676, -0.8912091851234436, -0.3511902689933777, -0.5728194117546082], [0.0, 0.0, 0.0, 1.0]]}, "Bone.002": {"matrix": [[0.012397656217217445, -0.948045551776886, -0.31789258122444153, -1.6673142910003662], [0.9953827857971191, 0.0419628880918026, -0.0863259956240654, -0.7328031659126282], [0.09518090635538101, -0.31535443663597107, 0.9441885352134705, 0.7633761167526245], [0.0, 0.0, 0.0, 1.0]]}, "finger3joint1": {"matrix": [[-0.07414857298135757, -0.5096436738967896, -0.8571843504905701, -2.066925048828125], [0.9902454018592834, -0.13930609822273254, -0.0028335789684206247, -0.7151153087615967], [-0.11796664446592331, -0.8490328788757324, 0.5150017142295837, 0.6304510831832886], [0.0, 0.0, 0.0, 1.0]]}, "finger3joint2": {"matrix": [[-0.12049263715744019, 0.19162732362747192, -0.9740433096885681, -2.513974905014038], [0.9551151990890503, -0.24510324001312256, -0.1663714051246643, -0.8373120427131653], [-0.270622193813324, -0.9503700733184814, -0.1534929871559143, -0.11430490016937256], [0.0, 0.0, 0.0, 1.0]]}, "finger3joint3": {"matrix": [[0.05468043312430382, 0.5192728638648987, -0.852857232093811, -2.389976978302002], [0.9561372399330139, -0.2733929455280304, -0.10515670478343964, -0.995913565158844], [-0.28776994347572327, -0.8096987009048462, -0.5114452838897705, -0.7292705774307251], [0.0, 0.0, 0.0, 1.0]]}, "Bone.003": {"matrix": [[-0.6504784226417542, -0.5877109169960022, 0.4811169505119324, -1.6673144102096558], [0.6396145820617676, -0.7654744982719421, -0.07029911130666733, -0.7328031063079834], [0.40959852933883667, 0.26200127601623535, 0.8738331198692322, 0.7633761167526245], [0.0, 0.0, 0.0, 1.0]]}, "finger4joint1": {"matrix": [[0.021390406414866447, -0.8390884399414062, -0.5435738563537598, -1.9192185401916504], [0.9978882670402527, -0.015433747321367264, 0.06309245526790619, -1.060900330543518], [-0.06132928654551506, -0.5437754988670349, 0.8369866013526917, 0.8756749629974365], [0.0, 0.0, 0.0, 1.0]]}, "finger4joint2": {"matrix": [[-0.00835025031119585, 0.3728255331516266, -0.927863597869873, -2.752734661102295], [0.9983043670654297, -0.050344888120889664, -0.029213400557637215, -1.076231598854065], [-0.05760443955659866, -0.9265345335006714, -0.3717729151248932, 0.3355106711387634], [0.0, 0.0, 0.0, 1.0]]}, "finger4joint3": {"matrix": [[-0.025738555938005447, 0.9602552652359009, -0.27793318033218384, -2.597243309020996], [0.999354362487793, 0.03168530762195587, 0.016924723982810974, -1.0972286462783813], [0.025058727711439133, -0.2773183584213257, -0.960451066493988, -0.050912484526634216], [0.0, 0.0, 0.0, 1.0]]}}