{"root": {"matrix": [[0.33084622025489807, -0.873997688293457, 0.355905681848526, 5.960464477539063e-08], [0.39598768949508667, -0.21375712752342224, -0.8930294513702393, 0.0], [0.8565830588340759, 0.436389684677124, 0.2753715217113495, 0.0], [0.0, 0.0, 0.0, 1.0]]}, "carpals": {"matrix": [[-0.555694043636322, -0.7421312928199768, -0.37475988268852234, -0.14729619026184082], [0.8137139678001404, -0.39304450154304504, -0.42823526263237, 0.786686897277832], [0.17050963640213013, -0.5429151058197021, 0.8222951292991638, 2.333326578140259], [0.0, 0.0, 0.0, 1.0]]}, "metacarpals": {"matrix": [[-0.9183204770088196, -0.3561099171638489, -0.17283807694911957, -0.8701276183128357], [0.3258052468299866, -0.4320106506347656, -0.8409623503684998, 0.4038638770580292], [0.2248072773218155, -0.8285844922065735, 0.5127466320991516, 1.8045306205749512], [0.0, 0.0, 0.0, 1.0]]}, "finger5joint1": {"matrix": [[-0.848269522190094, -0.5185838341712952, -0.10728185623884201, -0.84111487865448], [0.39371711015701294, -0.48210665583610535, -0.7826620936393738, 0.4461056590080261], [0.3541547656059265, -0.7061470150947571, 0.613131582736969, 1.0813095569610596], [0.0, 0.0, 0.0, 1.0]]}, "finger5joint2": {"matrix": [[0.042904987931251526, -0.7204259634017944, 0.6922029256820679, -1.3888806104660034], [-0.7176844477653503, -0.5042241811752319, -0.48029854893684387, -0.06313025951385498], [0.6950450539588928, -0.476175993680954, -0.5386725664138794, 0.33542600274086], [0.0, 0.0, 0.0, 1.0]]}, "finger5joint3": {"matrix": [[-0.06271202117204666, -0.8385910391807556, 0.5411391854286194, -1.8840547800064087], [-0.7340865135192871, -0.3285800516605377, -0.5942656993865967, -0.4097011983394623], [0.6761534810066223, -0.4345104694366455, -0.5949928164482117, 0.00813351571559906], [0.0, 0.0, 0.0, 1.0]]}, "Bone": {"matrix": [[0.22331514954566956, -0.9252854585647583, -0.3065565824508667, -1.4261140823364258], [0.5467060208320618, 0.37927016615867615, -0.7465028762817383, -0.27062463760375977], [0.8069960474967957, -0.0008907864685170352, 0.5905558466911316, 0.510880172252655], [0.0, 0.0, 0.0, 1.0]]}, "finger1joint1": {"matrix": [[-0.758510172367096, -0.2799171507358551, -0.5884798169136047, -2.196125030517578], [0.28820890188217163, 0.6658294796943665, -0.6881908178329468, 0.04499930143356323], [0.5844637155532837, -0.691604733467102, -0.42436379194259644, 0.5101388692855835], [0.0, 0.0, 0.0, 1.0]]}, "finger1joint2": {"matrix": [[-0.5375758409500122, 0.09204479306936264, -0.8381764888763428, -2.354328155517578], [0.4706740081310272, 0.8575106859207153, -0.20770511031150818, 0.4213116765022278], [0.699627161026001, -0.5061650276184082, -0.5042999982833862, 0.119258813560009], [0.0, 0.0, 0.0, 1.0]]}, "finger1joint3": {"matrix": [[-0.6227097511291504, 0.41240981221199036, -0.664944052696228, -2.3148703575134277], [0.41544121503829956, 0.8944056034088135, 0.16567176580429077, 0.7889124155044556], [0.6630544662475586, -0.17307966947555542, -0.7282869815826416, -0.09772580862045288], [0.0, 0.0, 0.0, 1.0]]}, "Bone.001": {"matrix": [[-0.14068521559238434, -0.9889088273048401, 0.04760952666401863, -1.4261140823364258], [0.5506983399391174, -0.11812517046928406, -0.8263036012649536, -0.27062463760375977], [0.8227628469467163, -0.09003014117479324, 0.5612088441848755, 0.510880172252655], [0.0, 0.0, 0.0, 1.0]]}, "finger2joint1": {"matrix": [[-0.6162936687469482, -0.647236704826355, -0.44862717390060425, -2.0529673099517822], [0.27250245213508606, 0.3592137098312378, -0.8925848603248596, -0.3455022871494293], [0.7388668656349182, -0.6723463535308838, -0.045007579028606415, 0.45381152629852295], [0.0, 0.0, 0.0, 1.0]]}, "finger2joint2": {"matrix": [[-0.6281922459602356, 0.1324489414691925, -0.7667016983032227, -2.6129233837127686], [0.38518548011779785, 0.9091174602508545, -0.1585477888584137, -0.03472891449928284], [0.6760225892066956, -0.3949207365512848, -0.6221178770065308, -0.12786822021007538], [0.0, 0.0, 0.0, 1.0]]}, "finger2joint3": {"matrix": [[-0.5378183722496033, 0.8096987009048462, -0.23481711745262146, -2.562643527984619], [0.4995324909687042, 0.530429482460022, 0.6849172711372375, 0.3103870451450348], [0.6791306734085083, 0.2510622441768646, -0.6897454261779785, -0.27778661251068115], [0.0, 0.0, 0.0, 1.0]]}, "Bone.002": {"matrix": [[-0.791098952293396, -0.6024957299232483, 0.10564620792865753, -1.4261140823364258], [0.32529163360595703, -0.5606447458267212, -0.7614872455596924, -0.27062463760375977], [0.5180229544639587, -0.5680458545684814, 0.6395121812820435, 0.510880172252655], [0.0, 0.0, 0.0, 1.0]]}, "finger3joint1": {"matrix": [[-0.8782660365104675, -0.46606454253196716, 0.10692275315523148, -1.6800720691680908], [0.365077406167984, -0.7979755401611328, -0.47953468561172485, -0.5069420337677002], [0.3088161051273346, -0.3821238875389099, 0.8709843158721924, 0.27144312858581543], [0.0, 0.0, 0.0, 1.0]]}, "finger3joint2": {"matrix": [[-0.944390594959259, -0.2208014279603958, -0.24366571009159088, -2.088895320892334], [0.25263091921806335, -0.012867446057498455, -0.9674772024154663, -1.2069114446640015], [0.21048521995544434, -0.9752336740493774, 0.06793314963579178, -0.06374883651733398], [0.0, 0.0, 0.0, 1.0]]}, "finger3joint3": {"matrix": [[-0.8997406959533691, 0.032786134630441666, -0.43519145250320435, -2.231771469116211], [0.4107741713523865, 0.40044447779655457, -0.8190902471542358, -1.2152376174926758], [0.14741544425487518, -0.9157341718673706, -0.3737637996673584, -0.6948033571243286], [0.0, 0.0, 0.0, 1.0]]}, "Bone.003": {"matrix": [[-0.781150758266449, 0.3750963807106018, 0.49910521507263184, -1.4261140823364258], [-0.48112359642982483, -0.8711210489273071, -0.09832756966352463, -0.27062463760375977], [0.39789876341819763, -0.316940039396286, 0.8609444499015808, 0.510880172252655], [0.0, 0.0, 0.0, 1.0]]}, "finger4joint1": {"matrix": [[-0.5875889658927917, -0.7279686331748962, 0.3532711863517761, -1.2653403282165527], [0.6640505790710449, -0.6833001971244812, -0.3035414516925812, -0.6440039873123169], [0.46235913038253784, 0.056232452392578125, 0.884907603263855, 0.37503349781036377], [0.0, 0.0, 0.0, 1.0]]}, "finger4joint2": {"matrix": [[-0.5971904993057251, -0.6704166531562805, -0.4403458535671234, -1.9884746074676514], [0.6422273516654968, -0.07076528668403625, -0.7632404565811157, -1.3227664232254028], [0.4805281162261963, -0.7386021018028259, 0.4728204607963562, 0.4308924973011017], [0.0, 0.0, 0.0, 1.0]]}, "finger4joint3": {"matrix": [[-0.5328888297080994, 0.11995100975036621, -0.8376399874687195, -2.268080472946167], [0.6569832563400269, 0.6825180649757385, -0.3202213943004608, -1.3522801399230957], [0.5332937240600586, -0.7209580540657043, -0.44251200556755066, 0.12284897267818451], [0.0, 0.0, 0.0, 1.0]]}}