{"root": {"matrix": [[0.4475257992744446, -0.7863438129425049, 0.42589208483695984, -5.960464477539063e-08], [0.4383067190647125, -0.22224682569503784, -0.8709153532981873, 0.0], [0.7794920802116394, 0.5764284133911133, 0.24519851803779602, 5.960464477539063e-08], [0.0, 0.0, 0.0, 1.0]]}, "carpals": {"matrix": [[-0.5784110426902771, -0.6687299609184265, -0.46716228127479553, 0.19450026750564575], [0.7938070297241211, -0.3294958174228668, -0.5111778378486633, 0.8715941905975342], [0.18791209161281586, -0.6665075421333313, 0.7214266061782837, 2.2994518280029297], [0.0, 0.0, 0.0, 1.0]]}, "metacarpals": {"matrix": [[-0.8631714582443237, -0.4775351583957672, -0.16399669647216797, -0.4568387269973755], [0.4247013032436371, -0.5110253095626831, -0.7473164200782776, 0.5506672263145447], [0.2730635702610016, -0.7147117853164673, 0.6439121961593628, 1.6502774953842163], [0.0, 0.0, 0.0, 1.0]]}, "finger5joint1": {"matrix": [[-0.738959789276123, -0.6559147238731384, -0.1539936065673828, -0.5104333758354187], [0.4746176302433014, -0.34455057978630066, -0.809952437877655, 0.49194198846817017], [0.478201299905777, -0.6716102957725525, 0.5659176111221313, 0.9296154975891113], [0.0, 0.0, 0.0, 1.0]]}, "finger5joint2": {"matrix": [[-0.0936058834195137, -0.9063449501991272, 0.41203880310058594, -1.2032580375671387], [-0.8000777363777161, -0.17783299088478088, -0.5729317665100098, 0.12800273299217224], [0.5925479531288147, -0.38329267501831055, -0.7085005640983582, 0.2202121615409851], [0.0, 0.0, 0.0, 1.0]]}, "finger5joint3": {"matrix": [[-0.20035110414028168, -0.9533969163894653, 0.22559496760368347, -1.8262206315994263], [-0.7804242372512817, 0.016102947294712067, -0.6250426769256592, 0.005771888419985771], [0.5922810435295105, -0.30128756165504456, -0.7472805976867676, -0.04323834180831909], [0.0, 0.0, 0.0, 1.0]]}, "Bone": {"matrix": [[0.350613534450531, -0.8932356238365173, -0.28142502903938293, -1.2024035453796387], [0.6318418383598328, 0.4474210739135742, -0.6329218745231628, -0.24718518555164337], [0.6912638545036316, 0.04409504309296608, 0.7212554812431335, 0.5344139337539673], [0.0, 0.0, 0.0, 1.0]]}, "finger1joint1": {"matrix": [[-0.5002546310424805, -0.529892086982727, -0.6848061084747314, -1.9457433223724365], [0.3597757816314697, 0.5921751856803894, -0.7210338115692139, 0.12515312433242798], [0.7875953912734985, -0.6070770621299744, -0.10559599101543427, 0.5711092352867126], [0.0, 0.0, 0.0, 1.0]]}, "finger1joint2": {"matrix": [[-0.25730815529823303, -0.11369598656892776, -0.9596173763275146, -2.2452268600463867], [0.5503007173538208, 0.7990585565567017, -0.24222834408283234, 0.4598376750946045], [0.794330894947052, -0.5904053449630737, -0.14303718507289886, 0.2280024290084839], [0.0, 0.0, 0.0, 1.0]]}, "finger1joint3": {"matrix": [[-0.34882333874702454, 0.3534465730190277, -0.8679848313331604, -2.29396653175354], [0.49325281381607056, 0.8567430377006531, 0.15064191818237305, 0.8023809194564819], [0.7968839406967163, -0.37558847665786743, -0.4731903076171875, -0.02509462833404541], [0.0, 0.0, 0.0, 1.0]]}, "Bone.001": {"matrix": [[-0.008030887693166733, -0.9980990886688232, 0.06110162287950516, -1.2024035453796387], [0.6666317582130432, -0.05088845640420914, -0.7436479330062866, -0.24718518555164337], [0.7453437447547913, 0.0347602404654026, 0.6657732129096985, 0.5344139337539673], [0.0, 0.0, 0.0, 1.0]]}, "finger2joint1": {"matrix": [[-0.37593549489974976, -0.8115056753158569, -0.4473596215248108, -1.8350822925567627], [0.3982571065425873, 0.29441624879837036, -0.8687405586242676, -0.27944254875183105], [0.8366979956626892, -0.5047544836997986, 0.21250639855861664, 0.5564478635787964], [0.0, 0.0, 0.0, 1.0]]}, "finger2joint2": {"matrix": [[-0.404823899269104, -0.05840696394443512, -0.9125272035598755, -2.5371556282043457], [0.5018212795257568, 0.8200544714927673, -0.2751108407974243, -0.02472865581512451], [0.7643905878067017, -0.5692968964576721, -0.30266767740249634, 0.11976003646850586], [0.0, 0.0, 0.0, 1.0]]}, "finger2joint3": {"matrix": [[-0.3256843090057373, 0.8027207851409912, -0.4995684325695038, -2.5593278408050537], [0.6151288747787476, 0.5811567306518555, 0.5327974557876587, 0.2865775227546692], [0.7180153131484985, -0.1337752789258957, -0.683050274848938, -0.0963544100522995], [0.0, 0.0, 0.0, 1.0]]}, "Bone.002": {"matrix": [[-0.7026533484458923, -0.6991985440254211, 0.1319066435098648, -1.2024035453796387], [0.4539557099342346, -0.58327317237854, -0.6735849380493164, -0.24718518555164337], [0.5479073524475098, -0.41341686248779297, 0.7272439002990723, 0.5344139337539673], [0.0, 0.0, 0.0, 1.0]]}, "finger3joint1": {"matrix": [[-0.8111264705657959, -0.5848673582077026, -0.0019541243091225624, -1.4971230030059814], [0.4717293083667755, -0.652237594127655, -0.5933443903923035, -0.49304068088531494], [0.3457534909248352, -0.482199102640152, 0.8049461841583252, 0.36015456914901733], [0.0, 0.0, 0.0, 1.0]]}, "finger3joint2": {"matrix": [[-0.8927085995674133, -0.3023346960544586, -0.33416295051574707, -2.010157585144043], [0.38531923294067383, -0.12760788202285767, -0.9139176607131958, -1.065171480178833], [0.23366744816303253, -0.9446213841438293, 0.23041199147701263, -0.06282156705856323], [0.0, 0.0, 0.0, 1.0]]}, "finger3joint3": {"matrix": [[-0.8376860618591309, -0.047343265265226364, -0.5440959930419922, -2.2057924270629883], [0.5267075300216675, 0.19343240559101105, -0.827745795249939, -1.1477439403533936], [0.14443424344062805, -0.9799705147743225, -0.13709953427314758, -0.674067497253418], [0.0, 0.0, 0.0, 1.0]]}, "Bone.003": {"matrix": [[-0.7577094435691833, 0.2796206474304199, 0.5896511673927307, -1.2024036645889282], [-0.35955044627189636, -0.9329193234443665, -0.019624030217528343, -0.24718523025512695], [0.5446097254753113, -0.22687874734401703, 0.8074194192886353, 0.5344138741493225], [0.0, 0.0, 0.0, 1.0]]}, "finger4joint1": {"matrix": [[-0.5365609526634216, -0.787051260471344, 0.30438822507858276, -1.0825527906417847], [0.7144370675086975, -0.6156493425369263, -0.3324986398220062, -0.647052526473999], [0.4490901231765747, 0.03906054422259331, 0.892632007598877, 0.43716925382614136], [0.0, 0.0, 0.0, 1.0]]}, "finger4joint2": {"matrix": [[-0.5484837889671326, -0.6843074560165405, -0.48050835728645325, -1.8643772602081299], [0.6935828328132629, -0.05137021094560623, -0.718542754650116, -1.2586132287979126], [0.46702057123184204, -0.7273814082145691, 0.5027998089790344, 0.47597038745880127], [0.0, 0.0, 0.0, 1.0]]}, "finger4joint3": {"matrix": [[-0.4826136827468872, -0.18199892342090607, -0.8567145466804504, -2.1497764587402344], [0.7058894038200378, 0.4982154369354248, -0.503489077091217, -1.2800379991531372], [0.5184630751609802, -0.8477365970611572, -0.11197435855865479, 0.17260660231113434], [0.0, 0.0, 0.0, 1.0]]}}