{"root": {"matrix": [[0.38192927837371826, -0.8207499384880066, 0.4248524308204651, 5.960464477539063e-08], [-0.22098472714424133, -0.5274688601493835, -0.8203306198120117, 0.0], [0.8973827362060547, 0.2194223552942276, -0.38282904028892517, 0.0], [0.0, 0.0, 0.0, 1.0]]}, "carpals": {"matrix": [[-0.839554488658905, -0.4134424030780792, -0.3524392247200012, 0.012595146894454956], [0.2839919328689575, 0.21904993057250977, -0.9334695935249329, -0.9238195419311523], [0.4631378948688507, -0.883788526058197, -0.06649020314216614, 2.287221908569336], [0.0, 0.0, 0.0, 1.0]]}, "metacarpals": {"matrix": [[-0.8064743876457214, -0.390694260597229, 0.4437981843948364, -0.3900952935218811], [-0.4166601002216339, -0.15702827274799347, -0.8953972458839417, -0.7104661464691162], [0.4195154905319214, -0.9070280194282532, -0.036147672683000565, 1.4264171123504639], [0.0, 0.0, 0.0, 1.0]]}, "finger5joint1": {"matrix": [[-0.80192631483078, -0.5418177247047424, 0.2516891658306122, -0.6541081070899963], [-0.5656297206878662, 0.5529810786247253, -0.6117798686027527, -0.35863053798675537], [0.1922939121723175, -0.6329651474952698, -0.7499185800552368, 0.8500634431838989], [0.0, 0.0, 0.0, 1.0]]}, "finger5joint2": {"matrix": [[0.12929454445838928, -0.8580998182296753, 0.4969376027584076, -1.2264151573181152], [-0.5735256671905518, 0.3441035747528076, 0.7434114217758179, 0.22546806931495667], [-0.8089196681976318, -0.381125271320343, -0.4476516544818878, 0.18147990107536316], [0.0, 0.0, 0.0, 1.0]]}, "finger5joint3": {"matrix": [[0.02106623351573944, -0.9450597167015076, 0.32621726393699646, -1.8162171840667725], [-0.5789512991905212, 0.2544829547405243, 0.7746310830116272, 0.4619825482368469], [-0.8150897026062012, -0.20518220961093903, -0.5417826175689697, -0.08048087358474731], [0.0, 0.0, 0.0, 1.0]]}, "Bone": {"matrix": [[0.2224850058555603, -0.9205489754676819, 0.32107609510421753, -1.000077486038208], [0.1659410148859024, -0.2887689471244812, -0.9429081678390503, -0.955630898475647], [0.9607099890708923, 0.2630627155303955, 0.08850985020399094, 0.010294556617736816], [0.0, 0.0, 0.0, 1.0]]}, "finger1joint1": {"matrix": [[-0.7378530502319336, -0.6039553284645081, 0.3013480603694916, -1.7661468982696533], [-0.4174487888813019, 0.057503554970026016, -0.9068790078163147, -1.1959409713745117], [0.5303859114646912, -0.7949407696723938, -0.294549822807312, 0.22921207547187805], [0.0, 0.0, 0.0, 1.0]]}, "finger1joint2": {"matrix": [[-0.7823376655578613, -0.41856828331947327, -0.4612464904785156, -2.1074893474578857], [-0.12258713692426682, 0.8295261859893799, -0.5448471903800964, -1.1634411811828613], [0.6106719374656677, -0.36971136927604675, -0.7002807259559631, -0.2200712114572525], [0.0, 0.0, 0.0, 1.0]]}, "finger1joint3": {"matrix": [[-0.8091418147087097, 0.22151713073253632, -0.5442606210708618, -2.2869229316711426], [-0.20748509466648102, 0.7588559985160828, 0.6173226833343506, -0.8078368306159973], [0.5497631430625916, 0.6124276518821716, -0.5680603981018066, -0.3785603940486908], [0.0, 0.0, 0.0, 1.0]]}, "Bone.001": {"matrix": [[-0.06584889441728592, -0.7722431421279907, 0.6319051384925842, -1.0000773668289185], [-0.05395155027508736, -0.6295978426933289, -0.7750454545021057, -0.9556309580802917], [0.9963698387145996, -0.08512823283672333, -0.00020561658311635256, 0.010294567793607712], [0.0, 0.0, 0.0, 1.0]]}, "finger2joint1": {"matrix": [[-0.6840828061103821, -0.6858592629432678, -0.24824871122837067, -1.4895896911621094], [-0.42950597405433655, 0.6538528203964233, -0.6228970885276794, -1.3547227382659912], [0.5895379185676575, -0.3194887340068817, -0.7418704032897949, -0.04366680979728699], [0.0, 0.0, 0.0, 1.0]]}, "finger2joint2": {"matrix": [[-0.7174225449562073, -0.36461341381073, -0.5936006307601929, -2.0829601287841797], [-0.30920809507369995, 0.9302232265472412, -0.1976734697818756, -0.7890426516532898], [0.6242555975914001, 0.04173097014427185, -0.7801045775413513, -0.32007214426994324], [0.0, 0.0, 0.0, 1.0]]}, "finger2joint3": {"matrix": [[-0.6985793113708496, 0.057388488203287125, -0.7132272720336914, -2.2213733196258545], [-0.18156550824642181, 0.9499366879463196, 0.25427135825157166, -0.43591463565826416], [0.6921131610870361, 0.3071264326572418, -0.6531863212585449, -0.30423039197921753], [0.0, 0.0, 0.0, 1.0]]}, "Bone.002": {"matrix": [[-0.595588743686676, -0.4320589005947113, 0.6771993637084961, -1.000077486038208], [-0.46546393632888794, -0.5014570355415344, -0.729303777217865, -0.955630898475647], [0.6546886563301086, -0.7495770454406738, 0.09755408763885498, 0.010294556617736816], [0.0, 0.0, 0.0, 1.0]]}, "finger3joint1": {"matrix": [[-0.5934160947799683, -0.7018426656723022, 0.39404842257499695, -1.182194471359253], [-0.3597261309623718, -0.20669573545455933, -0.9098756909370422, -1.1670001745224], [0.7200378775596619, -0.6816842555999756, -0.12981478869915009, -0.3056596517562866], [0.0, 0.0, 0.0, 1.0]]}, "finger3joint2": {"matrix": [[-0.7117615342140198, -0.5924106240272522, -0.3774188160896301, -1.7978379726409912], [-0.3523128628730774, 0.7659235596656799, -0.537807285785675, -1.3483097553253174], [0.6076768636703491, -0.2498207688331604, -0.7538689374923706, -0.9036204814910889], [0.0, 0.0, 0.0, 1.0]]}, "finger3joint3": {"matrix": [[-0.6666597127914429, -0.08100207895040512, -0.7409475445747375, -2.1811752319335938], [-0.21841487288475037, 0.9716699123382568, 0.09029128402471542, -0.8526958227157593], [0.7126427888870239, 0.2220277190208435, -0.6654650568962097, -1.0652745962142944], [0.0, 0.0, 0.0, 1.0]]}, "Bone.003": {"matrix": [[-0.2552965581417084, 0.5909281373023987, 0.765263020992279, -1.000077486038208], [-0.9612504243850708, -0.24028292298316956, -0.1351352483034134, -0.955630898475647], [0.1040242612361908, -0.7701091766357422, 0.62937331199646, 0.010294556617736816], [0.0, 0.0, 0.0, 1.0]]}, "finger4joint1": {"matrix": [[-0.41582727432250977, -0.7885769605636597, 0.45302730798721313, -0.7467941641807556], [-0.2454102337360382, -0.3823607861995697, -0.8908275365829468, -1.058620810508728], [0.875706136226654, -0.4816078841686249, -0.03452899679541588, -0.31978923082351685], [0.0, 0.0, 0.0, 1.0]]}, "finger4joint2": {"matrix": [[-0.42496904730796814, -0.883611261844635, -0.19655023515224457, -1.5301340818405151], [-0.2712668776512146, 0.3314674198627472, -0.903627872467041, -1.438442349433899], [0.8636059165000916, -0.330696165561676, -0.380558043718338, -0.7981986999511719], [0.0, 0.0, 0.0, 1.0]]}, "finger4joint3": {"matrix": [[-0.347126305103302, -0.8229634165763855, -0.4497044086456299, -1.8986555337905884], [-0.284633606672287, 0.5493547916412354, -0.7856161594390869, -1.3001997470855713], [0.8935807347297668, -0.1447068452835083, -0.4249386787414551, -0.936119794845581], [0.0, 0.0, 0.0, 1.0]]}}