{"root": {"matrix": [[0.4215368330478668, -0.8834938406944275, 0.20431679487228394, 0.0], [0.6227176785469055, 0.11824355274438858, -0.7734605073928833, 0.0], [0.6591885089874268, 0.4532737731933594, 0.6000111699104309, 0.0], [0.0, 0.0, 0.0, 1.0]]}, "carpals": {"matrix": [[-0.18592046201229095, -0.5136500000953674, -0.8376138806343079, 0.06554579734802246], [0.8409568667411804, -0.5240654349327087, 0.13471022248268127, 1.6109557151794434], [-0.5081583857536316, -0.6793516874313354, 0.5293920636177063, 1.8669521808624268], [0.0, 0.0, 0.0, 1.0]]}, "metacarpals": {"matrix": [[-0.32132795453071594, -0.7317958474159241, -0.6010182499885559, -0.4347461462020874], [0.7528725266456604, -0.5823909640312195, 0.3066001832485199, 1.1005191802978516], [-0.5743963122367859, -0.35397085547447205, 0.7380874752998352, 1.2052679061889648], [0.0, 0.0, 0.0, 1.0]]}, "finger5joint1": {"matrix": [[-0.2002912312746048, -0.8059782981872559, -0.5570297241210938, -0.5487382411956787], [0.8536356091499329, -0.4225875735282898, 0.3045092821121216, 0.5099378228187561], [-0.4808216989040375, -0.41450977325439453, 0.7726523876190186, 0.8004291653633118], [0.0, 0.0, 0.0, 1.0]]}, "finger5joint2": {"matrix": [[-0.3628315329551697, -0.7998165488243103, -0.4781695306301117, -1.4000707864761353], [0.28163692355155945, 0.3950188159942627, -0.8744372725486755, 0.06357032060623169], [0.8882755637168884, -0.45194345712661743, 0.08193275332450867, 0.36259394884109497], [0.0, 0.0, 0.0, 1.0]]}, "finger5joint3": {"matrix": [[-0.40903618931770325, -0.5989940166473389, -0.6884002089500427, -1.949812889099121], [0.36499646306037903, 0.5840231776237488, -0.725047767162323, 0.3350805640220642], [0.8363410830497742, -0.5478343963623047, -0.020255709066987038, 0.05195736885070801], [0.0, 0.0, 0.0, 1.0]]}, "Bone": {"matrix": [[0.7215553522109985, -0.33858945965766907, -0.6039161682128906, -1.5772826671600342], [0.6636508703231812, 0.586799144744873, 0.46393340826034546, 0.1912451684474945], [0.1972944587469101, -0.7355431318283081, 0.6481132507324219, 0.6526210904121399], [0.0, 0.0, 0.0, 1.0]]}, "finger1joint1": {"matrix": [[-0.18307265639305115, -0.5587376356124878, -0.8088858723640442, -1.8590526580810547], [0.8839928507804871, -0.4535787105560303, 0.11323805153369904, 0.6795721650123596], [-0.43016380071640015, -0.6943185329437256, 0.5769580006599426, 0.04051116108894348], [0.0, 0.0, 0.0, 1.0]]}, "finger1joint2": {"matrix": [[0.08310326188802719, -0.24998323619365692, -0.964677095413208, -2.1748390197753906], [0.8164360523223877, -0.5379946827888489, 0.2097471058368683, 0.42321932315826416], [-0.5714244842529297, -0.8050278425216675, 0.15938633680343628, -0.35190266370773315], [0.0, 0.0, 0.0, 1.0]]}, "finger1joint3": {"matrix": [[-0.00590484170243144, 0.2453131228685379, -0.9694257974624634, -2.2820029258728027], [0.8526652455329895, -0.5052341818809509, -0.13304303586483002, 0.19258981943130493], [-0.5224243402481079, -0.8273812532424927, -0.20618650317192078, -0.6970047950744629], [0.0, 0.0, 0.0, 1.0]]}, "Bone.001": {"matrix": [[0.4878994822502136, -0.7572700381278992, -0.43416106700897217, -1.5772827863693237], [0.8728201389312744, 0.4299456477165222, 0.23093634843826294, 0.1912451982498169], [0.011784447357058525, -0.49161818623542786, 0.8707308769226074, 0.6526210904121399], [0.0, 0.0, 0.0, 1.0]]}, "finger2joint1": {"matrix": [[-0.21428465843200684, -0.8744654059410095, -0.43519195914268494, -2.0573036670684814], [0.8126481175422668, -0.4067993760108948, 0.4172733426094055, 0.4637807011604309], [-0.541926920413971, -0.26424258947372437, 0.7978036403656006, 0.34099239110946655], [0.0, 0.0, 0.0, 1.0]]}, "finger2joint2": {"matrix": [[-0.25134795904159546, 0.4156806170940399, -0.8740900754928589, -2.8138468265533447], [0.7304778099060059, -0.5110110640525818, -0.45306703448295593, 0.11183863878250122], [-0.6350009441375732, -0.752380907535553, -0.17520375549793243, 0.112383171916008], [0.0, 0.0, 0.0, 1.0]]}, "finger2joint3": {"matrix": [[-0.12289710342884064, 0.9794387221336365, 0.15998658537864685, -2.6560473442077637], [0.7045868039131165, 0.19964024424552917, -0.6809559464454651, -0.08214955031871796], [-0.6988944411277771, 0.029036786407232285, -0.7146348357200623, -0.17323297262191772], [0.0, 0.0, 0.0, 1.0]]}, "Bone.002": {"matrix": [[-0.17153441905975342, -0.9276502132415771, -0.3317238986492157, -1.5772825479507446], [0.9216521978378296, -0.27005693316459656, 0.2786153554916382, 0.1912451982498169], [-0.3480418920516968, -0.2579417824745178, 0.9012949466705322, 0.6526211500167847], [0.0, 0.0, 0.0, 1.0]]}, "finger3joint1": {"matrix": [[-0.0027955500409007072, -0.5486231446266174, -0.8360649347305298, -1.9682964086532593], [0.9608221650123596, -0.2331923395395279, 0.14980746805667877, 0.07741348445415497], [-0.27715185284614563, -0.8028907775878906, 0.5277811884880066, 0.5438960790634155], [0.0, 0.0, 0.0, 1.0]]}, "finger3joint2": {"matrix": [[-0.05707447975873947, 0.13852714002132416, -0.9887126088142395, -2.449538469314575], [0.9053176641464233, -0.4103112518787384, -0.1097484901547432, -0.12713852524757385], [-0.42088305950164795, -0.9013626575469971, -0.1019926369190216, -0.1603848934173584], [0.0, 0.0, 0.0, 1.0]]}, "finger3joint3": {"matrix": [[0.11694855242967606, 0.46786731481552124, -0.8760268092155457, -2.35990047454834], [0.8893924951553345, -0.4418521821498871, -0.11725091189146042, -0.3926428556442261], [-0.4419322609901428, -0.7654193639755249, -0.46779146790504456, -0.7436388731002808], [0.0, 0.0, 0.0, 1.0]]}, "Bone.003": {"matrix": [[-0.7702233791351318, -0.4487084150314331, 0.45322898030281067, -1.5772826671600342], [0.6263541579246521, -0.6660693883895874, 0.4050087630748749, 0.19124522805213928], [0.12015122175216675, 0.5958291292190552, 0.7940725088119507, 0.6526210308074951], [0.0, 0.0, 0.0, 1.0]]}, "finger4joint1": {"matrix": [[-0.32543516159057617, -0.6620409488677979, -0.6751245856285095, -1.7696080207824707], [0.7455408573150635, -0.6188196539878845, 0.2474488914012909, -0.0942450761795044], [-0.5816016793251038, -0.4228043258190155, 0.6949644088745117, 0.9080050587654114], [0.0, 0.0, 0.0, 1.0]]}, "finger4joint2": {"matrix": [[-0.35350173711776733, 0.026129933074116707, -0.9350685477256775, -2.4272522926330566], [0.7357988357543945, -0.609472930431366, -0.29519933462142944, -0.7089551687240601], [-0.5776124596595764, -0.792375922203064, 0.19622357189655304, 0.4880085587501526], [0.0, 0.0, 0.0, 1.0]]}, "finger4joint3": {"matrix": [[-0.3407336175441742, 0.49822232127189636, -0.7972920536994934, -2.4163544178009033], [0.788154661655426, -0.31096041202545166, -0.5311456322669983, -0.9631437659263611], [-0.5125548243522644, -0.8093687891960144, -0.28672143816947937, 0.15753793716430664], [0.0, 0.0, 0.0, 1.0]]}}