{"root": {"matrix": [[0.3703157901763916, -0.9287962317466736, 0.014275346882641315, 0.0], [0.291486918926239, 0.10159818828105927, -0.9511641263961792, 0.0], [0.8819873332977295, 0.35639217495918274, 0.30835530161857605, 0.0], [0.0, 0.0, 0.0, 1.0]]}, "carpals": {"matrix": [[-0.020779892802238464, -0.5025619268417358, -0.8642913103103638, -0.07326629757881165], [0.9479407668113708, -0.2846664488315582, 0.14273470640182495, 0.865571916103363], [-0.3177676200866699, -0.8163309693336487, 0.4823143184185028, 2.3087663650512695], [0.0, 0.0, 0.0, 1.0]]}, "metacarpals": {"matrix": [[-0.18611550331115723, -0.7416666150093079, -0.6444310545921326, -0.5627584457397461], [0.8470922708511353, -0.45342713594436646, 0.27719759941101074, 0.5883085131645203], [-0.4977905750274658, -0.49430176615715027, 0.7126498818397522, 1.5136650800704956], [0.0, 0.0, 0.0, 1.0]]}, "finger5joint1": {"matrix": [[-0.3029734492301941, -0.6720597147941589, -0.6756793260574341, -0.6882500052452087], [0.7941997051239014, -0.569934606552124, 0.21076367795467377, 0.06688582897186279], [-0.5267386436462402, -0.47276848554611206, 0.7064247131347656, 1.025766372680664], [0.0, 0.0, 0.0, 1.0]]}, "finger5joint2": {"matrix": [[-0.5997803807258606, -0.7976105809211731, -0.06387632340192795, -1.3981282711029053], [0.22940915822982788, -0.09493201225996017, -0.9686893820762634, -0.5351203083992004], [0.7665731906890869, -0.5956545472145081, 0.23991750180721283, 0.5263941287994385], [0.0, 0.0, 0.0, 1.0]]}, "finger5joint3": {"matrix": [[-0.6671919226646423, -0.6772732734680176, -0.31008896231651306, -1.946353793144226], [0.2725257873535156, 0.16548487544059753, -0.947810173034668, -0.6003704071044922], [0.6932417154312134, -0.7168784737586975, 0.07416427135467529, 0.11697985231876373], [0.0, 0.0, 0.0, 1.0]]}, "Bone": {"matrix": [[0.7558287382125854, -0.20173616707324982, -0.6229166388511658, -1.7207059860229492], [0.5537425875663757, 0.7046300768852234, 0.4436953365802765, -0.11961716413497925], [0.3494163751602173, -0.680293083190918, 0.6442896127700806, 0.7419228553771973], [0.0, 0.0, 0.0, 1.0]]}, "finger1joint1": {"matrix": [[-0.03671902418136597, -0.5038480162620544, -0.863011360168457, -1.8885881900787354], [0.9536794424057007, -0.27568936347961426, 0.12037777900695801, 0.4667673110961914], [-0.2985750734806061, -0.8186160326004028, 0.4906326234340668, 0.17579129338264465], [0.0, 0.0, 0.0, 1.0]]}, "finger1joint2": {"matrix": [[0.23785924911499023, -0.2280292958021164, -0.9441532492637634, -2.1733524799346924], [0.8770681619644165, -0.3672412037849426, 0.3096536695957184, 0.31095361709594727], [-0.41734203696250916, -0.9017407298088074, 0.11264564096927643, -0.2868727743625641], [0.0, 0.0, 0.0, 1.0]]}, "finger1joint3": {"matrix": [[0.14922387897968292, 0.21496981382369995, -0.9651528000831604, -2.2711048126220703], [0.916797935962677, -0.39573752880096436, 0.053604479879140854, 0.15352338552474976], [-0.3704237937927246, -0.8928491473197937, -0.2561372220516205, -0.6734341382980347], [0.0, 0.0, 0.0, 1.0]]}, "Bone.001": {"matrix": [[0.5639553666114807, -0.6568641066551208, -0.5004833340644836, -1.7207059860229492], [0.8076838850975037, 0.565005362033844, 0.16856898367404938, -0.11961713433265686], [0.1720489263534546, -0.4992976188659668, 0.8491764068603516, 0.7419228553771973], [0.0, 0.0, 0.0, 1.0]]}, "finger2joint1": {"matrix": [[0.26737096905708313, -0.43899863958358765, -0.8577835559844971, -2.1370816230773926], [0.9098939299583435, 0.40804436802864075, 0.07478375732898712, 0.2385304868221283], [0.3171839118003845, -0.8004869818687439, 0.5085415244102478, 0.4254262149333954], [0.0, 0.0, 0.0, 1.0]]}, "finger2joint2": {"matrix": [[0.3046973645687103, 0.10480852425098419, -0.9466648697853088, -2.516880750656128], [0.9322453141212463, 0.17081622779369354, 0.3189677894115448, 0.5915496349334717], [0.1951364278793335, -0.9797124266624451, -0.04565983638167381, -0.2671142816543579], [0.0, 0.0, 0.0, 1.0]]}, "finger2joint3": {"matrix": [[0.39806807041168213, 0.628170371055603, -0.6685382723808289, -2.4770936965942383], [0.9134305119514465, -0.20407085120677948, 0.3521358072757721, 0.656394362449646], [0.08477223664522171, -0.7508373856544495, -0.6550239324569702, -0.6390291452407837], [0.0, 0.0, 0.0, 1.0]]}, "Bone.002": {"matrix": [[-0.045976605266332626, -0.9163030982017517, -0.3978373408317566, -1.7207059860229492], [0.9701260924339294, -0.13592414557933807, 0.20094797015190125, -0.11961712688207626], [-0.23820480704307556, -0.3767133355140686, 0.8951788544654846, 0.7419228553771973], [0.0, 0.0, 0.0, 1.0]]}, "finger3joint1": {"matrix": [[0.13753335177898407, -0.5167174339294434, -0.8450369238853455, -2.1069371700286865], [0.9812344312667847, -0.04532629996538162, 0.18741588294506073, -0.17691051959991455], [-0.13514339923858643, -0.8549550771713257, 0.500787079334259, 0.5831344127655029], [0.0, 0.0, 0.0, 1.0]]}, "finger3joint2": {"matrix": [[0.08677509427070618, 0.24599099159240723, -0.9653798937797546, -2.560192108154297], [0.9537044763565063, -0.3006071150302887, 0.009127136319875717, -0.2166699320077896], [-0.28795477747917175, -0.9214789867401123, -0.26068776845932007, -0.16681647300720215], [0.0, 0.0, 0.0, 1.0]]}, "finger3joint3": {"matrix": [[0.2599778473377228, 0.5939041972160339, -0.7613731622695923, -2.4010159969329834], [0.9224820137023926, -0.3857840299606323, 0.014061600901186466, -0.4111868441104889], [-0.2853742837905884, -0.706008791923523, -0.6481610536575317, -0.7630873322486877], [0.0, 0.0, 0.0, 1.0]]}, "Bone.003": {"matrix": [[-0.7161558866500854, -0.570215106010437, 0.40246152877807617, -1.7207061052322388], [0.6858975887298584, -0.6816594004631042, 0.2547254264354706, -0.11961710453033447], [0.12909355759620667, 0.4584704637527466, 0.8792834877967834, 0.7419228553771973], [0.0, 0.0, 0.0, 1.0]]}, "finger4joint1": {"matrix": [[-0.18742598593235016, -0.7095939517021179, -0.6792256236076355, -1.9651113748550415], [0.8430216312408447, -0.4711126387119293, 0.2595522105693817, -0.41178956627845764], [-0.5041683316230774, -0.5239550471305847, 0.6865019798278809, 0.9384322166442871], [0.0, 0.0, 0.0, 1.0]]}, "finger4joint2": {"matrix": [[-0.21672382950782776, 0.3070732355117798, -0.9266802668571472, -2.6699931621551514], [0.836855411529541, -0.4303596615791321, -0.33832433819770813, -0.8797735571861267], [-0.5026959776878357, -0.8488205671310425, -0.16370658576488495, 0.41795670986175537], [0.0, 0.0, 0.0, 1.0]]}, "finger4joint3": {"matrix": [[-0.22792017459869385, 0.8187680244445801, -0.5269448757171631, -2.541923999786377], [0.8745924830436707, -0.06570764631032944, -0.4803854525089264, -1.059260606765747], [-0.42794835567474365, -0.570351779460907, -0.7011122703552246, 0.06394517421722412], [0.0, 0.0, 0.0, 1.0]]}}