{"root": {"matrix": [[0.39891210198402405, -0.8970528244972229, -0.1901720017194748, -5.960464477539063e-08], [-0.6480019688606262, -0.12903042137622833, -0.7506294846534729, 0.0], [0.6488162875175476, 0.422666996717453, -0.6327638030052185, 2.9802322387695312e-08], [0.0, 0.0, 0.0, 1.0]]}, "carpals": {"matrix": [[0.09138814359903336, -0.5801364183425903, -0.8093761205673218, 0.04545968770980835], [0.9565428495407104, 0.27714452147483826, -0.09064392745494843, -1.5073461532592773], [0.2769002318382263, -0.7659192681312561, 0.5802531838417053, 1.9521336555480957], [0.0, 0.0, 0.0, 1.0]]}, "metacarpals": {"matrix": [[0.12046600878238678, -0.8898406028747559, -0.4400811791419983, -0.5195897817611694], [0.977375864982605, 0.1839480996131897, -0.10439889878034592, -1.237408995628357], [0.17385068535804749, -0.417548269033432, 0.8918684124946594, 1.2061328887939453], [0.0, 0.0, 0.0, 1.0]]}, "finger5joint1": {"matrix": [[-0.23331208527088165, -0.6643474698066711, -0.7100757956504822, -0.8674969673156738], [0.9714735150337219, -0.12734894454479218, -0.20005282759666443, -1.260985016822815], [0.04247739538550377, -0.736494779586792, 0.6751080751419067, 0.5704604387283325], [0.0, 0.0, 0.0, 1.0]]}, "finger5joint2": {"matrix": [[-0.7670407891273499, -0.6415975689888, -0.0006352288764901459, -1.5692287683486938], [-0.1797645539045334, 0.21586152911186218, -0.959733247756958, -1.3955001831054688], [0.6158998608589172, -0.736040472984314, -0.2809114456176758, -0.2074785828590393], [0.0, 0.0, 0.0, 1.0]]}, "finger5joint3": {"matrix": [[-0.8223841786384583, -0.5464364886283875, -0.15840084850788116, -2.010221242904663], [-0.1057165116071701, 0.42033851146698, -0.901187539100647, -1.2471309900283813], [0.5590239763259888, -0.724376916885376, -0.4034474492073059, -0.7133851051330566], [0.0, 0.0, 0.0, 1.0]]}, "Bone": {"matrix": [[0.9317604303359985, 0.039345499128103256, -0.36093512177467346, -1.908877968788147], [-0.021275484934449196, 0.9983193278312683, 0.05390346422791481, -0.9502149820327759], [0.36244943737983704, -0.042545877397060394, 0.9310317039489746, 0.5542241930961609], [0.0, 0.0, 0.0, 1.0]]}, "finger1joint1": {"matrix": [[0.21744795143604279, -0.8827187418937683, -0.4165617525577545, -1.8761351108551025], [0.9403254389762878, 0.3038880527019501, -0.15310072898864746, -0.119425930082798], [0.2617332339286804, -0.3584122061729431, 0.896122932434082, 0.5188180208206177], [0.0, 0.0, 0.0, 1.0]]}, "finger1joint2": {"matrix": [[0.3515591323375702, -0.3628869652748108, -0.8629710078239441, -2.375028610229492], [0.9360217452049255, 0.12009552121162415, 0.3308173418045044, 0.052325017750263214], [-0.016410233452916145, -0.92406165599823, 0.3818909227848053, 0.3162511885166168], [0.0, 0.0, 0.0, 1.0]]}, "finger1joint3": {"matrix": [[0.2754313349723816, 0.9404066205024719, -0.19943104684352875, -2.530592203140259], [0.9596729278564453, -0.2568359076976776, 0.11429361999034882, 0.10380798578262329], [0.05626155436038971, -0.22286872565746307, -0.9732235670089722, -0.07987883687019348], [0.0, 0.0, 0.0, 1.0]]}, "Bone.001": {"matrix": [[0.8406598567962646, -0.4214523136615753, -0.34010085463523865, -1.908877968788147], [0.32422882318496704, 0.8946859836578369, -0.3072657883167267, -0.9502149820327759], [0.4337815046310425, 0.1480357050895691, 0.8887737989425659, 0.5542241334915161], [0.0, 0.0, 0.0, 1.0]]}, "finger2joint1": {"matrix": [[0.27728191018104553, -0.10509223490953445, -0.9550235867500305, -2.1760294437408447], [0.9092051386833191, 0.3500174283981323, 0.22546246647834778, -0.3830881714820862], [0.3105807602405548, -0.9308292269706726, 0.19260400533676147, 0.6480615735054016], [0.0, 0.0, 0.0, 1.0]]}, "finger2joint2": {"matrix": [[0.3537069857120514, -0.004714726936072111, -0.9353442192077637, -2.2669501304626465], [0.9123902320861816, 0.22197121381759644, 0.34390780329704285, -0.08027093857526779], [0.20599830150604248, -0.9750416278839111, 0.08281451463699341, -0.15724438428878784], [0.0, 0.0, 0.0, 1.0]]}, "finger2joint3": {"matrix": [[0.4329833686351776, 0.15799173712730408, -0.8874478340148926, -2.268739700317383], [0.8974252939224243, 0.016817606985569, 0.4408453106880188, 0.003992972895503044], [0.084574855864048, -0.9872970581054688, -0.13450400531291962, -0.5273861885070801], [0.0, 0.0, 0.0, 1.0]]}, "Bone.002": {"matrix": [[0.3139421045780182, -0.9211418032646179, -0.23008230328559875, -1.9088777303695679], [0.8610218167304993, 0.3783401846885681, -0.3398526906967163, -0.9502149224281311], [0.4001021683216095, -0.09141173213720322, 0.9119002819061279, 0.5542241930961609], [0.0, 0.0, 0.0, 1.0]]}, "finger3joint1": {"matrix": [[0.2526111900806427, -0.46803608536720276, -0.8468350768089294, -2.2971487045288086], [0.9311615824699402, 0.35542023181915283, 0.08132889866828918, -0.7907407283782959], [0.26291772723197937, -0.8090848922729492, 0.5256004333496094, 0.5156932473182678], [0.0, 0.0, 0.0, 1.0]]}, "finger3joint2": {"matrix": [[0.2080848217010498, 0.39805155992507935, -0.8934515118598938, -2.707700729370117], [0.9717822074890137, 0.019607143476605415, 0.23506328463554382, -0.4789727032184601], [0.11108560115098953, -0.9171534180641174, -0.38273948431015015, -0.19402116537094116], [0.0, 0.0, 0.0, 1.0]]}, "finger3joint3": {"matrix": [[0.3748570382595062, 0.7449455857276917, -0.5518497228622437, -2.450129508972168], [0.9181724786758423, -0.21598760783672333, 0.33212706446647644, -0.4662852883338928], [0.12822413444519043, -0.6311936378479004, -0.764953076839447, -0.7874929904937744], [0.0, 0.0, 0.0, 1.0]]}, "Bone.003": {"matrix": [[-0.38806575536727905, -0.7563136219978333, 0.5266826152801514, -1.908877968788147], [0.5864600539207458, -0.6434834599494934, -0.4919282793998718, -0.9502148628234863], [0.710963785648346, 0.11797772347927094, 0.6932616829872131, 0.5542241930961609], [0.0, 0.0, 0.0, 1.0]]}, "finger4joint1": {"matrix": [[0.11700093746185303, -0.5665401816368103, -0.8156853318214417, -2.233048677444458], [0.9790226817131042, 0.2037474364042282, -0.0010846346849575639, -1.2260245084762573], [0.16680854558944702, -0.7984477877616882, 0.5784944891929626, 0.6047917604446411], [0.0, 0.0, 0.0, 1.0]]}, "finger4joint2": {"matrix": [[0.08821046352386475, 0.7764337658882141, -0.6239944696426392, -2.7958264350891113], [0.983232319355011, 0.03250214457511902, 0.1794358491897583, -1.0236300230026245], [0.15960146486759186, -0.6293599009513855, -0.7605479955673218, -0.18835356831550598], [0.0, 0.0, 0.0, 1.0]]}, "finger4joint3": {"matrix": [[0.0324820801615715, 0.6408022046089172, 0.7670183181762695, -2.4720048904418945], [0.9743971228599548, -0.19112463295459747, 0.11841021478176117, -1.0100747346878052], [0.2224738895893097, 0.7435344457626343, -0.6306041479110718, -0.450836181640625], [0.0, 0.0, 0.0, 1.0]]}}