{"root": {"matrix": [[0.12758630514144897, -0.9618352055549622, 0.24206368625164032, 5.960464477539063e-08], [-0.31402814388275146, -0.27067670226097107, -0.9100112318992615, 0.0], [0.9408017992973328, 0.040090132504701614, -0.33657804131507874, 3.725290298461914e-09], [0.0, 0.0, 0.0, 1.0]]}, "carpals": {"matrix": [[-0.567438006401062, 0.005483387503772974, -0.8233977556228638, -0.6801412105560303], [0.799387514591217, 0.2434782236814499, -0.5492701530456543, -0.8727999925613403], [0.19746780395507812, -0.9698906540870667, -0.1425422579050064, 2.2046797275543213], [0.0, 0.0, 0.0, 1.0]]}, "metacarpals": {"matrix": [[-0.7120188474655151, -0.6962244510650635, -0.09110696613788605, -0.6748003959655762], [0.47698190808296204, -0.38437071442604065, -0.790409505367279, -0.6356537938117981], [0.5152837634086609, -0.6062429547309875, 0.6057655215263367, 1.260012149810791], [0.0, 0.0, 0.0, 1.0]]}, "finger5joint1": {"matrix": [[-0.7162961959838867, -0.5793675780296326, -0.38891223073005676, -0.9097011685371399], [0.2879197895526886, 0.2622954249382019, -0.9210336804389954, -0.6135474443435669], [0.6356272101402283, -0.7717084288597107, -0.021070025861263275, 0.5744410157203674], [0.0, 0.0, 0.0, 1.0]]}, "finger5joint2": {"matrix": [[-0.3768378794193268, -0.5975295305252075, 0.7077789902687073, -1.5216708183288574], [-0.9254441857337952, 0.27530762553215027, -0.2603042721748352, -0.33649206161499023], [-0.039317693561315536, -0.7531024813652039, -0.6567269563674927, -0.24069321155548096], [0.0, 0.0, 0.0, 1.0]]}, "finger5joint3": {"matrix": [[-0.4693668782711029, -0.6786085367202759, 0.5649641752243042, -1.9323738813400269], [-0.8799605369567871, 0.4125436246395111, -0.23553472757339478, -0.14726348221302032], [-0.07323668897151947, -0.607698380947113, -0.7907835245132446, -0.7583270072937012], [0.0, 0.0, 0.0, 1.0]]}, "Bone": {"matrix": [[0.583068311214447, -0.7941656112670898, -0.17126628756523132, -1.7617998123168945], [0.5188865065574646, 0.5262411832809448, -0.6736665964126587, -1.2357630729675293], [0.6251303553581238, 0.30392611026763916, 0.7189162969589233, 0.3134986162185669], [0.0, 0.0, 0.0, 1.0]]}, "finger1joint1": {"matrix": [[-0.5959396362304688, -0.3730747401714325, -0.711105465888977, -2.4226949214935303], [0.5154556035995483, 0.5013052225112915, -0.694980800151825, -0.7978317141532898], [0.6157609224319458, -0.7807098627090454, -0.10644426196813583, 0.566422164440155], [0.0, 0.0, 0.0, 1.0]]}, "finger1joint2": {"matrix": [[-0.3435598313808441, 0.36673295497894287, -0.8645654320716858, -2.6335487365722656], [0.6924424767494202, 0.7208238244056702, 0.0305985938757658, -0.5145048499107361], [0.6344211101531982, -0.5881493091583252, -0.5015875697135925, 0.1251818686723709], [0.0, 0.0, 0.0, 1.0]]}, "finger1joint3": {"matrix": [[-0.4425725042819977, 0.7889068722724915, -0.42632782459259033, -2.4763362407684326], [0.6650677919387817, 0.6076730489730835, 0.4340716004371643, -0.205499529838562], [0.6015102863311768, -0.09142867475748062, -0.7936158180236816, -0.12694808840751648], [0.0, 0.0, 0.0, 1.0]]}, "Bone.001": {"matrix": [[0.25549888610839844, -0.9578615427017212, 0.1312301605939865, -1.7618000507354736], [0.5830351114273071, 0.04437641799449921, -0.8112338781356812, -1.2357630729675293], [0.7712264060974121, 0.2837812304496765, 0.5698049068450928, 0.3134986162185669], [0.0, 0.0, 0.0, 1.0]]}, "finger2joint1": {"matrix": [[-0.6175066232681274, -0.5485211610794067, -0.5637462735176086, -2.3689727783203125], [0.5384761095046997, 0.22763267159461975, -0.8113116025924683, -1.2076336145401], [0.573348879814148, -0.8045542240142822, 0.15480074286460876, 0.49338290095329285], [0.0, 0.0, 0.0, 1.0]]}, "finger2joint2": {"matrix": [[-0.6098294854164124, 0.5914452075958252, -0.5275417566299438, -2.8435254096984863], [0.6295167207717896, 0.7658745050430298, 0.13093748688697815, -1.010697364807129], [0.4814734160900116, -0.2522467076778412, -0.8393775224685669, -0.20267631113529205], [0.0, 0.0, 0.0, 1.0]]}, "finger2joint3": {"matrix": [[-0.4883746802806854, 0.872629702091217, 0.002703266916796565, -2.6190030574798584], [0.6989715099334717, 0.3893270492553711, 0.5998858213424683, -0.7199589610099792], [0.5224259495735168, 0.29485857486724854, -0.8000806570053101, -0.2984333038330078], [0.0, 0.0, 0.0, 1.0]]}, "Bone.002": {"matrix": [[-0.4868437349796295, -0.8445736169815063, 0.22288641333580017, -1.7618001699447632], [0.46153467893600464, -0.46536287665367126, -0.7552635073661804, -1.2357630729675293], [0.7415989637374878, -0.2648255527019501, 0.6163588762283325, 0.3134985864162445], [0.0, 0.0, 0.0, 1.0]]}, "finger3joint1": {"matrix": [[-0.5998106002807617, -0.7399851679801941, -0.3043830692768097, -2.1177961826324463], [0.5189623832702637, -0.07023531198501587, -0.8519066572189331, -1.4319181442260742], [0.6090201139450073, -0.6689459681510925, 0.42615216970443726, 0.20187199115753174], [0.0, 0.0, 0.0, 1.0]]}, "finger3joint2": {"matrix": [[-0.6970077753067017, 0.5870768427848816, -0.4117290675640106, -2.766897678375244], [0.533980131149292, 0.8081822991371155, 0.2484080195426941, -1.4935274124145508], [0.4785870313644409, -0.04671262577176094, -0.8767966032028198, -0.3849150836467743], [0.0, 0.0, 0.0, 1.0]]}, "finger3joint3": {"matrix": [[-0.587845504283905, 0.5099231004714966, 0.628025472164154, -2.387011766433716], [0.524032473564148, -0.35140261054039, 0.7758260369300842, -0.9705684185028076], [0.6163017153739929, 0.785171389579773, -0.06064564362168312, -0.41514188051223755], [0.0, 0.0, 0.0, 1.0]]}, "Bone.003": {"matrix": [[-0.6394380927085876, 0.10019346326589584, 0.7622860670089722, -1.7618000507354736], [-0.33781111240386963, -0.9272558093070984, -0.1614936739206314, -1.2357631921768188], [0.6906535625457764, -0.3607741594314575, 0.6267691850662231, 0.3134986162185669], [0.0, 0.0, 0.0, 1.0]]}, "finger4joint1": {"matrix": [[-0.7157144546508789, -0.6256267428398132, -0.3103926181793213, -1.7188552618026733], [0.4784899055957794, -0.11552862077951431, -0.8704597353935242, -1.6332030296325684], [0.5087239742279053, -0.7715205550193787, 0.38204148411750793, 0.15886378288269043], [0.0, 0.0, 0.0, 1.0]]}, "finger4joint2": {"matrix": [[-0.7357279062271118, -0.0065062339417636395, -0.677245557308197, -2.340327262878418], [0.45881789922714233, 0.7307512760162354, -0.5054585933685303, -1.7479643821716309], [0.49818697571754456, -0.6826123595237732, -0.534649133682251, -0.6075330972671509], [0.0, 0.0, 0.0, 1.0]]}, "finger4joint3": {"matrix": [[-0.7226545810699463, 0.3117460012435913, -0.6169151067733765, -2.343040704727173], [0.4038304388523102, 0.9147700667381287, -0.010785969905555248, -1.4431952238082886], [0.5609732866287231, -0.25692352652549744, -0.7869554758071899, -0.892225444316864], [0.0, 0.0, 0.0, 1.0]]}}