{"root": {"matrix": [[0.5454729199409485, -0.5363813638687134, 0.6440142393112183, 0.0], [0.6859195828437805, 0.7272564768791199, 0.02474518120288849, 0.0], [-0.48163631558418274, 0.4282442033290863, 0.7646132111549377, 2.9802322387695312e-08], [0.0, 0.0, 0.0, 1.0]]}, "carpals": {"matrix": [[-0.7585742473602295, -0.6514301896095276, 0.014264126308262348, 0.6361498236656189], [0.6227566599845886, -0.7312766313552856, -0.2782234847545624, 2.2602577209472656], [0.19167424738407135, -0.2021702080965042, 0.9604103565216064, -0.7559982538223267], [0.0, 0.0, 0.0, 1.0]]}, "metacarpals": {"matrix": [[0.024730974808335304, -0.7106664180755615, 0.7030940651893616, 0.0016608238220214844], [-0.11651474982500076, -0.7005649209022522, -0.7040119171142578, 1.5479986667633057], [0.9928809404373169, -0.06451000273227692, -0.10012882202863693, -0.9529107809066772], [0.0, 0.0, 0.0, 1.0]]}, "finger5joint1": {"matrix": [[-0.32908955216407776, -0.8124755620956421, 0.48123085498809814, -0.6974643468856812], [-0.45422449707984924, -0.31058692932128906, -0.8349943161010742, 1.4582597017288208], [0.8278766870498657, -0.4933749735355377, -0.2668355107307434, -1.1227514743804932], [0.0, 0.0, 0.0, 1.0]]}, "finger5joint2": {"matrix": [[0.5460206270217896, -0.6067771911621094, -0.5776522755622864, -1.5556597709655762], [-0.8029729127883911, -0.5757027864456177, -0.15427301824092865, 1.1301953792572021], [-0.2389468401670456, 0.5480756163597107, -0.8015717267990112, -1.6438897848129272], [0.0, 0.0, 0.0, 1.0]]}, "finger5joint3": {"matrix": [[0.5179605484008789, -0.5394737124443054, -0.6638404726982117, -1.9727189540863037], [-0.8434945940971375, -0.45116040110588074, -0.29149699211120605, 0.7344945669174194], [-0.1422436684370041, 0.7109302282333374, -0.6887268424034119, -1.2671781778335571], [0.0, 0.0, 0.0, 1.0]]}, "Bone": {"matrix": [[0.6439183354377747, -0.20631705224514008, 0.7367510795593262, -1.107886791229248], [0.7311590313911438, -0.11766806244850159, -0.67198246717453, 0.45422232151031494], [0.2253335863351822, 0.9713842868804932, 0.0750819593667984, -1.0536288022994995], [0.0, 0.0, 0.0, 1.0]]}, "finger1joint1": {"matrix": [[0.19002936780452728, -0.4885634183883667, 0.8515834212303162, -1.2795814275741577], [-0.02084657922387123, -0.8692008852958679, -0.49401915073394775, 0.356300413608551], [0.9815570116043091, 0.07612555474042892, -0.1753586381673813, -0.24525484442710876], [0.0, 0.0, 0.0, 1.0]]}, "finger1joint2": {"matrix": [[-0.06853152811527252, -0.7268662452697754, 0.6833510398864746, -1.5557069778442383], [0.1479395627975464, -0.6847925782203674, -0.7135633826255798, -0.1349530816078186], [0.9866191744804382, 0.052193064242601395, 0.15446212887763977, -0.2022303342819214], [0.0, 0.0, 0.0, 1.0]]}, "finger1joint3": {"matrix": [[0.02773875556886196, -0.9516366720199585, 0.30597051978111267, -1.867302417755127], [0.09993714839220047, -0.30191442370414734, -0.9480822086334229, -0.4285123944282532], [0.9946070909500122, 0.05687647685408592, 0.08672907948493958, -0.17985601723194122], [0.0, 0.0, 0.0, 1.0]]}, "Bone.001": {"matrix": [[0.618252694606781, -0.16098065674304962, 0.7693168520927429, -1.107886791229248], [0.5635781288146973, -0.5914584398269653, -0.5766769051551819, 0.45422232151031494], [0.5478529334068298, 0.7901023626327515, -0.2749457061290741, -1.0536288022994995], [0.0, 0.0, 0.0, 1.0]]}, "finger2joint1": {"matrix": [[0.5072933435440063, -0.8306999206542969, -0.22932663559913635, -1.2099298238754272], [-0.018724603578448296, 0.25542253255844116, -0.9666480422019958, 0.07930649816989899], [0.8615698218345642, 0.49466830492019653, 0.11401960998773575, -0.5527958869934082], [0.0, 0.0, 0.0, 1.0]]}, "finger2joint2": {"matrix": [[0.44910624623298645, -0.3561496436595917, -0.8194270133972168, -1.9286088943481445], [0.09386137872934341, 0.9308518171310425, -0.353135347366333, 0.3002850413322449], [0.8885344862937927, 0.08168276399374008, 0.45148012042045593, -0.1248340904712677], [0.0, 0.0, 0.0, 1.0]]}, "finger2joint3": {"matrix": [[0.4767026901245117, -0.21991387009620667, -0.8511121869087219, -2.063809394836426], [0.23118393123149872, 0.9654834270477295, -0.11998068541288376, 0.6536515951156616], [0.848120391368866, -0.13956837356090546, 0.5110892057418823, -0.09382598102092743], [0.0, 0.0, 0.0, 1.0]]}, "Bone.002": {"matrix": [[0.31871646642684937, -0.45316213369369507, 0.8325044512748718, -1.107886791229248], [0.0005567598273046315, -0.8782183527946472, -0.4782593250274658, 0.45422235131263733], [0.9478499293327332, 0.1528925597667694, -0.27965039014816284, -1.053628921508789], [0.0, 0.0, 0.0, 1.0]]}, "finger3joint1": {"matrix": [[0.09846493601799011, -0.11071478575468063, 0.9889624118804932, -1.2988992929458618], [-0.04747730493545532, -0.9931826591491699, -0.10646045207977295, 0.0840444564819336], [0.994007408618927, -0.03647076338529587, -0.10305005311965942, -0.9891830682754517], [0.0, 0.0, 0.0, 1.0]]}, "finger3joint2": {"matrix": [[0.04127991199493408, -0.998429000377655, 0.037885233759880066, -1.3960161209106445], [-0.1997583657503128, -0.04539881646633148, -0.9787927865982056, -0.7871569991111755], [0.9789752960205078, 0.03283650428056717, -0.20131877064704895, -1.0211745500564575], [0.0, 0.0, 0.0, 1.0]]}, "finger3joint3": {"matrix": [[-0.015266654081642628, -0.5089178681373596, -0.860679566860199, -2.0420799255371094], [-0.03431859612464905, 0.8605395555496216, -0.5082259774208069, -0.8165336847305298], [0.9992943406105042, 0.021778471767902374, -0.030603043735027313, -0.999926745891571], [0.0, 0.0, 0.0, 1.0]]}, "Bone.003": {"matrix": [[0.42782485485076904, -0.02121851220726967, 0.903612494468689, -1.107886791229248], [-0.7087934613227844, -0.6282336115837097, 0.3208334445953369, 0.45422232151031494], [0.5608721375465393, -0.7777353525161743, -0.2838135063648224, -1.053628921508789], [0.0, 0.0, 0.0, 1.0]]}, "finger4joint1": {"matrix": [[0.19459404051303864, -0.44503164291381836, 0.8741164803504944, -1.1169815063476562], [0.11575185507535934, -0.8745062351226807, -0.47099876403808594, 0.18494915962219238], [0.9740300178527832, 0.19283409416675568, -0.11866048723459244, -1.3869812488555908], [0.0, 0.0, 0.0, 1.0]]}, "finger4joint2": {"matrix": [[0.20118439197540283, -0.7574712634086609, 0.621097207069397, -1.5590577125549316], [0.08655834197998047, -0.6178338527679443, -0.7815296053886414, -0.6837494373321533], [0.9757213592529297, 0.21099264919757843, -0.05873313173651695, -1.1954278945922852], [0.0, 0.0, 0.0, 1.0]]}, "finger4joint3": {"matrix": [[0.25434622168540955, -0.8834104537963867, 0.39356526732444763, -1.8749709129333496], [0.14904022216796875, -0.36628231406211853, -0.918489933013916, -0.941425085067749], [0.9555598497390747, 0.2922714948654175, 0.03850109875202179, -1.1074306964874268], [0.0, 0.0, 0.0, 1.0]]}}