{"root": {"matrix": [[0.49732717871665955, -0.8669017553329468, 0.033867619931697845, 0.0], [-0.10604946315288544, -0.09949100017547607, -0.9893710613250732, 0.0], [0.8610569834709167, 0.48844945430755615, -0.1414141207933426, 2.9802322387695312e-08], [0.0, 0.0, 0.0, 1.0]]}, "carpals": {"matrix": [[-0.15029177069664001, -0.5877540707588196, -0.7949573993682861, 0.2723473310470581], [0.9870436191558838, -0.04350610822439194, -0.15444062650203705, -0.22598014771938324], [0.056187838315963745, -0.8078688383102417, 0.586677610874176, 2.4412589073181152], [0.0, 0.0, 0.0, 1.0]]}, "metacarpals": {"matrix": [[-0.2683316469192505, -0.7781330943107605, -0.5678967833518982, -0.300121545791626], [0.9633063673973083, -0.22054986655712128, -0.15296530723571777, -0.2683548033237457], [-0.0062219733372330666, -0.5881040692329407, 0.8087611198425293, 1.6543995141983032], [0.0, 0.0, 0.0, 1.0]]}, "finger5joint1": {"matrix": [[-0.2582430839538574, -0.781376302242279, -0.5681207776069641, -0.463481068611145], [0.964708685874939, -0.17725276947021484, -0.19472673535346985, -0.5003181099891663], [0.05145413056015968, -0.5983579158782959, 0.7995748519897461, 0.9871802926063538], [0.0, 0.0, 0.0, 1.0]]}, "finger5joint2": {"matrix": [[-0.47100114822387695, -0.8796839714050293, 0.06567590683698654, -1.2888273000717163], [-0.22192388772964478, 0.046107128262519836, -0.9739730954170227, -0.6875452995300293], [0.8537606000900269, -0.47331738471984863, -0.2169397473335266, 0.35515138506889343], [0.0, 0.0, 0.0, 1.0]]}, "finger5joint3": {"matrix": [[-0.55396568775177, -0.8144258260726929, -0.1727192997932434, -1.8934649229049683], [-0.16269102692604065, 0.30935922265052795, -0.9369248151779175, -0.6558542847633362], [0.8164882659912109, -0.490924209356308, -0.3038744628429413, 0.02982373535633087], [0.0, 0.0, 0.0, 1.0]]}, "Bone": {"matrix": [[0.7725533246994019, -0.3000125288963318, -0.5596012473106384, -1.5150034427642822], [0.37883520126342773, 0.9250686168670654, 0.02705172449350357, -0.6126944422721863], [0.5095537900924683, -0.2328953742980957, 0.8283202052116394, 0.7362058162689209], [0.0, 0.0, 0.0, 1.0]]}, "finger1joint1": {"matrix": [[-0.17802879214286804, -0.9733991026878357, -0.14422084391117096, -1.7646702527999878], [0.976128101348877, -0.15616227686405182, -0.15095388889312744, 0.15713626146316528], [0.12441673129796982, -0.16765211522579193, 0.9779636859893799, 0.542393147945404], [0.0, 0.0, 0.0, 1.0]]}, "finger1joint2": {"matrix": [[-0.10616228729486465, -0.3738628029823303, -0.9213880300521851, -2.3148140907287598], [0.978664755821228, -0.20321637392044067, -0.030304573476314545, 0.0688767284154892], [-0.17591123282909393, -0.9049472212791443, 0.3874603807926178, 0.4476398229598999], [0.0, 0.0, 0.0, 1.0]]}, "finger1joint3": {"matrix": [[-0.185140460729599, 0.785259485244751, -0.5908386707305908, -2.475083112716675], [0.9773573279380798, 0.08445560187101364, -0.19401036202907562, -0.01823878288269043], [-0.10244868695735931, -0.613379716873169, -0.7831152081489563, 0.059703826904296875], [0.0, 0.0, 0.0, 1.0]]}, "Bone.001": {"matrix": [[0.553788423538208, -0.726971447467804, -0.40599325299263, -1.5150034427642822], [0.6698326468467712, 0.6785867810249329, -0.301403284072876, -0.6126944422721863], [0.4946134090423584, -0.10503371059894562, 0.8627427816390991, 0.7362058162689209], [0.0, 0.0, 0.0, 1.0]]}, "finger2joint1": {"matrix": [[-0.09813625365495682, -0.26082727313041687, -0.9603843688964844, -1.9758187532424927], [0.9705514907836914, 0.18825209140777588, -0.15030193328857422, -0.1825493723154068], [0.21999743580818176, -0.9468525648117065, 0.23467202484607697, 0.6696266531944275], [0.0, 0.0, 0.0, 1.0]]}, "finger2joint2": {"matrix": [[-0.032147809863090515, -0.11910956352949142, -0.9923603534698486, -2.2014732360839844], [0.9933183193206787, 0.1062980443239212, -0.04493747279047966, -0.019683269783854485], [0.11083868891000748, -0.9871743321418762, 0.11489652842283249, -0.14954185485839844], [0.0, 0.0, 0.0, 1.0]]}, "finger2joint3": {"matrix": [[0.04320253059267998, 0.11127710342407227, -0.9928497076034546, -2.2466890811920166], [0.9989704489707947, -0.018570249900221825, 0.04138750210404396, 0.02066921442747116], [-0.013831771910190582, -0.9936156868934631, -0.11196474730968475, -0.5242894887924194], [0.0, 0.0, 0.0, 1.0]]}, "Bone.002": {"matrix": [[-0.10363266617059708, -0.9483327865600586, -0.29987478256225586, -1.5150034427642822], [0.9579265713691711, -0.014032484963536263, -0.2866699993610382, -0.6126943826675415], [0.2676508128643036, -0.3169662654399872, 0.909887433052063, 0.7362058162689209], [0.0, 0.0, 0.0, 1.0]]}, "finger3joint1": {"matrix": [[-0.08836906403303146, -0.6300718188285828, -0.7714921832084656, -1.9147350788116455], [0.9825215339660645, 0.0722571611404419, -0.17155298590660095, -0.6186092495918274], [0.16383680701255798, -0.7731674909591675, 0.6126738786697388, 0.6026012897491455], [0.0, 0.0, 0.0, 1.0]]}, "finger3joint2": {"matrix": [[-0.15689003467559814, 0.1369931399822235, -0.9780686497688293, -2.4674224853515625], [0.9874924421310425, 0.03743057698011398, -0.15315906703472137, -0.5552266240119934], [0.015628214925527573, -0.9898644089698792, -0.14115209877490997, -0.07560694217681885], [0.0, 0.0, 0.0, 1.0]]}, "finger3joint3": {"matrix": [[0.016813142225146294, 0.5257623195648193, -0.8504651784896851, -2.378777027130127], [0.9998087882995605, -0.017337903380393982, 0.009047070518136024, -0.5310059785842896], [-0.009988409467041492, -0.8504548072814941, -0.5259531736373901, -0.7161287069320679], [0.0, 0.0, 0.0, 1.0]]}, "Bone.003": {"matrix": [[-0.7183869481086731, -0.4924638271331787, 0.4913240671157837, -1.5150034427642822], [0.47796177864074707, -0.8626000881195068, -0.16575151681900024, -0.6126943826675415], [0.5054429769515991, 0.11576027423143387, 0.8550595641136169, 0.7362058162689209], [0.0, 0.0, 0.0, 1.0]]}, "finger4joint1": {"matrix": [[-0.2559697926044464, -0.9010092616081238, -0.35023033618927, -1.7260828018188477], [0.9666704535484314, -0.2405373752117157, -0.0876912847161293, -0.9824215173721313], [-0.005232552997767925, -0.36100369691848755, 0.9325495362281799, 0.7858229279518127], [0.0, 0.0, 0.0, 1.0]]}, "finger4joint2": {"matrix": [[-0.28327175974845886, 0.1659809947013855, -0.9445670247077942, -2.6211087703704834], [0.9590288996696472, 0.053648628294467926, -0.27818170189857483, -1.221361517906189], [0.004502127878367901, -0.9846683740615845, -0.1743776500225067, 0.42721664905548096], [0.0, 0.0, 0.0, 1.0]]}, "finger4joint3": {"matrix": [[-0.28224053978919983, 0.8444313406944275, -0.4552750885486603, -2.5518839359283447], [0.9552165865898132, 0.2913359999656677, -0.05180981382727623, -1.1989867687225342], [0.0888884887099266, -0.4495093524456024, -0.8888418674468994, 0.01654800772666931], [0.0, 0.0, 0.0, 1.0]]}}