{"root": {"matrix": [[0.32851338386535645, -0.8360303640365601, 0.43946805596351624, 0.0], [0.8739194869995117, 0.09256996214389801, -0.4771745204925537, 7.450580596923828e-09], [0.3582509160041809, 0.54081791639328, 0.7610336542129517, 0.0], [0.0, 0.0, 0.0, 1.0]]}, "carpals": {"matrix": [[-0.6543908715248108, -0.4679816961288452, -0.5939406156539917, -0.12480339407920837], [0.7491133809089661, -0.5081835985183716, -0.4249451756477356, 2.1206021308898926], [-0.10296434164047241, -0.7230091094970703, 0.6831221580505371, 1.2539763450622559], [0.0, 0.0, 0.0, 1.0]]}, "metacarpals": {"matrix": [[-0.9002404808998108, -0.4062199294567108, 0.15669135749340057, -0.5806147456169128], [0.35574740171432495, -0.8937628269195557, -0.2731878459453583, 1.6256341934204102], [0.25101932883262634, -0.19019213318824768, 0.9491132497787476, 0.5497697591781616], [0.0, 0.0, 0.0, 1.0]]}, "finger5joint1": {"matrix": [[-0.7345607280731201, -0.6775647401809692, 0.036417797207832336, -0.7189285159111023], [0.46832841634750366, -0.5450981259346008, -0.6953678131103516, 1.1655504703521729], [0.49100804328918457, -0.49373432993888855, 0.7177305817604065, 0.006753265857696533], [0.0, 0.0, 0.0, 1.0]]}, "finger5joint2": {"matrix": [[0.10961925983428955, -0.6588055491447449, 0.7442836165428162, -1.4346213340759277], [-0.6776224374771118, -0.5973530411720276, -0.42894843220710754, 0.5897783637046814], [0.7271939516067505, -0.45732226967811584, -0.5119031071662903, -0.514764666557312], [0.0, 0.0, 0.0, 1.0]]}, "finger5joint3": {"matrix": [[0.006494606379419565, -0.7950432896614075, 0.6065173149108887, -1.8874415159225464], [-0.7057816386222839, -0.4333190619945526, -0.5604519844055176, 0.17919667065143585], [0.7083993554115295, -0.42442888021469116, -0.5639414191246033, -0.8290982246398926], [0.0, 0.0, 0.0, 1.0]]}, "Bone": {"matrix": [[0.24756580591201782, -0.9685849547386169, 0.023541288450360298, -1.2148367166519165], [0.9578492045402527, 0.24102286994457245, -0.1563093364238739, 0.23022238910198212], [0.145724818110466, 0.06124592199921608, 0.9874274134635925, 0.2528270184993744], [0.0, 0.0, 0.0, 1.0]]}, "finger1joint1": {"matrix": [[-0.3875442445278168, -0.9080925583839417, -0.15867307782173157, -2.0208816528320312], [0.7351370453834534, -0.2005818635225296, -0.6475647687911987, 0.43079864978790283], [0.5562218427658081, -0.36760643124580383, 0.7453069686889648, 0.30379512906074524], [0.0, 0.0, 0.0, 1.0]]}, "finger1joint2": {"matrix": [[-0.30259326100349426, 0.09119020402431488, -0.9487473368644714, -2.5341155529022217], [0.901250422000885, 0.35127392411231995, -0.2536812424659729, 0.3174341022968292], [0.31013691425323486, -0.9318212270736694, -0.1884782761335373, 0.09603193402290344], [0.0, 0.0, 0.0, 1.0]]}, "finger1joint3": {"matrix": [[-0.4002608060836792, 0.8782780766487122, 0.2615697979927063, -2.4950239658355713], [0.8574287295341492, 0.2581843137741089, 0.4451480209827423, 0.4680195152759552], [0.32343053817749023, 0.402452677488327, -0.8564019203186035, -0.3034244775772095], [0.0, 0.0, 0.0, 1.0]]}, "Bone.001": {"matrix": [[-0.09376836568117142, -0.923646867275238, 0.37159600853919983, -1.2148369550704956], [0.9573742151260376, -0.18607556819915771, -0.22093023359775543, 0.2302224040031433], [0.2732064425945282, 0.33504027128219604, 0.9017238616943359, 0.2528270483016968], [0.0, 0.0, 0.0, 1.0]]}, "finger2joint1": {"matrix": [[-0.8458226323127747, -0.4305383861064911, 0.3149927854537964, -1.8003214597702026], [0.470306396484375, -0.8805028200149536, 0.05938369780778885, 0.11227208375930786], [0.25178512930870056, 0.19837132096290588, 0.9472342729568481, 0.46520358324050903], [0.0, 0.0, 0.0, 1.0]]}, "finger2joint2": {"matrix": [[-0.9067662954330444, -0.25536882877349854, -0.33550184965133667, -2.1728014945983887], [0.38124552369117737, -0.1567484587430954, -0.9110880494117737, -0.649493932723999], [0.18007417023181915, -0.9540525674819946, 0.23949255049228668, 0.6368243098258972], [0.0, 0.0, 0.0, 1.0]]}, "finger2joint3": {"matrix": [[-0.8964428305625916, 0.13133513927459717, -0.4232505261898041, -2.2697434425354004], [0.44062402844429016, 0.3661629259586334, -0.8196187019348145, -0.7089982032775879], [0.047333963215351105, -0.9212358593940735, -0.3861135244369507, 0.27465033531188965], [0.0, 0.0, 0.0, 1.0]]}, "Bone.002": {"matrix": [[-0.7170693278312683, -0.5508751273155212, 0.42702215909957886, -1.2148369550704956], [0.5598289370536804, -0.8201678991317749, -0.11796608567237854, 0.23022238910198212], [0.41521450877189636, 0.1544695943593979, 0.8965131640434265, 0.2528270483016968], [0.0, 0.0, 0.0, 1.0]]}, "finger3joint1": {"matrix": [[-0.7299578785896301, -0.6813316941261292, -0.05430017411708832, -1.4470363855361938], [0.589711606502533, -0.5876466035842896, -0.5539959669113159, -0.11548662185668945], [0.34554579854011536, -0.43641507625579834, 0.8307465314865112, 0.3179374933242798], [0.0, 0.0, 0.0, 1.0]]}, "finger3joint2": {"matrix": [[-0.8258455395698547, -0.2859725058078766, -0.4860028326511383, -2.0446879863739014], [0.510414183139801, -0.01273234561085701, -0.8598344326019287, -0.6309593915939331], [0.23970113694667816, -0.9581530690193176, 0.15647949278354645, -0.06487774848937988], [0.0, 0.0, 0.0, 1.0]]}, "finger3joint3": {"matrix": [[-0.7455129027366638, 0.06784453988075256, -0.6630290150642395, -2.2297348976135254], [0.6464692950248718, 0.31561288237571716, -0.694597601890564, -0.6391982436180115], [0.16213589906692505, -0.9464594721794128, -0.2791527807712555, -0.684879720211029], [0.0, 0.0, 0.0, 1.0]]}, "Bone.003": {"matrix": [[-0.5321802496910095, 0.5036160945892334, 0.6805548071861267, -1.214836835861206], [-0.11162680387496948, -0.8385599255561829, 0.5332509875297546, 0.2302224040031433], [0.839239776134491, 0.20781753957271576, 0.5024821162223816, 0.2528270184993744], [0.0, 0.0, 0.0, 1.0]]}, "finger4joint1": {"matrix": [[-0.6706898808479309, -0.7105958461761475, 0.21266941726207733, -0.9989771842956543], [0.682961106300354, -0.7034738659858704, -0.19669362902641296, -0.12920069694519043], [0.2893771529197693, 0.013324550352990627, 0.957122266292572, 0.34190165996551514], [0.0, 0.0, 0.0, 1.0]]}, "finger4joint2": {"matrix": [[-0.6825709342956543, -0.7171153426170349, -0.14086174964904785, -1.704854130744934], [0.6627301573753357, -0.5261299014091492, -0.5328936576843262, -0.8280028104782104], [0.3080347180366516, -0.4570911228656769, 0.8343752026557922, 0.35513773560523987], [0.0, 0.0, 0.0, 1.0]]}, "finger4joint3": {"matrix": [[-0.6184637546539307, -0.554375171661377, -0.556929349899292, -2.003936290740967], [0.7118958830833435, -0.09518413245677948, -0.6958044171333313, -1.0474320650100708], [0.3327259123325348, -0.8268057703971863, 0.45352551341056824, 0.16450200974941254], [0.0, 0.0, 0.0, 1.0]]}}