{"root": {"matrix": [[0.573387086391449, -0.8184534311294556, 0.03689417243003845, -5.960464477539063e-08], [-0.33733534812927246, -0.27688688039779663, -0.8997436165809631, 0.0], [0.7466137409210205, 0.503455638885498, -0.43485671281814575, 0.0], [0.0, 0.0, 0.0, 1.0]]}, "carpals": {"matrix": [[-0.2301507294178009, -0.6628645062446594, -0.7124893069267273, 0.49143651127815247], [0.9166625142097473, 0.09815412759780884, -0.3874213397502899, -0.932741641998291], [0.32674187421798706, -0.7422776222229004, 0.5850328803062439, 2.2301273345947266], [0.0, 0.0, 0.0, 1.0]]}, "metacarpals": {"matrix": [[-0.30826079845428467, -0.8397801518440247, -0.44692757725715637, -0.1541895866394043], [0.8888388276100159, -0.08682412654161453, -0.4499187469482422, -0.8371400833129883], [0.3390290141105652, -0.5359389781951904, 0.7731937766075134, 1.5071535110473633], [0.0, 0.0, 0.0, 1.0]]}, "finger5joint1": {"matrix": [[-0.27784064412117004, -0.8220539093017578, -0.49702274799346924, -0.3954855799674988], [0.8630571961402893, 0.013582943938672543, -0.5049233436584473, -0.8575667142868042], [0.4218255281448364, -0.569247305393219, 0.7057056427001953, 0.8237547278404236], [0.0, 0.0, 0.0, 1.0]]}, "finger5joint2": {"matrix": [[-0.4264914393424988, -0.9020631313323975, 0.0662301704287529, -1.263798475265503], [-0.5355245471000671, 0.19282600283622742, -0.8222111463546753, -0.8432193398475647], [0.7289156317710876, -0.3861338198184967, -0.5653160810470581, 0.2224745899438858], [0.0, 0.0, 0.0, 1.0]]}, "finger5joint3": {"matrix": [[-0.5118378400802612, -0.8393359780311584, -0.18312940001487732, -1.8838179111480713], [-0.46910253167152405, 0.4516480565071106, -0.7589178681373596, -0.710683286190033], [0.7196972966194153, -0.3025363087654114, -0.6249056458473206, -0.042928747832775116], [0.0, 0.0, 0.0, 1.0]]}, "Bone": {"matrix": [[0.816838800907135, -0.36841699481010437, -0.44389525055885315, -1.4653195142745972], [0.2608107030391693, 0.9222163558006287, -0.2854725420475006, -0.9726966619491577], [0.5145404934883118, 0.11741265654563904, 0.8493892550468445, 0.6704039573669434], [0.0, 0.0, 0.0, 1.0]]}, "finger1joint1": {"matrix": [[0.04915831983089447, -0.6191737055778503, -0.7837136387825012, -1.771911382675171], [0.729917585849762, 0.5578736066818237, -0.39496469497680664, -0.20523956418037415], [0.6817651987075806, -0.5526304841041565, 0.47936999797821045, 0.7681133151054382], [0.0, 0.0, 0.0, 1.0]]}, "finger1joint2": {"matrix": [[0.2978053689002991, -0.28513798117637634, -0.9110477566719055, -2.1218552589416504], [0.804204523563385, 0.5891470909118652, 0.0784900039434433, 0.1100584864616394], [0.5143608450889587, -0.7560434341430664, 0.40476056933403015, 0.4557785391807556], [0.0, 0.0, 0.0, 1.0]]}, "finger1joint3": {"matrix": [[0.21426908671855927, 0.17681735754013062, -0.9606373310089111, -2.244089126586914], [0.785860538482666, 0.5528719425201416, 0.2770482301712036, 0.3626161217689514], [0.5800966620445251, -0.8142898082733154, -0.020490286871790886, 0.1316751390695572], [0.0, 0.0, 0.0, 1.0]]}, "Bone.001": {"matrix": [[0.5856364965438843, -0.7632331848144531, -0.2729555070400238, -1.4653196334838867], [0.5218256115913391, 0.6126795411109924, -0.5935667157173157, -0.9726966619491577], [0.6202642917633057, 0.205179363489151, 0.7570821642875671, 0.6704039573669434], [0.0, 0.0, 0.0, 1.0]]}, "finger2joint1": {"matrix": [[0.03856172785162926, -0.7838160395622253, -0.6197943091392517, -1.9491206407546997], [0.785028874874115, 0.4075262248516083, -0.46653154492378235, -0.5843291282653809], [0.6182576417922974, -0.4685661792755127, 0.6310332417488098, 0.8004637956619263], [0.0, 0.0, 0.0, 1.0]]}, "finger2joint2": {"matrix": [[0.02463315986096859, 0.06329751759767532, -0.9976904988288879, -2.6272382736206055], [0.8584058880805969, 0.5101668834686279, 0.05356113612651825, -0.2317582368850708], [0.5123792290687561, -0.8577427864074707, -0.04176783561706543, 0.3950842618942261], [0.0, 0.0, 0.0, 1.0]]}, "finger2joint3": {"matrix": [[0.12077800184488297, 0.8675034642219543, -0.4825453758239746, -2.6032094955444336], [0.9030132293701172, 0.10587754100561142, 0.4163612127304077, -0.03809051588177681], [0.41228577494621277, -0.4860323369503021, -0.77057945728302, 0.06947103142738342], [0.0, 0.0, 0.0, 1.0]]}, "Bone.002": {"matrix": [[-0.10818612575531006, -0.9808082580566406, -0.16220535337924957, -1.4653195142745972], [0.8105006814002991, 0.0074601913802325726, -0.5856900811195374, -0.9726966619491577], [0.5756600499153137, -0.1948310285806656, 0.7941386699676514, 0.6704039573669434], [0.0, 0.0, 0.0, 1.0]]}, "finger3joint1": {"matrix": [[-0.22321440279483795, -0.6001790761947632, -0.7680885791778564, -1.8787399530410767], [0.8916197419166565, 0.1927354484796524, -0.40971609950065613, -0.9695520997047424], [0.3939412832260132, -0.7762974500656128, 0.4921101927757263, 0.5882807374000549], [0.0, 0.0, 0.0, 1.0]]}, "finger3joint2": {"matrix": [[-0.2853414714336395, 0.08773111552000046, -0.9544020891189575, -2.4052059650421143], [0.9260928630828857, 0.2817085087299347, -0.25098252296447754, -0.8004881143569946], [0.24684454500675201, -0.955480694770813, -0.161630317568779, -0.09267312288284302], [0.0, 0.0, 0.0, 1.0]]}, "finger3joint3": {"matrix": [[-0.11607249826192856, 0.4326608180999756, -0.8940533995628357, -2.3484370708465576], [0.9679303765296936, 0.25118494033813477, -0.004107526037842035, -0.6182000637054443], [0.22279593348503113, -0.8658583164215088, -0.4479411840438843, -0.710945725440979], [0.0, 0.0, 0.0, 1.0]]}, "Bone.003": {"matrix": [[-0.6640225648880005, -0.4345685541629791, 0.6084603667259216, -1.4653195142745972], [0.22963359951972961, -0.8929597735404968, -0.3871578574180603, -0.9726966619491577], [0.7115773558616638, -0.11735876649618149, 0.6927369832992554, 0.6704039573669434], [0.0, 0.0, 0.0, 1.0]]}, "finger4joint1": {"matrix": [[-0.1716189831495285, -0.9567419290542603, -0.2349282205104828, -1.6515841484069824], [0.900847315788269, -0.05587737262248993, -0.43052467703819275, -1.3554364442825317], [0.3987741768360138, -0.2855207026004791, 0.8714682459831238, 0.6201016902923584], [0.0, 0.0, 0.0, 1.0]]}, "finger4joint2": {"matrix": [[-0.1980099081993103, 0.09198861569166183, -0.9758737683296204, -2.6019723415374756], [0.8908481597900391, 0.43218496441841125, -0.14001895487308502, -1.410942792892456], [0.4088781476020813, -0.8970807194709778, -0.1675247848033905, 0.3364771008491516], [0.0, 0.0, 0.0, 1.0]]}, "finger4joint3": {"matrix": [[-0.19067427515983582, 0.8745236396789551, -0.445927232503891, -2.5636072158813477], [0.8537917733192444, 0.37191611528396606, 0.36430418491363525, -1.2306945323944092], [0.48444047570228577, -0.3112657368183136, -0.8175761699676514, -0.037661947309970856], [0.0, 0.0, 0.0, 1.0]]}}