{"root": {"matrix": [[0.39540597796440125, -0.9127585887908936, 0.10259539633989334, -5.960464477539063e-08], [-0.02290043793618679, -0.12146001309156418, -0.9923321008682251, 0.0], [0.9182209372520447, 0.3900245726108551, -0.06892865896224976, 0.0], [0.0, 0.0, 0.0, 1.0]]}, "carpals": {"matrix": [[0.03189793601632118, -0.38989007472991943, -0.9203086495399475, -0.010757088661193848], [0.991396427154541, -0.10460668057203293, 0.07867854833602905, -0.059111520648002625], [-0.12694621086120605, -0.9149004817008972, 0.38319897651672363, 2.4660444259643555], [0.0, 0.0, 0.0, 1.0]]}, "metacarpals": {"matrix": [[0.20283591747283936, -0.8445728421211243, -0.49553409218788147, -0.39050769805908203], [0.9266312122344971, 0.001953597879037261, 0.37596622109413147, -0.16099780797958374], [-0.31656262278556824, -0.535436749458313, 0.7830039858818054, 1.574936866760254], [0.0, 0.0, 0.0, 1.0]]}, "finger5joint1": {"matrix": [[0.08065858483314514, -0.8345734477043152, -0.5449597239494324, -0.7042236924171448], [0.9340960383415222, -0.12748250365257263, 0.3334856927394867, -0.47713518142700195], [-0.34779092669487, -0.5359431505203247, 0.7692893147468567, 1.0028231143951416], [0.0, 0.0, 0.0, 1.0]]}, "finger5joint2": {"matrix": [[-0.4518642723560333, -0.6747657656669617, -0.5835316777229309, -1.5857603549957275], [0.2973802387714386, 0.5027698874473572, -0.8116570115089417, -0.6117913722991943], [0.8410608172416687, -0.5402893424034119, -0.026521848514676094, 0.4367211163043976], [0.0, 0.0, 0.0, 1.0]]}, "finger5joint3": {"matrix": [[-0.48006972670555115, -0.37470534443855286, -0.7931760549545288, -2.0495505332946777], [0.3872498869895935, 0.720788836479187, -0.5748918652534485, -0.2662200629711151], [0.7871277928352356, -0.5831453800201416, -0.20092429220676422, 0.06536129117012024], [0.0, 0.0, 0.0, 1.0]]}, "Bone": {"matrix": [[0.9046130180358887, 0.13587382435798645, -0.40399667620658875, -1.7091203927993774], [0.10941126197576523, 0.8420476913452148, 0.5281900763511658, -0.15794771909713745], [0.41195163130760193, -0.5220093131065369, 0.7468612790107727, 0.738971471786499], [0.0, 0.0, 0.0, 1.0]]}, "finger1joint1": {"matrix": [[0.35397446155548096, -0.9347144365310669, 0.03178999200463295, -1.5960477590560913], [0.9219541549682617, 0.35445088148117065, 0.15609298646450043, 0.5427939891815186], [-0.15717023611068726, -0.025943860411643982, 0.9872305393218994, 0.3045617938041687], [0.0, 0.0, 0.0, 1.0]]}, "finger1joint2": {"matrix": [[0.34611138701438904, -0.7561400532722473, -0.5553907155990601, -2.124328136444092], [0.82337886095047, -0.038955215364694595, 0.5661534070968628, 0.7431219220161438], [-0.44972658157348633, -0.6532490849494934, 0.6091070771217346, 0.2898988723754883], [0.0, 0.0, 0.0, 1.0]]}, "finger1joint3": {"matrix": [[0.3155921697616577, 0.7480905055999756, -0.5837481021881104, -2.4484732151031494], [0.8773537278175354, -0.46438878774642944, -0.12080380320549011, 0.7264224290847778], [-0.3614582121372223, -0.474029004573822, -0.8028974533081055, 0.009861737489700317], [0.0, 0.0, 0.0, 1.0]]}, "Bone.001": {"matrix": [[0.8428927659988403, -0.3422848880290985, -0.41517767310142517, -1.7091203927993774], [0.4492999017238617, 0.8722764253616333, 0.19303682446479797, -0.15794768929481506], [0.2960761785507202, -0.349248468875885, 0.8890241980552673, 0.738971471786499], [0.0, 0.0, 0.0, 1.0]]}, "finger2joint1": {"matrix": [[0.5494778752326965, -0.1956503689289093, -0.8122774362564087, -1.9260892868041992], [0.7494675517082214, 0.5451209545135498, 0.37568774819374084, 0.39497408270835876], [0.3692861497402191, -0.8152076601982117, 0.44616568088531494, 0.5175886154174805], [0.0, 0.0, 0.0, 1.0]]}, "finger2joint2": {"matrix": [[0.6022372245788574, -0.14085720479488373, -0.7857921123504639, -2.095355749130249], [0.7577542662620544, 0.41062864661216736, 0.5071414113044739, 0.8665847778320312], [0.2512344419956207, -0.9008566737174988, 0.35403120517730713, -0.1876874566078186], [0.0, 0.0, 0.0, 1.0]]}, "finger2joint3": {"matrix": [[0.6498945951461792, -0.039780907332897186, -0.7589823007583618, -2.14882755279541], [0.7514856457710266, 0.18290495872497559, 0.6338886618614197, 1.0224663019180298], [0.11360512673854828, -0.9823251366615295, 0.14876393973827362, -0.5296674370765686], [0.0, 0.0, 0.0, 1.0]]}, "Bone.002": {"matrix": [[0.3719240427017212, -0.8749176263809204, -0.31014740467071533, -1.709120273590088], [0.9271559715270996, 0.3338179886341095, 0.17013922333717346, -0.15794768929481506], [-0.04532485082745552, -0.3508336544036865, 0.9353401064872742, 0.7389714121818542], [0.0, 0.0, 0.0, 1.0]]}, "finger3joint1": {"matrix": [[0.31135186553001404, -0.4439604580402374, -0.8402135968208313, -2.077906847000122], [0.9232169389724731, -0.06824681162834167, 0.37817052006721497, -0.017240062355995178], [-0.2252344936132431, -0.8934434056282043, 0.3886232078075409, 0.591091513633728], [0.0, 0.0, 0.0, 1.0]]}, "finger3joint2": {"matrix": [[0.269591748714447, 0.1735488325357437, -0.9472069144248962, -2.4673407077789307], [0.8854368925094604, -0.4313715994358063, 0.17297415435314178, -0.07710489630699158], [-0.3785784840583801, -0.8853244185447693, -0.2699606418609619, -0.19262051582336426], [0.0, 0.0, 0.0, 1.0]]}, "finger3joint3": {"matrix": [[0.43331241607666016, 0.45254290103912354, -0.7793875932693481, -2.3550407886505127], [0.8212310075759888, -0.5544887185096741, 0.1346178948879242, -0.35623699426651], [-0.3712410628795624, -0.6983890533447266, -0.6119089126586914, -0.7654964923858643], [0.0, 0.0, 0.0, 1.0]]}, "Bone.003": {"matrix": [[-0.3686818480491638, -0.8190734386444092, 0.4395364224910736, -1.7091203927993774], [0.8822410702705383, -0.45726150274276733, -0.11208263784646988, -0.15794767439365387], [0.29278722405433655, 0.3464542329311371, 0.8912042379379272, 0.738971471786499], [0.0, 0.0, 0.0, 1.0]]}, "finger4joint1": {"matrix": [[-0.14806948602199554, -0.6832183599472046, -0.715043842792511, -2.0601911544799805], [0.8049085140228271, -0.5033478140830994, 0.3142659366130829, -0.35393887758255005], [-0.5746278762817383, -0.5290117859840393, 0.624458909034729, 0.8874685168266296], [0.0, 0.0, 0.0, 1.0]]}, "finger4joint2": {"matrix": [[-0.1774720698595047, 0.43814772367477417, -0.8812093138694763, -2.7388722896575928], [0.799077033996582, -0.45850613713264465, -0.3889058232307434, -0.853943943977356], [-0.5744378566741943, -0.7731742858886719, -0.26874175667762756, 0.36196985840797424], [0.0, 0.0, 0.0, 1.0]]}, "finger4joint3": {"matrix": [[-0.20036934316158295, 0.8552237749099731, -0.47795817255973816, -2.5561370849609375], [0.8400285243988037, -0.10109052062034607, -0.5330407023429871, -1.0451698303222656], [-0.5041858553886414, -0.5083037614822388, -0.6981571316719055, 0.03950755298137665], [0.0, 0.0, 0.0, 1.0]]}}