{"root": {"matrix": [[0.493739515542984, -0.740459680557251, 0.4560052454471588, 0.0], [0.4459192752838135, -0.23461061716079712, -0.863778829574585, 0.0], [0.7465770840644836, 0.6298232674598694, 0.21434864401817322, 0.0], [0.0, 0.0, 0.0, 1.0]]}, "carpals": {"matrix": [[-0.5518695116043091, -0.7592200040817261, -0.34499967098236084, 0.34053805470466614], [0.7607204914093018, -0.2888180911540985, -0.5812816023826599, 0.8759056329727173], [0.341678649187088, -0.5832399129867554, 0.7369440793991089, 2.280747413635254], [0.0, 0.0, 0.0, 1.0]]}, "metacarpals": {"matrix": [[-0.8649624586105347, -0.5018092393875122, -0.005207675974816084, -0.39893752336502075], [0.27715057134628296, -0.4690183997154236, -0.8385757207870483, 0.5945985317230225], [0.41836270689964294, -0.7267798185348511, 0.5447599291801453, 1.7126752138137817], [0.0, 0.0, 0.0, 1.0]]}, "finger5joint1": {"matrix": [[-0.6763274669647217, -0.7365999817848206, -0.0011315831216052175, -0.5313913226127625], [0.33325478434562683, -0.3046152889728546, -0.8922727704048157, 0.6232764720916748], [0.6569035649299622, -0.6038456559181213, 0.45149508118629456, 1.0004194974899292], [0.0, 0.0, 0.0, 1.0]]}, "finger5joint2": {"matrix": [[0.06286056339740753, -0.7871532440185547, 0.6135450005531311, -1.3094414472579956], [-0.8856402635574341, -0.32740652561187744, -0.32931143045425415, 0.30151981115341187], [0.46009719371795654, -0.5226793885231018, -0.7177159786224365, 0.36259403824806213], [0.0, 0.0, 0.0, 1.0]]}, "finger5joint3": {"matrix": [[-0.04477289691567421, -0.8909692168235779, 0.451850026845932, -1.8504796028137207], [-0.8928585648536682, -0.16719435155391693, -0.4181497395038605, 0.07648181170225143], [0.4481053352355957, -0.42215991020202637, -0.7880241274833679, 0.003338173031806946], [0.0, 0.0, 0.0, 1.0]]}, "Bone": {"matrix": [[0.3608025312423706, -0.9243417978286743, -0.12415142357349396, -1.1824010610580444], [0.57541823387146, 0.32538697123527527, -0.7503446340560913, -0.1376693993806839], [0.7339721322059631, 0.19928742945194244, 0.6492834687232971, 0.5779702067375183], [0.0, 0.0, 0.0, 1.0]]}, "finger1joint1": {"matrix": [[-0.7937933802604675, -0.5819842219352722, -0.17659594118595123, -1.9516270160675049], [0.31254056096076965, -0.14125537872314453, -0.9393429756164551, 0.13311359286308289], [0.521737813949585, -0.8008375763893127, 0.29402124881744385, 0.7438147068023682], [0.0, 0.0, 0.0, 1.0]]}, "finger1joint2": {"matrix": [[-0.6905363202095032, -0.14572671055793762, -0.7084652781486511, -2.2805516719818115], [0.5864525437355042, 0.46051129698753357, -0.6663353443145752, 0.05327913165092468], [0.4233592748641968, -0.8756099343299866, -0.23253792524337769, 0.2911986708641052], [0.0, 0.0, 0.0, 1.0]]}, "finger1joint3": {"matrix": [[-0.7529209852218628, 0.4533672630786896, -0.4770408570766449, -2.343022346496582], [0.498663991689682, 0.866046667098999, 0.03601954132318497, 0.250692754983902], [0.42946988344192505, -0.21076321601867676, -0.8781424760818481, -0.08416090160608292], [0.0, 0.0, 0.0, 1.0]]}, "Bone.001": {"matrix": [[0.00950373150408268, -0.9756340384483337, 0.2191973179578781, -1.1824010610580444], [0.5588226914405823, -0.17660003900527954, -0.810265064239502, -0.1376694142818451], [0.8292325735092163, 0.1301930844783783, 0.5435280203819275, 0.5779701471328735], [0.0, 0.0, 0.0, 1.0]]}, "finger2joint1": {"matrix": [[-0.5877886414527893, -0.4892577826976776, -0.6443065404891968, -1.8008395433425903], [0.19192160665988922, 0.6893470883369446, -0.6985459923744202, -0.24961328506469727], [0.7859200239181519, -0.534253716468811, -0.31129127740859985, 0.6604974865913391], [0.0, 0.0, 0.0, 1.0]]}, "finger2joint2": {"matrix": [[-0.5675569772720337, -0.07802684605121613, -0.8196282982826233, -2.224120616912842], [0.3172038495540619, 0.8979291319847107, -0.3051307499408722, 0.3467746078968048], [0.759776771068573, -0.4331682324409485, -0.4848754405975342, 0.1982884407043457], [0.0, 0.0, 0.0, 1.0]]}, "finger2joint3": {"matrix": [[-0.49723926186561584, 0.18305529654026031, -0.8480822443962097, -2.2537407875061035], [0.4440876245498657, 0.8934348821640015, -0.06752857565879822, 0.6876432299613953], [0.7453449368476868, -0.41020065546035767, -0.5255433917045593, 0.03385065495967865], [0.0, 0.0, 0.0, 1.0]]}, "Bone.002": {"matrix": [[-0.6769108772277832, -0.676994264125824, 0.28891199827194214, -1.182401180267334], [0.2900892198085785, -0.6061076521873474, -0.7405955791473389, -0.1376693844795227], [0.6764909029006958, -0.4175068140029907, 0.6066694855690002, 0.5779702067375183], [0.0, 0.0, 0.0, 1.0]]}, "finger3joint1": {"matrix": [[-0.8027623891830444, -0.5925309658050537, 0.06692849844694138, -1.4677610397338867], [0.32574892044067383, -0.5297775268554688, -0.783085823059082, -0.39314979314804077], [0.4994601011276245, -0.6068298816680908, 0.6183016300201416, 0.40198686718940735], [0.0, 0.0, 0.0, 1.0]]}, "finger3joint2": {"matrix": [[-0.8883399963378906, -0.3252922296524048, -0.32409366965293884, -1.987518310546875], [0.2680109739303589, 0.20579998195171356, -0.9411783218383789, -0.8578609228134155], [0.3728567361831665, -0.9229468703269958, -0.09563850611448288, -0.13031309843063354], [0.0, 0.0, 0.0, 1.0]]}, "finger3joint3": {"matrix": [[-0.83621746301651, -0.02987285703420639, -0.5475834608078003, -2.1980085372924805], [0.43234243988990784, 0.5783720016479492, -0.6917845606803894, -0.7246918082237244], [0.3373728096485138, -0.8152258992195129, -0.47072944045066833, -0.7275336980819702], [0.0, 0.0, 0.0, 1.0]]}, "Bone.003": {"matrix": [[-0.6445865035057068, 0.3488325774669647, 0.6803115606307983, -1.182401180267334], [-0.5167620778083801, -0.854582667350769, -0.051434822380542755, -0.1376693844795227], [0.5634403228759766, -0.3847135305404663, 0.7311158180236816, 0.5779702067375183], [0.0, 0.0, 0.0, 1.0]]}, "finger4joint1": {"matrix": [[-0.5820111632347107, -0.6974450945854187, 0.4181303083896637, -1.0328847169876099], [0.5556970238685608, -0.7165189385414124, -0.421664834022522, -0.5039600729942322], [0.593686580657959, -0.013059797696769238, 0.8045901656150818, 0.4130744934082031], [0.0, 0.0, 0.0, 1.0]]}, "finger4joint2": {"matrix": [[-0.5896630883216858, -0.7663675546646118, -0.2549070715904236, -1.7256979942321777], [0.5308800339698792, -0.12992998957633972, -0.8374271988868713, -1.2157206535339355], [0.60865718126297, -0.6291249990463257, 0.4834643006324768, 0.4001014232635498], [0.0, 0.0, 0.0, 1.0]]}, "finger4joint3": {"matrix": [[-0.5201249718666077, -0.448912113904953, -0.7265998721122742, -2.0453217029571533], [0.5520366430282593, 0.4724484086036682, -0.6870573163032532, -1.2699096202850342], [0.6517094969749451, -0.7584655284881592, 0.0020838528871536255, 0.13771672546863556], [0.0, 0.0, 0.0, 1.0]]}}