{"root": {"matrix": [[0.42559531331062317, -0.6821191310882568, 0.5946277379989624, -5.960464477539063e-08], [0.8152807950973511, 0.0038979696109890938, -0.579052746295929, 0.0], [0.39266514778137207, 0.7312306761741638, 0.5577775239944458, 0.0], [0.0, 0.0, 0.0, 1.0]]}, "carpals": {"matrix": [[-0.6993240118026733, -0.577610969543457, -0.42108333110809326, 0.22795158624649048], [0.6957104802131653, -0.41475749015808105, -0.5864835977554321, 1.9126523733139038], [0.16411195695400238, -0.7030941247940063, 0.6918999552726746, 1.5410335063934326], [0.0, 0.0, 0.0, 1.0]]}, "metacarpals": {"matrix": [[-0.8224121332168579, -0.48474353551864624, 0.2977611720561981, -0.33463799953460693], [0.24791909754276276, -0.7764773964881897, -0.5793262124061584, 1.5086811780929565], [0.5120295286178589, -0.4026241898536682, 0.7587616443634033, 0.8562241792678833], [0.0, 0.0, 0.0, 1.0]]}, "finger5joint1": {"matrix": [[-0.6782610416412354, -0.7258332371711731, 0.11457662284374237, -0.589450478553772], [0.21135862171649933, -0.3420390784740448, -0.9156072735786438, 1.2603839635849], [0.7037680149078369, -0.5968039035797119, 0.3854028880596161, 0.2244853675365448], [0.0, 0.0, 0.0, 1.0]]}, "finger5joint2": {"matrix": [[0.15344753861427307, -0.723222017288208, 0.6733520030975342, -1.3561280965805054], [-0.9128747582435608, -0.36462438106536865, -0.18359822034835815, 0.8990975022315979], [0.3783029615879059, -0.5865134000778198, -0.7161622643470764, -0.40590205788612366], [0.0, 0.0, 0.0, 1.0]]}, "finger5joint3": {"matrix": [[0.04795616865158081, -0.8490606546401978, 0.5261135697364807, -1.8532239198684692], [-0.9314293265342712, -0.22824499011039734, -0.28344881534576416, 0.6484783887863159], [0.3607481122016907, -0.4764445126056671, -0.8017860651016235, -0.8090332746505737], [0.0, 0.0, 0.0, 1.0]]}, "Bone": {"matrix": [[0.3249533474445343, -0.9284161329269409, 0.1801348179578781, -1.0914571285247803], [0.8516318798065186, 0.20443733036518097, -0.4826264977455139, 0.296384334564209], [0.4112519323825836, 0.3102397620677948, 0.8571013808250427, 0.22761601209640503], [0.0, 0.0, 0.0, 1.0]]}, "finger1joint1": {"matrix": [[-0.28342509269714355, -0.907773494720459, -0.3092203438282013, -1.8640737533569336], [0.4355747699737549, 0.16540811955928802, -0.8848245739936829, 0.46651455760002136], [0.8543679714202881, -0.3854700028896332, 0.3485225439071655, 0.48579370975494385], [0.0, 0.0, 0.0, 1.0]]}, "finger1joint2": {"matrix": [[-0.15761007368564606, -0.04784402623772621, -0.986341655254364, -2.3771274089813232], [0.6808880567550659, 0.7181642651557922, -0.14363636076450348, 0.5599995851516724], [0.715227484703064, -0.694226861000061, -0.0806133970618248, 0.2679344117641449], [0.0, 0.0, 0.0, 1.0]]}, "finger1joint3": {"matrix": [[-0.2548276484012604, 0.6436070203781128, -0.721687376499176, -2.3976376056671143], [0.6360328793525696, 0.6737209558486938, 0.376247376203537, 0.8678649067878723], [0.7283715009689331, -0.36313873529434204, -0.5810378789901733, -0.029669225215911865], [0.0, 0.0, 0.0, 1.0]]}, "Bone.001": {"matrix": [[0.01053656730800867, -0.8634430766105652, 0.504335880279541, -1.0914573669433594], [0.8073520064353943, -0.2902330756187439, -0.5137579441070557, 0.2963843047618866], [0.5899757146835327, 0.412589967250824, 0.6940445303916931, 0.22761601209640503], [0.0, 0.0, 0.0, 1.0]]}, "finger2joint1": {"matrix": [[-0.37293338775634766, -0.9262880682945251, -0.053950801491737366, -1.6387795209884644], [0.47028475999832153, -0.1385779082775116, -0.8715664744377136, 0.11241032183170319], [0.7998453974723816, -0.3504084646701813, 0.4872996211051941, 0.4891500473022461], [0.0, 0.0, 0.0, 1.0]]}, "finger2joint2": {"matrix": [[-0.4485829174518585, -0.24005809426307678, -0.8608978390693665, -2.4401566982269287], [0.5343491435050964, 0.7000917792320251, -0.4736478924751282, -0.007480204105377197], [0.7164106965065002, -0.6724904179573059, -0.1857742816209793, 0.18599453568458557], [0.0, 0.0, 0.0, 1.0]]}, "finger2joint3": {"matrix": [[-0.39442646503448486, 0.7434118390083313, -0.5401538014411926, -2.5312867164611816], [0.6512914896011353, 0.6408306956291199, 0.4063928425312042, 0.25828608870506287], [0.6482645273208618, -0.19150567054748535, -0.7369384765625, -0.06929385662078857], [0.0, 0.0, 0.0, 1.0]]}, "Bone.002": {"matrix": [[-0.6024306416511536, -0.5646808743476868, 0.564103364944458, -1.0914572477340698], [0.3842988610267639, -0.824638307094574, -0.41507336497306824, 0.296384334564209], [0.6995654106140137, -0.03326854109764099, 0.7137935757637024, 0.22761601209640503], [0.0, 0.0, 0.0, 1.0]]}, "finger3joint1": {"matrix": [[-0.7684047818183899, -0.5845416188240051, 0.2605089843273163, -1.3294758796691895], [0.323141872882843, -0.7057580947875977, -0.6304638981819153, -0.0512089729309082], [0.5523889660835266, -0.4002700746059418, 0.7311977744102478, 0.21359297633171082], [0.0, 0.0, 0.0, 1.0]]}, "finger3joint2": {"matrix": [[-0.8606871366500854, -0.4699254631996155, -0.19592711329460144, -1.8422250747680664], [0.23169156908988953, -0.01884060725569725, -0.9726068377494812, -0.6702869534492493], [0.45336154103279114, -0.8825048208236694, 0.12509368360042572, -0.13751649856567383], [0.0, 0.0, 0.0, 1.0]]}, "finger3joint3": {"matrix": [[-0.8377218246459961, -0.18863794207572937, -0.5124818086624146, -2.1463043689727783], [0.39072543382644653, 0.44857901334762573, -0.8038099408149719, -0.6824784278869629], [0.38151782751083374, -0.8736088871955872, -0.3020787239074707, -0.7085679769515991], [0.0, 0.0, 0.0, 1.0]]}, "Bone.003": {"matrix": [[-0.3889589309692383, 0.4807637333869934, 0.7858606576919556, -1.0914572477340698], [-0.3910413980484009, -0.8585319519042969, 0.3316768407821655, 0.296384334564209], [0.8341447114944458, -0.17829540371894836, 0.5219321846961975, 0.22761601209640503], [0.0, 0.0, 0.0, 1.0]]}, "finger4joint1": {"matrix": [[-0.58026522397995, -0.677854597568512, 0.45144766569137573, -0.8853925466537476], [0.560928463935852, -0.7345149517059326, -0.38189882040023804, -0.07159912586212158], [0.5904671549797058, 0.031627293676137924, 0.8064415454864502, 0.15119513869285583], [0.0, 0.0, 0.0, 1.0]]}, "finger4joint2": {"matrix": [[-0.5868254899978638, -0.8018539547920227, 0.11254134774208069, -1.5587455034255981], [0.536464512348175, -0.48912638425827026, -0.6877214908599854, -0.8012362122535706], [0.6064993143081665, -0.34319812059402466, 0.7171982526779175, 0.18261238932609558], [0.0, 0.0, 0.0, 1.0]]}, "finger4joint3": {"matrix": [[-0.5197229385375977, -0.8371067643165588, -0.17070375382900238, -1.8931690454483032], [0.5852697491645813, -0.2033027559518814, -0.7849375605583191, -1.0052326917648315], [0.6223721504211426, -0.5078579187393188, 0.595594584941864, 0.03947719931602478], [0.0, 0.0, 0.0, 1.0]]}}