{"root": {"matrix": [[0.38630539178848267, -0.7695128321647644, 0.5085451602935791, 0.0], [0.9156291484832764, 0.2533905506134033, -0.31211620569229126, 0.0], [0.11131694167852402, 0.5862109661102295, 0.8024744391441345, 0.0], [0.0, 0.0, 0.0, 1.0]]}, "carpals": {"matrix": [[-0.5662131905555725, -0.4476233124732971, -0.6921240091323853, 0.06323397159576416], [0.6229360699653625, -0.7822638750076294, -0.0036914595402777195, 2.3537843227386475], [-0.539771318435669, -0.4332391619682312, 0.7217689752578735, 0.735313892364502], [0.0, 0.0, 0.0, 1.0]]}, "metacarpals": {"matrix": [[-0.7434902191162109, -0.6256260871887207, -0.23625005781650543, -0.3727484941482544], [0.6071481704711914, -0.7795779705047607, 0.15371739864349365, 1.591863989830017], [-0.28034502267837524, -0.029151324182748795, 0.9594564437866211, 0.31334155797958374], [0.0, 0.0, 0.0, 1.0]]}, "finger5joint1": {"matrix": [[-0.3982507884502411, -0.8203310966491699, -0.4104301333427429, -0.502131462097168], [0.9172669649124146, -0.3581990599632263, -0.17411071062088013, 0.9772146940231323], [-0.004187322687357664, -0.44581374526023865, 0.8951157927513123, -0.048792511224746704], [0.0, 0.0, 0.0, 1.0]]}, "finger5joint2": {"matrix": [[-0.5247035026550293, -0.8100660443305969, -0.2616838812828064, -1.3686245679855347], [-0.1203591376543045, 0.3749043941497803, -0.919217050075531, 0.5988589525222778], [0.8427333235740662, -0.4508204162120819, -0.2942124903202057, -0.5196932554244995], [0.0, 0.0, 0.0, 1.0]]}, "finger5joint3": {"matrix": [[-0.5828299522399902, -0.6273970007896423, -0.5164121389389038, -1.9254112243652344], [-0.03404409810900688, 0.6538059115409851, -0.755895733833313, 0.8565438985824585], [0.811880350112915, -0.4229780435562134, -0.402416855096817, -0.8295578360557556], [0.0, 0.0, 0.0, 1.0]]}, "Bone": {"matrix": [[0.5209870934486389, -0.7898945808410645, -0.32347920536994934, -1.3495244979858398], [0.8481768369674683, 0.43657001852989197, 0.3000040352344513, 0.3747262954711914], [-0.09575030952692032, -0.43066588044166565, 0.8974177241325378, 0.2678282856941223], [0.0, 0.0, 0.0, 1.0]]}, "finger1joint1": {"matrix": [[-0.6630556583404541, -0.5923659801483154, -0.4576674997806549, -2.0068650245666504], [0.7054737210273743, -0.6989415884017944, -0.11741913855075836, 0.7380344867706299], [-0.25032782554626465, -0.4007278382778168, 0.8813359141349792, -0.09056654572486877], [0.0, 0.0, 0.0, 1.0]]}, "finger1joint2": {"matrix": [[-0.48025068640708923, 0.035933226346969604, -0.8763948082923889, -2.3416574001312256], [0.7215620279312134, -0.5519024133682251, -0.4180331826210022, 0.34300780296325684], [-0.49870583415031433, -0.8331340551376343, 0.23912352323532104, -0.3170492649078369], [0.0, 0.0, 0.0, 1.0]]}, "finger1joint3": {"matrix": [[-0.5675300359725952, 0.3690078556537628, -0.736031711101532, -2.3262534141540527], [0.6952762007713318, -0.26404646039009094, -0.668483555316925, 0.10641632974147797], [-0.44102242588996887, -0.8911299109458923, -0.10670804232358932, -0.6742001175880432], [0.0, 0.0, 0.0, 1.0]]}, "Bone.001": {"matrix": [[0.18103498220443726, -0.9833886027336121, -0.01314636692404747, -1.3495243787765503], [0.9749438166618347, 0.17769140005111694, 0.13382813334465027, 0.374726265668869], [-0.12926913797855377, -0.03704451769590378, 0.9909172058105469, 0.2678282558917999], [0.0, 0.0, 0.0, 1.0]]}, "finger2joint1": {"matrix": [[-0.6496908664703369, -0.7599664330482483, -0.0187723059207201, -1.9728785753250122], [0.7008929252624512, -0.6083857417106628, 0.3723110556602478, 0.48736196756362915], [-0.2943647801876068, 0.22872984409332275, 0.9279179573059082, 0.24434635043144226], [0.0, 0.0, 0.0, 1.0]]}, "finger2joint2": {"matrix": [[-0.7112274765968323, 0.19635751843452454, -0.6749807000160217, -2.6303627490997314], [0.6055859923362732, -0.3164362609386444, -0.7301598191261292, -0.0389823317527771], [-0.35696083307266235, -0.9280687570571899, 0.10614689439535141, 0.4422317445278168], [0.0, 0.0, 0.0, 1.0]]}, "finger2joint3": {"matrix": [[-0.620836615562439, 0.7669830918312073, -0.16216807067394257, -2.5558221340179443], [0.6280983686447144, 0.36287543177604675, -0.6883410811424255, -0.15910671651363373], [-0.4690992832183838, -0.5292050242424011, -0.7070273160934448, 0.08992160856723785], [0.0, 0.0, 0.0, 1.0]]}, "Bone.002": {"matrix": [[-0.5557352304458618, -0.8280150890350342, 0.07449211180210114, -1.3495243787765503], [0.8204790949821472, -0.5318069458007812, 0.20975038409233093, 0.3747262954711914], [-0.13406111299991608, 0.17768500745296478, 0.9749131202697754, 0.2678282558917999], [0.0, 0.0, 0.0, 1.0]]}, "finger3joint1": {"matrix": [[-0.6367670297622681, -0.7566423416137695, 0.14839079976081848, -1.6985409259796143], [0.7184804677963257, -0.5124080181121826, 0.47034430503845215, 0.1505642831325531], [-0.27984586358070374, 0.40611574053764343, 0.8699173331260681, 0.3427242636680603], [0.0, 0.0, 0.0, 1.0]]}, "finger3joint2": {"matrix": [[-0.7536693811416626, -0.038188859820365906, -0.6561431288719177, -2.3622536659240723], [0.6096246838569641, -0.4137270450592041, -0.6761565208435059, -0.29891055822372437], [-0.2456425428390503, -0.9095996022224426, 0.33509448170661926, 0.6989615559577942], [0.0, 0.0, 0.0, 1.0]]}, "finger3joint3": {"matrix": [[-0.6335497498512268, 0.5508744716644287, -0.5432786345481873, -2.386964797973633], [0.693359911441803, 0.09266389161348343, -0.7146084904670715, -0.56662517786026], [-0.34331732988357544, -0.82942795753479, -0.4406614899635315, 0.11037755012512207], [0.0, 0.0, 0.0, 1.0]]}, "Bone.003": {"matrix": [[-0.7567933201789856, 0.0845547690987587, 0.6481621265411377, -1.3495243787765503], [0.38711002469062805, -0.7410262227058411, 0.5486581921577454, 0.3747262954711914], [0.5266968607902527, 0.6661310791969299, 0.5280717611312866, 0.2678282856941223], [0.0, 0.0, 0.0, 1.0]]}, "finger4joint1": {"matrix": [[-0.6740317344665527, -0.692003071308136, -0.2584812045097351, -1.3132824897766113], [0.6848276257514954, -0.7165498733520508, 0.13254114985466003, 0.05710804462432861], [-0.2769336402416229, -0.08767811954021454, 0.9568803906440735, 0.5533449649810791], [0.0, 0.0, 0.0, 1.0]]}, "finger4joint2": {"matrix": [[-0.6945830583572388, -0.3846141993999481, -0.6079685688018799, -2.000690221786499], [0.6706537008285522, -0.6519942879676819, -0.35373249650001526, -0.6546832323074341], [-0.2603415548801422, -0.653433084487915, 0.7108073830604553, 0.46624913811683655], [0.0, 0.0, 0.0, 1.0]]}, "finger4joint3": {"matrix": [[-0.6512393355369568, -0.15311698615550995, -0.743264377117157, -2.1610984802246094], [0.7276328206062317, -0.4041159749031067, -0.554292619228363, -0.9266059398651123], [-0.21549344062805176, -0.9018010497093201, 0.37458938360214233, 0.19372645020484924], [0.0, 0.0, 0.0, 1.0]]}}