{"root": {"matrix": [[0.3814942538738251, -0.8380928635597229, 0.3899519145488739, 0.0], [0.8519003391265869, 0.1550290435552597, -0.5002317428588867, 1.4901161193847656e-08], [0.35878685116767883, 0.5230357050895691, 0.7731142044067383, 5.960464477539063e-08], [0.0, 0.0, 0.0, 1.0]]}, "carpals": {"matrix": [[-0.4316541254520416, -0.4869091212749481, -0.759337842464447, -0.0014405250549316406], [0.7502938508987427, -0.6610991954803467, -0.0025971573777496815, 2.1345343589782715], [-0.5007331371307373, -0.5708475708961487, 0.6506912708282471, 1.2364246845245361], [0.0, 0.0, 0.0, 1.0]]}, "metacarpals": {"matrix": [[-0.6551104187965393, -0.6532900929450989, -0.37952885031700134, -0.47568702697753906], [0.6513436436653137, -0.7428943514823914, 0.15446428954601288, 1.4906277656555176], [-0.38285985589027405, -0.14601245522499084, 0.9121942520141602, 0.6804225444793701], [0.0, 0.0, 0.0, 1.0]]}, "finger5joint1": {"matrix": [[-0.4115420877933502, -0.6994044184684753, -0.5843511819839478, -0.5774244666099548], [0.9100296497344971, -0.35037434101104736, -0.22154834866523743, 0.8888508081436157], [-0.049789804965257645, -0.6229533553123474, 0.7806726694107056, 0.2890293300151825], [0.0, 0.0, 0.0, 1.0]]}, "finger5joint2": {"matrix": [[-0.5468570590019226, -0.8219496011734009, 0.15920256078243256, -1.3161859512329102], [-0.22605638206005096, -0.03813120350241661, -0.97336745262146, 0.5187601447105408], [0.8061298727989197, -0.5682815313339233, -0.16495463252067566, -0.36897900700569153], [0.0, 0.0, 0.0, 1.0]]}, "finger5joint3": {"matrix": [[-0.6291339993476868, -0.7768085598945618, -0.02753448858857155, -1.8811407089233398], [-0.17469662427902222, 0.17582586407661438, -0.9687961339950562, 0.4925512373447418], [0.7574107050895691, -0.6046924591064453, -0.246323823928833, -0.7595788240432739], [0.0, 0.0, 0.0, 1.0]]}, "Bone": {"matrix": [[0.573987603187561, -0.685646653175354, -0.44769036769866943, -1.4956543445587158], [0.8188298940658569, 0.4855603873729706, 0.30618369579315186, 0.3307635188102722], [0.007446799427270889, -0.5423280000686646, 0.8401336669921875, 0.4524565637111664], [0.0, 0.0, 0.0, 1.0]]}, "finger1joint1": {"matrix": [[-0.5729507803916931, -0.4883362054824829, -0.6582209467887878, -2.0662407875061035], [0.7452471256256104, -0.6446353197097778, -0.1704457849264145, 0.7348408699035645], [-0.3410777151584625, -0.5881943702697754, 0.7332755923271179, 0.0011379122734069824], [0.0, 0.0, 0.0, 1.0]]}, "finger1joint2": {"matrix": [[-0.3354630470275879, 0.01818813383579254, -0.9418776631355286, -2.342237949371338], [0.7744971513748169, -0.5638584494590759, -0.28673630952835083, 0.3705069422721863], [-0.5363009572029114, -0.8256710171699524, 0.17506709694862366, -0.3312968611717224], [0.0, 0.0, 0.0, 1.0]]}, "finger1joint3": {"matrix": [[-0.4295653700828552, 0.3919929265975952, -0.813520073890686, -2.3344411849975586], [0.7616388201713562, -0.32672736048698425, -0.5596029758453369, 0.12879011034965515], [-0.48515981435775757, -0.8599945306777954, -0.15820617973804474, -0.6852483749389648], [0.0, 0.0, 0.0, 1.0]]}, "Bone.001": {"matrix": [[0.2511381506919861, -0.9536438584327698, -0.1658090502023697, -1.4956543445587158], [0.9648473262786865, 0.2329259216785431, 0.12171633541584015, 0.3307635188102722], [-0.0774528831243515, -0.19054800271987915, 0.9786174893379211, 0.4524565637111664], [0.0, 0.0, 0.0, 1.0]]}, "finger2joint1": {"matrix": [[0.05329471454024315, -0.8111473917961121, -0.5824081301689148, -2.1001534461975098], [0.9738683700561523, 0.17116513848304749, -0.14927339553833008, 0.4784114360809326], [0.2207706868648529, -0.5592333674430847, 0.7990732192993164, 0.3316712975502014], [0.0, 0.0, 0.0, 1.0]]}, "finger2joint2": {"matrix": [[0.03331589698791504, 0.6581013798713684, -0.7521916627883911, -2.80191707611084], [0.9949671030044556, 0.04932241514325142, 0.08722172677516937, 0.6264947652816772], [0.09450063854455948, -0.7513119578361511, -0.6531459093093872, -0.15214890241622925], [0.0, 0.0, 0.0, 1.0]]}, "finger2joint3": {"matrix": [[0.17565488815307617, 0.7875580191612244, 0.5906752943992615, -2.552090644836426], [0.9822579622268677, -0.1802431046962738, -0.05178245157003403, 0.6452183723449707], [0.06568341702222824, 0.5892913341522217, -0.8052459359169006, -0.4373592436313629], [0.0, 0.0, 0.0, 1.0]]}, "Bone.002": {"matrix": [[-0.4823543131351471, -0.8729437589645386, -0.07282306253910065, -1.4956543445587158], [0.851947009563446, -0.48683691024780273, 0.1928107738494873, 0.3307635188102722], [-0.20376595854759216, 0.03096185252070427, 0.9785298109054565, 0.452456533908844], [0.0, 0.0, 0.0, 1.0]]}, "finger3joint1": {"matrix": [[-0.5870778560638428, -0.7844958305358887, -0.19976383447647095, -1.863608956336975], [0.7234154939651489, -0.6191549897193909, 0.3054784834384918, 0.1255568563938141], [-0.36333146691322327, 0.03482753410935402, 0.9310086369514465, 0.46550729870796204], [0.0, 0.0, 0.0, 1.0]]}, "finger3joint2": {"matrix": [[-0.6955415606498718, 0.11643099039793015, -0.7089890837669373, -2.5517542362213135], [0.6040104031562805, -0.43963369727134705, -0.6647508144378662, -0.41755443811416626], [-0.3890931010246277, -0.8905985951423645, 0.23545819520950317, 0.4960573613643646], [0.0, 0.0, 0.0, 1.0]]}, "finger3joint3": {"matrix": [[-0.5597641468048096, 0.8256419897079468, 0.07056229561567307, -2.4764139652252197], [0.6846292614936829, 0.5087689757347107, -0.5219548344612122, -0.7020328044891357], [-0.46684780716896057, -0.24386285245418549, -0.8500493764877319, -0.08023146539926529], [0.0, 0.0, 0.0, 1.0]]}, "Bone.003": {"matrix": [[-0.8102152943611145, -0.06363973021507263, 0.5826671123504639, -1.4956542253494263], [0.422129362821579, -0.7530259490013123, 0.5047362446784973, 0.3307635188102722], [0.40664222836494446, 0.6549060344696045, 0.6369773149490356, 0.452456533908844], [0.0, 0.0, 0.0, 1.0]]}, "finger4joint1": {"matrix": [[-0.6265833377838135, -0.6664765477180481, -0.4039825201034546, -1.5229315757751465], [0.6807154417037964, -0.7204229831695557, 0.1327292025089264, 0.008001983165740967], [-0.37949925661087036, -0.19183118641376495, 0.9050860404968262, 0.733161985874176], [0.0, 0.0, 0.0, 1.0]]}, "finger4joint2": {"matrix": [[-0.6493804454803467, -0.13863296806812286, -0.7477201223373413, -2.1849820613861084], [0.6664581894874573, -0.5772906541824341, -0.47177180647850037, -0.7076367139816284], [-0.36624875664711, -0.8046837449073792, 0.46727463603019714, 0.5426047444343567], [0.0, 0.0, 0.0, 1.0]]}, "finger4joint3": {"matrix": [[-0.6246011257171631, 0.05551828071475029, -0.7789676189422607, -2.24280047416687], [0.7189692854881287, -0.3485412001609802, -0.6013334393501282, -0.9484031796455383], [-0.3048873245716095, -0.9356476068496704, 0.17778347432613373, 0.20700104534626007], [0.0, 0.0, 0.0, 1.0]]}}