{"root": {"matrix": [[0.19177992641925812, -0.9104547500610352, 0.36645951867103577, 0.0], [0.8877803683280945, 0.0017467242432758212, -0.46026402711868286, 0.0], [0.4184095561504364, 0.4136049449443817, 0.8086188435554504, 2.9802322387695312e-08], [0.0, 0.0, 0.0, 1.0]]}, "carpals": {"matrix": [[-0.2755362093448639, -0.8217863440513611, -0.4987451732158661, -0.49866247177124023], [0.9537791013717651, -0.29844215512275696, -0.03517812862992287, 2.061147689819336], [-0.11993773281574249, -0.485385537147522, 0.8660343289375305, 1.2601555585861206], [0.0, 0.0, 0.0, 1.0]]}, "metacarpals": {"matrix": [[-0.9098606109619141, -0.18231132626533508, -0.3727143704891205, -1.2990772724151611], [0.28592464327812195, -0.9264492988586426, -0.2448236495256424, 1.770466685295105], [-0.30066680908203125, -0.32932355999946594, 0.8950670957565308, 0.7873929738998413], [0.0, 0.0, 0.0, 1.0]]}, "finger5joint1": {"matrix": [[-0.8135730624198914, -0.46491703391075134, -0.34921446442604065, -1.0901448726654053], [0.5814197063446045, -0.6431633830070496, -0.4982888400554657, 1.2923130989074707], [0.007061018608510494, -0.6084344983100891, 0.7935724854469299, 0.28401321172714233], [0.0, 0.0, 0.0, 1.0]]}, "finger5joint2": {"matrix": [[-0.30247724056243896, -0.5331805348396301, 0.7900793552398682, -1.581223964691162], [-0.489167183637619, -0.6245871186256409, -0.6087741255760193, 0.6129573583602905], [0.8180602192878723, -0.570621132850647, -0.07189112901687622, -0.3586592674255371], [0.0, 0.0, 0.0, 1.0]]}, "finger5joint3": {"matrix": [[-0.3939679265022278, -0.6390543580055237, 0.6606044173240662, -1.9476977586746216], [-0.5110787749290466, -0.445060133934021, -0.7353363633155823, 0.1836567521095276], [0.7639288306236267, -0.6273198127746582, -0.15126773715019226, -0.7508671879768372], [0.0, 0.0, 0.0, 1.0]]}, "Bone": {"matrix": [[0.0704432874917984, -0.856257438659668, -0.5117232799530029, -1.5837159156799316], [0.9768410325050354, 0.16311752796173096, -0.1384705752134323, 0.32402217388153076], [0.20203743875026703, -0.49011799693107605, 0.8479179739952087, 0.2732274532318115], [0.0, 0.0, 0.0, 1.0]]}, "finger1joint1": {"matrix": [[-0.6581225395202637, -0.5889341831207275, -0.46907472610473633, -2.2962827682495117], [0.725766658782959, -0.3304515779018402, -0.6033773422241211, 0.45976656675338745], [0.200343057513237, -0.7375350594520569, 0.6449065208435059, -0.13464272022247314], [0.0, 0.0, 0.0, 1.0]]}, "finger1joint2": {"matrix": [[-0.47214844822883606, 0.3642776608467102, -0.8027312755584717, -2.629135847091675], [0.8814710974693298, 0.2045971155166626, -0.4256155788898468, 0.2730025053024292], [0.009194189682602882, -0.9085381627082825, -0.4177003800868988, -0.5514814853668213], [0.0, 0.0, 0.0, 1.0]]}, "finger1joint3": {"matrix": [[-0.5640607476234436, 0.816969096660614, -0.11998683214187622, -2.472975730895996], [0.8257333040237427, 0.5581038594245911, -0.08175899088382721, 0.3607099652290344], [0.00017048638255801052, -0.14519421756267548, -0.9894030094146729, -0.9409569501876831], [0.0, 0.0, 0.0, 1.0]]}, "Bone.001": {"matrix": [[-0.2842496633529663, -0.9434755444526672, -0.17045724391937256, -1.5837159156799316], [0.9508531093597412, -0.2546446621417999, -0.17616519331932068, 0.32402217388153076], [0.1228015124797821, -0.21215464174747467, 0.9694894552230835, 0.27322742342948914], [0.0, 0.0, 0.0, 1.0]]}, "finger2joint1": {"matrix": [[-0.8716039061546326, -0.16989044845104218, -0.4598298966884613, -2.181769609451294], [0.404494047164917, -0.7791622281074524, -0.47884294390678406, 0.1626071333885193], [-0.2769312262535095, -0.6033598184585571, 0.7478406429290771, 0.13874611258506775], [0.0, 0.0, 0.0, 1.0]]}, "finger2joint2": {"matrix": [[-0.8371568918228149, -0.002680714474990964, -0.5469560623168945, -2.3287503719329834], [0.37488895654678345, -0.7309689521789551, -0.5702126026153564, -0.5114842653274536], [-0.3982793986797333, -0.6824051141738892, 0.612940788269043, -0.38325002789497375], [0.0, 0.0, 0.0, 1.0]]}, "finger2joint3": {"matrix": [[-0.7796964049339294, 0.2304297387599945, -0.5822159051895142, -2.3297677040100098], [0.33801519870758057, -0.6278109550476074, -0.7011411190032959, -0.7889721393585205], [-0.5270853042602539, -0.7434750199317932, 0.4116133153438568, -0.6423022747039795], [0.0, 0.0, 0.0, 1.0]]}, "Bone.002": {"matrix": [[-0.8588734865188599, -0.4960891306400299, -0.12740381062030792, -1.5837159156799316], [0.5066406726837158, -0.8593785762786865, -0.06916359066963196, 0.32402220368385315], [-0.07517678290605545, -0.12395059317350388, 0.9894364476203918, 0.27322742342948914], [0.0, 0.0, 0.0, 1.0]]}, "finger3joint1": {"matrix": [[-0.6331720352172852, -0.7577102780342102, 0.15801331400871277, -1.7928223609924316], [0.7338539958000183, -0.5227762460708618, 0.433777779340744, -0.03821450471878052], [-0.24607232213020325, 0.390614777803421, 0.8870559334754944, 0.22098103165626526], [0.0, 0.0, 0.0, 1.0]]}, "finger3joint2": {"matrix": [[-0.7506645321846008, -0.0028141369111835957, -0.6606774926185608, -2.4574718475341797], [0.6245721578598022, -0.32909950613975525, -0.7082393765449524, -0.49678415060043335], [-0.21543553471565247, -0.9442909359931946, 0.24880114197731018, 0.5636211037635803], [0.0, 0.0, 0.0, 1.0]]}, "finger3joint3": {"matrix": [[-0.6280738115310669, 0.7732507586479187, -0.08721472322940826, -2.4592928886413574], [0.7176697850227356, 0.5322821140289307, -0.449027419090271, -0.70973801612854], [-0.3007879853248596, -0.3446139395236969, -0.8892512321472168, -0.0474109947681427], [0.0, 0.0, 0.0, 1.0]]}, "Bone.003": {"matrix": [[-0.8971171379089355, 0.35602572560310364, 0.2615843117237091, -1.5837159156799316], [-0.14103193581104279, -0.7919052243232727, 0.5941347479820251, 0.32402217388153076], [0.41867730021476746, 0.4961167573928833, 0.7606427073478699, 0.27322742342948914], [0.0, 0.0, 0.0, 1.0]]}, "finger4joint1": {"matrix": [[-0.7236261367797852, -0.6742590665817261, -0.14744342863559723, -1.4311164617538452], [0.6482873558998108, -0.7373040914535522, 0.19001536071300507, -0.015403807163238525], [-0.23683024942874908, 0.04191448539495468, 0.970646321773529, 0.48587271571159363], [0.0, 0.0, 0.0, 1.0]]}, "finger4joint2": {"matrix": [[-0.7416042685508728, -0.3089369535446167, -0.595466673374176, -2.100897789001465], [0.6347639560699463, -0.610320508480072, -0.4739020764827728, -0.7478115558624268], [-0.2170196771621704, -0.7294287085533142, 0.6487186551094055, 0.5275088548660278], [0.0, 0.0, 0.0, 1.0]]}, "finger4joint3": {"matrix": [[-0.7045664191246033, 0.022307150065898895, -0.7092869877815247, -2.229743719100952], [0.6901649236679077, -0.21099995076656342, -0.6922073364257812, -1.0023534297943115], [-0.16510067880153656, -0.9772313237190247, 0.1332680583000183, 0.22329120337963104], [0.0, 0.0, 0.0, 1.0]]}}