{"root": {"matrix": [[0.21629051864147186, -0.8110741972923279, 0.5434860587120056, 0.0], [0.9646441340446472, 0.09166499972343445, -0.2471015900373459, 0.0], [0.1505991369485855, 0.5777164101600647, 0.8022242188453674, 0.0], [0.0, 0.0, 0.0, 1.0]]}, "carpals": {"matrix": [[-0.35750100016593933, -0.7642614841461182, -0.5367467999458313, -0.36585938930511475], [0.8577003479003906, -0.4960847795009613, 0.1350913792848587, 2.2990214824676514], [-0.36951717734336853, -0.41207265853881836, 0.8328583240509033, 0.8158631324768066], [0.0, 0.0, 0.0, 1.0]]}, "metacarpals": {"matrix": [[-0.8094534873962402, -0.32362329959869385, -0.48995184898376465, -1.1102454662322998], [0.35227251052856445, -0.9352148175239563, 0.03573666512966156, 1.8158378601074219], [-0.4697754979133606, -0.14366932213306427, 0.8710165619850159, 0.41450682282447815], [0.0, 0.0, 0.0, 1.0]]}, "finger5joint1": {"matrix": [[-0.7470710277557373, -0.4145166873931885, -0.5196735262870789, -0.9513458013534546], [0.6402592658996582, -0.6589156985282898, -0.3948390781879425, 1.2056268453598022], [-0.17875373363494873, -0.6276986002922058, 0.757655143737793, 0.056640625], [0.0, 0.0, 0.0, 1.0]]}, "finger5joint2": {"matrix": [[-0.5773648619651794, -0.792526125907898, -0.19634553790092468, -1.389188289642334], [-0.33976778388023376, 0.45187699794769287, -0.8248421549797058, 0.5096324682235718], [0.7424333095550537, -0.40952301025390625, -0.5301727056503296, -0.6063799858093262], [0.0, 0.0, 0.0, 1.0]]}, "finger5joint3": {"matrix": [[-0.6371408104896545, -0.6052312254905701, -0.47722750902175903, -1.9339191913604736], [-0.2501702606678009, 0.7480454444885254, -0.6146888732910156, 0.8202233910560608], [0.7290170788764954, -0.27225539088249207, -0.6280210614204407, -0.8878595232963562], [0.0, 0.0, 0.0, 1.0]]}, "Bone": {"matrix": [[0.2349710911512375, -0.7633693814277649, -0.6017105579376221, -1.615511178970337], [0.9719902873039246, 0.18147563934326172, 0.14933563768863678, 0.35570794343948364], [-0.004802509676665068, -0.6199464797973633, 0.784629225730896, 0.1901991367340088], [0.0, 0.0, 0.0, 1.0]]}, "finger1joint1": {"matrix": [[-0.05939747393131256, -0.8302144408226013, -0.5542703866958618, -2.2507779598236084], [0.953795313835144, 0.11662505567073822, -0.2768985629081726, 0.5067297220230103], [0.29452699422836304, -0.5451076626777649, 0.7849275469779968, -0.3257127106189728], [0.0, 0.0, 0.0, 1.0]]}, "finger1joint2": {"matrix": [[0.12879113852977753, 0.42635586857795715, -0.8953397870063782, -2.7199971675872803], [0.9902858138084412, -0.007580193225294352, 0.1388392448425293, 0.5726436972618103], [0.05240800976753235, -0.9045236706733704, -0.42319047451019287, -0.6337957382202148], [0.0, 0.0, 0.0, 1.0]]}, "finger1joint3": {"matrix": [[0.021726351231336594, 0.9964649081230164, 0.08115094900131226, -2.5372254848480225], [0.998863160610199, -0.025080116465687752, 0.04053771495819092, 0.5693941712379456], [0.0424296110868454, 0.08017797023057938, -0.9958770275115967, -1.021550178527832], [0.0, 0.0, 0.0, 1.0]]}, "Bone.001": {"matrix": [[-0.10982993245124817, -0.9519786834716797, -0.28578609228134155, -1.6155112981796265], [0.986472487449646, -0.1396033614873886, 0.08592204004526138, 0.35570794343948364], [-0.1216927170753479, -0.27248331904411316, 0.9544335603713989, 0.1901991367340088], [0.0, 0.0, 0.0, 1.0]]}, "finger2joint1": {"matrix": [[-0.7517907619476318, -0.15199261903762817, -0.6416451930999756, -2.2189550399780273], [0.46532294154167175, -0.811741828918457, -0.3529156446456909, 0.26721569895744324], [-0.46720972657203674, -0.5638909935951233, 0.6809858083724976, 0.017476409673690796], [0.0, 0.0, 0.0, 1.0]]}, "finger2joint2": {"matrix": [[-0.699928879737854, 0.012588088400661945, -0.7141014337539673, -2.3504512310028076], [0.4206237494945526, -0.8007904291152954, -0.4263918101787567, -0.43506190180778503], [-0.5772132277488708, -0.59881192445755, 0.5552016496658325, -0.47037333250045776], [0.0, 0.0, 0.0, 1.0]]}, "finger2joint3": {"matrix": [[-0.6272404193878174, 0.2644383907318115, -0.7325581908226013, -2.345672607421875], [0.36240485310554504, -0.733458399772644, -0.5750661492347717, -0.7390550374984741], [-0.6893706321716309, -0.6261874437332153, 0.36422112584114075, -0.6976921558380127], [0.0, 0.0, 0.0, 1.0]]}, "Bone.002": {"matrix": [[-0.7379909157752991, -0.6360921263694763, -0.225290909409523, -1.615511417388916], [0.6082571744918823, -0.771612823009491, 0.1861092448234558, 0.35570797324180603], [-0.29222002625465393, 0.00031224286067299545, 0.9563509821891785, 0.1901991218328476], [0.0, 0.0, 0.0, 1.0]]}, "finger3joint1": {"matrix": [[-0.6102824807167053, -0.7887583374977112, 0.07358969748020172, -1.8836305141448975], [0.6364458799362183, -0.43287229537963867, 0.6384027600288391, 0.030465394258499146], [-0.47169065475463867, 0.43644195795059204, 0.7661763429641724, 0.19033071398735046], [0.0, 0.0, 0.0, 1.0]]}, "finger3joint2": {"matrix": [[-0.7297147512435913, 0.17299918830394745, -0.6615039706230164, -2.575514793395996], [0.5347415804862976, -0.4585215747356415, -0.7097952365875244, -0.3492421805858612], [-0.42610791325569153, -0.871681809425354, 0.24208025634288788, 0.5731695890426636], [0.0, 0.0, 0.0, 1.0]]}, "finger3joint3": {"matrix": [[-0.5985867381095886, 0.786190390586853, -0.15361784398555756, -2.4635705947875977], [0.6230711936950684, 0.33641886711120605, -0.7061192393302917, -0.6459424495697021], [-0.5034642815589905, -0.5183886885643005, -0.6912285089492798, 0.00912146270275116], [0.0, 0.0, 0.0, 1.0]]}, "Bone.003": {"matrix": [[-0.94112229347229, 0.15514066815376282, 0.3003663420677185, -1.6155112981796265], [0.10936290770769119, -0.700996994972229, 0.7047289609909058, 0.35570794343948364], [0.31988808512687683, 0.6960852146148682, 0.6427572965621948, 0.1901991367340088], [0.0, 0.0, 0.0, 1.0]]}, "finger4joint1": {"matrix": [[-0.6518727540969849, -0.6863735914230347, -0.32241711020469666, -1.5490148067474365], [0.6114219427108765, -0.7272221446037292, 0.31194689869880676, 0.05524706840515137], [-0.44858109951019287, 0.006216889247298241, 0.8937203288078308, 0.48855477571487427], [0.0, 0.0, 0.0, 1.0]]}, "finger4joint2": {"matrix": [[-0.6735396385192871, -0.16676224768161774, -0.7200931906700134, -2.230830430984497], [0.6005007028579712, -0.6914946436882019, -0.4015390872955322, -0.6671456098556519], [-0.4309791326522827, -0.7028691172599792, 0.5658901929855347, 0.4947303831577301], [0.0, 0.0, 0.0, 1.0]]}, "finger4joint3": {"matrix": [[-0.6467399597167969, 0.20253971219062805, -0.7353261709213257, -2.3003807067871094], [0.6617130041122437, -0.33043986558914185, -0.6730117797851562, -0.9555424451828003], [-0.379292756319046, -0.9218388795852661, 0.07968562841415405, 0.20158974826335907], [0.0, 0.0, 0.0, 1.0]]}}