{"root": {"matrix": [[0.2399415373802185, -0.8990094065666199, 0.36634695529937744, -5.960464477539063e-08], [0.8091944456100464, -0.023265227675437927, -0.5870801210403442, 0.0], [0.5363137722015381, 0.4373108148574829, 0.7218911051750183, 0.0], [0.0, 0.0, 0.0, 1.0]]}, "carpals": {"matrix": [[-0.46336936950683594, -0.3815837800502777, -0.7998014688491821, -0.3785305619239807], [0.7509108185768127, -0.6483246088027954, -0.1257297545671463, 1.873202919960022], [-0.47055456042289734, -0.6588388681411743, 0.5869492292404175, 1.5597470998764038], [0.0, 0.0, 0.0, 1.0]]}, "metacarpals": {"matrix": [[-0.6612943410873413, -0.6333963871002197, -0.4018688499927521, -0.750190794467926], [0.6649540662765503, -0.7429312467575073, 0.07674068212509155, 1.2417386770248413], [-0.3471682071685791, -0.21647603809833527, 0.9124757647514343, 0.9180419445037842], [0.0, 0.0, 0.0, 1.0]]}, "finger5joint1": {"matrix": [[-0.515586256980896, -0.6233770251274109, -0.5878534317016602, -0.8303005695343018], [0.8558111786842346, -0.4082282483577728, -0.3177054822444916, 0.6695253849029541], [-0.04192811995744705, -0.6668960452079773, 0.7439699769020081, 0.4800589084625244], [0.0, 0.0, 0.0, 1.0]]}, "finger5joint2": {"matrix": [[-0.6130456924438477, -0.6554433107376099, 0.4410991072654724, -1.4887564182281494], [-0.3385436236858368, -0.2865225374698639, -0.896265983581543, 0.23832517862319946], [0.7138366103172302, -0.6987832188606262, -0.0462447889149189, -0.22436487674713135], [0.0, 0.0, 0.0, 1.0]]}, "finger5joint3": {"matrix": [[-0.6949080228805542, -0.6607457995414734, 0.2837553918361664, -1.939265489578247], [-0.3139546811580658, -0.07622986286878586, -0.9463726282119751, 0.04138819873332977], [0.6469426155090332, -0.7467283010482788, -0.1544715166091919, -0.7046630382537842], [0.0, 0.0, 0.0, 1.0]]}, "Bone": {"matrix": [[0.5553388595581055, -0.684791088104248, -0.47186827659606934, -1.739098310470581], [0.8275417685508728, 0.5111938714981079, 0.23206737637519836, 0.08181676268577576], [0.08229845017194748, -0.5193668007850647, 0.8505790829658508, 0.580062747001648], [0.0, 0.0, 0.0, 1.0]]}, "finger1joint1": {"matrix": [[-0.29749488830566406, -0.4138876497745514, -0.8603450059890747, -2.3089730739593506], [0.9455847144126892, -0.0033486615866422653, -0.32535842061042786, 0.5072259902954102], [0.13178078830242157, -0.9103216528892517, 0.392362117767334, 0.1478521227836609], [0.0, 0.0, 0.0, 1.0]]}, "finger1joint2": {"matrix": [[-0.01309279166162014, 0.16613078117370605, -0.9860166907310486, -2.542893409729004], [0.999620258808136, 0.026085831224918365, -0.008878188207745552, 0.505333423614502], [0.024246061220765114, -0.9857585430145264, -0.1664091795682907, -0.36664190888404846], [0.0, 0.0, 0.0, 1.0]]}, "finger1joint3": {"matrix": [[-0.11896833777427673, 0.8130045533180237, -0.5699736475944519, -2.4716758728027344], [0.9919483661651611, 0.12242210656404495, -0.03242358937859535, 0.5165159702301025], [0.043416786938905716, -0.5692418217658997, -0.8210228085517883, -0.78922039270401], [0.0, 0.0, 0.0, 1.0]]}, "Bone.001": {"matrix": [[0.2311657816171646, -0.9543979167938232, -0.1889091581106186, -1.7390984296798706], [0.9729131460189819, 0.22705145180225372, 0.04344351217150688, 0.08181674778461456], [0.001429644413292408, -0.1938348263502121, 0.9810329079627991, 0.580062747001648], [0.0, 0.0, 0.0, 1.0]]}, "finger2joint1": {"matrix": [[-0.5668405890464783, -0.16378453373908997, -0.8073822259902954, -2.3440754413604736], [0.7531970739364624, -0.5000597238540649, -0.42735716700553894, 0.2257409542798996], [-0.3337448537349701, -0.8503613471984863, 0.406816303730011, 0.4571940302848816], [0.0, 0.0, 0.0, 1.0]]}, "finger2joint2": {"matrix": [[-0.5022814273834229, 0.1219552680850029, -0.856060802936554, -2.4857735633850098], [0.7411466836929321, -0.449266254901886, -0.4988599717617035, -0.2068852037191391], [-0.44543787837028503, -0.8850346207618713, 0.13527143001556396, -0.2784952223300934], [0.0, 0.0, 0.0, 1.0]]}, "finger2joint3": {"matrix": [[-0.4064645767211914, 0.49173977971076965, -0.7700507640838623, -2.4394774436950684], [0.726315975189209, -0.33741438388824463, -0.5988458395004272, -0.37743401527404785], [-0.5543026328086853, -0.8027098774909973, -0.2200114130973816, -0.6144688725471497], [0.0, 0.0, 0.0, 1.0]]}, "Bone.002": {"matrix": [[-0.49682968854904175, -0.8623483180999756, -0.09754709154367447, -1.7390985488891602], [0.8548629283905029, -0.50566565990448, 0.11623938381671906, 0.08181676268577576], [-0.14956507086753845, -0.025638092309236526, 0.9884192943572998, 0.5800628066062927], [0.0, 0.0, 0.0, 1.0]]}, "finger3joint1": {"matrix": [[-0.5953061580657959, -0.7645198106765747, -0.24722428619861603, -2.1025869846343994], [0.7367172241210938, -0.6421608328819275, 0.21184250712394714, -0.13132643699645996], [-0.3207155764102936, -0.05602310597896576, 0.9455171227455139, 0.569256067276001], [0.0, 0.0, 0.0, 1.0]]}, "finger3joint2": {"matrix": [[-0.6986602544784546, 0.46313121914863586, -0.5453284978866577, -2.773209571838379], [0.6171292662620544, 0.004474604036659002, -0.7868490815162659, -0.6946179866790771], [-0.36197420954704285, -0.8862783908843994, -0.28893783688545227, 0.5201136469841003], [0.0, 0.0, 0.0, 1.0]]}, "finger3joint3": {"matrix": [[-0.5731552243232727, 0.8161194324493408, -0.07376965135335922, -2.4735264778137207], [0.7401115298271179, 0.4769197702407837, -0.47411224246025085, -0.6917226314544678], [-0.3517500162124634, -0.3263379633426666, -0.8773683905601501, -0.053379662334918976], [0.0, 0.0, 0.0, 1.0]]}, "Bone.003": {"matrix": [[-0.8277379870414734, -0.06054723635315895, 0.5578383207321167, -1.7390984296798706], [0.3731725215911865, -0.8018344044685364, 0.46669459342956543, 0.08181673288345337], [0.4190369248390198, 0.5944708585739136, 0.6863033771514893, 0.580062747001648], [0.0, 0.0, 0.0, 1.0]]}, "finger4joint1": {"matrix": [[-0.6218003034591675, -0.6625310182571411, -0.4176320731639862, -1.7650501728057861], [0.7071356773376465, -0.7041539549827576, 0.06423556804656982, -0.2618650794029236], [-0.3366353511810303, -0.255380779504776, 0.9063425660133362, 0.8348644971847534], [0.0, 0.0, 0.0, 1.0]]}, "finger4joint2": {"matrix": [[-0.6447727680206299, 0.08249368518590927, -0.759909451007843, -2.4231812953948975], [0.6919168829917908, -0.3594989478588104, -0.6261080503463745, -0.9613428115844727], [-0.3248366117477417, -0.9294917583465576, 0.174716517329216, 0.5811797380447388], [0.0, 0.0, 0.0, 1.0]]}, "finger4joint3": {"matrix": [[-0.6382129192352295, 0.4281890094280243, -0.639795184135437, -2.3887763023376465], [0.7284906506538391, 0.06713524460792542, -0.681757926940918, -1.1112765073776245], [-0.2489684522151947, -0.9011918306350708, -0.3547782301902771, 0.19352322816848755], [0.0, 0.0, 0.0, 1.0]]}}