{"root": {"matrix": [[0.46317997574806213, -0.8310361504554749, 0.30796632170677185, 0.0], [0.5775511264801025, 0.019459888339042664, -0.8161225318908691, 0.0], [0.6722343564033508, 0.5558779239654541, 0.4889792501926422, 0.0], [0.0, 0.0, 0.0, 1.0]]}, "carpals": {"matrix": [[-0.25331246852874756, -0.5701554417610168, -0.7815083265304565, 0.1994141936302185], [0.8719390034675598, -0.4844653010368347, 0.07082138955593109, 1.4169182777404785], [-0.4189927875995636, -0.6634876132011414, 0.6198619604110718, 2.009368658065796], [0.0, 0.0, 0.0, 1.0]]}, "metacarpals": {"matrix": [[-0.32501858472824097, -0.7141639590263367, -0.6199455261230469, -0.35591375827789307], [0.7956449389457703, -0.5608354806900024, 0.2289380580186844, 0.945051908493042], [-0.5111867189407349, -0.41884732246398926, 0.7505030035972595, 1.363135814666748], [0.0, 0.0, 0.0, 1.0]]}, "finger5joint1": {"matrix": [[-0.19518731534481049, -0.7920635342597961, -0.5783916711807251, -0.451410174369812], [0.8969599604606628, -0.3826941251754761, 0.22137747704982758, 0.3912142515182495], [-0.39669206738471985, -0.4755840003490448, 0.7851464152336121, 0.9050755500793457], [0.0, 0.0, 0.0, 1.0]]}, "finger5joint2": {"matrix": [[-0.4785113036632538, -0.8752419948577881, -0.07055215537548065, -1.2880451679229736], [0.21627530455589294, -0.03960559889674187, -0.9755286574363708, -0.013014934957027435], [0.851029634475708, -0.4820599853992462, 0.20824499428272247, 0.4027293622493744], [0.0, 0.0, 0.0, 1.0]]}, "finger5joint3": {"matrix": [[-0.5535169839859009, -0.7893953919410706, -0.2654677927494049, -1.8896294832229614], [0.26501086354255676, 0.1352400779724121, -0.9547141194343567, -0.04023725539445877], [0.7895490527153015, -0.5988022685050964, 0.13434074819087982, 0.07139265537261963], [0.0, 0.0, 0.0, 1.0]]}, "Bone": {"matrix": [[0.7052296996116638, -0.3362283408641815, -0.6241804957389832, -1.4709219932556152], [0.6556070446968079, 0.6443925499916077, 0.3936210870742798, 0.06943196058273315], [0.2698706388473511, -0.6868103742599487, 0.6748784780502319, 0.7091987729072571], [0.0, 0.0, 0.0, 1.0]]}, "finger1joint1": {"matrix": [[0.11764741688966751, -0.707075297832489, -0.6972827911376953, -1.7507269382476807], [0.9928699731826782, 0.09731969237327576, 0.06883339583873749, 0.6056874990463257], [0.01918894052505493, -0.7004091739654541, 0.7134833335876465, 0.13764363527297974], [0.0, 0.0, 0.0, 1.0]]}, "finger1joint2": {"matrix": [[0.3384721875190735, -0.3341541886329651, -0.8796461224555969, -2.15035080909729], [0.9226226806640625, -0.06588160991668701, 0.38003554940223694, 0.6606904864311218], [-0.18494302034378052, -0.9402129054069519, 0.28599923849105835, -0.25821244716644287], [0.0, 0.0, 0.0, 1.0]]}, "finger1joint3": {"matrix": [[0.2596776783466339, 0.31510841846466064, -0.9128383994102478, -2.2935972213745117], [0.9581592679023743, -0.20193421840667725, 0.20286333560943604, 0.6324481964111328], [-0.12040941417217255, -0.9273236393928528, -0.35436171293258667, -0.6612662076950073], [0.0, 0.0, 0.0, 1.0]]}, "Bone.001": {"matrix": [[0.47106677293777466, -0.7562221884727478, -0.45411866903305054, -1.4709219932556152], [0.8765032887458801, 0.4591720700263977, 0.14457793533802032, 0.06943204998970032], [0.09918557852506638, -0.46614229679107666, 0.8791320323944092, 0.7091988325119019], [0.0, 0.0, 0.0, 1.0]]}, "finger2joint1": {"matrix": [[-0.20025765895843506, -0.2905958890914917, -0.9356551170349121, -1.950278878211975], [0.8861556053161621, -0.4610516428947449, -0.04646977037191391, 0.3604936897754669], [-0.4178813695907593, -0.8384420275688171, 0.3498424291610718, 0.4137188196182251], [0.0, 0.0, 0.0, 1.0]]}, "finger2joint2": {"matrix": [[-0.13838931918144226, -0.1413012593984604, -0.9802458882331848, -2.2016873359680176], [0.8413178324699402, -0.5389771461486816, -0.041082728654146194, -0.038384661078453064], [-0.5225251317024231, -0.8303837180137634, 0.19346804916858673, -0.31165841221809387], [0.0, 0.0, 0.0, 1.0]]}, "finger2joint3": {"matrix": [[-0.06553781777620316, 0.10117742419242859, -0.9927071928977966, -2.2553277015686035], [0.7742294073104858, -0.6224514842033386, -0.11455470323562622, -0.24298924207687378], [-0.6295024156570435, -0.7760908007621765, -0.03754032403230667, -0.6268857717514038], [0.0, 0.0, 0.0, 1.0]]}, "Bone.002": {"matrix": [[-0.1825527846813202, -0.9175763726234436, -0.35316818952560425, -1.4709221124649048], [0.946029007434845, -0.26175862550735474, 0.1910799890756607, 0.06943204998970032], [-0.2677752673625946, -0.29922500252723694, 0.9158387184143066, 0.7091988325119019], [0.0, 0.0, 0.0, 1.0]]}, "finger3joint1": {"matrix": [[-0.20496556162834167, -0.9616082310676575, -0.18247872591018677, -1.8576898574829102], [0.8715081214904785, -0.2641616761684418, 0.41314932703971863, -0.040901824831962585], [-0.44549164175987244, -0.07435014098882675, 0.8921933174133301, 0.5830724239349365], [0.0, 0.0, 0.0, 1.0]]}, "finger3joint2": {"matrix": [[-0.34720367193222046, 0.29245421290397644, -0.8910218477249146, -2.7011947631835938], [0.8020825982093811, -0.39970049262046814, -0.4437377452850342, -0.2726195454597473], [-0.4859147071838379, -0.868740439414978, -0.09579470008611679, 0.517853856086731], [0.0, 0.0, 0.0, 1.0]]}, "finger3joint3": {"matrix": [[-0.17747756838798523, 0.934933602809906, -0.3072468042373657, -2.511953353881836], [0.8444480299949646, -0.015650548040866852, -0.5354089140892029, -0.5312578678131104], [-0.5053802728652954, -0.35447731614112854, -0.7867251038551331, -0.044290974736213684], [0.0, 0.0, 0.0, 1.0]]}, "Bone.003": {"matrix": [[-0.7839410901069641, -0.44677889347076416, 0.43107396364212036, -1.4709219932556152], [0.5997752547264099, -0.7243342399597168, 0.34001412987709045, 0.06943203508853912], [0.1603306084871292, 0.5250986218452454, 0.8358022570610046, 0.7091987133026123], [0.0, 0.0, 0.0, 1.0]]}, "finger4joint1": {"matrix": [[-0.2998080551624298, -0.7433987855911255, -0.5978903770446777, -1.6624200344085693], [0.8115110397338867, -0.5282261371612549, 0.24985378980636597, -0.2410317063331604], [-0.5015622973442078, -0.4102863669395447, 0.7616429328918457, 0.9342662692070007], [0.0, 0.0, 0.0, 1.0]]}, "finger4joint2": {"matrix": [[-0.32825973629951477, -0.0072614592500030994, -0.9445592761039734, -2.4008822441101074], [0.803862452507019, -0.527265727519989, -0.27531030774116516, -0.7657499313354492], [-0.49603453278541565, -0.8496692180633545, 0.1789175570011139, 0.5267046093940735], [0.0, 0.0, 0.0, 1.0]]}, "finger4joint3": {"matrix": [[-0.3126671612262726, 0.46674439311027527, -0.827277660369873, -2.4039103984832764], [0.8488509058952332, -0.2535376250743866, -0.46386483311653137, -0.9856528043746948], [-0.42625224590301514, -0.8472709655761719, -0.3169233798980713, 0.1723390817642212], [0.0, 0.0, 0.0, 1.0]]}}