{"root": {"matrix": [[0.3098558187484741, -0.6403263807296753, 0.7028310894966125, 0.0], [0.8147827386856079, -0.20214878022670746, -0.5433828830718994, 0.0], [0.49001890420913696, 0.7410249710083008, 0.45908984541893005, 0.0], [0.0, 0.0, 0.0, 1.0]]}, "carpals": {"matrix": [[-0.570914626121521, -0.7772907614707947, -0.2643393874168396, -0.005047738552093506], [0.7108813524246216, -0.30693528056144714, -0.6328019499778748, 1.705833911895752], [0.410736083984375, -0.5491898059844971, 0.727795422077179, 1.7818784713745117], [0.0, 0.0, 0.0, 1.0]]}, "metacarpals": {"matrix": [[-0.9321503043174744, -0.2468033879995346, 0.26492196321487427, -0.7621243000030518], [0.013248797506093979, -0.7544444799423218, -0.6562300324440002, 1.4068808555603027], [0.36182883381843567, -0.6081951260566711, 0.7065255045890808, 1.2469708919525146], [0.0, 0.0, 0.0, 1.0]]}, "finger5joint1": {"matrix": [[-0.8886380791664124, -0.398454874753952, 0.22705911099910736, -0.8483872413635254], [-0.20106184482574463, -0.10649283975362778, -0.9737726449966431, 1.243969440460205], [0.41218480467796326, -0.9109843969345093, 0.014519477263092995, 0.5457624197006226], [0.0, 0.0, 0.0, 1.0]]}, "finger5joint2": {"matrix": [[0.11168303340673447, -0.7994475364685059, 0.5902625918388367, -1.2692642211914062], [-0.9915084838867188, -0.04982808977365494, 0.1201152428984642, 1.131484031677246], [-0.06661419570446014, -0.5986650586128235, -0.7982243299484253, -0.4164852201938629], [0.0, 0.0, 0.0, 1.0]]}, "finger5joint3": {"matrix": [[0.0038960431702435017, -0.9035743474960327, 0.42841294407844543, -1.8187525272369385], [-0.9969325661659241, 0.029977921396493912, 0.07229278981685638, 1.0972354412078857], [-0.07816482335329056, -0.4273803234100342, -0.9006862044334412, -0.8279687166213989], [0.0, 0.0, 0.0, 1.0]]}, "Bone": {"matrix": [[0.07655844837427139, -0.9903709292411804, 0.1153431236743927, -1.1474528312683105], [0.8001992702484131, -0.007983813062310219, -0.5996809005737305, 0.22898350656032562], [0.59482741355896, 0.13820824027061462, 0.7918828725814819, 0.2974094748497009], [0.0, 0.0, 0.0, 1.0]]}, "finger1joint1": {"matrix": [[-0.7165125608444214, -0.6826675534248352, 0.14343823492527008, -1.9716272354125977], [0.22455251216888428, -0.42039936780929565, -0.8791133761405945, 0.2223394513130188], [0.6604436635971069, -0.5976862907409668, 0.45451620221138, 0.41242465376853943], [0.0, 0.0, 0.0, 1.0]]}, "finger1joint2": {"matrix": [[-0.7123636603355408, -0.05312855914235115, -0.6997965574264526, -2.3574562072753906], [0.4899056851863861, 0.6763402819633484, -0.5500510334968567, -0.015261143445968628], [0.5025240778923035, -0.7346706986427307, -0.45577216148376465, 0.07462531328201294], [0.0, 0.0, 0.0, 1.0]]}, "finger1joint3": {"matrix": [[-0.7771405577659607, 0.5575029253959656, -0.291964054107666, -2.3802313804626465], [0.4065372049808502, 0.7988681197166443, 0.4433250427246094, 0.27467483282089233], [0.4803958833217621, 0.225831538438797, -0.847478449344635, -0.24031592905521393], [0.0, 0.0, 0.0, 1.0]]}, "Bone.001": {"matrix": [[-0.24996942281723022, -0.8503296971321106, 0.4630921483039856, -1.1474528312683105], [0.6736677289009094, -0.4962712526321411, -0.5476188063621521, 0.22898352146148682], [0.6954759359359741, 0.17508237063884735, 0.6968923807144165, 0.2974095046520233], [0.0, 0.0, 0.0, 1.0]]}, "finger2joint1": {"matrix": [[-0.8997310996055603, -0.4025184214115143, 0.16870826482772827, -1.6864628791809082], [0.12164104729890823, -0.6025055050849915, -0.7887904047966003, -0.0855947732925415], [0.4191504716873169, -0.6891774535179138, 0.5910558104515076, 0.4083913564682007], [0.0, 0.0, 0.0, 1.0]]}, "finger2joint2": {"matrix": [[-0.944169819355011, -0.3188626170158386, -0.08288411051034927, -2.034701347351074], [0.13902868330478668, -0.15753689408302307, -0.9776773452758789, -0.6068517565727234], [0.298687607049942, -0.9346166253089905, 0.19307269155979156, -0.18784981966018677], [0.0, 0.0, 0.0, 1.0]]}, "finger2joint3": {"matrix": [[-0.9633035659790039, -0.11035426706075668, -0.24467888474464417, -2.1557469367980957], [0.20684057474136353, 0.27576348185539246, -0.938707172870636, -0.6666553020477295], [0.17106397449970245, -0.9548696279525757, -0.2428181767463684, -0.5426456332206726], [0.0, 0.0, 0.0, 1.0]]}, "Bone.002": {"matrix": [[-0.7793281674385071, -0.3800029754638672, 0.49824202060699463, -1.1474528312683105], [0.14536501467227936, -0.8830786943435669, -0.44613999128341675, 0.22898352146148682], [0.6095215678215027, -0.27526241540908813, 0.7434472441673279, 0.2974094748497009], [0.0, 0.0, 0.0, 1.0]]}, "finger3joint1": {"matrix": [[-0.4536113739013672, -0.5939947962760925, 0.6643845438957214, -1.3076280355453491], [0.718668520450592, -0.6846640110015869, -0.12145208567380905, -0.14324301481246948], [0.5270222425460815, 0.42238035798072815, 0.7374566197395325, 0.18138360977172852], [0.0, 0.0, 0.0, 1.0]]}, "finger3joint2": {"matrix": [[-0.5672562122344971, -0.6953878998756409, -0.44119831919670105, -1.8286691904067993], [0.6055301427841187, 0.010917468927800655, -0.7957473993301392, -0.7438176274299622], [0.558169960975647, -0.7185514569282532, 0.4148855209350586, 0.5518878698348999], [0.0, 0.0, 0.0, 1.0]]}, "finger3joint3": {"matrix": [[-0.518776535987854, 0.2180764228105545, -0.8266277313232422, -2.2786409854888916], [0.7305081486701965, 0.6153666973114014, -0.296110600233078, -0.7367531657218933], [0.44410452246665955, -0.7574737071990967, -0.47854432463645935, 0.0869273692369461], [0.0, 0.0, 0.0, 1.0]]}, "Bone.003": {"matrix": [[-0.4475162625312805, 0.6611843705177307, 0.6021330952644348, -1.1474528312683105], [-0.5973319411277771, -0.7220942378044128, 0.34896185994148254, 0.22898352146148682], [0.6655250191688538, -0.20350727438926697, 0.7180954813957214, 0.2974094748497009], [0.0, 0.0, 0.0, 1.0]]}, "finger4joint1": {"matrix": [[-0.5839673280715942, -0.6995074152946472, 0.41191166639328003, -0.8640563488006592], [0.5458317995071411, -0.7139398455619812, -0.43858546018600464, -0.08052009344100952], [0.600874125957489, -0.03128497302532196, 0.7987310290336609, 0.2101822942495346], [0.0, 0.0, 0.0, 1.0]]}, "finger4joint2": {"matrix": [[-0.591785728931427, -0.7975626587867737, 0.11697426438331604, -1.5589184761047363], [0.5207516551017761, -0.48902463912963867, -0.6997658610343933, -0.7897186875343323], [0.615310549736023, -0.3531968593597412, 0.7047300934791565, 0.17910508811473846], [0.0, 0.0, 0.0, 1.0]]}, "finger4joint3": {"matrix": [[-0.5250870585441589, -0.8408971428871155, -0.1310538947582245, -1.8915520906448364], [0.569780707359314, -0.23296891152858734, -0.7880831360816956, -0.9936727285385132], [0.6321654915809631, -0.488484263420105, 0.6014561653137207, 0.0317997932434082], [0.0, 0.0, 0.0, 1.0]]}}