{"root": {"matrix": [[0.28646209836006165, -0.9430071711540222, 0.16934256255626678, 0.0], [-0.17305177450180054, -0.22476935386657715, -0.9589222073554993, 0.0], [0.9423335790634155, 0.24538981914520264, -0.22757703065872192, 0.0], [0.0, 0.0, 0.0, 1.0]]}, "carpals": {"matrix": [[-0.4326702058315277, -0.31944701075553894, -0.8430598378181458, -0.294242799282074], [0.8932765126228333, -0.025489021092653275, -0.4487840533256531, -0.5035518407821655], [0.12187419831752777, -0.9472610950469971, 0.2963828146457672, 2.3968398571014404], [0.0, 0.0, 0.0, 1.0]]}, "metacarpals": {"matrix": [[-0.6691811680793762, -0.5108993649482727, -0.5396093130111694, -0.6053822636604309], [0.7409667372703552, -0.4037858545780182, -0.5365864634513855, -0.5283780694007874], [0.05625529959797859, -0.7589062452316284, 0.6487652659416199, 1.4742133617401123], [0.0, 0.0, 0.0, 1.0]]}, "finger5joint1": {"matrix": [[-0.5690696239471436, -0.6222745776176453, -0.5375257134437561, -0.5575409531593323], [0.7745674848556519, -0.18620289862155914, -0.6044613122940063, -0.6680862307548523], [0.276052325963974, -0.7603304982185364, 0.5879560112953186, 0.7643769383430481], [0.0, 0.0, 0.0, 1.0]]}, "finger5joint2": {"matrix": [[-0.25963515043258667, -0.9656091928482056, -0.013705611228942871, -1.2148323059082031], [-0.6472874879837036, 0.18454132974147797, -0.7395694851875305, -0.8647671937942505], [0.7166643738746643, -0.18314650654792786, -0.6729404926300049, -0.038739100098609924], [0.0, 0.0, 0.0, 1.0]]}, "finger5joint3": {"matrix": [[-0.34749603271484375, -0.8526695370674133, -0.39012888073921204, -1.8785293102264404], [-0.5855303406715393, 0.5222885012626648, -0.6199746131896973, -0.7379254698753357], [0.7323933243751526, 0.012993932701647282, -0.6807572841644287, -0.16462211310863495], [0.0, 0.0, 0.0, 1.0]]}, "Bone": {"matrix": [[0.4451870024204254, -0.6501154899597168, -0.6157582402229309, -1.4030380249023438], [0.5573078989982605, 0.7394074201583862, -0.37773585319519043, -1.1587998867034912], [0.7008682489395142, -0.17500364780426025, 0.691489040851593, 0.2893500328063965], [0.0, 0.0, 0.0, 1.0]]}, "finger1joint1": {"matrix": [[-0.4432235360145569, -0.45994505286216736, -0.7694174647331238, -1.9440559148788452], [0.7298735976219177, 0.3131462335586548, -0.607637882232666, -0.5434741377830505], [0.5204204320907593, -0.8308968544006348, 0.19690793752670288, 0.14371415972709656], [0.0, 0.0, 0.0, 1.0]]}, "finger1joint2": {"matrix": [[-0.17863494157791138, -0.17691570520401, -0.9678792357444763, -2.2040069103240967], [0.8738071918487549, 0.4236488938331604, -0.2387101799249649, -0.3664906620979309], [0.4522727429866791, -0.8883817195892334, 0.07891175895929337, -0.32589077949523926], [0.0, 0.0, 0.0, 1.0]]}, "finger1joint3": {"matrix": [[-0.26912519335746765, 0.23922282457351685, -0.9329222440719604, -2.2798478603363037], [0.8290060758590698, 0.5505924820899963, -0.09796324372291565, -0.1848793476819992], [0.4902251660823822, -0.799762487411499, -0.3464953899383545, -0.7067253589630127], [0.0, 0.0, 0.0, 1.0]]}, "Bone.001": {"matrix": [[0.12308956682682037, -0.9334365129470825, -0.3369642198085785, -1.4030380249023438], [0.7259166240692139, 0.31621253490448, -0.6107817888259888, -1.1587998867034912], [0.6766785979270935, -0.16942696273326874, 0.7165195345878601, 0.2893500328063965], [0.0, 0.0, 0.0, 1.0]]}, "finger2joint1": {"matrix": [[-0.5882261991500854, -0.7939361333847046, -0.1538017839193344, -1.9947283267974854], [0.7971627712249756, -0.5372486710548401, -0.2754906713962555, -0.9583579301834106], [0.1360924392938614, -0.28465598821640015, 0.9489201307296753, 0.1819530427455902], [0.0, 0.0, 0.0, 1.0]]}, "finger2joint2": {"matrix": [[-0.6408722400665283, 0.3301536440849304, -0.693023145198822, -2.6816012859344482], [0.7673458456993103, 0.30082470178604126, -0.5662902593612671, -1.423158049583435], [0.021515898406505585, -0.8947081565856934, -0.44613227248191833, -0.0643167793750763], [0.0, 0.0, 0.0, 1.0]]}, "finger2joint3": {"matrix": [[-0.5342707633972168, 0.7109392881393433, 0.4572960436344147, -2.556269645690918], [0.84429532289505, 0.47534018754959106, 0.24742023646831512, -1.3089599609375], [-0.041470207273960114, 0.518282413482666, -0.8542032241821289, -0.4039626717567444], [0.0, 0.0, 0.0, 1.0]]}, "Bone.002": {"matrix": [[-0.557336688041687, -0.789823055267334, -0.25603732466697693, -1.4030380249023438], [0.750316858291626, -0.3470662832260132, -0.5626450777053833, -1.1587998867034912], [0.35552841424942017, -0.5056918263435364, 0.7860502600669861, 0.2893500328063965], [0.0, 0.0, 0.0, 1.0]]}, "finger3joint1": {"matrix": [[-0.017809508368372917, -0.8700987100601196, -0.4925554394721985, -1.7359563112258911], [0.7561107277870178, 0.3106123208999634, -0.57603520154953, -1.3050918579101562], [0.6542014479637146, -0.3826850950717926, 0.6523590683937073, 0.07619583606719971], [0.0, 0.0, 0.0, 1.0]]}, "finger3joint2": {"matrix": [[-0.13604635000228882, 0.11654137820005417, -0.9838238954544067, -2.4991908073425293], [0.8174829483032227, 0.5741900205612183, -0.0450269877910614, -1.0326282978057861], [0.5596545338630676, -0.8103848099708557, -0.1733868420124054, -0.25948846340179443], [0.0, 0.0, 0.0, 1.0]]}, "finger3joint3": {"matrix": [[0.03728707879781723, 0.6640838980674744, -0.7467275857925415, -2.423779249191284], [0.8408796787261963, 0.38289588689804077, 0.3825075924396515, -0.6610813140869141], [0.5399361848831177, -0.6421707272529602, -0.5441373586654663, -0.7838724851608276], [0.0, 0.0, 0.0, 1.0]]}, "Bone.003": {"matrix": [[-0.9161438345909119, -0.06271585077047348, 0.3959128260612488, -1.4030380249023438], [0.01950877718627453, -0.9934903383255005, -0.11223357170820236, -1.1587998867034912], [0.40037447214126587, -0.09509852528572083, 0.9114035367965698, 0.2893500328063965], [0.0, 0.0, 0.0, 1.0]]}, "finger4joint1": {"matrix": [[-0.2590477168560028, -0.8123146891593933, -0.5225310325622559, -1.4299194812774658], [0.8393223881721497, 0.07838428765535355, -0.5379531979560852, -1.5846290588378906], [0.47794580459594727, -0.5779274702072144, 0.6614887118339539, 0.24858897924423218], [0.0, 0.0, 0.0, 1.0]]}, "finger4joint2": {"matrix": [[-0.2876422703266144, -0.16888730227947235, -0.9427292943000793, -2.2368392944335938], [0.8303540945053101, 0.44653090834617615, -0.3333495259284973, -1.5067654848098755], [0.47725656628608704, -0.8786845803260803, 0.011795219965279102, -0.3255005180835724], [0.0, 0.0, 0.0, 1.0]]}, "finger4joint3": {"matrix": [[-0.25878608226776123, 0.2200974076986313, -0.9405245780944824, -2.3072760105133057], [0.7951492071151733, 0.6013689041137695, -0.07805629819631577, -1.3205339908599854], [0.5484225153923035, -0.7680573463439941, -0.33063608407974243, -0.691967248916626], [0.0, 0.0, 0.0, 1.0]]}}