{"root": {"matrix": [[0.3194074332714081, -0.5589070320129395, 0.7652462720870972, 0.0], [0.8903695344924927, -0.09942444413900375, -0.4442487061023712, 0.0], [0.32437798380851746, 0.8232482671737671, 0.46587684750556946, 0.0], [0.0, 0.0, 0.0, 1.0]]}, "carpals": {"matrix": [[-0.5576038956642151, -0.8036165237426758, -0.2080337554216385, 0.08923041820526123], [0.7682043313980103, -0.4045925736427307, -0.4961518943309784, 1.9661744832992554], [0.31454703211784363, -0.4364686608314514, 0.8429442644119263, 1.487004280090332], [0.0, 0.0, 0.0, 1.0]]}, "metacarpals": {"matrix": [[-0.9243623614311218, -0.30686721205711365, 0.22668568789958954, -0.693487286567688], [0.12409620732069016, -0.8037005662918091, -0.5819496512413025, 1.57210373878479], [0.36076879501342773, -0.5098015666007996, 0.7809916734695435, 1.0618864297866821], [0.0, 0.0, 0.0, 1.0]]}, "finger5joint1": {"matrix": [[-0.8936973810195923, -0.4204433858394623, 0.1566271036863327, -0.7996643781661987], [-0.08198905736207962, -0.1901751607656479, -0.9783204793930054, 1.331076979637146], [0.441115140914917, -0.8871642351150513, 0.13548727333545685, 0.38638120889663696], [0.0, 0.0, 0.0, 1.0]]}, "finger5joint2": {"matrix": [[0.04268418997526169, -0.7841445207595825, 0.6191080808639526, -1.2437670230865479], [-0.9976561069488525, -0.06662231683731079, -0.01559925265610218, 1.1302002668380737], [0.05347851291298866, -0.6169910430908203, -0.7851506471633911, -0.5507057905197144], [0.0, 0.0, 0.0, 1.0]]}, "finger5joint3": {"matrix": [[-0.06485581398010254, -0.9969138503074646, 0.04422494396567345, -1.782736897468567], [-0.9971401691436768, 0.06302064657211304, -0.04170563071966171, 1.0844084024429321], [0.03878989443182945, -0.04680310934782028, -0.9981504082679749, -0.9747854471206665], [0.0, 0.0, 0.0, 1.0]]}, "Bone": {"matrix": [[0.140120267868042, -0.9866887927055359, 0.08253057301044464, -1.172592043876648], [0.8595253825187683, 0.07983682304620743, -0.5048187375068665, 0.31730401515960693], [0.4915100634098053, 0.14167256653308868, 0.8592708706855774, 0.2659446597099304], [0.0, 0.0, 0.0, 1.0]]}, "finger1joint1": {"matrix": [[-0.7042144536972046, -0.6787561774253845, 0.20825910568237305, -1.9937024116516113], [0.3642303943634033, -0.5971648097038269, -0.7146538496017456, 0.3837432265281677], [0.6094408631324768, -0.42741525173187256, 0.6677557826042175, 0.3838428258895874], [0.0, 0.0, 0.0, 1.0]]}, "finger1joint2": {"matrix": [[-0.7204654216766357, -0.025008397176861763, -0.6930397152900696, -2.3773207664489746], [0.5763875842094421, 0.534108579158783, -0.6184700727462769, 0.046238601207733154], [0.3856254518032074, -0.8450458645820618, -0.37039217352867126, 0.14227701723575592], [0.0, 0.0, 0.0, 1.0]]}, "finger1joint3": {"matrix": [[-0.7855424880981445, 0.5792986750602722, -0.2175682634115219, -2.3880414962768555], [0.4908050298690796, 0.797400951385498, 0.3510868549346924, 0.2752021849155426], [0.3768733739852905, 0.1690099984407425, -0.9107150435447693, -0.21998025476932526], [0.0, 0.0, 0.0, 1.0]]}, "Bone.001": {"matrix": [[-0.1932503581047058, -0.8809810876846313, 0.4318868815898895, -1.1725921630859375], [0.7699518203735352, -0.4090043306350708, -0.4897850751876831, 0.31730401515960693], [0.6081350445747375, 0.23788103461265564, 0.7573533058166504, 0.2659446597099304], [0.0, 0.0, 0.0, 1.0]]}, "finger2joint1": {"matrix": [[-0.8836766481399536, -0.4680204689502716, -0.008486618287861347, -1.7310316562652588], [0.23609887063503265, -0.4299801290035248, -0.8714207410812378, 0.05804285407066345], [0.40419378876686096, -0.7720579504966736, 0.49046260118484497, 0.41673359274864197], [0.0, 0.0, 0.0, 1.0]]}, "finger2joint2": {"matrix": [[-0.9177985191345215, -0.26046282052993774, -0.299674391746521, -2.135939121246338], [0.2757635712623596, 0.12485165148973465, -0.9530825018882751, -0.3139539957046509], [0.28565752506256104, -0.957377016544342, -0.04276243597269058, -0.251211553812027], [0.0, 0.0, 0.0, 1.0]]}, "finger2joint3": {"matrix": [[-0.9111433625221252, 0.08577126264572144, -0.4030640721321106, -2.2348151206970215], [0.37231409549713135, 0.5905829668045044, -0.7159565091133118, -0.2665582597255707], [0.17663435637950897, -0.802405595779419, -0.5700396299362183, -0.614647626876831], [0.0, 0.0, 0.0, 1.0]]}, "Bone.002": {"matrix": [[-0.7595618963241577, -0.4446888566017151, 0.4746760427951813, -1.1725921630859375], [0.2743043005466461, -0.8807113170623779, -0.3861405551433563, 0.31730401515960693], [0.5897651314735413, -0.16309188306331635, 0.7909348607063293, 0.2659446597099304], [0.0, 0.0, 0.0, 1.0]]}, "finger3joint1": {"matrix": [[-0.5421721339225769, -0.5238473415374756, 0.6569880247116089, -1.3600329160690308], [0.7185642123222351, -0.6943462491035461, 0.039351899176836014, -0.05392467975616455], [0.43556293845176697, 0.4934237003326416, 0.7528730630874634, 0.19719982147216797], [0.0, 0.0, 0.0, 1.0]]}, "finger3joint2": {"matrix": [[-0.6432564854621887, -0.6238791942596436, -0.44384199380874634, -1.819542407989502], [0.5976582169532776, -0.046809643507003784, -0.8003832697868347, -0.6629924178123474], [0.4785664975643158, -0.7801175117492676, 0.40297731757164, 0.6300219297409058], [0.0, 0.0, 0.0, 1.0]]}, "finger3joint3": {"matrix": [[-0.5896071195602417, 0.04779728502035141, -0.8062745928764343, -2.2232420444488525], [0.7206736207008362, 0.4818536043167114, -0.49844396114349365, -0.6932820081710815], [0.364682137966156, -0.8749471306800842, -0.3185505270957947, 0.1252232939004898], [0.0, 0.0, 0.0, 1.0]]}, "Bone.003": {"matrix": [[-0.48027780652046204, 0.6060636639595032, 0.6340503692626953, -1.1725921630859375], [-0.477738618850708, -0.7869979739189148, 0.39038440585136414, 0.31730401515960693], [0.7355942130088806, -0.11541742831468582, 0.6675176620483398, 0.2659446895122528], [0.0, 0.0, 0.0, 1.0]]}, "finger4joint1": {"matrix": [[-0.6329820156097412, -0.6802598237991333, 0.36956727504730225, -0.9128214716911316], [0.5731841921806335, -0.7326860427856445, -0.3669205904006958, -0.020018577575683594], [0.5203782916069031, -0.020423950627446175, 0.8536913990974426, 0.2164745330810547], [0.0, 0.0, 0.0, 1.0]]}, "finger4joint2": {"matrix": [[-0.6411548852920532, -0.7624598741531372, 0.08703365176916122, -1.5885636806488037], [0.5490458607673645, -0.5349922776222229, -0.642130434513092, -0.7478388547897339], [0.5361611843109131, -0.36391961574554443, 0.7616386413574219, 0.19618619978427887], [0.0, 0.0, 0.0, 1.0]]}, "finger4joint3": {"matrix": [[-0.5767599940299988, -0.8026675581932068, -0.15189532935619354, -1.9065574407577515], [0.6009519100189209, -0.29093697667121887, -0.7444542050361633, -0.970964252948761], [0.5533574223518372, -0.520653247833252, 0.6501656770706177, 0.044408828020095825], [0.0, 0.0, 0.0, 1.0]]}}