{"root": {"matrix": [[0.3878330588340759, -0.5724563598632812, 0.722412109375, 0.0], [0.9199094176292419, 0.28962641954421997, -0.2643543779850006, 0.0], [-0.05789821594953537, 0.7670790553092957, 0.6389346718788147, 5.960464477539063e-08], [0.0, 0.0, 0.0, 1.0]]}, "carpals": {"matrix": [[-0.8146868944168091, -0.492879182100296, -0.30554062128067017, 0.2355266511440277], [0.576301634311676, -0.7467468976974487, -0.3320320248603821, 2.3935625553131104], [-0.06450983881950378, -0.4465857744216919, 0.8924121260643005, 0.5480610728263855], [0.0, 0.0, 0.0, 1.0]]}, "metacarpals": {"matrix": [[-0.717903196811676, -0.5704469084739685, 0.39900505542755127, -0.2445346713066101], [0.43917956948280334, -0.8158402442932129, -0.37619906663894653, 1.6662356853485107], [0.5401260852813721, -0.09483963996171951, 0.8362231254577637, 0.11308924108743668], [0.0, 0.0, 0.0, 1.0]]}, "finger5joint1": {"matrix": [[-0.6488319039344788, -0.7119020819664001, 0.26872339844703674, -0.6082415580749512], [0.4049782156944275, -0.6220478415489197, -0.6701111197471619, 1.278355598449707], [0.6442124247550964, -0.3259624242782593, 0.6919094324111938, -0.379801481962204], [0.0, 0.0, 0.0, 1.0]]}, "finger5joint2": {"matrix": [[0.31111642718315125, -0.7304450869560242, 0.6079932451248169, -1.3602039813995361], [-0.6619423031806946, -0.6255956292152405, -0.4128704369068146, 0.6213037967681885], [0.6819373369216919, -0.2740057706832886, -0.6781459450721741, -0.7241064310073853], [0.0, 0.0, 0.0, 1.0]]}, "finger5joint3": {"matrix": [[0.2076202929019928, -0.8604799509048462, 0.46526047587394714, -1.8622645139694214], [-0.6937156319618225, -0.4648510217666626, -0.5501559972763062, 0.19131001830101013], [0.6896752715110779, -0.20853500068187714, -0.6934412121772766, -0.9124402403831482], [0.0, 0.0, 0.0, 1.0]]}, "Bone": {"matrix": [[0.4168977737426758, -0.8571281433105469, 0.3025347888469696, -1.1351606845855713], [0.9027434587478638, 0.3516031801700592, -0.24784903228282928, 0.3924824297428131], [0.10606618225574493, 0.3764391243457794, 0.9203495979309082, -0.03498178720474243], [0.0, 0.0, 0.0, 1.0]]}, "finger1joint1": {"matrix": [[-0.6225808262825012, -0.65889972448349, 0.4221896231174469, -1.8484522104263306], [0.5260848999023438, -0.7518019676208496, -0.3975274860858917, 0.685082197189331], [0.5793339014053345, -0.025385374203324318, 0.8146948218345642, 0.2782862186431885], [0.0, 0.0, 0.0, 1.0]]}, "finger1joint2": {"matrix": [[-0.7082542777061462, -0.38131508231163025, -0.5941166281700134, -2.2208478450775146], [0.6370655298233032, 0.017387431114912033, -0.7706133723258972, 0.2601800560951233], [0.3041766881942749, -0.9242815375328064, 0.2306079864501953, 0.2639389634132385], [0.0, 0.0, 0.0, 1.0]]}, "finger1joint3": {"matrix": [[-0.750312328338623, 0.5688108205795288, -0.33687615394592285, -2.3843114376068115], [0.5546788573265076, 0.8189191222190857, 0.14731809496879578, 0.2676337659358978], [0.359670490026474, -0.0763235092163086, -0.9299525022506714, -0.13228534162044525], [0.0, 0.0, 0.0, 1.0]]}, "Bone.001": {"matrix": [[0.13492785394191742, -0.7929317951202393, 0.5941828489303589, -1.1351606845855713], [0.932542085647583, -0.1010613963007927, -0.34662875533103943, 0.3924824297428131], [0.33490195870399475, 0.6008705496788025, 0.725806474685669, -0.03498178720474243], [0.0, 0.0, 0.0, 1.0]]}, "finger2joint1": {"matrix": [[-0.5150914788246155, -0.5661784410476685, -0.6435233950614929, -1.6377872228622437], [0.5553902387619019, 0.35138848423957825, -0.7537024617195129, 0.3284212648868561], [0.6528569459915161, -0.7456325888633728, 0.13345280289649963, 0.3459002375602722], [0.0, 0.0, 0.0, 1.0]]}, "finger2joint2": {"matrix": [[-0.50249844789505, -0.20485346019268036, -0.8399583697319031, -2.1276159286499023], [0.6521565318107605, 0.5480184555053711, -0.5238008499145508, 0.6324247121810913], [0.567615270614624, -0.8109935522079468, -0.14178191125392914, -0.2991829514503479], [0.0, 0.0, 0.0, 1.0]]}, "finger2joint3": {"matrix": [[-0.4456022083759308, 0.08048886805772781, -0.8916051983833313, -2.2053818702697754], [0.7548859715461731, 0.5691578388214111, -0.3258928656578064, 0.8404614329338074], [0.4812334477901459, -0.8182790279388428, -0.31437793374061584, -0.6070494651794434], [0.0, 0.0, 0.0, 1.0]]}, "Bone.002": {"matrix": [[-0.4655352532863617, -0.589988648891449, 0.6596894264221191, -1.1351606845855713], [0.6032881140708923, -0.7569237351417542, -0.25121641159057617, 0.3924824595451355], [0.6475495100021362, 0.2810327112674713, 0.7083079218864441, -0.03498176485300064], [0.0, 0.0, 0.0, 1.0]]}, "finger3joint1": {"matrix": [[-0.5811828970909119, -0.3057221472263336, 0.7541618943214417, -1.3838468790054321], [0.6291815042495728, -0.7565611004829407, 0.17817358672618866, 0.07343155145645142], [0.5160980820655823, 0.5780562162399292, 0.6320551633834839, 0.08347630500793457], [0.0, 0.0, 0.0, 1.0]]}, "finger3joint2": {"matrix": [[-0.6510259509086609, -0.6953436732292175, -0.3044046461582184, -1.6520205736160278], [0.4942452609539032, -0.08395462483167648, -0.8652589917182922, -0.5902099013328552], [0.5760962963104248, -0.7137567400932312, 0.3983270227909088, 0.5905365347862244], [0.0, 0.0, 0.0, 1.0]]}, "finger3joint3": {"matrix": [[-0.6242502331733704, -0.32502713799476624, -0.710400402545929, -2.101963758468628], [0.6279294490814209, 0.33224189281463623, -0.7037895321846008, -0.6445353031158447], [0.46477559208869934, -0.8854223489761353, -0.003308055456727743, 0.12867863476276398], [0.0, 0.0, 0.0, 1.0]]}, "Bone.003": {"matrix": [[-0.25913265347480774, 0.41549763083457947, 0.871901273727417, -1.1351606845855713], [-0.12181361764669418, -0.9095883965492249, 0.3972533643245697, 0.3924824595451355], [0.9581291675567627, -0.0032680965960025787, 0.2863174080848694, -0.03498176857829094], [0.0, 0.0, 0.0, 1.0]]}, "finger4joint1": {"matrix": [[-0.5931152105331421, -0.6158256530761719, 0.518625795841217, -0.9570702910423279], [0.6069782376289368, -0.7652269601821899, -0.214487224817276, 0.002615213394165039], [0.5289533734321594, 0.18757891654968262, 0.8276606798171997, -0.03638254106044769], [0.0, 0.0, 0.0, 1.0]]}, "finger4joint2": {"matrix": [[-0.5969505906105042, -0.78810715675354, 0.15012191236019135, -1.5688064098358154], [0.5850222706794739, -0.5556542873382568, -0.5907595157623291, -0.7575298547744751], [0.5489978194236755, -0.26482975482940674, 0.7927587032318115, 0.14995068311691284], [0.0, 0.0, 0.0, 1.0]]}, "finger4joint3": {"matrix": [[-0.5315043926239014, -0.8259515762329102, -0.18790048360824585, -1.8974967002868652], [0.6377660036087036, -0.24422331154346466, -0.7304854393005371, -0.9892727136611938], [0.5574560761451721, -0.508092999458313, 0.6565698385238647, 0.03950001299381256], [0.0, 0.0, 0.0, 1.0]]}}