{"root": {"matrix": [[0.47803154587745667, -0.5000476837158203, 0.7221067547798157, -5.960464477539063e-08], [0.8782479166984558, 0.26004162430763245, -0.40132153034210205, 0.0], [0.012902152724564075, 0.8260331153869629, 0.5634739398956299, 0.0], [0.0, 0.0, 0.0, 1.0]]}, "carpals": {"matrix": [[-0.750338613986969, -0.5782129168510437, -0.32040825486183167, 0.5104172229766846], [0.6550953984260559, -0.715322732925415, -0.24323482811450958, 2.2857866287231445], [-0.088553786277771, -0.39240652322769165, 0.9155190587043762, 0.7743632197380066], [0.0, 0.0, 0.0, 1.0]]}, "metacarpals": {"matrix": [[-0.7318624258041382, -0.6464968919754028, 0.21545036137104034, -0.05275869369506836], [0.5512193441390991, -0.7475207448005676, -0.3706342875957489, 1.589066743850708], [0.40066760778427124, -0.15249291062355042, 0.9034440517425537, 0.39216160774230957], [0.0, 0.0, 0.0, 1.0]]}, "finger5joint1": {"matrix": [[-0.6323845386505127, -0.7746114730834961, -0.008156816475093365, -0.38190722465515137], [0.5288410782814026, -0.4239978492259979, -0.7352229356765747, 1.218226432800293], [0.5660537481307983, -0.46925732493400574, 0.6777761578559875, -0.13681235909461975], [0.0, 0.0, 0.0, 1.0]]}, "finger5joint2": {"matrix": [[-0.04130261763930321, -0.8889892101287842, 0.4560607671737671, -1.2001078128814697], [-0.7502673864364624, -0.27384743094444275, -0.6017524600028992, 0.770369291305542], [0.6598427891731262, -0.3670215308666229, -0.6556693315505981, -0.6324758529663086], [0.0, 0.0, 0.0, 1.0]]}, "finger5joint3": {"matrix": [[-0.1491592824459076, -0.9582178592681885, 0.24406813085079193, -1.8111412525177002], [-0.7382841110229492, -0.05627656355500221, -0.6721376776695251, 0.5821443200111389], [0.6577898859977722, -0.28044724464416504, -0.6990431547164917, -0.8847426176071167], [0.0, 0.0, 0.0, 1.0]]}, "Bone": {"matrix": [[0.5051266551017761, -0.8540917038917542, 0.12399284541606903, -1.062119722366333], [0.8523270487785339, 0.4711068570613861, -0.22714906930923462, 0.4219793677330017], [0.1355922371149063, 0.22042158246040344, 0.965934157371521, 0.15407784283161163], [0.0, 0.0, 0.0, 1.0]]}, "finger1joint1": {"matrix": [[-0.6287779211997986, -0.6893855929374695, 0.3597019910812378, -1.7728843688964844], [0.6291981935501099, -0.7228831648826599, -0.28556835651397705, 0.8140286803245544], [0.4568893313407898, 0.0467648059129715, 0.8882933259010315, 0.33750995993614197], [0.0, 0.0, 0.0, 1.0]]}, "finger1joint2": {"matrix": [[-0.6945213675498962, -0.46029889583587646, -0.5529600381851196, -2.1625101566314697], [0.700596809387207, -0.2577876150608063, -0.665364146232605, 0.4054707884788513], [0.16372014582157135, -0.8495118021965027, 0.5015230178833008, 0.36394044756889343], [0.0, 0.0, 0.0, 1.0]]}, "finger1joint3": {"matrix": [[-0.7295935750007629, 0.5003257989883423, -0.4662265181541443, -2.359832763671875], [0.6385948061943054, 0.7423799633979797, -0.2026536464691162, 0.29496145248413086], [0.24472443759441376, -0.4455846846103668, -0.8611411452293396, -0.00023131072521209717], [0.0, 0.0, 0.0, 1.0]]}, "Bone.001": {"matrix": [[0.19727404415607452, -0.8822588920593262, 0.42743632197380066, -1.0621198415756226], [0.9283418655395508, 0.027995694428682327, -0.37067148089408875, 0.4219793975353241], [0.31506186723709106, 0.4699310064315796, 0.824560821056366, 0.15407785773277283], [0.0, 0.0, 0.0, 1.0]]}, "finger2joint1": {"matrix": [[-0.4780121147632599, -0.4811166226863861, -0.7348678708076477, -1.6213693618774414], [0.6500272154808044, 0.36891546845436096, -0.6643535494804382, 0.439725399017334], [0.5907357931137085, -0.7952533960342407, 0.13639289140701294, 0.4519594609737396], [0.0, 0.0, 0.0, 1.0]]}, "finger2joint2": {"matrix": [[-0.449596643447876, -0.29555368423461914, -0.8429178595542908, -2.037606954574585], [0.7393271327018738, 0.4064313769340515, -0.5368507504463196, 0.7588921785354614], [0.5012566447257996, -0.8645583987236023, 0.03578070178627968, -0.2360531985759735], [0.0, 0.0, 0.0, 1.0]]}, "finger2joint3": {"matrix": [[-0.4034011960029602, -0.0373760350048542, -0.9142593145370483, -2.149803876876831], [0.8260565996170044, 0.41488608717918396, -0.38144412636756897, 0.9131802320480347], [0.3935704529285431, -0.9091051816940308, -0.1364908218383789, -0.5642538070678711], [0.0, 0.0, 0.0, 1.0]]}, "Bone.002": {"matrix": [[-0.4805159866809845, -0.7161049842834473, 0.5062585473060608, -1.062119722366333], [0.6906429529190063, -0.6647626757621765, -0.28478556871414185, 0.4219794273376465], [0.5404782295227051, 0.21279995143413544, 0.8140020370483398, 0.15407784283161163], [0.0, 0.0, 0.0, 1.0]]}, "finger3joint1": {"matrix": [[-0.648169219493866, -0.44913551211357117, 0.6149420142173767, -1.3639652729034424], [0.6392804384231567, -0.7597185969352722, 0.11894611269235611, 0.1417752504348755], [0.41376009583473206, 0.47021761536598206, 0.779549777507782, 0.24377521872520447], [0.0, 0.0, 0.0, 1.0]]}, "finger3joint2": {"matrix": [[-0.7343946099281311, -0.5946585536003113, -0.3271779716014862, -1.7579386234283447], [0.5060077905654907, -0.15842662751674652, -0.8478543758392334, -0.524635910987854], [0.45235028862953186, -0.788214385509491, 0.4172496199607849, 0.6562414169311523], [0.0, 0.0, 0.0, 1.0]]}, "finger3joint3": {"matrix": [[-0.6975024342536926, -0.19970332086086273, -0.6881923079490662, -2.142730474472046], [0.6328880786895752, 0.27872738242149353, -0.7223320603370667, -0.6271506547927856], [0.3360702395439148, -0.9393773078918457, -0.06802322715520859, 0.14620336890220642], [0.0, 0.0, 0.0, 1.0]]}, "Bone.003": {"matrix": [[-0.4165946841239929, 0.2940900921821594, 0.8602091073989868, -1.0621198415756226], [-0.0341639518737793, -0.9506248831748962, 0.3084560036659241, 0.4219793975353241], [0.9084500670433044, 0.09911301732063293, 0.4060726463794708, 0.15407785773277283], [0.0, 0.0, 0.0, 1.0]]}, "finger4joint1": {"matrix": [[-0.6656666398048401, -0.6829819083213806, 0.3007044494152069, -0.9360671639442444], [0.6268457770347595, -0.7303919792175293, -0.2712777853012085, 0.014523148536682129], [0.40491005778312683, 0.007914685644209385, 0.9143221378326416, 0.1965596228837967], [0.0, 0.0, 0.0, 1.0]]}, "finger4joint2": {"matrix": [[-0.6752169728279114, -0.7372405529022217, 0.023617999628186226, -1.6145132780075073], [0.6045827865600586, -0.5714946985244751, -0.5548630952835083, -0.7110183238983154], [0.422565221786499, -0.3603740632534027, 0.8316062092781067, 0.204421728849411], [0.0, 0.0, 0.0, 1.0]]}, "finger4joint3": {"matrix": [[-0.611869215965271, -0.7633790969848633, -0.20704548060894012, -1.921988844871521], [0.6580483913421631, -0.34606698155403137, -0.6687372922897339, -0.9493675231933594], [0.4388485550880432, -0.5454259514808655, 0.7140883803367615, 0.05412307381629944], [0.0, 0.0, 0.0, 1.0]]}}