{"root": {"matrix": [[0.5029157996177673, -0.7224327921867371, 0.47451719641685486, -5.960464477539063e-08], [0.47442391514778137, -0.22817876935005188, -0.8502095937728882, -1.4901161193847656e-08], [0.7224941253662109, 0.6527061462402344, 0.22798462212085724, 0.0], [0.0, 0.0, 0.0, 1.0]]}, "carpals": {"matrix": [[-0.6154043078422546, -0.6710826754570007, -0.4134310781955719, 0.37685373425483704], [0.7332415580749512, -0.294967919588089, -0.612658679485321, 0.9451382160186768], [0.2891958951950073, -0.680177628993988, 0.6735902428627014, 2.2471494674682617], [0.0, 0.0, 0.0, 1.0]]}, "metacarpals": {"matrix": [[-0.8305308818817139, -0.5558722019195557, 0.034988824278116226, -0.2767767906188965], [0.29685455560684204, -0.49493467807769775, -0.816649854183197, 0.6578412055969238], [0.47127029299736023, -0.6678662896156311, 0.5760716795921326, 1.584660530090332], [0.0, 0.0, 0.0, 1.0]]}, "finger5joint1": {"matrix": [[-0.6011018753051758, -0.79857337474823, 0.030932137742638588, -0.46265965700149536], [0.37020695209503174, -0.31254637241363525, -0.874792218208313, 0.6592525243759155], [0.7082536816596985, -0.5143879055976868, 0.48350954055786133, 0.8838608264923096], [0.0, 0.0, 0.0, 1.0]]}, "finger5joint2": {"matrix": [[0.08625618368387222, -0.7897911071777344, 0.6072800159454346, -1.3061707019805908], [-0.8732824921607971, -0.35332220792770386, -0.3354710042476654, 0.3291184604167938], [0.4795175790786743, -0.5013905763626099, -0.7201873660087585, 0.34052714705467224], [0.0, 0.0, 0.0, 1.0]]}, "finger5joint3": {"matrix": [[-0.02141643688082695, -0.8947543501853943, 0.44604387879371643, -1.8490216732025146], [-0.8826538920402527, -0.19260773062705994, -0.4287470281124115, 0.08626772463321686], [0.46953481435775757, -0.4028845727443695, -0.7856338620185852, -0.004096180200576782], [0.0, 0.0, 0.0, 1.0]]}, "Bone": {"matrix": [[0.4159395396709442, -0.906243622303009, -0.07560800760984421, -1.1446475982666016], [0.6021186709403992, 0.3367513418197632, -0.7239140272140503, -0.11488927900791168], [0.6815035343170166, 0.2555796504020691, 0.6857343912124634, 0.5419358015060425], [0.0, 0.0, 0.0, 1.0]]}, "finger1joint1": {"matrix": [[-0.7517927885055542, -0.6484326720237732, -0.11975990235805511, -1.8988122940063477], [0.3342733383178711, -0.21821929514408112, -0.9168650507926941, 0.1653510183095932], [0.5683914422988892, -0.729324996471405, 0.3808094263076782, 0.7546260356903076], [0.0, 0.0, 0.0, 1.0]]}, "finger1joint2": {"matrix": [[-0.6665136814117432, -0.11374197155237198, -0.7367646098136902, -2.2652924060821533], [0.6018447279930115, 0.5011199116706848, -0.6218213438987732, 0.042018190026283264], [0.43993470072746277, -0.8578702211380005, -0.26554813981056213, 0.3424273431301117], [0.0, 0.0, 0.0, 1.0]]}, "finger1joint3": {"matrix": [[-0.7330774068832397, 0.372378945350647, -0.5691495537757874, -2.314051866531372], [0.5169848799705505, 0.8488295078277588, -0.11052201688289642, 0.2568400800228119], [0.441955029964447, -0.37526291608810425, -0.8147718906402588, -0.02532750368118286], [0.0, 0.0, 0.0, 1.0]]}, "Bone.001": {"matrix": [[0.07282754778862, -0.9632103443145752, 0.2586921751499176, -1.1446475982666016], [0.5907120108604431, -0.16733227670192719, -0.7893409132957458, -0.11488927900791168], [0.8035889267921448, 0.21029844880104065, 0.5567934513092041, 0.5419358015060425], [0.0, 0.0, 0.0, 1.0]]}, "finger2joint1": {"matrix": [[-0.5261167883872986, -0.5281415581703186, -0.6665337085723877, -1.7552108764648438], [0.22486098110675812, 0.6694872379302979, -0.7079718708992004, -0.22095847129821777], [0.820145308971405, -0.5223532915115356, -0.23347005248069763, 0.6752406358718872], [0.0, 0.0, 0.0, 1.0]]}, "finger2joint2": {"matrix": [[-0.5078650116920471, -0.09259229898452759, -0.8564457893371582, -2.212131977081299], [0.3489418625831604, 0.8868768215179443, -0.3028017580509186, 0.3582477271556854], [0.7875992655754089, -0.4526321291923523, -0.4181043207645416, 0.22332720458507538], [0.0, 0.0, 0.0, 1.0]]}, "finger2joint3": {"matrix": [[-0.43656250834465027, 0.16933982074260712, -0.8835931420326233, -2.247281551361084], [0.4740125834941864, 0.8780468106269836, -0.06592151522636414, 0.6949207782745361], [0.7646731734275818, -0.4476131200790405, -0.46359142661094666, 0.05150061845779419], [0.0, 0.0, 0.0, 1.0]]}, "Bone.002": {"matrix": [[-0.6234890818595886, -0.7073399424552917, 0.3330634832382202, -1.1446475982666016], [0.319075345993042, -0.6191220879554749, -0.71755051612854, -0.1148892343044281], [0.7137593030929565, -0.34111249446868896, 0.6117104887962341, 0.5419358611106873], [0.0, 0.0, 0.0, 1.0]]}, "finger3joint1": {"matrix": [[-0.5444704294204712, -0.6099756360054016, 0.5757442712783813, -1.4427984952926636], [0.5499497652053833, -0.7778845429420471, -0.3040575087070465, -0.3758555054664612], [0.6333304643630981, 0.1510801911354065, 0.7589908838272095, 0.39815351366996765], [0.0, 0.0, 0.0, 1.0]]}, "finger3joint2": {"matrix": [[-0.65599125623703, -0.47064343094825745, -0.5900592803955078, -1.9778577089309692], [0.4314061403274536, 0.4076838791370392, -0.8047873377799988, -1.0582013130187988], [0.6193257570266724, -0.7824885249137878, -0.06439847499132156, 0.5306782722473145], [0.0, 0.0, 0.0, 1.0]]}, "finger3joint3": {"matrix": [[-0.569953441619873, 0.22980093955993652, -0.7888879776000977, -2.2824020385742188], [0.5802867412567139, 0.7923102378845215, -0.1884457767009735, -0.7943971157073975], [0.5817391872406006, -0.5651866793632507, -0.5849302411079407, 0.024345338344573975], [0.0, 0.0, 0.0, 1.0]]}, "Bone.003": {"matrix": [[-0.6007645130157471, 0.31773388385772705, 0.7335713505744934, -1.1446477174758911], [-0.4917002022266388, -0.8703855276107788, -0.025689631700515747, -0.11488929390907288], [0.6303274631500244, -0.37613072991371155, 0.679126501083374, 0.5419358015060425], [0.0, 0.0, 0.0, 1.0]]}, "finger4joint1": {"matrix": [[-0.5671806335449219, -0.6970769762992859, 0.4386220872402191, -1.0084607601165771], [0.5509993433952332, -0.7169957756996155, -0.4269854724407196, -0.4879534840583801], [0.61213219165802, -0.0004973378963768482, 0.7907550930976868, 0.3807188868522644], [0.0, 0.0, 0.0, 1.0]]}, "finger4joint2": {"matrix": [[-0.5744351148605347, -0.7890982627868652, -0.21759523451328278, -1.7009085416793823], [0.526070773601532, -0.1522379219532013, -0.8367035984992981, -1.2001875638961792], [0.6271153092384338, -0.5951024293899536, 0.5025724768638611, 0.3802248537540436], [0.0, 0.0, 0.0, 1.0]]}, "finger4joint3": {"matrix": [[-0.5036076307296753, -0.487861692905426, -0.7130005359649658, -2.0300121307373047], [0.5490883588790894, 0.4564184546470642, -0.700131356716156, -1.2636804580688477], [0.666994035243988, -0.7440918684005737, 0.038023464381694794, 0.132029727101326], [0.0, 0.0, 0.0, 1.0]]}}