{"root": {"matrix": [[0.41632556915283203, -0.6352049112319946, 0.6505288481712341, -5.960464477539063e-08], [0.8814814686775208, 0.10661689937114716, -0.46002528071403503, 0.0], [0.22285300493240356, 0.764949381351471, 0.6043086647987366, 5.960464477539063e-08], [0.0, 0.0, 0.0, 1.0]]}, "carpals": {"matrix": [[-0.5393129587173462, -0.7306556105613708, -0.41866886615753174, 0.2466239631175995], [0.8420664072036743, -0.4726956784725189, -0.25977444648742676, 2.149524688720703], [-0.008097299374639988, -0.492646723985672, 0.8701915740966797, 1.1847810745239258], [0.0, 0.0, 0.0, 1.0]]}, "metacarpals": {"matrix": [[-0.9101366996765137, -0.4108123481273651, -0.053703825920820236, -0.4650301933288574], [0.4002267122268677, -0.8382792472839355, -0.3702787756919861, 1.689121961593628], [0.1070963591337204, -0.3584979772567749, 0.9273668527603149, 0.7049460411071777], [0.0, 0.0, 0.0, 1.0]]}, "finger5joint1": {"matrix": [[-0.6401329040527344, -0.7528757452964783, -0.15299539268016815, -0.5176785588264465], [0.6174435615539551, -0.3856600522994995, -0.6855869889259338, 1.292836308479309], [0.45715776085853577, -0.5333328247070312, 0.7117321491241455, 0.10008186101913452], [0.0, 0.0, 0.0, 1.0]]}, "finger5joint2": {"matrix": [[-0.1253156065940857, -0.7780907154083252, 0.6155242323875427, -1.312920331954956], [-0.6960046291351318, -0.37318122386932373, -0.6134434938430786, 0.8854742050170898], [0.7070170640945435, -0.5052817463874817, -0.49478960037231445, -0.4632628262042999], [0.0, 0.0, 0.0, 1.0]]}, "finger5joint3": {"matrix": [[-0.2311035394668579, -0.8632653951644897, 0.44873520731925964, -1.8477294445037842], [-0.6929706931114197, -0.17769096791744232, -0.6987253427505493, 0.628973662853241], [0.682921826839447, -0.4724382758140564, -0.5571528673171997, -0.8105607032775879], [0.0, 0.0, 0.0, 1.0]]}, "Bone": {"matrix": [[0.26835137605667114, -0.9454241394996643, -0.18482545018196106, -1.1064224243164062], [0.9183142781257629, 0.3090211749076843, -0.2473955899477005, 0.3803353011608124], [0.29100874066352844, -0.10333885252475739, 0.9511228799819946, 0.14523115754127502], [0.0, 0.0, 0.0, 1.0]]}, "finger1joint1": {"matrix": [[-0.511494517326355, -0.6699976921081543, -0.5380299091339111, -1.8931926488876343], [0.6449790000915527, 0.11437153816223145, -0.7555931210517883, 0.6374989748001099], [0.5677810311317444, -0.7334998250007629, 0.37363412976264954, 0.05923381447792053], [0.0, 0.0, 0.0, 1.0]]}, "finger1joint2": {"matrix": [[-0.3098970353603363, -0.05778123810887337, -0.9490126371383667, -2.2718608379364014], [0.841982364654541, 0.44695112109184265, -0.3021593689918518, 0.7021392583847046], [0.44162145256996155, -0.8926902413368225, -0.08985799551010132, -0.355324387550354], [0.0, 0.0, 0.0, 1.0]]}, "finger1joint3": {"matrix": [[-0.4020836055278778, 0.3612723648548126, -0.841314971446991, -2.296630620956421], [0.7900858521461487, 0.6012526154518127, -0.11941354721784592, 0.8937398791313171], [0.46270206570625305, -0.7127253413200378, -0.5271899700164795, -0.7380059957504272], [0.0, 0.0, 0.0, 1.0]]}, "Bone.001": {"matrix": [[-0.09109726548194885, -0.9813960194587708, 0.1690051257610321, -1.1064224243164062], [0.9327270984649658, -0.14354273676872253, -0.3307799696922302, 0.38033533096313477], [0.3488856256008148, 0.12750260531902313, 0.9284511804580688, 0.14523112773895264], [0.0, 0.0, 0.0, 1.0]]}, "finger2joint1": {"matrix": [[-0.8504291772842407, -0.4988996386528015, -0.16693997383117676, -1.728513240814209], [0.5096526145935059, -0.7025802135467529, -0.49662360548973083, 0.28934594988822937], [0.1304766684770584, -0.5074246525764465, 0.8517603874206543, 0.22605299949645996], [0.0, 0.0, 0.0, 1.0]]}, "finger2joint2": {"matrix": [[-0.8729795217514038, -0.27904975414276123, -0.4000472128391266, -2.1601357460021973], [0.487733393907547, -0.491376131772995, -0.7215715050697327, -0.31849056482315063], [0.004780749790370464, -0.8250334858894348, 0.5650632977485657, -0.21294492483139038], [0.0, 0.0, 0.0, 1.0]]}, "finger2joint3": {"matrix": [[-0.8599638938903809, 0.1237148717045784, -0.4951326549053192, -2.2660675048828125], [0.4906655550003052, -0.0664561539888382, -0.8688098788261414, -0.5050250291824341], [-0.14038929343223572, -0.9900898337364197, -0.003552637994289398, -0.5261411666870117], [0.0, 0.0, 0.0, 1.0]]}, "Bone.002": {"matrix": [[-0.7522338032722473, -0.6173645257949829, 0.23022837936878204, -1.1064224243164062], [0.5735506415367126, -0.7855135202407837, -0.23239630460739136, 0.38033533096313477], [0.32432082295417786, -0.04276861250400543, 0.944979727268219, 0.14523114264011383], [0.0, 0.0, 0.0, 1.0]]}, "finger3joint1": {"matrix": [[-0.5474251508712769, -0.6493582129478455, 0.5278820991516113, -1.366647720336914], [0.829285204410553, -0.5055831670761108, 0.2380581945180893, 0.04923349618911743], [0.11230331659317017, 0.5680839419364929, 0.8152720332145691, 0.12720373272895813], [0.0, 0.0, 0.0, 1.0]]}, "finger3joint2": {"matrix": [[-0.6632770895957947, -0.5675042867660522, -0.48785459995269775, -1.9362525939941406], [0.7290411591529846, -0.3427654206752777, -0.5924615859985352, -0.3942546844482422], [0.1690049022436142, -0.7486323118209839, 0.6410826444625854, 0.6255164742469788], [0.0, 0.0, 0.0, 1.0]]}, "finger3joint3": {"matrix": [[-0.599119246006012, 0.2940821051597595, -0.7446956038475037, -2.303473472595215], [0.800372838973999, 0.24488018453121185, -0.5472082495689392, -0.616051435470581], [0.021437091752886772, -0.9238773584365845, -0.3820877969264984, 0.1410912722349167], [0.0, 0.0, 0.0, 1.0]]}, "Bone.003": {"matrix": [[-0.695789635181427, 0.401917964220047, 0.5952633619308472, -1.1064223051071167], [-0.14624011516571045, -0.8906887173652649, 0.4304502308368683, 0.38033533096313477], [0.703200101852417, 0.21245147287845612, 0.6785085797309875, 0.14523114264011383], [0.0, 0.0, 0.0, 1.0]]}, "finger4joint1": {"matrix": [[-0.6750356554985046, -0.7266162037849426, 0.12788760662078857, -0.934152364730835], [0.715035080909729, -0.6870304346084595, -0.12928159534931183, -0.0014311671257019043], [0.18180088698863983, 0.004174489993602037, 0.9833263754844666, 0.23629198968410492], [0.0, 0.0, 0.0, 1.0]]}, "finger4joint2": {"matrix": [[-0.6889191269874573, -0.708712637424469, -0.15204018354415894, -1.6559431552886963], [0.6964684128761292, -0.5891196131706238, -0.40971869230270386, -0.6838989853858948], [0.20080307126045227, -0.3881542980670929, 0.8994520902633667, 0.24043875932693481], [0.0, 0.0, 0.0, 1.0]]}, "finger4joint3": {"matrix": [[-0.6253242492675781, -0.6879999041557312, -0.3682730793952942, -1.9515209197998047], [0.7489479780197144, -0.39655739068984985, -0.5308660268783569, -0.9295989274978638], [0.2191944718360901, -0.607780933380127, 0.7632534503936768, 0.07855397462844849], [0.0, 0.0, 0.0, 1.0]]}}