{"root": {"matrix": [[0.3444488048553467, -0.9363111257553101, -0.06838463991880417, -5.960464477539063e-08], [-0.31082987785339355, -0.04500708729028702, -0.9493993520736694, 0.0], [0.8858553767204285, 0.34827545285224915, -0.30653616786003113, 0.0], [0.0, 0.0, 0.0, 1.0]]}, "carpals": {"matrix": [[-0.13986577093601227, -0.4215909540653229, -0.8959344029426575, -0.1298263967037201], [0.9621618986129761, 0.15581975877285004, -0.22352726757526398, -0.6402497887611389], [0.23384161293506622, -0.8932977914810181, 0.38384491205215454, 2.37869930267334], [0.0, 0.0, 0.0, 1.0]]}, "metacarpals": {"matrix": [[-0.40016984939575195, -0.6581457257270813, -0.6377366781234741, -0.5404534339904785], [0.913207471370697, -0.22796568274497986, -0.3377624452114105, -0.4884823262691498], [0.07691508531570435, -0.7175483703613281, 0.6922486424446106, 1.5086326599121094], [0.0, 0.0, 0.0, 1.0]]}, "finger5joint1": {"matrix": [[-0.5671753883361816, -0.60933518409729, -0.5540960431098938, -0.5834769010543823], [0.8147071003913879, -0.5136755704879761, -0.26905307173728943, -0.63986736536026], [-0.12068183720111847, -0.6040264368057251, 0.7877739071846008, 0.8008852601051331], [0.0, 0.0, 0.0, 1.0]]}, "finger5joint2": {"matrix": [[-0.283008337020874, -0.95015949010849, 0.13077662885189056, -1.2271007299423218], [-0.23489002883434296, -0.06353676319122314, -0.9699429869651794, -1.1824487447738647], [0.929909884929657, -0.30521994829177856, -0.2052018791437149, 0.16286884248256683], [0.0, 0.0, 0.0, 1.0]]}, "finger5joint3": {"matrix": [[-0.3772435486316681, -0.8834627866744995, -0.2778131663799286, -1.880178689956665], [-0.18603850901126862, 0.3661534786224365, -0.9117679595947266, -1.2261196374893188], [0.9072355628013611, -0.29227447509765625, -0.30248740315437317, -0.04691953957080841], [0.0, 0.0, 0.0, 1.0]]}, "Bone": {"matrix": [[0.6399834156036377, -0.39719781279563904, -0.6577650904655457, -1.5680015087127686], [0.3940253257751465, 0.9045568108558655, -0.1628519594669342, -0.8444000482559204], [0.6596704721450806, -0.15495334565639496, 0.7354074120521545, 0.38834041357040405], [0.0, 0.0, 0.0, 1.0]]}, "finger1joint1": {"matrix": [[-0.3177894353866577, -0.4962623715400696, -0.8079190850257874, -1.8985447883605957], [0.924545168876648, 0.0268048457801342, -0.38012829422950745, -0.09163904190063477], [0.2102997601032257, -0.8677585124969482, 0.4502987265586853, 0.25939011573791504], [0.0, 0.0, 0.0, 1.0]]}, "finger1joint2": {"matrix": [[-0.0467335470020771, -0.21634678542613983, -0.9751973152160645, -2.1790213584899902], [0.9956559538841248, 0.06861598789691925, -0.06293640285730362, -0.07648952305316925], [0.08053041994571686, -0.9739022850990295, 0.2122003734111786, -0.23104819655418396], [0.0, 0.0, 0.0, 1.0]]}, "finger1joint3": {"matrix": [[-0.13728569447994232, 0.21690908074378967, -0.9664899706840515, -2.27176570892334], [0.980972170829773, 0.16500292718410492, -0.10231128334999084, -0.04707498103380203], [0.1372816413640976, -0.9621456265449524, -0.23543424904346466, -0.6485440731048584], [0.0, 0.0, 0.0, 1.0]]}, "Bone.001": {"matrix": [[0.3855651319026947, -0.7972784042358398, -0.4644204378128052, -1.5680015087127686], [0.6546822190284729, 0.5910764932632446, -0.47118932008743286, -0.8444000482559204], [0.6501773595809937, -0.12237349897623062, 0.749862551689148, 0.38834038376808167], [0.0, 0.0, 0.0, 1.0]]}, "finger2joint1": {"matrix": [[0.1616194099187851, -0.7678048014640808, -0.6199634671211243, -2.073383331298828], [0.6596889495849609, 0.5512873530387878, -0.5107762217521667, -0.4697263240814209], [0.7339547276496887, -0.32643160223960876, 0.5956110954284668, 0.31076985597610474], [0.0, 0.0, 0.0, 1.0]]}, "finger2joint2": {"matrix": [[0.1481214314699173, 0.34940457344055176, -0.9251897931098938, -2.7376489639282227], [0.7512074708938599, 0.5687108635902405, 0.3350447714328766, 0.007219359278678894], [0.6432320475578308, -0.7446367740631104, -0.17823690176010132, 0.028357893228530884], [0.0, 0.0, 0.0, 1.0]]}, "finger2joint3": {"matrix": [[0.26929163932800293, 0.8712952733039856, 0.41027572751045227, -2.605009078979492], [0.7785173654556274, -0.4477250277996063, 0.43983250856399536, 0.2231113165616989], [0.566914975643158, 0.20096339285373688, -0.7988871932029724, -0.2543184459209442], [0.0, 0.0, 0.0, 1.0]]}, "Bone.002": {"matrix": [[-0.272291898727417, -0.8889380693435669, -0.36830151081085205, -1.5680017471313477], [0.8887230157852173, -0.08562768995761871, -0.4503766894340515, -0.8444000482559204], [0.368820458650589, -0.4499519169330597, 0.8133354187011719, 0.38834041357040405], [0.0, 0.0, 0.0, 1.0]]}, "finger3joint1": {"matrix": [[-0.09624475240707397, -0.8491746187210083, -0.5192679166793823, -1.9426981210708618], [0.9277220964431763, 0.11249478161334991, -0.35591667890548706, -0.8804929852485657], [0.3606506288051605, -0.5159913301467896, 0.7769709825515747, 0.19868114590644836], [0.0, 0.0, 0.0, 1.0]]}, "finger3joint2": {"matrix": [[-0.2090902179479599, 0.306015282869339, -0.9287819266319275, -2.6875782012939453], [0.9469386339187622, 0.3004474937915802, -0.11418626457452774, -0.7818146347999573], [0.24410775303840637, -0.9033746123313904, -0.3525981903076172, -0.25393688678741455], [0.0, 0.0, 0.0, 1.0]]}, "finger3joint3": {"matrix": [[-0.03448082134127617, 0.8662331104278564, -0.4984486699104309, -2.4895617961883545], [0.9663786888122559, 0.1560547649860382, 0.20435042679309845, -0.5874010324478149], [0.2548006772994995, -0.47464415431022644, -0.8424899578094482, -0.8384928107261658], [0.0, 0.0, 0.0, 1.0]]}, "Bone.003": {"matrix": [[-0.8372654914855957, -0.3748875856399536, 0.39805230498313904, -1.568001627922058], [0.30681318044662476, -0.9246691465377808, -0.2255050241947174, -0.8444000482559204], [0.45260587334632874, -0.06668006628751755, 0.889214038848877, 0.38834038376808167], [0.0, 0.0, 0.0, 1.0]]}, "finger4joint1": {"matrix": [[-0.2857736051082611, -0.7511609792709351, -0.5950547456741333, -1.728685736656189], [0.9401968121528625, -0.09965625405311584, -0.32572734355926514, -1.2407312393188477], [0.18537308275699615, -0.6525529623031616, 0.7347184419631958, 0.3597600758075714], [0.0, 0.0, 0.0, 1.0]]}, "finger4joint2": {"matrix": [[-0.3143547773361206, 0.14748765528202057, -0.9377782344818115, -2.474858045578003], [0.9312000274658203, 0.2399197369813919, -0.27441680431365967, -1.3397257328033447], [0.1845187395811081, -0.9595235586166382, -0.21276040375232697, -0.2884593605995178], [0.0, 0.0, 0.0, 1.0]]}, "finger4joint3": {"matrix": [[-0.31177467107772827, 0.4908502995967865, -0.8135490417480469, -2.413346767425537], [0.9119479656219482, 0.3949515223503113, -0.1111922487616539, -1.239664077758789], [0.2667340338230133, -0.7765815258026123, -0.5707658529281616, -0.6886410713195801], [0.0, 0.0, 0.0, 1.0]]}}