{"root": {"matrix": [[0.40901193022727966, -0.5553014874458313, 0.7241198420524597, 0.0], [0.9023122191429138, 0.3645208477973938, -0.23012423515319824, 2.9802322387695312e-08], [-0.13616837561130524, 0.747505784034729, 0.6501486897468567, 0.0], [0.0, 0.0, 0.0, 1.0]]}, "carpals": {"matrix": [[-0.7278361916542053, -0.559069037437439, -0.3971095383167267, 0.30002155900001526], [0.6362158060073853, -0.7666118741035461, -0.08680669963359833, 2.4232265949249268], [-0.25589799880981445, -0.31582850217819214, 0.9136565923690796, 0.35063573718070984], [0.0, 0.0, 0.0, 1.0]]}, "metacarpals": {"matrix": [[-0.7792798280715942, -0.6109324097633362, 0.13958613574504852, -0.2445082664489746], [0.6038671135902405, -0.7915984392166138, -0.093360535800457, 1.6765512228012085], [0.16753315925598145, 0.011537506245076656, 0.9857988357543945, 0.04302070289850235], [0.0, 0.0, 0.0, 1.0]]}, "finger5joint1": {"matrix": [[-0.6383503675460815, -0.7695373892784119, -0.017909131944179535, -0.5138329863548279], [0.6963346600532532, -0.5673978328704834, -0.43951964378356934, 1.1572577953338623], [0.32806524634361267, -0.2930383086204529, 0.898054301738739, -0.38531720638275146], [0.0, 0.0, 0.0, 1.0]]}, "finger5joint2": {"matrix": [[0.01955512724816799, -0.7708908319473267, 0.6366664171218872, -1.326674222946167], [-0.44703614711761475, -0.576331377029419, -0.6841055154800415, 0.5579311847686768], [0.8943018913269043, -0.2712351977825165, -0.3558864891529083, -0.6948453187942505], [0.0, 0.0, 0.0, 1.0]]}, "finger5joint3": {"matrix": [[-0.08757799118757248, -0.8750215768814087, 0.4760951101779938, -1.8565343618392944], [-0.4605436325073242, -0.38822245597839355, -0.7982370257377625, 0.1617984175682068], [0.8833057880401611, -0.28917068243026733, -0.3689860701560974, -0.8812748193740845], [0.0, 0.0, 0.0, 1.0]]}, "Bone": {"matrix": [[0.4692096710205078, -0.8822156190872192, 0.0392129048705101, -1.1983435153961182], [0.8803984522819519, 0.47078222036361694, 0.05711711198091507, 0.44064632058143616], [-0.06885035336017609, 0.007723082322627306, 0.9975969791412354, 0.0610339529812336], [0.0, 0.0, 0.0, 1.0]]}, "finger1joint1": {"matrix": [[-0.27111634612083435, -0.7565040588378906, -0.5951447486877441, -1.9325121641159058], [0.8538013100624084, 0.09647731482982635, -0.5115810036659241, 0.8324254751205444], [0.4444311559200287, -0.6468334794044495, 0.6197476983070374, 0.06746098399162292], [0.0, 0.0, 0.0, 1.0]]}, "finger1joint2": {"matrix": [[-0.06186186522245407, 0.003306057769805193, -0.9980791211128235, -2.360071897506714], [0.9669137001037598, 0.24816098809242249, -0.059107981622219086, 0.88695228099823], [0.24748893082141876, -0.968713104724884, -0.018548404797911644, -0.2981152832508087], [0.0, 0.0, 0.0, 1.0]]}, "finger1joint3": {"matrix": [[-0.16270172595977783, 0.5344650745391846, -0.8293823003768921, -2.3586549758911133], [0.9461979269981384, 0.3228115141391754, 0.02240666002035141, 0.9933348298072815], [0.2797098159790039, -0.7811142802238464, -0.5582318305969238, -0.7133866548538208], [0.0, 0.0, 0.0, 1.0]]}, "Bone.001": {"matrix": [[0.14422975480556488, -0.9225443601608276, 0.357923686504364, -1.1983433961868286], [0.9879600405693054, 0.11379171907901764, -0.10481420904397964, 0.4406462609767914], [0.05596701428294182, 0.36873170733451843, 0.9278493523597717, 0.061033934354782104], [0.0, 0.0, 0.0, 1.0]]}, "finger2joint1": {"matrix": [[-0.499611496925354, -0.7290788888931274, -0.4677947759628296, -1.7831292152404785], [0.8093903064727783, -0.20047299563884735, -0.5519940853118896, 0.5127770304679871], [0.3086670935153961, -0.6544113159179688, 0.6902682185173035, 0.294766902923584], [0.0, 0.0, 0.0, 1.0]]}, "finger2joint2": {"matrix": [[-0.5181192755699158, -0.10338587313890457, -0.8490367531776428, -2.413890838623047], [0.8354783654212952, 0.1513374298810959, -0.5282732248306274, 0.3393380045890808], [0.18310709297657013, -0.9830605983734131, 0.007965851575136185, -0.27139633893966675], [0.0, 0.0, 0.0, 1.0]]}, "finger2joint3": {"matrix": [[-0.44860780239105225, 0.5776541233062744, -0.6819577217102051, -2.4531378746032715], [0.8911611437797546, 0.34691768884658813, -0.29236888885498047, 0.3967881500720978], [0.06769509613513947, -0.7388933897018433, -0.670413076877594, -0.644582211971283], [0.0, 0.0, 0.0, 1.0]]}, "Bone.002": {"matrix": [[-0.5455256104469299, -0.7162121534347534, 0.4352489709854126, -1.1983433961868286], [0.7890071868896484, -0.6140092015266418, -0.021453171968460083, 0.44064635038375854], [0.2826119363307953, 0.3317113518714905, 0.9000544548034668, 0.0610339492559433], [0.0, 0.0, 0.0, 1.0]]}, "finger3joint1": {"matrix": [[-0.7132623195648193, -0.498197466135025, 0.49300697445869446, -1.5002340078353882], [0.680317759513855, -0.6612977981567383, 0.31599509716033936, 0.18183523416519165], [0.1685965359210968, 0.5607888102531433, 0.8106114864349365, 0.2008536159992218], [0.0, 0.0, 0.0, 1.0]]}, "finger3joint2": {"matrix": [[-0.8016467690467834, -0.45610424876213074, -0.38643380999565125, -1.9372435808181763], [0.5544159412384033, -0.3254871666431427, -0.7659509778022766, -0.3982429504394531], [0.22357429563999176, -0.8282673954963684, 0.5137973427772522, 0.6927672028541565], [0.0, 0.0, 0.0, 1.0]]}, "finger3joint3": {"matrix": [[-0.7468738555908203, 0.07548940181732178, -0.6606666445732117, -2.232379674911499], [0.6584845781326294, 0.22233901917934418, -0.7190015316009521, -0.6088592410087585], [0.09261498600244522, -0.9720425605773926, -0.21576794981956482, 0.15681172907352448], [0.0, 0.0, 0.0, 1.0]]}, "Bone.003": {"matrix": [[-0.49827393889427185, 0.3069033920764923, 0.8108841776847839, -1.198343276977539], [0.19936075806617737, -0.8696392774581909, 0.4516444206237793, 0.44064629077911377], [0.8437880277633667, 0.38670122623443604, 0.3721342086791992, 0.06103396415710449], [0.0, 0.0, 0.0, 1.0]]}, "finger4joint1": {"matrix": [[-0.7340450286865234, -0.6573237180709839, 0.1705959439277649, -1.066798448562622], [0.6597855091094971, -0.7497847676277161, -0.050055548548698425, 0.06790202856063843], [0.16081297397613525, 0.0758136436343193, 0.9840686917304993, 0.22678160667419434], [0.0, 0.0, 0.0, 1.0]]}, "finger4joint2": {"matrix": [[-0.7454888820648193, -0.6454594135284424, -0.16621629893779755, -1.719757080078125], [0.6413350105285645, -0.626757025718689, -0.4425658881664276, -0.676903486251831], [0.18148112297058105, -0.4365285038948059, 0.8811964988708496, 0.3020917773246765], [0.0, 0.0, 0.0, 1.0]]}, "finger4joint3": {"matrix": [[-0.6867427825927734, -0.5923242568969727, -0.4213499426841736, -1.9889541864395142], [0.6976204514503479, -0.3742012083530426, -0.6109817624092102, -0.9383005499839783], [0.2042296826839447, -0.7135300040245056, 0.6701977252960205, 0.12003193795681], [0.0, 0.0, 0.0, 1.0]]}}