{"root": {"matrix": [[0.5395475625991821, -0.6214679479598999, 0.5680369734764099, 0.0], [0.7954775094985962, 0.15521301329135895, -0.5857682824134827, 0.0], [0.2758695185184479, 0.7679105401039124, 0.5781084895133972, 0.0], [0.0, 0.0, 0.0, 1.0]]}, "carpals": {"matrix": [[-0.46696966886520386, -0.7417947053909302, -0.48133111000061035, 0.5480075478553772], [0.8449233174324036, -0.5348675847053528, 0.004588274285197258, 2.0167324542999268], [-0.2608519494533539, -0.40454527735710144, 0.8765267133712769, 1.3105204105377197], [0.0, 0.0, 0.0, 1.0]]}, "metacarpals": {"matrix": [[-0.6925554275512695, -0.6584981083869934, -0.29452821612358093, -0.17449605464935303], [0.7045887112617493, -0.7050387263298035, -0.0804673358798027, 1.495774507522583], [-0.15466618537902832, -0.2632492780685425, 0.9522488713264465, 0.9164957404136658], [0.0, 0.0, 0.0, 1.0]]}, "finger5joint1": {"matrix": [[-0.539620578289032, -0.7972915768623352, -0.2704354524612427, -0.3076016902923584], [0.8407028913497925, -0.527474582195282, -0.12242991477251053, 1.0029010772705078], [-0.045035459101200104, -0.29342150688171387, 0.9549216628074646, 0.4016817808151245], [0.0, 0.0, 0.0, 1.0]]}, "finger5joint2": {"matrix": [[-0.2106490433216095, -0.9774821400642395, -0.012440826743841171, -1.1497585773468018], [-0.10753951221704483, 0.035820551216602325, -0.9935551881790161, 0.4457443654537201], [0.9716284275054932, -0.20795345306396484, -0.11266351491212845, 0.09174875915050507], [0.0, 0.0, 0.0, 1.0]]}, "finger5joint3": {"matrix": [[-0.29997649788856506, -0.9308634996414185, -0.20858192443847656, -1.8216166496276855], [-0.04886265844106674, 0.23335833847522736, -0.9711621999740601, 0.470365047454834], [0.9526940584182739, -0.2811339199542999, -0.11548645049333572, -0.05118492245674133], [0.0, 0.0, 0.0, 1.0]]}, "Bone": {"matrix": [[0.566141664981842, -0.7365063428878784, -0.37019139528274536, -1.2025943994522095], [0.8096588850021362, 0.5811386704444885, 0.08203724771738052, 0.39501339197158813], [0.1547115445137024, -0.3461734652519226, 0.925325870513916, 0.5054905414581299], [0.0, 0.0, 0.0, 1.0]]}, "finger1joint1": {"matrix": [[-0.2564643919467926, -0.565551221370697, -0.7838223576545715, -1.8155059814453125], [0.9125579595565796, 0.12557271122932434, -0.38919052481651306, 0.8786298036575317], [0.31853389739990234, -0.8150969743728638, 0.4838934540748596, 0.21740922331809998], [0.0, 0.0, 0.0, 1.0]]}, "finger1joint2": {"matrix": [[0.0057166265323758125, -0.24017895758152008, -0.9707116484642029, -2.1351430416107178], [0.9850240349769592, 0.16863314807415009, -0.03592308610677719, 0.9496007561683655], [0.1723221093416214, -0.9559690356254578, 0.2375461459159851, -0.24326595664024353], [0.0, 0.0, 0.0, 1.0]]}, "finger1joint3": {"matrix": [[-0.08381207287311554, 0.19753599166870117, -0.9767060875892639, -2.2381041049957275], [0.9694685339927673, 0.24283643066883087, -0.03407786041498184, 1.0218909978866577], [0.23044821619987488, -0.9497419595718384, -0.21185748279094696, -0.6530742049217224], [0.0, 0.0, 0.0, 1.0]]}, "Bone.001": {"matrix": [[0.23574547469615936, -0.9688900113105774, -0.07533816248178482, -1.202594518661499], [0.9621888399124146, 0.2435922920703888, -0.12188191711902618, 0.39501333236694336], [0.13644196093082428, -0.04375636205077171, 0.98968106508255, 0.5054904818534851], [0.0, 0.0, 0.0, 1.0]]}, "finger2joint1": {"matrix": [[-0.34825682640075684, -0.6193540692329407, -0.7036457061767578, -1.8167579174041748], [0.9135700464248657, -0.05607602372765541, -0.4027964174747467, 0.549422562122345], [0.21001602709293365, -0.7831063270568848, 0.5853524208068848, 0.4777540862560272], [0.0, 0.0, 0.0, 1.0]]}, "finger2joint2": {"matrix": [[-0.33631688356399536, -0.11811788380146027, -0.9343119263648987, -2.3525915145874023], [0.9380539059638977, 0.04578103870153427, -0.34345144033432007, 0.5009084343910217], [0.0833415761590004, -0.9919434785842896, 0.09540413320064545, -0.19974955916404724], [0.0, 0.0, 0.0, 1.0]]}, "finger2joint3": {"matrix": [[-0.2628074288368225, 0.4595140814781189, -0.8483976721763611, -2.397430896759033], [0.9640252590179443, 0.08874692022800446, -0.25055748224258423, 0.518287718296051], [-0.039841994643211365, -0.8837253451347351, -0.46630650758743286, -0.5763075947761536], [0.0, 0.0, 0.0, 1.0]]}, "Bone.002": {"matrix": [[-0.5054394006729126, -0.8627000451087952, 0.0167118851095438, -1.202594518661499], [0.8613119721412659, -0.5055971145629883, -0.05013223737478256, 0.39501339197158813], [0.051698602735996246, -0.0109445471316576, 0.9986026883125305, 0.5054905414581299], [0.0, 0.0, 0.0, 1.0]]}, "finger3joint1": {"matrix": [[-0.623540997505188, -0.7756237983703613, 0.09800024330615997, -1.5662310123443604], [0.7718372344970703, -0.5908070802688599, 0.23497745394706726, 0.18189913034439087], [-0.12435483932495117, 0.22215841710567474, 0.9670477509498596, 0.5008772611618042], [0.0, 0.0, 0.0, 1.0]]}, "finger3joint2": {"matrix": [[-0.7416663765907288, -0.19758357107639313, -0.6410080790519714, -2.246593952178955], [0.6590034365653992, -0.3928375244140625, -0.6413994431495667, -0.336345911026001], [-0.12508195638656616, -0.8981309533119202, 0.4215628504753113, 0.6957505941390991], [0.0, 0.0, 0.0, 1.0]]}, "finger3joint3": {"matrix": [[-0.6321860551834106, 0.5120149850845337, -0.5815333127975464, -2.374446392059326], [0.7371653318405151, 0.16633957624435425, -0.6549186706542969, -0.5905433297157288], [-0.2385961413383484, -0.8427168726921082, -0.4825972616672516, 0.1145877093076706], [0.0, 0.0, 0.0, 1.0]]}, "Bone.003": {"matrix": [[-0.7721604704856873, 0.0028676714282482862, 0.6354208588600159, -1.202594518661499], [0.2879543900489807, -0.8898378014564514, 0.35393646359443665, 0.39501339197158813], [0.5664365887641907, 0.4562680721282959, 0.6862717866897583, 0.5054905414581299], [0.0, 0.0, 0.0, 1.0]]}, "finger4joint1": {"matrix": [[-0.6733782887458801, -0.6738561987876892, -0.30410343408584595, -1.201365351676941], [0.7236256003379822, -0.6850087642669678, -0.0844324603676796, 0.01361161470413208], [-0.15141814947128296, -0.27691203355789185, 0.9488898515701294, 0.7010558843612671], [0.0, 0.0, 0.0, 1.0]]}, "finger4joint2": {"matrix": [[-0.6943949460983276, -0.4891608953475952, -0.5277657508850098, -1.8707464933395386], [0.7059674859046936, -0.6051459312438965, -0.36797836422920227, -0.6668479442596436], [-0.13937459886074066, -0.6281078457832336, 0.7655422687530518, 0.42598283290863037], [0.0, 0.0, 0.0, 1.0]]}, "finger4joint3": {"matrix": [[-0.6435346007347107, -0.3732268512248993, -0.6682546138763428, -2.0747573375701904], [0.7591347098350525, -0.42284727096557617, -0.4948882460594177, -0.9192318916320801], [-0.09786402434110641, -0.8257732391357422, 0.5554466247558594, 0.16402234137058258], [0.0, 0.0, 0.0, 1.0]]}}