{"root": {"matrix": [[0.4341796338558197, -0.5455923676490784, 0.7168103456497192, 5.960464477539063e-08], [0.8939653635025024, 0.16293980181217194, -0.4174644649028778, 0.0], [0.11096853762865067, 0.8220582008361816, 0.558485746383667, -5.960464477539063e-08], [0.0, 0.0, 0.0, 1.0]]}, "carpals": {"matrix": [[-0.8452993631362915, -0.4322591722011566, -0.3140392303466797, 0.36726289987564087], [0.5238737463951111, -0.7860462665557861, -0.3281574547290802, 2.2281014919281006], [-0.10500028729438782, -0.44190824031829834, 0.890893816947937, 0.9928078651428223], [0.0, 0.0, 0.0, 1.0]]}, "metacarpals": {"matrix": [[-0.7107495069503784, -0.6421149969100952, 0.2872685492038727, -0.05375504493713379], [0.5309940576553345, -0.7575843930244446, -0.3796194791793823, 1.4624969959259033], [0.4613896310329437, -0.11727644503116608, 0.8794121146202087, 0.5623918771743774], [0.0, 0.0, 0.0, 1.0]]}, "finger5joint1": {"matrix": [[-0.5856831073760986, -0.8086846470832825, -0.05480945110321045, -0.41365110874176025], [0.4728497564792633, -0.28596949577331543, -0.833447277545929, 1.0931587219238281], [0.6583223342895508, -0.51405268907547, 0.549873948097229, 0.0527462363243103], [0.0, 0.0, 0.0, 1.0]]}, "finger5joint2": {"matrix": [[-0.03823886066675186, -0.8202859163284302, 0.5706732273101807, -1.2678422927856445], [-0.8438711762428284, -0.2793523967266083, -0.4580865204334259, 0.7910971641540527], [0.5351810455322266, -0.4990915358066559, -0.6815338730812073, -0.4902333915233612], [0.0, 0.0, 0.0, 1.0]]}, "finger5joint3": {"matrix": [[-0.1460096389055252, -0.9049160480499268, 0.3997591435909271, -1.8316535949707031], [-0.8397598266601562, -0.10023913532495499, -0.5336244106292725, 0.5990884304046631], [0.5229570269584656, -0.4136160910129547, -0.7452766299247742, -0.8332765102386475], [0.0, 0.0, 0.0, 1.0]]}, "Bone": {"matrix": [[0.4980006217956543, -0.8442718982696533, 0.19799014925956726, -1.056274652481079], [0.8598692417144775, 0.45118460059165955, -0.2388661801815033, 0.2796975076198578], [0.1123378798365593, 0.2892012298107147, 0.9506537914276123, 0.3792908489704132], [0.0, 0.0, 0.0, 1.0]]}, "finger1joint1": {"matrix": [[-0.10172609984874725, -0.9293378591537476, -0.35494041442871094, -1.7588672637939453], [0.7168043255805969, 0.1789294183254242, -0.6739253997802734, 0.6551677584648132], [0.6898137927055359, -0.3229786455631256, 0.6479517817497253, 0.6199605464935303], [0.0, 0.0, 0.0, 1.0]]}, "finger1joint2": {"matrix": [[0.029775897040963173, -0.24986930191516876, -0.9678215384483337, -2.284108877182007], [0.8842272162437439, 0.4580930173397064, -0.09106484055519104, 0.7562947869300842], [0.4661066234111786, -0.8530627489089966, 0.23458142578601837, 0.43741998076438904], [0.0, 0.0, 0.0, 1.0]]}, "finger1joint3": {"matrix": [[-0.05924457311630249, 0.6256580352783203, -0.7778444290161133, -2.391223907470703], [0.853054404258728, 0.43642356991767883, 0.2860639989376068, 0.9526716470718384], [0.5184479355812073, -0.6465958952903748, -0.5595760345458984, 0.07172603905200958], [0.0, 0.0, 0.0, 1.0]]}, "Bone.001": {"matrix": [[0.2026687115430832, -0.8461374640464783, 0.49292638897895813, -1.056274652481079], [0.9272619485855103, 0.003994280472397804, -0.37439143657684326, 0.2796975076198578], [0.31481775641441345, 0.5329494476318359, 0.7854007482528687, 0.37929078936576843], [0.0, 0.0, 0.0, 1.0]]}, "finger2joint1": {"matrix": [[-0.3402463495731354, -0.927075982093811, -0.15736021101474762, -1.5926274061203003], [0.7224008440971375, -0.15057532489299774, -0.6748805046081543, 0.2822294235229492], [0.6019710302352905, -0.343302845954895, 0.7209533452987671, 0.7171187400817871], [0.0, 0.0, 0.0, 1.0]]}, "finger2joint2": {"matrix": [[-0.40668514370918274, -0.2626463770866394, -0.8749992847442627, -2.394686222076416], [0.7650877237319946, 0.42549213767051697, -0.4833187758922577, 0.15195931494235992], [0.49924734234809875, -0.8660098314285278, 0.027906261384487152, 0.42011067271232605], [0.0, 0.0, 0.0, 1.0]]}, "finger2joint3": {"matrix": [[-0.3543047308921814, 0.6652131676673889, -0.6572359800338745, -2.4943912029266357], [0.8489464521408081, 0.523520290851593, 0.07222221791744232, 0.31348317861557007], [0.3921196460723877, -0.5323696732521057, -0.7502162456512451, 0.09135910868644714], [0.0, 0.0, 0.0, 1.0]]}, "Bone.002": {"matrix": [[-0.4524942636489868, -0.6864906549453735, 0.5691917538642883, -1.0562747716903687], [0.6731923222541809, -0.6815641522407532, -0.28684887290000916, 0.2796975076198578], [0.5848598480224609, 0.25337809324264526, 0.7705442309379578, 0.3792908191680908], [0.0, 0.0, 0.0, 1.0]]}, "finger3joint1": {"matrix": [[-0.6414756178855896, -0.5870795845985413, 0.4938080310821533, -1.345637559890747], [0.6034917235374451, -0.7835834622383118, -0.14763011038303375, -0.007588624954223633], [0.4736105799674988, 0.20330795645713806, 0.8569473624229431, 0.486092209815979], [0.0, 0.0, 0.0, 1.0]]}, "finger3joint2": {"matrix": [[-0.7449032068252563, -0.5376553535461426, -0.39502617716789246, -1.8606127500534058], [0.47726431488990784, -0.015693439170718193, -0.8786196112632751, -0.6949335932731628], [0.46619531512260437, -0.8430185317993164, 0.2682938873767853, 0.6644302010536194], [0.0, 0.0, 0.0, 1.0]]}, "finger3joint3": {"matrix": [[-0.693610429763794, 0.0019993558526039124, -0.7203472852706909, -2.2085189819335938], [0.6168450117111206, 0.5181046724319458, -0.5925112962722778, -0.7050884962081909], [0.37203073501586914, -0.8553149104118347, -0.3605961501598358, 0.11892955005168915], [0.0, 0.0, 0.0, 1.0]]}, "Bone.003": {"matrix": [[-0.3487783670425415, 0.31782087683677673, 0.8816707730293274, -1.056274652481079], [-0.055566322058439255, -0.9461023211479187, 0.31906530261039734, 0.2796975076198578], [0.9355564713478088, 0.06229190528392792, 0.3476402163505554, 0.3792908191680908], [0.0, 0.0, 0.0, 1.0]]}, "finger4joint1": {"matrix": [[-0.6571606993675232, -0.7058544158935547, 0.26440295577049255, -0.9200505018234253], [0.5911648273468018, -0.700279176235199, -0.4001661241054535, -0.12582027912139893], [0.4676150381565094, -0.10666780173778534, 0.877472460269928, 0.405990332365036], [0.0, 0.0, 0.0, 1.0]]}, "finger4joint2": {"matrix": [[-0.6679401397705078, -0.7412632703781128, -0.06621303409337997, -1.6212173700332642], [0.567119300365448, -0.44936519861221313, -0.690250813961029, -0.8214489221572876], [0.48190388083457947, -0.498597115278244, 0.7205340266227722, 0.300030916929245], [0.0, 0.0, 0.0, 1.0]]}, "finger4joint3": {"matrix": [[-0.6029698848724365, -0.7415623664855957, -0.29412925243377686, -1.9303706884384155], [0.612546980381012, -0.19415807723999023, -0.7662169933319092, -1.0088624954223633], [0.5110902190208435, -0.6421739459037781, 0.5713134407997131, 0.09208458662033081], [0.0, 0.0, 0.0, 1.0]]}}