{"root": {"matrix": [[0.4669351577758789, -0.7043687701225281, 0.5346364974975586, 0.0], [0.7438753247261047, -0.014036722481250763, -0.6681709289550781, 0.0], [0.4781433343887329, 0.7096954584121704, 0.5174082517623901, 0.0], [0.0, 0.0, 0.0, 1.0]]}, "carpals": {"matrix": [[-0.5883772969245911, -0.6208429932594299, -0.5180403590202332, 0.3064069151878357], [0.8057094812393188, -0.5041528940200806, -0.31090500950813293, 1.7436354160308838], [-0.06814827024936676, -0.6003194451332092, 0.7968513369560242, 1.7177997827529907], [0.0, 0.0, 0.0, 1.0]]}, "metacarpals": {"matrix": [[-0.7771827578544617, -0.6040074825286865, -0.17652669548988342, -0.2982904314994812], [0.604744553565979, -0.6393360495567322, -0.47490355372428894, 1.2525935173034668], [0.17398549616336823, -0.47584033012390137, 0.8621512055397034, 1.1330922842025757], [0.0, 0.0, 0.0, 1.0]]}, "finger5joint1": {"matrix": [[-0.6431532502174377, -0.7575513124465942, -0.1116674542427063, -0.43399274349212646], [0.7111815810203552, -0.5368865728378296, -0.45384302735328674, 0.9769920110702515], [0.28385671973228455, -0.3713063597679138, 0.8840569257736206, 0.47635531425476074], [0.0, 0.0, 0.0, 1.0]]}, "finger5joint2": {"matrix": [[-0.008447661064565182, -0.868533194065094, 0.49555814266204834, -1.23417329788208], [-0.4326604902744293, -0.44361138343811035, -0.7848653197288513, 0.40989360213279724], [0.9015170931816101, -0.2210385948419571, -0.3720327317714691, 0.08415468037128448], [0.0, 0.0, 0.0, 1.0]]}, "finger5joint3": {"matrix": [[-0.1167626678943634, -0.9409173727035522, 0.31786829233169556, -1.8311465978622437], [-0.42831531167030334, -0.24105694890022278, -0.8708829879760742, 0.10498392581939697], [0.8960534930229187, -0.2378343790769577, -0.37486302852630615, -0.06777288764715195], [0.0, 0.0, 0.0, 1.0]]}, "Bone": {"matrix": [[0.489451140165329, -0.8286077380180359, -0.2717471420764923, -1.2413139343261719], [0.7629189491271973, 0.5578214526176453, -0.3267870545387268, 0.25441235303878784], [0.42236462235450745, -0.0473746582865715, 0.9051869511604309, 0.39017340540885925], [0.0, 0.0, 0.0, 1.0]]}, "finger1joint1": {"matrix": [[0.19285520911216736, -0.9480809569358826, -0.2528814673423767, -1.9308710098266602], [0.6781756281852722, 0.3150462806224823, -0.6639454364776611, 0.7186245322227478], [0.7091434001922607, -0.04345262423157692, 0.7037237882614136, 0.35074883699417114], [0.0, 0.0, 0.0, 1.0]]}, "finger1joint2": {"matrix": [[0.27961266040802, -0.09023677557706833, -0.9558628797531128, -2.4667060375213623], [0.8416796326637268, 0.5020430684089661, 0.19881688058376312, 0.8966817855834961], [0.46194368600845337, -0.86012202501297, 0.21632811427116394, 0.326190322637558], [0.0, 0.0, 0.0, 1.0]]}, "finger1joint3": {"matrix": [[0.184493288397789, 0.9450287222862244, -0.2699679434299469, -2.5053887367248535], [0.8384990692138672, -0.008049788884818554, 0.5448435544967651, 1.111899495124817], [0.5127196311950684, -0.32688793540000916, -0.7938907742500305, -0.04252983629703522], [0.0, 0.0, 0.0, 1.0]]}, "Bone.001": {"matrix": [[0.1445956975221634, -0.9882944226264954, 0.04863990098237991, -1.2413138151168823], [0.8624555468559265, 0.10178358852863312, -0.49579259753227234, 0.2544124126434326], [0.4850383400917053, 0.11363933235406876, 0.8670775890350342, 0.39017340540885925], [0.0, 0.0, 0.0, 1.0]]}, "finger2joint1": {"matrix": [[-0.5156443119049072, -0.345461905002594, -0.7840705513954163, -1.8677773475646973], [0.644503116607666, 0.4465879499912262, -0.6206244826316833, 0.3189314007759094], [0.5645586848258972, -0.8253574371337891, -0.007629172410815954, 0.462207555770874], [0.0, 0.0, 0.0, 1.0]]}, "finger2joint2": {"matrix": [[-0.4700985252857208, -0.1466055065393448, -0.8703527450561523, -2.166653633117676], [0.7368322610855103, 0.4776729941368103, -0.4784417748451233, 0.7052964568138123], [0.4858863651752472, -0.8662187457084656, -0.11652961373329163, -0.2518496513366699], [0.0, 0.0, 0.0, 1.0]]}, "finger2joint3": {"matrix": [[-0.4041498601436615, 0.11637425422668457, -0.9072593450546265, -2.2223072052001953], [0.8265405297279358, 0.47130417823791504, -0.3077382743358612, 0.8866289854049683], [0.3917824327945709, -0.8742591142654419, -0.28666549921035767, -0.5806804895401001], [0.0, 0.0, 0.0, 1.0]]}, "Bone.002": {"matrix": [[-0.5862420201301575, -0.7991675138473511, 0.1328580677509308, -1.2413136959075928], [0.6968441605567932, -0.5810751914978027, -0.4204281270503998, 0.2544124126434326], [0.41319313645362854, -0.15389114618301392, 0.8975459337234497, 0.39017343521118164], [0.0, 0.0, 0.0, 1.0]]}, "finger3joint1": {"matrix": [[-0.7127853035926819, -0.5250287652015686, 0.46506085991859436, -1.5781710147857666], [0.6647247672080994, -0.7172338366508484, 0.20908530056476593, 0.00948333740234375], [0.2237817496061325, 0.45817047357559204, 0.8602333068847656, 0.32530677318573], [0.0, 0.0, 0.0, 1.0]]}, "finger3joint2": {"matrix": [[-0.8043346405029297, -0.3600056767463684, -0.47269588708877563, -2.0387163162231445], [0.5343336462974548, -0.09031112492084503, -0.8404353260993958, -0.6196609139442444], [0.2598719298839569, -0.9285685420036316, 0.26500365138053894, 0.7272053956985474], [0.0, 0.0, 0.0, 1.0]]}, "finger3joint3": {"matrix": [[-0.7302460670471191, 0.19640092551708221, -0.6543446779251099, -2.2716689109802246], [0.6629070043563843, 0.4353178143501282, -0.609140932559967, -0.6780994534492493], [0.16521218419075012, -0.8785926699638367, -0.44808465242385864, 0.12634703516960144], [0.0, 0.0, 0.0, 1.0]]}, "Bone.003": {"matrix": [[-0.7309025526046753, 0.14922350645065308, 0.665968120098114, -1.2413136959075928], [-0.059996169060468674, -0.9860747456550598, 0.15510357916355133, 0.2544124126434326], [0.6798394918441772, 0.07341007888317108, 0.7296773791313171, 0.39017340540885925], [0.0, 0.0, 0.0, 1.0]]}, "finger4joint1": {"matrix": [[-0.7192379832267761, -0.670559287071228, 0.18178680539131165, -1.1773537397384644], [0.6687723994255066, -0.7391099333763123, -0.08037290722131729, -0.16823828220367432], [0.18825536966323853, 0.06376682221889496, 0.9800476431846619, 0.4216383993625641], [0.0, 0.0, 0.0, 1.0]]}, "finger4joint2": {"matrix": [[-0.730775773525238, -0.5962058901786804, -0.3324224054813385, -1.8434598445892334], [0.6499771475791931, -0.45896294713020325, -0.6057082414627075, -0.9024399518966675], [0.2085573822259903, -0.6587039828300476, 0.7229194641113281, 0.4849817156791687], [0.0, 0.0, 0.0, 1.0]]}, "finger4joint3": {"matrix": [[-0.6737450361251831, -0.3293762803077698, -0.6614969372749329, -2.0921151638031006], [0.6946702003479004, 0.022954244166612625, -0.7189618349075317, -1.0938562154769897], [0.25199323892593384, -0.9439194798469543, 0.21334274113178253, 0.2102607637643814], [0.0, 0.0, 0.0, 1.0]]}}