{"root": {"matrix": [[0.5122140049934387, -0.5568518042564392, 0.6538752913475037, 0.0], [0.7598519325256348, -0.061051152646541595, -0.647223174571991, 0.0], [0.40032729506492615, 0.8283651471138, 0.39185360074043274, 5.960464477539063e-08], [0.0, 0.0, 0.0, 1.0]]}, "carpals": {"matrix": [[-0.6849462985992432, -0.6867295503616333, -0.24341480433940887, 0.5397902727127075], [0.7027879357337952, -0.5345974564552307, -0.46935543417930603, 1.7313923835754395], [0.19219140708446503, -0.492552250623703, 0.8487958908081055, 1.672092318534851], [0.0, 0.0, 0.0, 1.0]]}, "metacarpals": {"matrix": [[-0.819636881351471, -0.5365252494812012, 0.20083756744861603, -0.1290801763534546], [0.28324824571609497, -0.6842557787895203, -0.6719853281974792, 1.2106976509094238], [0.49796149134635925, -0.49389711022377014, 0.7128111720085144, 1.1923494338989258], [0.0, 0.0, 0.0, 1.0]]}, "finger5joint1": {"matrix": [[-0.7018979787826538, -0.7118934988975525, -0.023378798738121986, -0.3740586042404175], [0.18594509363174438, -0.15145212411880493, -0.9708174467086792, 1.046946406364441], [0.687578022480011, -0.6857619881629944, 0.2386770248413086, 0.5298949480056763], [0.0, 0.0, 0.0, 1.0]]}, "finger5joint2": {"matrix": [[-0.15756933391094208, -0.987507164478302, -0.0008081208216026425, -1.126011848449707], [-0.9579371213912964, 0.15304990112781525, -0.24275878071784973, 0.8869717121124268], [0.23984980583190918, -0.03747696802020073, -0.9700860977172852, -0.19445638358592987], [0.0, 0.0, 0.0, 1.0]]}, "finger5joint3": {"matrix": [[-0.24878577888011932, -0.9402164816856384, -0.23258933424949646, -1.804760456085205], [-0.924641489982605, 0.3020467162132263, -0.2319599986076355, 0.9921683669090271], [0.2883455753326416, 0.1573537141084671, -0.9445083737373352, -0.22021561861038208], [0.0, 0.0, 0.0, 1.0]]}, "Bone": {"matrix": [[0.3845514953136444, -0.9188739657402039, 0.08826405555009842, -0.9667449593544006], [0.7741448879241943, 0.26893800497055054, -0.5730373859405518, 0.1423843502998352], [0.5028115510940552, 0.2886916995048523, 0.8147621154785156, 0.42123886942863464], [0.0, 0.0, 0.0, 1.0]]}, "finger1joint1": {"matrix": [[-0.6445815563201904, -0.7611621022224426, 0.07174032181501389, -1.731420636177063], [0.39804431796073914, -0.41422563791275024, -0.8185216188430786, 0.3661912679672241], [0.6527444124221802, -0.49904802441596985, 0.5699784755706787, 0.6614845991134644], [0.0, 0.0, 0.0, 1.0]]}, "finger1joint2": {"matrix": [[-0.6204637289047241, -0.33761996030807495, -0.7078399062156677, -2.1616129875183105], [0.6365536451339722, 0.31038016080856323, -0.7060195207595825, 0.13207991421222687], [0.45806583762168884, -0.8886375427246094, 0.022333666682243347, 0.37943342328071594], [0.0, 0.0, 0.0, 1.0]]}, "finger1joint3": {"matrix": [[-0.6761527061462402, 0.3509669899940491, -0.6477959156036377, -2.306344985961914], [0.54996258020401, 0.8255097270011902, -0.12678645551204681, 0.2651347815990448], [0.49026408791542053, -0.44199052453041077, -0.7511892318725586, -0.0015108734369277954], [0.0, 0.0, 0.0, 1.0]]}, "Bone.001": {"matrix": [[0.05857354775071144, -0.9075468182563782, 0.4158455431461334, -0.9667450189590454], [0.7461684942245483, -0.23692628741264343, -0.6221721768379211, 0.1423843950033188], [0.6631752252578735, 0.34673380851745605, 0.6633052825927734, 0.42123889923095703], [0.0, 0.0, 0.0, 1.0]]}, "finger2joint1": {"matrix": [[-0.7475683689117432, -0.5147704482078552, 0.41970518231391907, -1.5420241355895996], [0.38382089138031006, -0.8505378365516663, -0.3595368564128876, -0.007799267768859863], [0.5420542359352112, -0.10768673568964005, 0.8334149122238159, 0.6410278081893921], [0.0, 0.0, 0.0, 1.0]]}, "finger2joint2": {"matrix": [[-0.8266308307647705, -0.5207766890525818, -0.21324361860752106, -1.9873772859573364], [0.33690932393074036, -0.15446753799915314, -0.928779661655426, -0.743641197681427], [0.4507477581501007, -0.8396016359329224, 0.303142249584198, 0.5478627681732178], [0.0, 0.0, 0.0, 1.0]]}, "finger2joint3": {"matrix": [[-0.8585246205329895, -0.04802800714969635, -0.5105177760124207, -2.185072660446167], [0.39860138297080994, 0.5637995004653931, -0.7233579754829407, -0.8022795915603638], [0.3225712180137634, -0.8245139122009277, -0.4648917019367218, 0.22913618385791779], [0.0, 0.0, 0.0, 1.0]]}, "Bone.002": {"matrix": [[-0.5973647236824036, -0.6395911574363708, 0.4838162958621979, -0.9667450189590454], [0.3793267011642456, -0.7568744421005249, -0.5322144031524658, 0.1423843652009964], [0.7065880298614502, -0.1344016194343567, 0.6947441697120667, 0.42123889923095703], [0.0, 0.0, 0.0, 1.0]]}, "finger3joint1": {"matrix": [[-0.6509543657302856, -0.7524200677871704, -0.10060935467481613, -1.2363390922546387], [0.41291874647140503, -0.23974767327308655, -0.878646194934845, -0.17664581537246704], [0.6369904279708862, -0.6135019659996033, 0.46675312519073486, 0.36458730697631836], [0.0, 0.0, 0.0, 1.0]]}, "finger3joint2": {"matrix": [[-0.7573403120040894, -0.3993699848651886, -0.5166614055633545, -1.896347999572754], [0.4035849869251251, 0.3357451558113098, -0.8511136174201965, -0.38694801926612854], [0.513375997543335, -0.8530993461608887, -0.09309357404708862, -0.1735653281211853], [0.0, 0.0, 0.0, 1.0]]}, "finger3joint3": {"matrix": [[-0.6785392761230469, -0.1210169792175293, -0.7245267629623413, -2.1547727584838867], [0.5571178197860718, 0.5580622553825378, -0.614968478679657, -0.1696939617395401], [0.47875285148620605, -0.8209271430969238, -0.3112463653087616, -0.7255890369415283], [0.0, 0.0, 0.0, 1.0]]}, "Bone.003": {"matrix": [[-0.46732646226882935, 0.4036839008331299, 0.7865399122238159, -0.9667450189590454], [-0.42256367206573486, -0.8834546208381653, 0.20235592126846313, 0.1423843950033188], [0.7765601873397827, -0.23779697716236115, 0.5834438800811768, 0.42123889923095703], [0.0, 0.0, 0.0, 1.0]]}, "finger4joint1": {"matrix": [[-0.5535867810249329, -0.7587672472000122, 0.3432396948337555, -0.7937183380126953], [0.5543484091758728, -0.6433177590370178, -0.5280528664588928, -0.2362813949584961], [0.6214816570281982, -0.10204865783452988, 0.7767537236213684, 0.31931450963020325], [0.0, 0.0, 0.0, 1.0]]}, "finger4joint2": {"matrix": [[-0.564103364944458, -0.8251705765724182, 0.029670029878616333, -1.5474464893341064], [0.5291556715965271, -0.3888586461544037, -0.7541769742965698, -0.8753269910812378], [0.633862316608429, -0.40973371267318726, 0.6560003757476807, 0.21794354915618896], [0.0, 0.0, 0.0, 1.0]]}, "finger4joint3": {"matrix": [[-0.4939313530921936, -0.8408154249191284, -0.22149646282196045, -1.891594409942627], [0.5706242918968201, -0.12124798446893692, -0.8122108578681946, -1.0375053882598877], [0.6560636162757874, -0.5275677442550659, 0.5396780967712402, 0.047058820724487305], [0.0, 0.0, 0.0, 1.0]]}}