{"root": {"matrix": [[0.4185936450958252, -0.5243536233901978, 0.7415069937705994, 0.0], [0.8703861832618713, -0.0014414913021028042, -0.49236753582954407, 0.0], [0.2592436373233795, 0.8514993786811829, 0.45578670501708984, 5.960464477539063e-08], [0.0, 0.0, 0.0, 1.0]]}, "carpals": {"matrix": [[-0.8261640667915344, -0.5215136408805847, -0.21325135231018066, 0.35002782940864563], [0.5420312881469727, -0.6323431134223938, -0.5534835457801819, 2.0222997665405273], [0.15380127727985382, -0.5728572010993958, 0.8050960302352905, 1.368491768836975], [0.0, 0.0, 0.0, 1.0]]}, "metacarpals": {"matrix": [[-0.7416542172431946, -0.5336523056030273, 0.40640363097190857, -0.15792334079742432], [0.21655204892158508, -0.7639084458351135, -0.6079053282737732, 1.4064013957977295], [0.634865403175354, -0.3628480136394501, 0.6821194887161255, 0.8105323314666748], [0.0, 0.0, 0.0, 1.0]]}, "finger5joint1": {"matrix": [[-0.7550052404403687, -0.6473307013511658, 0.10454504191875458, -0.499508798122406], [-0.032799649983644485, -0.12195298820734024, -0.9919936656951904, 1.182537317276001], [0.6548977494239807, -0.7523895502090454, 0.07084290683269501, 0.2114672064781189], [0.0, 0.0, 0.0, 1.0]]}, "finger5joint2": {"matrix": [[-0.022039446979761124, -0.8951927423477173, 0.4451330304145813, -1.1832661628723145], [-0.9996441006660461, 0.013043682090938091, -0.023263195529580116, 1.0537217855453491], [0.015018876641988754, -0.44548726081848145, -0.895162045955658, -0.5832610130310059], [0.0, 0.0, 0.0, 1.0]]}, "finger5joint3": {"matrix": [[-0.12998709082603455, -0.956057608127594, 0.2627860903739929, -1.7985637187957764], [-0.9912572503089905, 0.11925871670246124, -0.056443966925144196, 1.0626871585845947], [0.02262418530881405, -0.26782551407814026, -0.9632015228271484, -0.889460027217865], [0.0, 0.0, 0.0, 1.0]]}, "Bone": {"matrix": [[0.37638384103775024, -0.8752973079681396, 0.3036273121833801, -0.9911027550697327], [0.836831271648407, 0.18056409060955048, -0.5168266296386719, 0.21372823417186737], [0.3975527584552765, 0.4486101567745209, 0.8004376888275146, 0.24402585625648499], [0.0, 0.0, 0.0, 1.0]]}, "finger1joint1": {"matrix": [[-0.6566089987754822, -0.7243826389312744, 0.21008135378360748, -1.7195144891738892], [0.2959393262863159, -0.5036393404006958, -0.8116446137428284, 0.3639914095401764], [0.6937466859817505, -0.47076180577278137, 0.545067548751831, 0.6173536777496338], [0.0, 0.0, 0.0, 1.0]]}, "finger1joint2": {"matrix": [[-0.6747722029685974, -0.3333824574947357, -0.6584363579750061, -2.128919839859009], [0.5390119552612305, 0.38680151104927063, -0.7482315897941589, 0.07934537529945374], [0.504131555557251, -0.8597910404205322, -0.08130571991205215, 0.351289302110672], [0.0, 0.0, 0.0, 1.0]]}, "finger1joint3": {"matrix": [[-0.7252974510192871, 0.2543051838874817, -0.639743983745575, -2.2718355655670166], [0.4459097683429718, 0.8815336227416992, -0.15512199699878693, 0.24516081809997559], [0.5245076417922974, -0.3977777361869812, -0.7527711987495422, -0.017288997769355774], [0.0, 0.0, 0.0, 1.0]]}, "Bone.001": {"matrix": [[0.09108535200357437, -0.7938681244850159, 0.601229190826416, -0.9911027550697327], [0.7814247012138367, -0.3172757625579834, -0.5373185276985168, 0.21372824907302856], [0.6173155903816223, 0.5187573432922363, 0.5914490818977356, 0.2440258264541626], [0.0, 0.0, 0.0, 1.0]]}, "finger2joint1": {"matrix": [[-0.5869332551956177, -0.7425833344459534, 0.3226126730442047, -1.494322657585144], [0.3793646991252899, -0.6042563915252686, -0.7006827592849731, 0.01261228322982788], [0.7152562737464905, -0.2888661324977875, 0.6363682150840759, 0.5728576183319092], [0.0, 0.0, 0.0, 1.0]]}, "finger2joint2": {"matrix": [[-0.6789729595184326, -0.5451524257659912, -0.49173596501350403, -2.136767864227295], [0.3862883746623993, 0.30430495738983154, -0.8707350492477417, -0.5101594924926758], [0.6243211627006531, -0.7811574935913086, 0.003971288446336985, 0.32294538617134094], [0.0, 0.0, 0.0, 1.0]]}, "finger2joint3": {"matrix": [[-0.6903475522994995, 0.31692081689834595, -0.6503699421882629, -2.343716859817505], [0.4948892593383789, 0.8625918626785278, -0.10497426241636276, -0.39464032649993896], [0.5277354121208191, -0.3943299949169159, -0.7523289322853088, 0.026405200362205505], [0.0, 0.0, 0.0, 1.0]]}, "Bone.002": {"matrix": [[-0.4977183938026428, -0.5595299601554871, 0.6627234816551208, -0.9911028146743774], [0.3472330868244171, -0.8287277817726135, -0.4389069676399231, 0.21372824907302856], [0.7947990894317627, 0.011667494662106037, 0.6067603826522827, 0.2440258264541626], [0.0, 0.0, 0.0, 1.0]]}, "finger3joint1": {"matrix": [[-0.6723215579986572, -0.7345483899116516, 0.09177273511886597, -1.2269501686096191], [0.29850655794143677, -0.38246652483940125, -0.8744215369224548, -0.13558882474899292], [0.6774051785469055, -0.5604976415634155, 0.4764079749584198, 0.24894379079341888], [0.0, 0.0, 0.0, 1.0]]}, "finger3joint2": {"matrix": [[-0.7830595374107361, -0.4429115056991577, -0.43663129210472107, -1.8712824583053589], [0.26796844601631165, 0.39327186346054077, -0.8795056343078613, -0.471081405878067], [0.5612581372261047, -0.805708646774292, -0.18926900625228882, -0.24271446466445923], [0.0, 0.0, 0.0, 1.0]]}, "finger3joint3": {"matrix": [[-0.7194786071777344, -0.11145301908254623, -0.6855133175849915, -2.157881736755371], [0.43123066425323486, 0.7020334005355835, -0.5667355060577393, -0.21660293638706207], [0.5444177985191345, -0.7033685445785522, -0.4570360481739044, -0.764072597026825], [0.0, 0.0, 0.0, 1.0]]}, "Bone.003": {"matrix": [[-0.2633177638053894, 0.4544450044631958, 0.8509661555290222, -0.9911028146743774], [-0.4307190477848053, -0.844677209854126, 0.3178071677684784, 0.21372823417186737], [0.8632175922393799, -0.28284308314323425, 0.4181566536426544, 0.2440258413553238], [0.0, 0.0, 0.0, 1.0]]}, "finger4joint1": {"matrix": [[-0.4893414378166199, -0.7221676707267761, 0.48889508843421936, -0.7963187098503113], [0.5069562792778015, -0.6917069554328918, -0.5143311023712158, -0.1483168601989746], [0.7096056342124939, -0.003835085779428482, 0.7045884132385254, 0.1227937862277031], [0.0, 0.0, 0.0, 1.0]]}, "finger4joint2": {"matrix": [[-0.49623528122901917, -0.8501322865486145, 0.17613954842090607, -1.5136905908584595], [0.4809405505657196, -0.4380848705768585, -0.7594586610794067, -0.8354302048683167], [0.7228045463562012, -0.2921575605869293, 0.6262564659118652, 0.1189841702580452], [0.0, 0.0, 0.0, 1.0]]}, "finger4joint3": {"matrix": [[-0.426373153924942, -0.9005177021026611, -0.08528339862823486, -1.8682491779327393], [0.5267504453659058, -0.1705390065908432, -0.8327364325523376, -1.018139123916626], [0.7353499531745911, -0.3999796211719513, 0.547061562538147, -0.0028638988733291626], [0.0, 0.0, 0.0, 1.0]]}}