{"root": {"matrix": [[0.4759843051433563, -0.6802818775177002, 0.5573647618293762, 0.0], [0.6231577396392822, -0.1863185316324234, -0.7595787048339844, 0.0], [0.6205750703811646, 0.7088736891746521, 0.33523818850517273, 0.0], [0.0, 0.0, 0.0, 1.0]]}, "carpals": {"matrix": [[-0.5532224178314209, -0.7830113768577576, -0.2843199074268341, 0.3478925824165344], [0.764512300491333, -0.34167277812957764, -0.5466082692146301, 1.3122800588607788], [0.33085623383522034, -0.5197619795799255, 0.7876428961753845, 2.059581756591797], [0.0, 0.0, 0.0, 1.0]]}, "metacarpals": {"matrix": [[-0.9274319410324097, -0.3723089098930359, 0.03543603792786598, -0.41475576162338257], [0.1858755499124527, -0.5410839915275574, -0.8201696872711182, 0.9794928431510925], [0.3245305120944977, -0.7540648579597473, 0.5710216760635376, 1.5533368587493896], [0.0, 0.0, 0.0, 1.0]]}, "finger5joint1": {"matrix": [[-0.7767438292503357, -0.6296263933181763, 0.01546930056065321, -0.47906583547592163], [0.2136366367340088, -0.28650084137916565, -0.9339574575424194, 0.9754891395568848], [0.5924764275550842, -0.7221408486366272, 0.35704898834228516, 0.8311713337898254], [0.0, 0.0, 0.0, 1.0]]}, "finger5joint2": {"matrix": [[0.0539950467646122, -0.9514514207839966, 0.30302464962005615, -1.1441227197647095], [-0.9225196838378906, -0.16367243230342865, -0.3495261073112488, 0.6728662848472595], [0.3821539282798767, -0.26067331433296204, -0.8865705132484436, 0.06839402765035629], [0.0, 0.0, 0.0, 1.0]]}, "finger5joint3": {"matrix": [[-0.05182886868715286, -0.9919734597206116, 0.11533300578594208, -1.798088788986206], [-0.9131224155426025, 0.0003092171682510525, -0.40768492221832275, 0.5603684782981873], [0.4043770134449005, -0.12644273042678833, -0.9058095216751099, -0.110775887966156], [0.0, 0.0, 0.0, 1.0]]}, "Bone": {"matrix": [[0.22023946046829224, -0.9700634479522705, -0.10232876986265182, -0.9960333108901978], [0.6307023167610168, 0.22164270281791687, -0.7436994910240173, 0.13471050560474396], [0.7441161870956421, 0.09925314038991928, 0.660635769367218, 0.3760322332382202], [0.0, 0.0, 0.0, 1.0]]}, "finger1joint1": {"matrix": [[-0.47331324219703674, -0.8222522735595703, -0.31603094935417175, -1.803308129310608], [0.2247561514377594, 0.23416323959827423, -0.9458605051040649, 0.31915879249572754], [0.8517388701438904, -0.5187180638313293, 0.07397373765707016, 0.45862942934036255], [0.0, 0.0, 0.0, 1.0]]}, "finger1joint2": {"matrix": [[-0.338080495595932, -0.1397978961467743, -0.9306760430335999, -2.2680273056030273], [0.49732986092567444, 0.81300950050354, -0.30278465151786804, 0.4515027403831482], [0.7989771962165833, -0.5652185082435608, -0.20533685386180878, 0.1654611974954605], [0.0, 0.0, 0.0, 1.0]]}, "finger1joint3": {"matrix": [[-0.42523714900016785, 0.44882485270500183, -0.7859576344490051, -2.327956199645996], [0.43394559621810913, 0.8631677627563477, 0.25813284516334534, 0.8000266551971436], [0.794269859790802, -0.23129519820213318, -0.561816394329071, -0.07683867961168289], [0.0, 0.0, 0.0, 1.0]]}, "Bone.001": {"matrix": [[-0.13462327420711517, -0.9577142596244812, 0.2542824149131775, -0.9960334300994873], [0.5761234164237976, -0.2844373881816864, -0.7662747502326965, 0.13471047580242157], [0.8061997890472412, 0.04333973675966263, 0.5900534987449646, 0.3760322034358978], [0.0, 0.0, 0.0, 1.0]]}, "finger2joint1": {"matrix": [[-0.8743492960929871, -0.4852558672428131, 0.006298973690718412, -1.6031126976013184], [0.26989978551864624, -0.4970189929008484, -0.8246975541114807, -0.045589715242385864], [0.40332016348838806, -0.7193736433982849, 0.5655387043952942, 0.4035045802593231], [0.0, 0.0, 0.0, 1.0]]}, "finger2joint2": {"matrix": [[-0.9114744663238525, -0.3897356688976288, -0.13160617649555206, -2.0229315757751465], [0.2989005148410797, -0.40768134593963623, -0.862817645072937, -0.4755851626396179], [0.28261759877204895, -0.825773298740387, 0.4880833029747009, -0.21886080503463745], [0.0, 0.0, 0.0, 1.0]]}, "finger2joint3": {"matrix": [[-0.934731125831604, -0.0782613456249237, -0.3466300964355469, -2.170881509780884], [0.32605960965156555, 0.19894738495349884, -0.9241779446601868, -0.630347728729248], [0.14128871262073517, -0.9768800139427185, -0.16044442355632782, -0.5323379039764404], [0.0, 0.0, 0.0, 1.0]]}, "Bone.002": {"matrix": [[-0.7682558298110962, -0.5605095028877258, 0.3092116415500641, -0.9960333108901978], [0.226604625582695, -0.6898826360702515, -0.6875407099723816, 0.13471049070358276], [0.5986930131912231, -0.45813825726509094, 0.6570203304290771, 0.3760322332382202], [0.0, 0.0, 0.0, 1.0]]}, "finger3joint1": {"matrix": [[-0.61361163854599, -0.7867755889892578, 0.06681936234235764, -1.232293725013733], [0.4138820469379425, -0.39254462718963623, -0.821346640586853, -0.1560819447040558], [0.6724452376365662, -0.47633230686187744, 0.5665021538734436, 0.18292231857776642], [0.0, 0.0, 0.0, 1.0]]}, "finger3joint2": {"matrix": [[-0.7324232459068298, -0.38919365406036377, -0.5586450099945068, -1.9224387407302856], [0.3781520128250122, 0.44978052377700806, -0.8091344833374023, -0.5004148483276367], [0.5661778450012207, -0.8038814663887024, -0.18225523829460144, -0.23490756750106812], [0.0, 0.0, 0.0, 1.0]]}, "finger3joint3": {"matrix": [[-0.6464431881904602, -0.061326686292886734, -0.760493278503418, -2.174278497695923], [0.5306771993637085, 0.6800130605697632, -0.5059288144111633, -0.20937074720859528], [0.5481724739074707, -0.73063063621521, -0.4070449471473694, -0.755083441734314], [0.0, 0.0, 0.0, 1.0]]}, "Bone.003": {"matrix": [[-0.6347249150276184, 0.47851184010505676, 0.6067540049552917, -0.9960333108901978], [-0.573673665523529, -0.8178538084030151, 0.04487418010830879, 0.13471050560474396], [0.517708957195282, -0.31959614157676697, 0.793621838092804, 0.3760322332382202], [0.0, 0.0, 0.0, 1.0]]}, "finger4joint1": {"matrix": [[-0.5407430529594421, -0.7573074102401733, 0.36617210507392883, -0.7909339070320129], [0.5894647836685181, -0.651689350605011, -0.47731757164001465, -0.2158374786376953], [0.6001068353652954, -0.04226047173142433, 0.7988025546073914, 0.2390470951795578], [0.0, 0.0, 0.0, 1.0]]}, "finger4joint2": {"matrix": [[-0.5507890582084656, -0.8330872654914856, 0.05095485597848892, -1.5432120561599731], [0.5650440454483032, -0.41711416840553284, -0.7118571996688843, -0.86319899559021], [0.6142933964729309, -0.36329135298728943, 0.7004731297492981, 0.1970672607421875], [0.0, 0.0, 0.0, 1.0]]}, "finger4joint3": {"matrix": [[-0.4803178906440735, -0.8432509899139404, -0.24129214882850647, -1.8906617164611816], [0.6081143021583557, -0.12192220240831375, -0.7844308018684387, -1.0371618270874023], [0.6320533752441406, -0.5235093235969543, 0.5713546276092529, 0.04555192589759827], [0.0, 0.0, 0.0, 1.0]]}}