{"root": {"matrix": [[0.4504435360431671, -0.698453962802887, 0.5561138987541199, -5.960464477539063e-08], [0.6702014803886414, -0.14699842035770416, -0.7274760603904724, 0.0], [0.5898564457893372, 0.7003952264785767, 0.4018903374671936, 5.960464477539063e-08], [0.0, 0.0, 0.0, 1.0]]}, "carpals": {"matrix": [[-0.6681725978851318, -0.6174070239067078, -0.4151550233364105, 0.2724863588809967], [0.7316737174987793, -0.44410979747772217, -0.5171266794204712, 1.4535462856292725], [0.13490332663059235, -0.6492878198623657, 0.7484825253486633, 1.9743202924728394], [0.0, 0.0, 0.0, 1.0]]}, "metacarpals": {"matrix": [[-0.8641627430915833, -0.5016834139823914, 0.03919472545385361, -0.3288643956184387], [0.34700554609298706, -0.6505076289176941, -0.6755937337875366, 1.0209858417510986], [0.3644307553768158, -0.5702221393585205, 0.7362313866615295, 1.3419177532196045], [0.0, 0.0, 0.0, 1.0]]}, "finger5joint1": {"matrix": [[-0.7191897034645081, -0.6933013796806335, 0.04581514745950699, -0.4796523451805115], [0.43658456206321716, -0.5022134780883789, -0.7464418411254883, 0.8667908906936646], [0.5405183434486389, -0.5168310403823853, 0.6638714671134949, 0.6497027277946472], [0.0, 0.0, 0.0, 1.0]]}, "finger5joint2": {"matrix": [[0.10017578303813934, -0.8886916041374207, 0.4474274218082428, -1.2119672298431396], [-0.7303748726844788, -0.3710545003414154, -0.5734725594520569, 0.33631670475006104], [0.6756603121757507, -0.2693415582180023, -0.6862490177154541, 0.10378844290971756], [0.0, 0.0, 0.0, 1.0]]}, "finger5joint3": {"matrix": [[-0.008011161349713802, -0.9626268744468689, 0.2707112729549408, -1.82279634475708], [-0.7291405200958252, -0.1796407252550125, -0.6603657603263855, 0.08127794414758682], [0.6843167543411255, -0.2026766985654831, -0.7004513740539551, -0.08133946359157562], [0.0, 0.0, 0.0, 1.0]]}, "Bone": {"matrix": [[0.3570469915866852, -0.9306241273880005, -0.08034895360469818, -1.1121314764022827], [0.7510774731636047, 0.33716967701911926, -0.5676258206367493, 0.005362898111343384], [0.5553374886512756, 0.14232094585895538, 0.8193562626838684, 0.451642781496048], [0.0, 0.0, 0.0, 1.0]]}, "finger1joint1": {"matrix": [[-0.40629732608795166, -0.7286798357963562, -0.5513147115707397, -1.8865852355957031], [0.40114179253578186, 0.39986464381217957, -0.8241318464279175, 0.2859513759613037], [0.820979654788971, -0.555997908115387, 0.12984010577201843, 0.5700805187225342], [0.0, 0.0, 0.0, 1.0]]}, "finger1joint2": {"matrix": [[-0.20449775457382202, -0.11984015256166458, -0.9715033769607544, -2.29841947555542], [0.6249294877052307, 0.7479135990142822, -0.2238042801618576, 0.5119462013244629], [0.7534213662147522, -0.6528885364532471, -0.07805489748716354, 0.25584253668785095], [0.0, 0.0, 0.0, 1.0]]}, "finger1joint3": {"matrix": [[-0.29729849100112915, 0.5097482204437256, -0.8073228597640991, -2.349792957305908], [0.5711895823478699, 0.7725130319595337, 0.27742743492126465, 0.8325644135475159], [0.7650856971740723, -0.37865567207336426, -0.5208296775817871, -0.02404007315635681], [0.0, 0.0, 0.0, 1.0]]}, "Bone.001": {"matrix": [[0.009037232026457787, -0.9649441838264465, 0.2622987926006317, -1.1121315956115723], [0.7483535408973694, -0.1674543023109436, -0.6418145298957825, 0.005362905561923981], [0.6632382869720459, 0.20209257304668427, 0.7206060886383057, 0.4516427516937256], [0.0, 0.0, 0.0, 1.0]]}, "finger2joint1": {"matrix": [[-0.7955465316772461, -0.5077025294303894, 0.33067119121551514, -1.7237937450408936], [0.4401855766773224, -0.8593289256095886, -0.26036563515663147, -0.1007835865020752], [0.41634371876716614, -0.061576250940561295, 0.9071195721626282, 0.5797459483146667], [0.0, 0.0, 0.0, 1.0]]}, "finger2joint2": {"matrix": [[-0.8653392195701599, -0.3631720542907715, -0.3453894257545471, -2.163032054901123], [0.38284119963645935, -0.034228477627038956, -0.9231797456741333, -0.844231128692627], [0.32345110177993774, -0.9310929179191589, 0.16865654289722443, 0.5264732837677002], [0.0, 0.0, 0.0, 1.0]]}, "finger2joint3": {"matrix": [[-0.8669372200965881, 0.1977280080318451, -0.45751839876174927, -2.300898313522339], [0.4573359191417694, 0.680513322353363, -0.5724903345108032, -0.8572248220443726], [0.1981501281261444, -0.7055529356002808, -0.680390477180481, 0.17301517724990845], [0.0, 0.0, 0.0, 1.0]]}, "Bone.002": {"matrix": [[-0.6704697012901306, -0.6640574336051941, 0.33090460300445557, -1.1121314764022827], [0.42964181303977966, -0.7111132740974426, -0.5565301179885864, 0.0053629279136657715], [0.6048787832260132, -0.23096603155136108, 0.7620866894721985, 0.451642781496048], [0.0, 0.0, 0.0, 1.0]]}, "finger3joint1": {"matrix": [[-0.6181367039680481, -0.7616844773292542, -0.19427713751792908, -1.392038106918335], [0.5127958059310913, -0.20341508090496063, -0.8340640068054199, -0.29437845945358276], [0.5957748889923096, -0.6151898503303528, 0.5163269639015198, 0.3542882204055786], [0.0, 0.0, 0.0, 1.0]]}, "finger3joint2": {"matrix": [[-0.7227917909622192, -0.2627245783805847, -0.6391773223876953, -2.060173988342285], [0.5061449408531189, 0.4284829795360565, -0.7484782338142395, -0.47281041741371155], [0.47052040696144104, -0.864510178565979, -0.17672716081142426, -0.18534493446350098], [0.0, 0.0, 0.0, 1.0]]}, "finger3joint3": {"matrix": [[-0.6171436309814453, 0.11051831394433975, -0.7790501713752747, -2.230177640914917], [0.6454306244850159, 0.6374078392982483, -0.4208688735961914, -0.19554752111434937], [0.45005911588668823, -0.7625594139099121, -0.46470391750335693, -0.7447524070739746], [0.0, 0.0, 0.0, 1.0]]}, "Bone.003": {"matrix": [[-0.6110275387763977, 0.37077057361602783, 0.6994099617004395, -1.1121314764022827], [-0.3785259425640106, -0.9128221869468689, 0.15321151912212372, 0.0053629279136657715], [0.6952432990074158, -0.17112842202186584, 0.6981057524681091, 0.4516427516937256], [0.0, 0.0, 0.0, 1.0]]}, "finger4joint1": {"matrix": [[-0.5856634974479675, -0.7336562871932983, 0.34459584951400757, -0.9532119035720825], [0.6455942988395691, -0.6792796850204468, -0.34897980093955994, -0.3858904242515564], [0.4901083707809448, 0.01808447390794754, 0.8714736700057983, 0.3782937824726105], [0.0, 0.0, 0.0, 1.0]]}, "finger4joint2": {"matrix": [[-0.5955638289451599, -0.7706650495529175, -0.22666841745376587, -1.6819959878921509], [0.6229941248893738, -0.2649782598018646, -0.7359786629676819, -1.0606589317321777], [0.5071309804916382, -0.5795353651046753, 0.6379314661026001, 0.3962581753730774], [0.0, 0.0, 0.0, 1.0]]}, "finger4joint3": {"matrix": [[-0.5260605216026306, -0.5556821823120117, -0.6437989473342896, -2.0034117698669434], [0.6535639762878418, 0.2202260047197342, -0.7241231203079224, -1.1711715459823608], [0.544163703918457, -0.8016965389251709, 0.24732181429862976, 0.15455545485019684], [0.0, 0.0, 0.0, 1.0]]}}