{"root": {"matrix": [[0.49471214413642883, -0.8022733926773071, 0.33409181237220764, 0.0], [0.3873927891254425, -0.14054568111896515, -0.9111387133598328, -1.4901161193847656e-08], [0.7779374718666077, 0.5801761150360107, 0.241265207529068, 0.0], [0.0, 0.0, 0.0, 1.0]]}, "carpals": {"matrix": [[-0.4093260169029236, -0.568590521812439, -0.7135521769523621, 0.2959396541118622], [0.9122684001922607, -0.2677222192287445, -0.30998554825782776, 0.8409463167190552], [-0.014778773300349712, -0.777836263179779, 0.6282929182052612, 2.300046682357788], [0.0, 0.0, 0.0, 1.0]]}, "metacarpals": {"matrix": [[-0.4914424419403076, -0.7497128844261169, -0.4431869089603424, -0.25786423683166504], [0.8604224324226379, -0.3392232656478882, -0.380264014005661, 0.5801864862442017], [0.1347496658563614, -0.5682057738304138, 0.8117785453796387, 1.5424387454986572], [0.0, 0.0, 0.0, 1.0]]}, "finger5joint1": {"matrix": [[-0.4965960383415222, -0.7591016292572021, -0.4208999276161194, -0.41715824604034424], [0.8514419794082642, -0.33181339502334595, -0.4061359465122223, 0.39205577969551086], [0.16863839328289032, -0.5600572824478149, 0.8111082315444946, 0.8605979681015015], [0.0, 0.0, 0.0, 1.0]]}, "finger5joint2": {"matrix": [[-0.3217134475708008, -0.9097554683685303, 0.2623826265335083, -1.218976378440857], [-0.4104830026626587, -0.11570846289396286, -0.9044970870018005, 0.04157049208879471], [0.8532312512397766, -0.3986923396587372, -0.33621448278427124, 0.26902493834495544], [0.0, 0.0, 0.0, 1.0]]}, "finger5joint3": {"matrix": [[-0.41919419169425964, -0.9069928526878357, 0.04048946127295494, -1.844283103942871], [-0.36907073855400085, 0.1294921189546585, -0.9203359484672546, -0.0379599928855896], [0.8294952511787415, -0.4007428288459778, -0.38902708888053894, -0.005010277032852173], [0.0, 0.0, 0.0, 1.0]]}, "Bone": {"matrix": [[0.6995678544044495, -0.5322768092155457, -0.4767451286315918, -1.4283740520477295], [0.49898529052734375, 0.841458797454834, -0.20726969838142395, 0.050564706325531006], [0.5114861726760864, -0.09288943558931351, 0.8542558550834656, 0.6553118824958801], [0.0, 0.0, 0.0, 1.0]]}, "finger1joint1": {"matrix": [[0.07722378522157669, -0.9203622937202454, -0.38336583971977234, -1.871328353881836], [0.8092114925384521, 0.2824784517288208, -0.5151529908180237, 0.7508163452148438], [0.5824200510978699, -0.27044183015823364, 0.7665818333625793, 0.5780104398727417], [0.0, 0.0, 0.0, 1.0]]}, "finger1joint2": {"matrix": [[0.2086675465106964, -0.17359966039657593, -0.9624555706977844, -2.3914971351623535], [0.9218176007270813, 0.3636264503002167, 0.1342691034078598, 0.9104670286178589], [0.3266652524471283, -0.9152259826660156, 0.23590439558029175, 0.42516255378723145], [0.0, 0.0, 0.0, 1.0]]}, "finger1joint3": {"matrix": [[0.11635161936283112, 0.8344767689704895, -0.5386191606521606, -2.465916395187378], [0.9167119860649109, 0.11847548186779022, 0.3815794587135315, 1.0663477182388306], [0.3822323977947235, -0.5381560325622559, -0.7511898279190063, 0.0328202098608017], [0.0, 0.0, 0.0, 1.0]]}, "Bone.001": {"matrix": [[0.416841983795166, -0.8749580383300781, -0.24635513126850128, -1.4283740520477295], [0.7260909080505371, 0.48355817794799805, -0.48883870244026184, 0.050564736127853394], [0.5468404293060303, 0.024892423301935196, 0.8368664383888245, 0.6553118824958801], [0.0, 0.0, 0.0, 1.0]]}, "finger2joint1": {"matrix": [[-0.3613741099834442, -0.2647060453891754, -0.8940576314926147, -1.9829957485198975], [0.8992975950241089, 0.15435460209846497, -0.4091922342777252, 0.35708433389663696], [0.24631771445274353, -0.9518954157829285, 0.1822698563337326, 0.6710907816886902], [0.0, 0.0, 0.0, 1.0]]}, "finger2joint2": {"matrix": [[-0.2996562123298645, -0.10483689606189728, -0.9482694864273071, -2.212005853652954], [0.9435218572616577, 0.11466959118843079, -0.31083327531814575, 0.4906240701675415], [0.14132462441921234, -0.9878560304641724, 0.06455453485250473, -0.15244051814079285], [0.0, 0.0, 0.0, 1.0]]}, "finger2joint3": {"matrix": [[-0.22376586496829987, 0.15054625272750854, -0.9629456400871277, -2.2518036365509033], [0.9744219183921814, 0.055590152740478516, -0.2177417129278183, 0.5341545343399048], [0.020750224590301514, -0.9870385527610779, -0.1591346561908722, -0.5274468660354614], [0.0, 0.0, 0.0, 1.0]]}, "Bone.002": {"matrix": [[-0.30747169256210327, -0.9407121539115906, -0.14325334131717682, -1.42837393283844], [0.8652068376541138, -0.21371975541114807, -0.4535868465900421, 0.05056474357843399], [0.3960787355899811, -0.26340875029563904, 0.8796233534812927, 0.6553118824958801], [0.0, 0.0, 0.0, 1.0]]}, "finger3joint1": {"matrix": [[-0.3884727954864502, -0.6848140358924866, -0.61653733253479, -1.824893832206726], [0.8950802683830261, -0.12148922681808472, -0.429036021232605, -0.0395202711224556], [0.21890747547149658, -0.7185190320014954, 0.6601588129997253, 0.5442824363708496], [0.0, 0.0, 0.0, 1.0]]}, "finger3joint2": {"matrix": [[-0.467656672000885, 0.09545374661684036, -0.8787409067153931, -2.4255998134613037], [0.8805707097053528, 0.13664846122264862, -0.4537869393825531, -0.1460883915424347], [0.07676316052675247, -0.9860098958015442, -0.14795823395252228, -0.08598917722702026], [0.0, 0.0, 0.0, 1.0]]}, "finger3joint3": {"matrix": [[-0.307903915643692, 0.5211248397827148, -0.7960048913955688, -2.3638339042663574], [0.9500207304954529, 0.21372090280056, -0.22756117582321167, -0.057665858417749405], [0.05153532326221466, -0.8262882232666016, -0.5608847141265869, -0.7240167856216431], [0.0, 0.0, 0.0, 1.0]]}, "Bone.003": {"matrix": [[-0.7662366032600403, -0.25902122259140015, 0.588038444519043, -1.4283740520477295], [0.22350138425827026, -0.9654443264007568, -0.13403141498565674, 0.050564736127853394], [0.6024354696273804, 0.028727592900395393, 0.7976503372192383, 0.6553119421005249], [0.0, 0.0, 0.0, 1.0]]}, "finger4joint1": {"matrix": [[-0.7504475116729736, -0.6590304970741272, -0.0500672347843647, -1.5393954515457153], [0.6609246134757996, -0.7479860186576843, -0.060790032148361206, -0.3632434010505676], [0.0026131058111786842, -0.0787104144692421, 0.9968938827514648, 0.6676250696182251], [0.0, 0.0, 0.0, 1.0]]}, "finger4joint2": {"matrix": [[-0.7661841511726379, -0.24809621274471283, -0.5927979350090027, -2.194049596786499], [0.6423075795173645, -0.26686403155326843, -0.718487560749054, -1.10626220703125], [0.020057812333106995, -0.9312525987625122, 0.36382120847702026, 0.5894373655319214], [0.0, 0.0, 0.0, 1.0]]}, "finger4joint3": {"matrix": [[-0.7341551184654236, 0.19494426250457764, -0.6503939628601074, -2.2975213527679443], [0.6727094054222107, 0.33873647451400757, -0.657814085483551, -1.2175612449645996], [0.09207531064748764, -0.920464038848877, -0.37982597947120667, 0.20104646682739258], [0.0, 0.0, 0.0, 1.0]]}}