{"root": {"matrix": [[0.3521250784397125, -0.7646187543869019, 0.5397833585739136, 0.0], [0.7841036319732666, -0.0739174410700798, -0.6162124276161194, -7.450580596923828e-09], [0.5110670328140259, 0.6402299404144287, 0.573512077331543, 0.0], [0.0, 0.0, 0.0, 1.0]]}, "carpals": {"matrix": [[-0.7002747654914856, -0.49161842465400696, -0.5176159739494324, -0.012785464525222778], [0.7118780016899109, -0.5350802540779114, -0.4548831880092621, 1.7701568603515625], [-0.05333707109093666, -0.6870226263999939, 0.7246755957603455, 1.717954397201538], [0.0, 0.0, 0.0, 1.0]]}, "metacarpals": {"matrix": [[-0.7842003107070923, -0.6149803400039673, 0.08263654261827469, -0.49161893129348755], [0.5274398922920227, -0.7307949066162109, -0.4332965016365051, 1.2489917278289795], [0.3268592655658722, -0.2962053716182709, 0.8974547982215881, 1.0487985610961914], [0.0, 0.0, 0.0, 1.0]]}, "finger5joint1": {"matrix": [[-0.8128629326820374, -0.5633963942527771, -0.14777697622776031, -0.7389630675315857], [0.3716733455657959, -0.30638301372528076, -0.8763493895530701, 0.9176461100578308], [0.448455810546875, -0.7672767043113708, 0.4584468603134155, 0.45322686433792114], [0.0, 0.0, 0.0, 1.0]]}, "finger5joint2": {"matrix": [[-0.21762359142303467, -0.7412096858024597, 0.6350176334381104, -1.3340630531311035], [-0.8897738456726074, -0.11675854027271271, -0.44121378660202026, 0.5940222144126892], [0.4011758267879486, -0.6610406041145325, -0.6340999007225037, -0.3572262227535248], [0.0, 0.0, 0.0, 1.0]]}, "finger5joint3": {"matrix": [[-0.32049795985221863, -0.8743042945861816, 0.3645166754722595, -1.8435224294662476], [-0.8711420297622681, 0.1209222599864006, -0.4759085476398468, 0.5137699246406555], [0.37201085686683655, -0.4700734317302704, -0.8003988265991211, -0.8115826845169067], [0.0, 0.0, 0.0, 1.0]]}, "Bone": {"matrix": [[0.4772506654262543, -0.8785946369171143, -0.01740937866270542, -1.4517738819122314], [0.8374890089035034, 0.46074429154396057, -0.2938140332698822, 0.10801807045936584], [0.266164630651474, 0.12564286589622498, 0.955703854560852, 0.5863397121429443], [0.0, 0.0, 0.0, 1.0]]}, "finger1joint1": {"matrix": [[-0.3482571244239807, -0.65693199634552, -0.6686980724334717, -2.182929515838623], [0.6481404304504395, 0.34661370515823364, -0.6780653595924377, 0.49144384264945984], [0.6772228479385376, -0.6695513725280762, 0.305073618888855, 0.6908981800079346], [0.0, 0.0, 0.0, 1.0]]}, "finger1joint2": {"matrix": [[-0.11492188274860382, 0.2499624788761139, -0.9614112377166748, -2.554213285446167], [0.8167442083358765, 0.5746715068817139, 0.05178292095661163, 0.6873422861099243], [0.5654394030570984, -0.7792761325836182, -0.27019765973091125, 0.31248220801353455], [0.0, 0.0, 0.0, 1.0]]}, "finger1joint3": {"matrix": [[-0.22078865766525269, 0.7818295359611511, -0.5830907225608826, -2.4470584392547607], [0.7961536645889282, 0.4898070693016052, 0.35528627038002014, 0.93369460105896], [0.5633752942085266, -0.38578665256500244, -0.7306002378463745, -0.02158065140247345], [0.0, 0.0, 0.0, 1.0]]}, "Bone.001": {"matrix": [[0.14628523588180542, -0.9414201974868774, 0.303855836391449, -1.451773762702942], [0.903122067451477, 0.0017461845418438315, -0.42937999963760376, 0.10801807790994644], [0.4036963880062103, 0.33723098039627075, 0.8504728674888611, 0.5863397121429443], [0.0, 0.0, 0.0, 1.0]]}, "finger2joint1": {"matrix": [[-0.5358873605728149, -0.7014628052711487, -0.4698662757873535, -2.048524856567383], [0.6673627495765686, -0.011040998622775078, -0.7446508407592773, 0.10912495851516724], [0.5171571373939514, -0.7126202583312988, 0.4740469753742218, 0.8001049160957336], [0.0, 0.0, 0.0, 1.0]]}, "finger2joint2": {"matrix": [[-0.5514018535614014, 0.1876179575920105, -0.8128684759140015, -2.6553945541381836], [0.7295775413513184, 0.5809776186943054, -0.36080673336982727, 0.09957285225391388], [0.40456467866897583, -0.7920001149177551, -0.45723387598991394, 0.18358224630355835], [0.0, 0.0, 0.0, 1.0]]}, "finger2joint3": {"matrix": [[-0.4513910710811615, 0.8558396697044373, -0.25255531072616577, -2.584171772003174], [0.8207005858421326, 0.5092860460281372, 0.25899428129196167, 0.3201214671134949], [0.3502805233001709, -0.0903647392988205, -0.9322753548622131, -0.11707398295402527], [0.0, 0.0, 0.0, 1.0]]}, "Bone.002": {"matrix": [[-0.5563632249832153, -0.7373553514480591, 0.3831014633178711, -1.4517738819122314], [0.6551902890205383, -0.672845184803009, -0.3435184359550476, 0.10801807045936584], [0.5110632181167603, 0.05988344922661781, 0.8574544787406921, 0.5863396525382996], [0.0, 0.0, 0.0, 1.0]]}, "finger3joint1": {"matrix": [[-0.7118329405784607, -0.560501217842102, -0.42323994636535645, -1.7625765800476074], [0.6009406447410583, -0.1741330325603485, -0.7800949215888977, -0.17559291422367096], [0.36354419589042664, -0.8096392750740051, 0.46078160405158997, 0.6115812063217163], [0.0, 0.0, 0.0, 1.0]]}, "finger3joint2": {"matrix": [[-0.7745441794395447, -0.03720565140247345, -0.6314244866371155, -2.2542378902435303], [0.5956501960754395, 0.2929396331310272, -0.7479219436645508, -0.32833921909332275], [0.21279630064964294, -0.955406665802002, -0.20473308861255646, -0.09861940145492554], [0.0, 0.0, 0.0, 1.0]]}, "finger3joint3": {"matrix": [[-0.6582092046737671, 0.25834205746650696, -0.7071207761764526, -2.278312921524048], [0.7267309427261353, 0.4632360637187958, -0.5072222948074341, -0.1387837529182434], [0.19652710855007172, -0.8477450013160706, -0.4926513135433197, -0.7168442606925964], [0.0, 0.0, 0.0, 1.0]]}, "Bone.003": {"matrix": [[-0.544455349445343, 0.2795265018939972, 0.7908433079719543, -1.4517738819122314], [-0.09360501915216446, -0.9571972489356995, 0.2738824486732483, 0.10801810026168823], [0.8335503935813904, 0.07508987188339233, 0.5473161935806274, 0.5863397121429443], [0.0, 0.0, 0.0, 1.0]]}, "finger4joint1": {"matrix": [[-0.7837806344032288, -0.582065999507904, 0.2165333777666092, -1.331963300704956], [0.5308641791343689, -0.8088752627372742, -0.2527920603752136, -0.30225521326065063], [0.3222902715206146, -0.08318371325731277, 0.9429788589477539, 0.6185246706008911], [0.0, 0.0, 0.0, 1.0]]}, "finger4joint2": {"matrix": [[-0.7925899028778076, -0.517698347568512, -0.3221631646156311, -1.9101638793945312], [0.5072022080421448, -0.2664896547794342, -0.81959068775177, -1.105758786201477], [0.3384476900100708, -0.8130013346672058, 0.47379493713378906, 0.5358933806419373], [0.0, 0.0, 0.0, 1.0]]}, "finger4joint3": {"matrix": [[-0.7420147061347961, -0.24274852871894836, -0.6248893737792969, -2.1260766983032227], [0.5395340323448181, 0.33700597286224365, -0.7715761065483093, -1.2169017791748047], [0.39789053797721863, -0.9096701741218567, -0.11909225583076477, 0.1968207061290741], [0.0, 0.0, 0.0, 1.0]]}}