{"root": {"matrix": [[0.4840773344039917, -0.6516872048377991, 0.5839288234710693, 0.0], [0.8382387757301331, 0.15390820801258087, -0.523132860660553, 1.4901161193847656e-08], [0.25104764103889465, 0.7427085638046265, 0.6207729578018188, 5.960464477539063e-08], [0.0, 0.0, 0.0, 1.0]]}, "carpals": {"matrix": [[-0.5549761652946472, -0.6627646684646606, -0.5027366876602173, 0.3911972939968109], [0.8241424560546875, -0.5202189087867737, -0.2239672839641571, 2.105116844177246], [-0.11309553682804108, -0.5386231541633606, 0.8349217176437378, 1.224921703338623], [0.0, 0.0, 0.0, 1.0]]}, "metacarpals": {"matrix": [[-0.7207430005073547, -0.6928942799568176, -0.020658325403928757, -0.25433146953582764], [0.6735818982124329, -0.6929918527603149, -0.2570010721683502, 1.5984268188476562], [0.1637585610151291, -0.19914673268795013, 0.9661901593208313, 0.7003059983253479], [0.0, 0.0, 0.0, 1.0]]}, "finger5joint1": {"matrix": [[-0.5881750583648682, -0.7653398513793945, -0.26135143637657166, -0.5147811770439148], [0.7080564498901367, -0.33117398619651794, -0.62368243932724, 1.1904889345169067], [0.39077630639076233, -0.5518860220909119, 0.7366921901702881, 0.160465806722641], [0.0, 0.0, 0.0, 1.0]]}, "finger5joint2": {"matrix": [[-0.23337653279304504, -0.7743011116981506, 0.5882111191749573, -1.3231885433197021], [-0.6382119655609131, -0.33441904187202454, -0.6934328675270081, 0.8406790494918823], [0.7336351275444031, -0.5372343063354492, -0.4161229133605957, -0.4224760830402374], [0.0, 0.0, 0.0, 1.0]]}, "finger5joint3": {"matrix": [[-0.336670458316803, -0.8433724045753479, 0.4187781512737274, -1.8553929328918457], [-0.6274960041046143, -0.13064950704574585, -0.7675800323486328, 0.6108211278915405], [0.7020692229270935, -0.5212032198905945, -0.48522722721099854, -0.7917361259460449], [0.0, 0.0, 0.0, 1.0]]}, "Bone": {"matrix": [[0.5724846124649048, -0.813336193561554, -0.10365942865610123, -1.3361318111419678], [0.807940661907196, 0.5811255574226379, -0.09759502857923508, 0.5164741277694702], [0.13961666822433472, -0.02787896990776062, 0.989812970161438, 0.38938266038894653], [0.0, 0.0, 0.0, 1.0]]}, "finger1joint1": {"matrix": [[-0.08177603781223297, -0.9822760224342346, -0.16866013407707214, -2.0129799842834473], [0.893669068813324, 0.0026473556645214558, -0.4487185776233673, 1.00007963180542], [0.4412120282649994, -0.18742072582244873, 0.8776133060455322, 0.3661821186542511], [0.0, 0.0, 0.0, 1.0]]}, "finger1joint2": {"matrix": [[-0.006880985572934151, 0.10572799295186996, -0.9943711757659912, -2.568141460418701], [0.9876181483268738, 0.15656958520412445, 0.009813439100980759, 1.0015758275985718], [0.15672579407691956, -0.9819915294647217, -0.10549619793891907, 0.26025599241256714], [0.0, 0.0, 0.0, 1.0]]}, "finger1joint3": {"matrix": [[-0.11142275482416153, 0.9936250448226929, -0.017147764563560486, -2.522817611694336], [0.9771220088005066, 0.11268478631973267, 0.18037401139736176, 1.0686945915222168], [0.18115639686584473, 0.0033422596752643585, -0.9834485054016113, -0.16070763766765594], [0.0, 0.0, 0.0, 1.0]]}, "Bone.001": {"matrix": [[0.24710431694984436, -0.9478934407234192, 0.20108987390995026, -1.3361318111419678], [0.9393984079360962, 0.18344993889331818, -0.2896144390106201, 0.5164741277694702], [0.23763369023799896, 0.26046860218048096, 0.935780942440033, 0.38938266038894653], [0.0, 0.0, 0.0, 1.0]]}, "finger2joint1": {"matrix": [[-0.4571811854839325, -0.40630340576171875, -0.7911400198936462, -1.936985969543457], [0.7847946286201477, 0.23421011865139008, -0.573796808719635, 0.6327599883079529], [0.4184286594390869, -0.8832116723060608, 0.2117883861064911, 0.5544894933700562], [0.0, 0.0, 0.0, 1.0]]}, "finger2joint2": {"matrix": [[-0.41697484254837036, -0.046970874071121216, -0.9077033400535583, -2.288498878479004], [0.8524130582809448, 0.3264150321483612, -0.40846672654151917, 0.8353866338729858], [0.31547415256500244, -0.9440585970878601, -0.09606819599866867, -0.2096201777458191], [0.0, 0.0, 0.0, 1.0]]}, "finger2joint3": {"matrix": [[-0.33682548999786377, 0.2946418821811676, -0.8942786455154419, -2.3063297271728516], [0.9172917008399963, 0.3169613778591156, -0.24106241762638092, 0.9592991471290588], [0.21242475509643555, -0.9015105962753296, -0.37703320384025574, -0.568000316619873], [0.0, 0.0, 0.0, 1.0]]}, "Bone.002": {"matrix": [[-0.4870084822177887, -0.8235722184181213, 0.29077696800231934, -1.3361318111419678], [0.8056834936141968, -0.5521543025970459, -0.21447521448135376, 0.5164741277694702], [0.337189644575119, 0.12982305884361267, 0.9324424862861633, 0.38938266038894653], [0.0, 0.0, 0.0, 1.0]]}, "finger3joint1": {"matrix": [[-0.6472468376159668, -0.6848366260528564, -0.3347685933113098, -1.6832756996154785], [0.7392317056655884, -0.4567297101020813, -0.4949086010456085, 0.2837355136871338], [0.18603287637233734, -0.5677995085716248, 0.8018698692321777, 0.4441043436527252], [0.0, 0.0, 0.0, 1.0]]}, "finger3joint2": {"matrix": [[-0.7339121103286743, -0.02933567762374878, -0.6786105036735535, -2.284001588821411], [0.6763479709625244, 0.060604702681303024, -0.7340848445892334, -0.11689933389425278], [0.06266196072101593, -0.997730553150177, -0.024637311697006226, -0.053958892822265625], [0.0, 0.0, 0.0, 1.0]]}, "finger3joint3": {"matrix": [[-0.6098810434341431, 0.3341555595397949, -0.7185992002487183, -2.3029844760894775], [0.7923247218132019, 0.2757902145385742, -0.5442070960998535, -0.0776832327246666], [0.016332879662513733, -0.9012656211853027, -0.43295884132385254, -0.6995707154273987], [0.0, 0.0, 0.0, 1.0]]}, "Bone.003": {"matrix": [[-0.5922001004219055, 0.1435726135969162, 0.7928970456123352, -1.3361318111419678], [0.13840419054031372, -0.9512513875961304, 0.27561771869659424, 0.5164741277694702], [0.7938156127929688, 0.27296116948127747, 0.5434600710868835, 0.38938266038894653], [0.0, 0.0, 0.0, 1.0]]}, "finger4joint1": {"matrix": [[-0.8207058906555176, -0.5681193470954895, 0.06067686155438423, -1.2745938301086426], [0.555568516254425, -0.8183112144470215, -0.14734365046024323, 0.10874921083450317], [0.13336141407489777, -0.08721566200256348, 0.9872223138809204, 0.5063791275024414], [0.0, 0.0, 0.0, 1.0]]}, "finger4joint2": {"matrix": [[-0.8321884870529175, -0.507539689540863, -0.2233048528432846, -1.8389402627944946], [0.5337153673171997, -0.6239712834358215, -0.570795476436615, -0.7041275501251221], [0.15036563575267792, -0.5941908359527588, 0.7901437282562256, 0.4197426438331604], [0.0, 0.0, 0.0, 1.0]]}, "finger4joint3": {"matrix": [[-0.7837625741958618, -0.4350983202457428, -0.4431760013103485, -2.0506162643432617], [0.5920290350914001, -0.30779749155044556, -0.7448234558105469, -0.9643628001213074], [0.18766304850578308, -0.8461381196975708, 0.49883121252059937, 0.17192770540714264], [0.0, 0.0, 0.0, 1.0]]}}