{"root": {"matrix": [[0.5551578402519226, -0.5179288983345032, -0.650806725025177, 0.0], [-0.8064481019973755, -0.5266919732093811, -0.2687695324420929, 0.0], [-0.20357123017311096, 0.6740513443946838, -0.7100799679756165, 0.0], [0.0, 0.0, 0.0, 1.0]]}, "carpals": {"matrix": [[0.23026272654533386, -0.8930009603500366, -0.38668882846832275, 0.8216856718063354], [0.9498655200004578, 0.2926172912120819, -0.11013739556074142, -2.309079170227051], [0.21150463819503784, -0.3419419527053833, 0.9156097769737244, 0.27923303842544556], [0.0, 0.0, 0.0, 1.0]]}, "metacarpals": {"matrix": [[0.3597032129764557, -0.8982450366020203, 0.25252586603164673, -0.048091888427734375], [0.8931086659431458, 0.4098025858402252, 0.18552199006080627, -2.0240719318389893], [-0.2701299786567688, 0.1588001400232315, 0.9496378302574158, -0.05381634831428528], [0.0, 0.0, 0.0, 1.0]]}, "finger5joint1": {"matrix": [[0.5667758584022522, -0.7951312065124512, 0.21571137011051178, -0.7276893258094788], [0.7850800156593323, 0.6006435751914978, 0.15124920010566711, -2.023237705230713], [-0.24982863664627075, 0.08362623304128647, 0.9646719694137573, -0.3064455986022949], [0.0, 0.0, 0.0, 1.0]]}, "finger5joint2": {"matrix": [[0.25188329815864563, -0.6416333913803101, -0.7244728803634644, -1.5675644874572754], [0.07661312818527222, 0.7594808340072632, -0.6460019946098328, -1.3887944221496582], [0.9647200703620911, 0.10721296072006226, 0.24045813083648682, -0.21811354160308838], [0.0, 0.0, 0.0, 1.0]]}, "finger5joint3": {"matrix": [[0.23038490116596222, -0.5157982110977173, -0.825151264667511, -2.0085816383361816], [0.1826285421848297, 0.8558125495910645, -0.4839741587638855, -0.8667765855789185], [0.9558081030845642, -0.039195891469717026, 0.2913658320903778, -0.14442230761051178], [0.0, 0.0, 0.0, 1.0]]}, "Bone": {"matrix": [[0.9184117913246155, 0.16028337180614471, 0.36170268058776855, -1.4505016803741455], [-0.2811357080936432, 0.9076636433601379, 0.31162333488464355, -1.38425612449646], [-0.27835628390312195, -0.3878861665725708, 0.8786705136299133, 0.19411475956439972], [0.0, 0.0, 0.0, 1.0]]}, "finger1joint1": {"matrix": [[0.4795399606227875, -0.8419079780578613, -0.24745124578475952, -1.3171159029006958], [0.8346260786056519, 0.35050496459007263, 0.4249061942100525, -0.6289096474647522], [-0.2709990441799164, -0.41028892993927, 0.8707596063613892, -0.1286793053150177], [0.0, 0.0, 0.0, 1.0]]}, "finger1joint2": {"matrix": [[0.5488503575325012, -0.6837726831436157, -0.4808514416217804, -1.7929441928863525], [0.6584517359733582, -0.0007432481506839395, 0.7526224851608276, -0.4308118522167206], [-0.5149800777435303, -0.7296947240829468, 0.4498232901096344, -0.3605656921863556], [0.0, 0.0, 0.0, 1.0]]}, "finger1joint3": {"matrix": [[0.5220454931259155, -0.33988887071609497, -0.7822684645652771, -2.086066246032715], [0.7308684587478638, -0.2945113182067871, 0.6157062649726868, -0.4311304986476898], [-0.4396587014198303, -0.8931620717048645, 0.09466565400362015, -0.673373818397522], [0.0, 0.0, 0.0, 1.0]]}, "Bone.001": {"matrix": [[0.9543229341506958, -0.06704600155353546, 0.29115694761276245, -1.4505019187927246], [0.08133874833583832, 0.9959899187088013, -0.03725237399339676, -1.38425612449646], [-0.28749170899391174, 0.059233129024505615, 0.955949604511261, 0.19411475956439972], [0.0, 0.0, 0.0, 1.0]]}, "finger2joint1": {"matrix": [[0.9346548318862915, -0.29045429825782776, 0.20507663488388062, -1.493001103401184], [0.30338966846466064, 0.952258825302124, -0.034021250903606415, -0.7529144883155823], [-0.18540436029434204, 0.09401625394821167, 0.9781543016433716, 0.23166166245937347], [0.0, 0.0, 0.0, 1.0]]}, "finger2joint2": {"matrix": [[0.881591260433197, -0.46241137385368347, 0.09472289681434631, -1.7442874908447266], [0.39010125398635864, 0.8267601728439331, 0.4053247570991516, 0.07093125581741333], [-0.26573988795280457, -0.3203793168067932, 0.9092519283294678, 0.3129997253417969], [0.0, 0.0, 0.0, 1.0]]}, "finger2joint3": {"matrix": [[0.8107221126556396, -0.5540714859962463, -0.1890348196029663, -1.9198263883590698], [0.4445662498474121, 0.37257832288742065, 0.8145831823348999, 0.38478291034698486], [-0.3809070587158203, -0.7444393038749695, 0.5483790636062622, 0.19137845933437347], [0.0, 0.0, 0.0, 1.0]]}, "Bone.002": {"matrix": [[0.6325796842575073, -0.6738763451576233, 0.38175061345100403, -1.4505016803741455], [0.7533431053161621, 0.6497742533683777, -0.10132771730422974, -1.38425612449646], [-0.179769366979599, 0.3516870141029358, 0.9186941981315613, 0.19411474466323853], [0.0, 0.0, 0.0, 1.0]]}, "finger3joint1": {"matrix": [[0.8971986174583435, 0.028922749683260918, 0.4406791031360626, -1.7345473766326904], [0.09095442295074463, 0.9643595814704895, -0.24847084283828735, -1.1103698015213013], [-0.43215957283973694, 0.26300933957099915, 0.8625914454460144, 0.34235435724258423], [0.0, 0.0, 0.0, 1.0]]}, "finger3joint2": {"matrix": [[0.8727055191993713, -0.4871141016483307, 0.03323871269822121, -1.709176778793335], [0.2518666088581085, 0.5074686408042908, 0.8240379691123962, -0.26445138454437256], [-0.418268084526062, -0.7107709050178528, 0.5655585527420044, 0.5730612874031067], [0.0, 0.0, 0.0, 1.0]]}, "finger3joint3": {"matrix": [[0.8294296860694885, -0.5218362808227539, -0.19933182001113892, -2.024378776550293], [0.13456907868385315, -0.15967106819152832, 0.9779550433158875, 0.06392157822847366], [-0.542159914970398, -0.8379690647125244, -0.062213003635406494, 0.11313548684120178], [0.0, 0.0, 0.0, 1.0]]}, "Bone.003": {"matrix": [[0.2811861038208008, -0.577981173992157, 0.7660757899284363, -1.450501799583435], [0.7825881838798523, -0.32391706109046936, -0.5316326022148132, -1.3842562437057495], [0.5554186701774597, 0.7490096092224121, 0.3612403869628906, 0.19411474466323853], [0.0, 0.0, 0.0, 1.0]]}, "finger4joint1": {"matrix": [[0.7778637409210205, -0.5872073173522949, 0.2238645851612091, -1.6982357501983643], [0.5521223545074463, 0.8087144494056702, 0.20283344388008118, -1.523093342781067], [-0.30014780163764954, -0.03417627513408661, 0.9532800912857056, 0.5151548385620117], [0.0, 0.0, 0.0, 1.0]]}, "finger4joint2": {"matrix": [[0.7683764100074768, -0.19033338129520416, -0.6110405325889587, -2.281543493270874], [0.5743292570114136, -0.21620367467403412, 0.7895576357841492, -0.7197495698928833], [-0.2823883891105652, -0.9576162695884705, -0.056811876595020294, 0.4812055230140686], [0.0, 0.0, 0.0, 1.0]]}, "finger4joint3": {"matrix": [[0.7903949022293091, 0.35722261667251587, -0.4976620078086853, -2.360924482345581], [0.5787018537521362, -0.7018798589706421, 0.41529297828674316, -0.809920072555542], [-0.2009468674659729, -0.6162435412406921, -0.7614879608154297, 0.08181934058666229], [0.0, 0.0, 0.0, 1.0]]}}