{"root": {"matrix": [[0.04427152872085571, -0.9335222840309143, 0.3557754456996918, 0.0], [0.30117449164390564, -0.32708463072776794, -0.8957173228263855, 0.0], [0.9525408148765564, 0.14680524170398712, 0.2666725218296051, 1.4901161193847656e-08], [0.0, 0.0, 0.0, 1.0]]}, "carpals": {"matrix": [[-0.7523372173309326, 0.029883891344070435, -0.658099889755249, -0.8536264300346375], [0.6413447856903076, -0.19506984949111938, -0.7420408129692078, 0.4616447687149048], [-0.15055036544799805, -0.9803338050842285, 0.12759235501289368, 2.2678606510162354], [0.0, 0.0, 0.0, 1.0]]}, "metacarpals": {"matrix": [[-0.8974217176437378, -0.4404280185699463, -0.02563743107020855, -0.8245196342468262], [0.3099419176578522, -0.5880537629127502, -0.7470800876617432, 0.2716478705406189], [0.3139588534832001, -0.6783919930458069, 0.6642391681671143, 1.3130213022232056], [0.0, 0.0, 0.0, 1.0]]}, "finger5joint1": {"matrix": [[-0.8752135038375854, -0.4596675634384155, -0.1506877988576889, -0.9078453779220581], [0.13491791486740112, 0.06718867272138596, -0.9885761141777039, 0.18900397419929504], [0.464540958404541, -0.885545551776886, 0.0032128270249813795, 0.5975483655929565], [0.0, 0.0, 0.0, 1.0]]}, "finger5joint2": {"matrix": [[-0.25022658705711365, -0.7036833763122559, 0.6649931073188782, -1.3933794498443604], [-0.9647437930107117, 0.23909497261047363, -0.11001233756542206, 0.2599734663963318], [-0.08158275485038757, -0.6690757870674133, -0.7387022972106934, -0.3378289043903351], [0.0, 0.0, 0.0, 1.0]]}, "finger5joint3": {"matrix": [[-0.35105589032173157, -0.7871578335762024, 0.5070914626121521, -1.877045750617981], [-0.9306835532188416, 0.35284391045570374, -0.09658651798963547, 0.4243118464946747], [-0.10289536416530609, -0.50584876537323, -0.8564629554748535, -0.7977081537246704], [0.0, 0.0, 0.0, 1.0]]}, "Bone": {"matrix": [[0.29709458351135254, -0.9424554705619812, -0.15333741903305054, -1.5121500492095947], [0.6899204254150391, 0.3228967487812042, -0.6478791236877441, -0.6464673280715942], [0.6601094007492065, 0.08669084310531616, 0.746150016784668, 0.2538630962371826], [0.0, 0.0, 0.0, 1.0]]}, "finger1joint1": {"matrix": [[-0.8340532779693604, -0.5129947662353516, -0.20295663177967072, -2.296449899673462], [0.3641207814216614, -0.23550961911678314, -0.9010832905769348, -0.37775665521621704], [0.41445282101631165, -0.8254520893096924, 0.38321954011917114, 0.32600608468055725], [0.0, 0.0, 0.0, 1.0]]}, "finger1joint2": {"matrix": [[-0.7222305536270142, 0.42749059200286865, -0.5437230467796326, -2.586383581161499], [0.6258098483085632, 0.738648533821106, -0.25052013993263245, -0.5108615756034851], [0.29452526569366455, -0.5212004780769348, -0.8010022044181824, -0.14052152633666992], [0.0, 0.0, 0.0, 1.0]]}, "finger1joint3": {"matrix": [[-0.7887764573097229, 0.5837385654449463, 0.19256408512592316, -2.403125286102295], [0.5696991682052612, 0.5766204595565796, 0.5856207609176636, -0.19421511888504028], [0.230813130736351, 0.5716273784637451, -0.7873798608779907, -0.3639516234397888], [0.0, 0.0, 0.0, 1.0]]}, "Bone.001": {"matrix": [[-0.059544745832681656, -0.9784562587738037, 0.1976804882287979, -1.5121499300003052], [0.6769642233848572, -0.18511663377285004, -0.7123560309410095, -0.6464673280715942], [0.7336031794548035, 0.09140555560588837, 0.6734024882316589, 0.2538630962371826], [0.0, 0.0, 0.0, 1.0]]}, "finger2joint1": {"matrix": [[-0.8144914507865906, -0.5476273894309998, -0.19159230589866638, -2.1323776245117188], [0.4048042595386505, -0.2998458445072174, -0.8638436198234558, -0.7638096809387207], [0.41561633348464966, -0.7811505794525146, 0.46590372920036316, 0.31180351972579956], [0.0, 0.0, 0.0, 1.0]]}, "finger2joint2": {"matrix": [[-0.8394717574119568, 0.33058878779411316, -0.4312749207019806, -2.606156826019287], [0.4541208744049072, 0.8626642823219299, -0.2226756513118744, -1.0232210159301758], [0.29843148589134216, -0.3827807605266571, -0.8743094205856323, -0.3640080690383911], [0.0, 0.0, 0.0, 1.0]]}, "finger2joint3": {"matrix": [[-0.7540979981422424, 0.5788515210151672, 0.3102690577507019, -2.4806597232818604], [0.5681373476982117, 0.337952584028244, 0.7503384947776794, -0.6957395076751709], [0.3294784128665924, 0.7421041131019592, -0.5837164521217346, -0.509317934513092], [0.0, 0.0, 0.0, 1.0]]}, "Bone.002": {"matrix": [[-0.7280232310295105, -0.6337615847587585, 0.26139673590660095, -1.5121500492095947], [0.36727577447891235, -0.6825222969055176, -0.6318795084953308, -0.6464673280715942], [0.5788701772689819, -0.3640182614326477, 0.7296572327613831, 0.25386306643486023], [0.0, 0.0, 0.0, 1.0]]}, "finger3joint1": {"matrix": [[-0.7286000847816467, -0.6797907948493958, -0.08382343500852585, -1.7792870998382568], [0.4499512016773224, -0.38276469707489014, -0.8068674206733704, -0.9341572523117065], [0.5164165496826172, -0.6255999803543091, 0.5847548842430115, 0.10042572021484375], [0.0, 0.0, 0.0, 1.0]]}, "finger3joint2": {"matrix": [[-0.8231168985366821, 0.025907088071107864, -0.567280650138855, -2.375586748123169], [0.4147246181964874, 0.7098253965377808, -0.5693429708480835, -1.2699114084243774], [0.3879203200340271, -0.7039008736610413, -0.5950134992599487, -0.44833904504776], [0.0, 0.0, 0.0, 1.0]]}, "finger3joint3": {"matrix": [[-0.7136848568916321, 0.464738667011261, -0.524091362953186, -2.358822822570801], [0.5392608642578125, 0.8420483469963074, 0.012345552444458008, -0.8105974197387695], [0.44704779982566833, -0.27381110191345215, -0.8515722751617432, -0.9038194417953491], [0.0, 0.0, 0.0, 1.0]]}, "Bone.003": {"matrix": [[-0.671282947063446, 0.3922369182109833, 0.6289111971855164, -1.5121500492095947], [-0.44601553678512573, -0.8914507031440735, 0.07991134375333786, -0.6464673280715942], [0.5919874310493469, -0.2268611341714859, 0.7733592987060547, 0.2538630962371826], [0.0, 0.0, 0.0, 1.0]]}, "finger4joint1": {"matrix": [[-0.7247322797775269, -0.6890243291854858, -0.002880116691812873, -1.3440296649932861], [0.4754869341850281, -0.49709442257881165, -0.7258161306381226, -1.0285602807998657], [0.4986734390258789, -0.5273918509483337, 0.6878824234008789, 0.15662601590156555], [0.0, 0.0, 0.0, 1.0]]}, "finger4joint2": {"matrix": [[-0.7402568459510803, -0.35381343960762024, -0.5716952085494995, -2.0284783840179443], [0.44986268877983093, 0.3712643086910248, -0.8122721910476685, -1.5223536491394043], [0.4996429681777954, -0.8584744334220886, -0.11566344648599625, -0.36726343631744385], [0.0, 0.0, 0.0, 1.0]]}, "finger4joint3": {"matrix": [[-0.6998411417007446, -0.11484043300151825, -0.7050061225891113, -2.1760406494140625], [0.429278165102005, 0.721247673034668, -0.5436191558837891, -1.3675130605697632], [0.5709136128425598, -0.6830908060073853, -0.4554603099822998, -0.7253012657165527], [0.0, 0.0, 0.0, 1.0]]}}