{"root": {"matrix": [[0.44343066215515137, -0.6667853593826294, 0.5989712476730347, 0.0], [0.8324778079986572, 0.05871422961354256, -0.550938606262207, 3.725290298461914e-09], [0.33218973875045776, 0.7429333329200745, 0.5811196565628052, 5.960464477539063e-08], [0.0, 0.0, 0.0, 1.0]]}, "carpals": {"matrix": [[-0.5555299520492554, -0.633696436882019, -0.5383446216583252, 0.2828064262866974], [0.767952561378479, -0.6392573118209839, -0.0399845615029335, 2.002037286758423], [-0.31880268454551697, -0.4356357455253601, 0.8417755365371704, 1.4131004810333252], [0.0, 0.0, 0.0, 1.0]]}, "metacarpals": {"matrix": [[-0.7455778121948242, -0.5666993260383606, -0.3506641387939453, -0.3344101309776306], [0.6141842007637024, -0.7885318994522095, -0.031544338911771774, 1.3794044256210327], [-0.25863367319107056, -0.23889106512069702, 0.9359697699546814, 0.9887939691543579], [0.0, 0.0, 0.0, 1.0]]}, "finger5joint1": {"matrix": [[-0.3234991431236267, -0.8686754703521729, -0.37516772747039795, -0.3827328681945801], [0.945647656917572, -0.28291356563568115, -0.1603441834449768, 0.8346215486526489], [0.03314701095223427, -0.406647652387619, 0.9129833579063416, 0.5128198862075806], [0.0, 0.0, 0.0, 1.0]]}, "finger5joint2": {"matrix": [[-0.3187556862831116, -0.8547922968864441, -0.40954139828681946, -1.3002907037734985], [-0.15481266379356384, 0.4732303321361542, -0.8672288060188293, 0.53578782081604], [0.9351082444190979, -0.2130317986011505, -0.28317752480506897, 0.0832892432808876], [0.0, 0.0, 0.0, 1.0]]}, "finger5joint3": {"matrix": [[-0.374130517244339, -0.7246286273002625, -0.5787390470504761, -1.8878194093704224], [-0.06197759509086609, 0.642203152179718, -0.7640246152877808, 0.8610555529594421], [0.9253024458885193, -0.2499760538339615, -0.2851784825325012, -0.06313499808311462], [0.0, 0.0, 0.0, 1.0]]}, "Bone": {"matrix": [[0.47233498096466064, -0.7638737559318542, -0.4397684335708618, -1.2191851139068604], [0.8737455606460571, 0.4714730679988861, 0.11950580775737762, 0.14828717708587646], [0.1160515770316124, -0.4406925141811371, 0.8901246190071106, 0.6158186197280884], [0.0, 0.0, 0.0, 1.0]]}, "finger1joint1": {"matrix": [[-0.38739311695098877, -0.5324260592460632, -0.7526279091835022, -1.8548715114593506], [0.903774619102478, -0.05817567557096481, -0.4240363836288452, 0.5406413078308105], [0.18198341131210327, -0.8444748520851135, 0.5037301182746887, 0.24907976388931274], [0.0, 0.0, 0.0, 1.0]]}, "finger1joint2": {"matrix": [[-0.12912878394126892, -0.2246662825345993, -0.9658418893814087, -2.1557869911193848], [0.9909435510635376, 0.006940602324903011, -0.1340990513563156, 0.5077615976333618], [0.03683102875947952, -0.9744109511375427, 0.22173546254634857, -0.22819912433624268], [0.0, 0.0, 0.0, 1.0]]}, "finger1joint3": {"matrix": [[-0.21794888377189636, 0.19910643994808197, -0.955434262752533, -2.2520976066589355], [0.9713431000709534, 0.13936667144298553, -0.19253458082675934, 0.5107369422912598], [0.09482080489397049, -0.9700171947479248, -0.22377540171146393, -0.6459130644798279], [0.0, 0.0, 0.0, 1.0]]}, "Bone.001": {"matrix": [[0.13070282340049744, -0.982647180557251, -0.13160912692546844, -1.2191851139068604], [0.9893392324447632, 0.13787312805652618, -0.04688951373100281, 0.14828722178936005], [0.06422119587659836, -0.12407742440700531, 0.9901919364929199, 0.6158186793327332], [0.0, 0.0, 0.0, 1.0]]}, "finger2joint1": {"matrix": [[-0.6612183451652527, -0.7352042198181152, -0.1492134928703308, -1.842069149017334], [0.7082222104072571, -0.6773489713668823, 0.1990462839603424, 0.23568278551101685], [-0.24740926921367645, 0.025936827063560486, 0.9685636758804321, 0.537168025970459], [0.0, 0.0, 0.0, 1.0]]}, "finger2joint2": {"matrix": [[-0.7083644866943359, -0.0036298115737736225, -0.7058373093605042, -2.4781301021575928], [0.6226291656494141, -0.47426480054855347, -0.6224191784858704, -0.35032498836517334], [-0.3324945569038391, -0.880374550819397, 0.3382124900817871, 0.559607207775116], [0.0, 0.0, 0.0, 1.0]]}, "finger2joint3": {"matrix": [[-0.6381849050521851, 0.5766403675079346, -0.5101034045219421, -2.4795079231262207], [0.6172309517860413, -0.012797637842595577, -0.7866777181625366, -0.5303637385368347], [-0.4601583182811737, -0.8168976902961731, -0.34775304794311523, 0.2254025787115097], [0.0, 0.0, 0.0, 1.0]]}, "Bone.002": {"matrix": [[-0.5894245505332947, -0.8064054250717163, -0.04784085974097252, -1.2191851139068604], [0.8058751821517944, -0.5910813808441162, 0.03446529433131218, 0.14828720688819885], [-0.05607082322239876, -0.018238956108689308, 0.9982600808143616, 0.6158186197280884], [0.0, 0.0, 0.0, 1.0]]}, "finger3joint1": {"matrix": [[0.27321693301200867, -0.9611803293228149, 0.03853040933609009, -1.5590932369232178], [0.9616468548774719, 0.2739207148551941, 0.014240890741348267, -0.10085953772068024], [-0.02424243465065956, 0.03316185995936394, 0.9991558194160461, 0.6081307530403137], [0.0, 0.0, 0.0, 1.0]]}, "finger3joint2": {"matrix": [[0.11609254777431488, -0.09580467641353607, -0.9886069893836975, -2.4022228717803955], [0.9915763139724731, -0.04637758433818817, 0.12093595415353775, 0.13941864669322968], [-0.057435501366853714, -0.9943190813064575, 0.08961372077465057, 0.6372197270393372], [0.0, 0.0, 0.0, 1.0]]}, "finger3joint3": {"matrix": [[0.2757892310619354, 0.8295299410820007, -0.4856131076812744, -2.4642159938812256], [0.9535783529281616, -0.29968327283859253, 0.029634052887558937, 0.10940863192081451], [-0.12094789743423462, -0.47124311327934265, -0.873671293258667, -0.006184563040733337], [0.0, 0.0, 0.0, 1.0]]}, "Bone.003": {"matrix": [[-0.8340211510658264, 0.057988423854112625, 0.5486764311790466, -1.2191851139068604], [0.2525157630443573, -0.8440746665000916, 0.47304731607437134, 0.14828722178936005], [0.4905552268028259, 0.5330809950828552, 0.6893331408500671, 0.6158186793327332], [0.0, 0.0, 0.0, 1.0]]}, "finger4joint1": {"matrix": [[-0.5484158396720886, -0.7543602585792542, -0.36080482602119446, -1.194330096244812], [0.8177226185798645, -0.5740207433700562, -0.04277484118938446, -0.21349960565567017], [-0.17484180629253387, -0.3184966742992401, 0.9316597580909729, 0.844307541847229], [0.0, 0.0, 0.0, 1.0]]}, "finger4joint2": {"matrix": [[-0.5724288821220398, -0.4257020652294159, -0.7007869482040405, -1.9436805248260498], [0.8033708333969116, -0.46220144629478455, -0.37545275688171387, -0.7837082147598267], [-0.16407370567321777, -0.7779119610786438, 0.6065744161605835, 0.527925968170166], [0.0, 0.0, 0.0, 1.0]]}, "finger4joint3": {"matrix": [[-0.5247478485107422, -0.2548758089542389, -0.8122053146362305, -2.121225118637085], [0.8444174528121948, -0.2765639126300812, -0.4587714374065399, -0.9764753580093384], [-0.10769690573215485, -0.9265798926353455, 0.3603481352329254, 0.20348778367042542], [0.0, 0.0, 0.0, 1.0]]}}