{"root": {"matrix": [[0.5032564997673035, -0.7641430497169495, 0.40350741147994995, -5.960464477539063e-08], [0.6945878863334656, 0.07991443574428558, -0.7149554491043091, 0.0], [0.5140822529792786, 0.6400774121284485, 0.5709819197654724, 0.0], [0.0, 0.0, 0.0, 1.0]]}, "carpals": {"matrix": [[-0.27847182750701904, -0.6807006001472473, -0.6775690317153931, 0.34478095173835754], [0.8655809760093689, -0.48358073830604553, 0.13007360696792603, 1.7293938398361206], [-0.41620051860809326, -0.5502690076828003, 0.7238652110099792, 1.7249083518981934], [0.0, 0.0, 0.0, 1.0]]}, "metacarpals": {"matrix": [[-0.32050007581710815, -0.8064048290252686, -0.49698150157928467, -0.318217396736145], [0.8359103798866272, -0.4875670075416565, 0.25205594301223755, 1.2583891153335571], [-0.4455709159374237, -0.3346479535102844, 0.83034747838974, 1.1889495849609375], [0.0, 0.0, 0.0, 1.0]]}, "finger5joint1": {"matrix": [[-0.11815439909696579, -0.8141497373580933, -0.5685063004493713, -0.5177290439605713], [0.9607155323028564, -0.23851390182971954, 0.14190401136875153, 0.7297883033752441], [-0.25112777948379517, -0.5294061303138733, 0.810347855091095, 0.7345806956291199], [0.0, 0.0, 0.0, 1.0]]}, "finger5joint2": {"matrix": [[-0.31409671902656555, -0.8000032305717468, -0.5112116932868958, -1.3776928186416626], [0.04642997309565544, 0.524874746799469, -0.8499120473861694, 0.4778527319431305], [0.9482547044754028, -0.29068994522094727, -0.12771719694137573, 0.17538368701934814], [0.0, 0.0, 0.0, 1.0]]}, "finger5joint3": {"matrix": [[-0.35878679156303406, -0.6222652792930603, -0.6957421898841858, -1.9275630712509155], [0.14194755256175995, 0.7003267407417297, -0.6995663642883301, 0.8386175632476807], [0.9225628972053528, -0.3497540056705475, -0.16293880343437195, -0.024417713284492493], [0.0, 0.0, 0.0, 1.0]]}, "Bone": {"matrix": [[0.7863276600837708, -0.3667905032634735, -0.49714499711990356, -1.5772391557693481], [0.5877480506896973, 0.6920782923698425, 0.41902247071266174, 0.4971615672111511], [0.19036972522735596, -0.6216849684715271, 0.759780764579773, 0.6664713025093079], [0.0, 0.0, 0.0, 1.0]]}, "finger1joint1": {"matrix": [[-0.1665358990430832, -0.5138737559318542, -0.8415457010269165, -1.8824777603149414], [0.9366239309310913, -0.34922388195991516, 0.02789582684636116, 1.0731005668640137], [-0.30822286009788513, -0.7835662364959717, 0.5394648909568787, 0.1491127610206604], [0.0, 0.0, 0.0, 1.0]]}, "finger1joint2": {"matrix": [[0.10789770632982254, -0.21153752505779266, -0.97139573097229, -2.172907829284668], [0.8904534578323364, -0.41394731402397156, 0.1890510469675064, 0.8757268190383911], [-0.44209811091423035, -0.8853808641433716, 0.1437004655599594, -0.293741911649704], [0.0, 0.0, 0.0, 1.0]]}, "finger1joint3": {"matrix": [[0.01665448024868965, 0.2314796894788742, -0.9726970195770264, -2.2635905742645264], [0.9196050763130188, -0.3854270577430725, -0.07597728818655014, 0.6982743740081787], [-0.39249104261398315, -0.8932317495346069, -0.21928885579109192, -0.6732901334762573], [0.0, 0.0, 0.0, 1.0]]}, "Bone.001": {"matrix": [[0.5514218807220459, -0.7688999176025391, -0.3236147165298462, -1.5772390365600586], [0.8322763442993164, 0.5335614681243896, 0.15042613446712494, 0.4971615672111511], [0.05700567364692688, -0.35228508710861206, 0.9341548085212708, 0.6664713621139526], [0.0, 0.0, 0.0, 1.0]]}, "finger2joint1": {"matrix": [[-0.19144245982170105, -0.29310593008995056, -0.9367167949676514, -2.0646321773529053], [0.9025233387947083, -0.42765310406684875, -0.05063808709383011, 0.8353775143623352], [-0.3857475221157074, -0.855103075504303, 0.34640607237815857, 0.44316351413726807], [0.0, 0.0, 0.0, 1.0]]}, "finger2joint2": {"matrix": [[-0.1297769993543625, -0.022938931360840797, -0.9912776350975037, -2.3182125091552734], [0.860953688621521, -0.49851927161216736, -0.10117889195680618, 0.46539390087127686], [-0.4918501377105713, -0.8665748238563538, 0.08444580435752869, -0.2966279983520508], [0.0, 0.0, 0.0, 1.0]]}, "finger2joint3": {"matrix": [[-0.04245544597506523, 0.28143855929374695, -0.95863938331604, -2.326920509338379], [0.8036667704582214, -0.5604204535484314, -0.2001209855079651, 0.2761477530002594], [-0.5935629606246948, -0.7789229154586792, -0.20238982141017914, -0.6255940198898315], [0.0, 0.0, 0.0, 1.0]]}, "Bone.002": {"matrix": [[-0.1358599066734314, -0.9670609831809998, -0.21525515615940094, -1.5772391557693481], [0.9661109447479248, -0.17745201289653778, 0.1874578595161438, 0.4971615970134735], [-0.21948064863681793, -0.1824922114610672, 0.9583969116210938, 0.6664713621139526], [0.0, 0.0, 0.0, 1.0]]}, "finger3joint1": {"matrix": [[-0.22716344892978668, -0.9372133016586304, -0.26462727785110474, -1.9848651885986328], [0.8867478370666504, -0.31139323115348816, 0.34163251519203186, 0.422363817691803], [-0.4025856852531433, -0.15705107152462006, 0.9018089771270752, 0.5895490050315857], [0.0, 0.0, 0.0, 1.0]]}, "finger3joint2": {"matrix": [[-0.3620612323284149, 0.4572685956954956, -0.8122910857200623, -2.806971549987793], [0.812424898147583, -0.27245354652404785, -0.5154948830604553, 0.149215430021286], [-0.45703116059303284, -0.8465662598609924, -0.27285128831863403, 0.45178672671318054], [0.0, 0.0, 0.0, 1.0]]}, "finger3joint3": {"matrix": [[-0.1971675455570221, 0.9732953906059265, -0.11756186932325363, -2.5110819339752197], [0.8730103373527527, 0.11974697560071945, -0.4727723300457001, -0.02708389423787594], [-0.4460694193840027, -0.19584840536117554, -0.8733071088790894, -0.09600964188575745], [0.0, 0.0, 0.0, 1.0]]}, "Bone.003": {"matrix": [[-0.7039830684661865, -0.43442919850349426, 0.5618529915809631, -1.5772392749786377], [0.6545953154563904, -0.7037931680679321, 0.27600762248039246, 0.4971616268157959], [0.2755226194858551, 0.5620911121368408, 0.7798337936401367, 0.6664713025093079], [0.0, 0.0, 0.0, 1.0]]}, "finger4joint1": {"matrix": [[-0.5071331262588501, -0.44767430424690247, -0.7364802360534668, -1.7634440660476685], [0.6426276564598083, -0.7658330202102661, 0.023009534925222397, 0.19550222158432007], [-0.5743216872215271, -0.4616136848926544, 0.6760673522949219, 0.907394528388977], [0.0, 0.0, 0.0, 1.0]]}, "finger4joint2": {"matrix": [[-0.5313888788223267, -0.11244596540927887, -0.8396315574645996, -2.2081453800201416], [0.6252278685569763, -0.7208277583122253, -0.2991609275341034, -0.5652448534965515], [-0.57159024477005, -0.6839319467544556, 0.4533444344997406, 0.44884636998176575], [0.0, 0.0, 0.0, 1.0]]}, "finger4joint3": {"matrix": [[-0.5078628659248352, 0.08687815070152283, -0.8570454716682434, -2.255042314529419], [0.6872926950454712, -0.5589255690574646, -0.463929682970047, -0.8658754825592041], [-0.5193299055099487, -0.8246539235115051, 0.2241470366716385, 0.1636037677526474], [0.0, 0.0, 0.0, 1.0]]}}