{"root": {"matrix": [[0.5372380614280701, -0.7409287095069885, 0.4029887318611145, -5.960464477539063e-08], [0.6847644448280334, 0.10421521216630936, -0.7212744355201721, 7.450580596923828e-09], [0.4924154281616211, 0.6634484529495239, 0.5633499622344971, 0.0], [0.0, 0.0, 0.0, 1.0]]}, "carpals": {"matrix": [[-0.31314748525619507, -0.6380165815353394, -0.7034721970558167, 0.44441020488739014], [0.8520719408988953, -0.5158751010894775, 0.08857877552509308, 1.7316746711730957], [-0.41941848397254944, -0.5716707110404968, 0.7051811218261719, 1.6996434926986694], [0.0, 0.0, 0.0, 1.0]]}, "metacarpals": {"matrix": [[-0.3431742787361145, -0.8038389086723328, -0.48587456345558167, -0.17701411247253418], [0.8409183621406555, -0.4933852255344391, 0.22232231497764587, 1.2292155027389526], [-0.41843464970588684, -0.33228546380996704, 0.845280110836029, 1.1428396701812744], [0.0, 0.0, 0.0, 1.0]]}, "finger5joint1": {"matrix": [[-0.2812371253967285, -0.8350061178207397, -0.47293776273727417, -0.375652015209198], [0.8934674859046936, -0.40767204761505127, 0.18846556544303894, 0.7086472511291504], [-0.3501734137535095, -0.369550883769989, 0.8607034087181091, 0.6789146065711975], [0.0, 0.0, 0.0, 1.0]]}, "finger5joint2": {"matrix": [[-0.3466159999370575, -0.9059259295463562, -0.24321742355823517, -1.257645845413208], [0.18457169830799103, 0.1883515566587448, -0.9646018743515015, 0.2780345678329468], [0.9196684956550598, -0.3792373538017273, 0.10192273557186127, 0.28856825828552246], [0.0, 0.0, 0.0, 1.0]]}, "finger5joint3": {"matrix": [[-0.4157571792602539, -0.7788583040237427, -0.4696008265018463, -1.8803205490112305], [0.2541734576225281, 0.39626291394233704, -0.8822535276412964, 0.4074952006340027], [0.8732361197471619, -0.48616325855255127, 0.03321610391139984, 0.027905121445655823], [0.0, 0.0, 0.0, 1.0]]}, "Bone": {"matrix": [[0.7793601751327515, -0.390198677778244, -0.4902472198009491, -1.4320297241210938], [0.5967634916305542, 0.7007253766059875, 0.39096948504447937, 0.4589042663574219], [0.19097283482551575, -0.597267746925354, 0.7789738774299622, 0.6240497827529907], [0.0, 0.0, 0.0, 1.0]]}, "finger1joint1": {"matrix": [[-0.17973965406417847, -0.5865793228149414, -0.7896948456764221, -1.7567481994628906], [0.9451522827148438, -0.3255379796028137, 0.026684509590268135, 1.042039155960083], [-0.27272829413414, -0.7415856719017029, 0.6129189729690552, 0.12701094150543213], [0.0, 0.0, 0.0, 1.0]]}, "finger1joint2": {"matrix": [[0.08099131286144257, -0.317844957113266, -0.9446769952774048, -2.0882701873779297], [0.8984702229499817, -0.3870373070240021, 0.20725205540657043, 0.858052134513855], [-0.4314993619918823, -0.8655497431755066, 0.2542276978492737, -0.2921172082424164], [0.0, 0.0, 0.0, 1.0]]}, "finger1joint3": {"matrix": [[-0.003489383729174733, 0.12220374494791031, -0.9924987554550171, -2.224525213241577], [0.9284312129020691, -0.3683100640773773, -0.048613063991069794, 0.6921356916427612], [-0.3714880645275116, -0.9216364622116089, -0.11217246949672699, -0.6631641387939453], [0.0, 0.0, 0.0, 1.0]]}, "Bone.001": {"matrix": [[0.5378111600875854, -0.7844445705413818, -0.30887773633003235, -1.4320298433303833], [0.84031081199646, 0.5283722281455994, 0.12124496698379517, 0.4589042365550995], [0.06809242069721222, -0.3247601389884949, 0.943341851234436, 0.6240497827529907], [0.0, 0.0, 0.0, 1.0]]}, "finger2joint1": {"matrix": [[0.2253211885690689, -0.5558804869651794, -0.8001417517662048, -1.929276466369629], [0.9302064180374146, 0.3669697046279907, 0.0070037441328167915, 0.7938307523727417], [0.2897345721721649, -0.7458751201629639, 0.5997698307037354, 0.4181896150112152], [0.0, 0.0, 0.0, 1.0]]}, "finger2joint2": {"matrix": [[0.24710391461849213, -0.024762634187936783, -0.9686723351478577, -2.410195827484131], [0.9549365639686584, 0.17585545778274536, 0.23910453915596008, 1.111314296722412], [0.16442550718784332, -0.9841042757034302, 0.06710147112607956, -0.22710347175598145], [0.0, 0.0, 0.0, 1.0]]}, "finger2joint3": {"matrix": [[0.3281916081905365, 0.5346683859825134, -0.7787294387817383, -2.419595956802368], [0.9435946345329285, -0.1473301500082016, 0.2965177893638611, 1.1780717372894287], [0.04380837455391884, -0.8321197032928467, -0.5528627038002014, -0.6006855964660645], [0.0, 0.0, 0.0, 1.0]]}, "Bone.002": {"matrix": [[-0.15668456256389618, -0.9670310616493225, -0.200749933719635, -1.4320298433303833], [0.9687096476554871, -0.1900862753391266, 0.15958952903747559, 0.4589042067527771], [-0.19248783588409424, -0.16946303844451904, 0.9665560126304626, 0.6240497827529907], [0.0, 0.0, 0.0, 1.0]]}, "finger3joint1": {"matrix": [[-0.18486963212490082, -0.977933406829834, -0.09730935096740723, -1.8396432399749756], [0.9150127172470093, -0.20740632712841034, 0.34602680802345276, 0.37878093123435974], [-0.3585737645626068, -0.025069285184144974, 0.9331645965576172, 0.5526193976402283], [0.0, 0.0, 0.0, 1.0]]}, "finger3joint2": {"matrix": [[-0.3332612216472626, 0.30146974325180054, -0.8933379054069519, -2.6974680423736572], [0.8565848469734192, -0.2990924119949341, -0.4204833507537842, 0.19684791564941406], [-0.3939535617828369, -0.9053505659103394, -0.15855826437473297, 0.53062903881073], [0.0, 0.0, 0.0, 1.0]]}, "finger3joint3": {"matrix": [[-0.16291432082653046, 0.9468063712120056, -0.2775179445743561, -2.5023932456970215], [0.8991870880126953, 0.026705201715230942, -0.4367488622665405, 0.0033111199736595154], [-0.4061054587364197, -0.3206934928894043, -0.8557066917419434, -0.05520541965961456], [0.0, 0.0, 0.0, 1.0]]}, "Bone.003": {"matrix": [[-0.7100616693496704, -0.4116596281528473, 0.5712692141532898, -1.4320297241210938], [0.6348299980163574, -0.7252593636512756, 0.2664390504360199, 0.4589042365550995], [0.30463624000549316, 0.5518471002578735, 0.7763127088546753, 0.6240497827529907], [0.0, 0.0, 0.0, 1.0]]}, "finger4joint1": {"matrix": [[-0.519641101360321, -0.5421900153160095, -0.6603049039840698, -1.6084750890731812], [0.674045205116272, -0.7350621819496155, 0.07312056422233582, 0.14804399013519287], [-0.5250104069709778, -0.4070788621902466, 0.7474292516708374, 0.860582172870636], [0.0, 0.0, 0.0, 1.0]]}, "finger4joint2": {"matrix": [[-0.5445868968963623, -0.1978038102388382, -0.8150448799133301, -2.147064447402954], [0.6583043336868286, -0.702947199344635, -0.2692590653896332, -0.5821366906166077], [-0.5196729898452759, -0.6831826567649841, 0.5130311846733093, 0.456206738948822], [0.0, 0.0, 0.0, 1.0]]}, "finger4joint3": {"matrix": [[-0.514277994632721, 0.021750694140791893, -0.857347309589386, -2.2295613288879395], [0.7183273434638977, -0.5352159738540649, -0.44446539878845215, -0.8753098249435425], [-0.46853336691856384, -0.8444349765777588, 0.2596259117126465, 0.17127659916877747], [0.0, 0.0, 0.0, 1.0]]}}