{"root": {"matrix": [[0.4907618463039398, -0.8599956631660461, 0.1398579180240631, -5.960464477539063e-08], [0.20730121433734894, -0.040658414363861084, -0.9774318933486938, 3.725290298461914e-09], [0.8462736010551453, 0.5086789727210999, 0.1583244651556015, 5.960464477539063e-08], [0.0, 0.0, 0.0, 1.0]]}, "carpals": {"matrix": [[-0.10946335643529892, -0.6255277991294861, -0.7724846005439758, 0.25234365463256836], [0.9765294790267944, -0.21270477771759033, 0.03386281803250313, 0.538898229598999], [-0.1854931265115738, -0.750647246837616, 0.6341298222541809, 2.3939292430877686], [0.0, 0.0, 0.0, 1.0]]}, "metacarpals": {"matrix": [[-0.0722569078207016, -0.8347030878067017, -0.545939028263092, -0.3569166660308838], [0.9691669344902039, -0.18804341554641724, 0.15923276543617249, 0.3317250609397888], [-0.23557217419147491, -0.5176003575325012, 0.8225541114807129, 1.662803292274475], [0.0, 0.0, 0.0, 1.0]]}, "finger5joint1": {"matrix": [[-0.27628979086875916, -0.7245436906814575, -0.6314270496368408, -0.5959959030151367], [0.9099577069282532, -0.4086262285709381, 0.07072151452302933, -0.011144250631332397], [-0.3092583119869232, -0.5550322532653809, 0.7722034454345703, 1.070387363433838], [0.0, 0.0, 0.0, 1.0]]}, "finger5joint2": {"matrix": [[-0.578869640827179, -0.8107718229293823, 0.08693835139274597, -1.361311435699463], [0.06627026945352554, -0.15304267406463623, -0.9859949350357056, -0.4427648186683655], [0.8127224445343018, -0.5650009512901306, 0.1423216462135315, 0.4841221868991852], [0.0, 0.0, 0.0, 1.0]]}, "finger5joint3": {"matrix": [[-0.655936062335968, -0.7491560578346252, -0.09226268529891968, -1.9185832738876343], [0.10587567836046219, 0.02970731444656849, -0.9939354062080383, -0.5479564070701599], [0.7473538517951965, -0.6617263555526733, 0.059831179678440094, 0.095777228474617], [0.0, 0.0, 0.0, 1.0]]}, "Bone": {"matrix": [[0.8566685318946838, -0.12213153392076492, -0.5012010931968689, -1.660119891166687], [0.32133880257606506, 0.8863895535469055, 0.33324894309043884, 0.038137078285217285], [0.4035591781139374, -0.44653913378715515, 0.7985877394676208, 0.8546854257583618], [0.0, 0.0, 0.0, 1.0]]}, "finger1joint1": {"matrix": [[0.03724288567900658, -0.9965730905532837, -0.07385572046041489, -1.761756181716919], [0.9939002394676208, 0.02926294133067131, 0.10632967948913574, 0.7757794857025146], [-0.10380395501852036, -0.07736512273550034, 0.9915841221809387, 0.48308107256889343], [0.0, 0.0, 0.0, 1.0]]}, "finger1joint2": {"matrix": [[0.07788466662168503, -0.2964775562286377, -0.9518585801124573, -2.324997901916504], [0.9135489463806152, -0.3610795736312866, 0.18721628189086914, 0.7923182845115662], [-0.39920204877853394, -0.8841506838798523, 0.24272431433200836, 0.4393559694290161], [0.0, 0.0, 0.0, 1.0]]}, "finger1joint3": {"matrix": [[-0.008089160546660423, 0.7583815455436707, -0.651760458946228, -2.4520928859710693], [0.940440833568573, -0.21575301885604858, -0.262719988822937, 0.6375294923782349], [-0.3398612141609192, -0.6150674223899841, -0.7114676237106323, 0.06033511459827423], [0.0, 0.0, 0.0, 1.0]]}, "Bone.001": {"matrix": [[0.6993844509124756, -0.5825314521789551, -0.4141475260257721, -1.6601197719573975], [0.6391736268997192, 0.7690587043762207, -0.0023489624727517366, 0.038137078285217285], [0.3198721706867218, -0.263069212436676, 0.9102065563201904, 0.8546854257583618], [0.0, 0.0, 0.0, 1.0]]}, "finger2joint1": {"matrix": [[0.14017510414123535, -0.1996452659368515, -0.9697898626327515, -2.0293772220611572], [0.9850375652313232, 0.12729714810848236, 0.11617306619882584, 0.5256308317184448], [0.1002582237124443, -0.9715640544891357, 0.21450212597846985, 0.687930166721344], [0.0, 0.0, 0.0, 1.0]]}, "finger2joint2": {"matrix": [[0.21056510508060455, -0.08192765712738037, -0.9741405844688416, -2.2021000385284424], [0.9775448441505432, 0.009219990111887455, 0.2105254977941513, 0.6357618570327759], [-0.008266158401966095, -0.9965953826904297, 0.08202949911355972, -0.1526174545288086], [0.0, 0.0, 0.0, 1.0]]}, "finger2joint3": {"matrix": [[0.2859729826450348, 0.1110292449593544, -0.9517833590507507, -2.233201026916504], [0.9494036436080933, -0.16738982498645782, 0.2657313048839569, 0.6392619013786316], [-0.12981478869915009, -0.9796186685562134, -0.15328040719032288, -0.5309414863586426], [0.0, 0.0, 0.0, 1.0]]}, "Bone.002": {"matrix": [[0.10154863446950912, -0.946923017501831, -0.3049989640712738, -1.6601200103759766], [0.9943322539329529, 0.10631276667118073, 0.000993528519757092, 0.03813708573579788], [0.031484637409448624, -0.30337101221084595, 0.9523520469665527, 0.8546854257583618], [0.0, 0.0, 0.0, 1.0]]}, "finger3joint1": {"matrix": [[0.16796062886714935, -0.9141680598258972, -0.368897944688797, -2.0592575073242188], [0.982134222984314, 0.12296389788389206, 0.14245164394378662, 0.08294897526502609], [-0.08486347645521164, -0.3862333595752716, 0.9184888005256653, 0.7268114686012268], [0.0, 0.0, 0.0, 1.0]]}, "finger3joint2": {"matrix": [[0.035479698330163956, 0.5393722653388977, -0.8413195610046387, -2.8611488342285156], [0.9829469919204712, -0.1708284169435501, -0.06806630641222, 0.1908106505870819], [-0.18043416738510132, -0.8245575428009033, -0.5362350344657898, 0.3880147337913513], [0.0, 0.0, 0.0, 1.0]]}, "finger3joint3": {"matrix": [[0.20317038893699646, 0.9767229557037354, -0.06880314648151398, -2.512131690979004], [0.9706915616989136, -0.21013152599334717, -0.11663061380386353, 0.08027093857526779], [-0.12837336957454681, -0.04309109225869179, -0.9907891154289246, -0.1455402374267578], [0.0, 0.0, 0.0, 1.0]]}, "Bone.003": {"matrix": [[-0.5834447145462036, -0.6471177935600281, 0.490744948387146, -1.6601200103759766], [0.719016432762146, -0.692537248134613, -0.05837401747703552, 0.038137078285217285], [0.377634197473526, 0.31879565119743347, 0.869345486164093, 0.8546854257583618], [0.0, 0.0, 0.0, 1.0]]}, "finger4joint1": {"matrix": [[-0.41342732310295105, -0.6195403933525085, -0.6672683358192444, -1.9374871253967285], [0.7719724774360657, -0.6270995736122131, 0.10394458472728729, -0.25869786739349365], [-0.4828414022922516, -0.4721393287181854, 0.7375284433364868, 0.9913274049758911], [0.0, 0.0, 0.0, 1.0]]}, "finger4joint2": {"matrix": [[-0.4403284192085266, 0.2450733482837677, -0.8637415170669556, -2.552913188934326], [0.7592576742172241, -0.4118248522281647, -0.5039125084877014, -0.881632924079895], [-0.47920557856559753, -0.8776896595954895, -0.004735558293759823, 0.5223235487937927], [0.0, 0.0, 0.0, 1.0]]}, "finger4joint3": {"matrix": [[-0.4464937746524811, 0.586210310459137, -0.6760179400444031, -2.450702428817749], [0.798153281211853, -0.08058441430330276, -0.5970403552055359, -1.0533897876739502], [-0.40446752309799194, -0.8061410188674927, -0.43190526962280273, 0.1562717705965042], [0.0, 0.0, 0.0, 1.0]]}}