{"root": {"matrix": [[0.5864277482032776, -0.7235444784164429, 0.36412346363067627, 0.0], [0.6370575428009033, 0.13435588777065277, -0.7590165734291077, 1.4901161193847656e-08], [0.5002601742744446, 0.677075982093811, 0.5397294163703918, 5.960464477539063e-08], [0.0, 0.0, 0.0, 1.0]]}, "carpals": {"matrix": [[-0.34085264801979065, -0.7130144834518433, -0.6127229928970337, 0.5770368576049805], [0.8935854434967041, -0.44822409749031067, 0.024496152997016907, 1.6575322151184082], [-0.29210329055786133, -0.5391707420349121, 0.7899178862571716, 1.7333786487579346], [0.0, 0.0, 0.0, 1.0]]}, "metacarpals": {"matrix": [[-0.5103064179420471, -0.7802634835243225, -0.3616296052932739, -0.11743485927581787], [0.8372827172279358, -0.5467671751976013, -0.0017925044521689415, 1.2209645509719849], [-0.1963285207748413, -0.30370086431503296, 0.9323199987411499, 1.208229422569275], [0.0, 0.0, 0.0, 1.0]]}, "finger5joint1": {"matrix": [[-0.12756983935832977, -0.8823567032814026, -0.4529593884944916, -0.32440346479415894], [0.9878467321395874, -0.07214728742837906, -0.1376718133687973, 0.7627642750740051], [0.08879587799310684, -0.4650171399116516, 0.880837082862854, 0.6858394742012024], [0.0, 0.0, 0.0, 1.0]]}, "finger5joint2": {"matrix": [[-0.3852483928203583, -0.8935343623161316, -0.23060612380504608, -1.2564122676849365], [-0.1638348549604416, 0.3121514320373535, -0.9357988238334656, 0.6865571737289429], [0.90815269947052, -0.32273349165916443, -0.26664796471595764, 0.19465474784374237], [0.0, 0.0, 0.0, 1.0]]}, "finger5joint3": {"matrix": [[-0.4536994993686676, -0.7694143652915955, -0.4496193528175354, -1.8705699443817139], [-0.08220916241407394, 0.5385206937789917, -0.8385921716690063, 0.9011098146438599], [0.8873544335365295, -0.3435059189796448, -0.30757948756217957, -0.027171269059181213], [0.0, 0.0, 0.0, 1.0]]}, "Bone": {"matrix": [[0.7198297381401062, -0.5687233805656433, -0.3979931175708771, -1.3356428146362305], [0.6677034497261047, 0.7240480184555054, 0.17299269139766693, 0.36730921268463135], [0.1897810697555542, -0.39026662707328796, 0.9009299278259277, 0.7340681552886963], [0.0, 0.0, 0.0, 1.0]]}, "finger1joint1": {"matrix": [[-0.4082777500152588, -0.9123950600624084, 0.029054511338472366, -1.8089275360107422], [0.9072144627571106, -0.4020145535469055, 0.12387944012880325, 0.9698530435562134], [-0.10134663432836533, 0.07693598419427872, 0.9918716549873352, 0.4092930853366852], [0.0, 0.0, 0.0, 1.0]]}, "finger1joint2": {"matrix": [[-0.3794071078300476, -0.23868539929389954, -0.8939123153686523, -2.3245935440063477], [0.8342792391777039, -0.5059845447540283, -0.21899265050888062, 0.7426431179046631], [-0.4000355005264282, -0.8288598656654358, 0.391104519367218, 0.45277559757232666], [0.0, 0.0, 0.0, 1.0]]}, "finger1joint3": {"matrix": [[-0.4589722752571106, 0.688034176826477, -0.5620970726013184, -2.4269139766693115], [0.825810432434082, 0.09702622145414352, -0.555538535118103, 0.5257358551025391], [-0.3276914060115814, -0.7191624641418457, -0.6127181053161621, 0.09745700657367706], [0.0, 0.0, 0.0, 1.0]]}, "Bone.001": {"matrix": [[0.4327150881290436, -0.8873012661933899, -0.1595422923564911, -1.3356428146362305], [0.8887285590171814, 0.4495552182197571, -0.0897856056690216, 0.36730921268463135], [0.151389941573143, -0.10293811559677124, 0.9830994009971619, 0.7340681552886963], [0.0, 0.0, 0.0, 1.0]]}, "finger2joint1": {"matrix": [[-0.27405497431755066, -0.30954423546791077, -0.910535991191864, -1.8980885744094849], [0.9577468633651733, -0.0019386104540899396, -0.28760549426078796, 0.6522749066352844], [0.08726150542497635, -0.9508828520774841, 0.29699644446372986, 0.668817400932312], [0.0, 0.0, 0.0, 1.0]]}, "finger2joint2": {"matrix": [[-0.21560201048851013, -0.1557764708995819, -0.9639756679534912, -2.165890693664551], [0.9761105179786682, -0.06158386170864105, -0.20836415886878967, 0.6505977511405945], [-0.026907065883278847, -0.9858704805374146, 0.16533277928829193, -0.1538379192352295], [0.0, 0.0, 0.0, 1.0]]}, "finger2joint3": {"matrix": [[-0.14504410326480865, 0.09376294910907745, -0.9849722385406494, -2.2250256538391113], [0.977292537689209, -0.14184273779392242, -0.15741564333438873, 0.6272194981575012], [-0.15447087585926056, -0.985438346862793, -0.07106028497219086, -0.5280905961990356], [0.0, 0.0, 0.0, 1.0]]}, "Bone.002": {"matrix": [[-0.3060687482357025, -0.9504373073577881, -0.05468566715717316, -1.335642695426941], [0.9517722725868225, -0.3042050898075104, -0.03986054286360741, 0.36730921268463135], [0.02124934084713459, -0.0642482191324234, 0.9977075457572937, 0.7340681552886963], [0.0, 0.0, 0.0, 1.0]]}, "finger3joint1": {"matrix": [[-0.21478921175003052, -0.9716802835464478, -0.09850244224071503, -1.7362618446350098], [0.9715332388877869, -0.22289301455020905, 0.08026238530874252, 0.23908370733261108], [-0.09994485229253769, -0.0784587562084198, 0.9918946623802185, 0.7069869041442871], [0.0, 0.0, 0.0, 1.0]]}, "finger3joint2": {"matrix": [[-0.36174654960632324, 0.17643512785434723, -0.9154287576675415, -2.588601589202881], [0.9202122092247009, -0.08988266438245773, -0.38096022605895996, 0.043566081672906876], [-0.14949586987495422, -0.9801997542381287, -0.12984280288219452, 0.638164222240448], [0.0, 0.0, 0.0, 1.0]]}, "finger3joint3": {"matrix": [[-0.19344699382781982, 0.8608162999153137, -0.47071555256843567, -2.4744338989257812], [0.9655622243881226, 0.0819610208272934, -0.24692530930042267, -0.014595221728086472], [-0.17397698760032654, -0.502272367477417, -0.8470267653465271, 0.0038962960243225098], [0.0, 0.0, 0.0, 1.0]]}, "Bone.003": {"matrix": [[-0.722625732421875, -0.22005879878997803, 0.6552754044532776, -1.33564293384552], [0.4574603736400604, -0.8629252910614014, 0.21468576788902283, 0.36730921268463135], [0.5182103514671326, 0.4549000561237335, 0.7242401838302612, 0.7340680956840515], [0.0, 0.0, 0.0, 1.0]]}, "finger4joint1": {"matrix": [[-0.6375557780265808, -0.5876431465148926, -0.49819427728652954, -1.4299640655517578], [0.7203306555747986, -0.6840344071388245, -0.11498076468706131, -0.0025573372840881348], [-0.27321431040763855, -0.4321712851524353, 0.8594076633453369, 0.929047167301178], [0.0, 0.0, 0.0, 1.0]]}, "finger4joint2": {"matrix": [[-0.6603601574897766, -0.33095231652259827, -0.6740878224372864, -2.013705015182495], [0.7021064758300781, -0.5905457139015198, -0.3978719413280487, -0.6820490956306458], [-0.2664029598236084, -0.7360202670097351, 0.6223368644714355, 0.4997458755970001], [0.0, 0.0, 0.0, 1.0]]}, "finger4joint3": {"matrix": [[-0.6206320524215698, -0.17690035700798035, -0.7638857960700989, -2.151732921600342], [0.7545111179351807, -0.39984557032585144, -0.5204193592071533, -0.9283437728881836], [-0.21337388455867767, -0.8993493914604187, 0.38163048028945923, 0.19277915358543396], [0.0, 0.0, 0.0, 1.0]]}}