{"root": {"matrix": [[0.4012058973312378, -0.2642733156681061, -0.8770367503166199, 0.0], [-0.2565094828605652, -0.951582133769989, 0.1693938821554184, -5.960464477539063e-08], [-0.879338800907135, 0.15700633823871613, -0.4495689868927002, 0.0], [0.0, 0.0, 0.0, 1.0]]}, "carpals": {"matrix": [[0.6476041674613953, -0.7308664321899414, -0.21550624072551727, 0.7472436428070068], [0.6470058560371399, 0.6768296957015991, -0.3511192798614502, -1.5305578708648682], [0.4024823307991028, 0.08795256912708282, 0.9111925363540649, -1.784377932548523], [0.0, 0.0, 0.0, 1.0]]}, "metacarpals": {"matrix": [[0.047739334404468536, -0.7073521614074707, 0.7052473425865173, 0.035384178161621094], [0.9685028195381165, 0.2055237740278244, 0.14057762920856476, -0.8713299036026001], [-0.24438290297985077, 0.6763229370117188, 0.6948840618133545, -1.6987128257751465], [0.0, 0.0, 0.0, 1.0]]}, "finger5joint1": {"matrix": [[-0.5995728969573975, -0.6878305077552795, 0.4091472327709198, -0.6667724847793579], [0.7349549531936646, -0.6755700707435608, -0.05870398133993149, -0.9818118214607239], [0.316785991191864, 0.26550742983818054, 0.9105778336524963, -1.5557279586791992], [0.0, 0.0, 0.0, 1.0]]}, "finger5joint2": {"matrix": [[0.3669803738594055, -0.8001755475997925, -0.47438791394233704, -1.3933087587356567], [0.002036660211160779, 0.5106591582298279, -0.8597806096076965, -1.6953977346420288], [0.9302261471748352, 0.31455641984939575, 0.18903149664402008, -1.2752797603607178], [0.0, 0.0, 0.0, 1.0]]}, "finger5joint3": {"matrix": [[0.3162350356578827, -0.7197856903076172, -0.617983341217041, -1.9432973861694336], [0.09703193604946136, 0.6725379228591919, -0.7336736917495728, -1.344403862953186], [0.9437052011489868, 0.17204922437667847, 0.28252217173576355, -1.0590740442276], [0.0, 0.0, 0.0, 1.0]]}, "Bone": {"matrix": [[0.6440276503562927, -0.18372009694576263, 0.7426137328147888, -1.0689888000488281], [-0.06460266560316086, 0.954205334186554, 0.292093425989151, -0.5504502058029175], [-0.7622693181037903, -0.2360909879207611, 0.6026657819747925, -0.6427848935127258], [0.0, 0.0, 0.0, 1.0]]}, "finger1joint1": {"matrix": [[0.6764113903045654, -0.5977963805198669, 0.4302406311035156, -1.2218785285949707], [0.571635901927948, 0.7944501042366028, 0.205137237906456, 0.24362769722938538], [-0.4644348919391632, 0.10718381404876709, 0.8790968656539917, -0.8392569422721863], [0.0, 0.0, 0.0, 1.0]]}, "finger1joint2": {"matrix": [[0.5251234769821167, -0.7443084120750427, 0.41261395812034607, -1.5597400665283203], [0.4660331904888153, 0.6571877598762512, 0.5923826694488525, 0.6926336288452148], [-0.7120801210403442, -0.11878227442502975, 0.6919770836830139, -0.7786789536476135], [0.0, 0.0, 0.0, 1.0]]}, "finger1joint3": {"matrix": [[0.5911614894866943, -0.8064894676208496, 0.01013903133571148, -1.8788129091262817], [0.49920395016670227, 0.37573516368865967, 0.7807806730270386, 0.9743592739105225], [-0.633500874042511, -0.4565059542655945, 0.6247228384017944, -0.8295989036560059], [0.0, 0.0, 0.0, 1.0]]}, "Bone.001": {"matrix": [[0.6266907453536987, -0.13937103748321533, 0.7667034864425659, -1.0689888000488281], [0.29694053530693054, 0.9523562788963318, -0.06959537416696548, -0.5504502058029175], [-0.7204752564430237, 0.2712801992893219, 0.6382177472114563, -0.6427849531173706], [0.0, 0.0, 0.0, 1.0]]}, "finger2joint1": {"matrix": [[0.3699309527873993, -0.3926963210105896, 0.8419860601425171, -1.1573338508605957], [0.7829318642616272, 0.619673490524292, -0.054973866790533066, 0.05323284864425659], [-0.5001683235168457, 0.679554283618927, 0.536690890789032, -0.47082480788230896], [0.0, 0.0, 0.0, 1.0]]}, "finger2joint2": {"matrix": [[0.25350335240364075, -0.9422970414161682, 0.21865995228290558, -1.4970747232437134], [0.8374781608581543, 0.3269183337688446, 0.43789783120155334, 0.5893427729606628], [-0.4841137230396271, 0.07211433351039886, 0.8720280528068542, 0.1170908510684967], [0.0, 0.0, 0.0, 1.0]]}, "finger2joint3": {"matrix": [[0.12319266051054001, -0.692026674747467, -0.7112822532653809, -1.8547861576080322], [0.8269481658935547, -0.32464873790740967, 0.4590856432914734, 0.7134462594985962], [-0.548616349697113, -0.6447495818138123, 0.5322757959365845, 0.14446663856506348], [0.0, 0.0, 0.0, 1.0]]}, "Bone.002": {"matrix": [[0.33987221121788025, -0.44388681650161743, 0.8291268348693848, -1.0689889192581177], [0.8779376149177551, 0.4658541977405548, -0.11047766357660294, -0.5504502058029175], [-0.33721256256103516, 0.7654698491096497, 0.5480358004570007, -0.6427849531173706], [0.0, 0.0, 0.0, 1.0]]}, "finger3joint1": {"matrix": [[0.2731466591358185, -0.2620662450790405, 0.9255874752998352, -1.2560917139053345], [0.8177920579910278, 0.5699309706687927, -0.07996802777051926, -0.3540880084037781], [-0.5065639615058899, 0.7787808775901794, 0.36999037861824036, -0.32013171911239624], [0.0, 0.0, 0.0, 1.0]]}, "finger3joint2": {"matrix": [[0.1921573281288147, -0.9175199270248413, -0.3481849133968353, -1.485971450805664], [0.9001014232635498, 0.023414045572280884, 0.43505075573921204, 0.14584492146968842], [-0.39101526141166687, -0.39699995517730713, 0.8303600549697876, 0.3630005121231079], [0.0, 0.0, 0.0, 1.0]]}, "finger3joint3": {"matrix": [[0.20221102237701416, -0.3522166311740875, -0.9138129949569702, -2.0796802043914795], [0.8141602873802185, -0.4581274390220642, 0.3567383289337158, 0.1609956920146942], [-0.5442919135093689, -0.8161265850067139, 0.19412216544151306, 0.10610964894294739], [0.0, 0.0, 0.0, 1.0]]}, "Bone.003": {"matrix": [[0.4449007213115692, -0.03455057367682457, 0.8949132561683655, -1.0689889192581177], [0.7662397027015686, -0.5026010870933533, -0.40033575892448425, -0.5504502058029175], [0.46361613273620605, 0.8638275861740112, -0.19713352620601654, -0.6427848935127258], [0.0, 0.0, 0.0, 1.0]]}, "finger4joint1": {"matrix": [[-0.2921999394893646, -0.663068950176239, 0.6891723871231079, -1.0837979316711426], [0.9530904293060303, -0.26140886545181274, 0.15259020030498505, -0.7658747434616089], [0.07897791266441345, 0.7014303803443909, 0.708348274230957, -0.2725316286087036], [0.0, 0.0, 0.0, 1.0]]}, "finger4joint2": {"matrix": [[-0.29396024346351624, -0.8329752683639526, -0.46876367926597595, -1.7424633502960205], [0.9496163725852966, -0.19874422252178192, -0.24234077334403992, -1.0255476236343384], [0.108699731528759, -0.5163843035697937, 0.8494298458099365, 0.4242405891418457], [0.0, 0.0, 0.0, 1.0]]}, "finger4joint3": {"matrix": [[-0.21681205928325653, -0.3346896767616272, -0.9170469641685486, -2.0898666381835938], [0.9662936925888062, 0.05999750271439552, -0.25035226345062256, -1.1084364652633667], [0.13881079852581024, -0.9404162168502808, 0.3104003071784973, 0.2088758796453476], [0.0, 0.0, 0.0, 1.0]]}}