{"root": {"matrix": [[0.21026597917079926, -0.7503030896186829, 0.6267642974853516, 0.0], [0.8137403130531311, -0.2210131138563156, -0.5375684499740601, 1.4901161193847656e-08], [0.5418624877929688, 0.6230557560920715, 0.5640802979469299, -5.960464477539063e-08], [0.0, 0.0, 0.0, 1.0]]}, "carpals": {"matrix": [[-0.31104961037635803, -0.8423914909362793, -0.44002774357795715, -0.329362690448761], [0.7601412534713745, 0.057398613542318344, -0.6472175121307373, 1.6843581199645996], [0.5704675316810608, -0.5357999801635742, 0.6224828362464905, 1.7718474864959717], [0.0, 0.0, 0.0, 1.0]]}, "metacarpals": {"matrix": [[-0.9865578413009644, -0.16102424263954163, 0.0278317853808403, -1.1498469114303589], [0.12308443337678909, -0.8442637324333191, -0.5216021537780762, 1.7402641773223877], [0.10748806595802307, -0.5111650824546814, 0.8527345657348633, 1.2499816417694092], [0.0, 0.0, 0.0, 1.0]]}, "finger5joint1": {"matrix": [[-0.8666161894798279, -0.49810659885406494, 0.029425865039229393, -1.0800806283950806], [0.20709434151649475, -0.4127071797847748, -0.887008786201477, 1.451441764831543], [0.4539693295955658, -0.7626022100448608, 0.4608137905597687, 0.5886275172233582], [0.0, 0.0, 0.0, 1.0]]}, "finger5joint2": {"matrix": [[0.0954737663269043, -0.47665438055992126, 0.8738905787467957, -1.6062169075012207], [-0.8672055602073669, -0.4708369970321655, -0.1620699018239975, 1.0155106782913208], [0.4887114465236664, -0.7423693537712097, -0.45831024646759033, -0.21688812971115112], [0.0, 0.0, 0.0, 1.0]]}, "finger5joint3": {"matrix": [[0.0023018214851617813, -0.640130341053009, 0.7682624459266663, -1.933838129043579], [-0.8971298336982727, -0.34071168303489685, -0.28119951486587524, 0.6918878555297852], [0.44176042079925537, -0.6885839104652405, -0.5750645995140076, -0.7271445989608765], [0.0, 0.0, 0.0, 1.0]]}, "Bone": {"matrix": [[0.0037670303136110306, -0.991228461265564, -0.13210517168045044, -1.4012504816055298], [0.8941946625709534, 0.062478404492139816, -0.4432969093322754, 0.4221339821815491], [0.44766226410865784, -0.1164577454328537, 0.8865865468978882, 0.45191097259521484], [0.0, 0.0, 0.0, 1.0]]}, "finger1joint1": {"matrix": [[-0.7456247806549072, -0.5162034034729004, -0.4213995039463043, -2.2261385917663574], [0.3165796399116516, 0.282051682472229, -0.9056621789932251, 0.47412779927253723], [0.5863624215126038, -0.8086906671524048, -0.0468851663172245, 0.3549962639808655], [0.0, 0.0, 0.0, 1.0]]}, "finger1joint2": {"matrix": [[-0.5714479088783264, 0.1900816112756729, -0.7983207702636719, -2.517885446548462], [0.5715783834457397, 0.7902293801307678, -0.2209877222776413, 0.633537232875824], [0.5888509154319763, -0.5825859308242798, -0.5602214336395264, -0.10205814242362976], [0.0, 0.0, 0.0, 1.0]]}, "finger1joint3": {"matrix": [[-0.6559451818466187, 0.751746654510498, 0.06791754066944122, -2.4364006519317627], [0.5168817043304443, 0.38178694248199463, 0.7662062048912048, 0.9722956418991089], [0.5500630140304565, 0.53769451379776, -0.638995349407196, -0.351803183555603], [0.0, 0.0, 0.0, 1.0]]}, "Bone.001": {"matrix": [[-0.3473975360393524, -0.908690869808197, 0.23150691390037537, -1.4012504816055298], [0.8037018179893494, -0.41572070121765137, -0.42572230100631714, 0.42213404178619385], [0.4830922782421112, 0.03816772624850273, 0.8747369050979614, 0.45191097259521484], [0.0, 0.0, 0.0, 1.0]]}, "finger2joint1": {"matrix": [[-0.9591664671897888, -0.2695922553539276, -0.08555299043655396, -1.977254867553711], [0.23882082104682922, -0.6098878979682922, -0.7556461691856384, 0.15861546993255615], [0.15153871476650238, -0.7452223896980286, 0.6493683457374573, 0.47610485553741455], [0.0, 0.0, 0.0, 1.0]]}, "finger2joint2": {"matrix": [[-0.9675886034965515, -0.10628025978803635, -0.2290778011083603, -2.2104921340942383], [0.25149428844451904, -0.32341188192367554, -0.9122253656387329, -0.3690284192562103], [0.022865161299705505, -0.9402706027030945, 0.33965858817100525, -0.16862347722053528], [0.0, 0.0, 0.0, 1.0]]}, "finger2joint3": {"matrix": [[-0.9490280151367188, 0.09148985147476196, -0.3016206920146942, -2.250838041305542], [0.2932373285293579, -0.09460676461458206, -0.9513469934463501, -0.49180084466934204], [-0.11557387560606003, -0.9913015365600586, 0.0629562959074974, -0.5255656838417053], [0.0, 0.0, 0.0, 1.0]]}, "Bone.002": {"matrix": [[-0.8861986398696899, -0.38108229637145996, 0.26349207758903503, -1.4012504816055298], [0.2927999794483185, -0.9014168977737427, -0.31892892718315125, 0.42213404178619385], [0.3590545058250427, -0.2054838240146637, 0.9104152917861938, 0.45191097259521484], [0.0, 0.0, 0.0, 1.0]]}, "finger3joint1": {"matrix": [[-0.30952560901641846, -0.8679050803184509, 0.3885031044483185, -1.561880350112915], [0.887411892414093, -0.4104293882846832, -0.2098754644393921, 0.04217773675918579], [0.3416050970554352, 0.2798006236553192, 0.8972275853157043, 0.36529743671417236], [0.0, 0.0, 0.0, 1.0]]}, "finger3joint2": {"matrix": [[-0.45770207047462463, -0.17982883751392365, -0.8707297444343567, -2.323190689086914], [0.8188148736953735, 0.29638978838920593, -0.49162501096725464, -0.31784331798553467], [0.3464837968349457, -0.9379842877388, 0.011588548310101032, 0.6107334494590759], [0.0, 0.0, 0.0, 1.0]]}, "finger3joint3": {"matrix": [[-0.3131086230278015, 0.7538455724716187, -0.5776501297950745, -2.439554452896118], [0.9035099744796753, 0.4238516390323639, 0.06339844316244125, -0.12605534493923187], [0.2926305830478668, -0.5020623803138733, -0.8138185739517212, 0.0037822574377059937], [0.0, 0.0, 0.0, 1.0]]}, "Bone.003": {"matrix": [[-0.6457833647727966, 0.6228067278862, 0.4416733980178833, -1.4012504816055298], [-0.43986085057258606, -0.7762997150421143, 0.4515320360660553, 0.42213401198387146], [0.6240881681442261, 0.09731701016426086, 0.7752697467803955, 0.45191097259521484], [0.0, 0.0, 0.0, 1.0]]}, "finger4joint1": {"matrix": [[-0.7854036092758179, -0.6037786602973938, 0.1363530457019806, -1.1343034505844116], [0.54839688539505, -0.7809041142463684, -0.2990807294845581, 0.08939683437347412], [0.28705736994743347, -0.16012343764305115, 0.9444353580474854, 0.49362292885780334], [0.0, 0.0, 0.0, 1.0]]}, "finger4joint2": {"matrix": [[-0.7962582111358643, -0.5978031158447266, -0.0927569642663002, -1.7340724468231201], [0.5244743824005127, -0.6057475805282593, -0.5983277559280396, -0.6863213181495667], [0.3014950454235077, -0.5250720381736755, 0.7958641648292542, 0.33456286787986755], [0.0, 0.0, 0.0, 1.0]]}, "finger4joint3": {"matrix": [[-0.7423669695854187, -0.6065306067466736, -0.28462502360343933, -1.983393907546997], [0.5817089676856995, -0.3727162182331085, -0.7229777574539185, -0.938956081867218], [0.3324238955974579, -0.7022838592529297, 0.6295167803764343, 0.11557480692863464], [0.0, 0.0, 0.0, 1.0]]}}