{"root": {"matrix": [[0.3350282907485962, -0.8803255558013916, 0.3358316719532013, -5.960464477539063e-08], [-0.07961814105510712, -0.38160672783851624, -0.9208893775939941, 0.0], [0.9388381242752075, 0.28178566694259644, -0.19793900847434998, 0.0], [0.0, 0.0, 0.0, 1.0]]}, "carpals": {"matrix": [[-0.6463954448699951, -0.35616159439086914, -0.674775242805481, -0.14177557826042175], [0.719085693359375, 0.011341704055666924, -0.6948287487030029, -0.45004498958587646], [0.25512465834617615, -0.9343553781509399, 0.24877941608428955, 2.4212279319763184], [0.0, 0.0, 0.0, 1.0]]}, "metacarpals": {"matrix": [[-0.7717651724815369, -0.6209789514541626, -0.13697978854179382, -0.48867475986480713], [0.42056506872177124, -0.33686310052871704, -0.842406153678894, -0.4389982223510742], [0.4769732356071472, -0.7077487111091614, 0.5211411118507385, 1.5111714601516724], [0.0, 0.0, 0.0, 1.0]]}, "finger5joint1": {"matrix": [[-0.674790620803833, -0.6289355158805847, -0.3861314058303833, -0.6512812376022339], [0.23264287412166595, 0.31525471806526184, -0.9200497269630432, -0.3584918975830078], [0.7003819346427917, -0.7106715440750122, -0.0664137452840805, 0.8092078566551208], [0.0, 0.0, 0.0, 1.0]]}, "finger5joint2": {"matrix": [[-0.5079334378242493, -0.8123700022697449, 0.28645750880241394, -1.315608263015747], [-0.85544753074646, 0.5147310495376587, -0.05710534378886223, -0.02549704909324646], [-0.10105806589126587, -0.2740548253059387, -0.9563894271850586, 0.05854526162147522], [0.0, 0.0, 0.0, 1.0]]}, "finger5joint3": {"matrix": [[-0.596551239490509, -0.7955937385559082, 0.10562460869550705, -1.873978853225708], [-0.7992117404937744, 0.600919783115387, 0.01247122697532177, 0.32829564809799194], [-0.0733940452337265, -0.07697636634111404, -0.9943276047706604, -0.129822239279747], [0.0, 0.0, 0.0, 1.0]]}, "Bone": {"matrix": [[0.5036496520042419, -0.8324670791625977, -0.23094460368156433, -1.458195447921753], [0.4678044021129608, 0.4875408709049225, -0.7371992468833923, -0.9649350047111511], [0.7262890934944153, 0.26325345039367676, 0.6349814534187317, 0.40617913007736206], [0.0, 0.0, 0.0, 1.0]]}, "finger1joint1": {"matrix": [[-0.6770227551460266, -0.6431745290756226, -0.35772407054901123, -2.1509642601013184], [0.4378857910633087, 0.03863515704870224, -0.8981999754905701, -0.5592095851898193], [0.5915202498435974, -0.7647440433502197, 0.25547999143600464, 0.6252554059028625], [0.0, 0.0, 0.0, 1.0]]}, "finger1joint2": {"matrix": [[-0.5229641199111938, 0.19141918420791626, -0.830582320690155, -2.514472484588623], [0.6896966099739075, 0.6676039099693298, -0.2803988754749298, -0.5373738408088684], [0.5008264780044556, -0.7194883227348328, -0.4811539947986603, 0.193038672208786], [0.0, 0.0, 0.0, 1.0]]}, "finger1joint3": {"matrix": [[-0.6110597252845764, 0.6658773422241211, -0.42803409695625305, -2.4324142932891846], [0.6327947378158569, 0.735778272151947, 0.2412489950656891, -0.25118303298950195], [0.4755806624889374, -0.12344012409448624, -0.8709680438041687, -0.11539413034915924], [0.0, 0.0, 0.0, 1.0]]}, "Bone.001": {"matrix": [[0.16135740280151367, -0.9829391241073608, 0.08828462660312653, -1.4581952095031738], [0.5147597789764404, 0.0075017185881733894, -0.8573014736175537, -0.9649350643157959], [0.8420130610466003, 0.18377742171287537, 0.5071878433227539, 0.40617915987968445], [0.0, 0.0, 0.0, 1.0]]}, "finger2joint1": {"matrix": [[-0.6851398348808289, -0.6736990213394165, -0.2769705653190613, -2.0812644958496094], [0.47773778438568115, -0.1285705864429474, -0.8690431118011475, -0.96017986536026], [0.5498634576797485, -0.7277354001998901, 0.409940242767334, 0.5226726531982422], [0.0, 0.0, 0.0, 1.0]]}, "finger2joint2": {"matrix": [[-0.7147167921066284, 0.22967246174812317, -0.6606286764144897, -2.664114475250244], [0.5424113869667053, 0.7783238291740417, -0.3162304759025574, -1.0714125633239746], [0.44155386090278625, -0.5843476057052612, -0.6808580160140991, -0.10692687332630157], [0.0, 0.0, 0.0, 1.0]]}, "finger2joint3": {"matrix": [[-0.6217500567436218, 0.7830511927604675, 0.01604120433330536, -2.5769269466400146], [0.6541754007339478, 0.5079413652420044, 0.5604014992713928, -0.7759480476379395], [0.43067529797554016, 0.35892343521118164, -0.8280653953552246, -0.3287547826766968], [0.0, 0.0, 0.0, 1.0]]}, "Bone.002": {"matrix": [[-0.5711196064949036, -0.8023461699485779, 0.17338642477989197, -1.4581953287124634], [0.38761910796165466, -0.4497929513454437, -0.8046351075172424, -0.9649350643157959], [0.7235840559005737, -0.3923349380493164, 0.5678901076316833, 0.40617918968200684], [0.0, 0.0, 0.0, 1.0]]}, "finger3joint1": {"matrix": [[-0.6986257433891296, -0.6602514982223511, -0.2756625711917877, -1.7963922023773193], [0.45134711265563965, -0.10773937404155731, -0.8858205080032349, -1.1545273065567017], [0.5551649332046509, -0.7432764172554016, 0.3732719421386719, 0.24080604314804077], [0.0, 0.0, 0.0, 1.0]]}, "finger3joint2": {"matrix": [[-0.7830109000205994, 0.02645816095173359, -0.6214448809623718, -2.3755528926849365], [0.46265238523483276, 0.6925656795501709, -0.5534487366676331, -1.2490342855453491], [0.4157484471797943, -0.7208691835403442, -0.5545274615287781, -0.4111822545528412], [0.0, 0.0, 0.0, 1.0]]}, "finger3joint3": {"matrix": [[-0.6650643348693848, 0.46337446570396423, -0.585639238357544, -2.3584322929382324], [0.5829170346260071, 0.8123034834861755, -0.019255274906754494, -0.8008886575698853], [0.4667947292327881, -0.3541850447654724, -0.8103427886962891, -0.8776425123214722], [0.0, 0.0, 0.0, 1.0]]}, "Bone.003": {"matrix": [[-0.7006254196166992, 0.1568375676870346, 0.696078896522522, -1.4581953287124634], [-0.4057244062423706, -0.8900526762008667, -0.20783154666423798, -0.9649350643157959], [0.5869510769844055, -0.4280284643173218, 0.6872262358665466, 0.40617918968200684], [0.0, 0.0, 0.0, 1.0]]}, "finger4joint1": {"matrix": [[-0.7006447315216064, -0.6978486180305481, -0.14867357909679413, -1.3909716606140137], [0.45587605237960815, -0.2775372862815857, -0.8456652760505676, -1.3464289903640747], [0.5488842129707336, -0.6602877378463745, 0.5125874280929565, 0.22271788120269775], [0.0, 0.0, 0.0, 1.0]]}, "finger4joint2": {"matrix": [[-0.719197690486908, -0.29319292306900024, -0.6299142837524414, -2.084185838699341], [0.4329792261123657, 0.5199241638183594, -0.7363474369049072, -1.6221230030059814], [0.5433998107910156, -0.8023192286491394, -0.2469819039106369, -0.4331849217414856], [0.0, 0.0, 0.0, 1.0]]}, "finger4joint3": {"matrix": [[-0.6830446124076843, -0.03711145743727684, -0.7294328212738037, -2.206465721130371], [0.3989867866039276, 0.8175641298294067, -0.4152086079120636, -1.4052820205688477], [0.6117673516273499, -0.5746400356292725, -0.5436258316040039, -0.7678025364875793], [0.0, 0.0, 0.0, 1.0]]}}