{"root": {"matrix": [[0.5697330236434937, -0.5904139876365662, 0.5716779232025146, 0.0], [0.6738786101341248, -0.06255311518907547, -0.7361893057823181, -7.450580596923828e-09], [0.47041672468185425, 0.80467289686203, 0.36222872138023376, 0.0], [0.0, 0.0, 0.0, 1.0]]}, "carpals": {"matrix": [[-0.6091468930244446, -0.7139717936515808, -0.3452302813529968, 0.6462579369544983], [0.783193051815033, -0.4731348156929016, -0.40342533588409424, 1.545498013496399], [0.12469397485256195, -0.5161272287368774, 0.8473864793777466, 1.8107380867004395], [0.0, 0.0, 0.0, 1.0]]}, "metacarpals": {"matrix": [[-0.821528434753418, -0.5693496465682983, 0.030522551387548447, -0.04914635419845581], [0.44477778673171997, -0.673435389995575, -0.5904722213745117, 1.0846675634384155], [0.356740266084671, -0.47151392698287964, 0.8064804673194885, 1.3080332279205322], [0.0, 0.0, 0.0, 1.0]]}, "finger5joint1": {"matrix": [[-0.43741777539253235, -0.8919350504875183, -0.11453017592430115, -0.24246275424957275], [0.5699767470359802, -0.1764805167913437, -0.8024842739105225, 0.8652164936065674], [0.6955516934394836, -0.41630035638809204, 0.5855779647827148, 0.6445991396903992], [0.0, 0.0, 0.0, 1.0]]}, "finger5joint2": {"matrix": [[-0.07455980777740479, -0.9112251996994019, 0.4051032066345215, -1.1845890283584595], [-0.813759982585907, -0.1792096346616745, -0.5528818368911743, 0.6788049340248108], [0.5763984322547913, -0.37087953090667725, -0.728157103061676, 0.20487262308597565], [0.0, 0.0, 0.0, 1.0]]}, "finger5joint3": {"matrix": [[-0.18149098753929138, -0.9588013887405396, 0.21854093670845032, -1.8109060525894165], [-0.7952582240104675, 0.012374818325042725, -0.6061442494392395, 0.5556279420852661], [0.5784676671028137, -0.2838061451911926, -0.7647409439086914, -0.05004589259624481], [0.0, 0.0, 0.0, 1.0]]}, "Bone": {"matrix": [[0.43097466230392456, -0.8990137577056885, -0.07768379151821136, -0.9380592703819275], [0.7815502882003784, 0.4149189889431, -0.4658553898334503, 0.03324797749519348], [0.45104292035102844, 0.1400582194328308, 0.8814440965652466, 0.5718690752983093], [0.0, 0.0, 0.0, 1.0]]}, "finger1joint1": {"matrix": [[-0.32722824811935425, -0.7545758485794067, -0.5688028931617737, -1.6862074136734009], [0.52459317445755, 0.3555980622768402, -0.7735320925712585, 0.37853842973709106], [0.785953938961029, -0.5515115857124329, 0.2794836759567261, 0.688423752784729], [0.0, 0.0, 0.0, 1.0]]}, "finger1joint2": {"matrix": [[-0.12335667014122009, -0.3132403790950775, -0.9416280388832092, -2.1126773357391357], [0.727973997592926, 0.6162981390953064, -0.3003837764263153, 0.579514741897583], [0.6744159460067749, -0.7225350737571716, 0.15200647711753845, 0.3767213821411133], [0.0, 0.0, 0.0, 1.0]]}, "finger1joint3": {"matrix": [[-0.20650863647460938, 0.22232931852340698, -0.9528502225875854, -2.2469582557678223], [0.6707077622413635, 0.7412084937095642, 0.02758627012372017, 0.8437116146087646], [0.7123940587043762, -0.6333872675895691, -0.3021838366985321, 0.06698247790336609], [0.0, 0.0, 0.0, 1.0]]}, "Bone.001": {"matrix": [[0.08906572312116623, -0.9630038142204285, 0.25434333086013794, -0.9380590915679932], [0.815106987953186, -0.07628470659255981, -0.5742656588554382, 0.0332479402422905], [0.5724226236343384, 0.258464515209198, 0.7781568169593811, 0.5718691349029541], [0.0, 0.0, 0.0, 1.0]]}, "finger2joint1": {"matrix": [[-0.7446300983428955, -0.6398745775222778, 0.1899634599685669, -1.5484915971755981], [0.5381528735160828, -0.7438926100730896, -0.39625126123428345, -0.015107691287994385], [0.39486363530158997, -0.19283118844032288, 0.8982752561569214, 0.7357054948806763], [0.0, 0.0, 0.0, 1.0]]}, "finger2joint2": {"matrix": [[-0.8137995004653931, -0.4671657383441925, -0.3456678092479706, -2.1020781993865967], [0.5029827952384949, -0.2682616412639618, -0.8216105103492737, -0.6586856245994568], [0.29109904170036316, -0.8424911499023438, 0.45328760147094727, 0.5688778162002563], [0.0, 0.0, 0.0, 1.0]]}, "finger2joint3": {"matrix": [[-0.8278481364250183, 0.1521325260400772, -0.5399284958839417, -2.2794220447540283], [0.5402823090553284, 0.4751192629337311, -0.6945188641548157, -0.7605221271514893], [0.1508716493844986, -0.8666701316833496, -0.4755210876464844, 0.24905432760715485], [0.0, 0.0, 0.0, 1.0]]}, "Bone.002": {"matrix": [[-0.611639678478241, -0.71892249584198, 0.3302226960659027, -0.9380591511726379], [0.5399865508079529, -0.684421718120575, -0.48987898230552673, 0.033247947692871094], [0.5781967639923096, -0.12131352722644806, 0.806827962398529, 0.5718690752983093], [0.0, 0.0, 0.0, 1.0]]}, "finger3joint1": {"matrix": [[-0.10168527066707611, -0.96661776304245, 0.23518067598342896, -1.2410922050476074], [0.8219495415687561, -0.21480850875377655, -0.5274999737739563, -0.2552427053451538], [0.5604097843170166, 0.13966786861419678, 0.8163538575172424, 0.5207341909408569], [0.0, 0.0, 0.0, 1.0]]}, "finger3joint2": {"matrix": [[-0.26229578256607056, -0.3177037537097931, -0.9111887812614441, -2.088991403579712], [0.7974796295166016, 0.4603056013584137, -0.3900577127933502, -0.4436687231063843], [0.5433481931686401, -0.8289649486541748, 0.13262629508972168, 0.6432482600212097], [0.0, 0.0, 0.0, 1.0]]}, "finger3joint3": {"matrix": [[-0.1207660362124443, 0.30828016996383667, -0.943598747253418, -2.2945713996887207], [0.8735577464103699, 0.48449546098709106, 0.046486325562000275, -0.14581404626369476], [0.4715001881122589, -0.8186742067337036, -0.32781094312667847, 0.10684140026569366], [0.0, 0.0, 0.0, 1.0]]}, "Bone.003": {"matrix": [[-0.6003407835960388, 0.30236878991127014, 0.7403808236122131, -0.9380591511726379], [-0.2552541494369507, -0.9497965574264526, 0.1809193640947342, 0.033247947692871094], [0.7579156160354614, -0.08037204295396805, 0.6473825573921204, 0.5718690752983093], [0.0, 0.0, 0.0, 1.0]]}, "finger4joint1": {"matrix": [[-0.5822798609733582, -0.8031069040298462, 0.1263684332370758, -0.8084579706192017], [0.6587004065513611, -0.5571466684341431, -0.5056689977645874, -0.3738533854484558], [0.47651225328445435, -0.21120192110538483, 0.853422224521637, 0.5374200344085693], [0.0, 0.0, 0.0, 1.0]]}, "finger4joint2": {"matrix": [[-0.597987711429596, -0.7795788645744324, -0.18619030714035034, -1.606231451034546], [0.6358683109283447, -0.3200122117996216, -0.7023271322250366, -0.9273000359535217], [0.48793643712997437, -0.5383755564689636, 0.6870731115341187, 0.3276207149028778], [0.0, 0.0, 0.0, 1.0]]}, "finger4joint3": {"matrix": [[-0.5283269286155701, -0.7393925786018372, -0.4173351526260376, -1.9313650131225586], [0.6704747080802917, -0.06176716461777687, -0.7393566370010376, -1.060765266418457], [0.5208973288536072, -0.670434832572937, 0.5283774733543396, 0.1030842512845993], [0.0, 0.0, 0.0, 1.0]]}}