{"root": {"matrix": [[0.3637423515319824, -0.7751650214195251, 0.5165372490882874, 0.0], [0.9117485880851746, 0.18269143998622894, -0.367883563041687, 0.0], [0.19080360233783722, 0.6047669649124146, 0.7732082009315491, 0.0], [0.0, 0.0, 0.0, 1.0]]}, "carpals": {"matrix": [[-0.7769807577133179, -0.24238911271095276, -0.5809890031814575, 0.005777329206466675], [0.5457831025123596, -0.7192954421043396, -0.4298076033592224, 2.282076835632324], [-0.31372207403182983, -0.6510462760925293, 0.6911707520484924, 0.9365242123603821], [0.0, 0.0, 0.0, 1.0]]}, "metacarpals": {"matrix": [[-0.6709395051002502, -0.6793506145477295, 0.2971913516521454, -0.23030829429626465], [0.6482314467430115, -0.7319759130477905, -0.2097785472869873, 1.5814874172210693], [0.36005014181137085, 0.05190016329288483, 0.9314880967140198, 0.30240899324417114], [0.0, 0.0, 0.0, 1.0]]}, "finger5joint1": {"matrix": [[-0.687052309513092, -0.7260568737983704, 0.02828870341181755, -0.6225208640098572], [0.5317032933235168, -0.5289116501808167, -0.6614710092544556, 1.1363248825073242], [0.4952278733253479, -0.43942394852638245, 0.7494369149208069, -0.11433357000350952], [0.0, 0.0, 0.0, 1.0]]}, "finger5joint2": {"matrix": [[0.1110265925526619, -0.7041682004928589, 0.7012984156608582, -1.389434576034546], [-0.6432150602340698, -0.588844895362854, -0.4894237816333771, 0.5776501297950745], [0.7575929760932922, -0.3967466652393341, -0.5183092951774597, -0.5784848928451538], [0.0, 0.0, 0.0, 1.0]]}, "finger5joint3": {"matrix": [[0.006025319918990135, -0.831386923789978, 0.5556606650352478, -1.873434066772461], [-0.6674532294273376, -0.4171186089515686, -0.6168612837791443, 0.17291639745235443], [0.744627058506012, -0.36716073751449585, -0.5574253797531128, -0.851182758808136], [0.0, 0.0, 0.0, 1.0]]}, "Bone": {"matrix": [[0.5399643182754517, -0.8133119940757751, 0.2167070358991623, -1.2909631729125977], [0.8384060859680176, 0.5424396991729736, -0.05323702469468117, 0.43866971135139465], [-0.07425226271152496, 0.21043463051319122, 0.9747838973999023, 0.3834396302700043], [0.0, 0.0, 0.0, 1.0]]}, "finger1joint1": {"matrix": [[-0.025775771588087082, -0.9662841558456421, -0.25618410110473633, -1.9677915573120117], [0.8595837354660034, 0.109405517578125, -0.49914515018463135, 0.8900813460350037], [0.5103440880775452, -0.2330775409936905, 0.8277823328971863, 0.5585606694221497], [0.0, 0.0, 0.0, 1.0]]}, "finger1joint2": {"matrix": [[0.0727764442563057, 0.0878167673945427, -0.993474543094635, -2.5139143466949463], [0.9683756828308105, 0.2321292608976364, 0.09145675599575043, 0.9519149661064148], [0.23864589631557465, -0.968712568283081, -0.06814607232809067, 0.4268302917480469], [0.0, 0.0, 0.0, 1.0]]}, "finger1joint3": {"matrix": [[-0.031480852514505386, 0.8634161949157715, -0.5035089254379272, -2.476268768310547], [0.9634876847267151, 0.1602279543876648, 0.21451891958713531, 1.0514248609542847], [0.2658953070640564, -0.47837144136428833, -0.8369350433349609, 0.011559173464775085], [0.0, 0.0, 0.0, 1.0]]}, "Bone.001": {"matrix": [[0.2545277774333954, -0.8278895616531372, 0.4998141825199127, -1.2909631729125977], [0.9599844813346863, 0.1538732498884201, -0.23399248719215393, 0.43866974115371704], [0.1168118342757225, 0.5393715500831604, 0.833926260471344, 0.3834395408630371], [0.0, 0.0, 0.0, 1.0]]}, "finger2joint1": {"matrix": [[-0.5295398831367493, -0.8270373344421387, -0.18867015838623047, -1.8157488107681274], [0.768102765083313, -0.3730851113796234, -0.5204088091850281, 0.5362074971199036], [0.36000749468803406, -0.42049530148506165, 0.8328133225440979, 0.7253383994102478], [0.0, 0.0, 0.0, 1.0]]}, "finger2joint2": {"matrix": [[-0.5824496746063232, -0.051444828510284424, -0.8112370371818542, -2.531259298324585], [0.7760089039802551, 0.2619205117225647, -0.5737661719322205, 0.21343331038951874], [0.24199695885181427, -0.9637171626091003, -0.11263376474380493, 0.3615473210811615], [0.0, 0.0, 0.0, 1.0]]}, "finger2joint3": {"matrix": [[-0.509674608707428, 0.7848086953163147, -0.35257160663604736, -2.550788640975952], [0.8490720987319946, 0.5249943733215332, -0.058796945959329605, 0.3128625750541687], [0.13895374536514282, -0.32932621240615845, -0.9339356422424316, -0.004295527935028076], [0.0, 0.0, 0.0, 1.0]]}, "Bone.002": {"matrix": [[-0.4027145802974701, -0.70853191614151, 0.5794853568077087, -1.2909631729125977], [0.798938512802124, -0.5810398459434509, -0.15520884096622467, 0.4386698007583618], [0.44667452573776245, 0.4004683792591095, 0.8000667691230774, 0.3834396004676819], [0.0, 0.0, 0.0, 1.0]]}, "finger3joint1": {"matrix": [[-0.5980829000473022, -0.7380779981613159, 0.31230998039245605, -1.5896164178848267], [0.7180795669555664, -0.6665633916854858, -0.20013737678527832, 0.19375565648078918], [0.3558914363384247, 0.10456468909978867, 0.9286589026451111, 0.5522410869598389], [0.0, 0.0, 0.0, 1.0]]}, "finger3joint2": {"matrix": [[-0.718924880027771, -0.1743815541267395, -0.672857940196991, -2.2370445728302], [0.6108636260032654, 0.3033696413040161, -0.7313087582588196, -0.39094144105911255], [0.3316514790058136, -0.936780571937561, -0.11157653480768204, 0.6439632177352905], [0.0, 0.0, 0.0, 1.0]]}, "finger3joint3": {"matrix": [[-0.6032896637916565, 0.47810840606689453, -0.6383209228515625, -2.349883794784546], [0.7394324541091919, 0.6351950764656067, -0.22308462858200073, -0.19463692605495453], [0.29879969358444214, -0.6065800786018372, -0.7367355823516846, 0.03779098391532898], [0.0, 0.0, 0.0, 1.0]]}, "Bone.003": {"matrix": [[-0.32134222984313965, 0.27616846561431885, 0.9057980179786682, -1.2909631729125977], [0.15094734728336334, -0.9293607473373413, 0.3369026184082031, 0.43866974115371704], [0.9348549842834473, 0.24498893320560455, 0.25695598125457764, 0.3834396004676819], [0.0, 0.0, 0.0, 1.0]]}, "finger4joint1": {"matrix": [[-0.7862745523452759, -0.5735070705413818, 0.2299165576696396, -1.1725919246673584], [0.5103773474693298, -0.8125735521316528, -0.2814941108226776, 0.04032766819000244], [0.3482630252838135, -0.10398750752210617, 0.9316110610961914, 0.4884466528892517], [0.0, 0.0, 0.0, 1.0]]}, "finger4joint2": {"matrix": [[-0.7946280837059021, -0.6027490496635437, -0.07252077758312225, -1.7422903776168823], [0.48608553409576416, -0.5601155161857605, -0.6708137392997742, -0.7668496370315552], [0.363712340593338, -0.568298876285553, 0.7380713820457458, 0.38514965772628784], [0.0, 0.0, 0.0, 1.0]]}, "finger4joint3": {"matrix": [[-0.7406275868415833, -0.5803562998771667, -0.33861008286476135, -1.9936745166778564], [0.5407242774963379, -0.21565315127372742, -0.8130871057510376, -1.000452995300293], [0.3988579213619232, -0.7852896451950073, 0.473531574010849, 0.1481333076953888], [0.0, 0.0, 0.0, 1.0]]}}