{"root": {"matrix": [[0.3997931480407715, -0.7429041862487793, -0.5368974208831787, 0.0], [-0.9067782163619995, -0.4060983955860138, -0.11330195516347885, -2.9802322387695312e-08], [-0.1338607519865036, 0.5321441888809204, -0.8360046744346619, 0.0], [0.0, 0.0, 0.0, 1.0]]}, "carpals": {"matrix": [[0.7449381351470947, -0.5361273884773254, -0.3970320224761963, 0.23731651902198792], [0.6584500670433044, 0.6865689754486084, 0.30832815170288086, -2.435412883758545], [0.10728670656681061, -0.49111130833625793, 0.8644645810127258, 0.3121377229690552], [0.0, 0.0, 0.0, 1.0]]}, "metacarpals": {"matrix": [[0.31878647208213806, -0.7052891254425049, 0.6332001090049744, -0.2848682403564453], [0.515036404132843, 0.68971848487854, 0.5089455246925354, -1.7666988372802734], [-0.7956836223602295, 0.16387611627578735, 0.5831225514411926, -0.16620174050331116], [0.0, 0.0, 0.0, 1.0]]}, "finger5joint1": {"matrix": [[0.34048593044281006, -0.705923318862915, 0.6210808753967285, -1.0037693977355957], [0.5326639413833618, 0.6891452670097351, 0.4912712872028351, -1.6728324890136719], [-0.7748149633407593, 0.16355639696121216, 0.6106643080711365, -0.17294514179229736], [0.0, 0.0, 0.0, 1.0]]}, "finger5joint2": {"matrix": [[0.679467499256134, -0.434352308511734, -0.5913218855857849, -1.7494163513183594], [0.3791758120059967, 0.8978489637374878, -0.22381271421909332, -0.9449074268341064], [0.6281315684318542, -0.07214151322841644, 0.7747554183006287, -0.00018506869673728943], [0.0, 0.0, 0.0, 1.0]]}, "finger5joint3": {"matrix": [[0.6674706935882568, -0.3790939450263977, -0.6409135460853577, -2.047962188720703], [0.47308310866355896, 0.880567193031311, -0.02816093899309635, -0.32778438925743103], [0.575043261051178, -0.28440889716148376, 0.7670960426330566, -0.049770452082157135], [0.0, 0.0, 0.0, 1.0]]}, "Bone": {"matrix": [[0.6899568438529968, 0.09186321496963501, 0.7179975509643555, -1.386020541191101], [-0.6424279808998108, 0.5347654223442078, 0.5489187836647034, -0.6898568272590637], [-0.33353477716445923, -0.8399922251701355, 0.4279806315898895, 0.08965444564819336], [0.0, 0.0, 0.0, 1.0]]}, "finger1joint1": {"matrix": [[0.4215414822101593, -0.8491945862770081, 0.31807413697242737, -1.3095730543136597], [0.4340878427028656, 0.4969319701194763, 0.7514159679412842, -0.2448316216468811], [-0.7961597442626953, -0.17868104577064514, 0.5781025290489197, -0.6093767881393433], [0.0, 0.0, 0.0, 1.0]]}, "finger1joint2": {"matrix": [[0.3215847909450531, -0.7125943303108215, -0.623532235622406, -1.7895194292068481], [0.1746758073568344, -0.6025642156600952, 0.7787197232246399, 0.03602355718612671], [-0.9306296110153198, -0.35934045910835266, -0.06930262595415115, -0.7103633880615234], [0.0, 0.0, 0.0, 1.0]]}, "finger1joint3": {"matrix": [[0.2827098071575165, -0.31492114067077637, -0.9060351848602295, -2.094996929168701], [0.2746291160583496, -0.8784515857696533, 0.39102593064308167, -0.22228583693504333], [-0.9190506339073181, -0.35937049984931946, -0.16186048090457916, -0.8644067645072937], [0.0, 0.0, 0.0, 1.0]]}, "Bone.001": {"matrix": [[0.7598995566368103, 0.07569924741983414, 0.6456176042556763, -1.3860204219818115], [-0.35414260625839233, 0.8810706734657288, 0.3135237395763397, -0.6898568868637085], [-0.5451012253761292, -0.46688732504844666, 0.696333646774292, 0.08965438604354858], [0.0, 0.0, 0.0, 1.0]]}, "finger2joint1": {"matrix": [[0.4150133728981018, -0.2116066962480545, 0.8848651051521301, -1.338036060333252], [0.3850373923778534, 0.9220374822616577, 0.03990853205323219, -0.13136059045791626], [-0.8243237733840942, 0.32414358854293823, 0.4641345143318176, -0.2062978446483612], [0.0, 0.0, 0.0, 1.0]]}, "finger2joint2": {"matrix": [[0.3106209933757782, -0.8883188962936401, 0.338236540555954, -1.5211071968078613], [0.4614986181259155, 0.4520241618156433, 0.7633431553840637, 0.6663391590118408], [-0.8309834003448486, -0.08101484924554825, 0.5503661632537842, 0.07413464784622192], [0.0, 0.0, 0.0, 1.0]]}, "finger2joint3": {"matrix": [[0.17520999908447266, -0.6841748356819153, -0.7079590559005737, -1.8583276271820068], [0.44023367762565613, -0.5887454748153687, 0.6779178380966187, 0.8379349708557129], [-0.8806222081184387, -0.43044549226760864, 0.1980426162481308, 0.04338008165359497], [0.0, 0.0, 0.0, 1.0]]}, "Bone.002": {"matrix": [[0.5872010588645935, -0.3966168165206909, 0.7056131958961487, -1.3860204219818115], [0.35561007261276245, 0.9095014333724976, 0.21528658270835876, -0.6898568868637085], [-0.7271425724029541, 0.12450660765171051, 0.6751012206077576, 0.08965438604354858], [0.0, 0.0, 0.0, 1.0]]}, "finger3joint1": {"matrix": [[0.7579278945922852, 0.017120802775025368, 0.6521136164665222, -1.5531984567642212], [-0.3416684567928314, 0.8619910478591919, 0.37447798252105713, -0.3064928650856018], [-0.5557048320770264, -0.5066341161727905, 0.659176766872406, 0.1421351432800293], [0.0, 0.0, 0.0, 1.0]]}, "finger3joint2": {"matrix": [[0.7252247929573059, -0.6067888140678406, 0.3253556489944458, -1.5381803512573242], [-0.21533659100532532, 0.24894601106643677, 0.9442752599716187, 0.4496297836303711], [-0.6539717316627502, -0.7548728585243225, 0.04987790063023567, -0.3022749125957489], [0.0, 0.0, 0.0, 1.0]]}, "finger3joint3": {"matrix": [[0.6291723251342773, -0.7685576677322388, 0.11602280288934708, -1.9308215379714966], [-0.3584429621696472, -0.15444760024547577, 0.9206868410110474, 0.6107178330421448], [-0.6896815299987793, -0.620858371257782, -0.372658371925354, -0.7907382845878601], [0.0, 0.0, 0.0, 1.0]]}, "Bone.003": {"matrix": [[0.567838728427887, -0.2595132887363434, 0.7811607122421265, -1.3860204219818115], [0.8210954070091248, 0.2454211413860321, -0.5153353214263916, -0.6898568868637085], [-0.05797696113586426, 0.9340348839759827, 0.35244491696357727, 0.08965441584587097], [0.0, 0.0, 0.0, 1.0]]}, "finger4joint1": {"matrix": [[0.3115086555480957, -0.9475387930870056, -0.07164107263088226, -1.4972527027130127], [0.5166813135147095, 0.10562276840209961, 0.8496373891830444, -0.5846645832061768], [-0.7974976301193237, -0.3016851246356964, 0.5224780440330505, 0.489999920129776], [0.0, 0.0, 0.0, 1.0]]}, "finger4joint2": {"matrix": [[0.2882647216320038, -0.11048523336648941, -0.9511551856994629, -2.4384989738464355], [0.5352769494056702, -0.8050320148468018, 0.25573697686195374, -0.47974318265914917], [-0.793965756893158, -0.5828515291213989, -0.17292219400405884, 0.1903182715177536], [0.0, 0.0, 0.0, 1.0]]}, "finger4joint3": {"matrix": [[0.31033438444137573, 0.6726725697517395, -0.67171710729599, -2.4845783710479736], [0.5965448617935181, -0.6879598498344421, -0.41333380341529846, -0.8154922127723694], [-0.740152895450592, -0.27243778109550476, -0.614777147769928, -0.05276747792959213], [0.0, 0.0, 0.0, 1.0]]}}