{"root": {"matrix": [[0.3415316641330719, -0.9397249817848206, -0.016525408253073692, -5.960464477539063e-08], [-0.6218863725662231, -0.21276386082172394, -0.7536503672599792, 0.0], [0.7047080397605896, 0.2676723897457123, -0.6570678353309631, 0.0], [0.0, 0.0, 0.0, 1.0]]}, "carpals": {"matrix": [[0.2916090786457062, -0.5086936950683594, -0.8100584149360657, -0.1455952227115631], [0.9552237391471863, 0.19923488795757294, 0.21875251829624176, -1.5299063920974731], [0.05011403560638428, -0.8375774025917053, 0.5440151691436768, 1.9295525550842285], [0.0, 0.0, 0.0, 1.0]]}, "metacarpals": {"matrix": [[0.5824610590934753, -0.8057012557983398, -0.10763080418109894, -0.6410598754882812], [0.7226455807685852, 0.4526316225528717, 0.5224056243896484, -1.335852861404419], [-0.37218573689460754, -0.38205987215042114, 0.8458769917488098, 1.1137572526931763], [0.0, 0.0, 0.0, 1.0]]}, "finger5joint1": {"matrix": [[0.665828287601471, -0.5722589492797852, -0.4787401854991913, -1.1587748527526855], [0.7294304966926575, 0.3643777668476105, 0.5789297223091125, -1.4192500114440918], [-0.15685534477233887, -0.7346755266189575, 0.6600363850593567, 0.6130667924880981], [0.0, 0.0, 0.0, 1.0]]}, "finger5joint2": {"matrix": [[-0.49456581473350525, -0.49812209606170654, -0.7122349739074707, -1.763236165046692], [0.5707657337188721, 0.4318644404411316, -0.6983687281608582, -1.0343677997589111], [0.6554622650146484, -0.7519086003303528, 0.0707254484295845, -0.1629505753517151], [0.0, 0.0, 0.0, 1.0]]}, "finger5joint3": {"matrix": [[-0.4989434480667114, -0.2644883692264557, -0.8252883553504944, -2.1056129932403564], [0.64616858959198, 0.5210574269294739, -0.5576419234275818, -0.7375322580337524], [0.5775128602981567, -0.8115073442459106, -0.0890742838382721, -0.679763674736023], [0.0, 0.0, 0.0, 1.0]]}, "Bone": {"matrix": [[0.8921812772750854, 0.44988173246383667, 0.04023265466094017, -1.8989832401275635], [-0.3781166076660156, 0.6951888203620911, 0.6113427877426147, -0.629169225692749], [0.24706265330314636, -0.5606412887573242, 0.7903425097465515, 0.5172557234764099], [0.0, 0.0, 0.0, 1.0]]}, "finger1joint1": {"matrix": [[0.6771425008773804, -0.6558902859687805, -0.33359503746032715, -1.52459716796875], [0.673019289970398, 0.3687223792076111, 0.6411618590354919, -0.050641655921936035], [-0.29752781987190247, -0.6586739420890808, 0.6911047101020813, 0.05069693922996521], [0.0, 0.0, 0.0, 1.0]]}, "finger1joint2": {"matrix": [[0.7595371603965759, -0.5484132170677185, -0.34978002309799194, -1.895292043685913], [0.4383459687232971, 0.03425117954611778, 0.8981533050537109, 0.15775224566459656], [-0.48057883977890015, -0.8355056643486023, 0.2664099931716919, -0.3215712904930115], [0.0, 0.0, 0.0, 1.0]]}, "finger1joint3": {"matrix": [[0.7398145794868469, -0.1785648614168167, -0.6486823558807373, -2.130388021469116], [0.5254977941513062, -0.4487186372280121, 0.7228439450263977, 0.17243516445159912], [-0.420150488615036, -0.8756518959999084, -0.2381330281496048, -0.6797387599945068], [0.0, 0.0, 0.0, 1.0]]}, "Bone.001": {"matrix": [[0.9898990392684937, 0.08567307889461517, -0.11295867711305618, -1.898983120918274], [-0.045743491500616074, 0.9471547603607178, 0.31749799847602844, -0.629169225692749], [0.1341904252767563, -0.3091237545013428, 0.9415068626403809, 0.5172557234764099], [0.0, 0.0, 0.0, 1.0]]}, "finger2joint1": {"matrix": [[0.6805713176727295, -0.7304683923721313, 0.0569053590297699, -1.8446764945983887], [0.6489023566246033, 0.6369943618774414, 0.4161292314529419, -0.028783321380615234], [-0.34021762013435364, -0.24627956748008728, 0.9075230956077576, 0.3213072419166565], [0.0, 0.0, 0.0, 1.0]]}, "finger2joint2": {"matrix": [[0.6035423278808594, -0.12357743829488754, -0.7876959443092346, -2.476640462875366], [0.6626041531562805, -0.47177302837371826, 0.5817092061042786, 0.5223116874694824], [-0.443499892950058, -0.8730170130729675, -0.20285196602344513, 0.10823871195316315], [0.0, 0.0, 0.0, 1.0]]}, "finger2joint3": {"matrix": [[0.653337836265564, 0.6985657215118408, -0.2918134927749634, -2.523552417755127], [0.5494745969772339, -0.7027047276496887, -0.45197710394859314, 0.3432188928127289], [-0.5207945108413696, 0.13494952023029327, -0.8429480791091919, -0.2231728434562683], [0.0, 0.0, 0.0, 1.0]]}, "Bone.002": {"matrix": [[0.7709188461303711, -0.6363463997840881, -0.02733621746301651, -1.8989832401275635], [0.6226377487182617, 0.7438794374465942, 0.24282769858837128, -0.629169225692749], [-0.13418759405612946, -0.20422084629535675, 0.9696841835975647, 0.5172557234764099], [0.0, 0.0, 0.0, 1.0]]}, "finger3joint1": {"matrix": [[0.9849923849105835, 0.017590545117855072, -0.17169907689094543, -2.1672096252441406], [0.07866201549768448, 0.8397204279899597, 0.5372910499572754, -0.31561654806137085], [0.15363042056560516, -0.5427336692810059, 0.8257346749305725, 0.4311745762825012], [0.0, 0.0, 0.0, 1.0]]}, "finger3joint2": {"matrix": [[0.9812918901443481, -0.017438536509871483, -0.19173403084278107, -2.1517796516418457], [0.18954798579216003, 0.2619837820529938, 0.9462747573852539, 0.4209706783294678], [0.03372953087091446, -0.9649146199226379, 0.26038822531700134, -0.044901371002197266], [0.0, 0.0, 0.0, 1.0]]}, "finger3joint3": {"matrix": [[0.9974689483642578, -0.05450671911239624, -0.045657020062208176, -2.1630635261535645], [0.040480416268110275, -0.09256935119628906, 0.9948829412460327, 0.590495228767395], [-0.058454323559999466, -0.9942132234573364, -0.09012842178344727, -0.6692785620689392], [0.0, 0.0, 0.0, 1.0]]}, "Bone.003": {"matrix": [[0.17262916266918182, -0.8690022230148315, 0.4637177884578705, -1.898983120918274], [0.9289955496788025, -0.012822555378079414, -0.3698681890964508, -0.6291691660881042], [0.327362596988678, 0.4946419298648834, 0.8050857782363892, 0.5172557830810547], [0.0, 0.0, 0.0, 1.0]]}, "finger4joint1": {"matrix": [[0.5753587484359741, -0.5589081048965454, -0.5971463918685913, -2.271454334259033], [0.7236999869346619, 0.007717567030340433, 0.690071165561676, -0.6346651911735535], [-0.3810777962207794, -0.8291935324668884, 0.408922404050827, 0.7292689085006714], [0.0, 0.0, 0.0, 1.0]]}, "finger4joint2": {"matrix": [[0.5507572889328003, 0.6407716870307922, -0.5348623991012573, -2.826650619506836], [0.7368770837783813, -0.6742493510246277, -0.04898374527692795, -0.6269989013671875], [-0.3920179307460785, -0.3671499490737915, -0.8435179591178894, -0.09441801905632019], [0.0, 0.0, 0.0, 1.0]]}, "finger4joint3": {"matrix": [[0.5033515095710754, 0.8638315200805664, 0.020784085616469383, -2.5594089031219482], [0.7910118103027344, -0.45097240805625916, -0.41342899203300476, -0.9082032442092896], [-0.347759872674942, 0.22454053163528442, -0.9102990031242371, -0.2475426197052002], [0.0, 0.0, 0.0, 1.0]]}}