{"root": {"matrix": [[0.43955856561660767, -0.7631964087486267, -0.4736238420009613, 0.0], [-0.8712967038154602, -0.23417307436466217, -0.43128296732902527, -1.4901161193847656e-08], [0.2182435840368271, 0.6022409796714783, -0.7679033279418945, 0.0], [0.0, 0.0, 0.0, 1.0]]}, "carpals": {"matrix": [[0.6418516635894775, -0.5649623870849609, -0.5185015201568604, 0.3002690076828003], [0.7619953155517578, 0.5457022190093994, 0.34867146611213684, -2.151139736175537], [0.08596125990152359, -0.6188912391662598, 0.7807587385177612, 1.169368028640747], [0.0, 0.0, 0.0, 1.0]]}, "metacarpals": {"matrix": [[0.5266571640968323, -0.7708864212036133, 0.3582822382450104, -0.2500009536743164], [0.5235917568206787, 0.6262000203132629, 0.5776892304420471, -1.619629144668579], [-0.6696892380714417, -0.11665059626102448, 0.7334226965904236, 0.5665717124938965], [0.0, 0.0, 0.0, 1.0]]}, "finger5joint1": {"matrix": [[0.3341748118400574, -0.9010436534881592, -0.27649110555648804, -0.9297181367874146], [0.7285037040710449, 0.06080411747097969, 0.682337760925293, -1.591790795326233], [-0.5980044007301331, -0.4294449985027313, 0.6767330169677734, 0.3158039450645447], [0.0, 0.0, 0.0, 1.0]]}, "finger5joint2": {"matrix": [[-0.351874440908432, -0.5349780321121216, -0.7681031227111816, -1.8814656734466553], [0.7409737706184387, 0.34221309423446655, -0.5777953267097473, -1.5275650024414062], [0.5719630718231201, -0.7724558115005493, 0.27598875761032104, -0.1378069519996643], [0.0, 0.0, 0.0, 1.0]]}, "finger5joint3": {"matrix": [[-0.3574575185775757, 0.07283784449100494, -0.9310844540596008, -2.2491745948791504], [0.8003665208816528, 0.537656843662262, -0.2652127146720886, -1.2923500537872314], [0.4812866747379303, -0.8400114178657532, -0.25048649311065674, -0.6687428951263428], [0.0, 0.0, 0.0, 1.0]]}, "Bone": {"matrix": [[0.8098877668380737, 0.327067494392395, 0.48693785071372986, -1.453568696975708], [-0.5843944549560547, 0.5215578675270081, 0.6216591596603394, -0.6419569253921509], [-0.0506417453289032, -0.7880380749702454, 0.6135399341583252, 0.38444772362709045], [0.0, 0.0, 0.0, 1.0]]}, "finger1joint1": {"matrix": [[0.6298155188560486, -0.769967257976532, 0.10238470137119293, -1.181387186050415], [0.4544247090816498, 0.4721513092517853, 0.7553614377975464, -0.20792290568351746], [-0.6299448013305664, -0.42921239137649536, 0.6472605466842651, -0.2713478207588196], [0.0, 0.0, 0.0, 1.0]]}, "finger1joint2": {"matrix": [[0.5840111374855042, -0.8105969429016113, 0.043167226016521454, -1.6165560483932495], [0.19333729147911072, 0.1905476450920105, 0.9624509811401367, 0.05892679840326309], [-0.7883854508399963, -0.5537364482879639, 0.26800066232681274, -0.5139294266700745], [0.0, 0.0, 0.0, 1.0]]}, "finger1joint3": {"matrix": [[0.6147234439849854, -0.643674910068512, -0.45584815740585327, -1.964045524597168], [0.2826921343803406, -0.3597472310066223, 0.8891944289207458, 0.1406114101409912], [-0.7363424897193909, -0.6754735112190247, -0.039183229207992554, -0.7513071298599243], [0.0, 0.0, 0.0, 1.0]]}, "Bone.001": {"matrix": [[0.9241939783096313, 0.15931670367717743, 0.3471071422100067, -1.453568696975708], [-0.2958521246910095, 0.8733944296836853, 0.3868503272533417, -0.6419569253921509], [-0.24152971804141998, -0.4602172076702118, 0.8543203473091125, 0.38444772362709045], [0.0, 0.0, 0.0, 1.0]]}, "finger2joint1": {"matrix": [[0.7594319581985474, -0.2712000906467438, 0.59136563539505, -1.3525805473327637], [0.25584641098976135, 0.9602302312850952, 0.11180337518453598, -0.08832651376724243], [-0.5981683135032654, 0.06639175862073898, 0.7986153960227966, 0.09272356331348419], [0.0, 0.0, 0.0, 1.0]]}, "finger2joint2": {"matrix": [[0.6738824844360352, -0.517808735370636, 0.5270259380340576, -1.5872089862823486], [0.3302018940448761, 0.8491880297660828, 0.4121236503124237, 0.742415726184845], [-0.660945475101471, -0.10369794815778732, 0.7432345747947693, 0.15016232430934906], [0.0, 0.0, 0.0, 1.0]]}, "finger2joint3": {"matrix": [[0.5602390170097351, -0.8139592409133911, -0.15363040566444397, -1.7837777137756348], [0.3872683048248291, 0.09343189001083374, 0.9172203540802002, 1.0647813081741333], [-0.7322261929512024, -0.5733590126037598, 0.36756494641304016, 0.11079686880111694], [0.0, 0.0, 0.0, 1.0]]}, "Bone.002": {"matrix": [[0.7679417729377747, -0.48513084650039673, 0.4182264804840088, -1.453568696975708], [0.39087748527526855, 0.8722178936004639, 0.29402440786361694, -0.6419569253921509], [-0.5074250102043152, -0.06231826916337013, 0.859439492225647, 0.38444772362709045], [0.0, 0.0, 0.0, 1.0]]}, "finger3joint1": {"matrix": [[0.943452775478363, -0.09668983519077301, 0.3170929253101349, -1.6580562591552734], [-0.11060301214456558, 0.8099036812782288, 0.5760404467582703, -0.27430829405784607], [-0.3125120997428894, -0.5785384774208069, 0.7534118294715881, 0.3581799268722534], [0.0, 0.0, 0.0, 1.0]]}, "finger3joint2": {"matrix": [[0.903274655342102, -0.4155617356300354, 0.1067863181233406, -1.742870807647705], [-0.003409599419683218, 0.2419222742319107, 0.9702895283699036, 0.43612420558929443], [-0.4290492534637451, -0.8768020868301392, 0.2171054184436798, -0.14930331707000732], [0.0, 0.0, 0.0, 1.0]]}, "finger3joint3": {"matrix": [[0.8507072329521179, -0.5193145871162415, 0.0812990590929985, -2.011772632598877], [-0.15452194213867188, -0.09923997521400452, 0.98299241065979, 0.5926673412322998], [-0.5024142265319824, -0.8488014340400696, -0.16466966271400452, -0.716664731502533], [0.0, 0.0, 0.0, 1.0]]}, "Bone.003": {"matrix": [[0.48826882243156433, -0.5769742131233215, 0.6547475457191467, -1.453568696975708], [0.8678473234176636, 0.24206815659999847, -0.4338705539703369, -0.6419569253921509], [0.09183869510889053, 0.7800664901733398, 0.6189200282096863, 0.38444775342941284], [0.0, 0.0, 0.0, 1.0]]}, "finger4joint1": {"matrix": [[0.5203092098236084, -0.8138132691383362, -0.25881683826446533, -1.700871229171753], [0.5245252251625061, 0.06538435816764832, 0.8488801717758179, -0.5382018089294434], [-0.6739075183868408, -0.5774363279342651, 0.46088582277297974, 0.7187994122505188], [0.0, 0.0, 0.0, 1.0]]}, "finger4joint2": {"matrix": [[0.4964224100112915, 0.044933468103408813, -0.8669172525405884, -2.509279727935791], [0.5421802997589111, -0.795967698097229, 0.2692123353481293, -0.47325167059898376], [-0.6779415607452393, -0.603668749332428, -0.41949838399887085, 0.1451978087425232], [0.0, 0.0, 0.0, 1.0]]}, "finger4joint3": {"matrix": [[0.5035976767539978, 0.6874052882194519, -0.5233192443847656, -2.49053955078125], [0.6024730205535889, -0.7135734558105469, -0.3575451076030731, -0.8052202463150024], [-0.6192052364349365, -0.13522692024707794, -0.7734974026679993, -0.10657002031803131], [0.0, 0.0, 0.0, 1.0]]}}