{"root": {"matrix": [[0.42967236042022705, -0.8052015900611877, -0.4086955785751343, 0.0], [-0.8660767674446106, -0.23940618336200714, -0.4388572871685028, 0.0], [0.25552427768707275, 0.5425265431404114, -0.8002326488494873, 0.0], [0.0, 0.0, 0.0, 1.0]]}, "carpals": {"matrix": [[0.621625542640686, -0.5746212601661682, -0.5323456525802612, 0.22949659824371338], [0.777524471282959, 0.535116970539093, 0.3303107023239136, -2.1436054706573486], [0.09506368637084961, -0.61924147605896, 0.7794246077537537, 1.1988625526428223], [0.0, 0.0, 0.0, 1.0]]}, "metacarpals": {"matrix": [[0.5514640808105469, -0.7438431978225708, 0.37760356068611145, -0.3301811218261719], [0.5110803246498108, 0.6590187549591064, 0.5518068671226501, -1.622404932975769], [-0.6593056917190552, -0.11131596565246582, 0.7435889840126038, 0.5957250595092773], [0.0, 0.0, 0.0, 1.0]]}, "finger5joint1": {"matrix": [[0.5363313555717468, -0.7757956981658936, 0.33239972591400146, -1.0067663192749023], [0.5583735108375549, 0.621475338935852, 0.5495334267616272, -1.5629956722259521], [-0.6329039931297302, -0.10912881791591644, 0.7665006518363953, 0.34199756383895874], [0.0, 0.0, 0.0, 1.0]]}, "finger5joint2": {"matrix": [[0.3877725601196289, -0.41587305068969727, -0.82260662317276, -1.8262178897857666], [0.44966211915016174, 0.8643875122070312, -0.22502748668193817, -0.9065483808517456], [0.804634153842926, -0.28263550996780396, 0.5221883654594421, 0.22672782838344574], [0.0, 0.0, 0.0, 1.0]]}, "finger5joint3": {"matrix": [[0.3919523358345032, -0.21306900680065155, -0.8949717879295349, -2.1120619773864746], [0.5400972962379456, 0.8408163189888, 0.0363590233027935, -0.31242451071739197], [0.744760274887085, -0.4976229667663574, 0.44463813304901123, 0.03246252238750458], [0.0, 0.0, 0.0, 1.0]]}, "Bone": {"matrix": [[0.785464882850647, 0.35262489318847656, 0.5086259841918945, -1.4915268421173096], [-0.616443932056427, 0.5189719200134277, 0.5921694040298462, -0.5934937000274658], [-0.05514891818165779, -0.7786678671836853, 0.6250078678131104, 0.4219299554824829], [0.0, 0.0, 0.0, 1.0]]}, "finger1joint1": {"matrix": [[0.6511842608451843, -0.7541348338127136, 0.08508513867855072, -1.198076844215393], [0.43553078174591064, 0.46316108107566833, 0.771877110004425, -0.1616116613149643], [-0.6215077042579651, -0.46557721495628357, 0.6300523281097412, -0.22606787085533142], [0.0, 0.0, 0.0, 1.0]]}, "finger1joint2": {"matrix": [[0.6093112826347351, -0.7919151186943054, -0.040126167237758636, -1.6242973804473877], [0.17049579322338104, 0.08142470568418503, 0.9819881916046143, 0.10015694797039032], [-0.7743842005729675, -0.6051779985427856, 0.18463125824928284, -0.48920199275016785], [0.0, 0.0, 0.0, 1.0]]}, "finger1joint3": {"matrix": [[0.6307556629180908, -0.644251823425293, -0.4325352907180786, -1.9637783765792847], [0.2659655213356018, -0.3441512882709503, 0.9004564881324768, 0.13506238162517548], [-0.7289785146713257, -0.6830076575279236, -0.04572658985853195, -0.7486318945884705], [0.0, 0.0, 0.0, 1.0]]}, "Bone.001": {"matrix": [[0.9125959277153015, 0.19763877987861633, 0.3579208254814148, -1.4915268421173096], [-0.3301263749599457, 0.8726474046707153, 0.3598647713661194, -0.5934937000274658], [-0.24121543765068054, -0.4465702772140503, 0.8616204857826233, 0.4219299256801605], [0.0, 0.0, 0.0, 1.0]]}, "finger2joint1": {"matrix": [[0.7685433030128479, -0.24733521044254303, 0.5900561213493347, -1.3662467002868652], [0.24126724898815155, 0.9662052989006042, 0.09075802564620972, -0.04033684730529785], [-0.5925630331039429, 0.0726097896695137, 0.8022447228431702, 0.13885632157325745], [0.0, 0.0, 0.0, 1.0]]}, "finger2joint2": {"matrix": [[0.6851964592933655, -0.5612244009971619, 0.46425509452819824, -1.5802286863327026], [0.3182303011417389, 0.8040188550949097, 0.5022774338722229, 0.7955746054649353], [-0.6551603674888611, -0.19641873240470886, 0.729509711265564, 0.20167459547519684], [0.0, 0.0, 0.0, 1.0]]}, "finger2joint3": {"matrix": [[0.5720618963241577, -0.7934691905975342, -0.20772966742515564, -1.7932785749435425], [0.36218762397766113, 0.017140569165349007, 0.9319472908973694, 1.1007933616638184], [-0.7359110116958618, -0.6083688735961914, 0.2971903085708618, 0.1271108239889145], [0.0, 0.0, 0.0, 1.0]]}, "Bone.002": {"matrix": [[0.7861804962158203, -0.44852983951568604, 0.42513662576675415, -1.4915268421173096], [0.36621877551078796, 0.8922560811042786, 0.26412588357925415, -0.5934937000274658], [-0.4977991282939911, -0.05195756256580353, 0.8657345771789551, 0.42192989587783813], [0.0, 0.0, 0.0, 1.0]]}, "finger3joint1": {"matrix": [[0.9477258324623108, -0.08577415347099304, 0.3073411285877228, -1.680586576461792], [-0.1257469207048416, 0.7848475575447083, 0.6067962050437927, -0.21739879250526428], [-0.2932634651660919, -0.6137236952781677, 0.733034610748291, 0.4000292420387268], [0.0, 0.0, 0.0, 1.0]]}, "finger3joint2": {"matrix": [[0.9095949530601501, -0.4016980230808258, 0.10618671774864197, -1.7558262348175049], [-0.02350647747516632, 0.2054053544998169, 0.9783945083618164, 0.47105497121810913], [-0.4148305356502533, -0.8924388885498047, 0.17739322781562805, -0.13831782341003418], [0.0, 0.0, 0.0, 1.0]]}, "finger3joint3": {"matrix": [[0.8577183485031128, -0.5067971348762512, 0.0864630863070488, -2.0157570838928223], [-0.1774822473526001, -0.1340429186820984, 0.9749523997306824, 0.6039687395095825], [-0.482513427734375, -0.8515803813934326, -0.20491856336593628, -0.7157974243164062], [0.0, 0.0, 0.0, 1.0]]}, "Bone.003": {"matrix": [[0.522990345954895, -0.5708985328674316, 0.6328948736190796, -1.4915269613265991], [0.8455978035926819, 0.25432902574539185, -0.4693407118320465, -0.5934937000274658], [0.1069825068116188, 0.7806353569030762, 0.6157623529434204, 0.42192983627319336], [0.0, 0.0, 0.0, 1.0]]}, "finger4joint1": {"matrix": [[0.545183539390564, -0.7821170687675476, -0.30177411437034607, -1.7362250089645386], [0.5123350620269775, 0.025923755019903183, 0.8583939075469971, -0.4844833314418793], [-0.6635415554046631, -0.6225919127464294, 0.41483935713768005, 0.7565253973007202], [0.0, 0.0, 0.0, 1.0]]}, "finger4joint2": {"matrix": [[0.521182656288147, 0.0780624970793724, -0.8498674035072327, -2.513148069381714], [0.5292748212814331, -0.8107483386993408, 0.2501092851161957, -0.4587317705154419], [-0.6695045828819275, -0.5801662802696228, -0.46386462450027466, 0.13806810975074768], [0.0, 0.0, 0.0, 1.0]]}, "finger4joint3": {"matrix": [[0.5252662897109985, 0.6624067425727844, -0.5341464281082153, -2.480591058731079], [0.5911216735839844, -0.7355765104293823, -0.33091041445732117, -0.7968648672103882], [-0.6121029257774353, -0.1419295370578766, -0.7779368162155151, -0.10389770567417145], [0.0, 0.0, 0.0, 1.0]]}}