{"root": {"matrix": [[0.2137478142976761, -0.6827127933502197, 0.6987239122390747, -5.960464477539063e-08], [0.8895884156227112, -0.1595214605331421, -0.4280015230178833, 0.0], [0.40366363525390625, 0.7130610942840576, 0.5732359886169434, 5.960464477539063e-08], [0.0, 0.0, 0.0, 1.0]]}, "carpals": {"matrix": [[-0.8266410231590271, -0.5171173214912415, -0.22193264961242676, -0.2634202241897583], [0.5031192302703857, -0.502511739730835, -0.7031022310256958, 1.9037574529647827], [0.2520626485347748, -0.6928717494010925, 0.6755685806274414, 1.5463838577270508], [0.0, 0.0, 0.0, 1.0]]}, "metacarpals": {"matrix": [[-0.8435239791870117, -0.2521355152130127, 0.47423073649406433, -0.7670893669128418], [-0.1353875994682312, -0.754628598690033, -0.6420324444770813, 1.4143140316009521], [0.5197473764419556, -0.6057747006416321, 0.6024113297462463, 0.8715308904647827], [0.0, 0.0, 0.0, 1.0]]}, "finger5joint1": {"matrix": [[-0.6871744990348816, -0.566177248954773, 0.4552299976348877, -0.9580489993095398], [-0.05140227451920509, -0.5871516466140747, -0.8078430891036987, 1.2715377807617188], [0.7246715426445007, -0.5785290002822876, 0.37437283992767334, 0.18682360649108887], [0.0, 0.0, 0.0, 1.0]]}, "finger5joint2": {"matrix": [[0.506401002407074, -0.5346402525901794, 0.6765479445457458, -1.5560863018035889], [-0.776763379573822, -0.6235175132751465, 0.08867940306663513, 0.6513457298278809], [0.37442803382873535, -0.5704250335693359, -0.73103928565979, -0.42426058650016785], [0.0, 0.0, 0.0, 1.0]]}, "finger5joint3": {"matrix": [[0.416259765625, -0.7015312314033508, 0.5784298777580261, -1.9235633611679077], [-0.8352786898612976, -0.5463701486587524, -0.061551205813884735, 0.22278031706809998], [0.35921698808670044, -0.45752888917922974, -0.8134064078330994, -0.8163337707519531], [0.0, 0.0, 0.0, 1.0]]}, "Bone": {"matrix": [[0.07779511064291, -0.9383993744850159, 0.33668142557144165, -1.1607427597045898], [0.7762209177017212, -0.15491335093975067, -0.6111323237419128, 0.23612931370735168], [0.6256425976753235, 0.30888238549232483, 0.7163537740707397, -0.07425157725811005], [0.0, 0.0, 0.0, 1.0]]}, "finger1joint1": {"matrix": [[-0.4260137975215912, -0.8928480744361877, 0.14606313407421112, -1.9416673183441162], [0.1386047601699829, -0.2239503711462021, -0.964694082736969, 0.10721232742071152], [0.8940361738204956, -0.3907278776168823, 0.21915902197360992, 0.18279650807380676], [0.0, 0.0, 0.0, 1.0]]}, "finger1joint2": {"matrix": [[-0.432312548160553, -0.030507618561387062, -0.9012075662612915, -2.4462854862213135], [0.43018293380737305, 0.8713858723640442, -0.2358582466840744, -0.019359558820724487], [0.7924950122833252, -0.48964864015579224, -0.3635871112346649, -0.038034409284591675], [0.0, 0.0, 0.0, 1.0]]}, "finger1joint3": {"matrix": [[-0.5199461579322815, 0.7785301208496094, -0.3514921963214874, -2.4593636989593506], [0.37182551622390747, 0.5767366290092468, 0.7274066805839539, 0.3541892468929291], [0.769026517868042, 0.24751843512058258, -0.5893493294715881, -0.24793872237205505], [0.0, 0.0, 0.0, 1.0]]}, "Bone.001": {"matrix": [[-0.20513294637203217, -0.73069167137146, 0.6511603593826294, -1.1607428789138794], [0.6002238392829895, -0.6194308400154114, -0.5060004591941833, 0.2361292988061905], [0.7730792164802551, 0.2870447337627411, 0.5656443238258362, -0.07425159960985184], [0.0, 0.0, 0.0, 1.0]]}, "finger2joint1": {"matrix": [[-0.8157666921615601, -0.36002659797668457, 0.45266464352607727, -1.6239163875579834], [-0.026089876890182495, -0.7589384317398071, -0.6506393551826477, -0.15651774406433105], [0.5777921080589294, -0.5425798296928406, 0.609723687171936, 0.1077013909816742], [0.0, 0.0, 0.0, 1.0]]}, "finger2joint2": {"matrix": [[-0.8833087682723999, -0.45340022444725037, 0.11913728713989258, -1.9353930950164795], [-0.03437555581331253, -0.19080780446529388, -0.981025218963623, -0.8131125569343567], [0.4675295054912567, -0.8706434965133667, 0.15295639634132385, -0.3617110252380371], [0.0, 0.0, 0.0, 1.0]]}, "finger2joint3": {"matrix": [[-0.9365715980529785, -0.21255174279212952, -0.2786666750907898, -2.107511043548584], [0.0317620225250721, 0.7403625249862671, -0.6714567542076111, -0.8855463266372681], [0.34903377294540405, -0.6377184391021729, -0.6866514086723328, -0.6922215819358826], [0.0, 0.0, 0.0, 1.0]]}, "Bone.002": {"matrix": [[-0.6667364835739136, -0.3039015531539917, 0.6805190443992615, -1.1607428789138794], [0.006202549673616886, -0.9153195023536682, -0.40268048644065857, 0.23612932860851288], [0.7452676892280579, -0.26426073908805847, 0.6121618747711182, -0.07425156980752945], [0.0, 0.0, 0.0, 1.0]]}, "finger3joint1": {"matrix": [[-0.5377456545829773, -0.838679850101471, 0.08628851920366287, -1.288840413093567], [0.13507528603076935, -0.18672411143779755, -0.9730820059776306, -0.1496870219707489], [0.8322165608406067, -0.511614978313446, 0.21369504928588867, -0.18564018607139587], [0.0, 0.0, 0.0, 1.0]]}, "finger3joint2": {"matrix": [[-0.666532039642334, -0.27206680178642273, -0.6940566301345825, -2.02451491355896], [0.14149640500545502, 0.8679282069206238, -0.4761084318161011, -0.31347793340682983], [0.7319247722625732, -0.41554805636405945, -0.5400053858757019, -0.634419322013855], [0.0, 0.0, 0.0, 1.0]]}, "finger3joint3": {"matrix": [[-0.5529901385307312, 0.06095964089035988, -0.8309546709060669, -2.200563907623291], [0.26243045926094055, 0.9593008756637573, -0.10426880419254303, 0.24814128875732422], [0.7907794713973999, -0.2757275402545929, -0.5464814305305481, -0.9033122658729553], [0.0, 0.0, 0.0, 1.0]]}, "Bone.003": {"matrix": [[-0.23508821427822113, 0.7022443413734436, 0.6720017194747925, -1.160742998123169], [-0.6834231615066528, -0.6110392808914185, 0.3994542360305786, 0.23612931370735168], [0.691133975982666, -0.36535459756851196, 0.6235781311988831, -0.07425157725811005], [0.0, 0.0, 0.0, 1.0]]}, "finger4joint1": {"matrix": [[-0.4140399694442749, -0.6481581330299377, 0.6391100287437439, -0.8597474694252014], [0.5598799586296082, -0.7349350452423096, -0.3826284110546112, -0.025773942470550537], [0.7177082300186157, 0.1994015872478485, 0.6671833395957947, -0.23084966838359833], [0.0, 0.0, 0.0, 1.0]]}, "finger4joint2": {"matrix": [[-0.4163704514503479, -0.8427028656005859, 0.3413020670413971, -1.50360107421875], [0.5353927612304688, -0.5306559801101685, -0.6570832133293152, -0.7558283805847168], [0.7348400354385376, -0.09085927903652191, 0.6721267104148865, -0.03277230262756348], [0.0, 0.0, 0.0, 1.0]]}, "finger4joint3": {"matrix": [[-0.34982696175575256, -0.9343683123588562, 0.06765077263116837, -1.8550610542297363], [0.5872057676315308, -0.27496957778930664, -0.7613018751144409, -0.977145254611969], [0.7299383282661438, -0.22659899294376373, 0.6448585391044617, -0.0706663504242897], [0.0, 0.0, 0.0, 1.0]]}}