{"root": {"matrix": [[0.5028805732727051, -0.5399093627929688, 0.6749881505966187, -5.960464477539063e-08], [0.7759971618652344, -0.06194966658949852, -0.6276867389678955, 0.0], [0.38070932030677795, 0.8394403457641602, 0.38781479001045227, 5.960464477539063e-08], [0.0, 0.0, 0.0, 1.0]]}, "carpals": {"matrix": [[-0.7891979813575745, -0.5498817563056946, -0.27348896861076355, 0.5328928232192993], [0.6029956340789795, -0.6093578934669495, -0.5148583054542542, 1.7648284435272217], [0.11645862460136414, -0.5712378621101379, 0.8124804496765137, 1.639021396636963], [0.0, 0.0, 0.0, 1.0]]}, "metacarpals": {"matrix": [[-0.7886664271354675, -0.5919429063796997, 0.16615815460681915, -0.0026886463165283203], [0.3127405047416687, -0.6189209818840027, -0.7205067873001099, 1.1713175773620605], [0.5293377637863159, -0.51627516746521, 0.6732467412948608, 1.082639217376709], [0.0, 0.0, 0.0, 1.0]]}, "finger5joint1": {"matrix": [[-0.5687535405158997, -0.8220250606536865, -0.028175294399261475, -0.2704605460166931], [0.2953113317489624, -0.1721126139163971, -0.9397703409194946, 1.0596362352371216], [0.7676656246185303, -0.5428181290626526, 0.3406429886817932, 0.4181843400001526], [0.0, 0.0, 0.0, 1.0]]}, "finger5joint2": {"matrix": [[-0.16944937407970428, -0.9835076332092285, 0.06323637068271637, -1.1387429237365723], [-0.9278791546821594, 0.13758189976215363, -0.34657055139541626, 0.8778384923934937], [0.3321547210216522, -0.11740171909332275, -0.9358897805213928, -0.15517938137054443], [0.0, 0.0, 0.0, 1.0]]}, "finger5joint3": {"matrix": [[-0.2637483775615692, -0.9143255352973938, -0.30731868743896484, -1.8147422075271606], [-0.8904893398284912, 0.353259801864624, -0.2867678999900818, 0.9724032282829285], [0.3707627058029175, 0.19802971184253693, -0.9073691368103027, -0.23587369918823242], [0.0, 0.0, 0.0, 1.0]]}, "Bone": {"matrix": [[0.44681981205940247, -0.8924276232719421, 0.0626477301120758, -0.9268758893013], [0.7184901833534241, 0.3162458539009094, -0.6194838285446167, 0.2050100862979889], [0.5330324172973633, 0.3218095600605011, 0.782505452632904, 0.27659040689468384], [0.0, 0.0, 0.0, 1.0]]}, "finger1joint1": {"matrix": [[-0.5692583918571472, -0.7885909080505371, 0.23252743482589722, -1.6695432662963867], [0.4296738803386688, -0.526485025882721, -0.733616828918457, 0.4681859612464905], [0.7009458541870117, -0.31770649552345276, 0.6385430097579956, 0.5443963408470154], [0.0, 0.0, 0.0, 1.0]]}, "finger1joint2": {"matrix": [[-0.5971365571022034, -0.45537206530570984, -0.6603514552116394, -2.1152377128601074], [0.6430702805519104, 0.22030995786190033, -0.7334330677986145, 0.17062801122665405], [0.4794670045375824, -0.8626120686531067, 0.16128121316432953, 0.3648355305194855], [0.0, 0.0, 0.0, 1.0]]}, "finger1joint3": {"matrix": [[-0.6438319683074951, 0.36225202679634094, -0.6739834547042847, -2.310448169708252], [0.5569694638252258, 0.8258383274078369, -0.08818148076534271, 0.2650713324546814], [0.5246576070785522, -0.4321622848510742, -0.7334643602371216, -0.004952087998390198], [0.0, 0.0, 0.0, 1.0]]}, "Bone.001": {"matrix": [[0.12263476848602295, -0.9154897332191467, 0.3831956088542938, -0.9268758893013], [0.7047357559204102, -0.19153252243995667, -0.6831270456314087, 0.2050100862979889], [0.6987902522087097, 0.3538269102573395, 0.6216898560523987, 0.2765904366970062], [0.0, 0.0, 0.0, 1.0]]}, "finger2joint1": {"matrix": [[-0.7122061252593994, -0.4953441619873047, 0.49738937616348267, -1.5071897506713867], [0.40324917435646057, -0.868685781955719, -0.28770625591278076, 0.08360075950622559], [0.5745888352394104, -0.004334239289164543, 0.8184305429458618, 0.5008755326271057], [0.0, 0.0, 0.0, 1.0]]}, "finger2joint2": {"matrix": [[-0.7969876527786255, -0.5997819304466248, -0.07121820002794266, -1.9357361793518066], [0.3478952944278717, -0.35946640372276306, -0.8658825159072876, -0.6679418683052063], [0.4937403202056885, -0.7148740887641907, 0.49515169858932495, 0.49712568521499634], [0.0, 0.0, 0.0, 1.0]]}, "finger2joint3": {"matrix": [[-0.8509485125541687, -0.09393864870071411, -0.5167801976203918, -2.1634232997894287], [0.38033774495124817, 0.5683639049530029, -0.7295926213264465, -0.804401159286499], [0.3622562885284424, -0.8173969388008118, -0.4479199945926666, 0.22574779391288757], [0.0, 0.0, 0.0, 1.0]]}, "Bone.002": {"matrix": [[-0.5564802289009094, -0.6933251023292542, 0.45785340666770935, -0.9268759489059448], [0.38224464654922485, -0.7029136419296265, -0.5998345017433167, 0.2050100862979889], [0.7377118468284607, -0.158783957362175, 0.6561773419380188, 0.27659040689468384], [0.0, 0.0, 0.0, 1.0]]}, "finger3joint1": {"matrix": [[-0.47882556915283203, -0.8268972635269165, -0.2949012219905853, -1.2191195487976074], [0.44224023818969727, 0.06299100071191788, -0.8946818709373474, -0.09127505868673325], [0.7583863139152527, -0.5588136315345764, 0.3355255722999573, 0.20966139435768127], [0.0, 0.0, 0.0, 1.0]]}, "finger3joint2": {"matrix": [[-0.5917476415634155, -0.35278645157814026, -0.7248284816741943, -1.9444583654403687], [0.48100706934928894, 0.5670198798179626, -0.6686707139015198, -0.036020487546920776], [0.6468902826309204, -0.7443318963050842, -0.16583982110023499, -0.2805195748806], [0.0, 0.0, 0.0, 1.0]]}, "finger3joint3": {"matrix": [[-0.4781942665576935, -0.02477939985692501, -0.8779042959213257, -2.1727395057678223], [0.6141347885131836, 0.7051408290863037, -0.35442185401916504, 0.3308868408203125], [0.6278286576271057, -0.7086341381072998, -0.32197630405426025, -0.7621620893478394], [0.0, 0.0, 0.0, 1.0]]}, "Bone.003": {"matrix": [[-0.48164692521095276, 0.33649149537086487, 0.8091906309127808, -0.9268758893013], [-0.42926090955734253, -0.895581841468811, 0.11691099405288696, 0.2050100713968277], [0.7640360593795776, -0.291044145822525, 0.575796902179718, 0.27659040689468384], [0.0, 0.0, 0.0, 1.0]]}, "finger4joint1": {"matrix": [[-0.5148240327835083, -0.7466583847999573, 0.4212564527988434, -0.7826490998268127], [0.5743076205253601, -0.6651967763900757, -0.4771621823310852, -0.17885369062423706], [0.63649582862854, -0.0037236991338431835, 0.7712709903717041, 0.15184323489665985], [0.0, 0.0, 0.0, 1.0]]}, "finger4joint2": {"matrix": [[-0.5235738754272461, -0.8454799056053162, 0.10504034161567688, -1.5243489742279053], [0.549587070941925, -0.429373562335968, -0.7166533470153809, -0.8396329283714294], [0.6510177850723267, -0.31749218702316284, 0.6894738674163818, 0.14814426004886627], [0.0, 0.0, 0.0, 1.0]]}, "finger4joint3": {"matrix": [[-0.45296087861061096, -0.8782569766044617, -0.15326642990112305, -1.876967191696167], [0.5938016772270203, -0.16896960139274597, -0.7866691946983337, -1.01870858669281], [0.6650004982948303, -0.44734030961990356, 0.5980473160743713, 0.015730053186416626], [0.0, 0.0, 0.0, 1.0]]}}