{"root": {"matrix": [[0.34905755519866943, -0.624481737613678, 0.6986997723579407, 0.0], [0.9322160482406616, 0.15536534786224365, -0.32685601711273193, 1.4901161193847656e-08], [0.09556194394826889, 0.765430748462677, 0.6363832950592041, 0.0], [0.0, 0.0, 0.0, 1.0]]}, "carpals": {"matrix": [[-0.8478684425354004, -0.4310588240623474, -0.3087184727191925, 0.09957942366600037], [0.5286919474601746, -0.7313286066055298, -0.4308632016181946, 2.2970035076141357], [-0.04004724696278572, -0.5285323262214661, 0.8479679226875305, 0.8937807083129883], [0.0, 0.0, 0.0, 1.0]]}, "metacarpals": {"matrix": [[-0.7416142821311951, -0.5158939957618713, 0.4287906289100647, -0.32026922702789307], [0.370166152715683, -0.8477861881256104, -0.3797832429409027, 1.5846939086914062], [0.5594508051872253, -0.12292886525392532, 0.8196969628334045, 0.3789933919906616], [0.0, 0.0, 0.0, 1.0]]}, "finger5joint1": {"matrix": [[-0.6821255087852478, -0.6806403398513794, 0.2672698199748993, -0.6609368920326233], [0.29073408246040344, -0.5878163576126099, -0.7549472451210022, 1.1921674013137817], [0.6709532737731934, -0.4372643828392029, 0.5988500118255615, -0.12651950120925903], [0.0, 0.0, 0.0, 1.0]]}, "finger5joint2": {"matrix": [[0.28156599402427673, -0.7106345295906067, 0.6447622776031494, -1.3798785209655762], [-0.7615766525268555, -0.5742682814598083, -0.30036047101020813, 0.5712732672691345], [0.5837132930755615, -0.40646472573280334, -0.7028974294662476, -0.5883896946907043], [0.0, 0.0, 0.0, 1.0]]}, "finger5joint3": {"matrix": [[0.17806904017925262, -0.8444636464118958, 0.5051454305648804, -1.8683223724365234], [-0.7941655516624451, -0.426445871591568, -0.43294858932495117, 0.1765585094690323], [0.5810267329216003, -0.3240744173526764, -0.7465810775756836, -0.8677672147750854], [0.0, 0.0, 0.0, 1.0]]}, "Bone": {"matrix": [[0.3570159077644348, -0.8758739829063416, 0.32462939620018005, -1.1257230043411255], [0.9238332509994507, 0.27970388531684875, -0.2613380253314972, 0.2610643208026886], [0.1380990445613861, 0.3932053744792938, 0.9090203046798706, 0.18706724047660828], [0.0, 0.0, 0.0, 1.0]]}, "finger1joint1": {"matrix": [[-0.6588855385780334, -0.7308152318000793, 0.17826595902442932, -1.854614496231079], [0.4667211174964905, -0.5830054879188538, -0.6650381088256836, 0.49383044242858887], [0.5899500846862793, -0.35498353838920593, 0.7252209186553955, 0.5142879486083984], [0.0, 0.0, 0.0, 1.0]]}, "finger1joint2": {"matrix": [[-0.6671251654624939, -0.24957101047039032, -0.7018961310386658, -2.267655611038208], [0.6586020588874817, 0.24270910024642944, -0.7122747898101807, 0.16432836651802063], [0.3481197655200958, -0.9374467730522156, 0.002450676169246435, 0.3136589229106903], [0.0, 0.0, 0.0, 1.0]]}, "finger1joint3": {"matrix": [[-0.7251709699630737, 0.5414237380027771, -0.42542603611946106, -2.3746423721313477], [0.5737318992614746, 0.8167340159416199, 0.061457883566617966, 0.2683737874031067], [0.38073474168777466, -0.1995130479335785, -0.9029039144515991, -0.08820910006761551], [0.0, 0.0, 0.0, 1.0]]}, "Bone.001": {"matrix": [[0.07528452575206757, -0.7803325653076172, 0.6208164095878601, -1.125723123550415], [0.9263174533843994, -0.17574873566627502, -0.3332385718822479, 0.2610643208026886], [0.36914461851119995, 0.6001609563827515, 0.7096046805381775, 0.18706730008125305], [0.0, 0.0, 0.0, 1.0]]}, "finger2joint1": {"matrix": [[-0.6492680311203003, -0.6885737180709839, 0.3229812979698181, -1.6203632354736328], [0.5075923800468445, -0.708552896976471, -0.4902065098285675, 0.1496601104736328], [0.566392719745636, -0.15433253347873688, 0.80955570936203, 0.5674995183944702], [0.0, 0.0, 0.0, 1.0]]}, "finger2joint2": {"matrix": [[-0.7359343767166138, -0.36445245146751404, -0.5705915689468384, -2.2160820960998535], [0.4845573306083679, 0.30508318543434143, -0.8198341727256775, -0.46334367990493774], [0.4728686213493347, -0.8798286318778992, -0.0479230061173439, 0.4339788556098938], [0.0, 0.0, 0.0, 1.0]]}, "finger2joint3": {"matrix": [[-0.7189318537712097, 0.3394099473953247, -0.6065784692764282, -2.3544342517852783], [0.5876551270484924, 0.7628572583198547, -0.26964762806892395, -0.3475291132926941], [0.37121179699897766, -0.5503174662590027, -0.747898519039154, 0.09998147189617157], [0.0, 0.0, 0.0, 1.0]]}, "Bone.002": {"matrix": [[-0.4999123215675354, -0.5366848111152649, 0.6797476410865784, -1.125723123550415], [0.5465399026870728, -0.8043355941772461, -0.23310545086860657, 0.261064350605011], [0.6718494892120361, 0.2549770176410675, 0.695417046546936, 0.18706730008125305], [0.0, 0.0, 0.0, 1.0]]}, "finger3joint1": {"matrix": [[-0.4516482353210449, -0.8003484606742859, -0.3942791223526001, -1.3519411087036133], [0.5613225102424622, 0.08859765529632568, -0.8228409886360168, -0.07797118276357651], [0.6934919357299805, -0.5929524302482605, 0.40923869609832764, 0.29454267024993896], [0.0, 0.0, 0.0, 1.0]]}, "finger3joint2": {"matrix": [[-0.5568797588348389, -0.24442505836486816, -0.7938143610954285, -2.0539920330047607], [0.5997625589370728, 0.5428327322006226, -0.5878922939300537, -0.0002549588680267334], [0.5746040940284729, -0.8034854531288147, -0.1556955724954605, -0.2255842089653015], [0.0, 0.0, 0.0, 1.0]]}, "finger3joint3": {"matrix": [[-0.4268893301486969, 0.09618514031171799, -0.8991739153862, -2.2121546268463135], [0.7162666320800781, 0.6429392099380493, -0.27127689123153687, 0.3510013818740845], [0.5520214438438416, -0.7598536014556885, -0.3433580696582794, -0.745503842830658], [0.0, 0.0, 0.0, 1.0]]}, "Bone.003": {"matrix": [[-0.2438676953315735, 0.4747023284435272, 0.8456867933273315, -1.125723123550415], [-0.17433498799800873, -0.8792672157287598, 0.44327911734580994, 0.261064350605011], [0.9540103077888489, -0.03933131322264671, 0.2971821427345276, 0.18706728518009186], [0.0, 0.0, 0.0, 1.0]]}, "finger4joint1": {"matrix": [[-0.5917975306510925, -0.6584758162498474, 0.46495693922042847, -0.922256350517273], [0.5743145942687988, -0.7491745948791504, -0.329999715089798, -0.11580663919448853], [0.5656309127807617, 0.07173851132392883, 0.8215320706367493, 0.1702091097831726], [0.0, 0.0, 0.0, 1.0]]}, "finger4joint2": {"matrix": [[-0.5976475477218628, -0.8005971908569336, 0.04313986748456955, -1.5763592720031738], [0.5505107045173645, -0.44888511300086975, -0.7038747072219849, -0.8600060939788818], [0.5828851461410522, -0.39692017436027527, 0.7090126872062683, 0.24147120118141174], [0.0, 0.0, 0.0, 1.0]]}, "finger4joint3": {"matrix": [[-0.5295955538749695, -0.7933639883995056, -0.30016928911209106, -1.9102588891983032], [0.5961570143699646, -0.09638535976409912, -0.7970609664916992, -1.0472193956375122], [0.6034277081489563, -0.6010681986808777, 0.5240150094032288, 0.07593052089214325], [0.0, 0.0, 0.0, 1.0]]}}