{"root": {"matrix": [[0.5135452747344971, -0.8488224148750305, -0.1255858987569809, 0.0], [-0.7680545449256897, -0.3894701302051544, -0.5083357095718384, -2.9802322387695312e-08], [0.38257473707199097, 0.35751017928123474, -0.8519524931907654, 2.9802322387695312e-08], [0.0, 0.0, 0.0, 1.0]]}, "carpals": {"matrix": [[0.039930570870637894, -0.4283806383609772, -0.9027155637741089, 0.3446471691131592], [0.7868947982788086, 0.5702559351921082, -0.23580576479434967, -2.061004638671875], [0.6157937049865723, -0.7009264826774597, 0.3598611652851105, 1.3109015226364136], [0.0, 0.0, 0.0, 1.0]]}, "metacarpals": {"matrix": [[0.19104596972465515, -0.8342995643615723, -0.5171512961387634, -0.072593092918396], [0.8227922916412354, 0.42341405153274536, -0.3791213631629944, -1.505578875541687], [0.5352701544761658, -0.35307857394218445, 0.7673469185829163, 0.6282033324241638], [0.0, 0.0, 0.0, 1.0]]}, "finger5joint1": {"matrix": [[-0.1769631952047348, -0.8356074690818787, -0.5200422406196594, -0.36948496103286743], [0.9193924069404602, 0.0482415109872818, -0.3903715908527374, -1.2523630857467651], [0.35128524899482727, -0.5472044348716736, 0.7597143054008484, 0.017129063606262207], [0.0, 0.0, 0.0, 1.0]]}, "finger5joint2": {"matrix": [[-0.3747575581073761, -0.9136756062507629, 0.1573306769132614, -1.2521140575408936], [-0.4500773549079895, 0.03092929720878601, -0.8924534320831299, -1.2014068365097046], [0.8105471730232239, -0.40526479482650757, -0.42281606793403625, -0.5608678460121155], [0.0, 0.0, 0.0, 1.0]]}, "finger5joint3": {"matrix": [[-0.46650826930999756, -0.8837003707885742, -0.03798810392618179, -1.8801151514053345], [-0.39540547132492065, 0.2467682659626007, -0.8847368359565735, -1.1801481246948242], [0.7912167906761169, -0.3977164924144745, -0.4645397663116455, -0.8394205570220947], [0.0, 0.0, 0.0, 1.0]]}, "Bone": {"matrix": [[0.8945073485374451, 0.12955830991268158, -0.42786791920661926, -1.3751661777496338], [-0.25764280557632446, 0.9315569400787354, -0.25655704736709595, -0.8445119857788086], [0.3653443157672882, 0.3397294580936432, 0.866664469242096, 0.07694968581199646], [0.0, 0.0, 0.0, 1.0]]}, "finger1joint1": {"matrix": [[0.28156864643096924, -0.9170520901679993, -0.28237247467041016, -1.2673494815826416], [0.7356097102165222, 0.3952539563179016, -0.550138533115387, -0.06928180158138275], [0.6161147952079773, -0.05281415581703186, 0.7858836650848389, 0.3596683144569397], [0.0, 0.0, 0.0, 1.0]]}, "finger1joint2": {"matrix": [[0.37245404720306396, -0.7301949262619019, -0.5727941393852234, -1.7856473922729492], [0.8601214289665222, 0.5033851861953735, -0.08242707699537277, 0.15410715341567993], [0.3485240638256073, -0.46197229623794556, 0.8155443072319031, 0.3298189043998718], [0.0, 0.0, 0.0, 1.0]]}, "finger1joint3": {"matrix": [[0.3390672206878662, -0.22975747287273407, -0.9122744202613831, -2.09867000579834], [0.8283019661903381, 0.5326757431030273, 0.1737017035484314, 0.36990007758140564], [0.4460373818874359, -0.81453537940979, 0.3709215223789215, 0.1317790150642395], [0.0, 0.0, 0.0, 1.0]]}, "Bone.001": {"matrix": [[0.8285065293312073, -0.35223525762557983, -0.43532395362854004, -1.3751661777496338], [0.044356875121593475, 0.816230833530426, -0.5760201811790466, -0.8445119857788086], [0.5582196116447449, 0.45792707800865173, 0.6918767690658569, 0.07694965600967407], [0.0, 0.0, 0.0, 1.0]]}, "finger2joint1": {"matrix": [[0.540472149848938, -0.4797271192073822, -0.6911956071853638, -1.5984423160552979], [0.373258501291275, 0.8729655146598816, -0.3140203654766083, -0.32711660861968994], [0.7540342807769775, -0.08827535063028336, 0.650875985622406, 0.3672221302986145], [0.0, 0.0, 0.0, 1.0]]}, "finger2joint2": {"matrix": [[0.5564281344413757, -0.3254282772541046, -0.7645154595375061, -2.0134778022766113], [0.4780884385108948, 0.8779339790344238, -0.025745494291186333, 0.42812857031822205], [0.6795727610588074, -0.3511804938316345, 0.6440908312797546, 0.29085081815719604], [0.0, 0.0, 0.0, 1.0]]}, "finger2joint3": {"matrix": [[0.581501305103302, -0.06502612680196762, -0.8109423518180847, -2.1370158195495605], [0.5760053396224976, 0.7368419766426086, 0.3539509177207947, 0.7614067792892456], [0.5745205879211426, -0.6729301810264587, 0.46593013405799866, 0.15753695368766785], [0.0, 0.0, 0.0, 1.0]]}, "Bone.002": {"matrix": [[0.35499319434165955, -0.8744007349014282, -0.3307611346244812, -1.3751661777496338], [0.6099782586097717, 0.48475930094718933, -0.6268450021743774, -0.8445119857788086], [0.7084535360336304, 0.02076863683760166, 0.7054517865180969, 0.07694967836141586], [0.0, 0.0, 0.0, 1.0]]}, "finger3joint1": {"matrix": [[0.43531158566474915, -0.5681714415550232, -0.698344349861145, -1.7437350749969482], [0.6140521168708801, 0.7546411752700806, -0.2312065213918686, -0.6401811242103577], [0.6583646535873413, -0.3281729519367218, 0.677390992641449, 0.08570386469364166], [0.0, 0.0, 0.0, 1.0]]}, "finger3joint2": {"matrix": [[0.3667534589767456, -0.029379146173596382, -0.9298540949821472, -2.242124319076538], [0.7341538071632385, 0.6230431795120239, 0.2698797583580017, 0.021776199340820312], [0.5714107155799866, -0.7816352844238281, 0.2500721216201782, -0.20216339826583862], [0.0, 0.0, 0.0, 1.0]]}, "finger3joint3": {"matrix": [[0.5159828066825867, 0.2466052919626236, -0.82033371925354, -2.2611348628997803], [0.7083091139793396, 0.4157314896583557, 0.5704955458641052, 0.42493516206741333], [0.4817260205745697, -0.8754159212112427, 0.03983757644891739, -0.7079442143440247], [0.0, 0.0, 0.0, 1.0]]}, "Bone.003": {"matrix": [[-0.39081519842147827, -0.8165560960769653, 0.42485225200653076, -1.3751661777496338], [0.31911545991897583, -0.5531300902366638, -0.7695532441139221, -0.8445119261741638], [0.86338210105896, -0.16517628729343414, 0.47674742341041565, 0.07694967836141586], [0.0, 0.0, 0.0, 1.0]]}, "finger4joint1": {"matrix": [[-0.1699582189321518, -0.9811835289001465, 0.09161119908094406, -1.7251579761505127], [0.8746517300605774, -0.19302265346050262, -0.4446640908718109, -1.0815942287445068], [0.45398038625717163, 0.004553471691906452, 0.890999972820282, 0.006151906680315733], [0.0, 0.0, 0.0, 1.0]]}, "finger4joint2": {"matrix": [[-0.19060464203357697, 0.29961925745010376, -0.9348249435424805, -2.6998255252838135], [0.8612474799156189, 0.5080245733261108, -0.012776750139892101, -1.2733349800109863], [0.4710861146450043, -0.8075512647628784, -0.35487842559814453, 0.010675102472305298], [0.0, 0.0, 0.0, 1.0]]}, "finger4joint3": {"matrix": [[-0.201155424118042, 0.9031041860580444, 0.37939268350601196, -2.5748655796051025], [0.8161311149597168, -0.05967915803194046, 0.574776291847229, -1.0614567995071411], [0.5417249798774719, 0.42525380849838257, -0.7250469923019409, -0.32612454891204834], [0.0, 0.0, 0.0, 1.0]]}}