{"root": {"matrix": [[0.40425750613212585, -0.8201887011528015, 0.40480414032936096, 0.0], [0.3482697010040283, -0.2712079882621765, -0.8973039984703064, 0.0], [0.8457447290420532, 0.5037228465080261, 0.176008939743042, 5.960464477539063e-08], [0.0, 0.0, 0.0, 1.0]]}, "carpals": {"matrix": [[-0.6925510168075562, -0.4461255371570587, -0.5668728947639465, 0.06589311361312866], [0.6857608556747437, -0.16331811249256134, -0.7092666029930115, 0.6230206489562988], [0.22384150326251984, -0.8799425363540649, 0.41904154419898987, 2.3858938217163086], [0.0, 0.0, 0.0, 1.0]]}, "metacarpals": {"matrix": [[-0.8417838215827942, -0.5397788882255554, 0.006203033495694399, -0.3686305284500122], [0.2511068880558014, -0.40172091126441956, -0.8806619644165039, 0.4639497697353363], [0.47785478830337524, -0.7397693395614624, 0.4737042486667633, 1.5288349390029907], [0.0, 0.0, 0.0, 1.0]]}, "finger5joint1": {"matrix": [[-0.7957333922386169, -0.6054801940917969, 0.01420545857399702, -0.5315132737159729], [0.2296760529279709, -0.3233814537525177, -0.9179723262786865, 0.5529150366783142], [0.5604080557823181, -0.7271985411643982, 0.39638960361480713, 0.8279576301574707], [0.0, 0.0, 0.0, 1.0]]}, "finger5joint2": {"matrix": [[0.1169426217675209, -0.9314899444580078, 0.34445634484291077, -1.171065330505371], [-0.8883721232414246, -0.25316542387008667, -0.3830168843269348, 0.2113361656665802], [0.44398078322410583, -0.2612141966819763, -0.8571158647537231, 0.05983797460794449], [0.0, 0.0, 0.0, 1.0]]}, "finger5joint3": {"matrix": [[0.010330437682569027, -0.9924809336662292, 0.12196001410484314, -1.811310887336731], [-0.8856868147850037, -0.06569758802652359, -0.4596109688282013, 0.037326689809560776], [0.4641675651073456, -0.10327014327049255, -0.8797062635421753, -0.11970369517803192], [0.0, 0.0, 0.0, 1.0]]}, "Bone": {"matrix": [[0.40079405903816223, -0.9099248647689819, -0.10677380114793777, -1.2113752365112305], [0.5087089538574219, 0.317954421043396, -0.8000750541687012, -0.16324812173843384], [0.7619573473930359, 0.2663486897945404, 0.5903210639953613, 0.37384968996047974], [0.0, 0.0, 0.0, 1.0]]}, "finger1joint1": {"matrix": [[-0.7658259868621826, -0.6256182789802551, -0.148701474070549, -1.9686033725738525], [0.2755356431007385, -0.11030871421098709, -0.9549407958984375, 0.10134962946176529], [0.5810254812240601, -0.7722909450531006, 0.25685733556747437, 0.5955017805099487], [0.0, 0.0, 0.0, 1.0]]}, "finger1joint2": {"matrix": [[-0.6715224981307983, -0.15484698116779327, -0.7246239185333252, -2.3221893310546875], [0.5553420782089233, 0.542252779006958, -0.630521297454834, 0.03900553286075592], [0.4905637800693512, -0.8258232474327087, -0.2781418263912201, 0.15901964902877808], [0.0, 0.0, 0.0, 1.0]]}, "finger1joint3": {"matrix": [[-0.7353195548057556, 0.5807338356971741, -0.34936121106147766, -2.3885698318481445], [0.4683626890182495, 0.8080315589904785, 0.35738125443458557, 0.2714603543281555], [0.4898384213447571, 0.09916165471076965, -0.8661552667617798, -0.194997176527977], [0.0, 0.0, 0.0, 1.0]]}, "Bone.001": {"matrix": [[0.05376702919602394, -0.9715302586555481, 0.23073293268680573, -1.2113752365112305], [0.488163024187088, -0.17599917948246002, -0.8548221588134766, -0.16324809193611145], [0.8710945248603821, 0.15859661996364594, 0.4648021161556244, 0.37384968996047974], [0.0, 0.0, 0.0, 1.0]]}, "finger2joint1": {"matrix": [[-0.5261025428771973, -0.5532345771789551, -0.6458693742752075, -1.8272123336791992], [0.1304301917552948, 0.6979929804801941, -0.7041261196136475, -0.2748110890388489], [0.8403592705726624, -0.4546833336353302, -0.29505741596221924, 0.4743814766407013], [0.0, 0.0, 0.0, 1.0]]}, "finger2joint2": {"matrix": [[-0.512029767036438, -0.08780571818351746, -0.8544679284095764, -2.305842638015747], [0.257526159286499, 0.9333094358444214, -0.2502270042896271, 0.3290567696094513], [0.8194544911384583, -0.3481713533401489, -0.45526984333992004, 0.08101265877485275], [0.0, 0.0, 0.0, 1.0]]}, "finger2joint3": {"matrix": [[-0.44031068682670593, 0.36421242356300354, -0.8206555247306824, -2.339175224304199], [0.38419628143310547, 0.90254807472229, 0.19442202150821686, 0.6833564043045044], [0.8114921450614929, -0.2296866476535797, -0.5373305082321167, -0.05115889757871628], [0.0, 0.0, 0.0, 1.0]]}, "Bone.002": {"matrix": [[-0.642509937286377, -0.7033333778381348, 0.30414292216300964, -1.2113752365112305], [0.24057146906852722, -0.561987578868866, -0.791388213634491, -0.16324809193611145], [0.7275344133377075, -0.435306578874588, 0.5302844047546387, 0.37384966015815735], [0.0, 0.0, 0.0, 1.0]]}, "finger3joint1": {"matrix": [[-0.6205722689628601, -0.6918226480484009, -0.36914950609207153, -1.5078372955322266], [0.29254594445228577, 0.23251576721668243, -0.9275522828102112, -0.400131493806839], [0.7275349497795105, -0.6836061477661133, 0.05809703469276428, 0.1903635561466217], [0.0, 0.0, 0.0, 1.0]]}, "finger3joint2": {"matrix": [[-0.7073643207550049, -0.17611247301101685, -0.6845582127571106, -2.1146914958953857], [0.36139097809791565, 0.7422110438346863, -0.5643751621246338, -0.19617298245429993], [0.6074803471565247, -0.6466118693351746, -0.4613681137561798, -0.4092831313610077], [0.0, 0.0, 0.0, 1.0]]}, "finger3joint3": {"matrix": [[-0.5900264978408813, 0.14717859029769897, -0.7938557267189026, -2.2286500930786133], [0.48752471804618835, 0.8487013578414917, -0.20500171184539795, 0.28409716486930847], [0.6435747742652893, -0.5079807043075562, -0.5725093483924866, -0.8276929259300232], [0.0, 0.0, 0.0, 1.0]]}, "Bone.003": {"matrix": [[-0.6269698143005371, 0.3191949427127838, 0.7106499075889587, -1.2113752365112305], [-0.5544678568840027, -0.8236179947853088, -0.11924298107624054, -0.16324806213378906], [0.5472422242164612, -0.4687943756580353, 0.6933668255805969, 0.37384966015815735], [0.0, 0.0, 0.0, 1.0]]}, "finger4joint1": {"matrix": [[-0.5001409649848938, -0.6409099698066711, 0.5823168754577637, -1.0745620727539062], [0.5813038945198059, -0.7469168901443481, -0.322801411151886, -0.5162667632102966], [0.6418291926383972, 0.1770569235086441, 0.7461271286010742, 0.1729152798652649], [0.0, 0.0, 0.0, 1.0]]}, "finger4joint2": {"matrix": [[-0.5033632516860962, -0.8323938846588135, -0.23183025419712067, -1.7112159729003906], [0.5576876401901245, -0.10803209990262985, -0.8229904174804688, -1.2582234144210815], [0.6600073575973511, -0.543552041053772, 0.518595278263092, 0.34879636764526367], [0.0, 0.0, 0.0, 1.0]]}, "finger4joint3": {"matrix": [[-0.4289821684360504, -0.4154147505760193, -0.8021249175071716, -2.0583763122558594], [0.5767171382904053, 0.5574963092803955, -0.5971556901931763, -1.3032795190811157], [0.6952491402626038, -0.7187684178352356, 0.0004209008766338229, 0.12210099399089813], [0.0, 0.0, 0.0, 1.0]]}}