{"root": {"matrix": [[0.40897804498672485, -0.8956226706504822, -0.17491993308067322, 0.0], [-0.4910064935684204, -0.054404374212026596, -0.8694554567337036, -3.725290298461914e-09], [0.7691875696182251, 0.4414750039577484, -0.4620068073272705, 0.0], [0.0, 0.0, 0.0, 1.0]]}, "carpals": {"matrix": [[0.4165956676006317, -0.519736647605896, -0.7458696961402893, 0.06790870428085327], [0.9070695042610168, 0.18294785916805267, 0.3791499137878418, -1.0659005641937256], [-0.06060267239809036, -0.8345080018043518, 0.5476527214050293, 2.223562240600586], [0.0, 0.0, 0.0, 1.0]]}, "metacarpals": {"matrix": [[0.5708974599838257, -0.8137585520744324, -0.10896262526512146, -0.4383115768432617], [0.6429563760757446, 0.3605925738811493, 0.6757068634033203, -0.8877105116844177], [-0.5105711221694946, -0.4558175504207611, 0.7290729284286499, 1.4107565879821777], [0.0, 0.0, 0.0, 1.0]]}, "finger5joint1": {"matrix": [[0.5230246186256409, -0.8421703577041626, -0.1311262995004654, -0.9580481052398682], [0.683186948299408, 0.3222600221633911, 0.6552890539169312, -1.0727119445800781], [-0.5096082091331482, -0.4323160648345947, 0.743910014629364, 0.9403061866760254], [0.0, 0.0, 0.0, 1.0]]}, "finger5joint2": {"matrix": [[-0.0768793597817421, -0.491685688495636, -0.8673720359802246, -1.847609281539917], [0.5977794528007507, 0.6735172867774963, -0.43477994203567505, -0.7323176264762878], [0.7979655861854553, -0.551922619342804, 0.24214006960391998, 0.4836627244949341], [0.0, 0.0, 0.0, 1.0]]}, "finger5joint3": {"matrix": [[-0.07457555085420609, -0.022568978369235992, -0.9969596862792969, -2.1855618953704834], [0.6810711026191711, 0.7291033864021301, -0.06745167076587677, -0.26938557624816895], [0.7284094095230103, -0.6840307116508484, -0.03900212422013283, 0.10430695116519928], [0.0, 0.0, 0.0, 1.0]]}, "Bone": {"matrix": [[0.8984391689300537, 0.4375011920928955, 0.03740919381380081, -1.7088146209716797], [-0.3127899467945099, 0.577881395816803, 0.7538005113601685, -0.3247253894805908], [0.3081705570220947, -0.6889452338218689, 0.6560375094413757, 0.6990988254547119], [0.0, 0.0, 0.0, 1.0]]}, "finger1joint1": {"matrix": [[0.7959839105606079, -0.5345052480697632, 0.2841012179851532, -1.3447315692901611], [0.5148025155067444, 0.8446522951126099, 0.14676709473133087, 0.15618035197257996], [-0.31841450929641724, 0.029431963339447975, 0.9474945068359375, 0.1257670819759369], [0.0, 0.0, 0.0, 1.0]]}, "finger1joint2": {"matrix": [[0.6822217106819153, -0.6502350568771362, 0.33431679010391235, -1.646822452545166], [0.4286770522594452, 0.7261416912078857, 0.5375444293022156, 0.6335595846176147], [-0.5922916531562805, -0.22341042757034302, 0.7741307020187378, 0.14240139722824097], [0.0, 0.0, 0.0, 1.0]]}, "finger1joint3": {"matrix": [[0.7359650135040283, -0.676283597946167, -0.03155573830008507, -1.925567626953125], [0.45398178696632385, 0.4583939015865326, 0.7640519142150879, 0.9448444843292236], [-0.5022509098052979, -0.5766412019729614, 0.6443825960159302, 0.04662902653217316], [0.0, 0.0, 0.0, 1.0]]}, "Bone.001": {"matrix": [[0.9912201762199402, 0.07170269638299942, -0.11108958721160889, -1.7088147401809692], [-0.007640576921403408, 0.8698450922966003, 0.49326545000076294, -0.3247253894805908], [0.13199923932552338, -0.4880858063697815, 0.8627561330795288, 0.6990988254547119], [0.0, 0.0, 0.0, 1.0]]}, "finger2joint1": {"matrix": [[0.6701343655586243, -0.38339319825172424, -0.6355542540550232, -1.6633635759353638], [0.5779467225074768, -0.26773929595947266, 0.7709039449691772, 0.22665518522262573], [-0.46572214365005493, -0.8839259743690491, 0.04215972125530243, 0.3897091746330261], [0.0, 0.0, 0.0, 1.0]]}, "finger2joint2": {"matrix": [[0.6885716319084167, -0.29787853360176086, -0.6611635684967041, -1.9950556755065918], [0.4776419401168823, -0.499725878238678, 0.7225869297981262, -0.004979178309440613], [-0.5456437468528748, -0.8133525252342224, -0.20181764662265778, -0.37501847743988037], [0.0, 0.0, 0.0, 1.0]]}, "finger2joint3": {"matrix": [[0.7061656713485718, -0.21101582050323486, -0.6758713126182556, -2.108135223388672], [0.35068389773368835, -0.725019097328186, 0.5927627682685852, -0.19468334317207336], [-0.6151019930839539, -0.6556061506271362, -0.4379837214946747, -0.6837804317474365], [0.0, 0.0, 0.0, 1.0]]}, "Bone.002": {"matrix": [[0.7620952129364014, -0.6470068097114563, -0.024351194500923157, -1.7088146209716797], [0.5932732820510864, 0.6827524900436401, 0.42646875977516174, -0.3247253894805908], [-0.2593022584915161, -0.3394565284252167, 0.9041744470596313, 0.6990988254547119], [0.0, 0.0, 0.0, 1.0]]}, "finger3joint1": {"matrix": [[0.9831191897392273, -0.09767081588506699, -0.154715895652771, -1.981534481048584], [0.17676760256290436, 0.7252683639526367, 0.6653861999511719, -0.036938369274139404], [0.047221679240465164, -0.6815025806427002, 0.7302905321121216, 0.5560144186019897], [0.0, 0.0, 0.0, 1.0]]}, "finger3joint2": {"matrix": [[0.9605594873428345, -0.11394014954566956, -0.25365909934043884, -2.0672097206115723], [0.26327794790267944, 0.07904864847660065, 0.9614759087562561, 0.5992537140846252], [-0.089499332010746, -0.9903376698493958, 0.10592909902334213, -0.04178696870803833], [0.0, 0.0, 0.0, 1.0]]}, "finger3joint3": {"matrix": [[0.9826834201812744, -0.12185870110988617, -0.13958363234996796, -2.1409380435943604], [0.1014358177781105, -0.2766198515892029, 0.9556108117103577, 0.6504045128822327], [-0.15506118535995483, -0.95322185754776, -0.2594687044620514, -0.6826150417327881], [0.0, 0.0, 0.0, 1.0]]}, "Bone.003": {"matrix": [[0.16286228597164154, -0.8656580448150635, 0.4734046459197998, -1.7088147401809692], [0.9768063426017761, 0.07386203110218048, -0.20098143815994263, -0.3247253894805908], [0.1390148401260376, 0.49515706300735474, 0.8576096892356873, 0.6990987658500671], [0.0, 0.0, 0.0, 1.0]]}, "finger4joint1": {"matrix": [[0.5013360381126404, -0.5803841352462769, -0.6417290568351746, -2.07985258102417], [0.6460634469985962, -0.24225513637065887, 0.7238190174102783, -0.2930666506290436], [-0.5755552053451538, -0.7774744629859924, 0.25351402163505554, 0.9113327264785767], [0.0, 0.0, 0.0, 1.0]]}, "finger4joint2": {"matrix": [[0.4754146337509155, 0.310028612613678, -0.8233243227005005, -2.6563825607299805], [0.6541969776153564, -0.7503056526184082, 0.09522183239459991, -0.5337130427360535], [-0.5882233381271362, -0.583886444568634, -0.5595261454582214, 0.13902142643928528], [0.0, 0.0, 0.0, 1.0]]}, "finger4joint3": {"matrix": [[0.45999085903167725, 0.781107485294342, -0.4222312271595001, -2.52708101272583], [0.7128394842147827, -0.6083846092224121, -0.3488946855068207, -0.8466376662254333], [-0.5294031500816345, -0.1404949426651001, -0.8366559147834778, -0.10449592769145966], [0.0, 0.0, 0.0, 1.0]]}}