{"root": {"matrix": [[0.4165536165237427, -0.5001552700996399, 0.7591625452041626, 0.0], [0.8819929957389832, 0.019896840676665306, -0.47084230184555054, 0.0], [0.22038938105106354, 0.8657070994377136, 0.4494214951992035, 5.960464477539063e-08], [0.0, 0.0, 0.0, 1.0]]}, "carpals": {"matrix": [[-0.8249955773353577, -0.5314140915870667, -0.19230447709560394, 0.3671151101589203], [0.5498380661010742, -0.6761152744293213, -0.49045491218566895, 2.067014455795288], [0.1306147277355194, -0.510359525680542, 0.8499839305877686, 1.2952463626861572], [0.0, 0.0, 0.0, 1.0]]}, "metacarpals": {"matrix": [[-0.7703467607498169, -0.5365839004516602, 0.34444642066955566, -0.15047895908355713], [0.25360292196273804, -0.7534748911857605, -0.606597900390625, 1.4084824323654175], [0.585022509098053, -0.3799380958080292, 0.7165161967277527, 0.798159122467041], [0.0, 0.0, 0.0, 1.0]]}, "finger5joint1": {"matrix": [[-0.7230794429779053, -0.6890952587127686, 0.04799459129571915, -0.4632156491279602], [0.06626522541046143, -0.13835720717906952, -0.9881629347801208, 1.1835334300994873], [0.6875789761543274, -0.7113400101661682, 0.14570631086826324, 0.18393731117248535], [0.0, 0.0, 0.0, 1.0]]}, "finger5joint2": {"matrix": [[-0.07226448506116867, -0.8892639875411987, 0.4516487717628479, -1.1910879611968994], [-0.99314284324646, 0.022434554994106293, -0.11473281681537628, 1.0373904705047607], [0.09189525991678238, -0.4568428099155426, -0.8847877979278564, -0.5674314498901367], [0.0, 0.0, 0.0, 1.0]]}, "finger5joint3": {"matrix": [[-0.17972151935100555, -0.9463643431663513, 0.2685033082962036, -1.8023103475570679], [-0.9788818359375, 0.14501796662807465, -0.144082173705101, 1.052810549736023], [0.0974164828658104, -0.28872761130332947, -0.9524420499801636, -0.8814355134963989], [0.0, 0.0, 0.0, 1.0]]}, "Bone": {"matrix": [[0.3800774812698364, -0.8938239812850952, 0.2379487305879593, -0.9882354140281677], [0.8321731686592102, 0.2181449830532074, -0.5098041892051697, 0.23209890723228455], [0.403767853975296, 0.3917797803878784, 0.8267284035682678, 0.20497030019760132], [0.0, 0.0, 0.0, 1.0]]}, "finger1joint1": {"matrix": [[-0.33146393299102783, -0.8724167943000793, -0.3591940999031067, -1.7320647239685059], [0.4004502594470978, 0.2146284431219101, -0.8908276557922363, 0.4136364758014679], [0.8542664051055908, -0.43911659717559814, 0.27821803092956543, 0.5310046076774597], [0.0, 0.0, 0.0, 1.0]]}, "finger1joint2": {"matrix": [[-0.18885047733783722, -0.2545144557952881, -0.9484501481056213, -2.2251358032226562], [0.6482816934585571, 0.6931458711624146, -0.3150864243507385, 0.5349398255348206], [0.7376084327697754, -0.6743671298027039, 0.03409620746970177, 0.28282541036605835], [0.0, 0.0, 0.0, 1.0]]}, "finger1joint3": {"matrix": [[-0.27446678280830383, 0.46636533737182617, -0.840934693813324, -2.3342418670654297], [0.5871708393096924, 0.7738340497016907, 0.23751035332679749, 0.8320800065994263], [0.7615106105804443, -0.42858365178108215, -0.486227810382843, -0.00626470148563385], [0.0, 0.0, 0.0, 1.0]]}, "Bone.001": {"matrix": [[0.08052150905132294, -0.8335249423980713, 0.5465822219848633, -0.988235354423523], [0.7906176447868347, -0.2805263102054596, -0.5442686676979065, 0.23209890723228455], [0.6069923043251038, 0.4759629964828491, 0.6364112496376038, 0.2049703299999237], [0.0, 0.0, 0.0, 1.0]]}, "finger2joint1": {"matrix": [[-0.7048636078834534, -0.4535268545150757, 0.5454175472259521, -1.5165932178497314], [0.35884714126586914, -0.8912423253059387, -0.2773364782333374, 0.05427783727645874], [0.6118788719177246, 0.00023719343880657107, 0.7909512519836426, 0.5066754817962646], [0.0, 0.0, 0.0, 1.0]]}, "finger2joint2": {"matrix": [[-0.7903635501861572, -0.6046520471572876, -0.09859533607959747, -1.908961534500122], [0.30086788535118103, -0.24289801716804504, -0.9222140312194824, -0.7167795300483704], [0.53367018699646, -0.7585486173629761, 0.3738982379436493, 0.5068807005882263], [0.0, 0.0, 0.0, 1.0]]}, "finger2joint3": {"matrix": [[-0.8425071835517883, -0.14676585793495178, -0.5183058977127075, -2.1384973526000977], [0.3522135317325592, 0.577924907207489, -0.7361712455749512, -0.808987557888031], [0.40758681297302246, -0.8027840852737427, -0.43521299958229065, 0.2189231812953949], [0.0, 0.0, 0.0, 1.0]]}, "Bone.002": {"matrix": [[-0.5320802927017212, -0.5868364572525024, 0.6103386282920837, -0.988235354423523], [0.37955448031425476, -0.8096790313720703, -0.44761374592781067, 0.23209892213344574], [0.7568546533584595, -0.006509621161967516, 0.6535507440567017, 0.2049703150987625], [0.0, 0.0, 0.0, 1.0]]}, "finger3joint1": {"matrix": [[-0.5002695918083191, -0.8197781443595886, -0.2787362337112427, -1.2355928421020508], [0.41168758273124695, 0.05800323933362961, -0.9094772338867188, -0.10918892920017242], [0.7617374062538147, -0.5697360038757324, 0.3084752559661865, 0.202226459980011], [0.0, 0.0, 0.0, 1.0]]}, "finger3joint2": {"matrix": [[-0.6124069094657898, -0.3440767228603363, -0.7117365002632141, -1.9546871185302734], [0.45064735412597656, 0.5877649188041687, -0.6718997359275818, -0.058309584856033325], [0.6495189666748047, -0.7322182059288025, -0.20489397644996643, -0.29753538966178894], [0.0, 0.0, 0.0, 1.0]]}, "finger3joint3": {"matrix": [[-0.5003029704093933, -0.010611850768327713, -0.8657852411270142, -2.1773324012756348], [0.5858175754547119, 0.732164740562439, -0.34749454259872437, 0.322021484375], [0.6375851035118103, -0.68104487657547, -0.3600875437259674, -0.7713394165039062], [0.0, 0.0, 0.0, 1.0]]}, "Bone.003": {"matrix": [[-0.328501433134079, 0.44173139333724976, 0.8348413109779358, -0.9882354736328125], [-0.4040309190750122, -0.8646618723869324, 0.2985277473926544, 0.23209893703460693], [0.8537245392799377, -0.23923495411872864, 0.46251583099365234, 0.2049703299999237], [0.0, 0.0, 0.0, 1.0]]}, "finger4joint1": {"matrix": [[-0.5057325959205627, -0.7260889410972595, 0.4658637046813965, -0.798900842666626], [0.5535230040550232, -0.6873093843460083, -0.4703379273414612, -0.13851195573806763], [0.6616998910903931, 0.020001066848635674, 0.7495018243789673, 0.10242956876754761], [0.0, 0.0, 0.0, 1.0]]}, "finger4joint2": {"matrix": [[-0.5131536722183228, -0.8443886637687683, 0.1538849174976349, -1.5201677083969116], [0.5284366607666016, -0.4520997405052185, -0.7185819745063782, -0.8212568759918213], [0.676334023475647, -0.28742462396621704, 0.6782028079032898, 0.12229780852794647], [0.0, 0.0, 0.0, 1.0]]}, "finger4joint3": {"matrix": [[-0.4433830976486206, -0.8900796175003052, -0.10568434745073318, -1.872330904006958], [0.574644148349762, -0.19178421795368195, -0.7956145405769348, -1.0098109245300293], [0.6878919005393982, -0.4134930372238159, 0.5965131521224976, 0.0024236589670181274], [0.0, 0.0, 0.0, 1.0]]}}