{"root": {"matrix": [[0.5102253556251526, -0.8517470955848694, 0.11915086954832077, -5.960464477539063e-08], [-0.23479865491390228, -0.2712307274341583, -0.933436393737793, 0.0], [0.8273690938949585, 0.44828641414642334, -0.3383779227733612, 0.0], [0.0, 0.0, 0.0, 1.0]]}, "carpals": {"matrix": [[-0.38597068190574646, -0.6446353197097778, -0.659902811050415, 0.3067617118358612], [0.8583597540855408, 0.011138374917209148, -0.5129270553588867, -0.6915332674980164], [0.3380013704299927, -0.7644088864326477, 0.5490299463272095, 2.3479063510894775], [0.0, 0.0, 0.0, 1.0]]}, "metacarpals": {"matrix": [[-0.5842493176460266, -0.666563093662262, -0.46297526359558105, -0.3211092948913574], [0.712663471698761, -0.14844533801078796, -0.6856198310852051, -0.6806845664978027], [0.3882826268672943, -0.7305185198783875, 0.5617641806602478, 1.6033766269683838], [0.0, 0.0, 0.0, 1.0]]}, "finger5joint1": {"matrix": [[-0.48630833625793457, -0.7698207497596741, -0.41337621212005615, -0.408527672290802], [0.7085666656494141, -0.07059989869594574, -0.7021030187606812, -0.6084039211273193], [0.5113095045089722, -0.6343432068824768, 0.5798026323318481, 0.8872702717781067], [0.0, 0.0, 0.0, 1.0]]}, "finger5joint2": {"matrix": [[-0.30372297763824463, -0.9204737544059753, 0.24592621624469757, -1.221668004989624], [-0.7248956561088562, 0.055748119950294495, -0.6865988373756409, -0.6829766631126404], [0.6182863712310791, -0.3868066072463989, -0.6841799020767212, 0.2172311246395111], [0.0, 0.0, 0.0, 1.0]]}, "finger5joint3": {"matrix": [[-0.40140432119369507, -0.9156373143196106, 0.02195856347680092, -1.8543418645858765], [-0.6776211857795715, 0.280760258436203, -0.6797078251838684, -0.6446591019630432], [0.616200864315033, -0.2877171039581299, -0.7331540584564209, -0.04863462597131729], [0.0, 0.0, 0.0, 1.0]]}, "Bone": {"matrix": [[0.6050558090209961, -0.6055935621261597, -0.5168787837028503, -1.3617992401123047], [0.31418997049331665, 0.7781214714050293, -0.5438855290412903, -0.9124489426612854], [0.7315680980682373, 0.16668322682380676, 0.6610783338546753, 0.4628343880176544], [0.0, 0.0, 0.0, 1.0]]}, "finger1joint1": {"matrix": [[-0.383703351020813, -0.8938131928443909, -0.23209796845912933, -1.8657667636871338], [0.6837095618247986, -0.10602248460054398, -0.7220112681388855, -0.2649058699607849], [0.6207358241081238, -0.43572571873664856, 0.6517897248268127, 0.6015461087226868], [0.0, 0.0, 0.0, 1.0]]}, "finger1joint2": {"matrix": [[-0.2768663465976715, -0.23291023075580597, -0.9322540163993835, -2.3709306716918945], [0.8730497360229492, 0.3443095088005066, -0.3453042805194855, -0.32482749223709106], [0.4014090299606323, -0.9095072746276855, 0.1080145463347435, 0.35528337955474854], [0.0, 0.0, 0.0, 1.0]]}, "finger1joint3": {"matrix": [[-0.3611229360103607, 0.7731302380561829, -0.5214016437530518, -2.470775604248047], [0.8203687071800232, 0.52923983335495, 0.2165650576353073, -0.1772276610136032], [0.4433797299861908, -0.34953492879867554, -0.8253723382949829, -0.0346074253320694], [0.0, 0.0, 0.0, 1.0]]}, "Bone.001": {"matrix": [[0.2990678548812866, -0.9184955954551697, -0.25869664549827576, -1.3617993593215942], [0.49244213104248047, 0.3807724416255951, -0.7826319336891174, -0.9124489426612854], [0.8173487782478333, 0.10666706413030624, 0.5661826729774475, 0.4628344178199768], [0.0, 0.0, 0.0, 1.0]]}, "finger2joint1": {"matrix": [[-0.47075459361076355, -0.2982911467552185, -0.8303084969520569, -1.9440187215805054], [0.724075973033905, 0.4070858657360077, -0.5567717552185059, -0.6710835099220276], [0.5040872097015381, -0.8633093237876892, 0.024347878992557526, 0.5304489135742188], [0.0, 0.0, 0.0, 1.0]]}, "finger2joint2": {"matrix": [[-0.4170469045639038, -0.13524740934371948, -0.8987656831741333, -2.20208477973938], [0.8062641620635986, 0.40140193700790405, -0.434527724981308, -0.3188936114311218], [0.4195353388786316, -0.905860960483551, -0.0583583302795887, -0.21644222736358643], [0.0, 0.0, 0.0, 1.0]]}, "finger2joint3": {"matrix": [[-0.3478204607963562, 0.12561745941638947, -0.9291075468063354, -2.253427028656006], [0.8825626969337463, 0.3782880902290344, -0.2792505919933319, -0.1665148138999939], [0.31639182567596436, -0.9171248078346252, -0.24244163930416107, -0.5603218674659729], [0.0, 0.0, 0.0, 1.0]]}, "Bone.002": {"matrix": [[-0.42203670740127563, -0.8917679786682129, -0.16320116817951202, -1.3617992401123047], [0.6307179927825928, -0.1595083326101303, -0.7594417929649353, -0.9124490022659302], [0.6512141823768616, -0.4234461486339569, 0.6297723650932312, 0.4628344178199768], [0.0, 0.0, 0.0, 1.0]]}, "finger3joint1": {"matrix": [[-0.46113282442092896, -0.7946177124977112, -0.3948911130428314, -1.737688422203064], [0.7247699499130249, -0.08054746687412262, -0.6842665076255798, -0.9796832799911499], [0.5119231343269348, -0.6017428636550903, 0.6130579710006714, 0.2843475937843323], [0.0, 0.0, 0.0, 1.0]]}, "finger3joint2": {"matrix": [[-0.5653079152107239, 0.06600173562765121, -0.822235107421875, -2.4347124099731445], [0.7289077639579773, 0.5066108107566833, -0.4604768455028534, -1.0503380298614502], [0.38616126775741577, -0.8596446514129639, -0.3345002830028534, -0.24349015951156616], [0.0, 0.0, 0.0, 1.0]]}, "finger3joint3": {"matrix": [[-0.41500598192214966, 0.5664739012718201, -0.7119529843330383, -2.3920040130615234], [0.8201874494552612, 0.5716209411621094, -0.023280248045921326, -0.7225201725959778], [0.3937799334526062, -0.5935963988304138, -0.7018408179283142, -0.7997492551803589], [0.0, 0.0, 0.0, 1.0]]}, "Bone.003": {"matrix": [[-0.828281581401825, -0.16207697987556458, 0.5363585352897644, -1.3617993593215942], [-0.06979869306087494, -0.9199475646018982, -0.3857778310775757, -0.9124490022659302], [0.5559475421905518, -0.3569699823856354, 0.7506628632545471, 0.4628344178199768], [0.0, 0.0, 0.0, 1.0]]}, "finger4joint1": {"matrix": [[-0.5391738414764404, -0.7481953501701355, -0.3866455554962158, -1.4312686920166016], [0.7254055142402649, -0.179330512881279, -0.6645503640174866, -1.3067562580108643], [0.4278765022754669, -0.6387830972671509, 0.6394354104995728, 0.3098301589488983], [0.0, 0.0, 0.0, 1.0]]}, "finger4joint2": {"matrix": [[-0.563548743724823, -0.24954527616500854, -0.7874892950057983, -2.174494981765747], [0.7081361413002014, 0.34495726227760315, -0.6160741448402405, -1.484895944595337], [0.425388902425766, -0.9048376083374023, -0.017688198015093803, -0.3247108459472656], [0.0, 0.0, 0.0, 1.0]]}, "finger4joint3": {"matrix": [[-0.5292742252349854, 0.14680896699428558, -0.8356526494026184, -2.278571367263794], [0.6859466433525085, 0.6537008285522461, -0.3196123242378235, -1.341027021408081], [0.49934521317481995, -0.7423758506774902, -0.446690171957016, -0.702085018157959], [0.0, 0.0, 0.0, 1.0]]}}