{"root": {"matrix": [[0.39477795362472534, -0.726683497428894, -0.562211275100708, 0.0], [-0.9080997705459595, -0.4016268253326416, -0.1185358315706253, -2.9802322387695312e-08], [-0.13966114819049835, 0.5573391914367676, -0.8184545040130615, 0.0], [0.0, 0.0, 0.0, 1.0]]}, "carpals": {"matrix": [[0.7914512157440186, -0.5074278116226196, -0.34076642990112305, 0.24469773471355438], [0.6081019043922424, 0.710025429725647, 0.35507121682167053, -2.433436393737793], [0.06177983433008194, -0.48824241757392883, 0.8705184459686279, 0.32170844078063965], [0.0, 0.0, 0.0, 1.0]]}, "metacarpals": {"matrix": [[0.2882101237773895, -0.6910001039505005, 0.6629130244255066, -0.24953389167785645], [0.4416792690753937, 0.7101768851280212, 0.5482406616210938, -1.7418756484985352], [-0.84961998462677, 0.13478636741638184, 0.5098806619644165, -0.1538367122411728], [0.0, 0.0, 0.0, 1.0]]}, "finger5joint1": {"matrix": [[0.2665405571460724, -0.6073458790779114, 0.7483896017074585, -0.9671383500099182], [0.4647444486618042, 0.7612361907958984, 0.45225170254707336, -1.639627456665039], [-0.8443745970726013, 0.22726649045944214, 0.48516103625297546, -0.13758748769760132], [0.0, 0.0, 0.0, 1.0]]}, "finger5joint2": {"matrix": [[0.6808892488479614, -0.5719174146652222, -0.45749303698539734, -1.6086609363555908], [0.5663153529167175, 0.8072385787963867, -0.16628877818584442, -0.8355547189712524], [0.46440964937210083, -0.14586113393306732, 0.8735260963439941, 0.10246781259775162], [0.0, 0.0, 0.0, 1.0]]}, "finger5joint3": {"matrix": [[0.6486738324165344, -0.4987628161907196, -0.57485431432724, -2.0017597675323486], [0.6474944353103638, 0.7586190104484558, 0.0724385678768158, -0.2807113826274872], [0.39996588230133057, -0.4192041754722595, 0.8150427341461182, 0.002212345600128174], [0.0, 0.0, 0.0, 1.0]]}, "Bone": {"matrix": [[0.6686553359031677, 0.05974895879626274, 0.7411679029464722, -1.3283768892288208], [-0.67722088098526, 0.46052050590515137, 0.5738400220870972, -0.63309246301651], [-0.3070366084575653, -0.8856357932090759, 0.3483927845954895, 0.05660223960876465], [0.0, 0.0, 0.0, 1.0]]}, "finger1joint1": {"matrix": [[0.39047273993492126, -0.8407877683639526, 0.3749758005142212, -1.2786544561386108], [0.3605034351348877, 0.5144291520118713, 0.7780742645263672, -0.2498529702425003], [-0.847093939781189, -0.16863687336444855, 0.5039774775505066, -0.6804129481315613], [0.0, 0.0, 0.0, 1.0]]}, "finger1joint2": {"matrix": [[0.27450522780418396, -0.7432156205177307, -0.6101453900337219, -1.7538496255874634], [0.09613392502069473, -0.6101298928260803, 0.7864473462104797, 0.04089127480983734], [-0.9567680358886719, -0.27453964948654175, -0.09603574126958847, -0.775722861289978], [0.0, 0.0, 0.0, 1.0]]}, "finger1joint3": {"matrix": [[0.23838329315185547, -0.377961665391922, -0.8946051001548767, -2.0724539756774902], [0.19760435819625854, -0.8830145597457886, 0.42571985721588135, -0.22066140174865723], [-0.9508553743362427, -0.2782623767852783, -0.13580916821956635, -0.8934134840965271], [0.0, 0.0, 0.0, 1.0]]}, "Bone.001": {"matrix": [[0.7318798303604126, 0.06321311742067337, 0.6784952282905579, -1.3283770084381104], [-0.40880468487739563, 0.8373410701751709, 0.36295759677886963, -0.6330924034118652], [-0.5451882481575012, -0.5430135130882263, 0.6386750340461731, 0.05660223960876465], [0.0, 0.0, 0.0, 1.0]]}, "finger2joint1": {"matrix": [[0.7061930894851685, -0.5329630970954895, 0.46609172224998474, -1.2883070707321167], [0.07963501662015915, 0.7139171957969666, 0.6956867575645447, -0.10231560468673706], [-0.7035262584686279, -0.4541721045970917, 0.5466060042381287, -0.2876051068305969], [0.0, 0.0, 0.0, 1.0]]}, "finger2joint2": {"matrix": [[0.6089957356452942, -0.7719772458076477, -0.1821405291557312, -1.7493996620178223], [0.07923693209886551, -0.1692744791507721, 0.982378363609314, 0.5153290629386902], [-0.7892056107521057, -0.6126965284347534, -0.041918352246284485, -0.6805316209793091], [0.0, 0.0, 0.0, 1.0]]}, "finger2joint3": {"matrix": [[0.5302553772926331, -0.3216760456562042, -0.7844446897506714, -2.042454719543457], [-0.02879876084625721, -0.9315292239189148, 0.36252376437187195, 0.451069712638855], [-0.8473485112190247, -0.16963917016983032, -0.5032123923301697, -0.9131212830543518], [0.0, 0.0, 0.0, 1.0]]}, "Bone.002": {"matrix": [[0.5578975081443787, -0.38234347105026245, 0.7365893125534058, -1.3283768892288208], [0.2851680517196655, 0.9218287467956543, 0.26250824332237244, -0.63309246301651], [-0.7793776392936707, 0.06359900534152985, 0.6233181953430176, 0.05660223215818405], [0.0, 0.0, 0.0, 1.0]]}, "finger3joint1": {"matrix": [[0.4645027816295624, 0.1405632346868515, 0.8743449449539185, -1.489538550376892], [0.06983017176389694, 0.9784345030784607, -0.1943947970867157, -0.24453240633010864], [-0.8828142285346985, 0.15135252475738525, 0.44467005133628845, 0.08340984582901001], [0.0, 0.0, 0.0, 1.0]]}, "finger3joint2": {"matrix": [[0.44661280512809753, -0.8903250694274902, 0.08864732086658478, -1.366239070892334], [0.2311520129442215, 0.21052804589271545, 0.9498664736747742, 0.6137322783470154], [-0.8643527626991272, -0.4037316143512726, 0.299824982881546, 0.21617348492145538], [0.0, 0.0, 0.0, 1.0]]}, "finger3joint3": {"matrix": [[0.38061460852622986, -0.7326472997665405, -0.5642344355583191, -1.9423508644104004], [0.07828305661678314, -0.5824406743049622, 0.8090946674346924, 0.7499607801437378], [-0.9214142560958862, -0.35212332010269165, -0.16433164477348328, -0.045073285698890686], [0.0, 0.0, 0.0, 1.0]]}, "Bone.003": {"matrix": [[0.5722923278808594, -0.215891033411026, 0.7911210656166077, -1.3283768892288208], [0.8058298230171204, 0.3269287943840027, -0.4937160909175873, -0.63309246301651], [-0.15205134451389313, 0.9200589656829834, 0.3610703945159912, 0.05660220980644226], [0.0, 0.0, 0.0, 1.0]]}, "finger4joint1": {"matrix": [[0.2808750569820404, -0.9558454751968384, -0.08642034232616425, -1.4209120273590088], [0.44325870275497437, 0.04932910203933716, 0.8950350284576416, -0.49296441674232483], [-0.8512523770332336, -0.2896997034549713, 0.437542200088501, 0.45095741748809814], [0.0, 0.0, 0.0, 1.0]]}, "finger4joint2": {"matrix": [[0.25716906785964966, -0.20686566829681396, -0.9439652562141418, -2.3704097270965576], [0.46147358417510986, -0.8319568634033203, 0.3080410063266754, -0.4439629018306732], [-0.8490616679191589, -0.5148337483406067, -0.11849058419466019, 0.16318157315254211], [0.0, 0.0, 0.0, 1.0]]}, "finger4joint3": {"matrix": [[0.28725624084472656, 0.6010985970497131, -0.7457641363143921, -2.456685781478882], [0.5244778990745544, -0.7501964569091797, -0.40265077352523804, -0.7909412384033203], [-0.801502525806427, -0.2754729092121124, -0.5307616591453552, -0.051536478102207184], [0.0, 0.0, 0.0, 1.0]]}}