{"root": {"matrix": [[0.4298456907272339, -0.655545175075531, -0.6208810210227966, 0.0], [-0.8646027445793152, -0.49700263142585754, -0.07382747530937195, -2.9802322387695312e-08], [-0.26018232107162476, 0.5685498118400574, -0.7804206013679504, 0.0], [0.0, 0.0, 0.0, 1.0]]}, "carpals": {"matrix": [[0.6087696552276611, -0.7414713501930237, -0.2821694016456604, 0.40022987127304077], [0.7931932806968689, 0.5618559122085571, 0.2348659336566925, -2.433450698852539], [-0.015607820823788643, -0.36679425835609436, 0.930171012878418, 0.055850058794021606], [0.0, 0.0, 0.0, 1.0]]}, "metacarpals": {"matrix": [[0.2569463849067688, -0.6214973330497742, 0.7400807738304138, -0.32195866107940674], [0.4177464544773102, 0.7619783282279968, 0.49485012888908386, -1.8862063884735107], [-0.8714736104011536, 0.18201610445976257, 0.4554159343242645, -0.30140531063079834], [0.0, 0.0, 0.0, 1.0]]}, "finger5joint1": {"matrix": [[0.3789651095867157, -0.6570551991462708, 0.651662290096283, -1.0261585712432861], [0.36443307995796204, 0.7532456517219543, 0.5475482940673828, -1.728234052658081], [-0.8506313562393188, 0.029985569417476654, 0.5249065160751343, -0.23196394741535187], [0.0, 0.0, 0.0, 1.0]]}, "finger5joint2": {"matrix": [[0.7585878968238831, -0.4763331711292267, -0.44457921385765076, -1.7201879024505615], [0.3125764727592468, 0.8647207021713257, -0.39313259720802307, -0.9326015710830688], [0.5716991424560547, 0.15926073491573334, 0.8048575520515442, -0.2002910077571869], [0.0, 0.0, 0.0, 1.0]]}, "finger5joint3": {"matrix": [[0.7341271638870239, -0.38012391328811646, -0.562639057636261, -2.047588348388672], [0.41310515999794006, 0.9076548218727112, -0.07420334219932556, -0.33824869990348816], [0.5388886332511902, -0.17795442044734955, 0.8233655095100403, -0.09082552045583725], [0.0, 0.0, 0.0, 1.0]]}, "Bone": {"matrix": [[0.5888833999633789, 0.028584670275449753, 0.8077122569084167, -1.2922885417938232], [-0.727394163608551, 0.4543663561344147, 0.5142456293106079, -0.6965466737747192], [-0.35229766368865967, -0.8903560638427734, 0.28836116194725037, -0.017227649688720703], [0.0, 0.0, 0.0, 1.0]]}, "finger1joint1": {"matrix": [[0.3526863753795624, -0.802808940410614, 0.480739027261734, -1.268500804901123], [0.32914629578590393, 0.587353527545929, 0.7393768429756165, -0.31842857599258423], [-0.8759422302246094, -0.10253483057022095, 0.4713931679725647, -0.7581709623336792], [0.0, 0.0, 0.0, 1.0]]}, "finger1joint2": {"matrix": [[0.20556068420410156, -0.8160117268562317, -0.5402495265007019, -1.7222309112548828], [0.07659521698951721, -0.5369303226470947, 0.8401420712471008, 0.013530924916267395], [-0.9756422638893127, -0.21408075094223022, -0.04786929860711098, -0.8161214590072632], [0.0, 0.0, 0.0, 1.0]]}, "finger1joint3": {"matrix": [[0.17958909273147583, -0.3791389465332031, -0.9077451825141907, -2.0720417499542236], [0.1809316724538803, -0.8942760229110718, 0.40930891036987305, -0.21664229035377502], [-0.9669598937034607, -0.23774723708629608, -0.09200409054756165, -0.9078942537307739], [0.0, 0.0, 0.0, 1.0]]}, "Bone.001": {"matrix": [[0.6547069549560547, 0.08715815097093582, 0.7508409023284912, -1.2922885417938232], [-0.46475663781166077, 0.8297978043556213, 0.308927983045578, -0.6965466737747192], [-0.5961205363273621, -0.5512157082557678, 0.5837817788124084, -0.017227619886398315], [0.0, 0.0, 0.0, 1.0]]}, "finger2joint1": {"matrix": [[0.35204583406448364, -0.31802207231521606, 0.8802984952926636, -1.237040400505066], [0.26814913749694824, 0.9353529214859009, 0.23067417740821838, -0.17055141925811768], [-0.8967493176460266, 0.15484334528446198, 0.4145645499229431, -0.3666342496871948], [0.0, 0.0, 0.0, 1.0]]}, "finger2joint2": {"matrix": [[0.2389807254076004, -0.5594820976257324, 0.7936421036720276, -1.5121768712997437], [0.3291664719581604, 0.8156082034111023, 0.4758490324020386, 0.6386681795120239], [-0.9135302305221558, 0.14752154052257538, 0.3790774345397949, -0.23267170786857605], [0.0, 0.0, 0.0, 1.0]]}, "finger2joint3": {"matrix": [[0.1013558879494667, -0.9394984245300293, 0.32721471786499023, -1.7245655059814453], [0.3766983151435852, 0.34066104888916016, 0.861422061920166, 0.9482864737510681], [-0.9207741618156433, 0.03595095872879028, 0.3884354829788208, -0.1766701191663742], [0.0, 0.0, 0.0, 1.0]]}, "Bone.002": {"matrix": [[0.5181496739387512, -0.30353614687919617, 0.7996165752410889, -1.2922886610031128], [0.2406609058380127, 0.9488756060600281, 0.2042476087808609, -0.6965466737747192], [-0.8207333087921143, 0.08660557866096497, 0.564708948135376, -0.017227647826075554], [0.0, 0.0, 0.0, 1.0]]}, "finger3joint1": {"matrix": [[0.39953407645225525, 0.11814701557159424, 0.909072995185852, -1.4202320575714111], [0.09518787264823914, 0.9809528589248657, -0.1693234145641327, -0.2965860962867737], [-0.9117630124092102, 0.15418313443660736, 0.3806779980659485, 0.01927746832370758], [0.0, 0.0, 0.0, 1.0]]}, "finger3joint2": {"matrix": [[0.37761926651000977, -0.9184775948524475, 0.11748453229665756, -1.3165956735610962], [0.25559699535369873, 0.225342258810997, 0.9401546120643616, 0.5638876557350159], [-0.8899852633476257, -0.3249918818473816, 0.31985369324684143, 0.1545240879058838], [0.0, 0.0, 0.0, 1.0]]}, "finger3joint3": {"matrix": [[0.3064436614513397, -0.8292111158370972, -0.467441201210022, -1.9109244346618652], [0.10471755266189575, -0.45871928334236145, 0.8823890686035156, 0.7097022533416748], [-0.9461112022399902, -0.3193518817424774, -0.053738728165626526, -0.055771760642528534], [0.0, 0.0, 0.0, 1.0]]}, "Bone.003": {"matrix": [[0.6202201843261719, -0.11990850418806076, 0.7752089500427246, -1.2922885417938232], [0.7586672902107239, 0.3428742587566376, -0.553950309753418, -0.696546733379364], [-0.19937580823898315, 0.9316968321800232, 0.3036282956600189, -0.017227649688720703], [0.0, 0.0, 0.0, 1.0]]}, "finger4joint1": {"matrix": [[0.24965454638004303, -0.9682949185371399, -0.00879514217376709, -1.3436834812164307], [0.41989368200302124, 0.1000673845410347, 0.9020394682884216, -0.5495840907096863], [-0.8725603818893433, -0.22889135777950287, 0.43156322836875916, 0.3821157217025757], [0.0, 0.0, 0.0, 1.0]]}, "finger4joint2": {"matrix": [[0.22717615962028503, -0.34003832936286926, -0.9125593900680542, -2.3055481910705566], [0.43941739201545715, -0.8004550337791443, 0.407656192779541, -0.450181245803833], [-0.8690816164016724, -0.4936043322086334, -0.03242556005716324, 0.1547444462776184], [0.0, 0.0, 0.0, 1.0]]}, "finger4joint3": {"matrix": [[0.26798102259635925, 0.5775408744812012, -0.7711241841316223, -2.4473655223846436], [0.4984245300292969, -0.7680718898773193, -0.40204232931137085, -0.7840213179588318], [-0.8244747519493103, -0.27660754323005676, -0.49368932843208313, -0.051119595766067505], [0.0, 0.0, 0.0, 1.0]]}}