{"root": {"matrix": [[0.2678370773792267, -0.9411153197288513, -0.2063133716583252, -5.960464477539063e-08], [-0.6296036243438721, -0.008876056410372257, -0.7768657803535461, -9.313225746154785e-10], [0.7292890548706055, 0.3379691243171692, -0.5949070453643799, 0.0], [0.0, 0.0, 0.0, 1.0]]}, "carpals": {"matrix": [[0.6041214466094971, -0.1941661536693573, -0.7728755474090576, -0.29227739572525024], [0.773033618927002, 0.37833327054977417, 0.5091979503631592, -1.3451800346374512], [0.193535715341568, -0.9050763249397278, 0.3786563575267792, 2.0469608306884766], [0.0, 0.0, 0.0, 1.0]]}, "metacarpals": {"matrix": [[0.5551066994667053, -0.8294011354446411, 0.06284989416599274, -0.48139405250549316], [0.6025387048721313, 0.45305854082107544, 0.6570271849632263, -0.9766857624053955], [-0.5734137892723083, -0.32685068249702454, 0.7512423396110535, 1.1654220819473267], [0.0, 0.0, 0.0, 1.0]]}, "finger5joint1": {"matrix": [[0.41606780886650085, -0.9083967208862305, -0.04126523807644844, -1.077964425086975], [0.6953108906745911, 0.28856801986694336, 0.658233106136322, -1.0941436290740967], [-0.5860289335250854, -0.30256175994873047, 0.7516822814941406, 0.770476222038269], [0.0, 0.0, 0.0, 1.0]]}, "finger5joint2": {"matrix": [[0.04455999284982681, -0.3747413754463196, -0.9260576963424683, -2.0374786853790283], [0.5778216123580933, 0.7658559083938599, -0.2821103036403656, -0.789337158203125], [0.8149455785751343, -0.5225252509117126, 0.25066033005714417, 0.45088860392570496], [0.0, 0.0, 0.0, 1.0]]}, "finger5joint3": {"matrix": [[0.06029673293232918, 0.26124924421310425, -0.9633859992027283, -2.2950515747070312], [0.6614460945129395, 0.7123639583587646, 0.23457615077495575, -0.2629375457763672], [0.7475647330284119, -0.6513721942901611, -0.12984895706176758, 0.09173868596553802], [0.0, 0.0, 0.0, 1.0]]}, "Bone": {"matrix": [[0.8968676924705505, 0.39213138818740845, 0.2045997679233551, -1.7763197422027588], [-0.4084741473197937, 0.5569166541099548, 0.7231820821762085, -0.2693355977535248], [0.16963736712932587, -0.7321724891662598, 0.6596563458442688, 0.6551175117492676], [0.0, 0.0, 0.0, 1.0]]}, "finger1joint1": {"matrix": [[0.6674014329910278, -0.6625917553901672, -0.33992236852645874, -1.4499926567077637], [0.548597514629364, 0.12876872718334198, 0.8261107802391052, 0.19412356615066528], [-0.5036028623580933, -0.737828254699707, 0.44943687319755554, 0.04581260681152344], [0.0, 0.0, 0.0, 1.0]]}, "finger1joint2": {"matrix": [[0.7523210048675537, -0.5822659134864807, -0.30818718671798706, -1.8244752883911133], [0.2683471441268921, -0.15639233589172363, 0.9505424499511719, 0.2669008672237396], [-0.6016666889190674, -0.7978143692016602, 0.038592372089624405, -0.37119197845458984], [0.0, 0.0, 0.0, 1.0]]}, "finger1joint3": {"matrix": [[0.7380945682525635, -0.3358807861804962, -0.5851498246192932, -2.074083089828491], [0.3687877953052521, -0.5254119038581848, 0.7667708992958069, 0.19985803961753845], [-0.5649884343147278, -0.7817457914352417, -0.26393482089042664, -0.7132018208503723], [0.0, 0.0, 0.0, 1.0]]}, "Bone.001": {"matrix": [[0.9941189289093018, 0.08931870013475418, 0.06123235076665878, -1.7763195037841797], [-0.10767614841461182, 0.8755070567131042, 0.4710550010204315, -0.2693355977535248], [-0.01153530366718769, -0.4748779237270355, 0.8799759745597839, 0.6551175117492676], [0.0, 0.0, 0.0, 1.0]]}, "finger2joint1": {"matrix": [[0.707226037979126, -0.36633118987083435, -0.6046755313873291, -1.7197020053863525], [0.5365352630615234, -0.2788599729537964, 0.796471357345581, 0.28563404083251953], [-0.460392028093338, -0.8877153396606445, -0.00066728750243783, 0.35410019755363464], [0.0, 0.0, 0.0, 1.0]]}, "finger2joint2": {"matrix": [[0.7240412831306458, -0.2674664258956909, -0.6357874870300293, -2.036633014678955], [0.43320968747138977, -0.5409418940544128, 0.7209097146987915, 0.0443786084651947], [-0.5367432832717896, -0.7973979115486145, -0.2757951617240906, -0.41390588879585266], [0.0, 0.0, 0.0, 1.0]]}, "finger2joint3": {"matrix": [[0.7424792051315308, -0.14767326414585114, -0.6533887982368469, -2.1381676197052], [0.3021462857723236, -0.7967114448547363, 0.5234100222587585, -0.16097182035446167], [-0.5978561043739319, -0.5860403180122375, -0.5469228029251099, -0.7166111469268799], [0.0, 0.0, 0.0, 1.0]]}, "Bone.002": {"matrix": [[0.7737441658973694, -0.6164950132369995, 0.14578673243522644, -1.7763195037841797], [0.525880753993988, 0.7533785700798035, 0.39480355381965637, -0.2693355679512024], [-0.3532269597053528, -0.22881034016609192, 0.9071253538131714, 0.6551175117492676], [0.0, 0.0, 0.0, 1.0]]}, "finger3joint1": {"matrix": [[0.9591538310050964, 0.11357522010803223, 0.25908419489860535, -2.0361785888671875], [-0.14172835648059845, 0.9855600595474243, 0.09265059232711792, 0.048221051692962646], [-0.24482035636901855, -0.12558557093143463, 0.9614006280899048, 0.5586715936660767], [0.0, 0.0, 0.0, 1.0]]}, "finger3joint2": {"matrix": [[0.9542641043663025, -0.2978140413761139, -0.02620498649775982, -1.9365524053573608], [0.012407677248120308, -0.04812613129615784, 0.9987640976905823, 0.9127361178398132], [-0.29870718717575073, -0.9534099698066711, -0.04222958907485008, 0.4485102593898773], [0.0, 0.0, 0.0, 1.0]]}, "finger3joint3": {"matrix": [[0.9291132092475891, -0.15821650624275208, -0.3342396318912506, -2.1292619705200195], [-0.15812858939170837, -0.9870308637619019, 0.02765975520014763, 0.8815946578979492], [-0.33428120613098145, 0.027153490111231804, -0.9420821666717529, -0.16842256486415863], [0.0, 0.0, 0.0, 1.0]]}, "Bone.003": {"matrix": [[0.2779189348220825, -0.7757108807563782, 0.5665982961654663, -1.7763197422027588], [0.9510975480079651, 0.13942702114582062, -0.27563241124153137, -0.2693355679512024], [0.13481220602989197, 0.615493893623352, 0.7765262126922607, 0.6551174521446228], [0.0, 0.0, 0.0, 1.0]]}, "finger4joint1": {"matrix": [[0.5498351454734802, -0.5312061309814453, -0.6445937752723694, -2.10880446434021], [0.6020529866218567, -0.2828788757324219, 0.7466667294502258, -0.20957443118095398], [-0.5789759159088135, -0.7986235022544861, 0.16427771747112274, 0.918930172920227], [0.0, 0.0, 0.0, 1.0]]}, "finger4joint2": {"matrix": [[0.524963915348053, 0.32445457577705383, -0.7868556380271912, -2.6364827156066895], [0.6097162365913391, -0.7883983850479126, 0.08169158548116684, -0.4905747175216675], [-0.5938504934310913, -0.5226441621780396, -0.6117060780525208, 0.12561029195785522], [0.0, 0.0, 0.0, 1.0]]}, "finger4joint3": {"matrix": [[0.5076307058334351, 0.7149565815925598, -0.48077839612960815, -2.5011649131774902], [0.671881914138794, -0.67781662940979, -0.2985609769821167, -0.8193864822387695], [-0.539337694644928, -0.17146778106689453, -0.8244472742080688, -0.09236517548561096], [0.0, 0.0, 0.0, 1.0]]}}