{"root": {"matrix": [[0.5250458121299744, -0.6428549885749817, -0.5577314496040344, 0.0], [-0.8498693108558655, -0.3611748218536377, -0.3837640881538391, 0.0], [0.045266035944223404, 0.675492525100708, -0.7359760999679565, 0.0], [0.0, 0.0, 0.0, 1.0]]}, "carpals": {"matrix": [[0.5978632569313049, -0.5842103958129883, -0.5488693118095398, 0.6208441257476807], [0.7852020859718323, 0.5645937919616699, 0.25434449315071106, -2.2323360443115234], [0.16129755973815918, -0.5830367207527161, 0.7962732315063477, 0.846294105052948], [0.0, 0.0, 0.0, 1.0]]}, "metacarpals": {"matrix": [[0.41494229435920715, -0.8690298199653625, 0.2694622278213501, 0.05182671546936035], [0.6875361800193787, 0.4934638440608978, 0.532716691493988, -1.6824250221252441], [-0.5959166288375854, -0.035781703889369965, 0.8022486567497253, 0.2784198820590973], [0.0, 0.0, 0.0, 1.0]]}, "finger5joint1": {"matrix": [[0.2861211597919464, -0.9396889209747314, -0.18740133941173553, -0.6277580857276917], [0.8136095404624939, 0.13494791090488434, 0.565533459186554, -1.740601658821106], [-0.5061361789703369, -0.31428271532058716, 0.8031514883041382, 0.03254425525665283], [0.0, 0.0, 0.0, 1.0]]}, "finger5joint2": {"matrix": [[-0.2592443525791168, -0.6879331469535828, -0.6778936982154846, -1.6203255653381348], [0.6181801557540894, 0.42108625173568726, -0.6637310981750488, -1.598059892654419], [0.7420546412467957, -0.5911291241645813, 0.3161025047302246, -0.2994239032268524], [0.0, 0.0, 0.0, 1.0]]}, "finger5joint3": {"matrix": [[-0.28461864590644836, -0.3316071331501007, -0.8994600772857666, -2.0931661128997803], [0.6903905868530273, 0.5800559520721436, -0.4323137402534485, -1.308632493019104], [0.6650957465171814, -0.7440236210823059, 0.0638437420129776, -0.7057276964187622], [0.0, 0.0, 0.0, 1.0]]}, "Bone": {"matrix": [[0.8967532515525818, 0.21619534492492676, 0.3861256539821625, -1.304970145225525], [-0.4246058464050293, 0.6661744713783264, 0.6131240725517273, -0.9119910001754761], [-0.12467241287231445, -0.7137723565101624, 0.6891920566558838, 0.22255471348762512], [0.0, 0.0, 0.0, 1.0]]}, "finger1joint1": {"matrix": [[0.5892972946166992, -0.8025601506233215, 0.09287466108798981, -1.1250550746917725], [0.6045311093330383, 0.5142863988876343, 0.6083183884620667, -0.357608824968338], [-0.5359763503074646, -0.30233490467071533, 0.7882403135299683, -0.37143781781196594], [0.0, 0.0, 0.0, 1.0]]}, "finger1joint2": {"matrix": [[0.5489722490310669, -0.8356097340583801, 0.019640415906906128, -1.5786446332931519], [0.3802116811275482, 0.2705763578414917, 0.8844360709190369, -0.06694526970386505], [-0.744357705116272, -0.47806352376937866, 0.4662475883960724, -0.5423109531402588], [0.0, 0.0, 0.0, 1.0]]}, "finger1joint3": {"matrix": [[0.5784234404563904, -0.719524085521698, -0.3843322992324829, -1.9368568658828735], [0.45764249563217163, -0.10378629714250565, 0.8830580115318298, 0.049046363681554794], [-0.6752700805664062, -0.6866683959960938, 0.26925235986709595, -0.7472488880157471], [0.0, 0.0, 0.0, 1.0]]}, "Bone.001": {"matrix": [[0.9558972120285034, -0.0023712629918009043, 0.29369136691093445, -1.304970145225525], [-0.09875237941741943, 0.9391523599624634, 0.32899901270866394, -0.9119909405708313], [-0.27660104632377625, -0.3434920012950897, 0.8974992036819458, 0.22255468368530273], [0.0, 0.0, 0.0, 1.0]]}, "finger2joint1": {"matrix": [[0.815780758857727, -0.364667147397995, 0.44890910387039185, -1.3064731359481812], [0.3247918486595154, 0.9310809373855591, 0.16612660884857178, -0.31667762994766235], [-0.47855162620544434, 0.01027913112193346, 0.8779991269111633, 0.004820726811885834], [0.0, 0.0, 0.0, 1.0]]}, "finger2joint2": {"matrix": [[0.7344706654548645, -0.5481191277503967, 0.40014761686325073, -1.6219645738601685], [0.3909124433994293, 0.8236877918243408, 0.4107620120048523, 0.4888460338115692], [-0.5547432899475098, -0.1452699899673462, 0.8192412853240967, 0.013713706284761429], [0.0, 0.0, 0.0, 1.0]]}, "finger2joint3": {"matrix": [[0.6280438303947449, -0.7158867716789246, 0.30506861209869385, -1.8300397396087646], [0.44453057646751404, 0.6518182754516602, 0.6144306659698486, 0.8015314340591431], [-0.6387121081352234, -0.2502771317958832, 0.7276042103767395, -0.04143316298723221], [0.0, 0.0, 0.0, 1.0]]}, "Bone.002": {"matrix": [[0.6787632703781128, -0.6285464763641357, 0.3797494173049927, -1.3049702644348145], [0.5788885354995728, 0.776151716709137, 0.24995248019695282, -0.9119910001754761], [-0.45184993743896484, 0.050174035131931305, 0.890681803226471, 0.22255469858646393], [0.0, 0.0, 0.0, 1.0]]}, "finger3joint1": {"matrix": [[0.7929278016090393, 0.017726484686136246, 0.6090576648712158, -1.5699087381362915], [0.1184089183807373, 0.976037859916687, -0.1825627237558365, -0.5848352313041687], [-0.5976996421813965, 0.21687692403793335, 0.7718286514282227, 0.24370355904102325], [0.0, 0.0, 0.0, 1.0]]}, "finger3joint2": {"matrix": [[0.7615237236022949, -0.6277520060539246, 0.1612730473279953, -1.5543594360351562], [0.27824461460113525, 0.5413687229156494, 0.793410062789917, 0.2713271677494049], [-0.5853729844093323, -0.5593273043632507, 0.5869339108467102, 0.4339439570903778], [0.0, 0.0, 0.0, 1.0]]}, "finger3joint3": {"matrix": [[0.6914617419242859, -0.677291750907898, -0.2513095736503601, -1.9605655670166016], [0.16737091541290283, -0.18821609020233154, 0.9677609801292419, 0.6216362118721008], [-0.7027571201324463, -0.7112317681312561, -0.016785331070423126, 0.07201428711414337], [0.0, 0.0, 0.0, 1.0]]}, "Bone.003": {"matrix": [[0.3342558741569519, -0.5933008790016174, 0.7323026061058044, -1.3049700260162354], [0.9202240705490112, 0.037582214921712875, -0.389583021402359, -0.9119909405708313], [0.20361848175525665, 0.8041029572486877, 0.5585319995880127, 0.22255465388298035], [0.0, 0.0, 0.0, 1.0]]}, "finger4joint1": {"matrix": [[0.40844056010246277, -0.9126909375190735, 0.013088921085000038, -1.5592703819274902], [0.6878895163536072, 0.3172012269496918, 0.6528329253196716, -0.8958825469017029], [-0.5999866724014282, -0.2576398551464081, 0.7573885917663574, 0.5672088861465454], [0.0, 0.0, 0.0, 1.0]]}, "finger4joint2": {"matrix": [[0.3875880241394043, -0.05749831721186638, -0.920037567615509, -2.465900182723999], [0.707457959651947, -0.6213099956512451, 0.3368627429008484, -0.5807877779006958], [-0.5909976959228516, -0.7814521789550781, -0.2001347541809082, 0.31127995252609253], [0.0, 0.0, 0.0, 1.0]]}, "finger4joint3": {"matrix": [[0.4044434726238251, 0.6865154504776001, -0.6042529940605164, -2.4898805618286133], [0.7516526579856873, -0.6258998513221741, -0.20800727605819702, -0.8399131298065186], [-0.5210021138191223, -0.37006133794784546, -0.7691625952720642, -0.014634713530540466], [0.0, 0.0, 0.0, 1.0]]}}