{"root": {"matrix": [[0.5242432951927185, -0.8221423029899597, 0.221925750374794, -5.960464477539063e-08], [0.559723436832428, 0.1362650990486145, -0.817399263381958, 0.0], [0.6417778134346008, 0.5527331233024597, 0.5316082835197449, 0.0], [0.0, 0.0, 0.0, 1.0]]}, "carpals": {"matrix": [[-0.13242676854133606, -0.5878958106040955, -0.7980234622955322, 0.35588598251342773], [0.8871291875839233, -0.4294137954711914, 0.16913151741027832, 1.4910755157470703], [-0.4421139359474182, -0.6855522990226746, 0.578405499458313, 1.9326211214065552], [0.0, 0.0, 0.0, 1.0]]}, "metacarpals": {"matrix": [[-0.1675175130367279, -0.8358874320983887, -0.5227138996124268, -0.2167208194732666], [0.8495131134986877, -0.39143386483192444, 0.35370463132858276, 1.0728291273117065], [-0.5002651214599609, -0.3848004937171936, 0.7756693959236145, 1.264897346496582], [0.0, 0.0, 0.0, 1.0]]}, "finger5joint1": {"matrix": [[-0.2457747459411621, -0.7910054922103882, -0.5602720379829407, -0.44931530952453613], [0.8365382552146912, -0.4650852680206299, 0.2896539866924286, 0.5548868775367737], [-0.4896921217441559, -0.3974992334842682, 0.776012659072876, 0.8139976263046265], [0.0, 0.0, 0.0, 1.0]]}, "finger5joint2": {"matrix": [[-0.4770990312099457, -0.8777003884315491, -0.04491985961794853, -1.28483247756958], [0.2949567437171936, -0.11176569014787674, -0.9489514231681824, 0.06363017857074738], [0.8278747200965881, -0.4659930169582367, 0.31220701336860657, 0.3941302001476288], [0.0, 0.0, 0.0, 1.0]]}, "finger5joint3": {"matrix": [[-0.553753674030304, -0.7935324907302856, -0.25231388211250305, -1.8881067037582397], [0.33502909541130066, 0.0650770515203476, -0.9399575591087341, -0.013190302066504955], [0.7623069286346436, -0.6050373911857605, 0.22981992363929749, 0.07383687794208527], [0.0, 0.0, 0.0, 1.0]]}, "Bone": {"matrix": [[0.8411559462547302, -0.21872852742671967, -0.494584858417511, -1.521773338317871], [0.4866217374801636, 0.7050992846488953, 0.5157850384712219, 0.461692214012146], [0.2359144687652588, -0.6745314002037048, 0.6995365619659424, 0.6641169190406799], [0.0, 0.0, 0.0, 1.0]]}, "finger1joint1": {"matrix": [[-0.005186204798519611, -0.617962121963501, -0.7861905097961426, -1.7037965059280396], [0.9374253749847412, -0.2767220437526703, 0.211325541138649, 1.0484671592712402], [-0.348147451877594, -0.7358989119529724, 0.5807286500930786, 0.10278019309043884], [0.0, 0.0, 0.0, 1.0]]}, "finger1joint2": {"matrix": [[0.2467820942401886, -0.36148589849472046, -0.8991252779960632, -2.0530552864074707], [0.8339200615882874, -0.39340656995773315, 0.38705119490623474, 0.8920698165893555], [-0.4936353862285614, -0.8453158736228943, 0.20436476171016693, -0.3131338953971863], [0.0, 0.0, 0.0, 1.0]]}, "finger1joint3": {"matrix": [[0.16755105555057526, 0.07616648077964783, -0.9829165935516357, -2.2080185413360596], [0.8826991319656372, -0.4556094706058502, 0.11516239494085312, 0.7234228849411011], [-0.4390546679496765, -0.8869151473045349, -0.14356978237628937, -0.6755068898200989], [0.0, 0.0, 0.0, 1.0]]}, "Bone.001": {"matrix": [[0.6530025005340576, -0.6588079929351807, -0.3735765218734741, -1.521773338317871], [0.7536779642105103, 0.6138263940811157, 0.23491819202899933, 0.4616921544075012], [0.07454510778188705, -0.43495848774909973, 0.897359311580658, 0.6641169786453247], [0.0, 0.0, 0.0, 1.0]]}, "finger2joint1": {"matrix": [[-0.028248092159628868, -0.39615321159362793, -0.9177495837211609, -1.9393811225891113], [0.905771017074585, -0.39850130677223206, 0.14413659274578094, 0.8507866859436035], [-0.42282456159591675, -0.8271994590759277, 0.3700811266899109, 0.38840386271476746], [0.0, 0.0, 0.0, 1.0]]}, "finger2joint2": {"matrix": [[0.02097596786916256, -0.10316570103168488, -0.9944428205490112, -2.2821123600006104], [0.8488107323646545, -0.523738443851471, 0.07223796099424362, 0.5060237050056458], [-0.52828049659729, -0.8456089496612549, 0.07658234983682632, -0.3272468149662018], [0.0, 0.0, 0.0, 1.0]]}, "finger2joint3": {"matrix": [[0.09777659177780151, 0.2693743407726288, -0.9580588936805725, -2.3212757110595703], [0.7732649445533752, -0.6265798807144165, -0.09725631773471832, 0.3072039783000946], [-0.626498818397522, -0.7313240170478821, -0.2695624828338623, -0.6482539176940918], [0.0, 0.0, 0.0, 1.0]]}, "Bone.002": {"matrix": [[0.01448624674230814, -0.9645582437515259, -0.26347145438194275, -1.521773338317871], [0.9644201397895813, -0.05608654022216797, 0.25835663080215454, 0.4616921842098236], [-0.26397719979286194, -0.2578396201133728, 0.9294269680976868, 0.6641169190406799], [0.0, 0.0, 0.0, 1.0]]}, "finger3joint1": {"matrix": [[0.6946499347686768, -0.7193441987037659, 0.002245877403765917, -1.9283442497253418], [0.7081403732299805, 0.6843729615211487, 0.17369824647903442, 0.43805116415023804], [-0.12648598849773407, -0.11906897276639938, 0.9847962260246277, 0.5554349422454834], [0.0, 0.0, 0.0, 1.0]]}, "finger3joint2": {"matrix": [[0.5715497136116028, 0.24061739444732666, -0.7844959497451782, -2.559340000152588], [0.8001682162284851, -0.37527915835380554, 0.46786388754844666, 1.0383704900741577], [-0.18182888627052307, -0.8951361775398254, -0.40702489018440247, 0.45098987221717834], [0.0, 0.0, 0.0, 1.0]]}, "finger3joint3": {"matrix": [[0.706558346748352, 0.6847872734069824, -0.17844130098819733, -2.4036409854888916], [0.6904762387275696, -0.7223520278930664, -0.038083553314208984, 0.7955347895622253], [-0.1549767106771469, -0.09630148112773895, -0.9832131266593933, -0.1282351315021515], [0.0, 0.0, 0.0, 1.0]]}, "Bone.003": {"matrix": [[-0.628282368183136, -0.5693449378013611, 0.5301956534385681, -1.5217734575271606], [0.7540566325187683, -0.6133689284324646, 0.23489822447299957, 0.4616921842098236], [0.1914675384759903, 0.5473800301551819, 0.8146871328353882, 0.6641169190406799], [0.0, 0.0, 0.0, 1.0]]}, "finger4joint1": {"matrix": [[-0.38173380494117737, -0.468926340341568, -0.7964840531349182, -1.765805721282959], [0.655301034450531, -0.7450266480445862, 0.12456247955560684, 0.19879037141799927], [-0.6518124341964722, -0.47438710927963257, 0.591689944267273, 0.8987346291542053], [0.0, 0.0, 0.0, 1.0]]}, "finger4joint2": {"matrix": [[-0.4076917767524719, -0.0969158262014389, -0.9079615473747253, -2.2316176891326904], [0.6403335332870483, -0.7392237186431885, -0.20861707627773285, -0.5412885546684265], [-0.6509683728218079, -0.666449785232544, 0.3634341061115265, 0.427497923374176], [0.0, 0.0, 0.0, 1.0]]}, "finger4joint3": {"matrix": [[-0.38489851355552673, 0.13021592795848846, -0.9137266278266907, -2.272037982940674], [0.7025490999221802, -0.600703775882721, -0.38154885172843933, -0.8495912551879883], [-0.5985627174377441, -0.7887955904006958, 0.1397271305322647, 0.14954645931720734], [0.0, 0.0, 0.0, 1.0]]}}