{"root": {"matrix": [[0.217154860496521, -0.8605174422264099, 0.4608182907104492, 0.0], [-0.04799429327249527, -0.48092490434646606, -0.8754472136497498, 0.0], [0.9749565720558167, 0.16799093782901764, -0.14573517441749573, 0.0], [0.0, 0.0, 0.0, 1.0]]}, "carpals": {"matrix": [[-0.713103711605072, -0.04612763226032257, -0.6995392441749573, -0.40300652384757996], [0.7000075578689575, 0.007763037923723459, -0.7140930891036987, -0.4808516502380371], [0.03837018832564354, -0.9989052414894104, 0.026753759011626244, 2.385655641555786], [0.0, 0.0, 0.0, 1.0]]}, "metacarpals": {"matrix": [[-0.7240331172943115, -0.6673067212104797, -0.1745782196521759, -0.447934627532959], [0.4922468662261963, -0.3225812613964081, -0.808476448059082, -0.47329044342041016], [0.4831863045692444, -0.6712993383407593, 0.5620390176773071, 1.4127278327941895], [0.0, 0.0, 0.0, 1.0]]}, "finger5joint1": {"matrix": [[-0.5920355916023254, -0.6697279810905457, -0.44828346371650696, -0.6298873424530029], [0.31351983547210693, 0.3210294544696808, -0.8936695456504822, -0.41116923093795776], [0.7424278855323792, -0.6696298122406006, 0.01991199515759945, 0.7136507630348206], [0.0, 0.0, 0.0, 1.0]]}, "finger5joint2": {"matrix": [[-0.5685269236564636, -0.8009124398231506, 0.18792477250099182, -1.3373024463653564], [-0.8226376175880432, 0.5553202033042908, -0.12200979143381119, -0.07207465171813965], [-0.006639366503804922, -0.2239595651626587, -0.9745755791664124, 0.006339341402053833], [0.0, 0.0, 0.0, 1.0]]}, "finger5joint3": {"matrix": [[-0.6502935290336609, -0.759654700756073, 0.00650604534894228, -1.8877977132797241], [-0.7592325806617737, 0.6495897173881531, -0.03998221457004547, 0.3096163272857666], [0.026146361604332924, -0.030939443036913872, -0.999178946018219, -0.14759592711925507], [0.0, 0.0, 0.0, 1.0]]}, "Bone": {"matrix": [[0.5598060488700867, -0.7877323627471924, -0.257088840007782, -1.4897856712341309], [0.4619484841823578, 0.5542579293251038, -0.6923882961273193, -0.9769294261932373], [0.687910258769989, 0.26884159445762634, 0.6741686463356018, 0.36464324593544006], [0.0, 0.0, 0.0, 1.0]]}, "finger1joint1": {"matrix": [[-0.5598790645599365, -0.7619083523750305, -0.3256238102912903, -2.145326852798462], [0.5018705725669861, 0.0008649094379507005, -0.864942193031311, -0.5156828165054321], [0.6592884659767151, -0.6476839780807495, 0.3818950653076172, 0.5883699059486389], [0.0, 0.0, 0.0, 1.0]]}, "finger1joint2": {"matrix": [[-0.4188048243522644, 0.3176943361759186, -0.8506895303726196, -2.5759410858154297], [0.7412602305412292, 0.6607323884963989, -0.11817743629217148, -0.5151939988136292], [0.5245339870452881, -0.680075466632843, -0.5122119784355164, 0.22231295704841614], [0.0, 0.0, 0.0, 1.0]]}, "finger1joint3": {"matrix": [[-0.5141753554344177, 0.6864307522773743, -0.5142337679862976, -2.4397506713867188], [0.7007390856742859, 0.6819271445274353, 0.20961883664131165, -0.2319488823413849], [0.49455899000167847, -0.25256282091140747, -0.8316388130187988, -0.06922420859336853], [0.0, 0.0, 0.0, 1.0]]}, "Bone.001": {"matrix": [[0.22583721578121185, -0.9729556441307068, 0.04852357879281044, -1.4897856712341309], [0.5371472239494324, 0.0828162282705307, -0.8394129276275635, -0.9769294261932373], [0.8126931190490723, 0.21563509106636047, 0.5413233637809753, 0.3646432161331177], [0.0, 0.0, 0.0, 1.0]]}, "finger2joint1": {"matrix": [[-0.6311886310577393, -0.7382088899612427, -0.23800887167453766, -2.1065261363983154], [0.54631507396698, -0.2053050845861435, -0.8120279312133789, -0.9244335889816284], [0.5505819916725159, -0.6425706744194031, 0.5328808426856995, 0.5013308525085449], [0.0, 0.0, 0.0, 1.0]]}, "finger2joint2": {"matrix": [[-0.6706527471542358, 0.4058603048324585, -0.6208881735801697, -2.7451870441436768], [0.5982048511505127, 0.7908618450164795, -0.1291830688714981, -1.102052927017212], [0.43860670924186707, -0.4580552279949188, -0.7731812000274658, -0.05458848178386688], [0.0, 0.0, 0.0, 1.0]]}, "finger2joint3": {"matrix": [[-0.561496913433075, 0.813380241394043, -0.1520969718694687, -2.591115713119507], [0.6941008567810059, 0.5630351305007935, 0.4485701322555542, -0.8018288612365723], [0.4504942297935486, 0.1463000625371933, -0.8807103633880615, -0.22847376763820648], [0.0, 0.0, 0.0, 1.0]]}, "Bone.002": {"matrix": [[-0.5173238515853882, -0.8444080948829651, 0.13910715281963348, -1.4897855520248413], [0.45589542388916016, -0.40948644280433655, -0.7902405261993408, -0.9769294261932373], [0.7242482304573059, -0.3453918993473053, 0.5967987179756165, 0.36464327573776245], [0.0, 0.0, 0.0, 1.0]]}, "finger3joint1": {"matrix": [[-0.5596720576286316, -0.7699107527732849, 0.30660146474838257, -1.8457120656967163], [0.5707034468650818, -0.6263366341590881, -0.5310366749763489, -1.1495319604873657], [0.600886881351471, -0.12222786992788315, 0.7899336218833923, 0.2190571129322052], [0.0, 0.0, 0.0, 1.0]]}, "finger3joint2": {"matrix": [[-0.6858385801315308, 0.044230833649635315, -0.7264081835746765, -2.521063804626465], [0.48465120792388916, 0.7723720669746399, -0.41055402159690857, -1.698943018913269], [0.5428985357284546, -0.633628249168396, -0.5511590242385864, 0.11184108257293701], [0.0, 0.0, 0.0, 1.0]]}, "finger3joint3": {"matrix": [[-0.5508643984794617, 0.8336389660835266, 0.03992742672562599, -2.4924426078796387], [0.5845048427581787, 0.351205050945282, 0.7314432263374329, -1.1991561651229858], [0.595737099647522, 0.42626360058784485, -0.6807323098182678, -0.29816728830337524], [0.0, 0.0, 0.0, 1.0]]}, "Bone.003": {"matrix": [[-0.7047997713088989, 0.0810389369726181, 0.7047622799873352, -1.4897856712341309], [-0.3316637873649597, -0.9158356785774231, -0.22637172043323517, -0.9769294261932373], [0.627101480960846, -0.39329102635383606, 0.6723583340644836, 0.36464327573776245], [0.0, 0.0, 0.0, 1.0]]}, "finger4joint1": {"matrix": [[-0.6747773885726929, -0.7150364518165588, -0.1827511042356491, -1.4550508260726929], [0.5162651538848877, -0.28037065267562866, -0.8092356324195862, -1.3694744110107422], [0.5273952484130859, -0.6404020190238953, 0.5583361387252808, 0.19607111811637878], [0.0, 0.0, 0.0, 1.0]]}, "finger4joint2": {"matrix": [[-0.6943939924240112, -0.18845196068286896, -0.6944798827171326, -2.1653387546539307], [0.49397969245910645, 0.5769439339637756, -0.650476336479187, -1.647983193397522], [0.5232597589492798, -0.7947458624839783, -0.3075350224971771, -0.4400780200958252], [0.0, 0.0, 0.0, 1.0]]}, "finger4joint3": {"matrix": [[-0.6660916209220886, 0.05846298485994339, -0.7435747981071472, -2.2439348697662354], [0.453773558139801, 0.8229660987854004, -0.34178364276885986, -1.4073612689971924], [0.5919554233551025, -0.5650737881660461, -0.5746998190879822, -0.7715370059013367], [0.0, 0.0, 0.0, 1.0]]}}