{"root": {"matrix": [[0.023207109421491623, -0.9354019165039062, 0.35282379388809204, -5.960464477539063e-08], [0.2671991288661957, -0.3342766761779785, -0.903805136680603, 0.0], [0.9633618593215942, 0.1152488961815834, 0.2421809285879135, 0.0], [0.0, 0.0, 0.0, 1.0]]}, "carpals": {"matrix": [[-0.704170286655426, 0.01772357150912285, -0.7098097205162048, -0.9027710556983948], [0.6954965591430664, -0.1840188354253769, -0.6945656538009644, 0.37867993116378784], [-0.14292839169502258, -0.9827627539634705, 0.11725383251905441, 2.264197587966919], [0.0, 0.0, 0.0, 1.0]]}, "metacarpals": {"matrix": [[-0.8694695830345154, -0.46648648381233215, -0.16252020001411438, -0.8855083584785461], [0.4311235249042511, -0.555971622467041, -0.7106531858444214, 0.1994466781616211], [0.2411535680294037, -0.6879576444625854, 0.6845135688781738, 1.306992769241333], [0.0, 0.0, 0.0, 1.0]]}, "finger5joint1": {"matrix": [[-0.8348791599273682, -0.46624505519866943, -0.2925613224506378, -0.932300329208374], [0.28922799229621887, 0.08062674105167389, -0.9538586735725403, 0.09886300563812256], [0.46832025051116943, -0.8809735774993896, 0.06753741949796677, 0.5904955863952637], [0.0, 0.0, 0.0, 1.0]]}, "finger5joint2": {"matrix": [[-0.39122483134269714, -0.6827611327171326, 0.6170735359191895, -1.4247820377349854], [-0.9201394319534302, 0.30252355337142944, -0.2486415058374405, 0.1840267926454544], [-0.016916602849960327, -0.6650682687759399, -0.7465904355049133, -0.34005239605903625], [0.0, 0.0, 0.0, 1.0]]}, "finger5joint3": {"matrix": [[-0.48663219809532166, -0.7432795166969299, 0.4590469300746918, -1.894067645072937], [-0.8727884292602539, 0.43638449907302856, -0.2186516523361206, 0.39196187257766724], [-0.037801727652549744, -0.5070536136627197, -0.8610846996307373, -0.7971771359443665], [0.0, 0.0, 0.0, 1.0]]}, "Bone": {"matrix": [[0.3386398255825043, -0.8977612257003784, -0.2816872298717499, -1.613823413848877], [0.6739770174026489, 0.4403444528579712, -0.5931707620620728, -0.6685793399810791], [0.6565651297569275, 0.011020610108971596, 0.7541884779930115, 0.23289985954761505], [0.0, 0.0, 0.0, 1.0]]}, "finger1joint1": {"matrix": [[-0.8061807155609131, -0.47876057028770447, -0.3476504385471344, -2.360929250717163], [0.4815582036972046, -0.18954876065254211, -0.8556709289550781, -0.3021301329135895], [0.34376487135887146, -0.857239305973053, 0.3833615779876709, 0.24207107722759247], [0.0, 0.0, 0.0, 1.0]]}, "finger1joint2": {"matrix": [[-0.6523186564445496, 0.5880551338195801, -0.47819599509239197, -2.631514072418213], [0.7229020595550537, 0.672325849533081, -0.15934406220912933, -0.40925902128219604], [0.22780051827430725, -0.4496318995952606, -0.8636768460273743, -0.24242201447486877], [0.0, 0.0, 0.0, 1.0]]}, "finger1joint3": {"matrix": [[-0.7185258269309998, 0.5176337957382202, 0.4645167291164398, -2.379424571990967], [0.677893340587616, 0.3719026744365692, 0.6341521739959717, -0.12104396522045135], [0.15550369024276733, 0.7705474495887756, -0.6181220412254333, -0.43517181277275085], [0.0, 0.0, 0.0, 1.0]]}, "Bone.001": {"matrix": [[-0.020771749317646027, -0.9978389143943787, 0.06233566626906395, -1.6138231754302979], [0.7082633376121521, -0.0586920790374279, -0.7035041451454163, -0.6685792803764343], [0.7056425213813782, 0.029537074267864227, 0.7079517841339111, 0.23289984464645386], [0.0, 0.0, 0.0, 1.0]]}, "finger2joint1": {"matrix": [[-0.766222357749939, -0.353774756193161, -0.5364200472831726, -2.2463371753692627], [0.506632387638092, 0.18088971078395844, -0.8429723381996155, -0.7057833075523376], [0.39525526762008667, -0.9176719784736633, 0.04063194990158081, 0.2516229748725891], [0.0, 0.0, 0.0, 1.0]]}, "finger2joint2": {"matrix": [[-0.7422109842300415, 0.16252313554286957, -0.6501607298851013, -2.5524048805236816], [0.5966391563415527, 0.602055549621582, -0.5306135416030884, -0.5492867827415466], [0.30519598722457886, -0.7817383408546448, -0.5438198447227478, -0.5422999858856201], [0.0, 0.0, 0.0, 1.0]]}, "finger2joint3": {"matrix": [[-0.657589316368103, 0.6289424300193787, -0.4147377610206604, -2.490708351135254], [0.7067651748657227, 0.7056418061256409, -0.05052129179239273, -0.3207365870475769], [0.2608814239501953, -0.32634440064430237, -0.9085370898246765, -0.8390606641769409], [0.0, 0.0, 0.0, 1.0]]}, "Bone.002": {"matrix": [[-0.7116220593452454, -0.6900617480278015, 0.13194189965724945, -1.613823413848877], [0.47771787643432617, -0.6129724979400635, -0.6293253302574158, -0.6685793399810791], [0.5151501297950745, -0.38481074571609497, 0.7658594250679016, 0.23289987444877625], [0.0, 0.0, 0.0, 1.0]]}, "finger3joint1": {"matrix": [[-0.6825662851333618, -0.7047882080078125, -0.19333072006702423, -1.904691219329834], [0.5675955414772034, -0.34459027647972107, -0.7477251291275024, -0.9269533157348633], [0.4603680968284607, -0.620105504989624, 0.6352401375770569, 0.07069829106330872], [0.0, 0.0, 0.0, 1.0]]}, "finger3joint2": {"matrix": [[-0.777401864528656, 0.1744389533996582, -0.6043320894241333, -2.522918224334717], [0.534541130065918, 0.6896131634712219, -0.48856884241104126, -1.2292215824127197], [0.3315300941467285, -0.7028545141220093, -0.6293512582778931, -0.4732467830181122], [0.0, 0.0, 0.0, 1.0]]}, "finger3joint3": {"matrix": [[-0.6550779938697815, 0.6219936609268188, -0.42894822359085083, -2.4100425243377686], [0.6426352262496948, 0.7572444677352905, 0.116622693836689, -0.7829865217208862], [0.39735737442970276, -0.19926032423973083, -0.8957690000534058, -0.92805016040802], [0.0, 0.0, 0.0, 1.0]]}, "Bone.003": {"matrix": [[-0.7589782476425171, 0.29035601019859314, 0.5827909708023071, -1.613823413848877], [-0.3351380527019501, -0.9416025876998901, 0.0326659269630909, -0.6685793995857239], [0.55824214220047, -0.1705227941274643, 0.8119651675224304, 0.23289984464645386], [0.0, 0.0, 0.0, 1.0]]}, "finger4joint1": {"matrix": [[-0.7073811888694763, -0.698604166507721, -0.10753471404314041, -1.4893710613250732], [0.5754435062408447, -0.4808409810066223, -0.6615561246871948, -1.0721685886383057], [0.41045892238616943, -0.5298525094985962, 0.7421450614929199, 0.15981042385101318], [0.0, 0.0, 0.0, 1.0]]}, "finger4joint2": {"matrix": [[-0.7251540422439575, -0.19629868865013123, -0.6600136160850525, -2.183335781097412], [0.5513877868652344, 0.40860503911972046, -0.7273329496383667, -1.5498162508010864], [0.41245952248573303, -0.8913518786430359, -0.18806488811969757, -0.36652329564094543], [0.0, 0.0, 0.0, 1.0]]}, "finger4joint3": {"matrix": [[-0.6965938210487366, 0.1126132607460022, -0.7085723876953125, -2.265204668045044], [0.5260944366455078, 0.751685380935669, -0.3977354168891907, -1.3794022798538208], [0.4878333508968353, -0.6498360633850098, -0.5828646421432495, -0.738273024559021], [0.0, 0.0, 0.0, 1.0]]}}