{"root": {"matrix": [[0.5530145168304443, -0.8330232501029968, -0.015722064301371574, -5.960464477539063e-08], [-0.18714886903762817, -0.10580930858850479, -0.9766164422035217, 0.0], [0.8118806481361389, 0.5430254340171814, -0.21441352367401123, 0.0], [0.0, 0.0, 0.0, 1.0]]}, "carpals": {"matrix": [[0.05516999587416649, -0.5785899758338928, -0.8137503862380981, 0.43701881170272827], [0.9971096515655518, -0.010709485970437527, 0.07521574199199677, -0.41700276732444763], [-0.05223371833562851, -0.8155480623245239, 0.5763269066810608, 2.391674757003784], [0.0, 0.0, 0.0, 1.0]]}, "metacarpals": {"matrix": [[0.22768400609493256, -0.8321623206138611, -0.5056338906288147, -0.12652432918548584], [0.9506523609161377, 0.07757394015789032, 0.3004033863544464, -0.42743372917175293], [-0.2107601910829544, -0.5490790605545044, 0.8087595701217651, 1.597335934638977], [0.0, 0.0, 0.0, 1.0]]}, "finger5joint1": {"matrix": [[0.13608033955097198, -0.8413056135177612, -0.5231507420539856, -0.43336331844329834], [0.9632012248039246, -0.011194960214197636, 0.26854783296585083, -0.6735477447509766], [-0.23178724944591522, -0.540443480014801, 0.8088233470916748, 0.988277018070221], [0.0, 0.0, 0.0, 1.0]]}, "finger5joint2": {"matrix": [[-0.47119638323783875, -0.8623256087303162, -0.1853857934474945, -1.3220109939575195], [0.23106501996517181, 0.08215856552124023, -0.9694629907608032, -0.6853725910186768], [0.8512241244316101, -0.49964356422424316, 0.16054023802280426, 0.4174215793609619], [0.0, 0.0, 0.0, 1.0]]}, "finger5joint3": {"matrix": [[-0.5387172698974609, -0.7591503262519836, -0.3653407692909241, -1.9147177934646606], [0.2907468378543854, 0.2394796758890152, -0.9263451099395752, -0.6289021372795105], [0.7907271981239319, -0.6052597761154175, 0.09170853346586227, 0.07399903237819672], [0.0, 0.0, 0.0, 1.0]]}, "Bone": {"matrix": [[0.8970887064933777, 0.1637287139892578, -0.4103955328464508, -1.4257607460021973], [0.045073576271533966, 0.8900558352470398, 0.45361748337745667, -0.3063192367553711], [0.4395451247692108, -0.4254330098628998, 0.7910793423652649, 0.7400709986686707], [0.0, 0.0, 0.0, 1.0]]}, "finger1joint1": {"matrix": [[0.6249757409095764, -0.7685490846633911, -0.1368841975927353, -1.2895077466964722], [0.7701784372329712, 0.63565993309021, -0.052549105137586594, 0.43437421321868896], [0.12739847600460052, -0.0725831687450409, 0.9891921281814575, 0.386030912399292], [0.0, 0.0, 0.0, 1.0]]}, "finger1joint2": {"matrix": [[0.6522209644317627, -0.725844144821167, -0.21853549778461456, -1.7238750457763672], [0.7367388606071472, 0.5391421318054199, 0.40809500217437744, 0.7936354279518127], [-0.17839166522026062, -0.42717161774635315, 0.8863976001739502, 0.3450084924697876], [0.0, 0.0, 0.0, 1.0]]}, "finger1joint3": {"matrix": [[0.6529237031936646, -0.3703189194202423, -0.660722553730011, -2.0350325107574463], [0.754002034664154, 0.23496100306510925, 0.6134119629859924, 1.0247567892074585], [-0.07191397994756699, -0.8986973166465759, 0.43263301253318787, 0.1618870347738266], [0.0, 0.0, 0.0, 1.0]]}, "Bone.001": {"matrix": [[0.8445367813110352, -0.3175123631954193, -0.4312112331390381, -1.4257606267929077], [0.39668092131614685, 0.9118773937225342, 0.10546854883432388, -0.3063192665576935], [0.3597242832183838, -0.26012516021728516, 0.8960652947425842, 0.7400710582733154], [0.0, 0.0, 0.0, 1.0]]}, "finger2joint1": {"matrix": [[0.45732375979423523, -0.3899168074131012, -0.7992618680000305, -1.6270265579223633], [0.8836215138435364, 0.30063945055007935, 0.35892704129219055, 0.27170485258102417], [0.10033813863992691, -0.8703908920288086, 0.48202866315841675, 0.5751819610595703], [0.0, 0.0, 0.0, 1.0]]}, "finger2joint2": {"matrix": [[0.4920860826969147, -0.32466769218444824, -0.807738721370697, -1.9643627405166626], [0.8702221512794495, 0.15812885761260986, 0.466592401266098, 0.531802773475647], [-0.023760514333844185, -0.9325157403945923, 0.3603462278842926, -0.1778358519077301], [0.0, 0.0, 0.0, 1.0]]}, "finger2joint3": {"matrix": [[0.5217922925949097, -0.19780880212783813, -0.8298217058181763, -2.0876121520996094], [0.8374205827713013, -0.06671005487442017, 0.5424724221229553, 0.5918310880661011], [-0.16266313195228577, -0.9779677987098694, 0.13084056973457336, -0.5318341255187988], [0.0, 0.0, 0.0, 1.0]]}, "Bone.002": {"matrix": [[0.3906274437904358, -0.8602434396743774, -0.3277060091495514, -1.4257606267929077], [0.9184369444847107, 0.3882996737957001, 0.07547707110643387, -0.3063192665576935], [0.06231967732310295, -0.3304605484008789, 0.9417600035667419, 0.7400709986686707], [0.0, 0.0, 0.0, 1.0]]}, "finger3joint1": {"matrix": [[0.8665241599082947, -0.49891069531440735, -0.014957312494516373, -1.7883620262145996], [0.4914030432701111, 0.8579719066619873, -0.14969059824943542, -0.14264702796936035], [0.0875152125954628, 0.1223607137799263, 0.9886196255683899, 0.6007785797119141], [0.0, 0.0, 0.0, 1.0]]}, "finger3joint2": {"matrix": [[0.776653528213501, -0.09443793445825577, -0.622808575630188, -2.22599720954895], [0.6263178586959839, 0.2214668095111847, 0.7474479079246521, 0.609950065612793], [0.0673440545797348, -0.9705841541290283, 0.2311514914035797, 0.7081111669540405], [0.0, 0.0, 0.0, 1.0]]}, "finger3joint3": {"matrix": [[0.864671528339386, 0.3263891637325287, -0.3818546533584595, -2.2871060371398926], [0.5019099116325378, -0.5926963090896606, 0.62991863489151, 0.7532569169998169], [-0.02072521671652794, -0.7363296747207642, -0.6763054132461548, 0.08006525039672852], [0.0, 0.0, 0.0, 1.0]]}, "Bone.003": {"matrix": [[-0.35809990763664246, -0.8352862000465393, 0.4172064960002899, -1.4257606267929077], [0.8534862399101257, -0.47402599453926086, -0.2164728194475174, -0.30631929636001587], [0.37858372926712036, 0.2785611152648926, 0.8826539516448975, 0.7400709986686707], [0.0, 0.0, 0.0, 1.0]]}, "finger4joint1": {"matrix": [[-0.16621437668800354, -0.8274574875831604, -0.5363640785217285, -1.783780574798584], [0.8749682307243347, -0.37460339069366455, 0.30676156282424927, -0.5094960331916809], [-0.4547558128833771, -0.41831347346305847, 0.7862637639045715, 0.8594677448272705], [0.0, 0.0, 0.0, 1.0]]}, "finger4joint2": {"matrix": [[-0.19546489417552948, 0.1679687649011612, -0.9662191867828369, -2.605743169784546], [0.8719115853309631, -0.42126011848449707, -0.24961917102336884, -0.8816115856170654], [-0.4489576518535614, -0.8912498354911804, -0.06411229074001312, 0.44393226504325867], [0.0, 0.0, 0.0, 1.0]]}, "finger4joint3": {"matrix": [[-0.19459550082683563, 0.8031172752380371, -0.563147246837616, -2.535689353942871], [0.9074695110321045, -0.07052615284919739, -0.41415539383888245, -1.0573036670684814], [-0.3723317086696625, -0.591632068157196, -0.7150805592536926, 0.07222504913806915], [0.0, 0.0, 0.0, 1.0]]}}