{"root": {"matrix": [[0.400364488363266, -0.8157070279121399, 0.41752883791923523, 0.0], [0.8734156489372253, 0.20184507966041565, -0.4431745707988739, 0.0], [0.2772245407104492, 0.5421075820922852, 0.7932628393173218, 5.960464477539063e-08], [0.0, 0.0, 0.0, 1.0]]}, "carpals": {"matrix": [[-0.5640689730644226, -0.4335397183895111, -0.7027583122253418, 0.060045331716537476], [0.7101887464523315, -0.6889093518257141, -0.1450367420911789, 2.2226004600524902], [-0.4212576150894165, -0.5809017419815063, 0.696487545967102, 1.0683761835098267], [0.0, 0.0, 0.0, 1.0]]}, "metacarpals": {"matrix": [[-0.5962663292884827, -0.8017863035202026, -0.04006117209792137, -0.36221981048583984], [0.8015282154083252, -0.5973829030990601, 0.02619178220629692, 1.5516067743301392], [-0.04493210092186928, -0.016492784023284912, 0.9988537430763245, 0.5025813579559326], [0.0, 0.0, 0.0, 1.0]]}, "finger5joint1": {"matrix": [[-0.6446071863174438, -0.6842448711395264, -0.34101346135139465, -0.6986703872680664], [0.7560020685195923, -0.5041289925575256, -0.41751012206077576, 1.0592834949493408], [0.11376438289880753, -0.5269368886947632, 0.8422558307647705, 0.09015747904777527], [0.0, 0.0, 0.0, 1.0]]}, "finger5joint2": {"matrix": [[-0.26652202010154724, -0.6900354623794556, 0.6729162335395813, -1.421419382095337], [-0.4135627746582031, -0.5487582683563232, -0.726518988609314, 0.5267860889434814], [0.8705925941467285, -0.47192636132240295, -0.13911694288253784, -0.4664313495159149], [0.0, 0.0, 0.0, 1.0]]}, "finger5joint3": {"matrix": [[-0.36641740798950195, -0.7736570239067078, 0.5169064402580261, -1.895704984664917], [-0.42235830426216125, -0.35671183466911316, -0.8332884907722473, 0.14960530400276184], [0.8290664553642273, -0.5236511826515198, -0.19605514407157898, -0.7908028960227966], [0.0, 0.0, 0.0, 1.0]]}, "Bone": {"matrix": [[0.7005429267883301, -0.7072353363037109, -0.09517128020524979, -1.6140308380126953], [0.7096387147903442, 0.6763709783554077, 0.19731944799423218, 0.6189262270927429], [-0.07518027722835541, -0.20576800405979156, 0.975708544254303, 0.4768315851688385], [0.0, 0.0, 0.0, 1.0]]}, "finger1joint1": {"matrix": [[-0.3560704290866852, -0.844454288482666, -0.40013816952705383, -2.2025833129882812], [0.9332860708236694, -0.29992184042930603, -0.19754450023174286, 1.1817938089370728], [0.04680706933140755, -0.44378313422203064, 0.8949108123779297, 0.30559396743774414], [0.0, 0.0, 0.0, 1.0]]}, "finger1joint2": {"matrix": [[-0.2003771811723709, 0.509404182434082, -0.8368728160858154, -2.6798505783081055], [0.9549256563186646, -0.08940219134092331, -0.2830621004104614, 1.012284517288208], [-0.21901138126850128, -0.8558706045150757, -0.46852898597717285, 0.0547773540019989], [0.0, 0.0, 0.0, 1.0]]}, "finger1joint3": {"matrix": [[-0.3026525378227234, 0.8220492005348206, 0.4823238253593445, -2.461477279663086], [0.9239832758903503, 0.3771941065788269, -0.06308302283287048, 0.97395920753479], [-0.2337871789932251, 0.4265668988227844, -0.8737185001373291, -0.3121202886104584], [0.0, 0.0, 0.0, 1.0]]}, "Bone.001": {"matrix": [[0.40355736017227173, -0.898537278175354, 0.17254529893398285, -1.6140308380126953], [0.9146193265914917, 0.4012725055217743, -0.04951271787285805, 0.6189262270927429], [-0.02474874258041382, 0.17779454588890076, 0.9837561845779419, 0.4768315553665161], [0.0, 0.0, 0.0, 1.0]]}, "finger2joint1": {"matrix": [[-0.49065303802490234, -0.2972530424594879, -0.8190847635269165, -2.1835989952087402], [0.8689619898796082, -0.23653818666934967, -0.43468889594078064, 0.8732863068580627], [-0.06453227251768112, -0.9250351190567017, 0.37435993552207947, 0.5895326137542725], [0.0, 0.0, 0.0, 1.0]]}, "finger2joint2": {"matrix": [[-0.43772169947624207, 0.07891394942998886, -0.8956405520439148, -2.4407670497894287], [0.880448043346405, -0.16428446769714355, -0.4447714686393738, 0.6686455011367798], [-0.18223857879638672, -0.98325115442276, 0.0024313246831297874, -0.21076050400733948], [0.0, 0.0, 0.0, 1.0]]}, "finger2joint3": {"matrix": [[-0.3439910411834717, 0.48791250586509705, -0.8022538423538208, -2.4108099937438965], [0.8919907808303833, -0.09707491099834442, -0.44150710105895996, 0.6062804460525513], [-0.29329565167427063, -0.8674776554107666, -0.401820570230484, -0.5840187668800354], [0.0, 0.0, 0.0, 1.0]]}, "Bone.002": {"matrix": [[-0.34002408385276794, -0.8998413681983948, 0.27325594425201416, -1.6140308380126953], [0.9360273480415344, -0.35187602043151855, 0.00599837489426136, 0.6189262866973877], [0.09075459837913513, 0.2578147351741791, 0.9619225263595581, 0.4768316149711609], [0.0, 0.0, 0.0, 1.0]]}, "finger3joint1": {"matrix": [[0.1544225513935089, -0.9797965884208679, -0.12709064781665802, -1.9933228492736816], [0.986600399017334, 0.1597786247730255, -0.03302348405122757, 0.4706069827079773], [0.05266258865594864, -0.12028806656599045, 0.9913411140441895, 0.5855030417442322], [0.0, 0.0, 0.0, 1.0]]}, "finger3joint2": {"matrix": [[0.0023645085748285055, 0.5692721009254456, -0.8221456408500671, -2.8527824878692627], [0.9999819993972778, -0.005882191006094217, -0.0011967114405706525, 0.610761821269989], [-0.005517331883311272, -0.8221281170845032, -0.5692756772041321, 0.47998857498168945], [0.0, 0.0, 0.0, 1.0]]}, "finger3joint3": {"matrix": [[0.16882725059986115, 0.9328713417053223, -0.3181952238082886, -2.484417676925659], [0.984401285648346, -0.14336995780467987, 0.10197596251964569, 0.6069555282592773], [0.04951073229312897, -0.33044835925102234, -0.9425244927406311, -0.051994308829307556], [0.0, 0.0, 0.0, 1.0]]}, "Bone.003": {"matrix": [[-0.5427368879318237, -0.00833570770919323, 0.839861273765564, -1.6140308380126953], [0.4471156597137451, -0.8493550419807434, 0.2805059552192688, 0.6189262866973877], [0.7110021710395813, 0.5277561545372009, 0.46470335125923157, 0.4768316149711609], [0.0, 0.0, 0.0, 1.0]]}, "finger4joint1": {"matrix": [[-0.881014347076416, -0.41797924041748047, -0.22159995138645172, -1.6176036596298218], [0.45749807357788086, -0.8719950318336487, -0.17412640154361725, 0.2548762559890747], [-0.1204528659582138, -0.25478941202163696, 0.9594650268554688, 0.7030380964279175], [0.0, 0.0, 0.0, 1.0]]}, "finger4joint2": {"matrix": [[-0.8944790363311768, -0.272591233253479, -0.3544018864631653, -2.0328071117401123], [0.43394121527671814, -0.7202355861663818, -0.5412535667419434, -0.6113280057907104], [-0.10771190375089645, -0.6379296183586121, 0.7625244855880737, 0.4499407410621643], [0.0, 0.0, 0.0, 1.0]]}, "finger4joint3": {"matrix": [[-0.8634433746337891, -0.18982429802417755, -0.46736669540405273, -2.1464948654174805], [0.5001808404922485, -0.442386269569397, -0.7443878054618835, -0.9117114543914795], [-0.06545372307300568, -0.8765048384666443, 0.4769221842288971, 0.18388399481773376], [0.0, 0.0, 0.0, 1.0]]}}