{"root": {"matrix": [[0.38687050342559814, -0.791770339012146, 0.4726848602294922, 0.0], [0.8860335350036621, 0.17715023458003998, -0.4284417927265167, 0.0], [0.25549131631851196, 0.5845661759376526, 0.7700692415237427, 0.0], [0.0, 0.0, 0.0, 1.0]]}, "carpals": {"matrix": [[-0.6563857197761536, -0.37956780195236206, -0.6519860625267029, 0.046757638454437256], [0.6598896980285645, -0.7077274322509766, -0.2523237466812134, 2.2253074645996094], [-0.36565446853637695, -0.5958606004714966, 0.715015172958374, 1.0633938312530518], [0.0, 0.0, 0.0, 1.0]]}, "metacarpals": {"matrix": [[-0.613381564617157, -0.7874059081077576, 0.06127624586224556, -0.32293903827667236], [0.7743747234344482, -0.6148515939712524, -0.14933553338050842, 1.5359852313995361], [0.15526346862316132, -0.04414879530668259, 0.9868859648704529, 0.4830291271209717], [0.0, 0.0, 0.0, 1.0]]}, "finger5joint1": {"matrix": [[-0.7037838697433472, -0.6869044899940491, -0.1812460571527481, -0.6898671388626099], [0.6602755188941956, -0.5383211374282837, -0.5236853957176208, 1.110663890838623], [0.262153297662735, -0.48823365569114685, 0.8324081301689148, 0.024618536233901978], [0.0, 0.0, 0.0, 1.0]]}, "finger5joint2": {"matrix": [[-0.13260039687156677, -0.6879639029502869, 0.7135278582572937, -1.4154255390167236], [-0.5260211825370789, -0.5612970590591431, -0.6389420628547668, 0.5420501232147217], [0.8400704860687256, -0.46005475521087646, -0.2874555289745331, -0.4910891652107239], [0.0, 0.0, 0.0, 1.0]]}, "finger5joint3": {"matrix": [[-0.2353271096944809, -0.7929754853248596, 0.5619699954986572, -1.88828706741333], [-0.5401463508605957, -0.37398621439933777, -0.7539070248603821, 0.1562509685754776], [0.8079991340637207, -0.480960875749588, -0.3403138518333435, -0.8073009252548218], [0.0, 0.0, 0.0, 1.0]]}, "Bone": {"matrix": [[0.675173282623291, -0.7376586198806763, 0.0007443181239068508, -1.5522983074188232], [0.737484872341156, 0.6750357151031494, 0.021038107573986053, 0.5760312080383301], [-0.01602146588265896, -0.013655445538461208, 0.9997782707214355, 0.41410061717033386], [0.0, 0.0, 0.0, 1.0]]}, "finger1joint1": {"matrix": [[-0.5059128403663635, -0.828967809677124, -0.23846235871315002, -2.166168689727783], [0.8427368998527527, -0.4160468280315399, -0.3416127562522888, 1.1377875804901123], [0.1839744746685028, -0.3737873136997223, 0.9090853333473206, 0.40273672342300415], [0.0, 0.0, 0.0, 1.0]]}, "finger1joint2": {"matrix": [[-0.3926076292991638, 0.3743232488632202, -0.8400840163230896, -2.63468337059021], [0.9148794412612915, 0.06549625843763351, -0.39837881922721863, 0.9026468992233276], [-0.09410016238689423, -0.9249822497367859, -0.3681749701499939, 0.19148020446300507], [0.0, 0.0, 0.0, 1.0]]}, "finger1joint3": {"matrix": [[-0.4891341030597687, 0.8576794862747192, 0.15853562951087952, -2.474217176437378], [0.8668088316917419, 0.49820253252983093, -0.020894864574074745, 0.9307241439819336], [-0.09690403193235397, 0.1271996647119522, -0.9871320128440857, -0.2050444483757019], [0.0, 0.0, 0.0, 1.0]]}, "Bone.001": {"matrix": [[0.3808895945549011, -0.8834948539733887, 0.27268967032432556, -1.5522981882095337], [0.9193786382675171, 0.33052656054496765, -0.2132950723171234, 0.5760311484336853], [0.09831385314464569, 0.33194699883461, 0.9381605386734009, 0.4141005873680115], [0.0, 0.0, 0.0, 1.0]]}, "finger2joint1": {"matrix": [[-0.40637028217315674, -0.275642067193985, -0.871139645576477, -2.1123313903808594], [0.8665034174919128, 0.18622589111328125, -0.46313217282295227, 0.7855465412139893], [0.2898874580860138, -0.9430488348007202, 0.16316823661327362, 0.6245164275169373], [0.0, 0.0, 0.0, 1.0]]}, "finger2joint2": {"matrix": [[-0.3473815619945526, 0.02587880566716194, -0.9373665452003479, -2.3508026599884033], [0.9188698530197144, 0.20883730053901672, -0.3347610533237457, 0.9466596245765686], [0.18709389865398407, -0.977607786655426, -0.09632542729377747, -0.19136133790016174], [0.0, 0.0, 0.0, 1.0]]}, "finger2joint3": {"matrix": [[-0.2569655179977417, 0.3681192696094513, -0.893563985824585, -2.3409786224365234], [0.9629706740379333, 0.17558562755584717, -0.2045893371105194, 1.025937795639038], [0.08158368617296219, -0.913048505783081, -0.3996075391769409, -0.5624772906303406], [0.0, 0.0, 0.0, 1.0]]}, "Bone.002": {"matrix": [[-0.34735602140426636, -0.8618466854095459, 0.3695453405380249, -1.5522983074188232], [0.8926866054534912, -0.42458468675613403, -0.15112365782260895, 0.5760312080383301], [0.28714871406555176, 0.277394562959671, 0.9168411493301392, 0.4141005873680115], [0.0, 0.0, 0.0, 1.0]]}, "finger3joint1": {"matrix": [[-0.015322582796216011, -0.9995090961456299, -0.027323495596647263, -1.9155752658843994], [0.9777443408966064, -0.009258990176022053, -0.20959554612636566, 0.3970644772052765], [0.2092396318912506, -0.029926881194114685, 0.9774062633514404, 0.531025230884552], [0.0, 0.0, 0.0, 1.0]]}, "finger3joint2": {"matrix": [[-0.17210298776626587, 0.475717157125473, -0.8625969886779785, -2.7923262119293213], [0.971365213394165, 0.2275608628988266, -0.06830541044473648, 0.3889426290988922], [0.1637992411851883, -0.8496524095535278, -0.501258909702301, 0.5047739148139954], [0.0, 0.0, 0.0, 1.0]]}, "finger3joint3": {"matrix": [[-0.0007768577779643238, 0.9330782890319824, -0.35967209935188293, -2.484498977661133], [0.9790951609611511, 0.07386726886034012, 0.18951570987701416, 0.536192774772644], [0.20340095460414886, -0.3520062565803528, -0.9136298894882202, -0.04501943290233612], [0.0, 0.0, 0.0, 1.0]]}, "Bone.003": {"matrix": [[-0.47625574469566345, 0.06210383400321007, 0.8771108388900757, -1.5522983074188232], [0.29620447754859924, -0.9278718829154968, 0.22653165459632874, 0.5760312080383301], [0.8279149532318115, 0.3676912784576416, 0.4235089123249054, 0.4141005873680115], [0.0, 0.0, 0.0, 1.0]]}, "finger4joint1": {"matrix": [[-0.9039021730422974, -0.4236413240432739, 0.05906300246715546, -1.525679349899292], [0.4136042892932892, -0.900863766670227, -0.131817027926445, 0.1783272624015808], [0.10905086249113083, -0.0947209894657135, 0.9895127415657043, 0.5717002153396606], [0.0, 0.0, 0.0, 1.0]]}, "finger4joint2": {"matrix": [[-0.912066638469696, -0.3694513142108917, -0.17787499725818634, -1.946507215499878], [0.39022237062454224, -0.6488265991210938, -0.6532612442970276, -0.7165539264678955], [0.12593819200992584, -0.6652287840843201, 0.7359415292739868, 0.47760826349258423], [0.0, 0.0, 0.0, 1.0]]}, "finger4joint3": {"matrix": [[-0.8754990100860596, -0.30733487010002136, -0.37288883328437805, -2.1005916595458984], [0.45232057571411133, -0.24971064925193787, -0.8561835885047913, -0.9871553778648376], [0.17002077400684357, -0.918253481388092, 0.357635498046875, 0.20016606152057648], [0.0, 0.0, 0.0, 1.0]]}}