{"root": {"matrix": [[0.26555442810058594, -0.5508809685707092, 0.7912085652351379, -5.960464477539063e-08], [0.9635551571846008, 0.12416909635066986, -0.23694628477096558, 0.0], [0.03228563070297241, 0.8252952098846436, 0.5637778639793396, 0.0], [0.0, 0.0, 0.0, 1.0]]}, "carpals": {"matrix": [[-0.9648016691207886, -0.2532412111759186, -0.07089665532112122, -0.027619540691375732], [0.25121015310287476, -0.8077598810195923, -0.5333077907562256, 2.327232599258423], [0.07778806984424591, -0.5323463082313538, 0.8429449796676636, 0.8174420595169067], [0.0, 0.0, 0.0, 1.0]]}, "metacarpals": {"matrix": [[-0.5966366529464722, -0.5220099687576294, 0.6095326542854309, -0.274275004863739], [0.06221850588917732, -0.7873339653015137, -0.6133790016174316, 1.5404791831970215], [0.8000958561897278, -0.3280401825904846, 0.5022310614585876, 0.29893994331359863], [0.0, 0.0, 0.0, 1.0]]}, "finger5joint1": {"matrix": [[-0.51825350522995, -0.6785423159599304, 0.5205702185630798, -0.7182227969169617], [0.01889878883957863, -0.6176299452781677, -0.7862415313720703, 1.3325788974761963], [0.8550180792808533, -0.397634357213974, 0.3329125642776489, -0.23525339365005493], [0.0, 0.0, 0.0, 1.0]]}, "finger5joint2": {"matrix": [[0.5730850100517273, -0.6560062766075134, 0.4911503195762634, -1.4349483251571655], [-0.754001259803772, -0.6568679809570312, 0.0024370416067540646, 0.6801934838294983], [0.3210223317146301, -0.3717247247695923, -0.8710712194442749, -0.6552636623382568], [0.0, 0.0, 0.0, 1.0]]}, "finger5joint3": {"matrix": [[0.48142769932746887, -0.7994235754013062, 0.359372615814209, -1.8858444690704346], [-0.8110161423683167, -0.5617889165878296, -0.16323421895503998, 0.22870507836341858], [0.33238494396209717, -0.21287161111831665, -0.9188065528869629, -0.9107630848884583], [0.0, 0.0, 0.0, 1.0]]}, "Bone": {"matrix": [[0.3701443374156952, -0.7646427750587463, 0.5275551676750183, -1.0892775058746338], [0.8365147709846497, 0.027360836043953896, -0.5472605228424072, 0.3112323582172394], [0.4040244519710541, 0.6438732147216797, 0.6497625112533569, -0.21322187781333923], [0.0, 0.0, 0.0, 1.0]]}, "finger1joint1": {"matrix": [[-0.5086718201637268, -0.7513543963432312, 0.42038002610206604, -1.7256038188934326], [0.1453462541103363, -0.5562014579772949, -0.818238377571106, 0.33400171995162964], [0.8486031293869019, -0.3551141321659088, 0.39213064312934875, 0.32260146737098694], [0.0, 0.0, 0.0, 1.0]]}, "finger1joint2": {"matrix": [[-0.597376823425293, -0.4691533148288727, -0.6504121422767639, -2.1502530574798584], [0.39865854382514954, 0.5299976468086243, -0.7484474182128906, 0.019648700952529907], [0.695853590965271, -0.7063975930213928, -0.12957631051540375, 0.12189865112304688], [0.0, 0.0, 0.0, 1.0]]}, "finger1joint3": {"matrix": [[-0.6425586938858032, 0.47657310962677, -0.5999969840049744, -2.3513712882995605], [0.3010976016521454, 0.8770985007286072, 0.3742167353630066, 0.246849924325943], [0.7045982480049133, 0.059798531234264374, -0.7070823311805725, -0.18092238903045654], [0.0, 0.0, 0.0, 1.0]]}, "Bone.001": {"matrix": [[0.14910002052783966, -0.6196054220199585, 0.7706218361854553, -1.0892775058746338], [0.7257111668586731, -0.4607873260974884, -0.5108991265296936, 0.31123238801956177], [0.6716487407684326, 0.6354240775108337, 0.38095128536224365, -0.21322187781333923], [0.0, 0.0, 0.0, 1.0]]}, "finger2joint1": {"matrix": [[-0.3139360547065735, -0.6732367277145386, 0.6694745421409607, -1.4820352792739868], [0.33588430285453796, -0.7382757663726807, -0.5849189758300781, 0.01914680004119873], [0.8880459070205688, 0.04123886302113533, 0.45790114998817444, 0.1895630657672882], [0.0, 0.0, 0.0, 1.0]]}, "finger2joint2": {"matrix": [[-0.43405064940452576, -0.634800374507904, -0.6392403244972229, -2.0644853115081787], [0.3203553259372711, 0.5544288158416748, -0.7681020498275757, -0.6195716857910156], [0.8420049548149109, -0.538179337978363, -0.037288472056388855, 0.2252408266067505], [0.0, 0.0, 0.0, 1.0]]}, "finger2joint3": {"matrix": [[-0.44513028860092163, 0.23573563992977142, -0.8638792634010315, -2.3054659366607666], [0.4491748511791229, 0.8933584690093994, 0.012334292754530907, -0.4091013967990875], [0.774661660194397, -0.38254261016845703, -0.5035475492477417, 0.020939096808433533], [0.0, 0.0, 0.0, 1.0]]}, "Bone.002": {"matrix": [[-0.3373010754585266, -0.45574435591697693, 0.823726236820221, -1.0892775058746338], [0.20682543516159058, -0.8895009160041809, -0.4074445962905884, 0.31123238801956177], [0.9183959364891052, 0.032936062663793564, 0.39428919553756714, -0.21322186291217804], [0.0, 0.0, 0.0, 1.0]]}, "finger3joint1": {"matrix": [[-0.3965435028076172, -0.8228090405464172, -0.407109797000885, -1.2813782691955566], [0.1717863827943802, 0.36912500858306885, -0.9133651256561279, -0.06370118260383606], [0.901799738407135, -0.43212494254112244, -0.005026718135923147, -0.19933894276618958], [0.0, 0.0, 0.0, 1.0]]}, "finger3joint2": {"matrix": [[-0.5055640935897827, -0.28428754210472107, -0.814607560634613, -2.003131151199341], [0.2632932960987091, 0.8482840657234192, -0.4594458341598511, 0.2600884437561035], [0.821633517742157, -0.44676005840301514, -0.35401099920272827, -0.5783910155296326], [0.0, 0.0, 0.0, 1.0]]}, "finger3joint3": {"matrix": [[-0.3748495876789093, 0.06049375608563423, -0.9251098036766052, -2.1870880126953125], [0.3785640001296997, 0.92087322473526, -0.09317515045404434, 0.808996319770813], [0.8462724685668945, -0.38514000177383423, -0.3680897057056427, -0.8674806356430054], [0.0, 0.0, 0.0, 1.0]]}, "Bone.003": {"matrix": [[-0.01617470756173134, 0.4615139663219452, 0.8869854211807251, -1.0892775058746338], [-0.5387753844261169, -0.7513211369514465, 0.3811003267765045, 0.31123238801956177], [0.8422940373420715, -0.4717217683792114, 0.26080480217933655, -0.21322187781333923], [0.0, 0.0, 0.0, 1.0]]}, "finger4joint1": {"matrix": [[-0.26727259159088135, -0.6036831736564636, 0.7510870099067688, -0.8914635181427002], [0.5056506991386414, -0.7513718605041504, -0.423977792263031, -0.010798513889312744], [0.8202941417694092, 0.2664701044559479, 0.506074070930481, -0.41541099548339844], [0.0, 0.0, 0.0, 1.0]]}, "finger4joint2": {"matrix": [[-0.2664872109889984, -0.8481982946395874, 0.4577595889568329, -1.4911377429962158], [0.4800126254558563, -0.5286388993263245, -0.7000916004180908, -0.7571805119514465], [0.8358062505722046, 0.03316488862037659, 0.5480216145515442, -0.15071052312850952], [0.0, 0.0, 0.0, 1.0]]}, "finger4joint3": {"matrix": [[-0.20172539353370667, -0.9600028991699219, 0.19416722655296326, -1.8448896408081055], [0.532484769821167, -0.27387937903404236, -0.8009054064750671, -0.9776561260223389], [0.8220500946044922, -0.05817193165421486, 0.5664355754852295, -0.13687866926193237], [0.0, 0.0, 0.0, 1.0]]}}