{"root": {"matrix": [[0.5304228067398071, -0.673861563205719, 0.5143561363220215, -5.960464477539063e-08], [0.5619394183158875, -0.17479924857616425, -0.808498203754425, 0.0], [0.6347249746322632, 0.7178828716278076, 0.28595179319381714, 0.0], [0.0, 0.0, 0.0, 1.0]]}, "carpals": {"matrix": [[-0.6406010389328003, -0.6345722079277039, -0.4323749542236328, 0.4821235239505768], [0.7220056056976318, -0.3060755729675293, -0.6205042600631714, 1.190611481666565], [0.2614154815673828, -0.7096728086471558, 0.6542370915412903, 2.105940818786621], [0.0, 0.0, 0.0, 1.0]]}, "metacarpals": {"matrix": [[-0.8350610733032227, -0.5463935732841492, -0.06423965096473694, -0.13594597578048706], [0.30114543437957764, -0.3562500476837158, -0.8845322132110596, 0.8924956917762756], [0.4604174792766571, -0.757983922958374, 0.4620344340801239, 1.4147238731384277], [0.0, 0.0, 0.0, 1.0]]}, "finger5joint1": {"matrix": [[-0.5389474034309387, -0.8278202414512634, -0.15572093427181244, -0.27480548620224], [0.2642085552215576, 0.009405318647623062, -0.9644196629524231, 1.0002219676971436], [0.7998309135437012, -0.560914158821106, 0.21364817023277283, 0.7113122940063477], [0.0, 0.0, 0.0, 1.0]]}, "finger5joint2": {"matrix": [[-0.1125369444489479, -0.9339577555656433, 0.3392012119293213, -1.1492090225219727], [-0.9701751470565796, 0.029518095776438713, -0.2406003624200821, 1.010156512260437], [0.21469801664352417, -0.3561609089374542, -0.909424901008606, 0.11883415281772614], [0.0, 0.0, 0.0, 1.0]]}, "finger5joint3": {"matrix": [[-0.21773844957351685, -0.975350558757782, 0.035783328115940094, -1.7911510467529297], [-0.9484586119651794, 0.20280130207538605, -0.24351072311401367, 1.0304453372955322], [0.23025143146514893, -0.08696044981479645, -0.9692376255989075, -0.12596771121025085], [0.0, 0.0, 0.0, 1.0]]}, "Bone": {"matrix": [[0.41430121660232544, -0.8932492733001709, -0.17452777922153473, -0.9890180230140686], [0.47200512886047363, 0.3748289942741394, -0.7979437708854675, 0.33629050850868225], [0.7781807780265808, 0.24821124970912933, 0.5769103169441223, 0.23130051791667938], [0.0, 0.0, 0.0, 1.0]]}, "finger1joint1": {"matrix": [[-0.666830837726593, -0.6601936221122742, 0.34565991163253784, -1.732369065284729], [0.34280794858932495, -0.6836085915565491, -0.6443305611610413, 0.6482185125350952], [0.6616791486740112, -0.3111644387245178, 0.6821708083152771, 0.43785881996154785], [0.0, 0.0, 0.0, 1.0]]}, "finger1joint2": {"matrix": [[-0.727068305015564, -0.5319663286209106, -0.4340313971042633, -2.1054961681365967], [0.5363051295280457, -0.04535357281565666, -0.8428047299385071, 0.2618577778339386], [0.42865899205207825, -0.8455498218536377, 0.3182714581489563, 0.26199546456336975], [0.0, 0.0, 0.0, 1.0]]}, "finger1joint3": {"matrix": [[-0.7472776770591736, 0.4267589747905731, -0.5093650221824646, -2.3335413932800293], [0.44949543476104736, 0.8891783356666565, 0.08553221821784973, 0.2424154281616211], [0.489418089389801, -0.16504095494747162, -0.8562891483306885, -0.10047785192728043], [0.0, 0.0, 0.0, 1.0]]}, "Bone.001": {"matrix": [[0.06402961909770966, -0.9847663640975952, 0.16166335344314575, -0.9890180826187134], [0.47338786721229553, -0.11263775080442429, -0.8736226558685303, 0.33629047870635986], [0.8785236477851868, 0.13246731460094452, 0.4589642584323883, 0.23130051791667938], [0.0, 0.0, 0.0, 1.0]]}, "finger2joint1": {"matrix": [[-0.7588263154029846, -0.6309478282928467, -0.16151471436023712, -1.6132452487945557], [0.3626236021518707, -0.2033008188009262, -0.9094904065132141, 0.26489126682281494], [0.54100501537323, -0.74871426820755, 0.3830666244029999, 0.3152693510055542], [0.0, 0.0, 0.0, 1.0]]}, "finger2joint2": {"matrix": [[-0.7945882678031921, -0.2841569185256958, -0.5365482568740845, -2.159109354019165], [0.4252433180809021, 0.37029534578323364, -0.8258628249168396, 0.08900576829910278], [0.4333561360836029, -0.8843843340873718, -0.17339643836021423, -0.3324800729751587], [0.0, 0.0, 0.0, 1.0]]}, "finger2joint3": {"matrix": [[-0.770794689655304, 0.18251001834869385, -0.6103812456130981, -2.266979694366455], [0.5369897484779358, 0.7016591429710388, -0.46831217408180237, 0.2295759916305542], [0.3428080677986145, -0.6887410283088684, -0.6388410925865173, -0.6682068109512329], [0.0, 0.0, 0.0, 1.0]]}, "Bone.002": {"matrix": [[-0.643297553062439, -0.7278653979301453, 0.23744450509548187, -0.9890180230140686], [0.27445828914642334, -0.5087614059448242, -0.8159868121147156, 0.33629050850868225], [0.7147313356399536, -0.4597536027431488, 0.5270535945892334, 0.23130051791667938], [0.0, 0.0, 0.0, 1.0]]}, "finger3joint1": {"matrix": [[-0.43899691104888916, -0.8082801103591919, -0.3923833966255188, -1.2958204746246338], [0.3224223256111145, 0.26591044664382935, -0.9084797501564026, 0.12184245884418488], [0.8386451601982117, -0.5253326892852783, 0.14387373626232147, 0.03750970959663391], [0.0, 0.0, 0.0, 1.0]]}, "finger3joint2": {"matrix": [[-0.5457249283790588, -0.28105780482292175, -0.7894242405891418, -2.004829168319702], [0.3954092860221863, 0.7442266345024109, -0.5383104681968689, 0.35509422421455383], [0.7388070821762085, -0.6059149503707886, -0.2950100600719452, -0.42330244183540344], [0.0, 0.0, 0.0, 1.0]]}, "finger3joint3": {"matrix": [[-0.4184630513191223, 0.059254154562950134, -0.9062986969947815, -2.1866958141326904], [0.516732931137085, 0.8361579179763794, -0.18392135202884674, 0.8366686105728149], [0.7469108700752258, -0.5452786684036255, -0.3805195689201355, -0.8153780698776245], [0.0, 0.0, 0.0, 1.0]]}, "Bone.003": {"matrix": [[-0.6760178804397583, 0.2755589783191681, 0.683422863483429, -0.9890180230140686], [-0.5177100300788879, -0.8375969529151917, -0.17437811195850372, 0.33629047870635986], [0.5243815183639526, -0.4716976583003998, 0.7088900804519653, 0.2313005030155182], [0.0, 0.0, 0.0, 1.0]]}, "finger4joint1": {"matrix": [[-0.5442097187042236, -0.6746605634689331, 0.4986666440963745, -0.8709080815315247], [0.5603172779083252, -0.7346796989440918, -0.38247886300086975, -0.02271980047225952], [0.6244038939476013, 0.07126293331384659, 0.7778438329696655, 0.029121719300746918], [0.0, 0.0, 0.0, 1.0]]}, "finger4joint2": {"matrix": [[-0.549801230430603, -0.8096523880958557, 0.2053801268339157, -1.5410882234573364], [0.5358386039733887, -0.5304867029190063, -0.6568565964698792, -0.7525205612182617], [0.6407771706581116, -0.251089870929718, 0.7255054116249084, 0.0999113917350769], [0.0, 0.0, 0.0, 1.0]]}, "finger4joint3": {"matrix": [[-0.4835406243801117, -0.874005913734436, -0.04797464236617088, -1.878764271736145], [0.5876326560974121, -0.28350764513015747, -0.7578330636024475, -0.9737668633460999], [0.648749589920044, -0.39463451504707336, 0.6506820917129517, -0.004808872938156128], [0.0, 0.0, 0.0, 1.0]]}}