{"root": {"matrix": [[0.2610522508621216, -0.7709650993347168, 0.5809170007705688, 0.0], [0.0850624218583107, -0.5810713171958923, -0.8093951940536499, 0.0], [0.961569607257843, 0.26070860028266907, -0.08610987663269043, 0.0], [0.0, 0.0, 0.0, 1.0]]}, "carpals": {"matrix": [[-0.8625513315200806, -0.4668731689453125, -0.19502416253089905, -0.22958070039749146], [0.2530445158481598, -0.06426504254341125, -0.9653177261352539, -0.2853982746601105], [0.4381478726863861, -0.8819858431816101, 0.17357145249843597, 2.4394314289093018], [0.0, 0.0, 0.0, 1.0]]}, "metacarpals": {"matrix": [[-0.8656460046768188, -0.24662654101848602, 0.4356973171234131, -0.6843124032020569], [-0.4304616451263428, -0.07774960994720459, -0.8992539048194885, -0.34799203276634216], [0.2556552290916443, -0.9659865498542786, -0.038859862834215164, 1.5803825855255127], [0.0, 0.0, 0.0, 1.0]]}, "finger5joint1": {"matrix": [[-0.8336816430091858, -0.4139358699321747, 0.3655568063259125, -0.8523951172828674], [-0.5522423982620239, 0.6269698143005371, -0.5494879484176636, 0.053093791007995605], [-0.0017402456142008305, -0.6599738001823425, -0.7512863874435425, 1.0002505779266357], [0.0, 0.0, 0.0, 1.0]]}, "finger5joint2": {"matrix": [[0.25536325573921204, -0.7759217619895935, 0.5768314003944397, -1.2896242141723633], [-0.5022130012512207, 0.40335965156555176, 0.7649070024490356, 0.7153446674346924], [-0.826178789138794, -0.48502108454704285, -0.286674827337265, 0.30313849449157715], [0.0, 0.0, 0.0, 1.0]]}, "finger5joint3": {"matrix": [[0.14966560900211334, -0.8927424550056458, 0.42498302459716797, -1.8229423761367798], [-0.5037102699279785, 0.30101996660232544, 0.8097298741340637, 0.9925878643989563], [-0.8508089184761047, -0.33525675535202026, -0.40463119745254517, -0.030233487486839294], [0.0, 0.0, 0.0, 1.0]]}, "Bone": {"matrix": [[0.0722140371799469, -0.9528636336326599, 0.2946791648864746, -1.0693647861480713], [0.08609563857316971, -0.28839242458343506, -0.9536336660385132, -0.4693807363510132], [0.9936661124229431, 0.09423641115427017, 0.06121121719479561, 0.07220935076475143], [0.0, 0.0, 0.0, 1.0]]}, "finger1joint1": {"matrix": [[-0.8155171275138855, -0.4835611581802368, 0.317962646484375, -1.8623261451721191], [-0.44024601578712463, 0.16172999143600464, -0.8831911683082581, -0.7093774080276489], [0.37565287947654724, -0.8602392077445984, -0.3447796106338501, 0.15063166618347168], [0.0, 0.0, 0.0, 1.0]]}, "finger1joint2": {"matrix": [[-0.863764762878418, -0.2843569815158844, -0.4159945547580719, -2.135624408721924], [-0.15359379351139069, 0.9348485469818115, -0.3201046586036682, -0.6179710626602173], [0.4799160063266754, -0.2126007378101349, -0.8511646389961243, -0.33555686473846436], [0.0, 0.0, 0.0, 1.0]]}, "finger1joint3": {"matrix": [[-0.8904362320899963, 0.17664173245429993, -0.4194294214248657, -2.257523536682129], [-0.21941496431827545, 0.6408015489578247, 0.7356835603713989, -0.2172168791294098], [0.3987235724925995, 0.7471083402633667, -0.5318348407745361, -0.4266952872276306], [0.0, 0.0, 0.0, 1.0]]}, "Bone.001": {"matrix": [[-0.22018969058990479, -0.755485475063324, 0.6170558333396912, -1.0693647861480713], [-0.12963411211967468, -0.6043068170547485, -0.7861348986625671, -0.4693807363510132], [0.966804563999176, -0.2530903220176697, 0.03512522205710411, 0.07220934331417084], [0.0, 0.0, 0.0, 1.0]]}, "finger2joint1": {"matrix": [[-0.8280847072601318, -0.4750225245952606, 0.29770627617836, -1.5482548475265503], [-0.40227460861206055, 0.13363808393478394, -0.9057128429412842, -0.8524409532546997], [0.3904491662979126, -0.8697665929794312, -0.30175337195396423, -0.08822047710418701], [0.0, 0.0, 0.0, 1.0]]}, "finger2joint2": {"matrix": [[-0.8916025161743164, -0.44146519899368286, -0.10076316446065903, -1.959220051765442], [-0.3031134009361267, 0.7471829652786255, -0.5914724469184875, -0.736824095249176], [0.33640313148498535, -0.49681541323661804, -0.8000043034553528, -0.8406981825828552], [0.0, 0.0, 0.0, 1.0]]}, "finger2joint3": {"matrix": [[-0.9237595796585083, -0.14326150715351105, -0.3551677167415619, -2.126807451248169], [-0.16134272515773773, 0.9866606593132019, 0.02165566012263298, -0.4531811773777008], [0.34732770919799805, 0.07730857282876968, -0.9345514178276062, -1.0292974710464478], [0.0, 0.0, 0.0, 1.0]]}, "Bone.002": {"matrix": [[-0.6942779421806335, -0.3151233196258545, 0.647051215171814, -1.0693649053573608], [-0.5018923878669739, -0.432380735874176, -0.7491000294685364, -0.4693807363510132], [0.5158314108848572, -0.8448336720466614, 0.1420341581106186, 0.07220932841300964], [0.0, 0.0, 0.0, 1.0]]}, "finger3joint1": {"matrix": [[-0.5219268202781677, -0.5668531656265259, 0.6373929977416992, -1.2021924257278442], [-0.2046971470117569, -0.6421753764152527, -0.7387217283248901, -0.6516335606575012], [0.8280648589134216, -0.5160310864448547, 0.2191350758075714, -0.2838965058326721], [0.0, 0.0, 0.0, 1.0]]}, "finger3joint2": {"matrix": [[-0.6293213963508606, -0.7230750322341919, -0.28481051325798035, -1.699425458908081], [-0.27485108375549316, 0.5498828887939453, -0.7887241244316101, -1.2149379253387451], [0.7269191741943359, -0.4180801510810852, -0.5447909832000732, -0.7365494966506958], [0.0, 0.0, 0.0, 1.0]]}, "finger3joint3": {"matrix": [[-0.6075527667999268, -0.12401077151298523, -0.7845386266708374, -2.1673130989074707], [-0.11067644506692886, 0.9913181066513062, -0.07098730653524399, -0.8591196537017822], [0.7865305542945862, 0.04370151832699776, -0.6160028576850891, -1.0070809125900269], [0.0, 0.0, 0.0, 1.0]]}, "Bone.003": {"matrix": [[-0.27726230025291443, 0.7010347247123718, 0.6570204496383667, -1.0693647861480713], [-0.9606961607933044, -0.1925119012594223, -0.20000500977039337, -0.4693807363510132], [-0.0137263098731637, -0.6866509914398193, 0.7268574833869934, 0.07220935821533203], [0.0, 0.0, 0.0, 1.0]]}, "finger4joint1": {"matrix": [[-0.42442750930786133, -0.7266826033592224, 0.5401790142059326, -0.7688877582550049], [-0.170887291431427, -0.521571159362793, -0.8359191417694092, -0.5518951416015625], [0.8891898393630981, -0.44709670543670654, 0.09718814492225647, -0.2221025824546814], [0.0, 0.0, 0.0, 1.0]]}, "finger4joint2": {"matrix": [[-0.4304637014865875, -0.8754637837409973, 0.2196902334690094, -1.4907445907592773], [-0.198908269405365, -0.14540252089500427, -0.9691714644432068, -1.070002555847168], [0.8804181218147278, -0.4608911871910095, -0.11154661327600479, -0.6662302017211914], [0.0, 0.0, 0.0, 1.0]]}, "finger4joint3": {"matrix": [[-0.3593676686286926, -0.9319577813148499, -0.04805395007133484, -1.855867862701416], [-0.171934112906456, 0.11673538386821747, -0.9781672954559326, -1.1306445598602295], [0.9172202944755554, -0.34325939416885376, -0.20218634605407715, -0.8584507703781128], [0.0, 0.0, 0.0, 1.0]]}}