{"root": {"matrix": [[0.44232192635536194, -0.8278200626373291, -0.3450583219528198, 0.0], [-0.7912352681159973, -0.1790498048067093, -0.5847118496894836, 0.0], [0.4222535192966461, 0.5316531658172607, -0.7341981530189514, 0.0], [0.0, 0.0, 0.0, 1.0]]}, "carpals": {"matrix": [[0.5705125331878662, -0.4447712302207947, -0.6904301643371582, 0.2288094013929367], [0.8089308738708496, 0.4495990574359894, 0.3788021504878998, -1.898877739906311], [0.14193657040596008, -0.774621844291687, 0.6162912249565125, 1.5578492879867554], [0.0, 0.0, 0.0, 1.0]]}, "metacarpals": {"matrix": [[0.5223634243011475, -0.8441815376281738, 0.12039045244455338, -0.20439517498016357], [0.6394798755645752, 0.4812062680721283, 0.5995878577232361, -1.4609709978103638], [-0.5640937089920044, -0.23621554672718048, 0.7912018895149231, 0.8033722639083862], [0.0, 0.0, 0.0, 1.0]]}, "finger5joint1": {"matrix": [[0.42298373579978943, -0.8255371451377869, -0.3735947012901306, -0.8273252248764038], [0.7662610411643982, 0.10580675303936005, 0.633757472038269, -1.5452191829681396], [-0.4836615025997162, -0.5543403029441833, 0.6773316860198975, 0.44207561016082764], [0.0, 0.0, 0.0, 1.0]]}, "finger5joint2": {"matrix": [[-0.4409385025501251, -0.6013104319572449, -0.6663321256637573, -1.699317455291748], [0.6718289256095886, 0.271168977022171, -0.6892841458320618, -1.4334583282470703], [0.5951627492904663, -0.7515932321548462, 0.28440892696380615, -0.14345866441726685], [0.0, 0.0, 0.0, 1.0]]}, "finger5joint3": {"matrix": [[-0.45779234170913696, -0.28127971291542053, -0.8433904051780701, -2.112618923187256], [0.7311345338821411, 0.4206196069717407, -0.5371412634849548, -1.2470743656158447], [0.5058338046073914, -0.8625312447547913, 0.013096864335238934, -0.6600550413131714], [0.0, 0.0, 0.0, 1.0]]}, "Bone": {"matrix": [[0.9014931321144104, 0.3486334979534149, 0.25644606351852417, -1.5223968029022217], [-0.4256182014942169, 0.6067075133323669, 0.6713827252388, -0.7096744775772095], [0.07847880572080612, -0.7143951654434204, 0.695327639579773, 0.4345742464065552], [0.0, 0.0, 0.0, 1.0]]}, "finger1joint1": {"matrix": [[0.6397562026977539, -0.7642227411270142, -0.08170288056135178, -1.2322683334350586], [0.5851992964744568, 0.4154391884803772, 0.6963847279548645, -0.20477993786334991], [-0.4982505440711975, -0.4933290481567383, 0.713002622127533, -0.15993663668632507], [0.0, 0.0, 0.0, 1.0]]}, "finger1joint2": {"matrix": [[0.6494097709655762, -0.7520886063575745, -0.112381212413311, -1.6641905307769775], [0.3369661867618561, 0.15212363004684448, 0.9291457533836365, 0.03001728653907776], [-0.6817042231559753, -0.6412651538848877, 0.3522191643714905, -0.43875548243522644], [0.0, 0.0, 0.0, 1.0]]}, "finger1joint3": {"matrix": [[0.6618422269821167, -0.5802833437919617, -0.4745903015136719, -1.9865984916687012], [0.42352214455604553, -0.23292867839336395, 0.87542724609375, 0.09523019194602966], [-0.6185417175292969, -0.780394434928894, 0.09160090237855911, -0.7136553525924683], [0.0, 0.0, 0.0, 1.0]]}, "Bone.001": {"matrix": [[0.9898353815078735, 0.06733901053667068, 0.12526391446590424, -1.5223969221115112], [-0.11294576525688171, 0.907461941242218, 0.4046672582626343, -0.7096744179725647], [-0.08642230182886124, -0.41470199823379517, 0.9058439135551453, 0.4345741868019104], [0.0, 0.0, 0.0, 1.0]]}, "finger2joint1": {"matrix": [[0.6884757280349731, -0.6475282907485962, -0.3266618549823761, -1.479711651802063], [0.5456380248069763, 0.16573147475719452, 0.821469247341156, -0.13444912433624268], [-0.47778645157814026, -0.7438010573387146, 0.467418372631073, 0.17170143127441406], [0.0, 0.0, 0.0, 1.0]]}, "finger2joint2": {"matrix": [[0.6543272733688354, -0.4825068414211273, -0.5822737216949463, -2.0399203300476074], [0.480131059885025, -0.329801082611084, 0.8128376007080078, 0.008933283388614655], [-0.584234356880188, -0.8114297389984131, 0.015868742018938065, -0.47179728746414185], [0.0, 0.0, 0.0, 1.0]]}, "finger2joint3": {"matrix": [[0.6440598368644714, 0.032707396894693375, -0.7642753720283508, -2.2230875492095947], [0.36457234621047974, -0.8914504051208496, 0.26907745003700256, -0.11626464128494263], [-0.6725128889083862, -0.4519358277320862, -0.586071789264679, -0.7798293828964233], [0.0, 0.0, 0.0, 1.0]]}, "Bone.002": {"matrix": [[0.7543413043022156, -0.621795117855072, 0.21057048439979553, -1.5223968029022217], [0.5454298257827759, 0.7721245884895325, 0.3260820806026459, -0.7096744179725647], [-0.3653428852558136, -0.13112567365169525, 0.9215913414955139, 0.4345742166042328], [0.0, 0.0, 0.0, 1.0]]}, "finger3joint1": {"matrix": [[0.9159168004989624, 0.041664596647024155, 0.3991997241973877, -1.7844897508621216], [-0.01630791835486889, 0.9976391792297363, -0.06670671701431274, -0.38421618938446045], [-0.40103670954704285, 0.05458777770400047, 0.9144340753555298, 0.3793034255504608], [0.0, 0.0, 0.0, 1.0]]}, "finger3joint2": {"matrix": [[0.8947978615760803, -0.3742994964122772, 0.2433856874704361, -1.747942328453064], [0.14424656331539154, 0.7582572102546692, 0.6357976794242859, 0.49089452624320984], [-0.4225277602672577, -0.5338028073310852, 0.7324785590171814, 0.4271867871284485], [0.0, 0.0, 0.0, 1.0]]}, "finger3joint3": {"matrix": [[0.8214378356933594, -0.5451724529266357, 0.16741204261779785, -1.9901442527770996], [0.07271402329206467, 0.39127612113952637, 0.9173959493637085, 0.9815477728843689], [-0.5656434297561646, -0.7414106726646423, 0.3610508441925049, 0.0817735493183136], [0.0, 0.0, 0.0, 1.0]]}, "Bone.003": {"matrix": [[0.29711318016052246, -0.7312039732933044, 0.6140558123588562, -1.5223968029022217], [0.9367972016334534, 0.09879017621278763, -0.3356354832649231, -0.7096744179725647], [0.18475548923015594, 0.6749675869941711, 0.7143418192863464, 0.4345742166042328], [0.0, 0.0, 0.0, 1.0]]}, "finger4joint1": {"matrix": [[0.5167267322540283, -0.8000205755233765, -0.30489403009414673, -1.83580482006073], [0.6394385099411011, 0.12382108718156815, 0.7588057518005371, -0.6673309803009033], [-0.5693079829216003, -0.5870563983917236, 0.5755458474159241, 0.7238785028457642], [0.0, 0.0, 0.0, 1.0]]}, "finger4joint2": {"matrix": [[0.4922679662704468, 0.2349749058485031, -0.8381280899047852, -2.6305127143859863], [0.6566421985626221, -0.7323179244995117, 0.18036320805549622, -0.5443322658538818], [-0.5713954567909241, -0.6391376256942749, -0.5147912502288818, 0.1407206952571869], [0.0, 0.0, 0.0, 1.0]]}, "finger4joint3": {"matrix": [[0.4832395613193512, 0.7949782013893127, -0.3667273223400116, -2.532513380050659], [0.7125352025032043, -0.600517213344574, -0.3628663122653961, -0.8497548699378967], [-0.5086968541145325, -0.08595490455627441, -0.8566439747810364, -0.12583990395069122], [0.0, 0.0, 0.0, 1.0]]}}