{"root": {"matrix": [[0.4629093110561371, -0.7961871027946472, -0.38961657881736755, 0.0], [-0.8126205205917358, -0.20561063289642334, -0.5453183650970459, 0.0], [0.35406607389450073, 0.5690433979034424, -0.7421771287918091, 0.0], [0.0, 0.0, 0.0, 1.0]]}, "carpals": {"matrix": [[0.5801204442977905, -0.4872594177722931, -0.6527161598205566, 0.3113396167755127], [0.7910576462745667, 0.5280221104621887, 0.3089013695716858, -1.9776670932769775], [0.19413359463214874, -0.6955362558364868, 0.6917667984962463, 1.4411402940750122], [0.0, 0.0, 0.0, 1.0]]}, "metacarpals": {"matrix": [[0.49958306550979614, -0.8602163195610046, 0.10219813138246536, -0.1632481813430786], [0.6732260584831238, 0.4597863256931305, 0.5791051983833313, -1.463376760482788], [-0.5451450943946838, -0.22050873935222626, 0.8088217377662659, 0.7636922597885132], [0.0, 0.0, 0.0, 1.0]]}, "finger5joint1": {"matrix": [[0.195590540766716, -0.980514407157898, 0.018319787457585335, -0.7838479280471802], [0.7999895215034485, 0.17032912373542786, 0.5753297805786133, -1.5573437213897705], [-0.5672395825386047, -0.09787344932556152, 0.8177162408828735, 0.4007859230041504], [0.0, 0.0, 0.0, 1.0]]}, "finger5joint2": {"matrix": [[0.1430468112230301, -0.5455768704414368, -0.8257620334625244, -1.8195379972457886], [0.48506152629852295, 0.7659135460853577, -0.42200833559036255, -1.3774299621582031], [0.8627007603645325, -0.3401784598827362, 0.3741999864578247, 0.2974049150943756], [0.0, 0.0, 0.0, 1.0]]}, "finger5joint3": {"matrix": [[0.13673332333564758, -0.034045152366161346, -0.9900223612785339, -2.1945321559906006], [0.5769397020339966, 0.8151516318321228, 0.051650047302246094, -0.8509906530380249], [0.8052603006362915, -0.5782456994056702, 0.13110049068927765, 0.06358832120895386], [0.0, 0.0, 0.0, 1.0]]}, "Bone": {"matrix": [[0.9152972102165222, 0.32669976353645325, 0.23558028042316437, -1.5062845945358276], [-0.39758819341659546, 0.6392476558685303, 0.6582443714141846, -0.7455226182937622], [0.06445418298244476, -0.6961532831192017, 0.7149937748908997, 0.4194168448448181], [0.0, 0.0, 0.0, 1.0]]}, "finger1joint1": {"matrix": [[0.6311906576156616, -0.7689330577850342, -0.10168593376874924, -1.2344090938568115], [0.6151217222213745, 0.4163944125175476, 0.6695076823234558, -0.21354858577251434], [-0.4724652171134949, -0.4851364195346832, 0.7358119487762451, -0.1599133014678955], [0.0, 0.0, 0.0, 1.0]]}, "finger1joint2": {"matrix": [[0.6474308967590332, -0.7501698136329651, -0.1344556361436844, -1.6689934730529785], [0.37362560629844666, 0.15865227580070496, 0.9139108061790466, 0.02178850769996643], [-0.664256751537323, -0.641930341720581, 0.3829992115497589, -0.4341018795967102], [0.0, 0.0, 0.0, 1.0]]}, "finger1joint3": {"matrix": [[0.6575689315795898, -0.5692998766899109, -0.49345776438713074, -1.9905788898468018], [0.4581858813762665, -0.21774165332317352, 0.8617737293243408, 0.08980012685060501], [-0.5980541706085205, -0.7927712202072144, 0.1176651120185852, -0.7092869281768799], [0.0, 0.0, 0.0, 1.0]]}, "Bone.001": {"matrix": [[0.992842435836792, 0.03625102713704109, 0.11379588395357132, -1.5062847137451172], [-0.07731714844703674, 0.9213019609451294, 0.3810829818248749, -0.7455226182937622], [-0.09102567285299301, -0.3871537446975708, 0.9175108075141907, 0.4194168746471405], [0.0, 0.0, 0.0, 1.0]]}, "finger2joint1": {"matrix": [[0.9209513664245605, -0.38885605335235596, -0.0252845361828804, -1.4833056926727295], [0.3379042446613312, 0.7645921111106873, 0.5488343238830566, -0.16152435541152954], [-0.19408512115478516, -0.5139935612678528, 0.8355485796928406, 0.17400646209716797], [0.0, 0.0, 0.0, 1.0]]}, "finger2joint2": {"matrix": [[0.8803924918174744, -0.44931116700172424, -0.15175095200538635, -1.819724202156067], [0.353491872549057, 0.4084068834781647, 0.8415740728378296, 0.4999617338180542], [-0.3161524832248688, -0.7945582866668701, 0.5183864235877991, -0.27067455649375916], [0.0, 0.0, 0.0, 1.0]]}, "finger2joint3": {"matrix": [[0.8330618143081665, -0.40475034713745117, -0.37707415223121643, -1.9902901649475098], [0.32138168811798096, -0.20068791508674622, 0.925439178943634, 0.6549996137619019], [-0.45024606585502625, -0.8921330571174622, -0.03710600733757019, -0.5723019242286682], [0.0, 0.0, 0.0, 1.0]]}, "Bone.002": {"matrix": [[0.7350001931190491, -0.6473732590675354, 0.20169894397258759, -1.5062845945358276], [0.5809840559959412, 0.7546324729919434, 0.3049377501010895, -0.7455226182937622], [-0.3496170938014984, -0.10694538056850433, 0.9307687878608704, 0.4194168448448181], [0.0, 0.0, 0.0, 1.0]]}, "finger3joint1": {"matrix": [[0.9264362454414368, 0.018028680235147476, 0.37601977586746216, -1.7791589498519897], [-0.002868922194465995, 0.9991615414619446, -0.040836818516254425, -0.4274374842643738], [-0.3764408230781555, 0.03675400838255882, 0.9257112741470337, 0.3743383288383484], [0.0, 0.0, 0.0, 1.0]]}, "finger3joint2": {"matrix": [[0.9023387432098389, -0.36629799008369446, 0.2271793633699417, -1.763344645500183], [0.1567433923482895, 0.7698372006416321, 0.6186937093734741, 0.449008584022522], [-0.40151745080947876, -0.5226624608039856, 0.7520689368247986, 0.40657830238342285], [0.0, 0.0, 0.0, 1.0]]}, "finger3joint3": {"matrix": [[0.8319842219352722, -0.5135596394538879, 0.20990155637264252, -2.00036883354187], [0.08846807479858398, 0.4963028132915497, 0.8636298775672913, 0.9471550583839417], [-0.5477002859115601, -0.6999569535255432, 0.45834988355636597, 0.0683736801147461], [0.0, 0.0, 0.0, 1.0]]}, "Bone.003": {"matrix": [[0.26626959443092346, -0.7325634956359863, 0.6264592409133911, -1.5062847137451172], [0.9401533007621765, 0.054010212421417236, -0.33644363284111023, -0.7455226182937622], [0.21263128519058228, 0.6785525679588318, 0.7031034231185913, 0.4194168150424957], [0.0, 0.0, 0.0, 1.0]]}, "finger4joint1": {"matrix": [[0.49313560128211975, -0.8234349489212036, -0.2806634306907654, -1.8202755451202393], [0.6734363436698914, 0.15709194540977478, 0.7223607301712036, -0.722372829914093], [-0.5507271885871887, -0.5452309250831604, 0.6319988965988159, 0.7102577090263367], [0.0, 0.0, 0.0, 1.0]]}, "finger4joint2": {"matrix": [[0.46861863136291504, 0.24312739074230194, -0.8492851853370667, -2.63824200630188], [0.6906836628913879, -0.7002296447753906, 0.18064850568771362, -0.5663241147994995], [-0.550774097442627, -0.6712430119514465, -0.4960649311542511, 0.1686476171016693], [0.0, 0.0, 0.0, 1.0]]}, "finger4joint3": {"matrix": [[0.45916011929512024, 0.8064389824867249, -0.37259605526924133, -2.5368425846099854], [0.743783712387085, -0.5783300399780273, -0.33514100313186646, -0.8583638668060303], [-0.4857542812824249, -0.12324760109186172, -0.8653626441955566, -0.1113029196858406], [0.0, 0.0, 0.0, 1.0]]}}