{"root": {"matrix": [[0.34703975915908813, -0.9178603887557983, 0.19260245561599731, -5.960464477539063e-08], [-0.09139738231897354, -0.23748789727687836, -0.9670811891555786, -1.4901161193847656e-08], [0.9333862662315369, 0.3180122375488281, -0.16630785167217255, 2.9802322387695312e-08], [0.0, 0.0, 0.0, 1.0]]}, "carpals": {"matrix": [[-0.5393158197402954, -0.6759395599365234, -0.5022388696670532, -0.13524895906448364], [0.732146143913269, -0.08170787990093231, -0.676228940486908, -0.330424427986145], [0.41605326533317566, -0.7324132919311523, 0.5389528274536133, 2.4408016204833984], [0.0, 0.0, 0.0, 1.0]]}, "metacarpals": {"matrix": [[-0.898564338684082, -0.4137842357158661, -0.14616605639457703, -0.7936099767684937], [0.25508245825767517, -0.22145338356494904, -0.9412178993225098, -0.41000741720199585], [0.35709232091903687, -0.8830292820930481, 0.3045390248298645, 1.7274354696273804], [0.0, 0.0, 0.0, 1.0]]}, "finger5joint1": {"matrix": [[-0.8658517003059387, -0.49670839309692383, -0.059844259172677994, -0.8119488954544067], [0.297059565782547, -0.414170503616333, -0.8603593707084656, -0.19395583868026733], [0.4025622308254242, -0.7627210021018982, 0.5061620473861694, 1.0355827808380127], [0.0, 0.0, 0.0, 1.0]]}, "finger5joint2": {"matrix": [[0.15984252095222473, -0.7840557098388672, 0.5997552275657654, -1.3366081714630127], [-0.762816309928894, -0.4837345778942108, -0.42908239364624023, -0.6314326524734497], [0.6265468001365662, -0.3889174461364746, -0.6754122972488403, 0.22994177043437958], [0.0, 0.0, 0.0, 1.0]]}, "finger5joint3": {"matrix": [[0.05268615111708641, -0.8952513933181763, 0.442434698343277, -1.8755172491073608], [-0.7798593640327454, -0.31361570954322815, -0.5417231917381287, -0.9639204740524292], [0.62373286485672, -0.31649544835090637, -0.7146938443183899, -0.037374839186668396], [0.0, 0.0, 0.0, 1.0]]}, "Bone": {"matrix": [[0.2808840274810791, -0.9199115633964539, -0.2736176550388336, -1.439642071723938], [0.3369940221309662, 0.3614758849143982, -0.8693503141403198, -0.7557576298713684], [0.8986316919326782, 0.15197929739952087, 0.4115373492240906, 0.3487815856933594], [0.0, 0.0, 0.0, 1.0]]}, "finger1joint1": {"matrix": [[-0.7907181978225708, -0.3633460998535156, -0.49269071221351624, -2.205181121826172], [0.23029707372188568, 0.5691413283348083, -0.7893295884132385, -0.45494186878204346], [0.5672106146812439, -0.7376023530960083, -0.36635297536849976, 0.47525686025619507], [0.0, 0.0, 0.0, 1.0]]}, "finger1joint2": {"matrix": [[-0.5957431793212891, 0.15432822704315186, -0.788208544254303, -2.410536527633667], [0.4482499063014984, 0.8781991600990295, -0.166847825050354, -0.13327550888061523], [0.6664549112319946, -0.45271268486976624, -0.5923587083816528, 0.05837997794151306], [0.0, 0.0, 0.0, 1.0]]}, "finger1joint3": {"matrix": [[-0.6777632832527161, 0.4575195908546448, -0.5755977034568787, -2.3443784713745117], [0.3965263068675995, 0.8866702318191528, 0.23787114024162292, 0.24319401383399963], [0.6191962361335754, -0.06701914966106415, -0.7823708653450012, -0.13569049537181854], [0.0, 0.0, 0.0, 1.0]]}, "Bone.001": {"matrix": [[-0.08123569935560226, -0.9937068223953247, 0.07711818814277649, -1.4396419525146484], [0.33440133929252625, -0.10006280243396759, -0.9371034502983093, -0.7557576298713684], [0.9389229416847229, -0.05033779516816139, 0.34042540192604065, 0.3487815856933594], [0.0, 0.0, 0.0, 1.0]]}, "finger2joint1": {"matrix": [[-0.7997685670852661, -0.5973483324050903, -0.05953918769955635, -2.0695366859436035], [0.30049648880958557, -0.3125060200691223, -0.9011335372924805, -0.819185733795166], [0.519684374332428, -0.7385896444320679, 0.4294334352016449, 0.3168732821941376], [0.0, 0.0, 0.0, 1.0]]}, "finger2joint2": {"matrix": [[-0.8415721654891968, 0.20746637880802155, -0.49871209263801575, -2.586331844329834], [0.3529898524284363, 0.9101001024246216, -0.21706165373325348, -1.0895500183105469], [0.4088451564311981, -0.35871317982673645, -0.8391484022140503, -0.3221167325973511], [0.0, 0.0, 0.0, 1.0]]}, "finger2joint3": {"matrix": [[-0.7642722129821777, 0.6359896659851074, 0.10679323971271515, -2.5075740814208984], [0.473020076751709, 0.4402849078178406, 0.763152003288269, -0.7440611124038696], [0.4383375346660614, 0.6337712407112122, -0.637333333492279, -0.4582902193069458], [0.0, 0.0, 0.0, 1.0]]}, "Bone.002": {"matrix": [[-0.7523046135902405, -0.6436013579368591, 0.14076530933380127, -1.439642071723938], [0.18462133407592773, -0.4110548794269562, -0.8927198648452759, -0.7557576894760132], [0.632418155670166, -0.6456089615821838, 0.4280607998371124, 0.3487815856933594], [0.0, 0.0, 0.0, 1.0]]}, "finger3joint1": {"matrix": [[-0.85271155834198, -0.4760723412036896, 0.2150302231311798, -1.7109265327453613], [0.2731698155403137, -0.7572457790374756, -0.5932596325874329, -0.9290213584899902], [0.4452655017375946, -0.4471396207809448, 0.7757606506347656, 0.07665091753005981], [0.0, 0.0, 0.0, 1.0]]}, "finger3joint2": {"matrix": [[-0.9249533414840698, -0.2723831236362457, -0.2650822401046753, -2.128528356552124], [0.172801673412323, 0.31982049345970154, -0.9315870404243469, -1.5932635068893433], [0.3385275602340698, -0.9074810743331909, -0.24875088036060333, -0.31557172536849976], [0.0, 0.0, 0.0, 1.0]]}, "finger3joint3": {"matrix": [[-0.8795621991157532, 0.2568637728691101, -0.40048864483833313, -2.3047823905944824], [0.3426520824432373, 0.9259704351425171, -0.15864498913288116, -1.3863139152526855], [0.3300907611846924, -0.2767663300037384, -0.9024634957313538, -0.9027847647666931], [0.0, 0.0, 0.0, 1.0]]}, "Bone.003": {"matrix": [[-0.7574903964996338, 0.34560537338256836, 0.5538637638092041, -1.439642071723938], [-0.5687335729598999, -0.7658924460411072, -0.299917995929718, -0.7557576894760132], [0.3205467462539673, -0.5421861410140991, 0.776713490486145, 0.3487815856933594], [0.0, 0.0, 0.0, 1.0]]}, "finger4joint1": {"matrix": [[-0.6656864881515503, -0.7301263213157654, -0.1541966199874878, -1.291508674621582], [0.31597036123275757, -0.0885864719748497, -0.9446241855621338, -1.0840339660644531], [0.6760355830192566, -0.6775451302528381, 0.289669007062912, 0.11639010906219482], [0.0, 0.0, 0.0, 1.0]]}, "finger4joint2": {"matrix": [[-0.6851017475128174, -0.33817487955093384, -0.6451920866966248, -2.016786575317383], [0.2955568730831146, 0.680484414100647, -0.6705123782157898, -1.172032117843628], [0.6657938957214355, -0.6500600576400757, -0.3662512004375458, -0.5566555261611938], [0.0, 0.0, 0.0, 1.0]]}, "finger4joint3": {"matrix": [[-0.645107626914978, -0.1273229718208313, -0.7534085512161255, -2.1578266620635986], [0.24774497747421265, 0.8978967666625977, -0.36387306451797485, -0.8882274627685547], [0.7228127121925354, -0.4213903844356537, -0.5476964712142944, -0.8277714252471924], [0.0, 0.0, 0.0, 1.0]]}}