{"root": {"matrix": [[0.473101407289505, -0.5156410336494446, 0.7143454551696777, 0.0], [0.8639861345291138, 0.4301661252975464, -0.26169657707214355, 2.9802322387695312e-08], [-0.17234565317630768, 0.7409936189651489, 0.6490188837051392, -5.960464477539063e-08], [0.0, 0.0, 0.0, 1.0]]}, "carpals": {"matrix": [[-0.7562063336372375, -0.6147924065589905, -0.22401337325572968, 0.4848775267601013], [0.6543192863464355, -0.7127214670181274, -0.2527729272842407, 2.4043571949005127], [-0.004256260581314564, -0.33772483468055725, 0.9412351846694946, 0.26257455348968506], [0.0, 0.0, 0.0, 1.0]]}, "metacarpals": {"matrix": [[-0.7182170748710632, -0.5580520033836365, 0.4156222641468048, -0.11392664909362793], [0.29080554842948914, -0.7833820581436157, -0.5493127107620239, 1.7101709842681885], [0.6321362257003784, -0.2736605405807495, 0.7249231338500977, -0.06636741757392883], [0.0, 0.0, 0.0, 1.0]]}, "finger5joint1": {"matrix": [[-0.44413426518440247, -0.8192116022109985, 0.36281776428222656, -0.4773408770561218], [0.4653919041156769, -0.5569692850112915, -0.687891960144043, 1.4380617141723633], [0.7656075954437256, -0.13666397333145142, 0.6286237239837646, -0.6316651105880737], [0.0, 0.0, 0.0, 1.0]]}, "finger5joint2": {"matrix": [[0.3411327302455902, -0.8159946203231812, -0.4666695296764374, -1.3426513671875], [-0.6612062454223633, 0.14457879960536957, -0.7361404299736023, 0.8497505784034729], [0.6681574583053589, 0.5596866607666016, -0.49022045731544495, -0.7760194540023804], [0.0, 0.0, 0.0, 1.0]]}, "finger5joint3": {"matrix": [[0.2886379361152649, -0.6838234066963196, -0.6701290011405945, -1.903512954711914], [-0.603286623954773, 0.4135969579219818, -0.6818960905075073, 0.9491246938705444], [0.7434601187705994, 0.6011013388633728, -0.29316192865371704, -0.3913271725177765], [0.0, 0.0, 0.0, 1.0]]}, "Bone": {"matrix": [[0.4032427668571472, -0.8580213189125061, 0.3181106448173523, -0.985200822353363], [0.8625147342681885, 0.24023360013961792, -0.4453716278076172, 0.4870940148830414], [0.3057175576686859, 0.4539681077003479, 0.8369286060333252, -0.49362748861312866], [0.0, 0.0, 0.0, 1.0]]}, "finger1joint1": {"matrix": [[-0.5800977945327759, -0.8029643297195435, -0.1368744671344757, -1.699235439300537], [0.40679749846458435, -0.14000879228115082, -0.902725338935852, 0.6870134472846985], [0.7056927680969238, -0.5793492197990417, 0.4078627824783325, -0.11584088206291199], [0.0, 0.0, 0.0, 1.0]]}, "finger1joint2": {"matrix": [[-0.49470439553260803, -0.2525091767311096, -0.8315686583518982, -2.1530535221099854], [0.665041446685791, 0.5059772729873657, -0.5492782592773438, 0.6078834533691406], [0.5594527721405029, -0.8247581720352173, -0.08238013088703156, -0.44327646493911743], [0.0, 0.0, 0.0, 1.0]]}, "finger1joint3": {"matrix": [[-0.5667778849601746, 0.26269805431365967, -0.7808664441108704, -2.2613000869750977], [0.5869824290275574, 0.7938348650932312, -0.15898942947387695, 0.8247876167297363], [0.5781129598617554, -0.5484666228294373, -0.6041272282600403, -0.796836793422699], [0.0, 0.0, 0.0, 1.0]]}, "Bone.001": {"matrix": [[0.12371376156806946, -0.7835524082183838, 0.6088843941688538, -0.9852006435394287], [0.8340154886245728, -0.250377893447876, -0.49165913462638855, 0.487093985080719], [0.5376919507980347, 0.5686441659927368, 0.6225197911262512, -0.49362748861312866], [0.0, 0.0, 0.0, 1.0]]}, "finger2joint1": {"matrix": [[-0.6208961606025696, -0.3505001962184906, 0.7011684775352478, -1.481881856918335], [0.43309512734413147, -0.8989394307136536, -0.0658494085073471, 0.32838353514671326], [0.6533883213996887, 0.2627870738506317, 0.7099481225013733, -0.13317327201366425], [0.0, 0.0, 0.0, 1.0]]}, "finger2joint2": {"matrix": [[-0.7121773958206177, -0.4478973150253296, 0.5405469536781311, -1.7851166725158691], [0.3542524576187134, -0.894076943397522, -0.27410075068473816, -0.4493330419063568], [0.606059730052948, -0.0037182518281042576, 0.7954103350639343, 0.09417670220136642], [0.0, 0.0, 0.0, 1.0]]}, "finger2joint3": {"matrix": [[-0.8042817115783691, -0.5643433928489685, 0.1861371248960495, -1.9551457166671753], [0.27243149280548096, -0.6285409927368164, -0.7285031676292419, -0.7887393236160278], [0.5281209349632263, -0.5352123379707336, 0.6592691540718079, 0.09276518225669861], [0.0, 0.0, 0.0, 1.0]]}, "Bone.002": {"matrix": [[-0.4672631621360779, -0.573844313621521, 0.672582745552063, -0.9852007627487183], [0.4308488667011261, -0.8120894432067871, -0.3935476541519165, 0.487093985080719], [0.772032618522644, 0.10589122772216797, 0.6266997456550598, -0.49362748861312866], [0.0, 0.0, 0.0, 1.0]]}, "finger3joint1": {"matrix": [[-0.6544919610023499, -0.4448375999927521, 0.6113588213920593, -1.2270818948745728], [0.3701172471046448, -0.8935953378677368, -0.2539692521095276, 0.14479011297225952], [0.6592826843261719, 0.06005358695983887, 0.7494931221008301, -0.4489932656288147], [0.0, 0.0, 0.0, 1.0]]}, "finger3joint2": {"matrix": [[-0.7398143410682678, -0.6351282596588135, 0.222005695104599, -1.6172852516174316], [0.23373356461524963, -0.5520318150520325, -0.800393283367157, -0.6390552520751953], [0.6309067606925964, -0.5402523279190063, 0.5568519830703735, -0.3963153660297394], [0.0, 0.0, 0.0, 1.0]]}, "finger3joint3": {"matrix": [[-0.7971990704536438, -0.5917381048202515, -0.11966342478990555, -2.028264284133911], [0.33732184767723083, -0.2722058892250061, -0.9011757969856262, -0.9962641000747681], [0.5006871223449707, -0.7587817907333374, 0.4166085124015808, -0.7459020018577576], [0.0, 0.0, 0.0, 1.0]]}, "Bone.003": {"matrix": [[-0.24504171311855316, 0.4303768575191498, 0.8687520623207092, -0.9852007627487183], [-0.34192344546318054, -0.8768575191497803, 0.3379484713077545, 0.4870940148830414], [0.9072170257568359, -0.21423524618148804, 0.3620226979255676, -0.4936274588108063], [0.0, 0.0, 0.0, 1.0]]}, "finger4joint1": {"matrix": [[-0.47334402799606323, -0.7529667019844055, 0.45715001225471497, -0.8007328510284424], [0.5583778023719788, -0.6578627228736877, -0.5054012537002563, 0.11125582456588745], [0.6812925338745117, 0.016033705323934555, 0.7318355441093445, -0.5854529142379761], [0.0, 0.0, 0.0, 1.0]]}, "finger4joint2": {"matrix": [[-0.48156407475471497, -0.8720481991767883, -0.08733518421649933, -1.5486990213394165], [0.5332872867584229, -0.21248897910118103, -0.8188117742538452, -0.5422380566596985], [0.6954857707023621, -0.4408852756023407, 0.5673794746398926, -0.5695256590843201], [0.0, 0.0, 0.0, 1.0]]}, "finger4joint3": {"matrix": [[-0.4060782492160797, -0.753770112991333, -0.5166532397270203, -1.912398099899292], [0.5610257387161255, 0.24064823985099792, -0.7920467257499695, -0.630859375], [0.7213530540466309, -0.6114889979362488, 0.32516252994537354, -0.7534025311470032], [0.0, 0.0, 0.0, 1.0]]}}