{"root": {"matrix": [[0.3424828052520752, -0.7104730606079102, 0.6147630214691162, -5.960464477539063e-08], [0.7590761184692383, -0.1763337403535843, -0.6266657114028931, 0.0], [0.5536326169967651, 0.6812741160392761, 0.478911817073822, 0.0], [0.0, 0.0, 0.0, 1.0]]}, "carpals": {"matrix": [[-0.8347020149230957, -0.40670982003211975, -0.37129417061805725, 0.009977787733078003], [0.5345423817634583, -0.4362351894378662, -0.7238529920578003, 1.6144862174987793], [0.13242661952972412, -0.8026740550994873, 0.5815300941467285, 1.8650256395339966], [0.0, 0.0, 0.0, 1.0]]}, "metacarpals": {"matrix": [[-0.8685101866722107, -0.4171496331691742, 0.26772385835647583, -0.3861551284790039], [0.04813232645392418, -0.6085479259490967, -0.7920559048652649, 1.1895956993103027], [0.493328720331192, -0.6750223636627197, 0.5486084222793579, 1.0832258462905884], [0.0, 0.0, 0.0, 1.0]]}, "finger5joint1": {"matrix": [[-0.7506458163261414, -0.6531649231910706, 0.09952966123819351, -0.5819488167762756], [-0.08549674600362778, -0.05334800109267235, -0.9949091076850891, 1.1596965789794922], [0.6551496386528015, -0.7553337216377258, -0.015798043459653854, 0.3857693672180176], [0.0, 0.0, 0.0, 1.0]]}, "finger5joint2": {"matrix": [[0.06792231649160385, -0.7980672717094421, 0.5987274050712585, -1.2718688249588013], [-0.9966110587120056, -0.02636582963168621, 0.07791570574045181, 1.103346586227417], [-0.046396054327487946, -0.6019904613494873, -0.797153890132904, -0.41206875443458557], [0.0, 0.0, 0.0, 1.0]]}, "finger5joint3": {"matrix": [[-0.03994407132267952, -0.8993517160415649, 0.43539664149284363, -1.820408582687378], [-0.9974915385246277, 0.0613742470741272, 0.0352620892226696, 1.0852243900299072], [-0.05843515321612358, -0.43289586901664734, -0.8995476365089417, -0.8258379101753235], [0.0, 0.0, 0.0, 1.0]]}, "Bone": {"matrix": [[0.25383564829826355, -0.9572354555130005, 0.1388077735900879, -1.0374414920806885], [0.6734580397605896, 0.07189875841140747, -0.7357205152511597, 0.23948347568511963], [0.6942775845527649, 0.2802334129810333, 0.6629083752632141, 0.029328584671020508], [0.0, 0.0, 0.0, 1.0]]}, "finger1joint1": {"matrix": [[-0.3703901767730713, -0.8756363391876221, -0.3099547028541565, -1.834040880203247], [0.11695080250501633, 0.28707122802734375, -0.9507430791854858, 0.29931673407554626], [0.9214843511581421, -0.3883952796459198, -0.003921903669834137, 0.26253533363342285], [0.0, 0.0, 0.0, 1.0]]}, "finger1joint2": {"matrix": [[-0.24084748327732086, -0.1714600771665573, -0.9552977681159973, -2.3289318084716797], [0.39509347081184387, 0.8817076086997986, -0.25786179304122925, 0.46156322956085205], [0.8865063190460205, -0.43953725695610046, -0.14461418986320496, 0.043022751808166504], [0.0, 0.0, 0.0, 1.0]]}, "finger1joint3": {"matrix": [[-0.3299017548561096, 0.6570099592208862, -0.6778662204742432, -2.4024338722229004], [0.3343331515789032, 0.7528414726257324, 0.5669664144515991, 0.8395367860794067], [0.8828284740447998, -0.039590023458004, -0.4680238366127014, -0.14539964497089386], [0.0, 0.0, 0.0, 1.0]]}, "Bone.001": {"matrix": [[-0.07048318535089493, -0.8770348429679871, 0.47522804141044617, -1.0374414920806885], [0.5663228034973145, -0.42737123370170593, -0.7047212719917297, 0.23948347568511963], [0.8211639523506165, 0.2194615751504898, 0.5268073081970215, 0.02932855486869812], [0.0, 0.0, 0.0, 1.0]]}, "finger2joint1": {"matrix": [[-0.815432608127594, -0.5433242321014404, 0.19966983795166016, -1.5933796167373657], [0.14105342328548431, -0.5210506916046143, -0.841789722442627, -0.03142014145851135], [0.5614029765129089, -0.6582586765289307, 0.501519501209259, 0.16844165325164795], [0.0, 0.0, 0.0, 1.0]]}, "finger2joint2": {"matrix": [[-0.8761734962463379, -0.39986875653266907, -0.2691185176372528, -2.0634357929229736], [0.17054200172424316, 0.26503506302833557, -0.9490371942520142, -0.4822066128253937], [0.4508163034915924, -0.8774172067642212, -0.16402219235897064, -0.4010501503944397], [0.0, 0.0, 0.0, 1.0]]}, "finger2joint3": {"matrix": [[-0.8886804580688477, 0.04431666061282158, -0.45638009905815125, -2.2152326107025146], [0.283927857875824, 0.8347286581993103, -0.47181859612464905, -0.3815949559211731], [0.3600442111492157, -0.548875093460083, -0.7543897032737732, -0.7341321110725403], [0.0, 0.0, 0.0, 1.0]]}, "Bone.002": {"matrix": [[-0.6695119142532349, -0.521731436252594, 0.5287247896194458, -1.037441611289978], [0.11895023286342621, -0.7779176831245422, -0.6170047521591187, 0.23948347568511963], [0.7332152128219604, -0.35019999742507935, 0.582885205745697, 0.029328569769859314], [0.0, 0.0, 0.0, 1.0]]}, "finger3joint1": {"matrix": [[-0.7073181867599487, -0.46373119950294495, 0.5335299968719482, -1.2573566436767578], [0.2650371789932251, -0.8736652135848999, -0.4080003499984741, -0.0884166955947876], [0.6553292870521545, -0.14718066155910492, 0.740865170955658, -0.11828425526618958], [0.0, 0.0, 0.0, 1.0]]}, "finger3joint2": {"matrix": [[-0.7919040322303772, -0.601745069026947, 0.10387826710939407, -1.664133071899414], [0.13918226957321167, -0.34349939227104187, -0.9287822246551514, -0.8547797203063965], [0.5945724248886108, -0.7210482358932495, 0.3557708263397217, -0.24738836288452148], [0.0, 0.0, 0.0, 1.0]]}, "finger3joint3": {"matrix": [[-0.8269608020782471, -0.5153496265411377, -0.22483423352241516, -2.0535104274749756], [0.2761717438697815, -0.023984216153621674, -0.9608089327812195, -1.0770512819290161], [0.48976022005081177, -0.8566441535949707, 0.16215908527374268, -0.7139645218849182], [0.0, 0.0, 0.0, 1.0]]}, "Bone.003": {"matrix": [[-0.4306945204734802, 0.5319943428039551, 0.7290295958518982, -1.0374414920806885], [-0.65285325050354, -0.7413890361785889, 0.1553218811750412, 0.23948347568511963], [0.623124897480011, -0.40905308723449707, 0.6666263937950134, 0.02932855486869812], [0.0, 0.0, 0.0, 1.0]]}, "finger4joint1": {"matrix": [[-0.5775036215782166, -0.7685201168060303, 0.2754378318786621, -0.8094184398651123], [0.3222336173057556, -0.5245716571807861, -0.7880290150642395, -0.07829028367996216], [0.750103235244751, -0.3663342297077179, 0.550585150718689, -0.14599952101707458], [0.0, 0.0, 0.0, 1.0]]}, "finger4joint2": {"matrix": [[-0.5895422697067261, -0.7973312139511108, -0.12923739850521088, -1.572834849357605], [0.2948470115661621, -0.06346828490495682, -0.95343416929245, -0.5993782877922058], [0.7520005106925964, -0.6001949906349182, 0.2725081145763397, -0.5099009275436401], [0.0, 0.0, 0.0, 1.0]]}, "finger4joint3": {"matrix": [[-0.5192691087722778, -0.7716675996780396, -0.367271363735199, -1.9053720235824585], [0.31301820278167725, 0.22815512120723724, -0.9219352006912231, -0.6258485317230225], [0.7952225208282471, -0.5936951041221619, 0.12307226657867432, -0.7602200508117676], [0.0, 0.0, 0.0, 1.0]]}}