{"root": {"matrix": [[0.20034684240818024, -0.8204695582389832, 0.5354352593421936, 0.0], [0.7808191180229187, -0.19638313353061676, -0.5930895209312439, -1.4901161193847656e-08], [0.591762363910675, 0.5369016528129578, 0.6012935042381287, 0.0], [0.0, 0.0, 0.0, 1.0]]}, "carpals": {"matrix": [[-0.829928994178772, -0.3457268178462982, -0.4378248155117035, -0.41020679473876953], [0.5566408038139343, -0.4611515700817108, -0.6910065412521362, 1.6402580738067627], [0.036995962262153625, -0.8171975612640381, 0.575168788433075, 1.7961821556091309], [0.0, 0.0, 0.0, 1.0]]}, "metacarpals": {"matrix": [[-0.8849071264266968, -0.4139668941497803, 0.21347281336784363, -0.7469427585601807], [0.12303676456212997, -0.6498037576675415, -0.7500779032707214, 1.1910991668701172], [0.4492229223251343, -0.6374841928482056, 0.6259490847587585, 1.0002365112304688], [0.0, 0.0, 0.0, 1.0]]}, "finger5joint1": {"matrix": [[-0.7878668308258057, -0.5782265067100525, 0.21194274723529816, -0.9157259464263916], [0.15605217218399048, -0.5203633904457092, -0.8395650386810303, 1.1072449684143066], [0.5957460999488831, -0.6283912658691406, 0.5002105832099915, 0.3001255393028259], [0.0, 0.0, 0.0, 1.0]]}, "finger5joint2": {"matrix": [[0.25959888100624084, -0.5642102956771851, 0.783756673336029, -1.5264904499053955], [-0.8247683048248291, -0.5517110228538513, -0.12398283183574677, 0.5575994849205017], [0.5023596882820129, -0.6142318844795227, -0.6085666418075562, -0.36362674832344055], [0.0, 0.0, 0.0, 1.0]]}, "finger5joint3": {"matrix": [[0.16224858164787292, -0.72541743516922, 0.6689128279685974, -1.9142918586730957], [-0.8645894527435303, -0.4312222898006439, -0.25793787837028503, 0.17838916182518005], [0.4755628705024719, -0.5364848971366882, -0.6971537470817566, -0.7858098745346069], [0.0, 0.0, 0.0, 1.0]]}, "Bone": {"matrix": [[0.2527580261230469, -0.964009165763855, 0.08245956897735596, -1.3932597637176514], [0.7220889329910278, 0.1312270313501358, -0.6792399287223816, 0.17657503485679626], [0.6439725160598755, 0.2312265783548355, 0.7292690277099609, 0.004946708679199219], [0.0, 0.0, 0.0, 1.0]]}, "finger1joint1": {"matrix": [[-0.46323490142822266, -0.7385364770889282, -0.4898746609687805, -2.1954963207244873], [0.16822010278701782, 0.469435453414917, -0.8667941689491272, 0.28578054904937744], [0.8701236248016357, -0.48393604159355164, -0.09322208911180496, 0.19737060368061066], [0.0, 0.0, 0.0, 1.0]]}, "finger1joint2": {"matrix": [[-0.27722907066345215, 0.3244761526584625, -0.9043556451797485, -2.612901449203491], [0.4147118330001831, 0.8894652128219604, 0.19200432300567627, 0.5510952472686768], [0.8666936755180359, -0.32181787490844727, -0.38114961981773376, -0.07613953948020935], [0.0, 0.0, 0.0, 1.0]]}, "finger1joint3": {"matrix": [[-0.3791070282459259, 0.8562638759613037, -0.350841760635376, -2.4738035202026367], [0.3991120755672455, 0.49336889386177063, 0.7728496193885803, 0.9323945045471191], [0.834857702255249, 0.1529674530029297, -0.5287848114967346, -0.21409757435321808], [0.0, 0.0, 0.0, 1.0]]}, "Bone.001": {"matrix": [[-0.08042528480291367, -0.9015994071960449, 0.4250294268131256, -1.393259882926941], [0.6384566426277161, -0.3740510642528534, -0.6726504564285278, 0.17657504975795746], [0.7654439806938171, 0.2172648310661316, 0.6057153344154358, 0.004946723580360413], [0.0, 0.0, 0.0, 1.0]]}, "finger2joint1": {"matrix": [[-0.8265835046768188, -0.3317342698574066, -0.45465561747550964, -1.9647690057754517], [0.21751901507377625, 0.5567569136619568, -0.8016901016235352, -0.06052979826927185], [0.5190807580947876, -0.7615600824356079, -0.38804754614830017, 0.14266729354858398], [0.0, 0.0, 0.0, 1.0]]}, "finger2joint2": {"matrix": [[-0.8076283931732178, -0.05143564194440842, -0.5874441266059875, -2.2517685890197754], [0.3401278853416443, 0.773147463798523, -0.5353090167045593, 0.421147882938385], [0.48171496391296387, -0.632136881351471, -0.6069210767745972, -0.51619553565979], [0.0, 0.0, 0.0, 1.0]]}, "finger2joint3": {"matrix": [[-0.75245600938797, 0.22007016837596893, -0.6207888126373291, -2.271294355392456], [0.47302302718162537, 0.8364276885986328, -0.2768350839614868, 0.7146473526954651], [0.45832186937332153, -0.5019537210464478, -0.7334733009338379, -0.7561650276184082], [0.0, 0.0, 0.0, 1.0]]}, "Bone.002": {"matrix": [[-0.6929749846458435, -0.5381892323493958, 0.4797268807888031, -1.393259882926941], [0.2073180079460144, -0.7860472202301025, -0.5823649168014526, 0.17657503485679626], [0.6905105710029602, -0.3041081726551056, 0.6562873125076294, 0.004946723580360413], [0.0, 0.0, 0.0, 1.0]]}, "finger3joint1": {"matrix": [[-0.8379814028739929, -0.24016033113002777, 0.4900103509426117, -1.6201119422912598], [0.18558937311172485, -0.9698489904403687, -0.15795384347438812, -0.15475177764892578], [0.5131704211235046, -0.04142158851027489, 0.8572865128517151, -0.12323791533708572], [0.0, 0.0, 0.0, 1.0]]}, "finger3joint2": {"matrix": [[-0.8837839961051941, -0.4552399516105652, 0.10808467119932175, -1.830776333808899], [0.03588568791747093, -0.2962705194950104, -0.9544296860694885, -1.0054852962493896], [0.46651697158813477, -0.8396308422088623, 0.27817580103874207, -0.15957218408584595], [0.0, 0.0, 0.0, 1.0]]}, "finger3joint3": {"matrix": [[-0.9108561873435974, -0.2942381203174591, -0.28942155838012695, -2.1253530979156494], [0.18113146722316742, 0.3451213836669922, -0.9209139347076416, -1.1971962451934814], [0.3708536922931671, -0.8912435173988342, -0.26106008887290955, -0.7028807401657104], [0.0, 0.0, 0.0, 1.0]]}, "Bone.003": {"matrix": [[-0.4811989665031433, 0.5176631212234497, 0.7074406743049622, -1.393259882926941], [-0.5793951749801636, -0.793427050113678, 0.18647979199886322, 0.17657503485679626], [0.6578363180160522, -0.3201538026332855, 0.6817277073860168, 0.004946708679199219], [0.0, 0.0, 0.0, 1.0]]}, "finger4joint1": {"matrix": [[-0.684882640838623, -0.6498866081237793, 0.3295190632343292, -1.1713794469833374], [0.376095175743103, -0.7026236057281494, -0.6040464639663696, -0.1635032296180725], [0.6240897178649902, -0.28977036476135254, 0.7256340384483337, -0.13227742910385132], [0.0, 0.0, 0.0, 1.0]]}, "finger4joint2": {"matrix": [[-0.6931092739105225, -0.6302024722099304, -0.34991979598999023, -1.8169500827789307], [0.3481556177139282, 0.13238666951656342, -0.9280415177345276, -0.8614607453346252], [0.6311789155006409, -0.7650608420372009, 0.12765026092529297, -0.4201233685016632], [0.0, 0.0, 0.0, 1.0]]}, "finger4joint3": {"matrix": [[-0.6331309676170349, -0.3263757526874542, -0.7018714547157288, -2.0797841548919678], [0.34948447346687317, 0.6885391473770142, -0.635432243347168, -0.8062471151351929], [0.6906557679176331, -0.6476051807403564, -0.32187214493751526, -0.7392019629478455], [0.0, 0.0, 0.0, 1.0]]}}