{"root": {"matrix": [[0.4350513219833374, -0.04252128303050995, 0.899401068687439, -3.725290298461914e-09], [0.28826773166656494, 0.9528864026069641, -0.09438870847225189, 0.0], [-0.8530135154724121, 0.30033230781555176, 0.42681199312210083, 0.0], [0.0, 0.0, 0.0, 1.0]]}, "carpals": {"matrix": [[-0.739558756351471, -0.6590723991394043, 0.13666050136089325, 0.8411203622817993], [0.6369866728782654, -0.7509143948554993, -0.1742853969335556, 1.5952224731445312], [0.21748700737953186, -0.04184354841709137, 0.9751657843589783, -1.6830825805664062], [0.0, 0.0, 0.0, 1.0]]}, "metacarpals": {"matrix": [[-0.012117573991417885, -0.7747789025306702, 0.6321158409118652, 0.1991877555847168], [0.3002641499042511, -0.605806827545166, -0.7367762923240662, 0.863836407661438], [0.9537790417671204, 0.18087364733219147, 0.23997929692268372, -1.7238378524780273], [0.0, 0.0, 0.0, 1.0]]}, "finger5joint1": {"matrix": [[0.16060547530651093, -0.986832320690155, -0.019171103835105896, -0.5008605718612671], [0.13604913651943207, 0.041371382772922516, -0.9898377656936646, 0.7685207724571228], [0.9775972366333008, 0.15636500716209412, 0.1409020572900772, -1.8866939544677734], [0.0, 0.0, 0.0, 1.0]]}, "finger5joint2": {"matrix": [[-0.13084034621715546, -0.8051940202713013, -0.5783965587615967, -1.5432242155075073], [-0.9655928015708923, 0.23575566709041595, -0.10976983606815338, 0.8122202157974243], [0.2247462272644043, 0.544133186340332, -0.8083363771438599, -1.7215299606323242], [0.0, 0.0, 0.0, 1.0]]}, "finger5joint3": {"matrix": [[-0.17339566349983215, -0.18343974649906158, -0.9676172137260437, -2.0966622829437256], [-0.9318526387214661, 0.34852027893066406, 0.10091473907232285, 0.9742633700370789], [0.3187223970890045, 0.9191751480102539, -0.23137106001377106, -1.347528100013733], [0.0, 0.0, 0.0, 1.0]]}, "Bone": {"matrix": [[0.707339882850647, -0.24152147769927979, 0.6643322706222534, -1.0104572772979736], [0.7050297856330872, 0.3088822364807129, -0.6383764743804932, -0.08199627697467804], [-0.05101865157485008, 0.9199233651161194, 0.3887646496295929, -1.441443920135498], [0.0, 0.0, 0.0, 1.0]]}, "finger1joint1": {"matrix": [[0.4291040599346161, -0.5971421003341675, 0.6777099370956421, -1.2114484310150146], [0.49200424551963806, -0.4747004508972168, -0.7297883629798889, 0.17505168914794922], [0.7574967741966248, 0.646591305732727, 0.09010055661201477, -0.6758950352668762], [0.0, 0.0, 0.0, 1.0]]}, "finger1joint2": {"matrix": [[0.2142518311738968, -0.835519015789032, 0.5059682726860046, -1.5489401817321777], [0.7002272009849548, -0.22976912558078766, -0.6759348511695862, -0.0932387188076973], [0.6810125112533569, 0.49911296367645264, 0.535824716091156, -0.31045565009117126], [0.0, 0.0, 0.0, 1.0]]}, "finger1joint3": {"matrix": [[0.29489895701408386, -0.8028002381324768, -0.5182143449783325, -1.9071135520935059], [0.6361289024353027, 0.5696271657943726, -0.5204467177391052, -0.19173696637153625], [0.7130039930343628, -0.1761719286441803, 0.6786668300628662, -0.09649413824081421], [0.0, 0.0, 0.0, 1.0]]}, "Bone.001": {"matrix": [[0.6570150256156921, -0.2388184815645218, 0.7150500416755676, -1.010457158088684], [0.6874499320983887, -0.19951021671295166, -0.6982892751693726, -0.08199629187583923], [0.30942434072494507, 0.9503478407859802, 0.03309458866715431, -1.441443920135498], [0.0, 0.0, 0.0, 1.0]]}, "finger2joint1": {"matrix": [[0.07061483711004257, -0.8361729383468628, 0.543900728225708, -1.1618404388427734], [0.38959720730781555, -0.4788333475589752, -0.7867225408554077, -0.20846253633499146], [0.9182740449905396, 0.26745641231536865, 0.2919580042362213, -0.8390339612960815], [0.0, 0.0, 0.0, 1.0]]}, "finger2joint2": {"matrix": [[-0.055857688188552856, -0.6914108991622925, -0.7202988862991333, -1.8852543830871582], [0.4157283902168274, 0.6398077607154846, -0.6463866233825684, -0.622724711894989], [0.9077718257904053, -0.33555445075035095, 0.25170084834098816, -0.6076443195343018], [0.0, 0.0, 0.0, 1.0]]}, "finger2joint3": {"matrix": [[-0.07020635902881622, -0.0987304300069809, -0.9926343560218811, -2.1477253437042236], [0.5424515604972839, 0.8313197493553162, -0.12105156481266022, -0.37984317541122437], [0.8371481895446777, -0.5469546914100647, -0.0048076072707772255, -0.7350263595581055], [0.0, 0.0, 0.0, 1.0]]}, "Bone.002": {"matrix": [[0.2930757403373718, -0.5417563319206238, 0.7877857685089111, -1.010457158088684], [0.3645328879356384, -0.6984081864356995, -0.6159071922302246, -0.08199626207351685], [0.8838678598403931, 0.4676811397075653, -0.0071984147652983665, -1.441443920135498], [0.0, 0.0, 0.0, 1.0]]}, "finger3joint1": {"matrix": [[0.3692229092121124, -0.1782369762659073, 0.9120886921882629, -1.2388129234313965], [0.6830958127975464, -0.613395094871521, -0.39639174938201904, -0.3763822913169861], [0.6301227807998657, 0.7694008350372314, -0.10472648590803146, -1.2443115711212158], [0.0, 0.0, 0.0, 1.0]]}, "finger3joint2": {"matrix": [[0.3007305860519409, -0.7815651893615723, 0.5465497970581055, -1.3951592445373535], [0.5923670530319214, -0.29605618119239807, -0.7493009567260742, -0.9144411683082581], [0.7474372982978821, 0.549095630645752, 0.37394043803215027, -0.5694074034690857], [0.0, 0.0, 0.0, 1.0]]}, "finger3joint3": {"matrix": [[0.1653853952884674, -0.9836693406105042, 0.07100734859704971, -1.9008945226669312], [0.6945080757141113, 0.0650443360209465, -0.716538667678833, -1.106013298034668], [0.7002187371253967, 0.1678200513124466, 0.6939237117767334, -0.21409842371940613], [0.0, 0.0, 0.0, 1.0]]}, "Bone.003": {"matrix": [[0.3410664498806, -0.0637034997344017, 0.9378781318664551, -1.0104572772979736], [-0.4474196135997772, -0.8884468078613281, 0.10236138850450516, -0.08199629187583923], [0.8267340660095215, -0.4545372426509857, -0.3315214514732361, -1.441443920135498], [0.0, 0.0, 0.0, 1.0]]}, "finger4joint1": {"matrix": [[0.33097347617149353, -0.5259175896644592, 0.7834965586662292, -1.0377616882324219], [0.5946381688117981, -0.5284580588340759, -0.6059184670448303, -0.46280181407928467], [0.7327085733413696, 0.6664398312568665, 0.13782519102096558, -1.6362674236297607], [0.0, 0.0, 0.0, 1.0]]}, "finger4joint2": {"matrix": [[0.33389851450920105, -0.9061433672904968, -0.25964510440826416, -1.560186743736267], [0.5705567002296448, 0.41355016827583313, -0.7095357179641724, -0.9877504110336304], [0.7503176331520081, 0.08877053111791611, 0.6550899147987366, -0.9742534160614014], [0.0, 0.0, 0.0, 1.0]]}, "finger4joint3": {"matrix": [[0.4118293523788452, -0.688191294670105, -0.5973180532455444, -1.9381054639816284], [0.5445235371589661, 0.7114371061325073, -0.44424208998680115, -0.8152740001678467], [0.7306780219078064, -0.14230191707611084, 0.667726993560791, -0.9372304677963257], [0.0, 0.0, 0.0, 1.0]]}}