{"root": {"matrix": [[0.5489361882209778, -0.40394002199172974, -0.7317796945571899, 2.9802322387695312e-08], [-0.16070814430713654, -0.910146951675415, 0.38184475898742676, 0.0], [-0.8202694654464722, -0.09200552105903625, -0.5645290017127991, -7.450580596923828e-09], [0.0, 0.0, 0.0, 1.0]]}, "carpals": {"matrix": [[0.5778747200965881, -0.622654378414154, -0.5276004076004028, 0.9282931089401245], [0.12695033848285675, 0.7071812152862549, -0.6955416202545166, -1.2972333431243896], [0.806191086769104, 0.33495691418647766, 0.4877082407474518, -1.8816065788269043], [0.0, 0.0, 0.0, 1.0]]}, "metacarpals": {"matrix": [[0.1430189162492752, -0.9251942038536072, 0.3515125811100006, 0.3218315839767456], [0.7678278088569641, -0.12037863582372665, -0.6292450428009033, -0.6084430813789368], [0.6244885325431824, 0.3598949909210205, 0.693173348903656, -1.5553605556488037], [0.0, 0.0, 0.0, 1.0]]}, "finger5joint1": {"matrix": [[-0.12283888459205627, -0.9260092973709106, 0.35695549845695496, -0.37584424018859863], [0.6886944770812988, -0.3385167121887207, -0.6411756277084351, -0.553015947341919], [0.7145700454711914, 0.16707181930541992, 0.6793204545974731, -1.7447047233581543], [0.0, 0.0, 0.0, 1.0]]}, "finger5joint2": {"matrix": [[0.5472707748413086, -0.8259475827217102, -0.13529503345489502, -1.3539621829986572], [-0.6163958311080933, -0.2883980870246887, -0.7327225804328918, -0.9105818271636963], [0.5661717057228088, 0.48439279198646545, -0.6669426560401917, -1.5682313442230225], [0.0, 0.0, 0.0, 1.0]]}, "finger5joint3": {"matrix": [[0.474388986825943, -0.7756277918815613, -0.416360467672348, -1.9216649532318115], [-0.5993490219116211, 0.06184730678796768, -0.7980947494506836, -1.108807921409607], [0.6447753310203552, 0.62815260887146, -0.4355323016643524, -1.2352912425994873], [0.0, 0.0, 0.0, 1.0]]}, "Bone": {"matrix": [[0.9030985832214355, -0.07083803415298462, 0.42355021834373474, -1.122653603553772], [0.29031503200531006, 0.8274797797203064, -0.48061856627464294, -0.7963876128196716], [-0.31643304228782654, 0.5570090413093567, 0.7678610682487488, -0.9934645891189575], [0.0, 0.0, 0.0, 1.0]]}, "finger1joint1": {"matrix": [[0.3125377595424652, -0.8922015428543091, -0.32603126764297485, -1.1816041469573975], [0.7533284425735474, 0.4418783485889435, -0.48707249760627747, -0.10776911675930023], [0.5786331295967102, -0.09338011592626572, 0.8102243542671204, -0.5299285054206848], [0.0, 0.0, 0.0, 1.0]]}, "finger1joint2": {"matrix": [[0.4147416651248932, -0.7719351053237915, -0.4817731976509094, -1.6858570575714111], [0.8568618893623352, 0.5095005631446838, -0.07871967554092407, 0.14197099208831787], [0.3062303066253662, -0.3801647424697876, 0.8727527856826782, -0.5827049612998962], [0.0, 0.0, 0.0, 1.0]]}, "finger1joint3": {"matrix": [[0.3918581008911133, -0.4587739109992981, -0.7974795699119568, -2.016772985458374], [0.8252124786376953, 0.5585136413574219, 0.08418361097574234, 0.3603854775428772], [0.4067820906639099, -0.6910780072212219, 0.5974438786506653, -0.7456753253936768], [0.0, 0.0, 0.0, 1.0]]}, "Bone.001": {"matrix": [[0.8691297173500061, -0.24179323017597198, 0.43145033717155457, -1.1226534843444824], [0.4943104684352875, 0.45367300510406494, -0.7415103912353516, -0.7963875532150269], [-0.016445083543658257, 0.8577391505241394, 0.5138216018676758, -0.9934645891189575], [0.0, 0.0, 0.0, 1.0]]}, "finger2joint1": {"matrix": [[0.8291397094726562, -0.5460236668586731, 0.11993887275457382, -1.2759222984313965], [0.46136319637298584, 0.5471760034561157, -0.6983853578567505, -0.5088116526603699], [0.31570732593536377, 0.6343944072723389, 0.7056005597114563, -0.44975775480270386], [0.0, 0.0, 0.0, 1.0]]}, "finger2joint2": {"matrix": [[0.7617181539535522, -0.6258989572525024, -0.16743911802768707, -1.7483140230178833], [0.5715121626853943, 0.7708202004432678, -0.28144240379333496, -0.0354229211807251], [0.3052200973033905, 0.118686243891716, 0.9448565244674683, 0.0990879237651825], [0.0, 0.0, 0.0, 1.0]]}, "finger2joint3": {"matrix": [[0.6967961192131042, -0.41337937116622925, -0.5861676335334778, -1.9859156608581543], [0.6789978742599487, 0.6435301303863525, 0.3533136546611786, 0.25719308853149414], [0.23116406798362732, -0.6441941857337952, 0.7290929555892944, 0.14414317905902863], [0.0, 0.0, 0.0, 1.0]]}, "Bone.002": {"matrix": [[0.4474744498729706, -0.7233603596687317, 0.5258481502532959, -1.1226534843444824], [0.6822406649589539, -0.10404740273952484, -0.723686158657074, -0.7963875532150269], [0.5781991481781006, 0.6825858950614929, 0.446947306394577, -0.9934645295143127], [0.0, 0.0, 0.0, 1.0]]}, "finger3joint1": {"matrix": [[0.2366829663515091, -0.2170785367488861, 0.9470258951187134, -1.4275572299957275], [0.7740821838378906, -0.5469403266906738, -0.31883081793785095, -0.8402445912361145], [0.5871780514717102, 0.8085374236106873, 0.03858529031276703, -0.7057477235794067], [0.0, 0.0, 0.0, 1.0]]}, "finger3joint2": {"matrix": [[0.162462055683136, -0.9851504564285278, 0.05553947016596794, -1.6179745197296143], [0.6896385550498962, 0.07311217486858368, -0.7204535603523254, -1.3200105428695679], [0.7056944966316223, 0.1553482860326767, 0.6912755370140076, 0.0034863650798797607], [0.0, 0.0, 0.0, 1.0]]}, "finger3joint3": {"matrix": [[0.10172832757234573, 0.1054052785038948, -0.9892123341560364, -2.255445957183838], [0.8037376403808594, 0.5772543549537659, 0.14416375756263733, -1.2727010250091553], [0.586222767829895, -0.8097324967384338, -0.025995278730988503, 0.10400919616222382], [0.0, 0.0, 0.0, 1.0]]}, "Bone.003": {"matrix": [[0.2097291350364685, -0.3900124430656433, 0.896606981754303, -1.1226534843444824], [0.012370971031486988, -0.9158695936203003, -0.40128523111343384, -0.7963874340057373], [0.9776811003684998, 0.09525299817323685, -0.18725959956645966, -0.9934645295143127], [0.0, 0.0, 0.0, 1.0]]}, "finger4joint1": {"matrix": [[0.47157207131385803, -0.8097220659255981, 0.34924161434173584, -1.2898204326629639], [0.757420003414154, 0.16910669207572937, -0.6306485533714294, -1.188947081565857], [0.4515911340713501, 0.5619186758995056, 0.6930456757545471, -0.9526373147964478], [0.0, 0.0, 0.0, 1.0]]}, "finger4joint2": {"matrix": [[0.4595426917076111, -0.38365715742111206, -0.8010164499282837, -2.094165325164795], [0.7487781643867493, 0.6523942351341248, 0.11710106581449509, -1.020963430404663], [0.4776519536972046, -0.6535966992378235, 0.5870770215988159, -0.39445024728775024], [0.0, 0.0, 0.0, 1.0]]}, "finger4joint3": {"matrix": [[0.5015125274658203, 0.11887291073799133, -0.8569446206092834, -2.2541744709014893], [0.6901623606681824, 0.5423151254653931, 0.4791345000267029, -0.7488740086555481], [0.5216902494430542, -0.8317229151725769, 0.189936101436615, -0.6670411229133606], [0.0, 0.0, 0.0, 1.0]]}}