{"root": {"matrix": [[0.4092077612876892, -0.48894068598747253, 0.770380437374115, 0.0], [0.879562497138977, 0.43598324060440063, -0.19049528241157532, 2.9802322387695312e-08], [-0.2427319884300232, 0.7555499076843262, 0.6084616184234619, 0.0], [0.0, 0.0, 0.0, 1.0]]}, "carpals": {"matrix": [[-0.893160879611969, -0.43461212515830994, -0.11565286666154861, 0.36021849513053894], [0.44901609420776367, -0.847184956073761, -0.2840104401111603, 2.4372718334198], [0.025455020368099213, -0.30559712648391724, 0.9518204927444458, 0.12220534682273865], [0.0, 0.0, 0.0, 1.0]]}, "metacarpals": {"matrix": [[-0.536454975605011, -0.6133074760437012, 0.5797151923179626, -0.06309115886688232], [0.3792150020599365, -0.7888497710227966, -0.4836442172527313, 1.6121187210083008], [0.7539309859275818, -0.03961668536067009, 0.6557579040527344, -0.17544437944889069], [0.0, 0.0, 0.0, 1.0]]}, "finger5joint1": {"matrix": [[-0.50827556848526, -0.7327379584312439, 0.4524938762187958, -0.5574334263801575], [0.2912578284740448, -0.640723466873169, -0.7103816270828247, 1.2943627834320068], [0.8104472160339355, -0.2292773574590683, 0.5390798449516296, -0.6000989079475403], [0.0, 0.0, 0.0, 1.0]]}, "finger5joint2": {"matrix": [[0.4600008726119995, -0.757082462310791, 0.46392303705215454, -1.331404209136963], [-0.7189083099365234, -0.6242108345031738, -0.30582860112190247, 0.617584228515625], [0.521123468875885, -0.19283689558506012, -0.831410825252533, -0.842278242111206], [0.0, 0.0, 0.0, 1.0]]}, "finger5joint3": {"matrix": [[0.3610726296901703, -0.887824535369873, 0.2852952480316162, -1.8517736196517944], [-0.756109893321991, -0.4577902555465698, -0.46768081188201904, 0.18854226171970367], [0.5458240509033203, -0.04684792459011078, -0.8365888595581055, -0.9748217463493347], [0.0, 0.0, 0.0, 1.0]]}, "Bone": {"matrix": [[0.47183263301849365, -0.7165172100067139, 0.5137866735458374, -1.020634412765503], [0.8759993314743042, 0.3148798644542694, -0.36534303426742554, 0.3805052638053894], [0.09999352693557739, 0.62245774269104, 0.7762393355369568, -0.23729705810546875], [0.0, 0.0, 0.0, 1.0]]}, "finger1joint1": {"matrix": [[-0.4331342577934265, -0.7248069643974304, 0.5357698798179626, -1.6169110536575317], [0.45971426367759705, -0.6889423131942749, -0.5603756308555603, 0.6425443291664124], [0.7752789258956909, 0.00358316907659173, 0.6316087245941162, 0.2807045876979828], [0.0, 0.0, 0.0, 1.0]]}, "finger1joint2": {"matrix": [[-0.5611034631729126, -0.6890053153038025, -0.4587313234806061, -2.0265562534332275], [0.6221828460693359, 0.014452547766268253, -0.7827383279800415, 0.25316905975341797], [0.5459408164024353, -0.7246121168136597, 0.4205779731273651, 0.28272974491119385], [0.0, 0.0, 0.0, 1.0]]}, "finger1joint3": {"matrix": [[-0.5790185332298279, 0.3944031000137329, -0.7135710120201111, -2.3219215869903564], [0.5387625694274902, 0.8419851660728455, 0.028207890689373016, 0.25936460494995117], [0.6119416356086731, -0.3681124448776245, -0.7000147104263306, -0.027899563312530518], [0.0, 0.0, 0.0, 1.0]]}, "Bone.001": {"matrix": [[0.25869572162628174, -0.618789553642273, 0.7417383193969727, -1.020634412765503], [0.8812949657440186, -0.16317832469940186, -0.4434993267059326, 0.380505234003067], [0.39546844363212585, 0.7684217691421509, 0.5031226873397827, -0.23729702830314636], [0.0, 0.0, 0.0, 1.0]]}, "finger2joint1": {"matrix": [[-0.4684761166572571, -0.6156768202781677, -0.6336180567741394, -1.4128749370574951], [0.4851478636264801, 0.4201006591320038, -0.7669071555137634, 0.27706918120384216], [0.7383504509925842, -0.6666763424873352, 0.10188717395067215, 0.24979299306869507], [0.0, 0.0, 0.0, 1.0]]}, "finger2joint2": {"matrix": [[-0.46166595816612244, -0.40032339096069336, -0.7915841341018677, -1.945527195930481], [0.5899378061294556, 0.5278595089912415, -0.6110133528709412, 0.640518844127655], [0.6624484062194824, -0.7490695714950562, -0.007528905291110277, -0.32698142528533936], [0.0, 0.0, 0.0, 1.0]]}, "finger2joint3": {"matrix": [[-0.43194589018821716, -0.1484374701976776, -0.8896003365516663, -2.097496509552002], [0.6988089084625244, 0.5684792399406433, -0.434162437915802, 0.8409029245376587], [0.5701654553413391, -0.8091955184936523, -0.14182288944721222, -0.6113404035568237], [0.0, 0.0, 0.0, 1.0]]}, "Bone.002": {"matrix": [[-0.2577366530895233, -0.5342758893966675, 0.805059552192688, -1.0206342935562134], [0.5247745513916016, -0.7770108580589294, -0.3476572334766388, 0.380505234003067], [0.8112850785255432, 0.3328707814216614, 0.48063868284225464, -0.23729702830314636], [0.0, 0.0, 0.0, 1.0]]}, "finger3joint1": {"matrix": [[-0.4631021320819855, -0.2320614606142044, 0.8553850650787354, -1.2458370923995972], [0.4667339622974396, -0.8843052983283997, 0.012780244462192059, 0.05298733711242676], [0.7534559965133667, 0.40515580773353577, 0.5178347826004028, -0.09698867797851562], [0.0, 0.0, 0.0, 1.0]]}, "finger3joint2": {"matrix": [[-0.5268000364303589, -0.802069365978241, 0.28136488795280457, -1.449397087097168], [0.32018211483955383, -0.4938908517360687, -0.8084275126457214, -0.7227090001106262], [0.7873786687850952, -0.33579179644584656, 0.516990065574646, 0.25840651988983154], [0.0, 0.0, 0.0, 1.0]]}, "finger3joint3": {"matrix": [[-0.6057491898536682, -0.7761572599411011, -0.17506474256515503, -1.968400478363037], [0.4266669452190399, -0.13115443289279938, -0.8948483467102051, -1.0422959327697754], [0.6715826988220215, -0.6167482137680054, 0.41060730814933777, 0.04112228751182556], [0.0, 0.0, 0.0, 1.0]]}, "Bone.003": {"matrix": [[-0.013500286266207695, 0.358211487531662, 0.933542788028717, -1.020634412765503], [-0.23647436499595642, -0.9082870483398438, 0.3451005518436432, 0.380505234003067], [0.9715438485145569, -0.21610002219676971, 0.09697005152702332, -0.23729702830314636], [0.0, 0.0, 0.0, 1.0]]}, "finger4joint1": {"matrix": [[-0.5429001450538635, -0.7213048934936523, 0.4300910532474518, -0.8670979738235474], [0.37682971358299255, -0.6669189929962158, -0.6428203582763672, -0.00880420207977295], [0.7505055665969849, -0.18691635131835938, 0.6338796615600586, -0.3299217224121094], [0.0, 0.0, 0.0, 1.0]]}, "finger4joint2": {"matrix": [[-0.5508856177330017, -0.8076413869857788, -0.2103329598903656, -1.5836126804351807], [0.3489595353603363, 0.006030275486409664, -0.9371181726455688, -0.6712942719459534], [0.7581239342689514, -0.5896428823471069, 0.278512179851532, -0.5155968070030212], [0.0, 0.0, 0.0, 1.0]]}, "finger4joint3": {"matrix": [[-0.4787070155143738, -0.7328848242759705, -0.4834448993206024, -1.9204498529434204], [0.36092182993888855, 0.3376902639865875, -0.8693102598190308, -0.668779194355011], [0.8003590703010559, -0.5906310081481934, 0.10285937041044235, -0.7615149021148682], [0.0, 0.0, 0.0, 1.0]]}}