{"root": {"matrix": [[0.09904279559850693, -0.96886146068573, 0.22693181037902832, 5.960464477539063e-08], [-0.37026867270469666, -0.24755987524986267, -0.8953296542167664, -1.4901161193847656e-08], [0.9236295819282532, 0.004650190472602844, -0.3832581341266632, 0.0], [0.0, 0.0, 0.0, 1.0]]}, "carpals": {"matrix": [[-0.18396824598312378, -0.7266144752502441, -0.6619569063186646, -0.7498676776885986], [0.9750006198883057, -0.04951779544353485, -0.2166135609149933, -0.9790099859237671], [0.12461615353822708, -0.6852585077285767, 0.7175593376159668, 2.136404275894165], [0.0, 0.0, 0.0, 1.0]]}, "metacarpals": {"matrix": [[0.0746464654803276, -0.6791815757751465, -0.7301644086837769, -1.4575860500335693], [0.986930251121521, 0.15517951548099518, -0.043448060750961304, -1.0272400379180908], [0.14281593263149261, -0.7173780798912048, 0.6818885803222656, 1.4689664840698242], [0.0, 0.0, 0.0, 1.0]]}, "finger5joint1": {"matrix": [[0.25182610750198364, -0.43861743807792664, -0.8626691699028015, -1.5579060316085815], [0.802518904209137, 0.592835009098053, -0.06715504080057144, -1.0939830541610718], [0.5408760905265808, -0.6753968596458435, 0.5012902021408081, 0.754014790058136], [0.0, 0.0, 0.0, 1.0]]}, "finger5joint2": {"matrix": [[-0.854566216468811, -0.23716792464256287, -0.46202540397644043, -2.021205186843872], [-0.07213425636291504, 0.9352172017097473, -0.3466479182243347, -0.4677879214286804], [0.5143080949783325, -0.26290544867515564, -0.8163133263587952, 0.04061177372932434], [0.0, 0.0, 0.0, 1.0]]}, "finger5joint3": {"matrix": [[-0.8462368845939636, 0.009156743995845318, -0.5327275991439819, -2.1842191219329834], [0.03468259796500206, 0.9986781477928162, -0.0379277728497982, 0.17501959204673767], [0.5316763520240784, -0.05057189613580704, -0.8454360961914062, -0.14009235799312592], [0.0, 0.0, 0.0, 1.0]]}, "Bone": {"matrix": [[0.7418490052223206, 0.07607540488243103, -0.6662374138832092, -2.517976999282837], [0.0033645823132246733, 0.993108868598938, 0.11714617908000946, -0.7849617004394531], [0.6705582737922668, -0.08914617449045181, 0.7364810109138489, 0.3489401638507843], [0.0, 0.0, 0.0, 1.0]]}, "finger1joint1": {"matrix": [[0.14395929872989655, -0.3266834020614624, -0.934105634689331, -2.454667806625366], [0.9575403928756714, 0.2842475175857544, 0.048161447048187256, 0.041491225361824036], [0.24978390336036682, -0.9013772010803223, 0.35373279452323914, 0.2747538089752197], [0.0, 0.0, 0.0, 1.0]]}, "finger1joint2": {"matrix": [[0.42802396416664124, 0.7608218193054199, -0.48779651522636414, -2.6393022537231445], [0.8915328979492188, -0.2669384777545929, 0.36594101786613464, 0.20214176177978516], [0.14820441603660583, -0.5915183424949646, -0.7925536632537842, -0.23468506336212158], [0.0, 0.0, 0.0, 1.0]]}, "finger1joint3": {"matrix": [[0.3482208251953125, 0.3325319290161133, 0.8764499425888062, -2.313150644302368], [0.9331991076469421, -0.21151766180992126, -0.2905161678791046, 0.08770962059497833], [0.08877892047166824, 0.9190660715103149, -0.38397350907325745, -0.4882592558860779], [0.0, 0.0, 0.0, 1.0]]}, "Bone.001": {"matrix": [[0.6397802233695984, -0.424728125333786, -0.6405364274978638, -2.517976999282837], [0.3529279828071594, 0.9027151465415955, -0.2460627406835556, -0.7849617600440979], [0.6827318668365479, -0.068636953830719, 0.7274378538131714, 0.3489401638507843], [0.0, 0.0, 0.0, 1.0]]}, "finger2joint1": {"matrix": [[0.1891583949327469, 0.12324198335409164, -0.9741818308830261, -2.7872049808502197], [0.7324053049087524, 0.6431156992912292, 0.22357168793678284, -0.21274539828300476], [0.6540653109550476, -0.7557864189147949, 0.03138778358697891, 0.30543234944343567], [0.0, 0.0, 0.0, 1.0]]}, "finger2joint2": {"matrix": [[0.2887423038482666, 0.5183935761451721, -0.8049197196960449, -2.680582284927368], [0.7637545466423035, 0.38225066661834717, 0.5201568603515625, 0.34364545345306396], [0.5773273706436157, -0.7649523615837097, -0.28555333614349365, -0.3484354615211487], [0.0, 0.0, 0.0, 1.0]]}, "finger2joint3": {"matrix": [[0.41705435514450073, 0.6425303816795349, -0.6428219676017761, -2.4837918281555176], [0.7530043125152588, 0.15179668366909027, 0.6402670741081238, 0.48875412344932556], [0.5089695453643799, -0.7510740160942078, -0.42052051424980164, -0.6388239860534668], [0.0, 0.0, 0.0, 1.0]]}, "Bone.002": {"matrix": [[0.1724260449409485, -0.8193858861923218, -0.5466954112052917, -2.517976760864258], [0.8862243294715881, 0.37131166458129883, -0.2770088016986847, -0.7849617600440979], [0.42997175455093384, -0.43673110008239746, 0.7901835441589355, 0.3489401638507843], [0.0, 0.0, 0.0, 1.0]]}, "finger3joint1": {"matrix": [[0.15232911705970764, -0.2365167886018753, -0.9596121311187744, -2.863356590270996], [0.9584299325942993, 0.272369921207428, 0.08500999212265015, -0.6284501552581787], [0.2412635236978531, -0.9326703548431396, 0.26817476749420166, 0.16485357284545898], [0.0, 0.0, 0.0, 1.0]]}, "finger3joint2": {"matrix": [[0.15012414753437042, 0.8508275151252747, -0.5035426020622253, -3.07082462310791], [0.9854117035865784, -0.08747141063213348, 0.14598757028579712, -0.3895322382450104], [0.08016499131917953, -0.5181130766868591, -0.8515469431877136, -0.6532676219940186], [0.0, 0.0, 0.0, 1.0]]}, "finger3joint3": {"matrix": [[0.27468955516815186, 0.9606184363365173, 0.04192560911178589, -2.520270586013794], [0.941257655620575, -0.27754852175712585, 0.19235572218894958, -0.44613325595855713], [0.1964171677827835, -0.013375491835176945, -0.9804290533065796, -0.9885283708572388], [0.0, 0.0, 0.0, 1.0]]}, "Bone.003": {"matrix": [[-0.6006352305412292, -0.7643623948097229, 0.2344936728477478, -2.517976999282837], [0.6334988474845886, -0.6339109539985657, -0.4436619281768799, -0.7849617004394531], [0.487766832113266, -0.11792759597301483, 0.8649719953536987, 0.3489401340484619], [0.0, 0.0, 0.0, 1.0]]}, "finger4joint1": {"matrix": [[-0.002756579779088497, -0.07934333384037018, -0.9968433380126953, -2.845597505569458], [0.9988921284675598, -0.04704415053129196, 0.0009821192361414433, -1.0566682815551758], [-0.04697328060865402, -0.9957365393638611, 0.07938523590564728, 0.2983941435813904], [0.0, 0.0, 0.0, 1.0]]}, "finger4joint2": {"matrix": [[-0.023823333904147148, 0.7522099018096924, -0.6584924459457397, -2.9244136810302734], [0.9973838329315186, -0.02708081342279911, -0.06701909750699997, -1.1034001111984253], [-0.06824465095996857, -0.6583665609359741, -0.7495970726013184, -0.6907297968864441], [0.0, 0.0, 0.0, 1.0]]}, "finger4joint3": {"matrix": [[-0.07663365453481674, 0.9945945739746094, -0.07006103545427322, -2.6106953620910645], [0.9970563650131226, 0.07628143578767776, -0.007694439962506294, -1.1146944761276245], [-0.0023081828840076923, -0.0704445168375969, -0.9975128173828125, -0.9653100371360779], [0.0, 0.0, 0.0, 1.0]]}}