{"root": {"matrix": [[0.28088924288749695, -0.4784921705722809, 0.8319534063339233, -2.9802322387695312e-08], [0.9309082627296448, -0.07504499703645706, -0.3574605882167816, 0.0], [0.23347611725330353, 0.8748791217803955, 0.4243529736995697, 0.0], [0.0, 0.0, 0.0, 1.0]]}, "carpals": {"matrix": [[-0.9346981048583984, -0.355397492647171, 0.005635388661175966, 0.07333427667617798], [0.24691042304039001, -0.660617470741272, -0.7089566588401794, 2.0719573497772217], [0.25568434596061707, -0.6612690687179565, 0.7052294015884399, 1.3366376161575317], [0.0, 0.0, 0.0, 1.0]]}, "metacarpals": {"matrix": [[-0.6412002444267273, -0.45743227005004883, 0.6161312460899353, -0.27282077074050903], [-0.22938475012779236, -0.6519440412521362, -0.7227388024330139, 1.4285199642181396], [0.7322872877120972, -0.604751467704773, 0.313098669052124, 0.6925655603408813], [0.0, 0.0, 0.0, 1.0]]}, "finger5joint1": {"matrix": [[-0.7648718357086182, -0.45634725689888, 0.4546624720096588, -0.6748110055923462], [-0.5163894295692444, 0.012404825538396835, -0.8562638163566589, 1.3940359354019165], [0.38511380553245544, -0.8897151350975037, -0.24514107406139374, 0.09016245603561401], [0.0, 0.0, 0.0, 1.0]]}, "finger5joint2": {"matrix": [[0.34357571601867676, -0.929625928401947, 0.1332317292690277, -1.156838059425354], [-0.8996140956878662, -0.2850745618343353, 0.3307967782020569, 1.4071388244628906], [-0.26953640580177307, -0.23351068794727325, -0.9342496395111084, -0.8496190309524536], [0.0, 0.0, 0.0, 1.0]]}, "finger5joint3": {"matrix": [[0.24743135273456573, -0.9631800055503845, -0.10517322272062302, -1.7958024740219116], [-0.9391399025917053, -0.26511162519454956, 0.21847540140151978, 1.2111971378326416], [-0.23831385374069214, 0.044714976102113724, -0.9701579809188843, -1.010119080543518], [0.0, 0.0, 0.0, 1.0]]}, "Bone": {"matrix": [[0.2991343140602112, -0.7983136773109436, 0.5226985216140747, -0.9869993925094604], [0.6674474477767944, -0.2164224237203598, -0.7125131487846375, 0.41065436601638794], [0.6819326877593994, 0.5620110630989075, 0.46809306740760803, -0.2516193985939026], [0.0, 0.0, 0.0, 1.0]]}, "finger1joint1": {"matrix": [[-0.49359941482543945, -0.8594397902488708, -0.13312657177448273, -1.6513463258743286], [-0.13369669020175934, 0.22624070942401886, -0.9648523330688477, 0.23055030405521393], [0.8593512773513794, -0.4584519565105438, -0.22657647728919983, 0.2160792350769043], [0.0, 0.0, 0.0, 1.0]]}, "finger1joint2": {"matrix": [[-0.4123421907424927, -0.23409786820411682, -0.880438506603241, -2.137082815170288], [0.16191014647483826, 0.9322066307067871, -0.3236907124519348, 0.35841670632362366], [0.896526038646698, -0.2760232985019684, -0.3464852273464203, -0.043027862906455994], [0.0, 0.0, 0.0, 1.0]]}, "finger1joint3": {"matrix": [[-0.4905194938182831, 0.19603057205677032, -0.8490951061248779, -2.2374370098114014], [0.09398713707923889, 0.9805867671966553, 0.17209219932556152, 0.7580384016036987], [0.8663469552993774, 0.004610506352037191, -0.49942123889923096, -0.16135451197624207], [0.0, 0.0, 0.0, 1.0]]}, "Bone.001": {"matrix": [[0.07083998620510101, -0.625124990940094, 0.777303159236908, -0.9869995713233948], [0.46590742468833923, -0.6682974696159363, -0.5799210667610168, 0.4106543958187103], [0.8819929361343384, 0.40323299169540405, 0.24390819668769836, -0.251619428396225], [0.0, 0.0, 0.0, 1.0]]}, "finger2joint1": {"matrix": [[-0.5926098823547363, -0.4748542010784149, 0.6506356000900269, -1.383255958557129], [-0.13035064935684204, -0.7405689358711243, -0.6592162251472473, -0.012968480587005615], [0.7948722243309021, -0.47546884417533875, 0.37697097659111023, 0.0039833784103393555], [0.0, 0.0, 0.0, 1.0]]}, "finger2joint2": {"matrix": [[-0.6907042860984802, -0.4946461319923401, 0.5274965167045593, -1.7940754890441895], [-0.13530737161636353, -0.6281692385673523, -0.766221284866333, -0.6536709666252136], [0.7103656530380249, -0.6006064414978027, 0.3669499456882477, -0.407368004322052], [0.0, 0.0, 0.0, 1.0]]}, "finger2joint3": {"matrix": [[-0.7872326374053955, -0.5075526833534241, 0.3502209484577179, -1.9818514585494995], [-0.1374548226594925, -0.40921613574028015, -0.9020243883132935, -0.8921343088150024], [0.601141095161438, -0.758242666721344, 0.2523827850818634, -0.6353679895401001], [0.0, 0.0, 0.0, 1.0]]}, "Bone.002": {"matrix": [[-0.3973393142223358, -0.40480199456214905, 0.8235633969306946, -0.9869996309280396], [-0.12296421825885773, -0.8658693432807922, -0.48492249846458435, 0.41065436601638794], [0.9093960523605347, -0.29394757747650146, 0.29426777362823486, -0.2516193985939026], [0.0, 0.0, 0.0, 1.0]]}, "finger3joint1": {"matrix": [[-0.20772062242031097, -0.25811225175857544, 0.9435200691223145, -1.1576274633407593], [0.4907017946243286, -0.8619105219841003, -0.12775668501853943, 0.045681774616241455], [0.8462055921554565, 0.43644946813583374, 0.3056926429271698, -0.3755212426185608], [0.0, 0.0, 0.0, 1.0]]}, "finger3joint2": {"matrix": [[-0.28236427903175354, -0.8370048999786377, 0.46871429681777954, -1.3840389251708984], [0.3528231084346771, -0.5449608564376831, -0.760613739490509, -0.7103701829910278], [0.8920685052871704, -0.04939674586057663, 0.44919225573539734, 0.007324153557419777], [0.0, 0.0, 0.0, 1.0]]}, "finger3joint3": {"matrix": [[-0.39833855628967285, -0.9077027440071106, -0.13191668689250946, -1.9256484508514404], [0.44822797179222107, -0.06715486198663712, -0.8913931250572205, -1.063003659248352], [0.8002612590789795, -0.4142049252986908, 0.4336082935333252, -0.024639517068862915], [0.0, 0.0, 0.0, 1.0]]}, "Bone.003": {"matrix": [[-0.03014044463634491, 0.5286568403244019, 0.8483003377914429, -0.9869995713233948], [-0.788489043712616, -0.5341682434082031, 0.30487558245658875, 0.41065436601638794], [0.6143096685409546, -0.6596865057945251, 0.43294018507003784, -0.251619428396225], [0.0, 0.0, 0.0, 1.0]]}, "finger4joint1": {"matrix": [[-0.35879406332969666, -0.6960124373435974, 0.6219591498374939, -0.7604069113731384], [0.09371011704206467, -0.6898180246353149, -0.717892050743103, 0.18169951438903809], [0.9287007451057434, -0.19929151237010956, 0.31272611021995544, -0.5343738794326782], [0.0, 0.0, 0.0, 1.0]]}, "finger4joint2": {"matrix": [[-0.36257749795913696, -0.9206218719482422, 0.14488808810710907, -1.4517972469329834], [0.06399260461330414, -0.17969349026679993, -0.9816387891769409, -0.5035374760627747], [0.9297537803649902, -0.3466484248638153, 0.12406589835882187, -0.7323418855667114], [0.0, 0.0, 0.0, 1.0]]}, "finger4joint3": {"matrix": [[-0.2868756353855133, -0.9491240978240967, -0.12986698746681213, -1.83575439453125], [0.09306149184703827, 0.10731301456689835, -0.9898601174354553, -0.5784810185432434], [0.9534366726875305, -0.29605239629745483, 0.05754150450229645, -0.8769160509109497], [0.0, 0.0, 0.0, 1.0]]}}