{"root": {"matrix": [[0.4080459177494049, -0.5898018479347229, 0.6968732476234436, -5.960464477539063e-08], [0.9007892608642578, 0.13586750626564026, -0.4124544858932495, 0.0], [0.14858406782150269, 0.7960363030433655, 0.5867273807525635, 0.0], [0.0, 0.0, 0.0, 1.0]]}, "carpals": {"matrix": [[-0.8669795393943787, -0.45934218168258667, -0.1932639479637146, 0.26713064312934875], [0.47561368346214294, -0.6468915939331055, -0.5960894823074341, 2.2164714336395264], [0.14878825843334198, -0.6087164282798767, 0.7793113589286804, 1.0492286682128906], [0.0, 0.0, 0.0, 1.0]]}, "metacarpals": {"matrix": [[-0.5894784331321716, -0.5727473497390747, 0.5696274042129517, -0.18026602268218994], [0.07326929271221161, -0.7401767373085022, -0.6684084534645081, 1.5864031314849854], [0.8044542670249939, -0.35227614641189575, 0.47828301787376404, 0.45634254813194275], [0.0, 0.0, 0.0, 1.0]]}, "finger5joint1": {"matrix": [[-0.4110318720340729, -0.7029008865356445, 0.5805022120475769, -0.6380082964897156], [0.20367592573165894, -0.6914912462234497, -0.6930769681930542, 1.426112174987793], [0.8885768055915833, -0.16664238274097443, 0.4273889660835266, -0.0825948417186737], [0.0, 0.0, 0.0, 1.0]]}, "finger5joint2": {"matrix": [[0.6435758471488953, -0.7237374186515808, 0.24902527034282684, -1.3804630041122437], [-0.6496362090110779, -0.6885650753974915, -0.32225826382637024, 0.6957090497016907], [0.4047006070613861, 0.04562179744243622, -0.9133102893829346, -0.25861456990242004], [0.0, 0.0, 0.0, 1.0]]}, "finger5joint3": {"matrix": [[0.5585102438926697, -0.8196111917495728, 0.12768356502056122, -1.877913236618042], [-0.6923491358757019, -0.5453891754150391, -0.47244343161582947, 0.2224341481924057], [0.456857293844223, 0.17546296119689941, -0.8720629215240479, -0.2272571176290512], [0.0, 0.0, 0.0, 1.0]]}, "Bone": {"matrix": [[0.42456933856010437, -0.7597553133964539, 0.49245554208755493, -1.0744835138320923], [0.7964553833007812, 0.05473705753684044, -0.6022146344184875, 0.43078166246414185], [0.430580198764801, 0.6479008793830872, 0.6283509731292725, -0.09365829825401306], [0.0, 0.0, 0.0, 1.0]]}, "finger1joint1": {"matrix": [[-0.4706858992576599, -0.8820936679840088, -0.019113915041089058, -1.706742763519287], [0.17207111418247223, -0.07052624225616455, -0.9825565218925476, 0.4763332009315491], [0.8653590083122253, -0.46576443314552307, 0.1849786341190338, 0.44551682472229004], [0.0, 0.0, 0.0, 1.0]]}, "finger1joint2": {"matrix": [[-0.4247801899909973, -0.16181537508964539, -0.8907173275947571, -2.205282688140869], [0.4644232988357544, 0.8056101202964783, -0.36783576011657715, 0.4364732503890991], [0.7770925164222717, -0.5699192881584167, -0.26705634593963623, 0.18227681517601013], [0.0, 0.0, 0.0, 1.0]]}, "finger1joint3": {"matrix": [[-0.5065779685974121, 0.29989102482795715, -0.8083588480949402, -2.2746503353118896], [0.39491403102874756, 0.9141350388526917, 0.09165038168430328, 0.781825065612793], [0.7664344310760498, -0.27280423045158386, -0.5815117955207825, -0.06203822046518326], [0.0, 0.0, 0.0, 1.0]]}, "Bone.001": {"matrix": [[0.19742684066295624, -0.6467096209526062, 0.7367421388626099, -1.0744835138320923], [0.6910923719406128, -0.441201388835907, -0.5724791288375854, 0.43078166246414185], [0.6952794790267944, 0.6221797466278076, 0.3598311245441437, -0.09365832805633545], [0.0, 0.0, 0.0, 1.0]]}, "finger2joint1": {"matrix": [[-0.5259061455726624, -0.2533925175666809, 0.8119203448295593, -1.4844220876693726], [0.17966891825199127, -0.9661464691162109, -0.18514804542064667, 0.15111136436462402], [0.8313491940498352, 0.048506420105695724, 0.5536291599273682, 0.30073124170303345], [0.0, 0.0, 0.0, 1.0]]}, "finger2joint2": {"matrix": [[-0.6194380521774292, -0.7480742931365967, 0.23807787895202637, -1.7036445140838623], [0.10790061205625534, -0.38151708245277405, -0.9180424213409424, -0.6847492456436157], [0.7775949239730835, -0.5429816246032715, 0.3170439600944519, 0.34269654750823975], [0.0, 0.0, 0.0, 1.0]]}, "finger2joint3": {"matrix": [[-0.71993088722229, -0.46705490350723267, -0.5133798718452454, -1.9876257181167603], [0.14502477645874023, 0.6221297383308411, -0.7693647146224976, -0.8295794725418091], [0.6787245869636536, -0.62834233045578, -0.38015586137771606, 0.13657177984714508], [0.0, 0.0, 0.0, 1.0]]}, "Bone.002": {"matrix": [[-0.32103362679481506, -0.5124081373214722, 0.7964766621589661, -1.0744835138320923], [0.19664153456687927, -0.8587288856506348, -0.4731982350349426, 0.43078166246414185], [0.9264283180236816, 0.004707905929535627, 0.3764415979385376, -0.09365830570459366], [0.0, 0.0, 0.0, 1.0]]}, "finger3joint1": {"matrix": [[-0.4033738076686859, -0.14029204845428467, 0.9042165279388428, -1.290468692779541], [0.3797285258769989, -0.9247345924377441, 0.025922322645783424, 0.06881874799728394], [0.8325238227844238, 0.3538132607936859, 0.42628657817840576, -0.09167388081550598], [0.0, 0.0, 0.0, 1.0]]}, "finger3joint2": {"matrix": [[-0.45525217056274414, -0.8281870484352112, 0.3268813490867615, -1.4135303497314453], [0.22743497788906097, -0.4631221294403076, -0.8566160202026367, -0.7423413395881653], [0.8608245253562927, -0.31563204526901245, 0.39919614791870117, 0.218684583902359], [0.0, 0.0, 0.0, 1.0]]}, "finger3joint3": {"matrix": [[-0.5442596673965454, -0.834749698638916, -0.0835116058588028, -1.9494340419769287], [0.3449866473674774, -0.13196292519569397, -0.9292845129966736, -1.0420185327529907], [0.7646997570991516, -0.5345825552940369, 0.35979965329170227, 0.014445319771766663], [0.0, 0.0, 0.0, 1.0]]}, "Bone.003": {"matrix": [[-0.049128685146570206, 0.4107038080692291, 0.9104442000389099, -1.0744836330413818], [-0.5651417970657349, -0.7630226016044617, 0.31370553374290466, 0.43078169226646423], [0.8235296010971069, -0.4991181492805481, 0.26959216594696045, -0.09365829825401306], [0.0, 0.0, 0.0, 1.0]]}, "finger4joint1": {"matrix": [[-0.530532956123352, -0.6401071548461914, 0.5556952357292175, -0.8984479308128357], [0.14794741570949554, -0.7154218554496765, -0.6828489303588867, 0.10373538732528687], [0.8346532583236694, -0.2800602912902832, 0.4742572009563446, -0.3075900375843048], [0.0, 0.0, 0.0, 1.0]]}, "finger4joint2": {"matrix": [[-0.5342373251914978, -0.8444727063179016, 0.03815636783838272, -1.534304141998291], [0.11829529702663422, -0.11937759816646576, -0.9857762455940247, -0.6069353818893433], [0.8370163440704346, -0.5221248269081116, 0.16367319226264954, -0.5857905149459839], [0.0, 0.0, 0.0, 1.0]]}, "finger4joint3": {"matrix": [[-0.4626915156841278, -0.8198704123497009, -0.3372366726398468, -1.8865023851394653], [0.14221712946891785, 0.30683326721191406, -0.941077709197998, -0.6567233800888062], [0.8750373721122742, -0.48338964581489563, -0.025369523093104362, -0.8035494089126587], [0.0, 0.0, 0.0, 1.0]]}}