{"root": {"matrix": [[0.31428074836730957, -0.9071832895278931, 0.279725044965744, -5.960464477539063e-08], [0.3323138952255249, -0.17088250815868378, -0.927559494972229, 0.0], [0.8892666101455688, 0.3844705820083618, 0.2477644681930542, 2.9802322387695312e-08], [0.0, 0.0, 0.0, 1.0]]}, "carpals": {"matrix": [[-0.4682438373565674, -0.37732449173927307, -0.7989829182624817, -0.2086765468120575], [0.8831933736801147, -0.22726471722126007, -0.41026827692985535, 0.6885387301445007], [-0.026776202023029327, -0.8977620005607605, 0.439665824174881, 2.3595242500305176], [0.0, 0.0, 0.0, 1.0]]}, "metacarpals": {"matrix": [[-0.6577880382537842, -0.5788479447364807, -0.4819229543209076, -0.5761882662773132], [0.7477861046791077, -0.42528605461120605, -0.5098506212234497, 0.46718424558639526], [0.09017103910446167, -0.6957488656044006, 0.7126024961471558, 1.4851092100143433], [0.0, 0.0, 0.0, 1.0]]}, "finger5joint1": {"matrix": [[-0.6924343705177307, -0.5689045786857605, -0.44371387362480164, -0.5928525328636169], [0.717373788356781, -0.4773652255535126, -0.5074418187141418, 0.3030117154121399], [0.0768725797533989, -0.669678807258606, 0.7386612296104431, 0.7791032791137695], [0.0, 0.0, 0.0, 1.0]]}, "finger5joint2": {"matrix": [[-0.254999041557312, -0.963202714920044, 0.08494288474321365, -1.1937706470489502], [-0.48202231526374817, 0.05047271400690079, -0.8747038245201111, -0.20121589303016663], [0.8382298946380615, -0.2639927566051483, -0.4771558940410614, 0.07174015790224075], [0.0, 0.0, 0.0, 1.0]]}, "finger5joint3": {"matrix": [[-0.34809356927871704, -0.8770083785057068, -0.3311896026134491, -1.8558135032653809], [-0.42631497979164124, 0.4627305865287781, -0.7772616147994995, -0.1665242314338684], [0.8349165916442871, -0.12936842441558838, -0.5349554419517517, -0.10971133410930634], [0.0, 0.0, 0.0, 1.0]]}, "Bone": {"matrix": [[0.5089548826217651, -0.65953528881073, -0.5531526803970337, -1.4799306392669678], [0.5772643089294434, 0.7382017374038696, -0.3490329682826996, -0.19680535793304443], [0.6385378241539001, -0.14167311787605286, 0.7564375400543213, 0.3988521695137024], [0.0, 0.0, 0.0, 1.0]]}, "finger1joint1": {"matrix": [[-0.5776104927062988, -0.37164244055747986, -0.7268065810203552, -2.0287880897521973], [0.7874735593795776, -0.019110457971692085, -0.6160520315170288, 0.4175170063972473], [0.21506159007549286, -0.9281789660453796, 0.30369701981544495, 0.2809534966945648], [0.0, 0.0, 0.0, 1.0]]}, "finger1joint2": {"matrix": [[-0.3213530480861664, -0.10206133872270584, -0.9414433240890503, -2.2388322353363037], [0.9378675222396851, 0.10313234478235245, -0.33131295442581177, 0.4067161977291107], [0.1309075951576233, -0.9894174337387085, 0.06257820874452591, -0.24363312125205994], [0.0, 0.0, 0.0, 1.0]]}, "finger1joint3": {"matrix": [[-0.4110819101333618, 0.2844931185245514, -0.8660687804222107, -2.2825841903686523], [0.8950743675231934, 0.3060368299484253, -0.3243199586868286, 0.4509273171424866], [0.17278225719928741, -0.9085178971290588, -0.3804485499858856, -0.6677801012992859], [0.0, 0.0, 0.0, 1.0]]}, "Bone.001": {"matrix": [[0.18682004511356354, -0.9432968497276306, -0.2743884325027466, -1.4799306392669678], [0.7475250363349915, 0.31772381067276, -0.5833161473274231, -0.19680535793304443], [0.637420117855072, -0.09613694250583649, 0.7644951343536377, 0.3988521695137024], [0.0, 0.0, 0.0, 1.0]]}, "finger2joint1": {"matrix": [[-0.02487042360007763, -0.8144392371177673, -0.5797153115272522, -2.077871084213257], [0.5912858843803406, 0.4556010663509369, -0.6654385924339294, 0.004594534635543823], [0.806078314781189, -0.3593270778656006, 0.4702354371547699, 0.33791252970695496], [0.0, 0.0, 0.0, 1.0]]}, "finger2joint2": {"matrix": [[-0.04473964869976044, 0.3772793412208557, -0.9250180125236511, -2.782482385635376], [0.6890182495117188, 0.6821182370185852, 0.24488456547260284, 0.39875730872154236], [0.7233617305755615, -0.6263982057571411, -0.2904698848724365, 0.027041077613830566], [0.0, 0.0, 0.0, 1.0]]}, "finger2joint3": {"matrix": [[0.08166176825761795, 0.9724254608154297, 0.21844834089279175, -2.639260768890381], [0.7380526065826416, -0.20629751682281494, 0.6424325108528137, 0.6577005982398987], [0.6697831749916077, 0.10876401513814926, -0.7345477342605591, -0.21074995398521423], [0.0, 0.0, 0.0, 1.0]]}, "Bone.002": {"matrix": [[-0.5195244550704956, -0.8336700201034546, -0.18731896579265594, -1.4799306392669678], [0.7664240002632141, -0.357747346162796, -0.5334895849227905, -0.19680534303188324], [0.37774157524108887, -0.4207265079021454, 0.8248031139373779, 0.3988521695137024], [0.0, 0.0, 0.0, 1.0]]}, "finger3joint1": {"matrix": [[-0.5975685119628906, -0.7574551701545715, 0.2630082070827484, -1.8313312530517578], [0.7852622270584106, -0.6191626191139221, 0.0009881615405902267, -0.34759950637817383], [0.16209658980369568, 0.20712092518806458, 0.9647928476333618, 0.22151172161102295], [0.0, 0.0, 0.0, 1.0]]}, "finger3joint2": {"matrix": [[-0.7195687294006348, 0.040518466383218765, -0.6932379007339478, -2.4957566261291504], [0.6768427491188049, 0.2641195058822632, -0.6871134638786316, -0.8907175064086914], [0.15525710582733154, -0.9636383652687073, -0.21747666597366333, 0.403194397687912], [0.0, 0.0, 0.0, 1.0]]}, "finger3joint3": {"matrix": [[-0.5898343324661255, 0.8046025633811951, 0.06862887740135193, -2.4695379734039307], [0.7950101494789124, 0.5636888146400452, 0.22408448159694672, -0.719810962677002], [0.14161381125450134, 0.1867331713438034, -0.9721502065658569, -0.2203570306301117], [0.0, 0.0, 0.0, 1.0]]}, "Bone.003": {"matrix": [[-0.8764625191688538, -0.07587938010692596, 0.47545304894447327, -1.4799306392669678], [0.04046231508255005, -0.9956181645393372, -0.0843052864074707, -0.19680529832839966], [0.4797667860984802, -0.05465257540345192, 0.8756921291351318, 0.39885213971138], [0.0, 0.0, 0.0, 1.0]]}, "finger4joint1": {"matrix": [[-0.4782698154449463, -0.7366946935653687, -0.478056937456131, -1.5124541521072388], [0.8347774147987366, -0.21228188276290894, -0.5080186128616333, -0.6235466599464417], [0.27277204394340515, -0.6420410871505737, 0.7165041565895081, 0.3754270672798157], [0.0, 0.0, 0.0, 1.0]]}, "finger4joint2": {"matrix": [[-0.5041736364364624, -0.11525282263755798, -0.8558768630027771, -2.2442564964294434], [0.8197262287139893, 0.2480091154575348, -0.5162752866744995, -0.8344187140464783], [0.27176764607429504, -0.961877167224884, -0.03056376986205578, -0.2623503506183624], [0.0, 0.0, 0.0, 1.0]]}, "finger4joint3": {"matrix": [[-0.4802737236022949, 0.21610690653324127, -0.8500790596008301, -2.2923240661621094], [0.8037375807762146, 0.4964921474456787, -0.3278738260269165, -0.730983316898346], [0.35120198130607605, -0.8407097458839417, -0.4121452867984772, -0.6635134816169739], [0.0, 0.0, 0.0, 1.0]]}}