{"root": {"matrix": [[0.27428877353668213, -0.4812784790992737, 0.8325483202934265, 0.0], [0.959736168384552, 0.08244545012712479, -0.2685317099094391, 7.450580596923828e-09], [0.06059877946972847, 0.8726819753646851, 0.48451417684555054, 0.0], [0.0, 0.0, 0.0, 1.0]]}, "carpals": {"matrix": [[-0.8969058394432068, -0.42352017760276794, 0.1272411048412323, 0.05561333894729614], [0.22916381061077118, -0.6912140846252441, -0.685351550579071, 2.2813072204589844], [0.3782111406326294, -0.5855368971824646, 0.7170095443725586, 0.936765730381012], [0.0, 0.0, 0.0, 1.0]]}, "metacarpals": {"matrix": [[-0.37888965010643005, -0.43336254358291626, 0.8177036643028259, -0.3568927049636841], [-0.37674200534820557, -0.7348226308822632, -0.5640043020248413, 1.6080689430236816], [0.8452856540679932, -0.5217587947845459, 0.11515079438686371, 0.36645638942718506], [0.0, 0.0, 0.0, 1.0]]}, "finger5joint1": {"matrix": [[-0.6537776589393616, -0.4578816592693329, 0.6024275422096252, -0.8740941286087036], [-0.729074239730835, 0.16806700825691223, -0.663478672504425, 1.4868464469909668], [0.2025466114282608, -0.8729820251464844, -0.44370827078819275, -0.12698334455490112], [0.0, 0.0, 0.0, 1.0]]}, "finger5joint2": {"matrix": [[0.5132395029067993, -0.8566517233848572, -0.05227251350879669, -1.3577418327331543], [-0.7233690023422241, -0.4645557999610901, 0.5108078718185425, 1.6643710136413574], [-0.46186816692352295, -0.2243543267250061, -0.8581039309501648, -1.049090027809143], [0.0, 0.0, 0.0, 1.0]]}, "finger5joint3": {"matrix": [[0.43312105536460876, -0.5725291967391968, -0.6961435675621033, -1.9465484619140625], [-0.7905988693237305, -0.6122236251831055, 0.01162266731262207, 1.3450655937194824], [-0.43285003304481506, 0.5453366041183472, -0.717807948589325, -1.2032966613769531], [0.0, 0.0, 0.0, 1.0]]}, "Bone": {"matrix": [[0.2989107370376587, -0.5712078809738159, 0.7644433975219727, -1.0334919691085815], [0.7128450870513916, -0.39891836047172546, -0.576815128326416, 0.4608067572116852], [0.6344318985939026, 0.7173461318016052, 0.2879417836666107, -0.4481539726257324], [0.0, 0.0, 0.0, 1.0]]}, "finger1joint1": {"matrix": [[-0.3004172444343567, -0.7529906630516052, 0.5854523181915283, -1.5088441371917725], [-0.29292821884155273, -0.5113041400909424, -0.8079361319541931, 0.12883181869983673], [0.9077126979827881, -0.4142134189605713, -0.06696761399507523, 0.14881259202957153], [0.0, 0.0, 0.0, 1.0]]}, "finger1joint2": {"matrix": [[-0.44927746057510376, -0.4737265110015869, -0.757451593875885, -1.9344182014465332], [-0.02275177463889122, 0.8536296486854553, -0.5203830599784851, -0.16014620661735535], [0.8931025266647339, -0.21656301617622375, -0.3942946195602417, -0.08529184758663177], [0.0, 0.0, 0.0, 1.0]]}, "finger1joint3": {"matrix": [[-0.5059933662414551, -0.12110267579555511, -0.8539934158325195, -2.1374969482421875], [-0.10663729161024094, 0.9912816286087036, -0.07738809287548065, 0.20579081773757935], [0.855920135974884, 0.0519096665084362, -0.5144959092140198, -0.17812883853912354], [0.0, 0.0, 0.0, 1.0]]}, "Bone.001": {"matrix": [[0.17596812546253204, -0.345643550157547, 0.9217187762260437, -1.033492088317871], [0.46255356073379517, -0.7974907755851746, -0.3873658776283264, 0.4608067572116852], [0.8689528107643127, 0.49450844526290894, 0.01954568736255169, -0.4481540024280548], [0.0, 0.0, 0.0, 1.0]]}, "finger2joint1": {"matrix": [[-0.3398522436618805, -0.4864836633205414, 0.8048812747001648, -1.2525899410247803], [-0.2696916460990906, -0.7694668769836426, -0.578953206539154, -0.04470956325531006], [0.9009808897972107, -0.4138283133506775, 0.1303044557571411, -0.13469314575195312], [0.0, 0.0, 0.0, 1.0]]}, "finger2joint2": {"matrix": [[-0.45537421107292175, -0.5532059073448181, 0.6975652575492859, -1.6734706163406372], [-0.2835093140602112, -0.6526234149932861, -0.7026413083076477, -0.7104130983352661], [0.8439529538154602, -0.5177309513092041, 0.14034883677959442, -0.4927162528038025], [0.0, 0.0, 0.0, 1.0]]}, "finger2joint3": {"matrix": [[-0.5763160586357117, -0.7159955501556396, 0.3939668536186218, -1.883476734161377], [-0.29256781935691833, -0.2693617343902588, -0.9175227284431458, -0.9581596851348877], [0.7630619406700134, -0.6440451145172119, -0.054239753633737564, -0.6892554759979248], [0.0, 0.0, 0.0, 1.0]]}, "Bone.002": {"matrix": [[-0.12940038740634918, -0.26144033670425415, 0.9565063118934631, -1.033492088317871], [-0.21847908198833466, -0.9333937168121338, -0.2846800684928894, 0.4608067572116852], [0.9672240614891052, -0.24581432342529297, 0.06366223841905594, -0.4481539726257324], [0.0, 0.0, 0.0, 1.0]]}, "finger3joint1": {"matrix": [[0.07343781739473343, -0.16263049840927124, 0.9839501976966858, -1.1436917781829834], [0.5481875538825989, -0.8176157474517822, -0.1760527789592743, 0.0673719048500061], [0.8331249356269836, 0.5523184537887573, 0.02910802699625492, -0.5517671704292297], [0.0, 0.0, 0.0, 1.0]]}, "finger3joint2": {"matrix": [[0.008572123013436794, -0.999049723148346, 0.042731449007987976, -1.2863481044769287], [0.41841939091682434, -0.035228241235017776, -0.9075703620910645, -0.6498254537582397], [0.9082133769989014, 0.02565954066812992, 0.4177200198173523, -0.06728364527225494], [0.0, 0.0, 0.0, 1.0]]}, "finger3joint3": {"matrix": [[-0.04831354692578316, -0.8444654941558838, -0.5334265232086182, -1.9328135251998901], [0.5628109574317932, 0.41818296909332275, -0.7129982709884644, -0.6726210117340088], [0.8251723647117615, -0.33466577529907227, 0.4550706446170807, -0.05067986249923706], [0.0, 0.0, 0.0, 1.0]]}, "Bone.003": {"matrix": [[0.29403361678123474, 0.459170401096344, 0.8382760882377625, -1.0334919691085815], [-0.779193103313446, -0.39277365803718567, 0.4884534180164337, 0.4608067572116852], [0.5535361170768738, -0.7968007326126099, 0.24229374527931213, -0.4481540024280548], [0.0, 0.0, 0.0, 1.0]]}, "finger4joint1": {"matrix": [[-0.14884556829929352, -0.5801846385002136, 0.8007686734199524, -0.8366826176643372], [-0.03278283774852753, -0.8064488172531128, -0.5903939604759216, 0.29245638847351074], [0.9883167743682861, -0.11412899196147919, 0.10101625323295593, -0.7896782755851746], [0.0, 0.0, 0.0, 1.0]]}, "finger4joint2": {"matrix": [[-0.14661537110805511, -0.9733402729034424, 0.17638668417930603, -1.41301429271698], [-0.06265504658222198, -0.16881754994392395, -0.9836536049842834, -0.5086368918418884], [0.9872071146965027, -0.1552702784538269, -0.03623342141509056, -0.9030493497848511], [0.0, 0.0, 0.0, 1.0]]}, "finger4joint3": {"matrix": [[-0.06776264309883118, -0.9920315146446228, -0.10621358454227448, -1.8189582824707031], [-0.03400883823633194, 0.10869340598583221, -0.9934931397438049, -0.5790444016456604], [0.9971214532852173, -0.06370951980352402, -0.04110317304730415, -0.9678067564964294], [0.0, 0.0, 0.0, 1.0]]}}