{"root": {"matrix": [[0.5166099667549133, -0.8550639748573303, -0.04449398070573807, -5.960464477539063e-08], [-0.6995325088500977, -0.39153483510017395, -0.5977915525436401, 2.9802322387695312e-08], [0.4937290549278259, 0.3399500250816345, -0.8004158735275269, 2.9802322387695312e-08], [0.0, 0.0, 0.0, 1.0]]}, "carpals": {"matrix": [[-0.04215420037508011, -0.5427166223526001, -0.8388572335243225, 0.3363516926765442], [0.8833232522010803, 0.3720855116844177, -0.285117506980896, -1.8980076313018799], [0.46686482429504395, -0.7530012130737305, 0.46370929479599, 1.5392918586730957], [0.0, 0.0, 0.0, 1.0]]}, "metacarpals": {"matrix": [[0.16569985449314117, -0.8178696632385254, -0.5510286092758179, -0.1922510862350464], [0.8995271921157837, 0.35437145829200745, -0.25548264384269714, -1.535598635673523], [0.4042205214500427, -0.4533318281173706, 0.7944154143333435, 0.8058731555938721], [0.0, 0.0, 0.0, 1.0]]}, "finger5joint1": {"matrix": [[-0.08707792311906815, -0.8143340945243835, -0.5738267302513123, -0.46138352155685425], [0.9572287201881409, 0.0911419466137886, -0.27460139989852905, -1.3861085176467896], [0.2759171724319458, -0.5731953382492065, 0.771567702293396, 0.14944705367088318], [0.0, 0.0, 0.0, 1.0]]}, "finger5joint2": {"matrix": [[-0.5067925453186035, -0.8595004081726074, 0.06648111343383789, -1.3215421438217163], [-0.3206516206264496, 0.11635810136795044, -0.9400227069854736, -1.2898378372192383], [0.8002145886421204, -0.4977138936519623, -0.3345699906349182, -0.45600324869155884], [0.0, 0.0, 0.0, 1.0]]}, "finger5joint3": {"matrix": [[-0.5877063274383545, -0.8002561926841736, -0.11912462115287781, -1.9123069047927856], [-0.25614801049232483, 0.3236983120441437, -0.9108275771141052, -1.209860920906067], [0.7674561738967896, -0.5047857165336609, -0.3952239453792572, -0.7980994582176208], [0.0, 0.0, 0.0, 1.0]]}, "Bone": {"matrix": [[0.8772842288017273, 0.1130313128232956, -0.4664718210697174, -1.469172716140747], [-0.1882828325033188, 0.9750192761421204, -0.11784195899963379, -0.9823263883590698], [0.441499263048172, 0.19120971858501434, 0.8766510486602783, 0.09809635579586029], [0.0, 0.0, 0.0, 1.0]]}, "finger1joint1": {"matrix": [[0.45947128534317017, -0.8568918704986572, -0.23371364176273346, -1.3751095533370972], [0.6656917929649353, 0.5064321160316467, -0.548069953918457, -0.17092737555503845], [0.5879970192909241, 0.09624125808477402, 0.803117036819458, 0.25721868872642517], [0.0, 0.0, 0.0, 1.0]]}, "finger1joint2": {"matrix": [[0.5258558392524719, -0.6911713480949402, -0.4957393705844879, -1.8594062328338623], [0.790684163570404, 0.6120496988296509, -0.01461553294211626, 0.11529707908630371], [0.31351909041404724, -0.38428762555122375, 0.8683483004570007, 0.31161218881607056], [0.0, 0.0, 0.0, 1.0]]}, "finger1joint3": {"matrix": [[0.49794840812683105, -0.0702999085187912, -0.8643524050712585, -2.1556999683380127], [0.7621495127677917, 0.5109934210777283, 0.39750936627388, 0.3776726722717285], [0.41373366117477417, -0.8567050099372864, 0.3080275058746338, 0.14687438309192657], [0.0, 0.0, 0.0, 1.0]]}, "Bone.001": {"matrix": [[0.8022834658622742, -0.3735063076019287, -0.4656543433666229, -1.4691725969314575], [0.14017315208911896, 0.8761295080184937, -0.4612463116645813, -0.9823263883590698], [0.5802521109580994, 0.30477824807167053, 0.7552599310874939, 0.09809629619121552], [0.0, 0.0, 0.0, 1.0]]}, "finger2joint1": {"matrix": [[0.34547704458236694, -0.361398845911026, -0.8660462498664856, -1.7059321403503418], [0.7471504807472229, 0.6643282175064087, 0.020825423300266266, -0.4269621968269348], [0.567812979221344, -0.6542617082595825, 0.4995296597480774, 0.291290283203125], [0.0, 0.0, 0.0, 1.0]]}, "finger2joint2": {"matrix": [[0.3899288475513458, -0.2762121260166168, -0.8784429430961609, -2.0185961723327637], [0.7990305423736572, 0.5756634473800659, 0.17367057502269745, 0.147780641913414], [0.4577178657054901, -0.7696219682693481, 0.4451698362827301, -0.27474358677864075], [0.0, 0.0, 0.0, 1.0]]}, "finger2joint3": {"matrix": [[0.43259596824645996, -0.12169700115919113, -0.8933365345001221, -2.123450756072998], [0.8410489559173584, 0.4114309251308441, 0.3512275516986847, 0.3663119077682495], [0.3248031735420227, -0.9032796025276184, 0.2803366482257843, -0.5669047236442566], [0.0, 0.0, 0.0, 1.0]]}, "Bone.002": {"matrix": [[0.3218463361263275, -0.8749533295631409, -0.3617614507675171, -1.4691725969314575], [0.7186035513877869, 0.4745244085788727, -0.508365273475647, -0.9823263883590698], [0.6164608001708984, -0.09634751081466675, 0.7814686298370361, 0.0980963334441185], [0.0, 0.0, 0.0, 1.0]]}, "finger3joint1": {"matrix": [[0.2456044852733612, -0.9525635838508606, 0.17972420156002045, -1.8379744291305542], [0.8584050536155701, 0.12758347392082214, -0.4968531131744385, -0.7823095917701721], [0.450354665517807, 0.27630558609962463, 0.8490205407142639, 0.05748489499092102], [0.0, 0.0, 0.0, 1.0]]}, "finger3joint2": {"matrix": [[0.08473371714353561, 0.2882290482521057, -0.9538050293922424, -2.6735453605651855], [0.8863996863365173, 0.4154106378555298, 0.20427770912647247, -0.6703957319259644], [0.45509979128837585, -0.8627618551254272, -0.22028684616088867, 0.2998550236225128], [0.0, 0.0, 0.0, 1.0]]}, "finger3joint3": {"matrix": [[0.2581172287464142, 0.8577229380607605, 0.4446195960044861, -2.4870378971099854], [0.8589270710945129, -0.41442134976387024, 0.3008304834365845, -0.4015916585922241], [0.4422892928123474, 0.3042462170124054, -0.8436910510063171, -0.2584211528301239], [0.0, 0.0, 0.0, 1.0]]}, "Bone.003": {"matrix": [[-0.42991530895233154, -0.8076388835906982, 0.40359896421432495, -1.4691725969314575], [0.4501456916332245, -0.579232931137085, -0.6796011924743652, -0.9823263883590698], [0.782650351524353, -0.11049270629882812, 0.6125763654708862, 0.0980963408946991], [0.0, 0.0, 0.0, 1.0]]}, "finger4joint1": {"matrix": [[0.24569424986839294, -0.7869161367416382, -0.5660360455513, -1.8153423070907593], [0.8612326383590698, 0.4452005922794342, -0.2451006919145584, -1.230596899986267], [0.4448736011981964, -0.4272690415382385, 0.7871013283729553, 0.05073705315589905], [0.0, 0.0, 0.0, 1.0]]}, "finger4joint2": {"matrix": [[0.2166150063276291, 0.2403174340724945, -0.9462161660194397, -2.5970325469970703], [0.8663181066513062, 0.3995203375816345, 0.2997930347919464, -0.7883527874946594], [0.4500783681869507, -0.8846641778945923, -0.12164923548698425, -0.3736945688724518], [0.0, 0.0, 0.0, 1.0]]}, "finger4joint3": {"matrix": [[0.20970728993415833, 0.7381236553192139, -0.6412455439567566, -2.49680495262146], [0.8256306648254395, 0.21765072643756866, 0.5205396413803101, -0.6217277646064758], [0.5237904787063599, -0.6385932564735413, -0.5637747645378113, -0.7426551580429077], [0.0, 0.0, 0.0, 1.0]]}}