{"root": {"matrix": [[0.5124944448471069, -0.8561444878578186, 0.06607586145401001, -5.960464477539063e-08], [-0.37815573811531067, -0.2941124141216278, -0.8777790665626526, 0.0], [0.7709394693374634, 0.42486992478370667, -0.4744870066642761, 2.9802322387695312e-08], [0.0, 0.0, 0.0, 1.0]]}, "carpals": {"matrix": [[-0.17673277854919434, -0.5492697954177856, -0.8167423009872437, 0.3135559856891632], [0.936294674873352, 0.16206027567386627, -0.31159016489982605, -1.0443859100341797], [0.30350881814956665, -0.8197797536849976, 0.4856370985507965, 2.2126739025115967], [0.0, 0.0, 0.0, 1.0]]}, "metacarpals": {"matrix": [[-0.1443198174238205, -0.7421177625656128, -0.6545477509498596, -0.22142958641052246], [0.9485021233558655, 0.08475072681903839, -0.30522260069847107, -0.8865401744842529], [0.28198477625846863, -0.6648896336555481, 0.6916691064834595, 1.4142134189605713], [0.0, 0.0, 0.0, 1.0]]}, "finger5joint1": {"matrix": [[-0.34900104999542236, -0.8041474223136902, -0.48119109869003296, -0.3503504991531372], [0.9343344569206238, -0.2590116560459137, -0.24480976164340973, -0.8790463209152222], [0.07222930341959, -0.5350323915481567, 0.8417381048202515, 0.7007723450660706], [0.0, 0.0, 0.0, 1.0]]}, "finger5joint2": {"matrix": [[-0.24769824743270874, -0.9640746712684631, 0.0959416851401329, -1.199749231338501], [-0.27141737937927246, -0.02601146697998047, -0.9621099829673767, -1.1526331901550293], [0.9300417304039001, -0.26435309648513794, -0.2552240192890167, 0.13563242554664612], [0.0, 0.0, 0.0, 1.0]]}, "finger5joint3": {"matrix": [[-0.3415227234363556, -0.9296523332595825, -0.1382320672273636, -1.862391471862793], [-0.2192787379026413, 0.22182932496070862, -0.9501095414161682, -1.1705118417739868], [0.9139357209205627, -0.2941725254058838, -0.27961307764053345, -0.04606674611568451], [0.0, 0.0, 0.0, 1.0]]}, "Bone": {"matrix": [[0.763584315776825, -0.15952737629413605, -0.6256913542747498, -1.3800814151763916], [0.08889574557542801, 0.985745370388031, -0.1428404450416565, -0.7542207837104797], [0.6395593881607056, 0.05344965308904648, 0.7668811678886414, 0.37613600492477417], [0.0, 0.0, 0.0, 1.0]]}, "finger1joint1": {"matrix": [[0.2612594962120056, -0.9462987780570984, -0.19042529165744781, -1.5128380060195923], [0.7526781558990479, 0.32322701811790466, -0.5735849738121033, 0.06610436737537384], [0.6043335795402527, 0.006525716278702021, 0.7967045903205872, 0.42061617970466614], [0.0, 0.0, 0.0, 1.0]]}, "finger1joint2": {"matrix": [[0.3257042467594147, -0.6191985011100769, -0.7144995927810669, -2.047665596008301], [0.8849550485610962, 0.46567636728286743, -0.00015758773952256888, 0.24878527224063873], [0.3328233063220978, -0.63224858045578, 0.6996357440948486, 0.424304336309433], [0.0, 0.0, 0.0, 1.0]]}, "finger1joint3": {"matrix": [[0.2741663455963135, 0.3697845935821533, -0.8877453804016113, -2.313105821609497], [0.862706184387207, 0.3133237361907959, 0.3969462215900421, 0.44841307401657104], [0.4249365031719208, -0.8746927380561829, -0.23311248421669006, 0.15326975286006927], [0.0, 0.0, 0.0, 1.0]]}, "Bone.001": {"matrix": [[0.5851483941078186, -0.623845100402832, -0.518091082572937, -1.380081295967102], [0.3996334373950958, 0.7777607440948486, -0.4851607382297516, -0.754220724105835], [0.7056162357330322, 0.0768446996808052, 0.7044149041175842, 0.37613600492477417], [0.0, 0.0, 0.0, 1.0]]}, "finger2joint1": {"matrix": [[0.05102040618658066, -0.35557201504707336, -0.933255136013031, -1.7755266427993774], [0.819876492023468, 0.5485017895698547, -0.16415825486183167, -0.26121094822883606], [0.5702624320983887, -0.7567785978317261, 0.31951001286506653, 0.4248466491699219], [0.0, 0.0, 0.0, 1.0]]}, "finger2joint2": {"matrix": [[0.10468180477619171, -0.23138415813446045, -0.9672139286994934, -2.0831494331359863], [0.8777665495872498, 0.4786907136440277, -0.01951517164707184, 0.21332481503486633], [0.4675121307373047, -0.8469451069831848, 0.2532115876674652, -0.22987955808639526], [0.0, 0.0, 0.0, 1.0]]}, "finger2joint3": {"matrix": [[0.16345365345478058, -0.02084948867559433, -0.986330509185791, -2.1709866523742676], [0.9250875115394592, 0.3506108522415161, 0.14589309692382812, 0.39504367113113403], [0.34277665615081787, -0.9362888932228088, 0.07659634202718735, -0.5513938069343567], [0.0, 0.0, 0.0, 1.0]]}, "Bone.002": {"matrix": [[-0.007488836534321308, -0.9094451069831848, -0.41575631499290466, -1.3800814151763916], [0.8363316059112549, 0.22222258150577545, -0.5011650323867798, -0.754220724105835], [0.5481727719306946, -0.3514631986618042, 0.7589335441589355, 0.37613603472709656], [0.0, 0.0, 0.0, 1.0]]}, "finger3joint1": {"matrix": [[-0.07079578191041946, -0.9638063311576843, 0.25703126192092896, -1.7634214162826538], [0.9341626763343811, -0.15441295504570007, -0.321709007024765, -0.6605516672134399], [0.3497544825077057, 0.21733345091342926, 0.9112836718559265, 0.2279907613992691], [0.0, 0.0, 0.0, 1.0]]}, "finger3joint2": {"matrix": [[-0.2322215586900711, 0.1182638630270958, -0.9654462933540344, -2.6088545322418213], [0.9097621440887451, 0.3775571584701538, -0.17257842421531677, -0.7959998846054077], [0.3441016972064972, -0.9184030294418335, -0.19526882469654083, 0.4186316132545471], [0.0, 0.0, 0.0, 1.0]]}, "finger3joint3": {"matrix": [[-0.060403335839509964, 0.9976822137832642, 0.03132425248622894, -2.5323283672332764], [0.943423330783844, 0.04681180417537689, 0.3282697796821594, -0.5516901016235352], [0.32604289054870605, 0.049380432814359665, -0.9440644383430481, -0.17564883828163147], [0.0, 0.0, 0.0, 1.0]]}, "Bone.003": {"matrix": [[-0.6965805292129517, -0.6047915816307068, 0.38600844144821167, -1.3800814151763916], [0.4028422236442566, -0.7748808264732361, -0.4871115982532501, -0.754220724105835], [0.5937117338180542, -0.18381209671497345, 0.7834025025367737, 0.37613600492477417], [0.0, 0.0, 0.0, 1.0]]}, "finger4joint1": {"matrix": [[-0.02472497522830963, -0.761448860168457, -0.6477529406547546, -1.639306664466858], [0.9244042634963989, 0.22927874326705933, -0.3048076629638672, -1.0863497257232666], [0.380611777305603, -0.6063219904899597, 0.6982178092002869, 0.29735058546066284], [0.0, 0.0, 0.0, 1.0]]}, "finger4joint2": {"matrix": [[-0.054676879197359085, -0.0003617730981204659, -0.9985038042068481, -2.3956987857818604], [0.9233587980270386, 0.38057535886764526, -0.05070009082555771, -0.8585935831069946], [0.38002461194992065, -0.9247495532035828, -0.02047450840473175, -0.30494487285614014], [0.0, 0.0, 0.0, 1.0]]}, "finger4joint3": {"matrix": [[-0.03984494507312775, 0.4803951382637024, -0.8761463165283203, -2.3958497047424316], [0.8891698718070984, 0.41706350445747375, 0.1882404237985611, -0.6998698115348816], [0.45583876967430115, -0.7715427875518799, -0.44377073645591736, -0.6906235218048096], [0.0, 0.0, 0.0, 1.0]]}}