{"root": {"matrix": [[0.5232168436050415, -0.8510356545448303, 0.04452449083328247, -5.960464477539063e-08], [-0.4288296699523926, -0.3080746531486511, -0.8492320775985718, 0.0], [0.7364436388015747, 0.42523908615112305, -0.5261392593383789, 0.0], [0.0, 0.0, 0.0, 1.0]]}, "carpals": {"matrix": [[-0.3064326047897339, -0.628787636756897, -0.7146502137184143, 0.3452278971672058], [0.8101809024810791, 0.22183901071548462, -0.5425809025764465, -1.1758595705032349], [0.4997057318687439, -0.7452605366706848, 0.4414530098438263, 2.1408309936523438], [0.0, 0.0, 0.0, 1.0]]}, "metacarpals": {"matrix": [[-0.42562371492385864, -0.7146332263946533, -0.5551067590713501, -0.2672075033187866], [0.6806519627571106, 0.1513986438512802, -0.7167921662330627, -0.9597896933555603], [0.5962862372398376, -0.68291836977005, 0.42197760939598083, 1.4149516820907593], [0.0, 0.0, 0.0, 1.0]]}, "finger5joint1": {"matrix": [[-0.5190356373786926, -0.7948500514030457, -0.31434860825538635, -0.3719915747642517], [0.7223641872406006, -0.21130234003067017, -0.6584382653236389, -0.6979571580886841], [0.4569374620914459, -0.5688272714614868, 0.6838446855545044, 0.7470154166221619], [0.0, 0.0, 0.0, 1.0]]}, "finger5joint2": {"matrix": [[-0.08122499287128448, -0.9264776706695557, 0.36747896671295166, -1.2115695476531982], [-0.657220721244812, -0.22739757597446442, -0.7185755372047424, -0.9211500287055969], [0.749308168888092, -0.29988113045692444, -0.590430498123169, 0.1461789608001709], [0.0, 0.0, 0.0, 1.0]]}, "finger5joint3": {"matrix": [[-0.18746943771839142, -0.9659219980239868, 0.17846348881721497, -1.8483703136444092], [-0.6350175738334656, -0.0194349717348814, -0.7722527980804443, -1.0774482488632202], [0.7494045495986938, -0.258101224899292, -0.6097344756126404, -0.059939876198768616], [0.0, 0.0, 0.0, 1.0]]}, "Bone": {"matrix": [[0.6846683025360107, -0.44454365968704224, -0.5775898098945618, -1.3829482793807983], [0.016723599284887314, 0.8018352389335632, -0.5973109006881714, -0.723414421081543], [0.7286627292633057, 0.3993007242679596, 0.5564255118370056, 0.3487264811992645], [0.0, 0.0, 0.0, 1.0]]}, "finger1joint1": {"matrix": [[-0.28937527537345886, -0.813210666179657, -0.5049257874488831, -1.752892017364502], [0.5910651683807373, 0.263115257024765, -0.7625038027763367, -0.05613699555397034], [0.752930223941803, -0.5190937519073486, 0.4045214354991913, 0.6810195446014404], [0.0, 0.0, 0.0, 1.0]]}, "finger1joint2": {"matrix": [[-0.10558381676673889, -0.3140600621700287, -0.9435136914253235, -2.212501287460327], [0.7897684574127197, 0.5500615239143372, -0.2714737355709076, 0.09257003664970398], [0.604249894618988, -0.7738205194473267, 0.18995718657970428, 0.3876390755176544], [0.0, 0.0, 0.0, 1.0]]}, "finger1joint3": {"matrix": [[-0.18900007009506226, 0.4649193286895752, -0.864944338798523, -2.3471336364746094], [0.7375005483627319, 0.6487751603126526, 0.18757320940494537, 0.32837238907814026], [0.6483611464500427, -0.6024454832077026, -0.465496689081192, 0.05591493844985962], [0.0, 0.0, 0.0, 1.0]]}, "Bone.001": {"matrix": [[0.42072054743766785, -0.8273711800575256, -0.3720897436141968, -1.3829482793807983], [0.21644438803195953, 0.4898582100868225, -0.844506025314331, -0.7234143614768982], [0.8809913992881775, 0.2747644782066345, 0.3851732313632965, 0.34872645139694214], [0.0, 0.0, 0.0, 1.0]]}, "finger2joint1": {"matrix": [[-0.1567283272743225, -0.28923356533050537, -0.9443409442901611, -1.9074053764343262], [0.2938702702522278, 0.8991931676864624, -0.32417821884155273, -0.41290128231048584], [0.9429084062576294, -0.32832154631614685, -0.05593192204833031, 0.5228952169418335], [0.0, 0.0, 0.0, 1.0]]}, "finger2joint2": {"matrix": [[-0.09429950267076492, -0.14325480163097382, -0.9851828813552856, -2.157635450363159], [0.40267711877822876, 0.8995404243469238, -0.16934502124786377, 0.3650347590446472], [0.9104717373847961, -0.41267967224121094, -0.02714076265692711, 0.23884816467761993], [0.0, 0.0, 0.0, 1.0]]}, "finger2joint3": {"matrix": [[-0.0216994509100914, 0.09456901252269745, -0.9952816367149353, -2.212017297744751], [0.5167046189308167, 0.8533123135566711, 0.069814033806324, 0.7065150737762451], [0.8558886647224426, -0.5127516388893127, -0.06738058477640152, 0.0821882039308548], [0.0, 0.0, 0.0, 1.0]]}, "Bone.002": {"matrix": [[-0.26953327655792236, -0.9240138530731201, -0.271200954914093, -1.3829481601715088], [0.5099608302116394, 0.10193678736686707, -0.8541361689567566, -0.7234143614768982], [0.8168793320655823, -0.36851996183395386, 0.4437354505062103, 0.3487264811992645], [0.0, 0.0, 0.0, 1.0]]}, "finger3joint1": {"matrix": [[-0.35312512516975403, -0.8812789916992188, 0.31408554315567017, -1.7724292278289795], [0.6596719026565552, -0.4725954830646515, -0.5843682885169983, -0.6804470419883728], [0.6634273529052734, 0.0008382402593269944, 0.7482402920722961, 0.1933916211128235], [0.0, 0.0, 0.0, 1.0]]}, "finger3joint2": {"matrix": [[-0.4999476969242096, 0.04985702410340309, -0.8646191358566284, -2.54547119140625], [0.5988113880157471, 0.741150975227356, -0.3035127818584442, -1.0949989557266235], [0.625681459903717, -0.6694843173027039, -0.40039169788360596, 0.1941269040107727], [0.0, 0.0, 0.0, 1.0]]}, "finger3joint3": {"matrix": [[-0.3443317711353302, 0.9388154149055481, 0.007804123684763908, -2.513209581375122], [0.6773471236228943, 0.24265943467617035, 0.6944906115531921, -0.6154147982597351], [0.6501050591468811, 0.24442118406295776, -0.7194592952728271, -0.2390832006931305], [0.0, 0.0, 0.0, 1.0]]}, "Bone.003": {"matrix": [[-0.8011955618858337, -0.34388118982315063, 0.48972564935684204, -1.3829482793807983], [-0.06691301614046097, -0.7617722153663635, -0.6443800330162048, -0.7234143614768982], [0.594649612903595, -0.5490436553955078, 0.5873183608055115, 0.3487264811992645], [0.0, 0.0, 0.0, 1.0]]}, "finger4joint1": {"matrix": [[-0.451568603515625, -0.7990860342979431, -0.39692172408103943, -1.5303423404693604], [0.6873554587364197, -0.02791784517467022, -0.725784182548523, -1.0499247312545776], [0.5688831806182861, -0.6005678176879883, 0.5618630647659302, 0.11339578032493591], [0.0, 0.0, 0.0, 1.0]]}, "finger4joint2": {"matrix": [[-0.47734785079956055, -0.14917713403701782, -0.8659588098526001, -2.3241217136383057], [0.6723916530609131, 0.5724373459815979, -0.4692595899105072, -1.0776572227478027], [0.5657103061676025, -0.8062636852264404, -0.17294631898403168, -0.4831838011741638], [0.0, 0.0, 0.0, 1.0]]}, "finger4joint3": {"matrix": [[-0.45057621598243713, 0.45607125759124756, -0.7674499750137329, -2.386337995529175], [0.6292725205421448, 0.7720320820808411, 0.0893428772687912, -0.8389148116111755], [0.6332430839538574, -0.4426795244216919, -0.6348525285720825, -0.8194463849067688], [0.0, 0.0, 0.0, 1.0]]}}