{"root": {"matrix": [[0.5248623490333557, -0.410780131816864, 0.7455059885978699, -2.9802322387695312e-08], [0.7187368869781494, 0.6830917000770569, -0.12962664663791656, 0.0], [-0.45600083470344543, 0.6038588285446167, 0.6537719368934631, 0.0], [0.0, 0.0, 0.0, 1.0]]}, "carpals": {"matrix": [[-0.7475726008415222, -0.6105992794036865, -0.261349081993103, 0.7010697722434998], [0.6441137194633484, -0.7624928951263428, -0.06100664287805557, 2.3085994720458984], [-0.16202624142169952, -0.21394553780555725, 0.963314414024353, -0.5136682987213135], [0.0, 0.0, 0.0, 1.0]]}, "metacarpals": {"matrix": [[-0.5332216024398804, -0.6436352729797363, 0.5490064024925232, 0.1063496470451355], [0.6562430262565613, -0.724242627620697, -0.2117011994123459, 1.5659358501434326], [0.5338723063468933, 0.24739797413349152, 0.808563232421875, -0.7220499515533447], [0.0, 0.0, 0.0, 1.0]]}, "finger5joint1": {"matrix": [[-0.4664034843444824, -0.8118547201156616, 0.35122543573379517, -0.3932344913482666], [0.6160535216331482, -0.583053708076477, -0.5296472311019897, 1.124571681022644], [0.6347800493240356, -0.030655747279524803, 0.7720844149589539, -1.0071604251861572], [0.0, 0.0, 0.0, 1.0]]}, "finger5joint2": {"matrix": [[0.36376190185546875, -0.846257209777832, 0.38926225900650024, -1.2507741451263428], [-0.5401614308357239, -0.5320937037467957, -0.6519980430603027, 0.5087082386016846], [0.7588824033737183, 0.026907438412308693, -0.6506713032722473, -1.039541244506836], [0.0, 0.0, 0.0, 1.0]]}, "finger5joint3": {"matrix": [[0.26118603348731995, -0.9377291202545166, 0.22900912165641785, -1.8324363231658936], [-0.5507582426071167, -0.3396061062812805, -0.762451708316803, 0.14298154413700104], [0.792746365070343, 0.07301294803619385, -0.6051626801490784, -1.0210468769073486], [0.0, 0.0, 0.0, 1.0]]}, "Bone": {"matrix": [[0.5047829747200012, -0.7135196924209595, 0.48588424921035767, -0.8985435962677002], [0.8321937918663025, 0.5518289804458618, -0.054203495383262634, 0.4351920783519745], [-0.22944973409175873, 0.43171095848083496, 0.872340738773346, -0.33579304814338684], [0.0, 0.0, 0.0, 1.0]]}, "finger1joint1": {"matrix": [[-0.35376960039138794, -0.835290253162384, -0.42087650299072266, -1.492325782775879], [0.7768591046333313, -0.011804780922830105, -0.6295635104179382, 0.8944172859191895], [0.5209000706672668, -0.5496823787689209, 0.653079092502594, 0.023471444845199585], [0.0, 0.0, 0.0, 1.0]]}, "finger1joint2": {"matrix": [[-0.19205538928508759, -0.44115036725997925, -0.8766418099403381, -1.9644138813018799], [0.9317268133163452, 0.19858291745185852, -0.3040556311607361, 0.8877454996109009], [0.30822044610977173, -0.8751863241195679, 0.37289270758628845, -0.2871970534324646], [0.0, 0.0, 0.0, 1.0]]}, "finger1joint3": {"matrix": [[-0.26353368163108826, -0.03886982798576355, -0.963866651058197, -2.1535277366638184], [0.8882279992103577, 0.3799942135810852, -0.25817686319351196, 0.972874641418457], [0.3762992024421692, -0.9241717457771301, -0.06561607867479324, -0.6623750925064087], [0.0, 0.0, 0.0, 1.0]]}, "Bone.001": {"matrix": [[0.2871827483177185, -0.6374151110649109, 0.7150018811225891, -0.8985437154769897], [0.9572470188140869, 0.16394242644309998, -0.23832888901233673, 0.4351920783519745], [0.0346953459084034, 0.7528775334358215, 0.657245397567749, -0.33579307794570923], [0.0, 0.0, 0.0, 1.0]]}, "finger2joint1": {"matrix": [[-0.4608117938041687, -0.622237503528595, 0.6328290104866028, -1.3025906085968018], [0.7459008693695068, -0.6579242944717407, -0.10376480966806412, 0.5391125082969666], [0.48092004656791687, 0.4242117404937744, 0.7673070430755615, 0.14144366979599], [0.0, 0.0, 0.0, 1.0]]}, "finger2joint2": {"matrix": [[-0.5716950297355652, -0.7680611610412598, -0.2885245978832245, -1.8409186601638794], [0.689731776714325, -0.25945648550987244, -0.6759823560714722, -0.030090011656284332], [0.4443363547325134, -0.5854605436325073, 0.6780862808227539, 0.5084500312805176], [0.0, 0.0, 0.0, 1.0]]}, "finger2joint3": {"matrix": [[-0.6279341578483582, -0.13103970885276794, -0.7671550512313843, -2.1324872970581055], [0.7130444645881653, 0.2981418967247009, -0.6345695853233337, -0.12858393788337708], [0.31187495589256287, -0.9454838633537292, -0.09377647191286087, 0.28619956970214844], [0.0, 0.0, 0.0, 1.0]]}, "Bone.002": {"matrix": [[-0.2498878389596939, -0.5703495144844055, 0.7824686765670776, -0.8985435962677002], [0.8040658235549927, -0.5724682211875916, -0.16049323976039886, 0.4351920485496521], [0.5394758582115173, 0.5890510082244873, 0.6016516089439392, -0.33579304814338684], [0.0, 0.0, 0.0, 1.0]]}, "finger3joint1": {"matrix": [[-0.4602804481983185, -0.40288859605789185, 0.7910893559455872, -1.1389516592025757], [0.7293373346328735, -0.6796696186065674, 0.07820647954940796, 0.19389092922210693], [0.5061710476875305, 0.612967848777771, 0.6066804528236389, -0.087502121925354], [0.0, 0.0, 0.0, 1.0]]}, "finger3joint2": {"matrix": [[-0.5485333800315857, -0.8137103319168091, -0.19231808185577393, -1.4923579692840576], [0.6091009974479675, -0.23130719363689423, -0.7586124539375305, -0.40230271220207214], [0.5728063583374023, -0.5332656502723694, 0.6225115656852722, 0.4501819610595703], [0.0, 0.0, 0.0, 1.0]]}, "finger3joint3": {"matrix": [[-0.5480669140815735, -0.5800263285636902, -0.602653980255127, -2.0188941955566406], [0.715761125087738, 0.04758017137646675, -0.6967223286628723, -0.5519770383834839], [0.43279173970222473, -0.8132070302963257, 0.38908305764198303, 0.10511626303195953], [0.0, 0.0, 0.0, 1.0]]}, "Bone.003": {"matrix": [[-0.03897600620985031, 0.3251076340675354, 0.9448733925819397, -0.8985435962677002], [0.15593446791172028, -0.9320283532142639, 0.3271200358867645, 0.4351920485496521], [0.9869980812072754, 0.1600881814956665, -0.014368615113198757, -0.33579304814338684], [0.0, 0.0, 0.0, 1.0]]}, "finger4joint1": {"matrix": [[-0.5396996140480042, -0.8336898684501648, 0.11698314547538757, -0.7591961622238159], [0.6529220938682556, -0.5022339820861816, -0.5669686198234558, 0.03570660948753357], [0.5314290523529053, -0.22961211204528809, 0.8153901696205139, -0.26717615127563477], [0.0, 0.0, 0.0, 1.0]]}, "finger4joint2": {"matrix": [[-0.556308925151825, -0.79938143491745, -0.22695623338222504, -1.5873496532440186], [0.6301676630973816, -0.22780157625675201, -0.742290198802948, -0.46319204568862915], [0.5416721105575562, -0.5559634566307068, 0.6304725408554077, -0.49526339769363403], [0.0, 0.0, 0.0, 1.0]]}, "finger4joint3": {"matrix": [[-0.4845544099807739, -0.7323898673057556, -0.4783425033092499, -1.9207417964935303], [0.6577139496803284, 0.0554933175444603, -0.7512206435203552, -0.5581996440887451], [0.5767313241958618, -0.6786201596260071, 0.45481353998184204, -0.7271351218223572], [0.0, 0.0, 0.0, 1.0]]}}