{"root": {"matrix": [[0.4578563868999481, -0.4273027777671814, 0.7796024084091187, 0.0], [0.8000248074531555, 0.5804741978645325, -0.15169042348861694, 5.960464477539063e-08], [-0.38772130012512207, 0.6931537389755249, 0.6076266169548035, -5.960464477539063e-08], [0.0, 0.0, 0.0, 1.0]]}, "carpals": {"matrix": [[-0.8345903158187866, -0.49893704056739807, -0.23349624872207642, 0.5295315384864807], [0.5354825854301453, -0.8342786431312561, -0.13129077851772308, 2.3944668769836426], [-0.12929515540599823, -0.2346072793006897, 0.9634531736373901, -0.26666468381881714], [0.0, 0.0, 0.0, 1.0]]}, "metacarpals": {"matrix": [[-0.5787554979324341, -0.6722819805145264, 0.461604505777359, 0.04356992244720459], [0.6269925832748413, -0.7287715077400208, -0.27526742219924927, 1.581884503364563], [0.5214616060256958, 0.13011005520820618, 0.8432965278625488, -0.4951707720756531], [0.0, 0.0, 0.0, 1.0]]}, "finger5joint1": {"matrix": [[-0.5313037633895874, -0.7894816398620605, 0.3073022663593292, -0.42841821908950806], [0.5851013660430908, -0.6042782664299011, -0.5408363342285156, 1.1692173480987549], [0.6126765608787537, -0.10754551738500595, 0.7829822301864624, -0.8593243360519409], [0.0, 0.0, 0.0, 1.0]]}, "finger5joint2": {"matrix": [[0.3299773335456848, -0.8318917155265808, 0.44617289304733276, -1.2623257637023926], [-0.5458991527557373, -0.5537623763084412, -0.6287614107131958, 0.5309349298477173], [0.7701355218887329, -0.03608854487538338, -0.636858344078064, -0.9729216694831848], [0.0, 0.0, 0.0, 1.0]]}, "finger5joint3": {"matrix": [[0.22580838203430176, -0.9333986043930054, 0.2788850665092468, -1.8341140747070312], [-0.5597642660140991, -0.3586196005344391, -0.7470310926437378, 0.150314599275589], [0.7972916960716248, 0.012575850822031498, -0.603462815284729, -0.9977266788482666], [0.0, 0.0, 0.0, 1.0]]}, "Bone": {"matrix": [[0.5333403944969177, -0.7486550211906433, 0.3937808573246002, -1.0060489177703857], [0.8375096321105957, 0.5327503085136414, -0.1214679554104805, 0.4440698027610779], [-0.11884923279285431, 0.39457911252975464, 0.9111432433128357, -0.2920328378677368], [0.0, 0.0, 0.0, 1.0]]}, "finger1joint1": {"matrix": [[-0.4125380516052246, -0.8316695690155029, -0.3716689348220825, -1.6290704011917114], [0.7417899370193481, -0.0698838010430336, -0.6669809818267822, 0.8874180316925049], [0.5287343263626099, -0.5508554577827454, 0.6457539200782776, 0.036330997943878174], [0.0, 0.0, 0.0, 1.0]]}, "finger1joint2": {"matrix": [[-0.2630755603313446, -0.26934385299682617, -0.9264150857925415, -2.099112033843994], [0.9108834266662598, 0.24709774553775787, -0.3305054306983948, 0.8479211926460266], [0.3179347813129425, -0.9308042526245117, 0.1803354173898697, -0.27500054240226746], [0.0, 0.0, 0.0, 1.0]]}, "finger1joint3": {"matrix": [[-0.3454844355583191, 0.13176433742046356, -0.9291278123855591, -2.2145752906799316], [0.8630474209785461, 0.4333987236022949, -0.2594504952430725, 0.9538478851318359], [0.3684965968132019, -0.8915175199508667, -0.263451486825943, -0.6740210056304932], [0.0, 0.0, 0.0, 1.0]]}, "Bone.001": {"matrix": [[0.2910974323749542, -0.7093656659126282, 0.6419207453727722, -1.0060489177703857], [0.9478239417076111, 0.1226879432797432, -0.2942398488521576, 0.44406986236572266], [0.12996777892112732, 0.6940804719924927, 0.7080681324005127, -0.2920328378677368], [0.0, 0.0, 0.0, 1.0]]}, "finger2joint1": {"matrix": [[-0.5004823803901672, -0.8399912714958191, -0.2095988690853119, -1.4557040929794312], [0.7188513278961182, -0.2682821452617645, -0.6413088440895081, 0.5218396782875061], [0.4824623167514801, -0.4716344177722931, 0.7380995154380798, 0.14793342351913452], [0.0, 0.0, 0.0, 1.0]]}, "finger2joint2": {"matrix": [[-0.552873432636261, -0.40325188636779785, -0.7291903495788574, -2.1824216842651367], [0.7478210926055908, 0.14588260650634766, -0.6476739645004272, 0.28973570466041565], [0.3675520420074463, -0.9033858180046082, 0.22090566158294678, -0.2601006031036377], [0.0, 0.0, 0.0, 1.0]]}, "finger2joint3": {"matrix": [[-0.5280951261520386, 0.32804393768310547, -0.7832638621330261, -2.3355026245117188], [0.8144784569740295, 0.4566687047481537, -0.3578800559043884, 0.34511512517929077], [0.2402917891740799, -0.826946496963501, -0.5083493590354919, -0.6030406951904297], [0.0, 0.0, 0.0, 1.0]]}, "Bone.002": {"matrix": [[-0.296100914478302, -0.6328314542770386, 0.7154357433319092, -1.0060489177703857], [0.7694273591041565, -0.6018491983413696, -0.21391327679157257, 0.44406983256340027], [0.565955638885498, 0.4871359169483185, 0.6651261448860168, -0.2920328378677368], [0.0, 0.0, 0.0, 1.0]]}, "finger3joint1": {"matrix": [[-0.5065681338310242, -0.331573486328125, 0.7958941459655762, -1.2727936506271362], [0.6964212656021118, -0.7015720009803772, 0.15097716450691223, 0.19038432836532593], [0.5083171725273132, 0.6307578086853027, 0.5863089561462402, -0.0867002010345459], [0.0, 0.0, 0.0, 1.0]]}, "finger3joint2": {"matrix": [[-0.5831133127212524, -0.8025391101837158, -0.1261332482099533, -1.5636438131332397], [0.5703378915786743, -0.2938428521156311, -0.7670534253120422, -0.42502161860466003], [0.5785270929336548, -0.519217848777771, 0.6290621757507324, 0.46658891439437866], [0.0, 0.0, 0.0, 1.0]]}, "finger3joint3": {"matrix": [[-0.5926868319511414, -0.3831809163093567, -0.7084450721740723, -2.082951068878174], [0.6759153008460999, 0.2417183816432953, -0.696211576461792, -0.6151615977287292], [0.4380192756652832, -0.8914845585823059, 0.11573433876037598, 0.1306132972240448], [0.0, 0.0, 0.0, 1.0]]}, "Bone.003": {"matrix": [[-0.13804911077022552, 0.29832372069358826, 0.944428563117981, -1.0060489177703857], [0.08894191682338715, -0.9459717869758606, 0.31181180477142334, 0.44406983256340027], [0.986423671245575, 0.1270446479320526, 0.10405721515417099, -0.2920328378677368], [0.0, 0.0, 0.0, 1.0]]}, "finger4joint1": {"matrix": [[-0.5849811434745789, -0.7879598140716553, 0.19213524460792542, -0.8781815767288208], [0.6239524483680725, -0.5885716676712036, -0.5140684247016907, 0.038607895374298096], [0.518150806427002, -0.18083731830120087, 0.8359529376029968, -0.23757901787757874], [0.0, 0.0, 0.0, 1.0]]}, "finger4joint2": {"matrix": [[-0.5990706086158752, -0.7366667985916138, -0.3137449026107788, -1.6609084606170654], [0.6002534031867981, -0.15386170148849487, -0.7848706841468811, -0.546055018901825], [0.5299149751663208, -0.6585197448730469, 0.5343608856201172, -0.41721540689468384], [0.0, 0.0, 0.0, 1.0]]}, "finger4joint3": {"matrix": [[-0.5311071276664734, -0.6113749146461487, -0.5866390466690063, -1.9681450128555298], [0.6223829984664917, 0.1883140206336975, -0.759721577167511, -0.6102250218391418], [0.5749471783638, -0.768608033657074, 0.2804943919181824, -0.6918595433235168], [0.0, 0.0, 0.0, 1.0]]}}