{"root": {"matrix": [[0.445846825838089, -0.6802998185157776, 0.5817325711250305, 0.0], [0.831906259059906, 0.0750490128993988, -0.5498178005218506, 0.0], [0.3303825855255127, 0.7290814518928528, 0.5994060039520264, 0.0], [0.0, 0.0, 0.0, 1.0]]}, "carpals": {"matrix": [[-0.7680317163467407, -0.4632193446159363, -0.44221577048301697, 0.27698031067848206], [0.638943612575531, -0.6009843945503235, -0.480175644159317, 2.0166075229644775], [-0.04333809018135071, -0.6513410806655884, 0.7575462460517883, 1.3933993577957153], [0.0, 0.0, 0.0, 1.0]]}, "metacarpals": {"matrix": [[-0.7311739921569824, -0.6568150520324707, 0.18433211743831635, -0.17419254779815674], [0.4288919270038605, -0.6527137756347656, -0.6245128512382507, 1.4312522411346436], [0.5305056571960449, -0.37756893038749695, 0.7589500546455383, 0.7589970827102661], [0.0, 0.0, 0.0, 1.0]]}, "finger5joint1": {"matrix": [[-0.5949006080627441, -0.758683443069458, 0.26550403237342834, -0.4965490698814392], [0.5365051627159119, -0.6207507252693176, -0.5716909170150757, 1.2404170036315918], [0.5985444188117981, -0.19765493273735046, 0.7763226628303528, 0.1382371485233307], [0.0, 0.0, 0.0, 1.0]]}, "finger5joint2": {"matrix": [[0.3240887522697449, -0.7951884865760803, 0.5124850273132324, -1.2979254722595215], [-0.5571255087852478, -0.5982480049133301, -0.575942873954773, 0.5847352147102356], [0.7645764946937561, -0.09886185079813004, -0.6369054913520813, -0.07054029405117035], [0.0, 0.0, 0.0, 1.0]]}, "finger5joint3": {"matrix": [[0.21973015367984772, -0.9064465761184692, 0.36065563559532166, -1.8444864749908447], [-0.5779853463172913, -0.4187808632850647, -0.7003963589668274, 0.17353838682174683], [0.7859078049659729, -0.05455540865659714, -0.6159318685531616, -0.13849151134490967], [0.0, 0.0, 0.0, 1.0]]}, "Bone": {"matrix": [[0.5180216431617737, -0.8501757383346558, 0.09409856051206589, -1.1996631622314453], [0.7615776062011719, 0.40833771228790283, -0.5032491087913513, 0.4121848940849304], [0.3894261419773102, 0.33235740661621094, 0.8590026497840881, 0.16950714588165283], [0.0, 0.0, 0.0, 1.0]]}, "finger1joint1": {"matrix": [[-0.3429388999938965, -0.9344050884246826, -0.09633155912160873, -1.9071691036224365], [0.5702741146087646, -0.1256067156791687, -0.8117944002151489, 0.7519984841346741], [0.7464450001716614, -0.3333311975002289, 0.5759425759315491, 0.4460908770561218], [0.0, 0.0, 0.0, 1.0]]}, "finger1joint2": {"matrix": [[-0.27856895327568054, -0.06379556655883789, -0.9582949876785278, -2.435274600982666], [0.7927502393722534, 0.547993540763855, -0.26692715287208557, 0.6810082197189331], [0.5421682000160217, -0.8340462446212769, -0.10207994282245636, 0.2576993405818939], [0.0, 0.0, 0.0, 1.0]]}, "finger1joint3": {"matrix": [[-0.37165719270706177, 0.8251941800117493, -0.42535319924354553, -2.46262264251709], [0.7410012483596802, 0.5396937131881714, 0.3995594382286072, 0.915924072265625], [0.5592746138572693, -0.16668818891048431, -0.8120509386062622, -0.09984258562326431], [0.0, 0.0, 0.0, 1.0]]}, "Bone.001": {"matrix": [[0.20711278915405273, -0.893577516078949, 0.3982751965522766, -1.1996631622314453], [0.7898242473602295, -0.08750616759061813, -0.6070585250854492, 0.41218486428260803], [0.5773054361343384, 0.44029712677001953, 0.6876456141471863, 0.16950717568397522], [0.0, 0.0, 0.0, 1.0]]}, "finger2joint1": {"matrix": [[-0.6434329748153687, -0.4149288833141327, -0.6432943940162659, -1.7660874128341675], [0.5198454856872559, 0.38002529740333557, -0.7650759220123291, 0.3567161560058594], [0.5619202852249146, -0.8266888856887817, -0.0288217905908823, 0.4486042857170105], [0.0, 0.0, 0.0, 1.0]]}, "finger2joint2": {"matrix": [[-0.6161060333251953, -0.21057501435279846, -0.7589936256408691, -2.1250627040863037], [0.6205508708953857, 0.46370044350624084, -0.6323751211166382, 0.685494601726532], [0.4851081967353821, -0.8606042861938477, -0.15501604974269867, -0.2666047215461731], [0.0, 0.0, 0.0, 1.0]]}, "finger2joint3": {"matrix": [[-0.5658932328224182, 0.07958406209945679, -0.8206283450126648, -2.205000638961792], [0.7236465215682983, 0.5249120593070984, -0.4481101334095001, 0.861522912979126], [0.3950953781604767, -0.847427487373352, -0.3546348810195923, -0.5933042168617249], [0.0, 0.0, 0.0, 1.0]]}, "Bone.002": {"matrix": [[-0.48089832067489624, -0.7343556880950928, 0.479017972946167, -1.1996631622314453], [0.5145595073699951, -0.6787423491477966, -0.5239630341529846, 0.4121848940849304], [0.7099051475524902, -0.005489601753652096, 0.7042757868766785, 0.16950716078281403], [0.0, 0.0, 0.0, 1.0]]}, "finger3joint1": {"matrix": [[-0.6606352925300598, -0.28097862005233765, 0.6961405873298645, -1.5092015266418457], [0.4905700385570526, -0.8635091781616211, 0.11701660603284836, 0.12608814239501953], [0.5682448148727417, 0.4188110828399658, 0.7083042860031128, 0.1671932339668274], [0.0, 0.0, 0.0, 1.0]]}, "finger3joint2": {"matrix": [[-0.723254919052124, -0.6793897151947021, -0.12382109463214874, -1.7556706666946411], [0.34294483065605164, -0.19772155582904816, -0.9183109402656555, -0.6313661336898804], [0.5994090437889099, -0.7066367268562317, 0.3759963810443878, 0.5345665812492371], [0.0, 0.0, 0.0, 1.0]]}, "finger3joint3": {"matrix": [[-0.7249364852905273, -0.03814476728439331, -0.6877585649490356, -2.1952903270721436], [0.4822497069835663, 0.6848291754722595, -0.5463004112243652, -0.759307861328125], [0.49183571338653564, -0.7277045845985413, -0.47806239128112793, 0.07731591165065765], [0.0, 0.0, 0.0, 1.0]]}, "Bone.003": {"matrix": [[-0.4409010410308838, 0.2726718485355377, 0.8551352024078369, -1.1996631622314453], [-0.28765520453453064, -0.9454106092453003, 0.1531444489955902, 0.41218486428260803], [0.8502120971679688, -0.17846252024173737, 0.49526798725128174, 0.16950716078281403], [0.0, 0.0, 0.0, 1.0]]}, "finger4joint1": {"matrix": [[-0.7359638214111328, -0.6660987734794617, 0.12111672013998032, -1.082790732383728], [0.4279981851577759, -0.5963680744171143, -0.679089367389679, 0.006963491439819336], [0.524570882320404, -0.44794753193855286, 0.7239944934844971, 0.093014657497406], [0.0, 0.0, 0.0, 1.0]]}, "finger4joint2": {"matrix": [[-0.7485634088516235, -0.6164402961730957, -0.24424082040786743, -1.7444660663604736], [0.40102189779281616, -0.12755225598812103, -0.9071447253227234, -0.5854440927505493], [0.5280472636222839, -0.7770014405250549, 0.3426871597766876, -0.3519580662250519], [0.0, 0.0, 0.0, 1.0]]}, "finger4joint3": {"matrix": [[-0.6910771727561951, -0.5260590314865112, -0.49565473198890686, -2.0015602111816406], [0.4234641194343567, 0.26104897260665894, -0.8674855828285217, -0.6386414170265198], [0.5857389569282532, -0.8093917369842529, 0.04236224666237831, -0.6760165691375732], [0.0, 0.0, 0.0, 1.0]]}}