{"root": {"matrix": [[0.4121685028076172, -0.24164976179599762, 0.8784773945808411, 0.0], [0.7366995215415955, 0.6557114124298096, -0.1652766913175583, 0.0], [-0.5360885262489319, 0.7152957916259766, 0.44828683137893677, 0.0], [0.0, 0.0, 0.0, 1.0]]}, "carpals": {"matrix": [[-0.7806665897369385, -0.40595006942749023, 0.47514617443084717, 0.5968136191368103], [0.3490177392959595, -0.9138864874839783, -0.2073591649532318, 2.3264291286468506], [0.5184072256088257, 0.003955969586968422, 0.8551246523857117, -0.5626062750816345], [0.0, 0.0, 0.0, 1.0]]}, "metacarpals": {"matrix": [[0.0035155783407390118, -0.7008107900619507, 0.713338315486908, 0.20142066478729248], [-0.38472628593444824, -0.6593843102455139, -0.6459084749221802, 1.4363092184066772], [0.9230238795280457, -0.27216941118240356, -0.2719385325908661, -0.558753252029419], [0.0, 0.0, 0.0, 1.0]]}, "finger5joint1": {"matrix": [[-0.08699847012758255, -0.9961639642715454, 0.009394107386469841, -0.49257171154022217], [-0.6229156851768494, 0.047037724405527115, -0.7808733582496643, 1.39323091506958], [0.7774361371994019, -0.07378661632537842, -0.624618649482727, -0.7641642689704895], [0.0, 0.0, 0.0, 1.0]]}, "finger5joint2": {"matrix": [[-0.10594715178012848, -0.8358582854270935, -0.538623571395874, -1.5447921752929688], [-0.8232726454734802, -0.23005041480064392, 0.518939733505249, 1.4429155588150024], [-0.5576710104942322, 0.4984143078327179, -0.6637664437294006, -0.8421030044555664], [0.0, 0.0, 0.0, 1.0]]}, "finger5joint3": {"matrix": [[-0.15370145440101624, -0.12491197139024734, -0.9801898002624512, -2.119306802749634], [-0.8684694170951843, -0.45607709884643555, 0.19430391490459442, 1.284793734550476], [-0.47131332755088806, 0.881130039691925, -0.03838261589407921, -0.49952536821365356], [0.0, 0.0, 0.0, 1.0]]}, "Bone": {"matrix": [[0.6300733089447021, -0.22695516049861908, 0.7426295876502991, -0.892739474773407], [0.6442791819572449, -0.38107287883758545, -0.6630893349647522, 0.40682727098464966], [0.4334876537322998, 0.8962558507919312, -0.09388138353824615, -0.9836852550506592], [0.0, 0.0, 0.0, 1.0]]}, "finger1joint1": {"matrix": [[0.25533783435821533, -0.6987478733062744, 0.6682467460632324, -1.081608772277832], [-0.22386088967323303, -0.7151020765304565, -0.6622046232223511, 0.08970311284065247], [0.9405789375305176, 0.019491571933031082, -0.33901500701904297, -0.237832173705101], [0.0, 0.0, 0.0, 1.0]]}, "finger1joint2": {"matrix": [[0.05368473380804062, -0.8790532350540161, 0.4736909866333008, -1.476525902748108], [0.002729109488427639, -0.4742439389228821, -0.8803890943527222, -0.31445711851119995], [0.9985541701316833, 0.04855619743466377, -0.023060685023665428, -0.22681593894958496], [0.0, 0.0, 0.0, 1.0]]}, "finger1joint3": {"matrix": [[0.13359434902668, -0.9901203513145447, 0.04259127005934715, -1.8533618450164795], [-0.06904782354831696, -0.05217108875513077, -0.9962481260299683, -0.5177577137947083], [0.9886278510093689, 0.13015231490135193, -0.07533548027276993, -0.2060007005929947], [0.0, 0.0, 0.0, 1.0]]}, "Bone.001": {"matrix": [[0.5990379452705383, -0.1719965934753418, 0.7820296287536621, -0.8927395343780518], [0.3944030702114105, -0.7865835428237915, -0.47511279582977295, 0.40682724118232727], [0.6968496441841125, 0.5930455327033997, -0.40335753560066223, -0.9836852550506592], [0.0, 0.0, 0.0, 1.0]]}, "finger2joint1": {"matrix": [[0.47317513823509216, -0.5501571893692017, 0.6880639791488647, -1.0017653703689575], [-0.013611179776489735, -0.7855035662651062, -0.6187071800231934, -0.09177517890930176], [0.8808630704879761, 0.28339144587516785, -0.37916913628578186, -0.6077632904052734], [0.0, 0.0, 0.0, 1.0]]}, "finger2joint2": {"matrix": [[0.35586580634117126, -0.7698493599891663, 0.5298029184341431, -1.4777332544326782], [-0.02735486812889576, -0.5752526521682739, -0.8175180554389954, -0.7713527679443359], [0.9341365694999695, 0.2764339745044708, -0.225771963596344, -0.36258751153945923], [0.0, 0.0, 0.0, 1.0]]}, "finger2joint3": {"matrix": [[0.21644514799118042, -0.9570105075836182, 0.19308532774448395, -1.769980788230896], [-0.019996553659439087, -0.20207758247852325, -0.9791651368141174, -0.9897281527519226], [0.9760898351669312, 0.20807446539402008, -0.06287570297718048, -0.25764867663383484], [0.0, 0.0, 0.0, 1.0]]}, "Bone.002": {"matrix": [[0.2970653176307678, -0.4462624192237854, 0.8441574573516846, -0.892739474773407], [-0.25833287835121155, -0.888658881187439, -0.37887901067733765, 0.40682730078697205], [0.9192476868629456, -0.10552193969488144, -0.37927404046058655, -0.9836852550506592], [0.0, 0.0, 0.0, 1.0]]}, "finger3joint1": {"matrix": [[0.10276749730110168, -0.7038040161132812, 0.702921450138092, -1.080843448638916], [-0.29482221603393555, -0.6964614987373352, -0.6542330980300903, 0.03224867582321167], [0.9500098824501038, -0.14000311493873596, -0.2790707051753998, -1.0281639099121094], [0.0, 0.0, 0.0, 1.0]]}, "finger3joint2": {"matrix": [[-0.03715928643941879, -0.8888450264930725, -0.4566984176635742, -1.6982073783874512], [-0.375635027885437, 0.43592193722724915, -0.8178448677062988, -0.5786745548248291], [0.9260223507881165, 0.14116138219833374, -0.35008010268211365, -1.1509718894958496], [0.0, 0.0, 0.0, 1.0]]}, "finger3joint3": {"matrix": [[-0.0038826398085802794, 0.24303890764713287, -0.9700086116790771, -2.2733614444732666], [-0.21065624058246613, 0.9480498433113098, 0.2383805811405182, -0.29659807682037354], [0.9775524735450745, 0.20526409149169922, 0.047516681253910065, -1.059629201889038], [0.0, 0.0, 0.0, 1.0]]}, "Bone.003": {"matrix": [[0.42319270968437195, 0.0037787328474223614, 0.9060317277908325, -0.8927395343780518], [-0.8334969878196716, -0.39044538140296936, 0.3909411132335663, 0.40682727098464966], [0.3552331328392029, -0.9206183552742004, -0.16208402812480927, -0.9836852550506592], [0.0, 0.0, 0.0, 1.0]]}, "finger4joint1": {"matrix": [[0.28868529200553894, -0.5666738152503967, 0.7717131972312927, -0.8911199569702148], [-0.05720962584018707, -0.8148000836372375, -0.5769119262695312, 0.23947471380233765], [0.9557132124900818, 0.12239649146795273, -0.267640084028244, -1.3782801628112793], [0.0, 0.0, 0.0, 1.0]]}, "finger4joint2": {"matrix": [[0.2904675304889679, -0.9543113708496094, 0.07012836635112762, -1.4540303945541382], [-0.08700195699930191, -0.09932322800159454, -0.9912441968917847, -0.5699142813682556], [0.9529212713241577, 0.28182294964790344, -0.11187727004289627, -1.2566964626312256], [0.0, 0.0, 0.0, 1.0]]}, "finger4joint3": {"matrix": [[0.3677332103252411, -0.9079237580299377, -0.2011127471923828, -1.8520381450653076], [-0.06393460929393768, 0.19107075035572052, -0.9794915914535522, -0.6113383173942566], [0.9277307391166687, 0.3730497658252716, 0.012215188704431057, -1.1391586065292358], [0.0, 0.0, 0.0, 1.0]]}}