{"root": {"matrix": [[0.47054523229599, -0.8823716044425964, 0.0027510724030435085, 5.960464477539063e-08], [-0.5368891358375549, -0.2887800931930542, -0.7926891446113586, -2.9802322387695312e-08], [0.7002407908439636, 0.3715190589427948, -0.6096198558807373, 2.9802322387695312e-08], [0.0, 0.0, 0.0, 1.0]]}, "carpals": {"matrix": [[-0.26547759771347046, -0.4700638949871063, -0.8417608737945557, 0.20013681054115295], [0.8175897002220154, 0.3529430329799652, -0.4549482762813568, -1.4077043533325195], [0.510948657989502, -0.8089936971664429, 0.29062092304229736, 2.0157625675201416], [0.0, 0.0, 0.0, 1.0]]}, "metacarpals": {"matrix": [[-0.3930990695953369, -0.7002786993980408, -0.595888078212738, -0.2577025890350342], [0.7500571608543396, 0.1306496411561966, -0.6483398675918579, -1.0639398097991943], [0.5318714380264282, -0.7018120288848877, 0.4738907814025879, 1.2278075218200684], [0.0, 0.0, 0.0, 1.0]]}, "finger5joint1": {"matrix": [[-0.518193244934082, -0.7727957367897034, -0.36641815304756165, -0.34322589635849], [0.779106855392456, -0.24980595707893372, -0.5749688148498535, -0.854285478591919], [0.35280030965805054, -0.5834240317344666, 0.7315382361412048, 0.5390365123748779], [0.0, 0.0, 0.0, 1.0]]}, "finger5joint2": {"matrix": [[-0.043555714190006256, -0.9937984347343445, 0.10230743885040283, -1.1595087051391602], [-0.5835435390472412, -0.05781317502260208, -0.8100210428237915, -1.1181485652923584], [0.8109126091003418, -0.09498177468776703, -0.5774070620536804, -0.07721812278032303], [0.0, 0.0, 0.0, 1.0]]}, "finger5joint3": {"matrix": [[-0.14170800149440765, -0.9809460639953613, -0.13290226459503174, -1.8425811529159546], [-0.5409082770347595, 0.18917296826839447, -0.8195310831069946, -1.1578855514526367], [0.829057514667511, -0.044245991855859756, -0.5574095845222473, -0.14250242710113525], [0.0, 0.0, 0.0, 1.0]]}, "Bone": {"matrix": [[0.6790109276771545, -0.40400221943855286, -0.6129650473594666, -1.351032018661499], [0.04207976162433624, 0.8550022840499878, -0.5169140696525574, -0.8599595427513123], [0.7329210042953491, 0.32519713044166565, 0.5975562334060669, 0.13208413124084473], [0.0, 0.0, 0.0, 1.0]]}, "finger1joint1": {"matrix": [[-0.2762340307235718, -0.9595126509666443, 0.055044837296009064, -1.6872379779815674], [0.6761820912361145, -0.234728142619133, -0.6983410120010376, -0.14843721687793732], [0.6829878687858582, -0.1556852161884308, 0.7136452198028564, 0.4027091860771179], [0.0, 0.0, 0.0, 1.0]]}, "finger1joint2": {"matrix": [[-0.26063036918640137, -0.5522583723068237, -0.791885256767273, -2.2295334339141846], [0.861248791217804, 0.2376459836959839, -0.44919341802597046, -0.28110048174858093], [0.4362594187259674, -0.7990837097167969, 0.4136941432952881, 0.3147192597389221], [0.0, 0.0, 0.0, 1.0]]}, "finger1joint3": {"matrix": [[-0.3190499246120453, 0.760593831539154, -0.5654236674308777, -2.466277599334717], [0.8020284175872803, 0.5345396995544434, 0.2664912939071655, -0.17922554910182953], [0.5049333572387695, -0.36846184730529785, -0.780562698841095, -0.027834773063659668], [0.0, 0.0, 0.0, 1.0]]}, "Bone.001": {"matrix": [[0.4249826967716217, -0.8020249605178833, -0.41969671845436096, -1.351032018661499], [0.26758426427841187, 0.5542380213737488, -0.7881741523742676, -0.8599595427513123], [0.8647474646568298, 0.22265632450580597, 0.45015081763267517, 0.13208414614200592], [0.0, 0.0, 0.0, 1.0]]}, "finger2joint1": {"matrix": [[-0.2362801432609558, -0.32965198159217834, -0.9140574336051941, -1.8594225645065308], [0.6445915102958679, 0.6507322788238525, -0.40130898356437683, -0.5086371302604675], [0.7270992398262024, -0.6840150356292725, 0.058735743165016174, 0.2732223570346832], [0.0, 0.0, 0.0, 1.0]]}, "finger2joint2": {"matrix": [[-0.17963722348213196, -0.178994283080101, -0.9673113226890564, -2.144620656967163], [0.7351135015487671, 0.6290029883384705, -0.2529090344905853, 0.05434317886829376], [0.6537113785743713, -0.7565155029296875, 0.01858876831829548, -0.31855258345603943], [0.0, 0.0, 0.0, 1.0]]}, "finger2joint3": {"matrix": [[-0.11182644963264465, 0.06733627617359161, -0.9914435744285583, -2.2125699520111084], [0.8220452070236206, 0.5668343901634216, -0.05422189086675644, 0.2931230664253235], [0.5583335161209106, -0.8210749626159668, -0.11874052882194519, -0.6057382822036743], [0.0, 0.0, 0.0, 1.0]]}, "Bone.002": {"matrix": [[-0.2480568140745163, -0.9143962264060974, -0.31991732120513916, -1.351032018661499], [0.5906131863594055, 0.1190180703997612, -0.7981293797492981, -0.8599594831466675], [0.767882764339447, -0.3869287967681885, 0.5105311870574951, 0.13208416104316711], [0.0, 0.0, 0.0, 1.0]]}, "finger3joint1": {"matrix": [[-0.1301698088645935, -0.8865269422531128, -0.443988174200058, -1.7364592552185059], [0.6651599407196045, 0.25399479269981384, -0.7021742463111877, -0.8097922205924988], [0.7352675199508667, -0.38672494888305664, 0.5566197633743286, -0.03101024031639099], [0.0, 0.0, 0.0, 1.0]]}, "finger3joint2": {"matrix": [[-0.25138917565345764, 0.12675601243972778, -0.9595500230789185, -2.5141043663024902], [0.7236865162849426, 0.6829356551170349, -0.09938086569309235, -0.5869926810264587], [0.6427141427993774, -0.7193965911865234, -0.263414204120636, -0.37023821473121643], [0.0, 0.0, 0.0, 1.0]]}, "finger3joint3": {"matrix": [[-0.07984426617622375, 0.7307834029197693, -0.6779235005378723, -2.4320831298828125], [0.7630718946456909, 0.48239466547966003, 0.43013545870780945, -0.14507848024368286], [0.6413628458976746, -0.48296061158180237, -0.596156656742096, -0.8357455730438232], [0.0, 0.0, 0.0, 1.0]]}, "Bone.003": {"matrix": [[-0.8081356287002563, -0.37998294830322266, 0.4500328302383423, -1.351032018661499], [0.0258636511862278, -0.7862240076065063, -0.6173999905586243, -0.8599595427513123], [0.5884281992912292, -0.48730364441871643, 0.6452034115791321, 0.13208416104316711], [0.0, 0.0, 0.0, 1.0]]}, "finger4joint1": {"matrix": [[-0.22073708474636078, -0.8982305526733398, -0.3800743818283081, -1.5138999223709106], [0.7255083322525024, 0.10922600328922272, -0.6794902086257935, -1.1969504356384277], [0.6518532633781433, -0.4257358908653259, 0.6275635957717896, -0.07678362727165222], [0.0, 0.0, 0.0, 1.0]]}, "finger4joint2": {"matrix": [[-0.24856746196746826, -0.033917300403118134, -0.9680203199386597, -2.406165361404419], [0.7145650386810303, 0.6682727932929993, -0.20690041780471802, -1.0884498357772827], [0.653919517993927, -0.7431423664093018, -0.14187473058700562, -0.49969223141670227], [0.0, 0.0, 0.0, 1.0]]}, "finger4joint3": {"matrix": [[-0.23070025444030762, 0.5428529977798462, -0.8075193166732788, -2.420311212539673], [0.6594910621643066, 0.6974403858184814, 0.28044241666793823, -0.809738039970398], [0.7154359817504883, -0.4678537845611572, -0.5189064741134644, -0.8096293210983276], [0.0, 0.0, 0.0, 1.0]]}}