{"root": {"matrix": [[0.45566490292549133, -0.8855912685394287, 0.08998682349920273, 0.0], [-0.4533456265926361, -0.31787583231925964, -0.8327260613441467, 0.0], [0.7660595178604126, 0.33864888548851013, -0.546323835849762, 2.9802322387695312e-08], [0.0, 0.0, 0.0, 1.0]]}, "carpals": {"matrix": [[-0.33765900135040283, -0.4931982755661011, -0.8017116785049438, 0.15352624654769897], [0.814223051071167, 0.2742922306060791, -0.5116680860519409, -1.242750883102417], [0.4722573757171631, -0.8255415558815002, 0.3089561462402344, 2.1253199577331543], [0.0, 0.0, 0.0, 1.0]]}, "metacarpals": {"matrix": [[-0.45860132575035095, -0.6702390909194946, -0.5834930539131165, -0.3268458843231201], [0.7276201844215393, 0.09373191744089127, -0.6795461177825928, -0.9755920171737671], [0.5101505517959595, -0.7362021803855896, 0.44469383358955383, 1.3212473392486572], [0.0, 0.0, 0.0, 1.0]]}, "finger5joint1": {"matrix": [[-0.4660278856754303, -0.7577658295631409, -0.4567369222640991, -0.38883185386657715], [0.738436758518219, -0.048762451857328415, -0.6725571155548096, -0.770231306552887], [0.487369567155838, -0.6507018208503723, 0.5822867751121521, 0.6286728382110596], [0.0, 0.0, 0.0, 1.0]]}, "finger5joint2": {"matrix": [[-0.22759608924388885, -0.9737006425857544, -0.010312027297914028, -1.1892389059066772], [-0.7237145304679871, 0.1762295365333557, -0.667218029499054, -0.8217376470565796], [0.6514880061149597, -0.14439307153224945, -0.7447909712791443, -0.05864546447992325], [0.0, 0.0, 0.0, 1.0]]}, "finger5joint3": {"matrix": [[-0.316587895154953, -0.9049293994903564, -0.28438398241996765, -1.8584976196289062], [-0.6662663817405701, 0.42553818225860596, -0.6123771071434021, -0.7006089091300964], [0.6751744151115417, -0.004395400173962116, -0.7376447319984436, -0.1578918844461441], [0.0, 0.0, 0.0, 1.0]]}, "Bone": {"matrix": [[0.6382747292518616, -0.46471938490867615, -0.6137108206748962, -1.3732751607894897], [0.07759401947259903, 0.8320034146308899, -0.5493170619010925, -0.8292505145072937], [0.7658878564834595, 0.3029952049255371, 0.5671062469482422, 0.17183136940002441], [0.0, 0.0, 0.0, 1.0]]}, "finger1joint1": {"matrix": [[-0.3493943512439728, -0.9353274703025818, 0.055550385266542435, -1.7600089311599731], [0.6604524850845337, -0.28790080547332764, -0.6934806108474731, -0.13686753809452057], [0.6646247506141663, -0.20560981333255768, 0.7183302640914917, 0.4239802360534668], [0.0, 0.0, 0.0, 1.0]]}, "finger1joint2": {"matrix": [[-0.33093973994255066, -0.43204858899116516, -0.8389354348182678, -2.288635492324829], [0.8458529114723206, 0.2583123445510864, -0.46669843792915344, -0.299582839012146], [0.41834402084350586, -0.8640650510787964, 0.27996376156806946, 0.30777400732040405], [0.0, 0.0, 0.0, 1.0]]}, "finger1joint3": {"matrix": [[-0.3981252908706665, 0.7817867398262024, -0.4799015522003174, -2.4738478660583496], [0.7841911315917969, 0.5614927411079407, 0.264140248298645, -0.1888485550880432], [0.47596287727355957, -0.2711735963821411, -0.8366146683692932, -0.06263646483421326], [0.0, 0.0, 0.0, 1.0]]}, "Bone.001": {"matrix": [[0.3663218021392822, -0.8405329585075378, -0.39913952350616455, -1.3732752799987793], [0.2891395390033722, 0.5105476379394531, -0.8097771406173706, -0.8292504549026489], [0.8844243288040161, 0.18123218417167664, 0.43005603551864624, 0.1718313992023468], [0.0, 0.0, 0.0, 1.0]]}, "finger2joint1": {"matrix": [[-0.308442085981369, -0.3066949248313904, -0.9004451036453247, -1.9060752391815186], [0.6300426125526428, 0.6433308720588684, -0.43493831157684326, -0.5056226253509521], [0.7126777768135071, -0.7014721035957336, -0.005199487786740065, 0.28671154379844666], [0.0, 0.0, 0.0, 1.0]]}, "finger2joint2": {"matrix": [[-0.250375360250473, -0.15079379081726074, -0.9563331604003906, -2.1714119911193848], [0.7231252193450928, 0.6276764869689941, -0.2882912755012512, 0.05095435678958893], [0.643740713596344, -0.7637295722961426, -0.0481119342148304, -0.3201664090156555], [0.0, 0.0, 0.0, 1.0]]}, "finger2joint3": {"matrix": [[-0.17955930531024933, 0.10145983844995499, -0.9785009026527405, -2.2286558151245117], [0.8131936192512512, 0.5750547647476196, -0.08959785103797913, 0.28923070430755615], [0.5536013245582581, -0.8117988705635071, -0.1857629269361496, -0.6100906133651733], [0.0, 0.0, 0.0, 1.0]]}, "Bone.002": {"matrix": [[-0.31726938486099243, -0.8989238739013672, -0.3021186888217926, -1.3732751607894897], [0.5759369134902954, 0.07045534253120422, -0.8144522905349731, -0.8292505145072937], [0.7534167766571045, -0.4324020445346832, 0.4953700602054596, 0.1718313843011856], [0.0, 0.0, 0.0, 1.0]]}, "finger3joint1": {"matrix": [[-0.19659416377544403, -0.8736594319343567, -0.4450502395629883, -1.752180576324463], [0.6529540419578552, 0.22195608913898468, -0.7241452932357788, -0.7995527982711792], [0.7314383387565613, -0.43295997381210327, 0.5268240571022034, -0.01043042540550232], [0.0, 0.0, 0.0, 1.0]]}, "finger3joint2": {"matrix": [[-0.31485140323638916, 0.1329120397567749, -0.9397886991500854, -2.518538475036621], [0.7074297070503235, 0.6929807066917419, -0.13899920880794525, -0.6048570275306702], [0.6327811479568481, -0.7085984349250793, -0.312211811542511, -0.3902149498462677], [0.0, 0.0, 0.0, 1.0]]}, "finger3joint3": {"matrix": [[-0.14534114301204681, 0.7321876883506775, -0.6654148697853088, -2.4325339794158936], [0.7542276978492737, 0.5172716379165649, 0.4044385552406311, -0.15644288063049316], [0.6403254866600037, -0.44309282302856445, -0.6274169087409973, -0.8487350344657898], [0.0, 0.0, 0.0, 1.0]]}, "Bone.003": {"matrix": [[-0.8368014097213745, -0.3127188980579376, 0.4494108259677887, -1.3732751607894897], [-0.017699113115668297, -0.8049525022506714, -0.593075156211853, -0.8292504549026489], [0.5472202897071838, -0.5042405128479004, 0.6680504679679871, 0.1718313843011856], [0.0, 0.0, 0.0, 1.0]]}, "finger4joint1": {"matrix": [[-0.28004196286201477, -0.8850395083427429, -0.37186163663864136, -1.507312297821045], [0.7099922299385071, 0.06977333873510361, -0.7007441520690918, -1.1742687225341797], [0.6461327075958252, -0.4602566659450531, 0.6088317632675171, -0.04429590702056885], [0.0, 0.0, 0.0, 1.0]]}, "finger4joint2": {"matrix": [[-0.307384729385376, -0.032303303480148315, -0.9510365724563599, -2.386474370956421], [0.6977411508560181, 0.6719256639480591, -0.24834012985229492, -1.1049587726593018], [0.6470484733581543, -0.7399134039878845, -0.18400031328201294, -0.5014960169792175], [0.0, 0.0, 0.0, 1.0]]}, "finger4joint3": {"matrix": [[-0.2896902561187744, 0.4908820390701294, -0.8216531276702881, -2.399946928024292], [0.6430297493934631, 0.7356805801391602, 0.21280604600906372, -0.824723482131958], [0.7089372873306274, -0.46669965982437134, -0.5287712812423706, -0.8100864887237549], [0.0, 0.0, 0.0, 1.0]]}}