{"root": {"matrix": [[0.6011443734169006, -0.2931496500968933, 0.7434303760528564, 0.0], [0.6421482563018799, 0.7309408187866211, -0.23102198541164398, 5.960464477539063e-08], [-0.47567954659461975, 0.616270124912262, 0.6276465058326721, 0.0], [0.0, 0.0, 0.0, 1.0]]}, "carpals": {"matrix": [[-0.6894807815551758, -0.713768482208252, -0.12308697402477264, 0.9889515042304993], [0.6564204096794128, -0.5439421534538269, -0.5227226614952087, 2.193631172180176], [0.3061508536338806, -0.4412041902542114, 0.8435699939727783, -0.5430856943130493], [0.0, 0.0, 0.0, 1.0]]}, "metacarpals": {"matrix": [[-0.05726088210940361, -0.6884070038795471, 0.7230606079101562, 0.2937452793121338], [0.014735337346792221, -0.7247527241706848, -0.6888513565063477, 1.663834810256958], [0.998250424861908, -0.028789756819605827, 0.05164388567209244, -0.9728158712387085], [0.0, 0.0, 0.0, 1.0]]}, "finger5joint1": {"matrix": [[-0.3411497175693512, -0.903782069683075, 0.2584461271762848, -0.38650381565093994], [-0.32866400480270386, -0.14290443062782288, -0.9335727095603943, 1.5310262441635132], [0.8806796073913574, -0.40343019366264343, -0.24828894436359406, -1.1856486797332764], [0.0, 0.0, 0.0, 1.0]]}, "finger5joint2": {"matrix": [[0.2142595797777176, -0.8062686920166016, -0.5513825416564941, -1.3411438465118408], [-0.9567992687225342, -0.2868233025074005, 0.047613900154829025, 1.3800801038742065], [-0.19653911888599396, 0.5173609256744385, -0.8328924179077148, -1.6117806434631348], [0.0, 0.0, 0.0, 1.0]]}, "finger5joint3": {"matrix": [[0.16808389127254486, -0.7054024934768677, -0.688588559627533, -1.8953205347061157], [-0.9805610775947571, -0.19137364625930786, -0.04330721125006676, 1.182936429977417], [-0.10122879594564438, 0.6824827790260315, -0.7238575220108032, -1.2561804056167603], [0.0, 0.0, 0.0, 1.0]]}, "Bone": {"matrix": [[0.6076534390449524, -0.28558194637298584, 0.7410802245140076, -0.7810491323471069], [0.7739599943161011, 0.003605789504945278, -0.6332240700721741, 0.5322946310043335], [0.1781652569770813, 0.9583474397659302, 0.2232201099395752, -1.017764687538147], [0.0, 0.0, 0.0, 1.0]]}, "finger1joint1": {"matrix": [[0.07281815260648727, -0.7548564672470093, 0.651835024356842, -1.018707036972046], [0.09396754205226898, -0.6454699635505676, -0.7579830884933472, 0.535295307636261], [0.9929085969924927, 0.11644627153873444, 0.023930056020617485, -0.2202398180961609], [0.0, 0.0, 0.0, 1.0]]}, "finger1joint2": {"matrix": [[-0.11401281505823135, -0.9145872592926025, 0.3879832327365875, -1.4453355073928833], [0.33316999673843384, -0.4031132161617279, -0.8523480892181396, 0.17048966884613037], [0.9359480738639832, 0.03208574652671814, 0.350673109292984, -0.15442690253257751], [0.0, 0.0, 0.0, 1.0]]}, "finger1joint3": {"matrix": [[-0.04050378501415253, -0.997813880443573, -0.05221633240580559, -1.8374040126800537], [0.25970080494880676, 0.03995027393102646, -0.9648622870445251, -0.0023183394223451614], [0.9648393988609314, -0.052641190588474274, 0.25751492381095886, -0.1406722515821457], [0.0, 0.0, 0.0, 1.0]]}, "Bone.001": {"matrix": [[0.5580899119377136, -0.2155156135559082, 0.8013041019439697, -0.7810491323471069], [0.6491357088088989, -0.488132506608963, -0.5833945274353027, 0.5322946310043335], [0.5168733596801758, 0.845741868019104, -0.13252297043800354, -1.017764687538147], [0.0, 0.0, 0.0, 1.0]]}, "finger2joint1": {"matrix": [[0.4517533481121063, -0.879062294960022, -0.15221017599105835, -0.9176610112190247], [0.1235913410782814, 0.23063227534294128, -0.9651598930358887, 0.22287540137767792], [0.8835404515266418, 0.4172024428844452, 0.21283340454101562, -0.481662780046463], [0.0, 0.0, 0.0, 1.0]]}, "finger2joint2": {"matrix": [[0.38253241777420044, -0.6415207386016846, -0.6649208068847656, -1.6781808137893677], [0.23260337114334106, 0.7633439302444458, -0.6026619672775269, 0.4224066734313965], [0.8941836953163147, 0.075874924659729, 0.44122371077537537, -0.1207205206155777], [0.0, 0.0, 0.0, 1.0]]}, "finger2joint3": {"matrix": [[0.36429938673973083, -0.5212544202804565, -0.7717378735542297, -1.9217126369476318], [0.3715348243713379, 0.8412280082702637, -0.39280661940574646, 0.7121845483779907], [0.8539599180221558, -0.14362832903862, 0.5001230835914612, -0.09191714227199554], [0.0, 0.0, 0.0, 1.0]]}, "Bone.002": {"matrix": [[0.23707270622253418, -0.4467581510543823, 0.8626722097396851, -0.7810491323471069], [0.13402202725410461, -0.8644563555717468, -0.4845132529735565, 0.5322946310043335], [0.9622029662132263, 0.23048189282417297, -0.1450635939836502, -1.017764687538147], [0.0, 0.0, 0.0, 1.0]]}, "finger3joint1": {"matrix": [[0.014709211885929108, -0.7182526588439941, 0.6956266164779663, -0.969362199306488], [0.08558960258960724, -0.6922438740730286, -0.7165700197219849, 0.16791757941246033], [0.9962219595909119, 0.07007845491170883, 0.05129259079694748, -0.9206142425537109], [0.0, 0.0, 0.0, 1.0]]}, "finger3joint2": {"matrix": [[-0.12604430317878723, -0.971179723739624, -0.2022927850484848, -1.599400281906128], [0.002786138327792287, 0.20357199013233185, -0.9790560007095337, -0.43930599093437195], [0.9920207262039185, -0.12396813929080963, -0.02295338362455368, -0.8591427206993103], [0.0, 0.0, 0.0, 1.0]]}, "finger3joint3": {"matrix": [[-0.13825766742229462, 0.10310426354408264, -0.9850147366523743, -2.2278316020965576], [0.1774851530790329, 0.9810451865196228, 0.07777703553438187, -0.30757859349250793], [0.9743633270263672, -0.16407214105129242, -0.15393663942813873, -0.9393600821495056], [0.0, 0.0, 0.0, 1.0]]}, "Bone.003": {"matrix": [[0.3928542733192444, 0.05747394263744354, 0.9178028702735901, -0.7810491323471069], [-0.6159823536872864, -0.7246103882789612, 0.30903950333595276, 0.5322946310043335], [0.6828112006187439, -0.6867580413818359, -0.24926334619522095, -1.0177648067474365], [0.0, 0.0, 0.0, 1.0]]}, "finger4joint1": {"matrix": [[0.10048054158687592, -0.6653834581375122, 0.7397081255912781, -0.7564145922660828], [0.18389718234539032, -0.7182402610778809, -0.6710531711578369, 0.22171258926391602], [0.9777961373329163, 0.20345795154571533, 0.05019297078251839, -1.3121225833892822], [0.0, 0.0, 0.0, 1.0]]}, "finger4joint2": {"matrix": [[0.09946658462285995, -0.9720286130905151, 0.21275873482227325, -1.4173792600631714], [0.1543920785188675, -0.19615282118320465, -0.9683422446250916, -0.49175789952278137], [0.9829899072647095, 0.1291658878326416, 0.13056282699108124, -1.1100157499313354], [0.0, 0.0, 0.0, 1.0]]}, "finger4joint3": {"matrix": [[0.17680010199546814, -0.9823064804077148, -0.061767417937517166, -1.8227763175964355], [0.18431207537651062, 0.09468885511159897, -0.9782958030700684, -0.5735659599304199], [0.9668352603912354, 0.16157828271389008, 0.1977919042110443, -1.056145429611206], [0.0, 0.0, 0.0, 1.0]]}}