{"root": {"matrix": [[0.3543536961078644, -0.9283686876296997, 0.11209389567375183, 0.0], [0.1648637056350708, -0.05597110465168953, -0.9847269654273987, -3.725290298461914e-09], [0.9204636812210083, 0.36742186546325684, 0.13322065770626068, 0.0], [0.0, 0.0, 0.0, 1.0]]}, "carpals": {"matrix": [[-0.2772718071937561, -0.3406672179698944, -0.8983684778213501, -0.11994302272796631], [0.9592775106430054, -0.15062680840492249, -0.23895210027694702, 0.42875874042510986], [-0.05391504243016243, -0.9280393719673157, 0.36855900287628174, 2.4262654781341553], [0.0, 0.0, 0.0, 1.0]]}, "metacarpals": {"matrix": [[-0.45275983214378357, -0.6416787505149841, -0.6190773248672485, -0.45175087451934814], [0.8916317820549011, -0.3266927897930145, -0.3134717345237732, 0.28204917907714844], [-0.001099754823371768, -0.693916380405426, 0.7200545072555542, 1.5223608016967773], [0.0, 0.0, 0.0, 1.0]]}, "finger5joint1": {"matrix": [[-0.49753448367118835, -0.7106852531433105, -0.49737873673439026, -0.4838252067565918], [0.8647858500480652, -0.4512290358543396, -0.22031289339065552, 0.06811690330505371], [-0.06785839051008224, -0.5397393703460693, 0.839092493057251, 0.8303500413894653], [0.0, 0.0, 0.0, 1.0]]}, "finger5joint2": {"matrix": [[-0.3298279941082001, -0.9092031717300415, 0.25409138202667236, -1.2345023155212402], [-0.20566974580287933, -0.19348286092281342, -0.9593039751052856, -0.40850383043289185], [0.9213646650314331, -0.36866405606269836, -0.12317978590726852, 0.26023831963539124], [0.0, 0.0, 0.0, 1.0]]}, "finger5joint3": {"matrix": [[-0.42675289511680603, -0.9022654294967651, 0.06163084879517555, -1.8594294786453247], [-0.16970723867416382, 0.012957898899912834, -0.9854092001914978, -0.5414913892745972], [0.888302206993103, -0.43098530173301697, -0.15865100920200348, 0.006842583417892456], [0.0, 0.0, 0.0, 1.0]]}, "Bone": {"matrix": [[0.6140725016593933, -0.44860780239105225, -0.6493579745292664, -1.4535894393920898], [0.4858225882053375, 0.8632605075836182, -0.13695847988128662, -0.22800901532173157], [0.6220057606697083, -0.23137016594409943, 0.7480483055114746, 0.4389647841453552], [0.0, 0.0, 0.0, 1.0]]}, "finger1joint1": {"matrix": [[-0.330251008272171, -0.5351635813713074, -0.7775177955627441, -1.8269155025482178], [0.9211919903755188, -0.0031690457835793495, -0.38909536600112915, 0.4903857409954071], [0.20576581358909607, -0.8447422385215759, 0.494035005569458, 0.24642138183116913], [0.0, 0.0, 0.0, 1.0]]}, "finger1joint2": {"matrix": [[-0.06707876920700073, -0.26137733459472656, -0.9629029631614685, -2.129378318786621], [0.9957922101020813, 0.04285392537713051, -0.08100249618291855, 0.4885946810245514], [0.06243651360273361, -0.9642847180366516, 0.25740304589271545, -0.2310085892677307], [0.0, 0.0, 0.0, 1.0]]}, "finger1joint3": {"matrix": [[-0.15461543202400208, 0.16951894760131836, -0.9733227491378784, -2.241426467895508], [0.9802232384681702, 0.14948830008506775, -0.12967589497566223, 0.5069654583930969], [0.1235179752111435, -0.9741232991218567, -0.1892794817686081, -0.6443817019462585], [0.0, 0.0, 0.0, 1.0]]}, "Bone.001": {"matrix": [[0.34497329592704773, -0.8298996090888977, -0.4384743273258209, -1.4535894393920898], [0.7294685244560242, 0.5310226082801819, -0.4311501979827881, -0.22800903022289276], [0.590651273727417, -0.17111775279045105, 0.78857421875, 0.4389647841453552], [0.0, 0.0, 0.0, 1.0]]}, "finger2joint1": {"matrix": [[-0.35549354553222656, -0.9183836579322815, -0.17376859486103058, -1.9796490669250488], [0.93208909034729, -0.3344990611076355, -0.13899661600589752, 0.10859756171703339], [0.06952695548534393, -0.21138018369674683, 0.9749276638031006, 0.33049604296684265], [0.0, 0.0, 0.0, 1.0]]}, "finger2joint2": {"matrix": [[-0.4195019602775574, 0.3530873656272888, -0.836269736289978, -2.7741880416870117], [0.9068608283996582, 0.12214551120996475, -0.4033409059047699, -0.18079395592212677], [-0.04026779532432556, -0.9275825619697571, -0.3714413046836853, 0.14762067794799805], [0.0, 0.0, 0.0, 1.0]]}, "finger2joint3": {"matrix": [[-0.2998228967189789, 0.9457550048828125, 0.12511315941810608, -2.640150308609009], [0.9472737312316895, 0.31067925691604614, -0.07842615991830826, -0.13442552089691162], [-0.11304184049367905, 0.09500236064195633, -0.9890377521514893, -0.20450487732887268], [0.0, 0.0, 0.0, 1.0]]}, "Bone.002": {"matrix": [[-0.3245355486869812, -0.8811355233192444, -0.3439137637615204, -1.4535894393920898], [0.8998148441314697, -0.17552463710308075, -0.3994050920009613, -0.22800898551940918], [0.29156485199928284, -0.43907973170280457, 0.8498227000236511, 0.4389647841453552], [0.0, 0.0, 0.0, 1.0]]}, "finger3joint1": {"matrix": [[-0.07733076065778732, -0.8596827983856201, -0.5049408078193665, -1.8249967098236084], [0.9377776980400085, 0.10924045741558075, -0.3296052813529968, -0.3019943833351135], [0.33851611614227295, -0.4990106523036957, 0.7977436184883118, 0.2538882791996002], [0.0, 0.0, 0.0, 1.0]]}, "finger3joint2": {"matrix": [[-0.19264595210552216, 0.20350266993045807, -0.959934413433075, -2.579094648361206], [0.9553248286247253, 0.2623562216758728, -0.13610228896141052, -0.2061706781387329], [0.224147766828537, -0.9432685375213623, -0.24495282769203186, -0.18383461236953735], [0.0, 0.0, 0.0, 1.0]]}, "finger3joint3": {"matrix": [[-0.01813862845301628, 0.7779300212860107, -0.6280888915061951, -2.4474122524261475], [0.9764305949211121, 0.1489090621471405, 0.15623538196086884, -0.03640514239668846], [0.21506847441196442, -0.6104514002799988, -0.7622954249382019, -0.7942051291465759], [0.0, 0.0, 0.0, 1.0]]}, "Bone.003": {"matrix": [[-0.8550010919570923, -0.3203502297401428, 0.40785861015319824, -1.4535894393920898], [0.29541724920272827, -0.947197437286377, -0.12468239665031433, -0.22800901532173157], [0.42626479268074036, 0.013884767889976501, 0.9044917821884155, 0.4389647841453552], [0.0, 0.0, 0.0, 1.0]]}, "finger4joint1": {"matrix": [[-0.28684091567993164, -0.7199094891548157, -0.6320222616195679, -1.590897798538208], [0.9433714151382446, -0.09750087559223175, -0.31708645820617676, -0.6339962482452393], [0.16665105521678925, -0.6871851086616516, 0.7071093320846558, 0.44491612911224365], [0.0, 0.0, 0.0, 1.0]]}, "finger4joint2": {"matrix": [[-0.3154190480709076, -0.08025068789720535, -0.9455528259277344, -2.3060262203216553], [0.9345895051956177, 0.14643433690071106, -0.32419008016586304, -0.7308496236801147], [0.1644781082868576, -0.985959529876709, 0.02881341055035591, -0.23770543932914734], [0.0, 0.0, 0.0, 1.0]]}, "finger4joint3": {"matrix": [[-0.29379045963287354, 0.33653610944747925, -0.8946676254272461, -2.339495897293091], [0.9238244891166687, 0.3402876853942871, -0.175363227725029, -0.6697772741317749], [0.24542854726314545, -0.8780360817909241, -0.4108734726905823, -0.6489125490188599], [0.0, 0.0, 0.0, 1.0]]}}