{"root": {"matrix": [[0.14897586405277252, -0.9550029039382935, 0.2564677298069, 0.0], [0.6002710461616516, -0.11876609921455383, -0.79092937707901, 0.0], [0.785799503326416, 0.27177953720092773, 0.5555672645568848, 0.0], [0.0, 0.0, 0.0, 1.0]]}, "carpals": {"matrix": [[-0.32611533999443054, -0.3569307327270508, -0.8753564953804016, -0.6267011165618896], [0.8653029203414917, -0.48557353019714355, -0.12437491863965988, 1.3301684856414795], [-0.3806566596031189, -0.7980090379714966, 0.467206209897995, 1.9806268215179443], [0.0, 0.0, 0.0, 1.0]]}, "metacarpals": {"matrix": [[-0.3453591763973236, -0.7326282262802124, -0.586500346660614, -0.9743494987487793], [0.9040310978889465, -0.42746344208717346, 0.0016306854085996747, 0.8572227358818054], [-0.25190210342407227, -0.5296513438224792, 0.80994713306427, 1.2033710479736328], [0.0, 0.0, 0.0, 1.0]]}, "finger5joint1": {"matrix": [[-0.20383842289447784, -0.5022677779197693, -0.840343177318573, -1.0905721187591553], [0.9629931449890137, 0.05173921585083008, -0.264513224363327, 0.4539852440357208], [0.1763352006673813, -0.8631625771522522, 0.47313401103019714, 0.6121294498443604], [0.0, 0.0, 0.0, 1.0]]}, "finger5joint2": {"matrix": [[-0.833734929561615, -0.5485175251960754, -0.0633561834692955, -1.6211036443710327], [-0.264697790145874, 0.4977358281612396, -0.8259502649307251, 0.5086359977722168], [0.4845829904079437, -0.6718531847000122, -0.5601712465286255, -0.29960528016090393], [0.0, 0.0, 0.0, 1.0]]}, "finger5joint3": {"matrix": [[-0.876542866230011, -0.4386212229728699, -0.19820044934749603, -1.9981188774108887], [-0.17120027542114258, 0.6689687967300415, -0.7233055830001831, 0.8507472276687622], [0.4498472213745117, -0.6000762581825256, -0.6614719033241272, -0.7613935470581055], [0.0, 0.0, 0.0, 1.0]]}, "Bone": {"matrix": [[0.7174350023269653, -0.3644275963306427, -0.5936996340751648, -2.11818528175354], [0.5602848529815674, 0.8083046674728394, 0.1808987706899643, 0.1898336410522461], [0.41396564245224, -0.46242401003837585, 0.7840893268585205, 0.3764382302761078], [0.0, 0.0, 0.0, 1.0]]}, "finger1joint1": {"matrix": [[-0.2631188929080963, -0.5103214979171753, -0.8187430500984192, -2.4214577674865723], [0.9510587453842163, -0.27973610162734985, -0.1312817931175232, 0.8624948263168335], [-0.16203606128692627, -0.8132153749465942, 0.5589495897293091, -0.008385330438613892], [0.0, 0.0, 0.0, 1.0]]}, "finger1joint2": {"matrix": [[0.008906704373657703, 0.5086982250213623, -0.8608986735343933, -2.7098803520202637], [0.9512729644775391, -0.26967892050743103, -0.14950934052467346, 0.7043939828872681], [-0.30822136998176575, -0.8176180124282837, -0.48631271719932556, -0.46799707412719727], [0.0, 0.0, 0.0, 1.0]]}, "finger1joint3": {"matrix": [[-0.09699353575706482, 0.8694427013397217, -0.4844186305999756, -2.491809844970703], [0.9404909610748291, -0.07919995486736298, -0.3304606080055237, 0.5887870788574219], [-0.32568255066871643, -0.48764389753341675, -0.8100209832191467, -0.8184964656829834], [0.0, 0.0, 0.0, 1.0]]}, "Bone.001": {"matrix": [[0.4765162169933319, -0.77482670545578, -0.41542214155197144, -2.118185520172119], [0.8178771138191223, 0.5640211701393127, -0.11382859200239182, 0.1898336410522461], [0.32250431180000305, -0.28552302718162537, 0.9024782776832581, 0.3764382004737854], [0.0, 0.0, 0.0, 1.0]]}, "finger2joint1": {"matrix": [[-0.21414953470230103, -0.03958246484398842, -0.9759984016418457, -2.609335422515869], [0.9734374284744263, -0.09149355441331863, -0.20987695455551147, 0.547357439994812], [-0.08099008351564407, -0.9950184226036072, 0.05812442675232887, 0.19544976949691772], [0.0, 0.0, 0.0, 1.0]]}, "finger2joint2": {"matrix": [[-0.125736802816391, 0.9820758104324341, 0.14041738212108612, -2.643580436706543], [0.976387619972229, 0.14756640791893005, -0.15776978433132172, 0.4682019054889679], [-0.1756627857685089, 0.1172642633318901, -0.977441132068634, -0.6653892993927002], [0.0, 0.0, 0.0, 1.0]]}, "finger2joint3": {"matrix": [[-0.024305861443281174, 0.19077984988689423, 0.9813317656517029, -2.270768404006958], [0.9970349669456482, 0.07631448656320572, 0.0098585095256567, 0.5242205858230591], [-0.07300903648138046, 0.9786615967750549, -0.19206909835338593, -0.6208738684654236], [0.0, 0.0, 0.0, 1.0]]}, "Bone.002": {"matrix": [[-0.19222860038280487, -0.9301317930221558, -0.3128942549228668, -2.1181857585906982], [0.9811881184577942, -0.17637072503566742, -0.07850682735443115, 0.18983367085456848], [0.017836343497037888, -0.3220992088317871, 0.9465376734733582, 0.3764382004737854], [0.0, 0.0, 0.0, 1.0]]}, "finger3joint1": {"matrix": [[-0.15583302080631256, -0.5273168683052063, -0.8352560997009277, -2.5102453231811523], [0.9862892031669617, -0.12955814599990845, -0.1022179052233696, 0.11549162119626999], [-0.05431298166513443, -0.8397327661514282, 0.5402764081954956, 0.24067014455795288], [0.0, 0.0, 0.0, 1.0]]}, "finger3joint2": {"matrix": [[-0.20473237335681915, 0.7038933038711548, -0.6801608204841614, -2.9727981090545654], [0.9566085934638977, -0.0032979340758174658, -0.29135769605636597, 0.0018456089310348034], [-0.20732778310775757, -0.7102979421615601, -0.6726750135421753, -0.49592792987823486], [0.0, 0.0, 0.0, 1.0]]}, "finger3joint3": {"matrix": [[-0.05225926265120506, 0.9926791787147522, -0.10888970643281937, -2.517322540283203], [0.9906226396560669, 0.03774731978774071, -0.13130880892276764, -0.0002884203568100929], [-0.1262371838092804, -0.11473086476325989, -0.9853428602218628, -0.9555477499961853], [0.0, 0.0, 0.0, 1.0]]}, "Bone.003": {"matrix": [[-0.7751787900924683, -0.4249836206436157, 0.46742552518844604, -2.118185520172119], [0.5220465660095215, -0.8475954532623291, 0.09512797743082047, 0.1898336410522461], [0.35575997829437256, 0.31775912642478943, 0.8788991570472717, 0.3764382004737854], [0.0, 0.0, 0.0, 1.0]]}, "finger4joint1": {"matrix": [[-0.34689074754714966, -0.3471047878265381, -0.8713120222091675, -2.3003416061401367], [0.9014445543289185, -0.37989693880081177, -0.20754751563072205, -0.17346221208572388], [-0.25896796584129333, -0.8574357628822327, 0.44467854499816895, 0.5126359462738037], [0.0, 0.0, 0.0, 1.0]]}, "finger4joint2": {"matrix": [[-0.37151676416397095, 0.39244458079338074, -0.8414048552513123, -2.645141363143921], [0.8883232474327087, -0.11322219669818878, -0.4450419247150421, -0.5508363246917725], [-0.26991990208625793, -0.9127801060676575, -0.3065536320209503, -0.33910560607910156], [0.0, 0.0, 0.0, 1.0]]}, "finger4joint3": {"matrix": [[-0.39050477743148804, 0.6995318531990051, -0.5984653234481812, -2.4814674854278564], [0.9010754823684692, 0.15726003050804138, -0.4041435718536377, -0.5980570316314697], [-0.18859654664993286, -0.69708251953125, -0.6917417645454407, -0.719792366027832], [0.0, 0.0, 0.0, 1.0]]}}