{"root": {"matrix": [[0.4760452210903168, -0.8671191334724426, 0.14657898247241974, 0.0], [-0.0987078845500946, -0.21830828487873077, -0.9708749651908875, 0.0], [0.8738636374473572, 0.44771188497543335, -0.18951618671417236, 0.0], [0.0, 0.0, 0.0, 1.0]]}, "carpals": {"matrix": [[-0.2698802649974823, -0.5832386612892151, -0.766157329082489, 0.211334228515625], [0.9402661323547363, 0.011852878145873547, -0.34023353457450867, -0.3277570903301239], [0.20751875638961792, -0.8122141361236572, 0.545200765132904, 2.4357540607452393], [0.0, 0.0, 0.0, 1.0]]}, "metacarpals": {"matrix": [[-0.31985339522361755, -0.7190724611282349, -0.6169508099555969, -0.35673677921295166], [0.9045570492744446, -0.03801402077078819, -0.4246543347835541, -0.3162125051021576], [0.2819047272205353, -0.6938943862915039, 0.6626009941101074, 1.6446624994277954], [0.0, 0.0, 0.0, 1.0]]}, "finger5joint1": {"matrix": [[-0.4474075734615326, -0.7312389612197876, -0.5148938894271851, -0.45717257261276245], [0.8817722201347351, -0.2645391523838043, -0.39050817489624023, -0.32193565368652344], [0.1493455022573471, -0.6287354826927185, 0.7631430625915527, 0.9266411066055298], [0.0, 0.0, 0.0, 1.0]]}, "finger5joint2": {"matrix": [[-0.3506975471973419, -0.9202224016189575, 0.173785001039505, -1.2295600175857544], [-0.40661901235580444, -0.017539359629154205, -0.9134292602539062, -0.6013609766960144], [0.8436063528060913, -0.3910015821456909, -0.36802929639816284, 0.2625252306461334], [0.0, 0.0, 0.0, 1.0]]}, "finger5joint3": {"matrix": [[-0.4441070556640625, -0.8956859707832336, -0.022690951824188232, -1.8620612621307373], [-0.3555731177330017, 0.19943606853485107, -0.9131224751472473, -0.6134164333343506], [0.8223965167999268, -0.39745569229125977, -0.4070531725883484, -0.0062238723039627075], [0.0, 0.0, 0.0, 1.0]]}, "Bone": {"matrix": [[0.710606038570404, -0.3324965238571167, -0.620068371295929, -1.4794085025787354], [0.2130546271800995, 0.9416037797927856, -0.26074880361557007, -0.3755629062652588], [0.6705568432807922, 0.0531814806163311, 0.7399492859840393, 0.5613006949424744], [0.0, 0.0, 0.0, 1.0]]}, "finger1joint1": {"matrix": [[-0.17041628062725067, -0.9580357670783997, -0.23048953711986542, -1.756108045578003], [0.8657548427581787, -0.03387194499373436, -0.4993206858634949, 0.40802809596061707], [0.4705601632595062, -0.28463971614837646, 0.8351964354515076, 0.6055576801300049], [0.0, 0.0, 0.0, 1.0]]}, "finger1joint2": {"matrix": [[-0.07295490056276321, -0.35898450016975403, -0.9304877519607544, -2.2975690364837646], [0.9771715402603149, 0.1609276384115219, -0.1387014538049698, 0.38888439536094666], [0.19953306019306183, -0.9193650484085083, 0.3390490710735321, 0.4446854889392853], [0.0, 0.0, 0.0, 1.0]]}, "finger1joint3": {"matrix": [[-0.15359367430210114, 0.756634533405304, -0.6355413794517517, -2.4514598846435547], [0.951535701751709, 0.2866770327091217, 0.11133794486522675, 0.4578714370727539], [0.26643747091293335, -0.587639570236206, -0.763996422290802, 0.050568804144859314], [0.0, 0.0, 0.0, 1.0]]}, "Bone.001": {"matrix": [[0.47783362865448, -0.7535089254379272, -0.45155176520347595, -1.4794085025787354], [0.48671379685401917, 0.655013382434845, -0.5779851675033569, -0.3755629360675812], [0.7312895655632019, 0.056404467672109604, 0.6797306537628174, 0.5613007545471191], [0.0, 0.0, 0.0, 1.0]]}, "finger2joint1": {"matrix": [[-0.19326117634773254, -0.2707461416721344, -0.9430515766143799, -1.957045316696167], [0.8885630369186401, 0.35929128527641296, -0.2852458357810974, 0.03963935375213623], [0.416059672832489, -0.8930878043174744, 0.17113801836967468, 0.5970546007156372], [0.0, 0.0, 0.0, 1.0]]}, "finger2joint2": {"matrix": [[-0.12897299230098724, -0.12146392464637756, -0.9841809868812561, -2.1912810802459717], [0.9399559497833252, 0.30127623677253723, -0.16035988926887512, 0.3504798412322998], [0.31598854064941406, -0.9457687735557556, 0.07531431317329407, -0.17559939622879028], [0.0, 0.0, 0.0, 1.0]]}, "finger2joint3": {"matrix": [[-0.05359465256333351, 0.11996930837631226, -0.9913297295570374, -2.2373909950256348], [0.9788519740104675, 0.2025877684354782, -0.028403209522366524, 0.46484923362731934], [0.1974239945411682, -0.9718874096870422, -0.12828974425792694, -0.5346287488937378], [0.0, 0.0, 0.0, 1.0]]}, "Bone.002": {"matrix": [[-0.17585191130638123, -0.9200224280357361, -0.35019224882125854, -1.4794085025787354], [0.8146106600761414, 0.06373059749603271, -0.5764961838722229, -0.3755629360675812], [0.5527076125144958, -0.38664814829826355, 0.7382528781890869, 0.5613006949424744], [0.0, 0.0, 0.0, 1.0]]}, "finger3joint1": {"matrix": [[-0.2232685089111328, -0.759885311126709, -0.6105121970176697, -1.8672070503234863], [0.899349570274353, 0.08096195012331009, -0.42966920137405396, -0.3486998379230499], [0.3759279251098633, -0.6449953317642212, 0.6653262376785278, 0.3983246386051178], [0.0, 0.0, 0.0, 1.0]]}, "finger3joint2": {"matrix": [[-0.3167608380317688, 0.18324695527553558, -0.9306357502937317, -2.533764600753784], [0.91681969165802, 0.3106357753276825, -0.25089260935783386, -0.27768149971961975], [0.24311380088329315, -0.9326980710029602, -0.26640158891677856, -0.16745340824127197], [0.0, 0.0, 0.0, 1.0]]}, "finger3joint3": {"matrix": [[-0.14626288414001465, 0.678870677947998, -0.7195425629615784, -2.415189266204834], [0.9602208733558655, 0.2723286747932434, 0.06174915283918381, -0.07667520642280579], [0.23787207901477814, -0.6818882822990417, -0.6916972398757935, -0.7709839344024658], [0.0, 0.0, 0.0, 1.0]]}, "Bone.003": {"matrix": [[-0.779123842716217, -0.45135965943336487, 0.43501752614974976, -1.4794085025787354], [0.26626941561698914, -0.8665233254432678, -0.4221822917461395, -0.3755629062652588], [0.5675090551376343, -0.21310055255889893, 0.795312225818634, 0.5613006949424744], [0.0, 0.0, 0.0, 1.0]]}, "finger4joint1": {"matrix": [[-0.3534180819988251, -0.6651202440261841, -0.6578071117401123, -1.6728699207305908], [0.9041898250579834, -0.0625736191868782, -0.42252224683761597, -0.7469716668128967], [0.23986704647541046, -0.7441096305847168, 0.6235097050666809, 0.4699617326259613], [0.0, 0.0, 0.0, 1.0]]}, "finger4joint2": {"matrix": [[-0.38120827078819275, -0.047999292612075806, -0.9232420325279236, -2.33357310295105], [0.8941901922225952, 0.2344290018081665, -0.38140085339546204, -0.8091297149658203], [0.23474198579788208, -0.970947265625, -0.04644571617245674, -0.26920637488365173], [0.0, 0.0, 0.0, 1.0]]}, "finger4joint3": {"matrix": [[-0.3623522222042084, 0.3725149929523468, -0.8543611168861389, -2.3535919189453125], [0.877091646194458, 0.4463755488395691, -0.17736609280109406, -0.7113580703735352], [0.31529471278190613, -0.8136221766471863, -0.48847496509552, -0.6741523742675781], [0.0, 0.0, 0.0, 1.0]]}}