{"root": {"matrix": [[0.06891875714063644, -0.930954098701477, 0.3585730195045471, -5.960464477539063e-08], [0.18870879709720612, -0.3407733738422394, -0.9210116863250732, 0.0], [0.9796117544174194, 0.1311408430337906, 0.15219348669052124, 0.0], [0.0, 0.0, 0.0, 1.0]]}, "carpals": {"matrix": [[-0.46779248118400574, -0.26629638671875, -0.8427670001983643, -0.7956881523132324], [0.8805325031280518, -0.2228100597858429, -0.4183516204357147, 0.1967514604330063], [-0.07637125253677368, -0.9377854466438293, 0.3387114703655243, 2.3266186714172363], [0.0, 0.0, 0.0, 1.0]]}, "metacarpals": {"matrix": [[-0.45410555601119995, -0.6272175908088684, -0.6327606439590454, -1.0550593137741089], [0.8741561770439148, -0.17642471194267273, -0.452465683221817, -0.02026417851448059], [0.17215998470783234, -0.7585987448692322, 0.628401517868042, 1.4132213592529297], [0.0, 0.0, 0.0, 1.0]]}, "finger5joint1": {"matrix": [[-0.39172565937042236, -0.4967159032821655, -0.7744830846786499, -1.0730159282684326], [0.7915040254592896, 0.2472580224275589, -0.5589139461517334, -0.08819907903671265], [0.46911877393722534, -0.8319472670555115, 0.29629528522491455, 0.6916000843048096], [0.0, 0.0, 0.0, 1.0]]}, "finger5joint2": {"matrix": [[-0.7479626536369324, -0.5502891540527344, 0.37112417817115784, -1.5976831912994385], [-0.5882810950279236, 0.29068416357040405, -0.7546043395996094, 0.17297273874282837], [0.307370662689209, -0.7827410697937012, -0.5411459803581238, -0.18716275691986084], [0.0, 0.0, 0.0, 1.0]]}, "finger5joint3": {"matrix": [[-0.8153611421585083, -0.5310577154159546, 0.23057161271572113, -1.9759163856506348], [-0.5161347985267639, 0.48634010553359985, -0.7050374150276184, 0.3727701008319855], [0.26227936148643494, -0.6938660740852356, -0.6706405282020569, -0.7251681089401245], [0.0, 0.0, 0.0, 1.0]]}, "Bone": {"matrix": [[0.6007866859436035, -0.44532880187034607, -0.6638805270195007, -2.034320116043091], [0.3469584882259369, 0.8934262990951538, -0.2853228747844696, -0.2957121431827545], [0.7201908230781555, -0.058920640498399734, 0.6912692189216614, 0.22883807122707367], [0.0, 0.0, 0.0, 1.0]]}, "finger1joint1": {"matrix": [[-0.38547080755233765, -0.4075571894645691, -0.8278340101242065, -2.4049174785614014], [0.8781867623329163, 0.11331216245889664, -0.4647023677825928, 0.4477861821651459], [0.2831965982913971, -0.9061219692230225, 0.31423279643058777, 0.17980501055717468], [0.0, 0.0, 0.0, 1.0]]}, "finger1joint2": {"matrix": [[-0.1068984791636467, 0.8935195207595825, -0.43611401319503784, -2.6352596282958984], [0.9755271077156067, 0.17902103066444397, 0.1276649385690689, 0.5118277668952942], [0.19214481115341187, -0.41179388761520386, -0.8907894492149353, -0.33231547474861145], [0.0, 0.0, 0.0, 1.0]]}, "finger1joint3": {"matrix": [[-0.183223694562912, 0.19960804283618927, 0.9625930786132812, -2.2522225379943848], [0.9762127995491028, -0.0785181000828743, 0.20209793746471405, 0.5885711312294006], [0.11592148244380951, 0.9767246842384338, -0.18047359585762024, -0.5088447332382202], [0.0, 0.0, 0.0, 1.0]]}, "Bone.001": {"matrix": [[0.33196625113487244, -0.8271996974945068, -0.4533638060092926, -2.0343198776245117], [0.5925326943397522, 0.5568270087242126, -0.5821069478988647, -0.2957121729850769], [0.7339639663696289, -0.07539290189743042, 0.6749906539916992, 0.22883805632591248], [0.0, 0.0, 0.0, 1.0]]}, "finger2joint1": {"matrix": [[-0.2834455966949463, -0.06734956055879593, -0.9566202759742737, -2.558668375015259], [0.6892412900924683, 0.6792786717414856, -0.2520451545715332, 0.05725133419036865], [0.6667869687080383, -0.7307831645011902, -0.1461184024810791, 0.1810477375984192], [0.0, 0.0, 0.0, 1.0]]}, "finger2joint2": {"matrix": [[-0.1987529993057251, 0.40361469984054565, -0.8930801749229431, -2.6169357299804688], [0.7681760787963867, 0.6300463676452637, 0.11378456652164459, 0.6449285745620728], [0.6086071729660034, -0.6634276509284973, -0.43527066707611084, -0.4511885941028595], [0.0, 0.0, 0.0, 1.0]]}, "finger2joint3": {"matrix": [[-0.07054813951253891, 0.6284325122833252, -0.7746581435203552, -2.463716983795166], [0.8221109509468079, 0.4764541983604431, 0.3116483986377716, 0.8841044902801514], [0.5649392604827881, -0.614868700504303, -0.5502541065216064, -0.7030366659164429], [0.0, 0.0, 0.0, 1.0]]}, "Bone.002": {"matrix": [[-0.331740140914917, -0.8719415664672852, -0.3600919842720032, -2.0343198776245117], [0.8220483064651489, -0.07992935180664062, -0.5637800097465515, -0.2957121431827545], [0.462801456451416, -0.48304131627082825, 0.7432937026023865, 0.22883807122707367], [0.0, 0.0, 0.0, 1.0]]}, "finger3joint1": {"matrix": [[-0.387738972902298, -0.6478996276855469, -0.6556556820869446, -2.4018521308898926], [0.8863008618354797, -0.06663379818201065, -0.45829129219055176, -0.3294031620025635], [0.25323817133903503, -0.7588053941726685, 0.6000704169273376, 0.02523130178451538], [0.0, 0.0, 0.0, 1.0]]}, "finger3joint2": {"matrix": [[-0.45957809686660767, 0.728132963180542, -0.5085373520851135, -2.97017765045166], [0.8817172050476074, 0.44278159737586975, -0.16284748911857605, -0.38785308599472046], [0.10659661889076233, -0.5232271552085876, -0.8454999327659607, -0.6403787136077881], [0.0, 0.0, 0.0, 1.0]]}, "finger3joint3": {"matrix": [[-0.3308156430721283, 0.9364982843399048, -0.1163267269730568, -2.4990172386169434], [0.9174124598503113, 0.34803885221481323, 0.19293390214443207, -0.10133785754442215], [0.22116872668266296, -0.042894139885902405, -0.9742915630340576, -0.9789487719535828], [0.0, 0.0, 0.0, 1.0]]}, "Bone.003": {"matrix": [[-0.8637906312942505, -0.3190139830112457, 0.38999444246292114, -2.0343198776245117], [0.20418767631053925, -0.9292570948600769, -0.30787771940231323, -0.2957121729850769], [0.4606224596500397, -0.18630991876125336, 0.8678221702575684, 0.22883807122707367], [0.0, 0.0, 0.0, 1.0]]}, "finger4joint1": {"matrix": [[-0.4973143935203552, -0.5575612783432007, -0.664682924747467, -2.171055555343628], [0.8609961271286011, -0.2230483591556549, -0.4570940434932709, -0.6940098404884338], [0.1066017597913742, -0.7996088862419128, 0.5909833312034607, 0.14898204803466797], [0.0, 0.0, 0.0, 1.0]]}, "finger4joint2": {"matrix": [[-0.5227071046829224, 0.4642360210418701, -0.7150256633758545, -2.724914312362671], [0.8466696739196777, 0.38071492314338684, -0.37176111340522766, -0.9155769348144531], [0.09963627904653549, -0.7997128367424011, -0.5920569896697998, -0.6453166604042053], [0.0, 0.0, 0.0, 1.0]]}, "finger4joint3": {"matrix": [[-0.5489721298217773, 0.8260688185691833, -0.12743400037288666, -2.5312986373901367], [0.8174395561218262, 0.5624250769615173, 0.12437985837459564, -0.756794810295105], [0.1744186282157898, -0.03588857501745224, -0.9840170741081238, -0.9788472056388855], [0.0, 0.0, 0.0, 1.0]]}}