{"root": {"matrix": [[0.3097979724407196, -0.8357394337654114, 0.4533926248550415, 0.0], [0.6724905371665955, -0.14450012147426605, -0.7258623838424683, 0.0], [0.6721470952033997, 0.529772937297821, 0.5172609686851501, 0.0], [0.0, 0.0, 0.0, 1.0]]}, "carpals": {"matrix": [[-0.8495848178863525, -0.2959005534648895, -0.43663284182548523, -0.16840860247612], [0.5191510319709778, -0.3228304386138916, -0.7913675308227539, 1.460986852645874], [0.09320782124996185, -0.8990122079849243, 0.4278889298439026, 1.9804396629333496], [0.0, 0.0, 0.0, 1.0]]}, "metacarpals": {"matrix": [[-0.8146886825561523, -0.42898088693618774, 0.3902018964290619, -0.4566139578819275], [-0.0623931959271431, -0.6041305661201477, -0.7944389581680298, 1.1465518474578857], [0.5765320658683777, -0.6715663075447083, 0.46541279554367065, 1.1048073768615723], [0.0, 0.0, 0.0, 1.0]]}, "finger5joint1": {"matrix": [[-0.7051289081573486, -0.644924521446228, 0.29472920298576355, -0.7189867496490479], [-0.1303716003894806, -0.2906491458415985, -0.9479061961174011, 1.139547348022461], [0.6969909071922302, -0.7068203091621399, 0.12086521834135056, 0.42894768714904785], [0.0, 0.0, 0.0, 1.0]]}, "finger5joint2": {"matrix": [[0.29756709933280945, -0.6764503121376038, 0.6736973524093628, -1.4002025127410889], [-0.9497473835945129, -0.2815364599227905, 0.13680918514728546, 0.8325427174568176], [0.09712571650743484, -0.6805521845817566, -0.7262332439422607, -0.3176470100879669], [0.0, 0.0, 0.0, 1.0]]}, "finger5joint3": {"matrix": [[0.19557419419288635, -0.818166971206665, 0.5406966805458069, -1.8651506900787354], [-0.9779677391052246, -0.2037525624036789, 0.045425619930028915, 0.639032781124115], [0.07300256937742233, -0.5376679301261902, -0.8399900197982788, -0.785414457321167], [0.0, 0.0, 0.0, 1.0]]}, "Bone": {"matrix": [[0.2634372413158417, -0.9263649582862854, 0.26916274428367615, -1.1263720989227295], [0.6522390842437744, -0.0345359705388546, -0.7572260499000549, 0.20333635807037354], [0.7107633948326111, 0.37504011392593384, 0.5951133370399475, 0.05630582571029663], [0.0, 0.0, 0.0, 1.0]]}, "finger1joint1": {"matrix": [[-0.7423927783966064, -0.6217919588088989, 0.24945448338985443, -1.8972817659378052], [-0.007081217132508755, -0.3650361895561218, -0.930966317653656, 0.1745959371328354], [0.6699273586273193, -0.6929090023040771, 0.266597181558609, 0.36840957403182983], [0.0, 0.0, 0.0, 1.0]]}, "finger1joint2": {"matrix": [[-0.7705047726631165, -0.2212655395269394, -0.5977991819381714, -2.2487051486968994], [0.28399693965911865, 0.7204392552375793, -0.6327028274536133, -0.03171461820602417], [0.570673406124115, -0.6572736501693726, -0.4922630488872528, -0.02320757508277893], [0.0, 0.0, 0.0, 1.0]]}, "finger1joint3": {"matrix": [[-0.8184453845024109, 0.45484045147895813, -0.35109445452690125, -2.343557834625244], [0.19183816015720367, 0.7922877073287964, 0.579204797744751, 0.2771258056163788], [0.5416136980056763, 0.40669405460357666, -0.7356998324394226, -0.3049699664115906], [0.0, 0.0, 0.0, 1.0]]}, "Bone.001": {"matrix": [[-0.03570418059825897, -0.8095241785049438, 0.5859995484352112, -1.126372218132019], [0.5079692006111145, -0.5196762084960938, -0.686952531337738, 0.20333637297153473], [0.8606347441673279, 0.2731426954269409, 0.429767906665802, 0.056305840611457825], [0.0, 0.0, 0.0, 1.0]]}, "finger2joint1": {"matrix": [[-0.4603554308414459, -0.792938768863678, -0.39914989471435547, -1.6395163536071777], [-0.04839761555194855, 0.47137659788131714, -0.8806029558181763, -0.12607789039611816], [0.8864142298698425, -0.38607239723205566, -0.2553770840167999, 0.22944651544094086], [0.0, 0.0, 0.0, 1.0]]}, "finger2joint2": {"matrix": [[-0.49131134152412415, 0.04266803339123726, -0.8699381351470947, -2.325526475906372], [0.07601486146450043, 0.9970886707305908, 0.0059738727286458015, 0.28173312544822693], [0.8676604628562927, -0.0631931945681572, -0.4931242763996124, -0.10456360876560211], [0.0, 0.0, 0.0, 1.0]]}, "finger2joint3": {"matrix": [[-0.4034651219844818, 0.30078449845314026, -0.8641436100006104, -2.30932879447937], [0.1890368014574051, 0.951450526714325, 0.2429131716489792, 0.660244345664978], [0.8952544927597046, -0.06534799188375473, -0.4407363533973694, -0.12855277955532074], [0.0, 0.0, 0.0, 1.0]]}, "Bone.002": {"matrix": [[-0.5992580652236938, -0.48480284214019775, 0.6370680928230286, -1.126372218132019], [0.012491129338741302, -0.8013476133346558, -0.5980684757232666, 0.20333637297153473], [0.8004583716392517, -0.35043957829475403, 0.48626968264579773, 0.05630584806203842], [0.0, 0.0, 0.0, 1.0]]}, "finger3joint1": {"matrix": [[-0.652606189250946, -0.659803569316864, 0.3725108206272125, -1.330721378326416], [0.09710665047168732, -0.5604131817817688, -0.8225005865097046, -0.13443973660469055], [0.7514489889144897, -0.5005955100059509, 0.4298003315925598, -0.09140795469284058], [0.0, 0.0, 0.0, 1.0]]}, "finger3joint2": {"matrix": [[-0.7626790404319763, -0.546114444732666, -0.3465248644351959, -1.9094889163970947], [0.039104264229536057, 0.4958568215370178, -0.8675234317779541, -0.6260238289833069], [0.6455939412117004, -0.6751924157142639, -0.3568241000175476, -0.5305210947990417], [0.0, 0.0, 0.0, 1.0]]}, "finger3joint3": {"matrix": [[-0.7196868062019348, 0.21090444922447205, -0.6614907383918762, -2.262868881225586], [0.20898638665676117, 0.9743654131889343, 0.08328679203987122, -0.305164635181427], [0.6620994210243225, -0.07830225676298141, -0.7453139424324036, -0.9674248099327087], [0.0, 0.0, 0.0, 1.0]]}, "Bone.003": {"matrix": [[-0.3064781129360199, 0.5502464175224304, 0.7767238616943359, -1.126372218132019], [-0.7257813811302185, -0.6630452871322632, 0.1833367645740509, 0.20333637297153473], [0.6158834099769592, -0.5075430274009705, 0.6025673747062683, 0.05630585551261902], [0.0, 0.0, 0.0, 1.0]]}, "finger4joint1": {"matrix": [[-0.5852408409118652, -0.692474901676178, 0.42186644673347473, -0.8905258178710938], [0.18547381460666656, -0.6207994222640991, -0.7617133855819702, -0.08085769414901733], [0.7893620133399963, -0.367540568113327, 0.49175316095352173, -0.1612369418144226], [0.0, 0.0, 0.0, 1.0]]}, "finger4joint2": {"matrix": [[-0.5927053093910217, -0.793033242225647, -0.140706405043602, -1.578402042388916], [0.15645098686218262, 0.05801096558570862, -0.9859805107116699, -0.697534441947937], [0.7900779247283936, -0.60640949010849, 0.0896875187754631, -0.526336669921875], [0.0, 0.0, 0.0, 1.0]]}, "finger4joint3": {"matrix": [[-0.5226103067398071, -0.7620102167129517, -0.38238513469696045, -1.9091466665267944], [0.16549405455589294, 0.34930816292762756, -0.9222772121429443, -0.6733402013778687], [0.8363550305366516, -0.5452740788459778, -0.05644378811120987, -0.779247522354126], [0.0, 0.0, 0.0, 1.0]]}}