{"root": {"matrix": [[0.2568407654762268, -0.7918520569801331, 0.5540786385536194, 0.0], [0.02854166179895401, -0.5668462514877319, -0.8233290314674377, -5.960464477539063e-08], [0.9660322070121765, 0.22727875411510468, -0.1229885146021843, 0.0], [0.0, 0.0, 0.0, 1.0]]}, "carpals": {"matrix": [[-0.9158089756965637, -0.3050400912761688, -0.26123592257499695, -0.2565320134162903], [0.2499222457408905, 0.0763111263513565, -0.965254008769989, -0.39772823452949524], [0.314376562833786, -0.9492769837379456, 0.006349734030663967, 2.420947790145874], [0.0, 0.0, 0.0, 1.0]]}, "metacarpals": {"matrix": [[-0.8333969712257385, -0.30120471119880676, 0.4633842706680298, -0.5536391735076904], [-0.46013757586479187, -0.08628609031438828, -0.883644700050354, -0.32340165972709656], [0.30614161491394043, -0.9496473670005798, -0.0666852816939354, 1.496357798576355], [0.0, 0.0, 0.0, 1.0]]}, "finger5joint1": {"matrix": [[-0.8151191473007202, -0.4686533510684967, 0.340506374835968, -0.769916296005249], [-0.5778919458389282, 0.6169849038124084, -0.5342006683349609, 0.0715985894203186], [0.040267687290906906, -0.6322128772735596, -0.7737473845481873, 0.928138017654419], [0.0, 0.0, 0.0, 1.0]]}, "finger5joint2": {"matrix": [[0.22724242508411407, -0.8018100261688232, 0.5526852011680603, -1.264941692352295], [-0.48816558718681335, 0.397288054227829, 0.7770817875862122, 0.7233027219772339], [-0.8426475524902344, -0.4463875889778137, -0.30113545060157776, 0.2603490650653839], [0.0, 0.0, 0.0, 1.0]]}, "finger5joint3": {"matrix": [[0.12062297016382217, -0.9106011986732483, 0.3952910006046295, -1.8160537481307983], [-0.49098268151283264, 0.2913583219051361, 0.8210029602050781, 0.996372640132904], [-0.8627778887748718, -0.2931126058101654, -0.4119449257850647, -0.04646877199411392], [0.0, 0.0, 0.0, 1.0]]}, "Bone": {"matrix": [[0.1285790205001831, -0.9349799752235413, 0.3305748999118805, -1.0239033699035645], [0.08859477192163467, -0.32117924094200134, -0.9428651332855225, -0.458118200302124], [0.987733781337738, 0.1505199521780014, 0.04153720661997795, 0.01369468867778778], [0.0, 0.0, 0.0, 1.0]]}, "finger1joint1": {"matrix": [[-0.7761853337287903, -0.5477988123893738, 0.3121740221977234, -1.801982045173645], [-0.4673575758934021, 0.1675315797328949, -0.8680494427680969, -0.7253996133804321], [0.42321744561195374, -0.8196640610694885, -0.3860536515712738, 0.1389555037021637], [0.0, 0.0, 0.0, 1.0]]}, "finger1joint2": {"matrix": [[-0.8232613205909729, -0.33595964312553406, -0.45757171511650085, -2.111586093902588], [-0.18413862586021423, 0.9205244779586792, -0.3445685803890228, -0.6307143568992615], [0.5369671583175659, -0.19941313564777374, -0.819695234298706, -0.3243008255958557], [0.0, 0.0, 0.0, 1.0]]}, "finger1joint3": {"matrix": [[-0.8524859547615051, 0.17130190134048462, -0.4938860535621643, -2.2556066513061523], [-0.2517341077327728, 0.6934975385665894, 0.6750488877296448, -0.23610065877437592], [0.45814600586891174, 0.6997976303100586, -0.5480740666389465, -0.4097859561443329], [0.0, 0.0, 0.0, 1.0]]}, "Bone.001": {"matrix": [[-0.15728336572647095, -0.7479651570320129, 0.6448331475257874, -1.0239033699035645], [-0.1371229887008667, -0.6300944685935974, -0.7643153667449951, -0.45811817049980164], [0.9779871106147766, -0.2086355984210968, -0.0034600587096065283, 0.013694703578948975], [0.0, 0.0, 0.0, 1.0]]}, "finger2joint1": {"matrix": [[-0.7505024671554565, -0.6281119585037231, -0.20547787845134735, -1.4980262517929077], [-0.469860702753067, 0.7257871627807617, -0.5024576187133789, -0.8575248122215271], [0.4647328555583954, -0.2805494964122772, -0.8398302793502808, -0.11855600774288177], [0.0, 0.0, 0.0, 1.0]]}, "finger2joint2": {"matrix": [[-0.7820150256156921, -0.3696553409099579, -0.5018039345741272, -2.0414366722106934], [-0.3538490831851959, 0.9261135458946228, -0.13078323006629944, -0.22961080074310303], [0.5130722522735596, 0.07528865337371826, -0.8550369143486023, -0.3612731099128723], [0.0, 0.0, 0.0, 1.0]]}, "finger2joint3": {"matrix": [[-0.771265983581543, 0.002078266814351082, -0.636509358882904, -2.1817638874053955], [-0.23218034207820892, 0.9301742315292358, 0.28437280654907227, 0.12195709347724915], [0.5926556587219238, 0.3671122193336487, -0.7169291377067566, -0.3326922655105591], [0.0, 0.0, 0.0, 1.0]]}, "Bone.002": {"matrix": [[-0.6443899273872375, -0.35003408789634705, 0.6798805594444275, -1.023903489112854], [-0.5255833268165588, -0.44306817650794983, -0.7262593507766724, -0.458118200302124], [0.5554490089416504, -0.8253281116485596, 0.1015363410115242, 0.013694733381271362], [0.0, 0.0, 0.0, 1.0]]}, "finger3joint1": {"matrix": [[-0.4808719754219055, -0.5675617456436157, 0.6683081388473511, -1.1714463233947754], [-0.2363063395023346, -0.650123119354248, -0.7221489548683167, -0.6448758840560913], [0.8443467617034912, -0.5051865577697754, 0.17850729823112488, -0.3341892957687378], [0.0, 0.0, 0.0, 1.0]]}, "finger3joint2": {"matrix": [[-0.5901256203651428, -0.7490312457084656, -0.3011707663536072, -1.66930091381073], [-0.3079381287097931, 0.5536950826644897, -0.7736898064613342, -1.2151519060134888], [0.7462745904922485, -0.36383187770843506, -0.5574049353599548, -0.777329683303833], [0.0, 0.0, 0.0, 1.0]]}, "finger3joint3": {"matrix": [[-0.5675007700920105, -0.16506007313728333, -0.8066585063934326, -2.153984308242798], [-0.14559006690979004, 0.9843792915344238, -0.0989999920129776, -0.856866717338562], [0.8103988766670227, 0.06125901639461517, -0.58266681432724, -1.0127581357955933], [0.0, 0.0, 0.0, 1.0]]}, "Bone.003": {"matrix": [[-0.24424225091934204, 0.6648821234703064, 0.7058876752853394, -1.0239033699035645], [-0.9697136878967285, -0.16818052530288696, -0.1771172732114792, -0.458118200302124], [0.0009543284540995955, -0.72776859998703, 0.6858219504356384, 0.013694733381271362], [0.0, 0.0, 0.0, 1.0]]}, "finger4joint1": {"matrix": [[-0.3677338659763336, -0.7394489049911499, 0.5639032125473022, -0.7389220595359802], [-0.19563202559947968, -0.5313072800636292, -0.8242817521095276, -0.5302035808563232], [0.9091202020645142, -0.4134337604045868, 0.05071960762143135, -0.2982410192489624], [0.0, 0.0, 0.0, 1.0]]}, "finger4joint2": {"matrix": [[-0.3736300468444824, -0.8973425626754761, 0.23489679396152496, -1.47346031665802], [-0.2236403524875641, -0.1586197167634964, -0.9616779685020447, -1.0579825639724731], [0.900213897228241, -0.41184404492378235, -0.14141707122325897, -0.7089292407035828], [0.0, 0.0, 0.0, 1.0]]}, "finger4joint3": {"matrix": [[-0.30114054679870605, -0.9528454542160034, -0.03740990161895752, -1.8477085828781128], [-0.1955888718366623, 0.10011645406484604, -0.9755620956420898, -1.124137043952942], [0.9333053231239319, -0.2864641845226288, -0.2165151983499527, -0.8806940913200378], [0.0, 0.0, 0.0, 1.0]]}}