{"root": {"matrix": [[0.3597007691860199, -0.7354660630226135, 0.5741994380950928, -5.960464477539063e-08], [0.8433917760848999, -0.006964621599763632, -0.5372539162635803, -4.656612873077393e-10], [0.399131178855896, 0.6775257587432861, 0.617780864238739, 0.0], [0.0, 0.0, 0.0, 1.0]]}, "carpals": {"matrix": [[-0.6940598487854004, -0.5583289861679077, -0.4544770419597626, 0.029012560844421387], [0.7190307974815369, -0.56892991065979, -0.3991406559944153, 1.960892915725708], [-0.03571373596787453, -0.6038104891777039, 0.7963272929191589, 1.4963431358337402], [0.0, 0.0, 0.0, 1.0]]}, "metacarpals": {"matrix": [[-0.9441004395484924, -0.3279941976070404, -0.03307478129863739, -0.5147964358329773], [0.27395322918891907, -0.7248027324676514, -0.632147490978241, 1.4067585468292236], [0.18336808681488037, -0.6058716177940369, 0.7741417288780212, 0.9082353711128235], [0.0, 0.0, 0.0, 1.0]]}, "finger5joint1": {"matrix": [[-0.7580972909927368, -0.6470404863357544, -0.08140525221824646, -0.5227096080780029], [0.37291017174720764, -0.3277018964290619, -0.8680721521377563, 1.2051115036010742], [0.535001277923584, -0.6884399652481079, 0.4897179901599884, 0.21185141801834106], [0.0, 0.0, 0.0, 1.0]]}, "finger5joint2": {"matrix": [[0.02200297638773918, -0.9572004079818726, -0.28858718276023865, -1.206160545349121], [-0.844146728515625, 0.13687238097190857, -0.5183453559875488, 0.8589690327644348], [0.5356601476669312, 0.25501537322998047, -0.8050060868263245, -0.5153286457061768], [0.0, 0.0, 0.0, 1.0]]}, "finger5joint3": {"matrix": [[-0.05159848928451538, -0.7863056659698486, -0.6156787872314453, -1.8640780448913574], [-0.7978594303131104, 0.40324050188064575, -0.44812604784965515, 0.9530462026596069], [0.6006308197975159, 0.4681028127670288, -0.6481679677963257, -0.34004759788513184], [0.0, 0.0, 0.0, 1.0]]}, "Bone": {"matrix": [[0.179836705327034, -0.9679831266403198, -0.17512062191963196, -1.0268864631652832], [0.8092533349990845, 0.2467930018901825, -0.5331060886383057, 0.27514031529426575], [0.5592561960220337, -0.04584483802318573, 0.8277260661125183, -0.03769843652844429], [0.0, 0.0, 0.0, 1.0]]}, "finger1joint1": {"matrix": [[-0.598895251750946, -0.68966144323349, -0.40705206990242004, -1.832430124282837], [0.42659425735473633, 0.15542882680892944, -0.8909876346588135, 0.4805184304714203], [0.6777474880218506, -0.7072543501853943, 0.20112012326717377, -0.07584995031356812], [0.0, 0.0, 0.0, 1.0]]}, "finger1joint2": {"matrix": [[-0.4326140582561493, -0.155178964138031, -0.8881241083145142, -2.2222118377685547], [0.6744117736816406, 0.5980567932128906, -0.43300893902778625, 0.5683634281158447], [0.5983425378799438, -0.7862871289253235, -0.15407316386699677, -0.4755748212337494], [0.0, 0.0, 0.0, 1.0]]}, "finger1joint3": {"matrix": [[-0.5143470764160156, 0.33885717391967773, -0.787796139717102, -2.2887344360351562], [0.6046950221061707, 0.7946931719779968, -0.05297745764255524, 0.8247405290603638], [0.6081044673919678, -0.5036252737045288, -0.6136532425880432, -0.8126431703567505], [0.0, 0.0, 0.0, 1.0]]}, "Bone.001": {"matrix": [[-0.1802237331867218, -0.9660525918006897, 0.18509836494922638, -1.0268864631652832], [0.7761632800102234, -0.2552669048309326, -0.5765493512153625, 0.27514031529426575], [0.6042265295982361, 0.03975875675678253, 0.7958198189735413, -0.03769844025373459], [0.0, 0.0, 0.0, 1.0]]}, "finger2joint1": {"matrix": [[-0.894896924495697, -0.4443359971046448, 0.04152917116880417, -1.639251470565796], [0.3760232925415039, -0.8008733987808228, -0.46605581045150757, 0.11333078145980835], [0.2403450459241867, -0.40145593881607056, 0.8837799429893494, -0.012495994567871094], [0.0, 0.0, 0.0, 1.0]]}, "finger2joint2": {"matrix": [[-0.9314048886299133, -0.3439147472381592, -0.11919480562210083, -2.0236682891845703], [0.3435121178627014, -0.7222709655761719, -0.6002697944641113, -0.5795440077781677], [0.12035077810287476, -0.600039005279541, 0.7908656597137451, -0.35981518030166626], [0.0, 0.0, 0.0, 1.0]]}, "finger2joint3": {"matrix": [[-0.9503032565116882, -0.14185430109500885, -0.27712947130203247, -2.154223918914795], [0.3106551170349121, -0.49044856429100037, -0.8142194151878357, -0.8537298440933228], [-0.02041715197265148, -0.8598471283912659, 0.5101428031921387, -0.5875998139381409], [0.0, 0.0, 0.0, 1.0]]}, "Bone.002": {"matrix": [[-0.8056605458259583, -0.5429408550262451, 0.23690953850746155, -1.0268865823745728], [0.38731616735458374, -0.7854090929031372, -0.48282361030578613, 0.27514031529426575], [0.44821566343307495, -0.29723289608955383, 0.8430629372596741, -0.03769843280315399], [0.0, 0.0, 0.0, 1.0]]}, "finger3joint1": {"matrix": [[-0.33476322889328003, -0.9219703078269958, 0.19469015300273895, -1.2557415962219238], [0.7729551792144775, -0.38684821128845215, -0.5028803944587708, -0.05591750144958496], [0.538956344127655, -0.017858924344182014, 0.8421441912651062, -0.16298508644104004], [0.0, 0.0, 0.0, 1.0]]}, "finger3joint2": {"matrix": [[-0.4836333096027374, -0.35428911447525024, -0.800361156463623, -2.06447696685791], [0.7209805250167847, 0.3572121262550354, -0.5937899351119995, -0.39525359869003296], [0.4962720274925232, -0.8642213344573975, 0.08267612755298615, -0.1786506175994873], [0.0, 0.0, 0.0, 1.0]]}, "finger3joint3": {"matrix": [[-0.35912734270095825, 0.3054662048816681, -0.8818830847740173, -2.2937302589416504], [0.8273892402648926, 0.5413907170295715, -0.14940904080867767, -0.16410869359970093], [0.4318038523197174, -0.7833176255226135, -0.4471674859523773, -0.7378711700439453], [0.0, 0.0, 0.0, 1.0]]}, "Bone.003": {"matrix": [[-0.6895797252655029, 0.4779528081417084, 0.5440961718559265, -1.0268864631652832], [-0.4053196310997009, -0.8773160576820374, 0.2569679319858551, 0.27514031529426575], [0.600162923336029, -0.04333297163248062, 0.7987030744552612, -0.03769843652844429], [0.0, 0.0, 0.0, 1.0]]}, "finger4joint1": {"matrix": [[-0.5649150609970093, -0.8247541189193726, -0.025520285591483116, -0.8220266103744507], [0.647780179977417, -0.42411407828330994, -0.6328568458557129, -0.10089439153671265], [0.5111279487609863, -0.3740418255329132, 0.7738479375839233, -0.05627179145812988], [0.0, 0.0, 0.0, 1.0]]}, "finger4joint2": {"matrix": [[-0.5840599536895752, -0.7395139932632446, -0.3346529006958008, -1.641303539276123], [0.6255464553833008, -0.14734435081481934, -0.7661467790603638, -0.5221919417381287], [0.5172671675682068, -0.6568166017532349, 0.548658549785614, -0.4278296232223511], [0.0, 0.0, 0.0, 1.0]]}, "finger4joint3": {"matrix": [[-0.515607476234436, -0.6584818959236145, -0.5482244491577148, -1.9497272968292236], [0.6467701196670532, 0.120559461414814, -0.7530959248542786, -0.5836438536643982], [0.5619937777519226, -0.742877185344696, 0.36372530460357666, -0.7017635107040405], [0.0, 0.0, 0.0, 1.0]]}}