{"root": {"matrix": [[0.4104309678077698, -0.8881967663764954, 0.20652595162391663, 5.960464477539063e-08], [0.3897574245929718, -0.033884450793266296, -0.9202939867973328, 0.0], [0.8244001269340515, 0.4582121670246124, 0.3322739899158478, 2.9802322387695312e-08], [0.0, 0.0, 0.0, 1.0]]}, "carpals": {"matrix": [[-0.199797585606575, -0.575639009475708, -0.7929189205169678, 0.03557860851287842], [0.9643560647964478, -0.25880518555641174, -0.05510987341403961, 0.9517248868942261], [-0.17348800599575043, -0.7756669521331787, 0.6068297028541565, 2.2755086421966553], [0.0, 0.0, 0.0, 1.0]]}, "metacarpals": {"matrix": [[-0.2381201535463333, -0.7442896962165833, -0.623964250087738, -0.5250904560089111], [0.9608027338981628, -0.2744312882423401, -0.03931334987282753, 0.6996501684188843], [-0.14197465777397156, -0.6088677644729614, 0.7804632186889648, 1.5200135707855225], [0.0, 0.0, 0.0, 1.0]]}, "finger5joint1": {"matrix": [[-0.4899505078792572, -0.6392927765846252, -0.59266597032547, -0.6513731479644775], [0.8048951625823975, -0.5928512811660767, -0.0259054284542799, 0.3906249701976776], [-0.33480146527290344, -0.48972633481025696, 0.8050314784049988, 0.8764059543609619], [0.0, 0.0, 0.0, 1.0]]}, "finger5joint2": {"matrix": [[-0.4744638204574585, -0.8227882385253906, 0.31289437413215637, -1.3266403675079346], [0.0041456036269664764, -0.35753539204597473, -0.9338902831077576, -0.23558738827705383], [0.880264937877655, -0.4417998492717743, 0.17304840683937073, 0.3591216206550598], [0.0, 0.0, 0.0, 1.0]]}, "finger5joint3": {"matrix": [[-0.5657067894935608, -0.8178168535232544, 0.10559673607349396, -1.8921716213226318], [0.02215789072215557, -0.14308679103851318, -0.9894619584083557, -0.48133400082588196], [0.8243083357810974, -0.5574054718017578, 0.09906616806983948, 0.05545710027217865], [0.0, 0.0, 0.0, 1.0]]}, "Bone": {"matrix": [[0.7486470937728882, -0.2560412585735321, -0.6115309596061707, -1.6871331930160522], [0.42187607288360596, 0.8955411911010742, 0.14151506125926971, 0.2711867094039917], [0.5114173889160156, -0.3639349937438965, 0.7784620523452759, 0.5694020390510559], [0.0, 0.0, 0.0, 1.0]]}, "finger1joint1": {"matrix": [[-0.0514189787209034, -0.4777739644050598, -0.876976490020752, -1.9002076387405396], [0.9885422587394714, 0.10043782740831375, -0.11267845332622528, 1.0164450407028198], [0.14191651344299316, -0.8727220892906189, 0.4671354591846466, 0.2665398120880127], [0.0, 0.0, 0.0, 1.0]]}, "finger1joint2": {"matrix": [[0.22759056091308594, -0.1980312466621399, -0.9534075260162354, -2.1702351570129395], [0.9737015962600708, 0.05672021582722664, 0.2206537276506424, 1.07321035861969], [0.010381169617176056, -0.978553056716919, 0.20573247969150543, -0.22670379281044006], [0.0, 0.0, 0.0, 1.0]]}, "finger1joint3": {"matrix": [[0.1369771808385849, 0.24516674876213074, -0.9597553014755249, -2.2551279067993164], [0.9883019924163818, 0.031764015555381775, 0.14916542172431946, 1.0975253582000732], [0.06705611944198608, -0.9689602851867676, -0.23794765770435333, -0.6461933851242065], [0.0, 0.0, 0.0, 1.0]]}, "Bone.001": {"matrix": [[0.5402213931083679, -0.6977040767669678, -0.4704992473125458, -1.6871331930160522], [0.7135244607925415, 0.6761852502822876, -0.18345627188682556, 0.2711867690086365], [0.44614285230636597, -0.23660558462142944, 0.8631187081336975, 0.5694020390510559], [0.0, 0.0, 0.0, 1.0]]}, "finger2joint1": {"matrix": [[-0.08076249808073044, -0.5210466980934143, -0.8496984243392944, -2.129396438598633], [0.9964866638183594, -0.023247499018907547, -0.08045879751443863, 0.6998096108436584], [0.022169535979628563, -0.8532112240791321, 0.5210937857627869, 0.4194217026233673], [0.0, 0.0, 0.0, 1.0]]}, "finger2joint2": {"matrix": [[-0.04868074133992195, 0.11675485968589783, -0.9919668436050415, -2.580179452896118], [0.993455171585083, -0.09708309918642044, -0.06018046662211418, 0.6796970367431641], [-0.10332947969436646, -0.9884041547775269, -0.11126449704170227, -0.3187331259250641], [0.0, 0.0, 0.0, 1.0]]}, "finger2joint3": {"matrix": [[0.053863149136304855, 0.7529991269111633, -0.6558129787445068, -2.5358572006225586], [0.9771406054496765, -0.17501221597194672, -0.1206931546330452, 0.6428426504135132], [-0.20565705001354218, -0.6343206763267517, -0.7452126741409302, -0.6939475536346436], [0.0, 0.0, 0.0, 1.0]]}, "Bone.002": {"matrix": [[-0.09193339943885803, -0.9255491495132446, -0.36729657649993896, -1.6871331930160522], [0.985707700252533, -0.03229498118162155, -0.16534015536308289, 0.2711867690086365], [0.1411687135696411, -0.377247154712677, 0.9152899384498596, 0.5694020390510559], [0.0, 0.0, 0.0, 1.0]]}, "finger3joint1": {"matrix": [[-0.16380293667316437, -0.6982294321060181, -0.6968816518783569, -2.077261447906494], [0.9834510684013367, -0.17101609706878662, -0.05981459096074104, 0.2575741112232208], [-0.07741351425647736, -0.6951465606689453, 0.7146873474121094, 0.4103885293006897], [0.0, 0.0, 0.0, 1.0]]}, "finger3joint2": {"matrix": [[-0.24498900771141052, 0.36588892340660095, -0.8978337645530701, -2.689735174179077], [0.9456079006195068, -0.11425212025642395, -0.3045855164527893, 0.10756194591522217], [-0.2140236645936966, -0.923618733882904, -0.3179967701435089, -0.19938117265701294], [0.0, 0.0, 0.0, 1.0]]}, "finger3joint3": {"matrix": [[-0.07205730676651001, 0.7956334352493286, -0.601477324962616, -2.4529759883880615], [0.9765119552612305, -0.06649509072303772, -0.20494630932807922, 0.03363165631890297], [-0.20305724442005157, -0.6021177768707275, -0.7721538543701172, -0.7970366477966309], [0.0, 0.0, 0.0, 1.0]]}, "Bone.003": {"matrix": [[-0.7351513504981995, -0.5248215794563293, 0.42908579111099243, -1.6871331930160522], [0.5524270534515381, -0.8306573629379272, -0.0695183277130127, 0.2711867690086365], [0.39290809631347656, 0.18593209981918335, 0.9005843997001648, 0.5694020390510559], [0.0, 0.0, 0.0, 1.0]]}, "finger4joint1": {"matrix": [[-0.2900013029575348, -0.3880627453327179, -0.8748177289962769, -1.9120819568634033], [0.9319661259651184, -0.32232770323753357, -0.16596373915672302, -0.08484911918640137], [-0.21757349371910095, -0.8634302020072937, 0.4551369249820709, 0.6490961313247681], [0.0, 0.0, 0.0, 1.0]]}, "finger4joint2": {"matrix": [[-0.31565946340560913, -0.005824175663292408, -0.948854386806488, -2.29756760597229], [0.9209537506103516, -0.24266673624515533, -0.30488818883895874, -0.40503624081611633], [-0.2284795045852661, -0.9700919985771179, 0.08196397870779037, -0.2085999846458435], [0.0, 0.0, 0.0, 1.0]]}, "finger4joint3": {"matrix": [[-0.3001684844493866, 0.2358061969280243, -0.9242801666259766, -2.2999966144561768], [0.942299485206604, -0.07726427167654037, -0.3257324993610382, -0.5062435269355774], [-0.1482233852148056, -0.9687235355377197, -0.19900764524936676, -0.6131893396377563], [0.0, 0.0, 0.0, 1.0]]}}