{"root": {"matrix": [[0.4790833294391632, -0.8505444526672363, 0.21691760420799255, 0.0], [0.5064676403999329, 0.06601660698652267, -0.8597280383110046, 0.0], [0.7169167995452881, 0.52174311876297, 0.4624006450176239, 5.960464477539063e-08], [0.0, 0.0, 0.0, 1.0]]}, "carpals": {"matrix": [[-0.2813352346420288, -0.6313767433166504, -0.7226434946060181, 0.22652044892311096], [0.9570775032043457, -0.2392854243516922, -0.16353897750377655, 1.3066375255584717], [-0.06966325640678406, -0.73763507604599, 0.6715959906578064, 2.07999324798584], [0.0, 0.0, 0.0, 1.0]]}, "metacarpals": {"matrix": [[-0.5503098964691162, -0.6822874546051025, -0.48129257559776306, -0.3884366750717163], [0.8349592089653015, -0.4487060308456421, -0.31859999895095825, 1.0735750198364258], [0.0014180197613313794, -0.5771883130073547, 0.8166096210479736, 1.3615411520004272], [0.0, 0.0, 0.0, 1.0]]}, "finger5joint1": {"matrix": [[-0.6006457805633545, -0.6899838447570801, -0.40391406416893005, -0.4832487106323242], [0.7987516522407532, -0.5399377346038818, -0.26544877886772156, 0.8020672798156738], [-0.0349329374730587, -0.48206764459609985, 0.8754370808601379, 0.695982038974762], [0.0, 0.0, 0.0, 1.0]]}, "finger5joint2": {"matrix": [[-0.239762082695961, -0.9051092863082886, 0.35112759470939636, -1.2120593786239624], [-0.23158538341522217, -0.2979143559932709, -0.9260751008987427, 0.23174601793289185], [0.942805290222168, -0.30335351824760437, -0.1381816864013672, 0.18678735196590424], [0.0, 0.0, 0.0, 1.0]]}, "finger5joint3": {"matrix": [[-0.3421775996685028, -0.9332133531570435, 0.10966573655605316, -1.8341727256774902], [-0.20704883337020874, -0.038958590477705, -0.977554440498352, 0.026979023590683937], [0.9165394902229309, -0.35720324516296387, -0.17989009618759155, -0.021718159317970276], [0.0, 0.0, 0.0, 1.0]]}, "Bone": {"matrix": [[0.6273259520530701, -0.5722630023956299, -0.5281826257705688, -1.4536769390106201], [0.5976089239120483, 0.7886295318603516, -0.14466175436973572, 0.37302035093307495], [0.4993249475955963, -0.22489647567272186, 0.8367172479629517, 0.46039003133773804], [0.0, 0.0, 0.0, 1.0]]}, "finger1joint1": {"matrix": [[-0.4099524915218353, -0.4503802955150604, -0.79315584897995, -1.9299070835113525], [0.8918746709823608, -0.015796631574630737, -0.45200657844543457, 1.0293080806732178], [0.19104573130607605, -0.8926967978477478, 0.40815871953964233, 0.27323389053344727], [0.0, 0.0, 0.0, 1.0]]}, "finger1joint2": {"matrix": [[-0.13991433382034302, -0.17014683783054352, -0.975435197353363, -2.1844522953033447], [0.9872792363166809, 0.05116637423634529, -0.15053820610046387, 1.0203802585601807], [0.07552311569452286, -0.9840892553329468, 0.16082365810871124, -0.23129895329475403], [0.0, 0.0, 0.0, 1.0]]}, "finger1joint3": {"matrix": [[-0.23164339363574982, 0.2515125274658203, -0.9397246837615967, -2.2573912143707275], [0.9644126892089844, 0.18595661222934723, -0.18795858323574066, 1.0423144102096558], [0.1274741291999817, -0.9498217105865479, -0.2856373190879822, -0.653161883354187], [0.0, 0.0, 0.0, 1.0]]}, "Bone.001": {"matrix": [[0.32980263233184814, -0.9012848734855652, -0.2809188961982727, -1.453676700592041], [0.8076780438423157, 0.42343848943710327, -0.41031187772750854, 0.37302035093307495], [0.4887597858905792, -0.09156997501850128, 0.8675991892814636, 0.46039000153541565], [0.0, 0.0, 0.0, 1.0]]}, "finger2joint1": {"matrix": [[0.11950647085905075, -0.8001646399497986, -0.5877536535263062, -2.024986505508423], [0.7239310145378113, 0.47535958886146545, -0.4999569058418274, 0.6414311528205872], [0.6794422268867493, -0.365744948387146, 0.6360726952552795, 0.40234532952308655], [0.0, 0.0, 0.0, 1.0]]}, "finger2joint2": {"matrix": [[0.10045904666185379, 0.27897876501083374, -0.9550279974937439, -2.7172482013702393], [0.8070441484451294, 0.5385311841964722, 0.24220609664916992, 1.0526880025863647], [0.5818828344345093, -0.7950815558433533, -0.17104767262935638, 0.08592146635055542], [0.0, 0.0, 0.0, 1.0]]}, "finger2joint3": {"matrix": [[0.2167242020368576, 0.9416691064834595, 0.2574675679206848, -2.6113433837890625], [0.8385946154594421, -0.3145986497402191, 0.44473204016685486, 1.2571231126785278], [0.49978944659233093, 0.11952654272317886, -0.8578598499298096, -0.21590454876422882], [0.0, 0.0, 0.0, 1.0]]}, "Bone.002": {"matrix": [[-0.38766080141067505, -0.9033151865005493, -0.18368585407733917, -1.4536769390106201], [0.8805209994316101, -0.303909033536911, -0.3637610673904419, 0.37302035093307495], [0.27276721596717834, -0.3027549982070923, 0.9132015705108643, 0.46039003133773804], [0.0, 0.0, 0.0, 1.0]]}, "finger3joint1": {"matrix": [[-0.48020613193511963, -0.7586578130722046, -0.4402727782726288, -1.8344333171844482], [0.874950110912323, -0.3787161409854889, -0.3017227351665497, 0.24491962790489197], [0.06216607615351677, -0.5301056504249573, 0.8456494808197021, 0.332775741815567], [0.0, 0.0, 0.0, 1.0]]}, "finger3joint2": {"matrix": [[-0.5766801834106445, 0.12435651570558548, -0.8074498176574707, -2.4999139308929443], [0.8150969743728638, 0.02069038338959217, -0.5789551138877869, -0.0872831791639328], [-0.05529019609093666, -0.9920216798782349, -0.11329420655965805, -0.13222312927246094], [0.0, 0.0, 0.0, 1.0]]}, "finger3joint3": {"matrix": [[-0.42579320073127747, 0.6918362975120544, -0.5831486582756042, -2.419445276260376], [0.9008568525314331, 0.26388078927993774, -0.3447085916996002, -0.07389483600854874], [-0.08460000157356262, -0.6721081733703613, -0.735603928565979, -0.7741408348083496], [0.0, 0.0, 0.0, 1.0]]}, "Bone.003": {"matrix": [[-0.8222991824150085, -0.20301969349384308, 0.5316078066825867, -1.4536769390106201], [0.23568923771381378, -0.9718063473701477, -0.006562657188624144, 0.37302035093307495], [0.5179522633552551, 0.1198977455496788, 0.8469650745391846, 0.46039000153541565], [0.0, 0.0, 0.0, 1.0]]}, "finger4joint1": {"matrix": [[-0.573423445224762, -0.5542460680007935, -0.6033210754394531, -1.540695071220398], [0.8187344074249268, -0.41403546929359436, -0.3978046476840973, -0.04351472854614258], [-0.029314516112208366, -0.7220702767372131, 0.6911980509757996, 0.5117805600166321], [0.0, 0.0, 0.0, 1.0]]}, "finger4joint2": {"matrix": [[-0.5975210666656494, -0.2307559847831726, -0.7679320573806763, -2.0912601947784424], [0.8011938333511353, -0.2106366753578186, -0.5601075291633606, -0.4548006057739258], [-0.03250633180141449, -0.9499385952949524, 0.31074029207229614, -0.2054944932460785], [0.0, 0.0, 0.0, 1.0]]}, "finger4joint3": {"matrix": [[-0.5649732947349548, -0.051415033638477325, -0.8235053420066833, -2.1875], [0.8240378499031067, 0.015678247436881065, -0.5663175582885742, -0.5426493883132935], [0.0420285239815712, -0.9985540509223938, 0.03351029008626938, -0.6016786098480225], [0.0, 0.0, 0.0, 1.0]]}}