{"root": {"matrix": [[0.5017850399017334, -0.8089512586593628, 0.3062836229801178, 0.0], [0.5505661964416504, 0.025592517107725143, -0.8343991041183472, 0.0], [0.6671496629714966, 0.5873184204101562, 0.4582230746746063, 0.0], [0.0, 0.0, 0.0, 1.0]]}, "carpals": {"matrix": [[-0.325947642326355, -0.6611272692680359, -0.6757726073265076, 0.3085247874259949], [0.942741334438324, -0.28075045347213745, -0.18004953861236572, 1.3639497756958008], [-0.07068771868944168, -0.6957654356956482, 0.7147819995880127, 2.032102108001709], [0.0, 0.0, 0.0, 1.0]]}, "metacarpals": {"matrix": [[-0.5563198328018188, -0.6780077815055847, -0.4804304540157318, -0.33540916442871094], [0.8308850526809692, -0.4456903338432312, -0.33315181732177734, 1.0905005931854248], [0.011756432242691517, -0.5845213532447815, 0.8112928867340088, 1.3544306755065918], [0.0, 0.0, 0.0, 1.0]]}, "finger5joint1": {"matrix": [[-0.5534619688987732, -0.7121440768241882, -0.43189147114753723, -0.42707890272140503], [0.8318976163864136, -0.44757288694381714, -0.3280622363090515, 0.827414870262146], [0.040324822068214417, -0.5408594012260437, 0.8401455879211426, 0.6850599050521851], [0.0, 0.0, 0.0, 1.0]]}, "finger5joint2": {"matrix": [[-0.2723821997642517, -0.9619982838630676, 0.019144022837281227, -1.1792969703674316], [-0.31867489218711853, 0.07142122089862823, -0.9451693892478943, 0.35465604066848755], [0.9078841805458069, -0.26354777812957764, -0.32601869106292725, 0.11376510560512543], [0.0, 0.0, 0.0, 1.0]]}, "finger5joint3": {"matrix": [[-0.3616393804550171, -0.8820105195045471, -0.302115261554718, -1.8405120372772217], [-0.2580946683883667, 0.40609443187713623, -0.8766266107559204, 0.4037463665008545], [0.8958814144134521, -0.23904815316200256, -0.3745020031929016, -0.06738052517175674], [0.0, 0.0, 0.0, 1.0]]}, "Bone": {"matrix": [[0.6221119165420532, -0.5775364637374878, -0.528609573841095, -1.393967628479004], [0.5952416658401489, 0.7874876260757446, -0.15984536707401276, 0.3946542739868164], [0.5085899233818054, -0.21520863473415375, 0.8336792588233948, 0.441830575466156], [0.0, 0.0, 0.0, 1.0]]}, "finger1joint1": {"matrix": [[-0.418461412191391, -0.48769325017929077, -0.7661886215209961, -1.8745862245559692], [0.8864486813545227, -0.03564797714352608, -0.4614518880844116, 1.0499917268753052], [0.19773396849632263, -0.8722866773605347, 0.4472324550151825, 0.26273661851882935], [0.0, 0.0, 0.0, 1.0]]}, "finger1joint2": {"matrix": [[-0.15548163652420044, -0.21295344829559326, -0.964611828327179, -2.1502199172973633], [0.9853847026824951, 0.03535357117652893, -0.1666347086429596, 1.0298442840576172], [0.06958793103694916, -0.9764223694801331, 0.20434439182281494, -0.2302609384059906], [0.0, 0.0, 0.0, 1.0]]}, "finger1joint3": {"matrix": [[-0.244453564286232, 0.20712022483348846, -0.9472821354866028, -2.2415096759796143], [0.9614791870117188, 0.17841564118862152, -0.20910710096359253, 1.0449997186660767], [0.12569966912269592, -0.9619089365005493, -0.2427559494972229, -0.6488370895385742], [0.0, 0.0, 0.0, 1.0]]}, "Bone.001": {"matrix": [[0.3231002986431122, -0.9041517972946167, -0.27949127554893494, -1.3939675092697144], [0.8032912611961365, 0.4181576669216156, -0.42410746216773987, 0.3946543037891388], [0.5003289580345154, -0.08748352527618408, 0.8614041805267334, 0.4418306052684784], [0.0, 0.0, 0.0, 1.0]]}, "finger2joint1": {"matrix": [[0.11706306040287018, -0.8350569009780884, -0.5375646948814392, -1.9670946598052979], [0.7373547554016113, 0.4356839060783386, -0.5162240862846375, 0.6597176194190979], [0.6652848124504089, -0.3359450399875641, 0.6667357683181763, 0.3863762319087982], [0.0, 0.0, 0.0, 1.0]]}, "finger2joint2": {"matrix": [[0.09024269133806229, 0.19393229484558105, -0.9768552184104919, -2.6895430088043213], [0.8182705640792847, 0.5446813106536865, 0.18372653424739838, 1.0366491079330444], [0.5677054524421692, -0.8159118294715881, -0.10953540354967117, 0.09573371708393097], [0.0, 0.0, 0.0, 1.0]]}, "finger2joint3": {"matrix": [[0.19881212711334229, 0.9513803720474243, 0.23526296019554138, -2.6159234046936035], [0.8556324243545532, -0.2855531871318817, 0.4316854178905487, 1.2434189319610596], [0.4778771996498108, 0.1154741421341896, -0.8708034753799438, -0.21399980783462524], [0.0, 0.0, 0.0, 1.0]]}, "Bone.002": {"matrix": [[-0.3944854140281677, -0.9005608558654785, -0.18267761170864105, -1.3939675092697144], [0.8739121556282043, -0.3062397241592407, -0.3774847984313965, 0.3946542739868164], [0.28400498628616333, -0.30855628848075867, 0.9078181982040405, 0.4418306052684784], [0.0, 0.0, 0.0, 1.0]]}, "finger3joint1": {"matrix": [[-0.48661425709724426, -0.7811961770057678, -0.39107397198677063, -1.773563027381897], [0.8705471158027649, -0.3961105942726135, -0.2919663190841675, 0.26557114720344543], [0.07317457348108292, -0.482523113489151, 0.8728210926055908, 0.311771035194397], [0.0, 0.0, 0.0, 1.0]]}, "finger3joint2": {"matrix": [[-0.5884751677513123, 0.08815222978591919, -0.8036951422691345, -2.4588139057159424], [0.8076237440109253, 0.01742146536707878, -0.5894408226013184, -0.08188974112272263], [-0.0379587821662426, -0.9959545135498047, -0.08144577592611313, -0.11148929595947266], [0.0, 0.0, 0.0, 1.0]]}, "finger3joint3": {"matrix": [[-0.4398331642150879, 0.6370907425880432, -0.632978618144989, -2.4017722606658936], [0.8951005935668945, 0.2536197602748871, -0.36670443415641785, -0.07061665505170822], [-0.07308794558048248, -0.727868378162384, -0.6818104386329651, -0.7559518814086914], [0.0, 0.0, 0.0, 1.0]]}, "Bone.003": {"matrix": [[-0.8248957395553589, -0.19621717929840088, 0.5301373600959778, -1.393967628479004], [0.22269093990325928, -0.9747844934463501, -0.01428435929119587, 0.3946543037891388], [0.5195725560188293, 0.10627367347478867, 0.8477912545204163, 0.4418306052684784], [0.0, 0.0, 0.0, 1.0]]}, "finger4joint1": {"matrix": [[-0.5756838917732239, -0.5714887380599976, -0.5847975015640259, -1.4780700206756592], [0.8175414800643921, -0.4150824546813965, -0.399164617061615, -0.0231572687625885], [-0.014620944857597351, -0.7078888416290283, 0.7061721682548523, 0.48738154768943787], [0.0, 0.0, 0.0, 1.0]]}, "finger4joint2": {"matrix": [[-0.5998181104660034, -0.2852894961833954, -0.7475476861000061, -2.0457634925842285], [0.7999511957168579, -0.23390616476535797, -0.5525991320610046, -0.4354831874370575], [-0.017205126583576202, -0.9294607043266296, 0.36851900815963745, -0.21580621600151062], [0.0, 0.0, 0.0, 1.0]]}, "finger4joint3": {"matrix": [[-0.5630271434783936, -0.10948379337787628, -0.819153904914856, -2.1647469997406006], [0.8246241211891174, -0.008787008933722973, -0.5656126141548157, -0.5330367684364319], [0.05472765862941742, -0.9939494729042053, 0.09523047506809235, -0.6034497618675232], [0.0, 0.0, 0.0, 1.0]]}}