{"root": {"matrix": [[0.599112331867218, -0.5111050605773926, 0.6163083910942078, 0.0], [0.5043910145759583, 0.8387287259101868, 0.20524075627326965, 5.960464477539063e-08], [-0.6218151450157166, 0.18789823353290558, 0.7602895498275757, 0.0], [0.0, 0.0, 0.0, 1.0]]}, "carpals": {"matrix": [[-0.6908193826675415, -0.6586631536483765, -0.29821309447288513, 0.7853096723556519], [0.6889431476593018, -0.7247986197471619, 0.004905879031866789, 1.938554048538208], [-0.21937578916549683, -0.2020629346370697, 0.954486608505249, -1.3077774047851562], [0.0, 0.0, 0.0, 1.0]]}, "metacarpals": {"matrix": [[-0.2564231753349304, -0.6600726842880249, 0.7060813307762146, 0.14377570152282715], [0.49084997177124023, -0.7182275056838989, -0.4931686520576477, 1.2326046228408813], [0.8326544165611267, 0.22012008726596832, 0.5081669688224792, -1.5045855045318604], [0.0, 0.0, 0.0, 1.0]]}, "finger5joint1": {"matrix": [[-0.0916108712553978, -0.8361995220184326, 0.5407193899154663, -0.4783729910850525], [0.5092903971672058, -0.5059565305709839, -0.6961544752120972, 0.9394804835319519], [0.8557047843933105, 0.21160778403282166, 0.4722195565700531, -1.7341153621673584], [0.0, 0.0, 0.0, 1.0]]}, "finger5joint2": {"matrix": [[0.6203183531761169, -0.7805302739143372, -0.07731027901172638, -1.3616273403167725], [-0.6681638956069946, -0.4742327630519867, -0.57328861951828, 0.4050525724887848], [0.41080623865127563, 0.40727731585502625, -0.8156979084014893, -1.5105998516082764], [0.0, 0.0, 0.0, 1.0]]}, "finger5joint3": {"matrix": [[0.5480539798736572, -0.7678555250167847, -0.3317137360572815, -1.8981132507324219], [-0.6769382953643799, -0.17422950267791748, -0.7151210308074951, 0.079095758497715], [0.49131548404693604, 0.6164747476577759, -0.615278422832489, -1.2306638956069946], [0.0, 0.0, 0.0, 1.0]]}, "Bone": {"matrix": [[0.5504345893859863, -0.47195959091186523, 0.688676655292511, -0.8867809772491455], [0.8245297074317932, 0.43677932024002075, -0.3596864342689514, 0.1112520694732666], [-0.13104219734668732, 0.7658184766769409, 0.6295632719993591, -1.1609169244766235], [0.0, 0.0, 0.0, 1.0]]}, "finger1joint1": {"matrix": [[-0.14599767327308655, -0.883765697479248, 0.4445700943470001, -1.279539942741394], [0.5684294700622559, -0.44273707270622253, -0.6934489607810974, 0.4747343957424164], [0.8096743226051331, 0.15146476030349731, 0.5669971704483032, -0.5236122608184814], [0.0, 0.0, 0.0, 1.0]]}, "finger1joint2": {"matrix": [[-0.25671303272247314, -0.6826643943786621, -0.6841545701026917, -1.7790251970291138], [0.7613050937652588, 0.2932610511779785, -0.5782839059829712, 0.22450898587703705], [0.5954099297523499, -0.6693035364151001, 0.44443193078041077, -0.438007652759552], [0.0, 0.0, 0.0, 1.0]]}, "finger1joint3": {"matrix": [[-0.2994609475135803, -0.30530115962028503, -0.903943657875061, -2.071672201156616], [0.6875524520874023, 0.587821364402771, -0.4263068735599518, 0.35022521018981934], [0.6615095734596252, -0.7491709589958191, 0.033880915492773056, -0.7249270677566528], [0.0, 0.0, 0.0, 1.0]]}, "Bone.001": {"matrix": [[0.4354376196861267, -0.3749532699584961, 0.8184154033660889, -0.8867809772491455], [0.8751480579376221, -0.03674626350402832, -0.4824575185775757, 0.1112520694732666], [0.2109728455543518, 0.9263150095939636, 0.31213900446891785, -1.1609169244766235], [0.0, 0.0, 0.0, 1.0]]}, "finger2joint1": {"matrix": [[-0.18395623564720154, -0.5406562685966492, 0.8208839893341064, -1.124457836151123], [0.5898325443267822, -0.7287806272506714, -0.3478160500526428, 0.0879591703414917], [0.7862935066223145, 0.4202011823654175, 0.4529605805873871, -0.5737410187721252], [0.0, 0.0, 0.0, 1.0]]}, "finger2joint2": {"matrix": [[-0.30716457962989807, -0.642917275428772, 0.7016457915306091, -1.5922060012817383], [0.5511192083358765, -0.7212455868721008, -0.4196094274520874, -0.5425446033477783], [0.7758334279060364, 0.2578013241291046, 0.5758653879165649, -0.21020439267158508], [0.0, 0.0, 0.0, 1.0]]}, "finger2joint3": {"matrix": [[-0.44033560156822205, -0.8160141706466675, 0.374466210603714, -1.8362679481506348], [0.5000312328338623, -0.5692957639694214, -0.6525877118110657, -0.8163412809371948], [0.7457031011581421, -0.10011293739080429, 0.6587139964103699, -0.11233876645565033], [0.0, 0.0, 0.0, 1.0]]}, "Bone.002": {"matrix": [[0.037735652178525925, -0.4736890196800232, 0.8798831701278687, -0.8867809772491455], [0.6091386675834656, -0.6871030330657959, -0.39602941274642944, 0.1112520694732666], [0.7921654582023621, 0.5509153008460999, 0.2626141607761383, -1.1609169244766235], [0.0, 0.0, 0.0, 1.0]]}, "finger3joint1": {"matrix": [[0.3533085286617279, -0.2386508733034134, 0.9045543074607849, -1.086445689201355], [0.9232343435287476, -0.06715632975101471, -0.3783229887485504, -0.17836874723434448], [0.1510339379310608, 0.968780517578125, 0.19660383462905884, -0.9287005662918091], [0.0, 0.0, 0.0, 1.0]]}, "finger3joint2": {"matrix": [[0.2757680416107178, -0.9609699249267578, 0.02210073545575142, -1.295785903930664], [0.9149730801582336, 0.25538358092308044, -0.3124152719974518, -0.23727703094482422], [0.29457780718803406, 0.10637563467025757, 0.9496884942054749, -0.07890418916940689], [0.0, 0.0, 0.0, 1.0]]}, "finger3joint3": {"matrix": [[0.22010205686092377, -0.8499426245689392, -0.47869864106178284, -1.9176104068756104], [0.9660075306892395, 0.25812628865242004, -0.014146752655506134, -0.07202334702014923], [0.1355888694524765, -0.45931297540664673, 0.877865195274353, -0.01007060706615448], [0.0, 0.0, 0.0, 1.0]]}, "Bone.003": {"matrix": [[0.2551930248737335, 0.20253364741802216, 0.9454398155212402, -0.8867809772491455], [-0.15994878113269806, -0.9555002450942993, 0.24786198139190674, 0.1112520694732666], [0.9535684585571289, -0.21447469294071198, -0.21144188940525055, -1.1609169244766235], [0.0, 0.0, 0.0, 1.0]]}, "finger4joint1": {"matrix": [[-0.015229213051497936, -0.7032657265663147, 0.710763692855835, -0.7999710440635681], [0.7066166996955872, -0.5105035901069641, -0.4899781048297882, -0.29829394817352295], [0.7074325084686279, 0.4947754442691803, 0.5047140121459961, -1.252845048904419], [0.0, 0.0, 0.0, 1.0]]}, "finger4joint2": {"matrix": [[-0.017618482932448387, -0.9623436331748962, -0.27126345038414, -1.4985665082931519], [0.6851352453231812, 0.18597620725631714, -0.7042741179466248, -0.8054072260856628], [0.7282025814056396, -0.1982606202363968, 0.6560590267181396, -0.7613553404808044], [0.0, 0.0, 0.0, 1.0]]}, "finger4joint3": {"matrix": [[0.06640835106372833, -0.7855262756347656, -0.6152543425559998, -1.899924397468567], [0.6775335669517517, 0.488163024187088, -0.5501314997673035, -0.7278434634208679], [0.7324874401092529, -0.3803223967552185, 0.5646385550498962, -0.8440424203872681], [0.0, 0.0, 0.0, 1.0]]}}