{"root": {"matrix": [[0.3200947046279907, -0.9466684460639954, 0.03685375675559044, -5.960464477539063e-08], [0.08877017349004745, -0.008759120479226112, -0.9960136413574219, 0.0], [0.9432175159454346, 0.32209017872810364, 0.08123210072517395, 2.9802322387695312e-08], [0.0, 0.0, 0.0, 1.0]]}, "carpals": {"matrix": [[-0.231639564037323, -0.2992515563964844, -0.9256302714347839, -0.20687201619148254], [0.9724629521369934, -0.046127211302518845, -0.2284468114376068, 0.30415603518486023], [0.025666529312729836, -0.9530584812164307, 0.30169594287872314, 2.4391963481903076], [0.0, 0.0, 0.0, 1.0]]}, "metacarpals": {"matrix": [[-0.42543256282806396, -0.663098156452179, -0.6158796548843384, -0.4983412027359009], [0.9046579003334045, -0.29316988587379456, -0.3092658519744873, 0.259228378534317], [0.02451643906533718, -0.6887322068214417, 0.7246009707450867, 1.510923147201538], [0.0, 0.0, 0.0, 1.0]]}, "finger5joint1": {"matrix": [[-0.5596776604652405, -0.6318411231040955, -0.5362251400947571, -0.5487492680549622], [0.8198928236961365, -0.5163192749023438, -0.2473662793636322, 0.06041085720062256], [-0.1205669641494751, -0.5780925750732422, 0.8070143461227417, 0.8155056238174438], [0.0, 0.0, 0.0, 1.0]]}, "finger5joint2": {"matrix": [[-0.2910364270210266, -0.9283374547958374, 0.23127183318138123, -1.2161457538604736], [-0.20760993659496307, -0.17469286918640137, -0.9624865055084229, -0.4849628806114197], [0.9339139461517334, -0.3281328082084656, -0.14189036190509796, 0.2048824280500412], [0.0, 0.0, 0.0, 1.0]]}, "finger5joint3": {"matrix": [[-0.3887198567390442, -0.9159404039382935, -0.09974668174982071, -1.854224443435669], [-0.16970664262771606, 0.1775868535041809, -0.9693617820739746, -0.6050354242324829], [0.9055914282798767, -0.35988232493400574, -0.22447291016578674, -0.020654752850532532], [0.0, 0.0, 0.0, 1.0]]}, "Bone": {"matrix": [[0.6391077637672424, -0.426090270280838, -0.6403031349182129, -1.5336215496063232], [0.4544799327850342, 0.8808431625366211, -0.13252633810043335, -0.19849121570587158], [0.6204748153686523, -0.2063061147928238, 0.7566031813621521, 0.4356209337711334], [0.0, 0.0, 0.0, 1.0]]}, "finger1joint1": {"matrix": [[-0.3398641347885132, -0.49305516481399536, -0.8008674383163452, -1.8882086277008057], [0.9273148775100708, -0.03372933715581894, -0.372759073972702, 0.5345355868339539], [0.1567782312631607, -0.8693436980247498, 0.46868079900741577, 0.26393550634384155], [0.0, 0.0, 0.0, 1.0]]}, "finger1joint2": {"matrix": [[-0.06996670365333557, -0.21372686326503754, -0.9743845462799072, -2.16687273979187], [0.9972606897354126, 0.008510196581482887, -0.07347600907087326, 0.5154725313186646], [0.023996155709028244, -0.9768562316894531, 0.21254605054855347, -0.22739875316619873], [0.0, 0.0, 0.0, 1.0]]}, "finger1joint3": {"matrix": [[-0.1603974848985672, 0.2171432375907898, -0.9628713726997375, -2.258493661880493], [0.9837053418159485, 0.11543551087379456, -0.13783544301986694, 0.5191206932067871], [0.08121967315673828, -0.969290018081665, -0.23212039470672607, -0.6461609601974487], [0.0, 0.0, 0.0, 1.0]]}, "Bone.001": {"matrix": [[0.37703222036361694, -0.8162049651145935, -0.43778520822525024, -1.5336215496063232], [0.7066773176193237, 0.5590465664863586, -0.4336749017238617, -0.19849123060703278], [0.5987100005149841, -0.14586329460144043, 0.7875720858573914, 0.43562090396881104], [0.0, 0.0, 0.0, 1.0]]}, "finger2joint1": {"matrix": [[0.15292994678020477, -0.8226451277732849, -0.5476012825965881, -2.0510001182556152], [0.7373659610748291, 0.4639122188091278, -0.4909955859184265, 0.1558791995048523], [0.657954216003418, -0.3286944627761841, 0.6775365471839905, 0.34316056966781616], [0.0, 0.0, 0.0, 1.0]]}, "finger2joint2": {"matrix": [[0.12785843014717102, 0.4007062613964081, -0.9072411060333252, -2.7627110481262207], [0.8185029625892639, 0.47395333647727966, 0.3246860206127167, 0.5572323799133301], [0.5600939393043518, -0.7840933203697205, -0.26738014817237854, 0.0587909072637558], [0.0, 0.0, 0.0, 1.0]]}, "finger2joint3": {"matrix": [[0.2535243630409241, 0.911628782749176, 0.3235088586807251, -2.6105964183807373], [0.8351548910140991, -0.3750307261943817, 0.402328222990036, 0.7371529340744019], [0.48809993267059326, 0.16817981004714966, -0.85643070936203, -0.23886379599571228], [0.0, 0.0, 0.0, 1.0]]}, "Bone.002": {"matrix": [[-0.2920227646827698, -0.8934528827667236, -0.34126877784729004, -1.5336215496063232], [0.9030613899230957, -0.14007407426834106, -0.40602871775627136, -0.19849121570587158], [0.3149648606777191, -0.4267561733722687, 0.8477475643157959, 0.43562090396881104], [0.0, 0.0, 0.0, 1.0]]}, "finger3joint1": {"matrix": [[0.2899414896965027, -0.9535951018333435, 0.08117932081222534, -1.9102208614349365], [0.8970016837120056, 0.2412005066871643, -0.37041935324668884, -0.25753381848335266], [0.33364972472190857, 0.18021810054779053, 0.9253101944923401, 0.25573891401290894], [0.0, 0.0, 0.0, 1.0]]}, "finger3joint2": {"matrix": [[0.13213887810707092, 0.37784427404403687, -0.9163911938667297, -2.746696949005127], [0.9375419616699219, 0.2524927854537964, 0.23929595947265625, -0.04595719277858734], [0.3217989504337311, -0.8907754421234131, -0.3208804428577423, 0.41382288932800293], [0.0, 0.0, 0.0, 1.0]]}, "finger3joint3": {"matrix": [[0.30294257402420044, 0.9461585283279419, 0.11405973136425018, -2.5022013187408447], [0.8953052759170532, -0.323567658662796, 0.30615752935409546, 0.11742591857910156], [0.3265796899795532, 0.009369771927595139, -0.9451231360435486, -0.16258037090301514], [0.0, 0.0, 0.0, 1.0]]}, "Bone.003": {"matrix": [[-0.8382078409194946, -0.3486754596233368, 0.41932427883148193, -1.5336215496063232], [0.3122532367706299, -0.9372431635856628, -0.15515559911727905, -0.19849121570587158], [0.44710785150527954, 0.0008825822151266038, 0.894479513168335, 0.4356209337711334], [0.0, 0.0, 0.0, 1.0]]}, "finger4joint1": {"matrix": [[-0.31361517310142517, -0.7066484093666077, -0.6342657804489136, -1.6830706596374512], [0.9399076104164124, -0.13606950640678406, -0.31314319372177124, -0.6002118587493896], [0.13497817516326904, -0.694357693195343, 0.7068577408790588, 0.4359992444515228], [0.0, 0.0, 0.0, 1.0]]}, "finger4joint2": {"matrix": [[-0.3419206440448761, 0.024048645049333572, -0.9394208192825317, -2.385026216506958], [0.9303192496299744, 0.149773970246315, -0.3347738981246948, -0.7353776693344116], [0.13265018165111542, -0.988427460193634, -0.07358363270759583, -0.25374728441238403], [0.0, 0.0, 0.0, 1.0]]}, "finger4joint3": {"matrix": [[-0.3289571702480316, 0.42713412642478943, -0.8422251343727112, -2.3749964237213135], [0.9194467067718506, 0.34831202030181885, -0.18247225880622864, -0.6729125380516052], [0.2154172658920288, -0.8344067931175232, -0.5073067545890808, -0.6659836769104004], [0.0, 0.0, 0.0, 1.0]]}}