{"root": {"matrix": [[0.4322952628135681, -0.3683406412601471, 0.8230710625648499, -2.9802322387695312e-08], [0.44569480419158936, 0.8807578682899475, 0.16006778180599213, 0.0], [-0.7838857769966125, 0.2976420223712921, 0.544914960861206, 0.0], [0.0, 0.0, 0.0, 1.0]]}, "carpals": {"matrix": [[-0.8955988883972168, -0.4022138714790344, -0.1900690793991089, 0.5245517492294312], [0.2771706283092499, -0.8386975526809692, 0.4687884449958801, 1.8520314693450928], [-0.3479638397693634, 0.3671647906303406, 0.8626186847686768, -1.5426632165908813], [0.0, 0.0, 0.0, 1.0]]}, "metacarpals": {"matrix": [[-0.47096914052963257, -0.7499299049377441, 0.4645352065563202, 0.13279783725738525], [0.8817404508590698, -0.38415655493736267, 0.27378323674201965, 1.0351451635360718], [-0.026863975450396538, 0.5385428667068481, 0.8421696424484253, -1.185046911239624], [0.0, 0.0, 0.0, 1.0]]}, "finger5joint1": {"matrix": [[-0.16144777834415436, -0.9592783451080322, 0.23177441954612732, -0.4036198854446411], [0.986568808555603, -0.1509740948677063, 0.062358319759368896, 0.5485780239105225], [-0.024826982989907265, 0.23872889578342438, 0.9707687497138977, -1.2194445133209229], [0.0, 0.0, 0.0, 1.0]]}, "finger5joint2": {"matrix": [[0.14708071947097778, -0.8270700573921204, -0.5425141453742981, -1.4168791770935059], [0.13048934936523438, 0.559909999370575, -0.8182132244110107, 0.3891083002090454], [0.9804791808128357, 0.04955097287893295, 0.19027568399906158, -0.967281699180603], [0.0, 0.0, 0.0, 1.0]]}, "finger5joint3": {"matrix": [[0.09887059032917023, -0.47204431891441345, -0.8760125041007996, -1.9853532314300537], [0.22703734040260315, 0.8678079843521118, -0.4419987201690674, 0.7739541530609131], [0.9688540697097778, -0.1551869809627533, 0.19297221302986145, -0.9332236647605896], [0.0, 0.0, 0.0, 1.0]]}, "Bone": {"matrix": [[0.6261760592460632, -0.6571580767631531, 0.4195789694786072, -1.038050889968872], [0.4911951720714569, 0.750416100025177, 0.4422699809074402, 0.4353700876235962], [-0.6055000424385071, -0.07084371894598007, 0.7926857471466064, -0.34423190355300903], [0.0, 0.0, 0.0, 1.0]]}, "finger1joint1": {"matrix": [[-0.359548956155777, -0.92036372423172, 0.15380139648914337, -1.5849298238754272], [0.9301275014877319, -0.3402884006500244, 0.13808122277259827, 1.0598571300506592], [-0.07474805414676666, 0.19270166754722595, 0.9784061312675476, -0.4031871557235718], [0.0, 0.0, 0.0, 1.0]]}, "finger1joint2": {"matrix": [[-0.3708226680755615, -0.2677636444568634, -0.8892654180526733, -2.1050994396209717], [0.8505412936210632, -0.48241499066352844, -0.2094162404537201, 0.8675335049629211], [-0.3729209303855896, -0.8340134620666504, 0.40663427114486694, -0.29427629709243774], [0.0, 0.0, 0.0, 1.0]]}, "finger1joint3": {"matrix": [[-0.44890037178993225, 0.10909929126501083, -0.8868966102600098, -2.2198853492736816], [0.8420830368995667, -0.2804262936115265, -0.46071377396583557, 0.6607301235198975], [-0.2989727556705475, -0.9536552429199219, 0.0340125672519207, -0.6518042087554932], [0.0, 0.0, 0.0, 1.0]]}, "Bone.001": {"matrix": [[0.41176649928092957, -0.6542534232139587, 0.6343504190444946, -1.0380510091781616], [0.7646099328994751, 0.6267674565315247, 0.15011246502399445, 0.4353701174259186], [-0.49580174684524536, 0.4232194721698761, 0.7583308219909668, -0.34423190355300903], [0.0, 0.0, 0.0, 1.0]]}, "finger2joint1": {"matrix": [[-0.23472672700881958, -0.7722668647766113, 0.5903447270393372, -1.4527714252471924], [0.9573701620101929, -0.07847694307565689, 0.27799877524375916, 0.8326677680015564], [-0.16836073994636536, 0.6304322481155396, 0.7577661871910095, -0.07596001029014587], [0.0, 0.0, 0.0, 1.0]]}, "finger2joint2": {"matrix": [[-0.35714906454086304, -0.7268943786621094, -0.5865736603736877, -2.120897054672241], [0.9165464639663696, -0.3937285542488098, -0.07014372199773788, 0.7647734880447388], [-0.17996372282505035, -0.5626741051673889, 0.8068523406982422, 0.46945780515670776], [0.0, 0.0, 0.0, 1.0]]}, "finger2joint3": {"matrix": [[-0.38431474566459656, 0.4582146406173706, -0.8014618754386902, -2.3968381881713867], [0.8679149150848389, -0.11658784002065659, -0.482835978269577, 0.6153076887130737], [-0.3146832287311554, -0.8811618685722351, -0.3528852164745331, 0.2558574676513672], [0.0, 0.0, 0.0, 1.0]]}, "Bone.002": {"matrix": [[-0.1710774004459381, -0.6778277158737183, 0.7150397300720215, -1.038050889968872], [0.9826121926307678, -0.06423433870077133, 0.1742040514945984, 0.4353701174259186], [-0.07215014845132828, 0.7324091196060181, 0.6770310997962952, -0.34423190355300903], [0.0, 0.0, 0.0, 1.0]]}, "finger3joint1": {"matrix": [[-0.37429866194725037, -0.6261693239212036, 0.6839679479598999, -1.323762059211731], [0.9226942658424377, -0.17800214886665344, 0.34198030829429626, 0.4082947373390198], [-0.09238982200622559, 0.7590960264205933, 0.6443890333175659, -0.035514116287231445], [0.0, 0.0, 0.0, 1.0]]}, "finger3joint2": {"matrix": [[-0.49484896659851074, -0.5962200164794922, -0.6321755051612854, -1.8730263710021973], [0.8689703345298767, -0.3362759053707123, -0.3630550801753998, 0.25215449929237366], [0.0038753000553697348, -0.7289994955062866, 0.6845032572746277, 0.6303508877754211], [0.0, 0.0, 0.0, 1.0]]}, "finger3joint3": {"matrix": [[-0.41045525670051575, 0.19849839806556702, -0.8900137543678284, -2.2588284015655518], [0.8998785018920898, -0.06966245919466019, -0.4305412471294403, 0.03455698862671852], [-0.14746232330799103, -0.9776223301887512, -0.15003149211406708, 0.15862968564033508], [0.0, 0.0, 0.0, 1.0]]}, "Bone.003": {"matrix": [[-0.07794273644685745, 0.18516424298286438, 0.9796116352081299, -1.038050889968872], [0.7167107462882996, -0.6726144552230835, 0.1841612011194229, 0.4353701174259186], [0.6930011510848999, 0.7164523005485535, -0.08028357475996017, -0.34423190355300903], [0.0, 0.0, 0.0, 1.0]]}, "finger4joint1": {"matrix": [[-0.4776756763458252, -0.8273866772651672, -0.29539263248443604, -0.9586858749389648], [0.8780988454818726, -0.4602479040622711, -0.13082043826580048, 0.14707449078559875], [-0.027714768424630165, -0.3218739628791809, 0.946376621723175, -0.03714650869369507], [0.0, 0.0, 0.0, 1.0]]}, "finger4joint2": {"matrix": [[-0.5021314024925232, -0.6128319501876831, -0.6101643443107605, -1.7805778980255127], [0.8646277785301208, -0.3694785237312317, -0.3404467701911926, -0.31011688709259033], [-0.01680600456893444, -0.6985144019126892, 0.715398371219635, -0.3568829298019409], [0.0, 0.0, 0.0, 1.0]]}, "finger4joint3": {"matrix": [[-0.44047150015830994, -0.4376178979873657, -0.7838845252990723, -2.0361671447753906], [0.8972360491752625, -0.18457446992397308, -0.4011225998401642, -0.46421268582344055], [0.03085334785282612, -0.8800128698348999, 0.47394630312919617, -0.648207426071167], [0.0, 0.0, 0.0, 1.0]]}}