{"root": {"matrix": [[0.17048899829387665, -0.9346463084220886, 0.3120412528514862, -5.960464477539063e-08], [0.232575923204422, -0.2695602476596832, -0.9344761967658997, 0.0], [0.9575186371803284, 0.2318911850452423, 0.17141911387443542, 0.0], [0.0, 0.0, 0.0, 1.0]]}, "carpals": {"matrix": [[-0.20777814090251923, -0.38484516739845276, -0.8992898464202881, -0.5643722414970398], [0.9581272602081299, -0.26525139808654785, -0.10785976052284241, 0.3671741783618927], [-0.19702839851379395, -0.8840450048446655, 0.4238441288471222, 2.373110294342041], [0.0, 0.0, 0.0, 1.0]]}, "metacarpals": {"matrix": [[0.005558743607252836, -0.7703800201416016, -0.6375606060028076, -0.9392092227935791], [0.9894835352897644, -0.08791735768318176, 0.11485978960990906, 0.10882091522216797], [-0.14453817903995514, -0.6314941048622131, 0.7617896795272827, 1.51205575466156], [0.0, 0.0, 0.0, 1.0]]}, "finger5joint1": {"matrix": [[-0.11255504190921783, -0.6968931555747986, -0.7082873582839966, -1.1175450086593628], [0.9778109192848206, -0.20443099737167358, 0.04575683921575546, -0.1622207909822464], [-0.17668333649635315, -0.6874209046363831, 0.7044395208358765, 0.8636674284934998], [0.0, 0.0, 0.0, 1.0]]}, "finger5joint2": {"matrix": [[-0.5985108613967896, -0.4696098566055298, -0.6490383148193359, -1.8536540269851685], [0.00026612807414494455, 0.8100526928901672, -0.5863568782806396, -0.3781556189060211], [0.8011143207550049, -0.35111337900161743, -0.48470035195350647, 0.13756375014781952], [0.0, 0.0, 0.0, 1.0]]}, "finger5joint3": {"matrix": [[-0.603093683719635, -0.011670762673020363, -0.7975845336914062, -2.1764333248138428], [0.10816870629787445, 0.9894601702690125, -0.09627022594213486, 0.17862200736999512], [0.7903017997741699, -0.14433348178863525, -0.5954746007919312, -0.10376878082752228], [0.0, 0.0, 0.0, 1.0]]}, "Bone": {"matrix": [[0.8131189942359924, -0.02109585702419281, -0.5817148685455322, -2.141986131668091], [0.22966837882995605, 0.9298962354660034, 0.28730708360671997, -0.02844250202178955], [0.5348734259605408, -0.36721622943878174, 0.7609614133834839, 0.5261181592941284], [0.0, 0.0, 0.0, 1.0]]}, "finger1joint1": {"matrix": [[0.08967332541942596, -0.4459565281867981, -0.8905510306358337, -2.1595418453216553], [0.994981050491333, 0.0002516907698009163, 0.10006283223628998, 0.7454056143760681], [-0.04439942538738251, -0.8950543403625488, 0.44374096393585205, 0.22052538394927979], [0.0, 0.0, 0.0, 1.0]]}, "finger1joint2": {"matrix": [[0.36545154452323914, 0.10625354200601578, -0.9247459769248962, -2.4115869998931885], [0.9170664548873901, -0.21131154894828796, 0.3381369113922119, 0.7455479502677917], [-0.1594811975955963, -0.9716261625289917, -0.17466551065444946, -0.28533998131752014], [0.0, 0.0, 0.0, 1.0]]}, "finger1joint3": {"matrix": [[0.2657754123210907, 0.5178155899047852, -0.8131606578826904, -2.3660378456115723], [0.9537275433540344, -0.26424741744995117, 0.14344751834869385, 0.6549621224403381], [-0.1405961811542511, -0.8136585354804993, -0.5640852451324463, -0.7018601298332214], [0.0, 0.0, 0.0, 1.0]]}, "Bone.001": {"matrix": [[0.6834125518798828, -0.5062333345413208, -0.5259988903999329, -2.141986131668091], [0.5628895163536072, 0.8242111802101135, -0.06189631298184395, -0.02844253182411194], [0.4648681879043579, -0.2537783682346344, 0.848229706287384, 0.5261181592941284], [0.0, 0.0, 0.0, 1.0]]}, "finger2joint1": {"matrix": [[0.2901310920715332, -0.16894598305225372, -0.9419558644294739, -2.462879180908203], [0.7858155369758606, 0.6038276553153992, 0.13373802602291107, 0.4940115213394165], [0.5461845993995667, -0.7790050506591797, 0.3079496920108795, 0.36525219678878784], [0.0, 0.0, 0.0, 1.0]]}, "finger2joint2": {"matrix": [[0.3594663143157959, 0.332635760307312, -0.8718584179878235, -2.6090426445007324], [0.8214653134346008, 0.33044174313545227, 0.46476107835769653, 1.0164122581481934], [0.442694753408432, -0.883267343044281, -0.15446586906909943, -0.3087031841278076], [0.0, 0.0, 0.0, 1.0]]}, "finger2joint3": {"matrix": [[0.47170206904411316, 0.6691790223121643, -0.5741918087005615, -2.4827687740325928], [0.8091092705726624, -0.0696503147482872, 0.5835158824920654, 1.1418535709381104], [0.35048407316207886, -0.7398296594619751, -0.5742930173873901, -0.6440059542655945], [0.0, 0.0, 0.0, 1.0]]}, "Bone.002": {"matrix": [[0.14506219327449799, -0.8944172263145447, -0.4230538308620453, -2.141986131668091], [0.9790563583374023, 0.19149085879325867, -0.06913701444864273, -0.028442494571208954], [0.1428484171628952, -0.4041641652584076, 0.9034629464149475, 0.5261181592941284], [0.0, 0.0, 0.0, 1.0]]}, "finger3joint1": {"matrix": [[0.09869279712438583, -0.5450402498245239, -0.8325806856155396, -2.5189919471740723], [0.9935628771781921, 0.007213416509330273, 0.11305312067270279, 0.05227282643318176], [-0.05561256408691406, -0.8383786082267761, 0.5422437191009521, 0.3557589054107666], [0.0, 0.0, 0.0, 1.0]]}, "finger3joint2": {"matrix": [[0.043491095304489136, 0.9931014180183411, -0.10889461636543274, -2.997091293334961], [0.977060854434967, -0.06502478569746017, -0.20279055833816528, 0.058600299060344696], [-0.20847220718860626, -0.09757717698812485, -0.9731482863426208, -0.3796513080596924], [0.0, 0.0, 0.0, 1.0]]}, "finger3joint3": {"matrix": [[0.11040143668651581, 0.4922899603843689, 0.863401472568512, -2.3544747829437256], [0.9928017854690552, -0.01403677649796009, -0.11894413828849792, 0.016524044796824455], [-0.046435438096523285, 0.870317816734314, -0.49029597640037537, -0.44279155135154724], [0.0, 0.0, 0.0, 1.0]]}, "Bone.003": {"matrix": [[-0.5909387469291687, -0.7153356671333313, 0.3729425370693207, -2.14198637008667], [0.7148786783218384, -0.6785675287246704, -0.16880354285240173, -0.028442472219467163], [0.373818039894104, 0.1668560802936554, 0.912369966506958, 0.5261181592941284], [0.0, 0.0, 0.0, 1.0]]}, "finger4joint1": {"matrix": [[0.004038010723888874, -0.23066075146198273, -0.9730256199836731, -2.4485929012298584], [0.9883748292922974, -0.1469651162624359, 0.03894049674272537, -0.3192897140979767], [-0.15198267996311188, -0.961871325969696, 0.2273859679698944, 0.5976359844207764], [0.0, 0.0, 0.0, 1.0]]}, "finger4joint2": {"matrix": [[-0.020040545612573624, 0.43382930755615234, -0.9007719159126282, -2.6777219772338867], [0.9853137135505676, -0.1442379355430603, -0.09138931334018707, -0.46527886390686035], [-0.169572651386261, -0.8893745541572571, -0.424567312002182, -0.3578476011753082], [0.0, 0.0, 0.0, 1.0]]}, "finger4joint3": {"matrix": [[-0.04285445064306259, 0.738034725189209, -0.6734002232551575, -2.4967877864837646], [0.9951245784759521, -0.028394227847456932, -0.09444829821586609, -0.5254351496696472], [-0.08882658928632736, -0.6741647720336914, -0.7332196831703186, -0.728772759437561], [0.0, 0.0, 0.0, 1.0]]}}