{"root": {"matrix": [[0.36168718338012695, -0.8605865240097046, 0.35857105255126953, 0.0], [0.1171460673213005, -0.3396097719669342, -0.9332427382469177, 0.0], [0.9249103665351868, 0.3795470893383026, -0.02201823703944683, 0.0], [0.0, 0.0, 0.0, 1.0]]}, "carpals": {"matrix": [[-0.7059522271156311, -0.5798226594924927, -0.4067392945289612, -0.06472283601760864], [0.5748744606971741, -0.13364854454994202, -0.8072528839111328, 0.03742826730012894], [0.413703590631485, -0.8037060499191284, 0.42767462134361267, 2.4656429290771484], [0.0, 0.0, 0.0, 1.0]]}, "metacarpals": {"matrix": [[-0.926301896572113, -0.34490612149238586, 0.151671901345253, -0.6294665336608887], [-0.06710298359394073, -0.24509689211845398, -0.9671735167503357, -0.0927446186542511], [0.3707584738731384, -0.9060722589492798, 0.20388928055763245, 1.6828380823135376], [0.0, 0.0, 0.0, 1.0]]}, "finger5joint1": {"matrix": [[-0.8353002071380615, -0.5102417469024658, 0.20475992560386658, -0.7261527180671692], [-0.03570696711540222, -0.3212972581386566, -0.9463048577308655, 0.17702409625053406], [0.5486332178115845, -0.797760009765625, 0.250160276889801, 1.0168416500091553], [0.0, 0.0, 0.0, 1.0]]}, "finger5joint2": {"matrix": [[0.2936128079891205, -0.8439630270004272, 0.44890671968460083, -1.2651069164276123], [-0.906073272228241, -0.39537572860717773, -0.15069468319416046, -0.1623532772064209], [0.3046674132347107, -0.36249634623527527, -0.8807801008224487, 0.17418982088565826], [0.0, 0.0, 0.0, 1.0]]}, "finger5joint3": {"matrix": [[0.188380628824234, -0.9389813542366028, 0.2877952456474304, -1.845192313194275], [-0.9293501377105713, -0.2651810944080353, -0.2568790912628174, -0.4341088533401489], [0.31752240657806396, -0.21907132863998413, -0.9225977659225464, -0.07496663182973862], [0.0, 0.0, 0.0, 1.0]]}, "Bone": {"matrix": [[0.18360918760299683, -0.9829419851303101, 0.010610740631818771, -1.1679607629776], [0.31269732117652893, 0.04817011207342148, -0.9486305117607117, -0.4754089117050171], [0.9319376349449158, 0.17749536037445068, 0.316207617521286, 0.26820772886276245], [0.0, 0.0, 0.0, 1.0]]}, "finger1joint1": {"matrix": [[-0.8684066534042358, -0.4624287486076355, -0.17896756529808044, -1.9859530925750732], [-0.04795323684811592, 0.43755871057510376, -0.8979101777076721, -0.4353223443031311], [0.4935283958911896, -0.7711689472198486, -0.40215393900871277, 0.41591718792915344], [0.0, 0.0, 0.0, 1.0]]}, "finger1joint2": {"matrix": [[-0.7632607817649841, -0.022481665015220642, -0.645699143409729, -2.247307538986206], [0.2189575433731079, 0.9312533736228943, -0.29124677181243896, -0.1880236566066742], [0.607857346534729, -0.3636777698993683, -0.7058665752410889, -0.019930779933929443], [0.0, 0.0, 0.0, 1.0]]}, "finger1joint3": {"matrix": [[-0.8233873248100281, 0.21273869276046753, -0.5260946154594421, -2.2569451332092285], [0.15402330458164215, 0.9760507941246033, 0.15362821519374847, 0.2111893594264984], [0.546177864074707, 0.04546482488512993, -0.8364343047142029, -0.17583346366882324], [0.0, 0.0, 0.0, 1.0]]}, "Bone.001": {"matrix": [[-0.15986131131649017, -0.9176134467124939, 0.3639087378978729, -1.1679607629776], [0.19637620449066162, -0.39084360003471375, -0.899264931678772, -0.4754089117050171], [0.9674091339111328, -0.07229464501142502, 0.24267804622650146, 0.26820775866508484], [0.0, 0.0, 0.0, 1.0]]}, "finger2joint1": {"matrix": [[-0.8792058825492859, -0.31351834535598755, 0.35875189304351807, -1.749620795249939], [-0.014695530757308006, -0.7347782850265503, -0.6781479716300964, -0.7231582999229431], [0.47621503472328186, -0.6015039086341858, 0.6414139866828918, 0.22238141298294067], [0.0, 0.0, 0.0, 1.0]]}, "finger2joint2": {"matrix": [[-0.9333308935165405, -0.35428282618522644, 0.05811097100377083, -2.0208609104156494], [-0.018349869176745415, -0.11457493156194687, -0.993245005607605, -1.3588509559631348], [0.3585478663444519, -0.9280925393104553, 0.10043512284755707, -0.29800906777381897], [0.0, 0.0, 0.0, 1.0]]}, "finger2joint3": {"matrix": [[-0.9692407846450806, -0.13951534032821655, -0.2027496099472046, -2.1553525924682617], [0.057453006505966187, 0.6727826595306396, -0.73760586977005, -1.4023454189300537], [0.23931388556957245, -0.7265661954879761, -0.644072949886322, -0.6503282785415649], [0.0, 0.0, 0.0, 1.0]]}, "Bone.002": {"matrix": [[-0.76010662317276, -0.5017688274383545, 0.4128750264644623, -1.1679607629776], [-0.11763931065797806, -0.518629252910614, -0.846867561340332, -0.47540897130966187], [0.639060914516449, -0.6922798752784729, 0.33518555760383606, 0.26820775866508484], [0.0, 0.0, 0.0, 1.0]]}, "finger3joint1": {"matrix": [[0.050308957695961, -0.9741325974464417, 0.22030577063560486, -1.379461407661438], [0.18348142504692078, -0.20781585574150085, -0.9608054161071777, -0.6940163373947144], [0.9817348718643188, 0.08875938504934311, 0.1682800054550171, -0.023595165461301804], [0.0, 0.0, 0.0, 1.0]]}, "finger3joint2": {"matrix": [[-0.11294082552194595, -0.1956082135438919, -0.97415691614151, -2.233952522277832], [0.18544533848762512, 0.959052562713623, -0.21407532691955566, -0.8763085603713989], [0.9761425256729126, -0.20483051240444183, -0.07204128056764603, 0.0542629212141037], [0.0, 0.0, 0.0, 1.0]]}, "finger3joint3": {"matrix": [[0.042922019958496094, 0.5108676552772522, -0.8585870265960693, -2.3605265617370605], [0.26615509390830994, 0.8224763870239258, 0.5026869177818298, -0.25572454929351807], [0.9629740118980408, -0.2500936985015869, -0.10066737234592438, -0.07827885448932648], [0.0, 0.0, 0.0, 1.0]]}, "Bone.003": {"matrix": [[-0.543268620967865, 0.5502967834472656, 0.6340603232383728, -1.1679607629776], [-0.8011664748191833, -0.5655782222747803, -0.1955852061510086, -0.4754089117050171], [0.2509807348251343, -0.6142433285713196, 0.7481400966644287, 0.26820775866508484], [0.0, 0.0, 0.0, 1.0]]}, "finger4joint1": {"matrix": [[-0.6224860548973083, -0.7650443315505981, 0.16497856378555298, -0.9320929646492004], [0.066703662276268, -0.26189523935317993, -0.9627882838249207, -0.7178267240524292], [0.7797830104827881, -0.5883175730705261, 0.21405726671218872, 0.004931092262268066], [0.0, 0.0, 0.0, 1.0]]}, "finger4joint2": {"matrix": [[-0.6365578174591064, -0.6958292722702026, -0.3325887620449066, -1.692056655883789], [0.04207863286137581, 0.3992675244808197, -0.9158682227134705, -0.9779826998710632], [0.7700799703598022, -0.596997857093811, -0.22487738728523254, -0.5794793963432312], [0.0, 0.0, 0.0, 1.0]]}, "finger4joint3": {"matrix": [[-0.5715795755386353, -0.5753405690193176, -0.5850465893745422, -1.982261300086975], [0.022136887535452843, 0.7019246816635132, -0.711906909942627, -0.8114629983901978], [0.8202477693557739, -0.41986241936683655, -0.3884695768356323, -0.8284651041030884], [0.0, 0.0, 0.0, 1.0]]}}