{"root": {"matrix": [[0.4785747826099396, -0.6988828778266907, 0.5315344929695129, 0.0], [0.6992147564888, -0.06281992048025131, -0.7121463418006897, 0.0], [0.5310978293418884, 0.7124720215797424, 0.4586051404476166, 0.0], [0.0, 0.0, 0.0, 1.0]]}, "carpals": {"matrix": [[-0.5518627166748047, -0.5333450436592102, -0.6410852670669556, 0.33844804763793945], [0.8190138936042786, -0.4914007782936096, -0.29621171951293945, 1.5998307466506958], [-0.15704669058322906, -0.6885259747505188, 0.7080028653144836, 1.84688401222229], [0.0, 0.0, 0.0, 1.0]]}, "metacarpals": {"matrix": [[-0.5884637832641602, -0.7133482098579407, -0.3805842995643616, -0.18102681636810303], [0.805557906627655, -0.47700873017311096, -0.35148119926452637, 1.1212093830108643], [0.06918651610612869, -0.513416588306427, 0.8553457260131836, 1.1762638092041016], [0.0, 0.0, 0.0, 1.0]]}, "finger5joint1": {"matrix": [[-0.5341300368309021, -0.7796924114227295, -0.32677897810935974, -0.3282976746559143], [0.8350257873535156, -0.426192045211792, -0.34798309206962585, 0.8522353172302246], [0.13204926252365112, -0.45873701572418213, 0.8787053227424622, 0.5192713141441345], [0.0, 0.0, 0.0, 1.0]]}, "finger5joint2": {"matrix": [[-0.18684068322181702, -0.9816896915435791, 0.03708183020353317, -1.1518651247024536], [-0.34054240584373474, 0.029315628111362457, -0.9397718906402588, 0.40206050872802734], [0.9214775562286377, -0.18821536004543304, -0.3397844433784485, 0.03472014516592026], [0.0, 0.0, 0.0, 1.0]]}, "finger5joint3": {"matrix": [[-0.2794276177883148, -0.9182013273239136, -0.28075921535491943, -1.8266148567199707], [-0.2840613126754761, 0.3583720326423645, -0.8893133997917175, 0.42221012711524963], [0.9171852469444275, -0.1687457114458084, -0.3609645664691925, -0.0946468859910965], [0.0, 0.0, 0.0, 1.0]]}, "Bone": {"matrix": [[0.6434908509254456, -0.6306192874908447, -0.43386468291282654, -1.2947614192962646], [0.6237086653709412, 0.7605544924736023, -0.1804003119468689, 0.3764662742614746], [0.4437415897846222, -0.15451915562152863, 0.882732629776001, 0.3746778964996338], [0.0, 0.0, 0.0, 1.0]]}, "finger1joint1": {"matrix": [[-0.42971646785736084, -0.5238332748413086, -0.735487699508667, -1.8195549249649048], [0.8677449226379395, -0.014300299808382988, -0.496803879737854, 1.0093904733657837], [0.24972477555274963, -0.851700484752655, 0.4606989026069641, 0.24608895182609558], [0.0, 0.0, 0.0, 1.0]]}, "finger1joint2": {"matrix": [[-0.1748243123292923, -0.2555235028266907, -0.950864851474762, -2.115614175796509], [0.9779090285301208, 0.06733066588640213, -0.19789005815982819, 1.0013082027435303], [0.11458791792392731, -0.9644553065299988, 0.238107830286026, -0.23527371883392334], [0.0, 0.0, 0.0, 1.0]]}, "finger1joint3": {"matrix": [[-0.26072973012924194, 0.1614059954881668, -0.9518234133720398, -2.2251527309417725], [0.9497085213661194, 0.21998494863510132, -0.2228461503982544, 1.0301717519760132], [0.17341813445091248, -0.9620574116706848, -0.21064512431621552, -0.6487197875976562], [0.0, 0.0, 0.0, 1.0]]}, "Bone.001": {"matrix": [[0.33627402782440186, -0.9259651899337769, -0.17177842557430267, -1.2947614192962646], [0.8183332085609436, 0.3775734305381775, -0.43332305550575256, 0.3764663338661194], [0.4661010503768921, 0.005143394693732262, 0.8847163319587708, 0.3746779263019562], [0.0, 0.0, 0.0, 1.0]]}, "finger2joint1": {"matrix": [[-0.43996939063072205, -0.6590744256973267, -0.6099569797515869, -1.8817155361175537], [0.8796126246452332, -0.1794954538345337, -0.440525621175766, 0.6158039569854736], [0.18085473775863647, -0.7303436398506165, 0.6587027907371521, 0.37793824076652527], [0.0, 0.0, 0.0, 1.0]]}, "finger2joint2": {"matrix": [[-0.4395096004009247, -0.05324818566441536, -0.8966580033302307, -2.451913356781006], [0.8967071175575256, 0.03224373236298561, -0.44144830107688904, 0.4605136513710022], [0.05241798236966133, -0.998060405254364, 0.03357674553990364, -0.25391778349876404], [0.0, 0.0, 0.0, 1.0]]}, "finger2joint3": {"matrix": [[-0.3608276844024658, 0.6179182529449463, -0.6985557079315186, -2.4721269607543945], [0.930321455001831, 0.18577899038791656, -0.31620872020721436, 0.47275394201278687], [-0.06561412662267685, -0.7639783620834351, -0.6418967247009277, -0.6327978372573853], [0.0, 0.0, 0.0, 1.0]]}, "Bone.002": {"matrix": [[-0.401949018239975, -0.9127538204193115, -0.07291853427886963, -1.2947614192962646], [0.8565390110015869, -0.34664997458457947, -0.38232800364494324, 0.3764663636684418], [0.32369422912597656, -0.21613378822803497, 0.921144962310791, 0.3746779263019562], [0.0, 0.0, 0.0, 1.0]]}, "finger3joint1": {"matrix": [[-0.48410725593566895, -0.7818245887756348, 0.3929251730442047, -1.679496169090271], [0.8656439185142517, -0.4934455454349518, 0.08468908816576004, 0.23034992814064026], [0.12767527997493744, 0.38113200664520264, 0.9156621694564819, 0.2835753858089447], [0.0, 0.0, 0.0, 1.0]]}, "finger3joint2": {"matrix": [[-0.6165146231651306, -0.12400052696466446, -0.7775173783302307, -2.365298271179199], [0.772783637046814, 0.09373369067907333, -0.6277098059654236, -0.2024914026260376], [0.15071605145931244, -0.9878449440002441, 0.038037560880184174, 0.6178972721099854], [0.0, 0.0, 0.0, 1.0]]}, "finger3joint3": {"matrix": [[-0.4823662042617798, 0.7719798684120178, -0.4139679968357086, -2.4455368518829346], [0.8710217475891113, 0.4728604555130005, -0.1331322342157364, -0.1418381780385971], [0.09297378361225128, -0.42479386925697327, -0.9005032181739807, -0.021317705512046814], [0.0, 0.0, 0.0, 1.0]]}, "Bone.003": {"matrix": [[-0.7770659327507019, -0.1411455124616623, 0.6133890748023987, -1.294761300086975], [0.18770061433315277, -0.9821556210517883, 0.011785033158957958, 0.3764663636684418], [0.6007802486419678, 0.12429129332304001, 0.789692759513855, 0.3746778964996338], [0.0, 0.0, 0.0, 1.0]]}, "finger4joint1": {"matrix": [[-0.5917416214942932, -0.6255917549133301, -0.5084056258201599, -1.3552591800689697], [0.8038018941879272, -0.4100213944911957, -0.43102768063545227, -0.044504642486572266], [0.061190299689769745, -0.6637144088745117, 0.7454787492752075, 0.4279515743255615], [0.0, 0.0, 0.0, 1.0]]}, "finger4joint2": {"matrix": [[-0.6156336665153503, -0.3650085926055908, -0.6984005570411682, -1.9766961336135864], [0.7857185006141663, -0.21645282208919525, -0.5794776678085327, -0.4518030881881714], [0.06034368276596069, -0.9054923057556152, 0.42004984617233276, -0.2313551902770996], [0.0, 0.0, 0.0, 1.0]]}, "finger4joint3": {"matrix": [[-0.5728785395622253, -0.2007240355014801, -0.794681966304779, -2.128927707672119], [0.8093845844268799, 0.01435500755906105, -0.5871032476425171, -0.5420775413513184], [0.12925352156162262, -0.9795423746109009, 0.1542394608259201, -0.6090023517608643], [0.0, 0.0, 0.0, 1.0]]}}