{"root": {"matrix": [[0.5304638147354126, -0.3541385233402252, 0.7701908946037292, 0.0], [0.846331000328064, 0.27300408482551575, -0.45737579464912415, 2.9802322387695312e-08], [-0.04829082638025284, 0.8944577574729919, 0.4445371627807617, 5.960464477539063e-08], [0.0, 0.0, 0.0, 1.0]]}, "carpals": {"matrix": [[-0.7890523076057434, -0.614107608795166, -0.016369249671697617, 0.7664037346839905], [0.532909631729126, -0.6709805727005005, -0.5155503749847412, 2.2325973510742188], [0.30562007427215576, -0.4155196249485016, 0.8567027449607849, 0.7163236737251282], [0.0, 0.0, 0.0, 1.0]]}, "metacarpals": {"matrix": [[-0.4894310534000397, -0.6627473831176758, 0.5667651891708374, 0.16826671361923218], [0.028555095195770264, -0.6617602109909058, -0.7491714358329773, 1.5790663957595825], [0.8715742230415344, -0.350483775138855, 0.34281083941459656, 0.3116101026535034], [0.0, 0.0, 0.0, 1.0]]}, "finger5joint1": {"matrix": [[-0.2925172746181488, -0.8450037837028503, 0.4476626217365265, -0.3572133779525757], [0.05958732217550278, -0.483335942029953, -0.8734045624732971, 1.5045944452285767], [0.9544018507003784, -0.22881093621253967, 0.19173561036586761, -0.18235284090042114], [0.0, 0.0, 0.0, 1.0]]}, "finger5joint2": {"matrix": [[0.49196088314056396, -0.8694406151771545, -0.04524021968245506, -1.249767541885376], [-0.8514576554298401, -0.4696427583694458, -0.23335610330104828, 0.9940600991249084], [0.1816425621509552, 0.153322234749794, -0.9713382124900818, -0.4240395128726959], [0.0, 0.0, 0.0, 1.0]]}, "finger5joint3": {"matrix": [[0.41038674116134644, -0.8644216656684875, -0.2904430031776428, -1.8473645448684692], [-0.8774386048316956, -0.2875646650791168, -0.38393688201904297, 0.6712581515312195], [0.24836227297782898, 0.412408709526062, -0.87649005651474, -0.31865572929382324], [0.0, 0.0, 0.0, 1.0]]}, "Bone": {"matrix": [[0.5288585424423218, -0.676920473575592, 0.5119442939758301, -0.8664659857749939], [0.7191879153251648, 0.037155069410800934, -0.6938212513923645, 0.5458749532699585], [0.4506405293941498, 0.7351176738739014, 0.5064828395843506, -0.23559236526489258], [0.0, 0.0, 0.0, 1.0]]}, "finger1joint1": {"matrix": [[-0.3440852761268616, -0.9310628771781921, 0.12135443836450577, -1.42979097366333], [0.11245701462030411, -0.16918142139911652, -0.9791479706764221, 0.5767949223518372], [0.9321795105934143, -0.3232632279396057, 0.16291743516921997, 0.3761634826660156], [0.0, 0.0, 0.0, 1.0]]}, "finger1joint2": {"matrix": [[-0.3460036516189575, -0.4998325705528259, -0.7940079569816589, -1.9560073614120483], [0.4085872173309326, 0.6815448999404907, -0.6070855259895325, 0.4811772406101227], [0.844593346118927, -0.5344753861427307, -0.03159178048372269, 0.19346210360527039], [0.0, 0.0, 0.0, 1.0]]}, "finger1joint3": {"matrix": [[-0.40606483817100525, 0.00798606313765049, -0.9138092398643494, -2.1702775955200195], [0.3197248578071594, 0.938004732131958, -0.1338767409324646, 0.7733443975448608], [0.8560884594917297, -0.34653016924858093, -0.38344404101371765, -0.03565870225429535], [0.0, 0.0, 0.0, 1.0]]}, "Bone.001": {"matrix": [[0.32511478662490845, -0.605370819568634, 0.7265164256095886, -0.8664660453796387], [0.6022038459777832, -0.45981431007385254, -0.6526262760162354, 0.5458749532699585], [0.7291436791419983, 0.6496896147727966, 0.21506425738334656, -0.23559239506721497], [0.0, 0.0, 0.0, 1.0]]}, "finger2joint1": {"matrix": [[-0.373013973236084, -0.5204877853393555, 0.7680837512016296, -1.2502007484436035], [0.1573476940393448, -0.8513273596763611, -0.5004829168319702, 0.2544061839580536], [0.9143860936164856, -0.06583092361688614, 0.39945462346076965, 0.17623522877693176], [0.0, 0.0, 0.0, 1.0]]}, "finger2joint2": {"matrix": [[-0.48793208599090576, -0.5772692561149597, 0.654738187789917, -1.7005001306533813], [0.12529097497463226, -0.7886385917663574, -0.6019560098648071, -0.4821188151836395], [0.863842785358429, -0.2116808444261551, 0.45712876319885254, 0.11928167194128036], [0.0, 0.0, 0.0, 1.0]]}, "finger2joint3": {"matrix": [[-0.6074612140655518, -0.6394556164741516, 0.4712609648704529, -1.9196410179138184], [0.08729133009910583, -0.6434110999107361, -0.760527491569519, -0.7814990282058716], [0.7895383238792419, -0.42085403203964233, 0.44666630029678345, 0.038924142718315125], [0.0, 0.0, 0.0, 1.0]]}, "Bone.002": {"matrix": [[-0.20054200291633606, -0.5723872780799866, 0.7950820326805115, -0.8664660453796387], [0.12122315913438797, -0.8198300004005432, -0.5596280097961426, 0.5458748936653137], [0.972156286239624, -0.01584656722843647, 0.23379695415496826, -0.23559238016605377], [0.0, 0.0, 0.0, 1.0]]}, "finger3joint1": {"matrix": [[0.017071042209863663, -0.45705685019493103, 0.889273464679718, -1.1077330112457275], [0.5554582476615906, -0.7351948022842407, -0.3885287642478943, 0.20030838251113892], [0.8313692212104797, 0.5005870461463928, 0.24132543802261353, -0.24227188527584076], [0.0, 0.0, 0.0, 1.0]]}, "finger3joint2": {"matrix": [[-0.08992518484592438, -0.9098755717277527, -0.4050179719924927, -1.5086548328399658], [0.44686824083328247, 0.32657185196876526, -0.8328622579574585, -0.4445909261703491], [0.8900687098503113, -0.25588497519493103, 0.3772276043891907, 0.19683381915092468], [0.0, 0.0, 0.0, 1.0]]}, "finger3joint3": {"matrix": [[-0.06556539237499237, -0.2975642681121826, -0.9524475932121277, -2.0974173545837402], [0.5962062478065491, 0.7537087798118591, -0.276515930891037, -0.2332727313041687], [0.8001495599746704, -0.5859852433204651, 0.12799251079559326, 0.031255707144737244], [0.0, 0.0, 0.0, 1.0]]}, "Bone.003": {"matrix": [[-0.00029185519088059664, 0.2937887907028198, 0.9558702111244202, -0.8664660453796387], [-0.6420075297355652, -0.7329192161560059, 0.22506806254386902, 0.5458748936653137], [0.7666981220245361, -0.6136103272438049, 0.18882855772972107, -0.23559236526489258], [0.0, 0.0, 0.0, 1.0]]}, "finger4joint1": {"matrix": [[-0.38848018646240234, -0.7309461832046509, 0.5610707402229309, -0.7405424118041992], [0.125965416431427, -0.645305335521698, -0.7534675598144531, 0.23173153400421143], [0.9128064513206482, -0.22203181684017181, 0.3427623510360718, -0.4985976219177246], [0.0, 0.0, 0.0, 1.0]]}, "finger4joint2": {"matrix": [[-0.3942268490791321, -0.8881362080574036, 0.23621755838394165, -1.4666343927383423], [0.0965668112039566, -0.29564303159713745, -0.9504050016403198, -0.40928834676742554], [0.9139254093170166, -0.3518645465373993, 0.20231494307518005, -0.7191550731658936], [0.0, 0.0, 0.0, 1.0]]}, "finger4joint3": {"matrix": [[-0.3224484622478485, -0.9459631443023682, -0.034354422241449356, -1.837043046951294], [0.1347009688615799, -0.009930847212672234, -0.9908363223075867, -0.5325900912284851], [0.9369537234306335, -0.324121356010437, 0.13062435388565063, -0.8659046292304993], [0.0, 0.0, 0.0, 1.0]]}}