{"root": {"matrix": [[0.41236281394958496, -0.89875727891922, -0.14897052943706512, -5.960464477539063e-08], [-0.6178837418556213, -0.15575098991394043, -0.7706888914108276, 0.0], [0.669459879398346, 0.4098498821258545, -0.6195534467697144, 2.9802322387695312e-08], [0.0, 0.0, 0.0, 1.0]]}, "carpals": {"matrix": [[0.1611875742673874, -0.5840824246406555, -0.7955288290977478, 0.06957769393920898], [0.959732174873352, 0.2806757092475891, -0.011616066098213196, -1.4631338119506836], [0.230070561170578, -0.7616223692893982, 0.6058042645454407, 1.984787940979004], [0.0, 0.0, 0.0, 1.0]]}, "metacarpals": {"matrix": [[0.3925754725933075, -0.8026079535484314, -0.44911545515060425, -0.49931514263153076], [0.914873480796814, 0.3908449709415436, 0.10122451931238174, -1.1897573471069336], [0.09429111331701279, -0.4506221115589142, 0.8877211213111877, 1.2429723739624023], [0.0, 0.0, 0.0, 1.0]]}, "finger5joint1": {"matrix": [[0.009485259652137756, -0.6891315579414368, -0.7245739698410034, -0.8414708971977234], [0.9967769980430603, -0.05120673403143883, 0.06175040081143379, -1.1688834428787231], [-0.07965702563524246, -0.7228245735168457, 0.686424970626831, 0.6040916442871094], [0.0, 0.0, 0.0, 1.0]]}, "finger5joint2": {"matrix": [[-0.7581499814987183, -0.6468480825424194, -0.08243533968925476, -1.569381594657898], [0.056656159460544586, 0.06059706211090088, -0.9965528249740601, -1.2229716777801514], [0.6496139168739319, -0.7602071166038513, -0.009294027462601662, -0.15940791368484497], [0.0, 0.0, 0.0, 1.0]]}, "finger5joint3": {"matrix": [[-0.8095324635505676, -0.5367242693901062, -0.23787322640419006, -2.0139827728271484], [0.11684387177228928, 0.2497767060995102, -0.9612275958061218, -1.1813212633132935], [0.5753296613693237, -0.8059391379356384, -0.13948971033096313, -0.6819249391555786], [0.0, 0.0, 0.0, 1.0]]}, "Bone": {"matrix": [[0.8886860013008118, 0.3200846016407013, -0.3283027708530426, -1.7524089813232422], [-0.25198331475257874, 0.9391321539878845, 0.2335270494222641, -0.5795398354530334], [0.38306814432144165, -0.1248052716255188, 0.9152498245239258, 0.5394261479377747], [0.0, 0.0, 0.0, 1.0]]}, "finger1joint1": {"matrix": [[0.6745604872703552, -0.6338396072387695, -0.3784377872943878, -1.4860385656356812], [0.6502636075019836, 0.7528501749038696, -0.10185089707374573, 0.20199435949325562], [0.3494642674922943, -0.17737963795661926, 0.9200059771537781, 0.4355647563934326], [0.0, 0.0, 0.0, 1.0]]}, "finger1joint2": {"matrix": [[0.770289957523346, -0.5414547920227051, -0.3368677794933319, -1.8442708253860474], [0.6352084875106812, 0.6980839967727661, 0.3304370641708374, 0.6274889707565308], [0.056245338171720505, -0.4685135781764984, 0.881663978099823, 0.335313618183136], [0.0, 0.0, 0.0, 1.0]]}, "finger1joint3": {"matrix": [[0.7515571713447571, -0.2551407516002655, -0.6083295345306396, -2.0763838291168213], [0.639366626739502, 0.5087536573410034, 0.5765239596366882, 0.926746129989624], [0.16239523887634277, -0.8222363591194153, 0.5454861521720886, 0.13446956872940063], [0.0, 0.0, 0.0, 1.0]]}, "Bone.001": {"matrix": [[0.8992679715156555, -0.1506655067205429, -0.410629540681839, -1.7524089813232422], [0.10999298840761185, 0.9865285754203796, -0.12108897417783737, -0.5795398354530334], [0.4233418405056, 0.06372525542974472, 0.9037259221076965, 0.5394261479377747], [0.0, 0.0, 0.0, 1.0]]}, "finger2joint1": {"matrix": [[0.5437331199645996, -0.24964092671871185, -0.8012698292732239, -1.847913384437561], [0.8023030757904053, 0.4348038136959076, 0.4089682102203369, 0.0458044707775116], [0.24630019068717957, -0.8652309775352478, 0.4367051422595978, 0.5798205733299255], [0.0, 0.0, 0.0, 1.0]]}, "finger2joint2": {"matrix": [[0.5906410217285156, -0.1949593424797058, -0.7830285429954529, -2.063890218734741], [0.7970945835113525, 0.29203885793685913, 0.5285387635231018, 0.4219745993614197], [0.1256313920021057, -0.9363245964050293, 0.32789134979248047, -0.16873306035995483], [0.0, 0.0, 0.0, 1.0]]}, "finger2joint3": {"matrix": [[0.6319692730903625, -0.09111019223928452, -0.7696189880371094, -2.137899875640869], [0.7748940587043762, 0.0584026575088501, 0.6293869018554688, 0.5328372716903687], [-0.012395625934004784, -0.9941266179084778, 0.10750959068536758, -0.5241773128509521], [0.0, 0.0, 0.0, 1.0]]}, "Bone.002": {"matrix": [[0.5458623766899109, -0.7767068147659302, -0.3142620623111725, -1.7524089813232422], [0.7686000466346741, 0.6135093569755554, -0.1812729686498642, -0.5795398354530334], [0.33359891176223755, -0.14259162545204163, 0.9318687319755554, 0.5394261479377747], [0.0, 0.0, 0.0, 1.0]]}, "finger3joint1": {"matrix": [[0.6862454414367676, -0.7098932862281799, -0.15848839282989502, -2.079798698425293], [0.6919708847999573, 0.7043083906173706, -0.1585112363100052, -0.32093948125839233], [0.22415098547935486, -0.0008915666257962584, 0.9745540022850037, 0.4793223440647125], [0.0, 0.0, 0.0, 1.0]]}, "finger3joint2": {"matrix": [[0.5709871649742126, 0.426787793636322, -0.7013028860092163, -2.7025039196014404], [0.8002540469169617, -0.09870739281177521, 0.5914812088012695, 0.29686683416366577], [0.18321341276168823, -0.8989488482475281, -0.39789915084838867, 0.4785402715206146], [0.0, 0.0, 0.0, 1.0]]}, "finger3joint3": {"matrix": [[0.7012510895729065, 0.7126560211181641, 0.019189130514860153, -2.426337957382202], [0.6834946274757385, -0.6797213554382324, 0.26610836386680603, 0.23299525678157806], [0.20268717408180237, -0.17349348962306976, -0.963752031326294, -0.10315180569887161], [0.0, 0.0, 0.0, 1.0]]}, "Bone.003": {"matrix": [[-0.2042633295059204, -0.9071407318115234, 0.36792948842048645, -1.7524091005325317], [0.7310855388641357, -0.3913130462169647, -0.5589166283607483, -0.5795398354530334], [0.6509918570518494, 0.1548217236995697, 0.7431284189224243, 0.5394261479377747], [0.0, 0.0, 0.0, 1.0]]}, "finger4joint1": {"matrix": [[0.38986021280288696, -0.39345258474349976, -0.8325885534286499, -2.1412272453308105], [0.9167342782020569, 0.251454621553421, 0.310432493686676, -0.7472642064094543], [0.08721800148487091, -0.8842880129814148, 0.45872384309768677, 0.6057857871055603], [0.0, 0.0, 0.0, 1.0]]}, "finger4joint2": {"matrix": [[0.3645884394645691, 0.22072328627109528, -0.9046303629875183, -2.532066822052002], [0.9280809760093689, -0.007087509613484144, 0.37231016159057617, -0.49747946858406067], [0.0757661685347557, -0.9753105640411377, -0.20743310451507568, -0.2726297378540039], [0.0, 0.0, 0.0, 1.0]]}, "finger4joint3": {"matrix": [[0.358173131942749, 0.5926401019096375, -0.7214494943618774, -2.4400112628936768], [0.9199120402336121, -0.09191296994686127, 0.3811997175216675, -0.500435471534729], [0.15960390865802765, -0.8002058863639832, -0.5780976414680481, -0.6793955564498901], [0.0, 0.0, 0.0, 1.0]]}}