{"root": {"matrix": [[0.5332916975021362, -0.8456261157989502, -0.022726314142346382, 0.0], [-0.3020130395889282, -0.16523125767707825, -0.9388752579689026, -1.4901161193847656e-08], [0.7901822924613953, 0.5075579881668091, -0.3435066342353821, 0.0], [0.0, 0.0, 0.0, 1.0]]}, "carpals": {"matrix": [[0.0024084248580038548, -0.5909512639045715, -0.806703507900238, 0.3808676600456238], [0.9912446737289429, 0.107908234000206, -0.07608900964260101, -0.7391713261604309], [0.13201507925987244, -0.7994573712348938, 0.586037278175354, 2.322402000427246], [0.0, 0.0, 0.0, 1.0]]}, "metacarpals": {"matrix": [[0.14664068818092346, -0.7825635671615601, -0.6050541400909424, -0.19471538066864014], [0.9867854714393616, 0.15834814310073853, 0.03435280919075012, -0.6340694427490234], [0.06892616301774979, -0.6020961403846741, 0.7954427599906921, 1.5437352657318115], [0.0, 0.0, 0.0, 1.0]]}, "finger5joint1": {"matrix": [[-0.08270272612571716, -0.8330469727516174, -0.5469850897789001, -0.41813111305236816], [0.9923964738845825, -0.11904634535312653, 0.03125709295272827, -0.730983555316925], [-0.09115496277809143, -0.5402411222457886, 0.83655846118927, 0.860823929309845], [0.0, 0.0, 0.0, 1.0]]}, "finger5joint2": {"matrix": [[-0.4124029576778412, -0.8914696574211121, -0.18762989342212677, -1.298055648803711], [-0.017705928534269333, 0.21376441419124603, -0.9767245650291443, -0.8567289113998413], [0.9108292460441589, -0.39948180317878723, -0.1039416715502739, 0.2901822030544281], [0.0, 0.0, 0.0, 1.0]]}, "finger5joint3": {"matrix": [[-0.48286736011505127, -0.7694619297981262, -0.41805118322372437, -1.9107940196990967], [0.05612717568874359, 0.4492180049419403, -0.8916571140289307, -0.7098011374473572], [0.8738926649093628, -0.4540160596370697, -0.17372524738311768, 0.015604361891746521], [0.0, 0.0, 0.0, 1.0]]}, "Bone": {"matrix": [[0.8441550135612488, 0.10897617042064667, -0.5249058604240417, -1.4165143966674805], [-0.006356667261570692, 0.9810872077941895, 0.19346140325069427, -0.38684403896331787], [0.53606116771698, -0.1599745750427246, 0.8288825750350952, 0.6036959886550903], [0.0, 0.0, 0.0, 1.0]]}, "finger1joint1": {"matrix": [[0.46484383940696716, -0.8106185793876648, -0.3561141788959503, -1.325825810432434], [0.7987017035484314, 0.5574913620948792, -0.2264482080936432, 0.4296046197414398], [0.3820939064025879, -0.1791657954454422, 0.9065890312194824, 0.47056716680526733], [0.0, 0.0, 0.0, 1.0]]}, "finger1joint2": {"matrix": [[0.567312479019165, -0.6900918483734131, -0.4493657350540161, -1.7839698791503906], [0.8184102773666382, 0.5330562591552734, 0.2146056592464447, 0.7446867227554321], [0.09143969416618347, -0.4895138740539551, 0.8671878576278687, 0.3693065047264099], [0.0, 0.0, 0.0, 1.0]]}, "finger1joint3": {"matrix": [[0.5438206791877747, -0.2455691248178482, -0.8024678230285645, -2.079800844192505], [0.8158262968063354, 0.37881898880004883, 0.4369480609893799, 0.9731991291046143], [0.19668923318386078, -0.8922957181930542, 0.4063515365123749, 0.15945996344089508], [0.0, 0.0, 0.0, 1.0]]}, "Bone.001": {"matrix": [[0.7630910873413086, -0.3849334418773651, -0.5191511511802673, -1.4165143966674805], [0.3487839698791504, 0.9215410351753235, -0.17062105238437653, -0.3868439793586731], [0.5440969467163086, -0.05087198689579964, 0.837478518486023, 0.6036960482597351], [0.0, 0.0, 0.0, 1.0]]}, "finger2joint1": {"matrix": [[0.2935014069080353, -0.39406880736351013, -0.8709571361541748, -1.6605175733566284], [0.9308027625083923, 0.32543709874153137, 0.16642294824123383, 0.19730576872825623], [0.2178598791360855, -0.859534740447998, 0.4623167812824249, 0.5714491009712219], [0.0, 0.0, 0.0, 1.0]]}, "finger2joint2": {"matrix": [[0.33588895201683044, -0.30244529247283936, -0.8920230865478516, -2.001445770263672], [0.9370396733283997, 0.20339730381965637, 0.2838767468929291, 0.4788573682308197], [0.09557810425758362, -0.9312120676040649, 0.3517223298549652, -0.1721765100955963], [0.0, 0.0, 0.0, 1.0]]}, "finger2joint3": {"matrix": [[0.377334862947464, -0.13684867322444916, -0.9159096479415894, -2.1162586212158203], [0.9250463843345642, 0.00905656162649393, 0.3797457814216614, 0.5560703277587891], [-0.04367253556847572, -0.9905503392219543, 0.13000889122486115, -0.525679886341095], [0.0, 0.0, 0.0, 1.0]]}, "Bone.002": {"matrix": [[0.2866334021091461, -0.862201452255249, -0.417671799659729, -1.416514277458191], [0.8951941132545471, 0.39633801579475403, -0.2038222998380661, -0.3868440091609955], [0.34127533435821533, -0.31547489762306213, 0.8854414820671082, 0.6036960482597351], [0.0, 0.0, 0.0, 1.0]]}, "finger3joint1": {"matrix": [[0.29640522599220276, -0.9515439867973328, 0.08190049231052399, -1.7799410820007324], [0.9422078132629395, 0.2773163318634033, -0.18798944354057312, -0.21978354454040527], [0.1561681628227234, 0.13288849592208862, 0.9787502288818359, 0.4707201421260834], [0.0, 0.0, 0.0, 1.0]]}, "finger3joint2": {"matrix": [[0.13881272077560425, 0.19722314178943634, -0.970481276512146, -2.6146178245544434], [0.980778694152832, 0.10831672698259354, 0.16229775547981262, 0.023473210632801056], [0.13712851703166962, -0.9743564128875732, -0.1783963292837143, 0.5872874855995178], [0.0, 0.0, 0.0, 1.0]]}, "finger3joint3": {"matrix": [[0.30964767932891846, 0.8995208740234375, -0.30818867683410645, -2.4869985580444336], [0.943667471408844, -0.2509515583515167, 0.21567322313785553, 0.09356283396482468], [0.11666236817836761, -0.35761070251464844, -0.9265551567077637, -0.043199323117733], [0.0, 0.0, 0.0, 1.0]]}, "Bone.003": {"matrix": [[-0.4769607186317444, -0.8037596940994263, 0.35563844442367554, -1.4165143966674805], [0.691756010055542, -0.5929003357887268, -0.4122411012649536, -0.3868440091609955], [0.5422011613845825, 0.04939216375350952, 0.8387957215309143, 0.6036959886550903], [0.0, 0.0, 0.0, 1.0]]}, "finger4joint1": {"matrix": [[0.10740575194358826, -0.5450272560119629, -0.8315100073814392, -1.7610211372375488], [0.9940244555473328, 0.07524698972702026, 0.07907553017139435, -0.6409726142883301], [0.019470572471618652, -0.8350346088409424, 0.5498526096343994, 0.6248664855957031], [0.0, 0.0, 0.0, 1.0]]}, "finger4joint2": {"matrix": [[0.07880716025829315, -0.06142144277691841, -0.9949957132339478, -2.30242919921875], [0.996829628944397, 0.015806198120117188, 0.0779765173792839, -0.5662252902984619], [0.01093793474137783, -0.9979865550994873, 0.06247249245643616, -0.20462271571159363], [0.0, 0.0, 0.0, 1.0]]}, "finger4joint3": {"matrix": [[0.09818710386753082, 0.3072715103626251, -0.9465426802635193, -2.3280458450317383], [0.9908180236816406, 0.058647241443395615, 0.12181806564331055, -0.5596331357955933], [0.09294362366199493, -0.9498128294944763, -0.29869168996810913, -0.6208457946777344], [0.0, 0.0, 0.0, 1.0]]}}