{"root": {"matrix": [[0.54453045129776, -0.10123998671770096, 0.8326085805892944, 0.0], [0.6417649984359741, 0.6894327402114868, -0.33588704466819763, 5.960464477539063e-08], [-0.5400223731994629, 0.7172398567199707, 0.44038939476013184, 0.0], [0.0, 0.0, 0.0, 1.0]]}, "carpals": {"matrix": [[-0.8113684058189392, -0.5845295786857605, 0.002474735025316477, 1.0387389659881592], [0.584533154964447, -0.8113691210746765, 0.0009568465757183731, 2.1639254093170166], [0.0014485871652141213, 0.0022228264715522528, 0.9999963641166687, -0.5687118768692017], [0.0, 0.0, 0.0, 1.0]]}, "metacarpals": {"matrix": [[-0.4579489529132843, -0.7751113772392273, 0.43529847264289856, 0.4694107174873352], [0.6705187559127808, -0.6226697564125061, -0.40334442257881165, 1.3736567497253418], [0.5836841464042664, 0.10716455429792404, 0.8048778772354126, -0.5665468573570251], [0.0, 0.0, 0.0, 1.0]]}, "finger5joint1": {"matrix": [[-0.1477913111448288, -0.9889363050460815, 0.012740195728838444, -0.07163500785827637], [0.6724539399147034, -0.10992378741502762, -0.7319305539131165, 1.066588044166565], [0.7252333164215088, -0.09960590302944183, 0.6812599301338196, -0.9389085173606873], [0.0, 0.0, 0.0, 1.0]]}, "finger5joint2": {"matrix": [[-0.03919720649719238, -0.998022735118866, -0.04912573844194412, -1.1162209510803223], [-0.7328544855117798, 0.062133558094501495, -0.6775420904159546, 0.9504786133766174], [0.6792550086975098, 0.00944411102682352, -0.7338413000106812, -1.0441194772720337], [0.0, 0.0, 0.0, 1.0]]}, "finger5joint3": {"matrix": [[-0.12943249940872192, -0.9469280242919922, -0.294234037399292, -1.8021970987319946], [-0.6854356527328491, 0.2998625338077545, -0.6635209321975708, 0.9931851029396057], [0.7165365219116211, 0.1157972440123558, -0.6878705620765686, -1.037628173828125], [0.0, 0.0, 0.0, 1.0]]}, "Bone": {"matrix": [[0.655447781085968, -0.6440156698226929, 0.39450180530548096, -0.7407533526420593], [0.75062096118927, 0.6131854057312012, -0.24611294269561768, 0.40149641036987305], [-0.08340207487344742, 0.45743560791015625, 0.8853228688240051, -0.39923325181007385], [0.0, 0.0, 0.0, 1.0]]}, "finger1joint1": {"matrix": [[0.3029523491859436, -0.8157569169998169, 0.4927070438861847, -1.2766952514648438], [0.8511778116226196, -0.0009117171866819263, -0.5248763561248779, 0.9117817282676697], [0.42862093448638916, 0.5783938765525818, 0.6940781474113464, -0.018560945987701416], [0.0, 0.0, 0.0, 1.0]]}, "finger1joint2": {"matrix": [[0.15481337904930115, -0.9314114451408386, -0.3294013738632202, -1.7377433776855469], [0.9704110622406006, 0.2059006243944168, -0.1261238306760788, 0.9112664461135864], [0.18529723584651947, -0.3001291751861572, 0.9357281923294067, 0.30833470821380615], [0.0, 0.0, 0.0, 1.0]]}, "finger1joint3": {"matrix": [[0.15472392737865448, -0.08502500504255295, -0.9842920899391174, -2.137024164199829], [0.9444383978843689, 0.30516886711120605, 0.12209835648536682, 0.9995326399803162], [0.2899940311908722, -0.9484949111938477, 0.12751774489879608, 0.17967428267002106], [0.0, 0.0, 0.0, 1.0]]}, "Bone.001": {"matrix": [[0.4405842423439026, -0.6617772579193115, 0.6065772771835327, -0.7407533526420593], [0.8792166709899902, 0.18165208399295807, -0.4404318332672119, 0.40149635076522827], [0.18128187954425812, 0.7273603081703186, 0.6618788838386536, -0.39923325181007385], [0.0, 0.0, 0.0, 1.0]]}, "finger2joint1": {"matrix": [[-0.3672509789466858, -0.9153203964233398, -0.16527201235294342, -1.1602431535720825], [0.7516260743141174, -0.18738263845443726, -0.6324126124382019, 0.516642689704895], [0.5478911399841309, -0.3564770817756653, 0.7567952871322632, 0.06182856857776642], [0.0, 0.0, 0.0, 1.0]]}, "finger2joint2": {"matrix": [[-0.43166887760162354, -0.5914428234100342, -0.6810704469680786, -1.952131748199463], [0.7868144512176514, 0.1223515123128891, -0.6049404144287109, 0.3545287549495697], [0.4411178231239319, -0.7970101833343506, 0.4125404357910156, -0.24657723307609558], [0.0, 0.0, 0.0, 1.0]]}, "finger2joint3": {"matrix": [[-0.434063196182251, -0.009297450073063374, -0.9008342027664185, -2.1766531467437744], [0.8465401530265808, 0.33782994747161865, -0.4113883376121521, 0.40097543597221375], [0.3081537187099457, -0.9411610960960388, -0.1387689858675003, -0.5491354465484619], [0.0, 0.0, 0.0, 1.0]]}, "Bone.002": {"matrix": [[-0.1552344560623169, -0.7063324451446533, 0.6906492114067078, -0.7407533526420593], [0.7636741399765015, -0.5292923450469971, -0.369663804769516, 0.40149638056755066], [0.6266610622406006, 0.47004634141921997, 0.6215724349021912, -0.39923325181007385], [0.0, 0.0, 0.0, 1.0]]}, "finger3joint1": {"matrix": [[-0.06268025934696198, -0.5658434629440308, 0.8221265077590942, -1.0384796857833862], [0.9174059629440308, -0.3570241332054138, -0.17578408122062683, 0.1783943474292755], [0.3929854929447174, 0.7432055473327637, 0.5414866805076599, -0.20110395550727844], [0.0, 0.0, 0.0, 1.0]]}, "finger3joint2": {"matrix": [[-0.1832091510295868, -0.8711100816726685, -0.45563286542892456, -1.5348271131515503], [0.8555307984352112, 0.08702428638935089, -0.5103858709335327, -0.1347806304693222], [0.48425358533859253, -0.48331552743911743, 0.7293179035186768, 0.4508221745491028], [0.0, 0.0, 0.0, 1.0]]}, "finger3joint3": {"matrix": [[-0.14696943759918213, -0.2941347062587738, -0.9443963170051575, -2.0985052585601807], [0.9324246048927307, 0.2774570882320404, -0.23152081668376923, -0.0784689262509346], [0.33012789487838745, -0.9146050810813904, 0.2334805279970169, 0.1380782425403595], [0.0, 0.0, 0.0, 1.0]]}, "Bone.003": {"matrix": [[-0.09515736252069473, 0.14855879545211792, 0.9843145608901978, -0.7407533526420593], [0.03857981413602829, -0.9875083565711975, 0.15277031064033508, 0.40149638056755066], [0.9947143197059631, 0.05251187086105347, 0.08823748677968979, -0.39923325181007385], [0.0, 0.0, 0.0, 1.0]]}, "finger4joint1": {"matrix": [[-0.47127842903137207, -0.8694217801094055, 0.14833031594753265, -0.6770781874656677], [0.6644459366798401, -0.4605786204338074, -0.5885394215583801, -0.021768897771835327], [0.5800068974494934, -0.17880871891975403, 0.7947446703910828, -0.3767256736755371], [0.0, 0.0, 0.0, 1.0]]}, "finger4joint2": {"matrix": [[-0.4881322681903839, -0.8506495356559753, -0.19524769484996796, -1.5407261848449707], [0.6422246694564819, -0.1986018866300583, -0.7403407692909241, -0.47928881645202637], [0.5909940600395203, -0.4867774248123169, 0.6432521939277649, -0.5543469190597534], [0.0, 0.0, 0.0, 1.0]]}, "finger4joint3": {"matrix": [[-0.4128231704235077, -0.7965632081031799, -0.44165995717048645, -1.895500659942627], [0.66727215051651, 0.0655476376414299, -0.7419238686561584, -0.5621182918548584], [0.6199391484260559, -0.6009911298751831, 0.504464864730835, -0.7573636770248413], [0.0, 0.0, 0.0, 1.0]]}}