{"root": {"matrix": [[0.531050980091095, -0.7158291935920715, 0.4534020721912384, -5.960464477539063e-08], [0.5305379629135132, -0.13632544875144958, -0.8366270661354065, 0.0], [0.6606923341751099, 0.684838593006134, 0.30737876892089844, 5.960464477539063e-08], [0.0, 0.0, 0.0, 1.0]]}, "carpals": {"matrix": [[-0.5301116108894348, -0.5737365484237671, -0.6243458390235901, 0.4493183493614197], [0.8458316326141357, -0.3060627579689026, -0.4369145333766937, 1.160419225692749], [0.059584952890872955, -0.7597049474716187, 0.6475319862365723, 2.1299123764038086], [0.0, 0.0, 0.0, 1.0]]}, "metacarpals": {"matrix": [[-0.617175281047821, -0.7189837694168091, -0.31961962580680847, -0.10949766635894775], [0.719684898853302, -0.3516443371772766, -0.5986650586128235, 0.8623158931732178], [0.3180381655693054, -0.5995066165924072, 0.7344679832458496, 1.38996422290802], [0.0, 0.0, 0.0, 1.0]]}, "finger5joint1": {"matrix": [[-0.47083091735839844, -0.8341274261474609, -0.2873140275478363, -0.2800254225730896], [0.7514809370040894, -0.2085849940776825, -0.6259142160415649, 0.7816346287727356], [0.4621630012989044, -0.5106106996536255, 0.7250391244888306, 0.6899030208587646], [0.0, 0.0, 0.0, 1.0]]}, "finger5joint2": {"matrix": [[-0.18788594007492065, -0.9468470215797424, 0.26111066341400146, -1.1610910892486572], [-0.6367161870002747, -0.08500295132398605, -0.766398549079895, 0.5613120198249817], [0.7478575110435486, -0.3102487623691559, -0.5869023203849792, 0.15055915713310242], [0.0, 0.0, 0.0, 1.0]]}, "finger5joint3": {"matrix": [[-0.2895476520061493, -0.9563685059547424, 0.03899506479501724, -1.8118925094604492], [-0.5987076759338379, 0.14917594194412231, -0.7869532108306885, 0.5028865337371826], [0.7468003034591675, -0.2512069642543793, -0.6157789826393127, -0.06268569827079773], [0.0, 0.0, 0.0, 1.0]]}, "Bone": {"matrix": [[0.6394475698471069, -0.6692184209823608, -0.37848812341690063, -1.2320308685302734], [0.5079440474510193, 0.7372750639915466, -0.4454416036605835, 0.3133014440536499], [0.5771475434303284, 0.09258589893579483, 0.8113742470741272, 0.4539679288864136], [0.0, 0.0, 0.0, 1.0]]}, "finger1joint1": {"matrix": [[-0.2861787676811218, -0.9542685747146606, -0.08644545823335648, -1.7889461517333984], [0.7586196660995483, -0.17054136097431183, -0.6288177967071533, 0.9268525838851929], [0.5853186249732971, -0.24553339183330536, 0.7727322578430176, 0.5310167670249939], [0.0, 0.0, 0.0, 1.0]]}, "finger1joint2": {"matrix": [[-0.2271280139684677, -0.27016913890838623, -0.9356394410133362, -2.328278064727783], [0.9173047542572021, 0.2632998824119568, -0.2987058460712433, 0.8304663300514221], [0.3270549178123474, -0.9261109232902527, 0.18802478909492493, 0.3922465741634369], [0.0, 0.0, 0.0, 1.0]]}, "finger1joint3": {"matrix": [[-0.31064990162849426, 0.7734351754188538, -0.5525344610214233, -2.4440951347351074], [0.8720573782920837, 0.46317732334136963, 0.15805938839912415, 0.9433386325836182], [0.3781702220439911, -0.432740718126297, -0.818365752696991, -0.004761934280395508], [0.0, 0.0, 0.0, 1.0]]}, "Bone.001": {"matrix": [[0.32597073912620544, -0.9393836259841919, -0.10630635917186737, -1.2320308685302734], [0.6711245179176331, 0.3091365396976471, -0.6738147735595703, 0.3133014440536499], [0.6658337712287903, 0.1482992321252823, 0.7312129139900208, 0.4539679288864136], [0.0, 0.0, 0.0, 1.0]]}, "finger2joint1": {"matrix": [[-0.45872581005096436, -0.34931710362434387, -0.817035973072052, -1.8274908065795898], [0.7409644722938538, 0.3571350574493408, -0.5687055587768555, 0.5092580318450928], [0.4904508888721466, -0.8662745952606201, 0.095004603266716, 0.5479724407196045], [0.0, 0.0, 0.0, 1.0]]}, "finger2joint2": {"matrix": [[-0.41096004843711853, -0.18854743242263794, -0.8919425010681152, -2.12970232963562], [0.8195966482162476, 0.3520232141017914, -0.4520408511161804, 0.8182330131530762], [0.3992157578468323, -0.9168037176132202, 0.00986546277999878, -0.20148414373397827], [0.0, 0.0, 0.0, 1.0]]}, "finger2joint3": {"matrix": [[-0.34852132201194763, 0.07181745022535324, -0.9345452189445496, -2.201277732849121], [0.8916546702384949, 0.33276253938674927, -0.3069540560245514, 0.9518668055534363], [0.2889370918273926, -0.9402717351913452, -0.1800111085176468, -0.5495178699493408], [0.0, 0.0, 0.0, 1.0]]}, "Bone.002": {"matrix": [[-0.4197191298007965, -0.9076197147369385, -0.007874940522015095, -1.2320308685302734], [0.7071083784103394, -0.3215304911136627, -0.6297745108604431, 0.3133014440536499], [0.5690638422966003, -0.2698966860771179, 0.7767379879951477, 0.4539679288864136], [0.0, 0.0, 0.0, 1.0]]}, "finger3joint1": {"matrix": [[-0.5394408106803894, -0.7006773352622986, 0.46696314215660095, -1.6146016120910645], [0.7514427900314331, -0.6508195996284485, -0.10847906768321991, 0.17777308821678162], [0.37991780042648315, 0.29237812757492065, 0.877597451210022, 0.34020379185676575], [0.0, 0.0, 0.0, 1.0]]}, "finger3joint2": {"matrix": [[-0.6611508131027222, -0.24302102625370026, -0.7098028063774109, -2.2292227745056152], [0.6427154541015625, 0.30459722876548767, -0.7029491662979126, -0.39311379194259644], [0.387035608291626, -0.9209566116333008, -0.045191217213869095, 0.5966724753379822], [0.0, 0.0, 0.0, 1.0]]}, "finger3joint3": {"matrix": [[-0.543603241443634, 0.590398371219635, -0.5965943932533264, -2.38647723197937], [0.766082763671875, 0.6394206881523132, -0.0652570128440857, -0.19601494073867798], [0.3429473638534546, -0.49251478910446167, -0.7998851537704468, 0.0007395446300506592], [0.0, 0.0, 0.0, 1.0]]}, "Bone.003": {"matrix": [[-0.7512748837471008, -0.09310737997293472, 0.6533886790275574, -1.2320308685302734], [-0.03233809024095535, -0.9836168885231018, -0.17734749615192413, 0.3133014440536499], [0.6591965556144714, -0.15436610579490662, 0.7359557151794434, 0.4539679288864136], [0.0, 0.0, 0.0, 1.0]]}, "finger4joint1": {"matrix": [[-0.6923089027404785, -0.6382057070732117, -0.33675113320350647, -1.271938443183899], [0.6797167062759399, -0.42008042335510254, -0.6012632250785828, -0.10829585790634155], [0.24226728081703186, -0.6451553106307983, 0.7246246337890625, 0.3878036439418793], [0.0, 0.0, 0.0, 1.0]]}, "finger4joint2": {"matrix": [[-0.7131301760673523, -0.4363579750061035, -0.548667848110199, -1.9059059619903564], [0.6581712365150452, -0.14728465676307678, -0.7383208274841309, -0.5255866050720215], [0.24136203527450562, -0.8876363635063171, 0.3922315537929535, -0.253067284822464], [0.0, 0.0, 0.0, 1.0]]}, "finger4joint3": {"matrix": [[-0.6662865281105042, -0.3055604100227356, -0.6802164316177368, -2.0878946781158447], [0.678866446018219, 0.12888634204864502, -0.7228612899780273, -0.5870135426521301], [0.30854859948158264, -0.9434090256690979, 0.12155959755182266, -0.6232674717903137], [0.0, 0.0, 0.0, 1.0]]}}