{"root": {"matrix": [[0.2149427831172943, -0.9314280152320862, 0.2936689555644989, -5.960464477539063e-08], [-0.6337476372718811, -0.3618132174015045, -0.6837068796157837, 0.0], [0.7430770397186279, -0.039154164493083954, -0.6680594682693481, 0.0], [0.0, 0.0, 0.0, 1.0]]}, "carpals": {"matrix": [[-0.6477565169334412, -0.1969335824251175, -0.7359541058540344, -0.45862555503845215], [0.5702537894248962, 0.5152478218078613, -0.6397889256477356, -1.7104856967926025], [0.505194902420044, -0.8341081738471985, -0.22145314514636993, 1.7172319889068604], [0.0, 0.0, 0.0, 1.0]]}, "metacarpals": {"matrix": [[-0.758790135383606, -0.6149016618728638, -0.21478654444217682, -0.6504377126693726], [0.1626301109790802, 0.14045608043670654, -0.9766387343406677, -1.2086374759674072], [0.6307050585746765, -0.7759946584701538, -0.006575339008122683, 0.904815673828125], [0.0, 0.0, 0.0, 1.0]]}, "finger5joint1": {"matrix": [[-0.7678274512290955, -0.5744019746780396, -0.28373074531555176, -0.7798453569412231], [0.061108846217393875, 0.3751906752586365, -0.9249309301376343, -0.7552620768547058], [0.6377355456352234, -0.7275258898735046, -0.2529808580875397, 0.35401707887649536], [0.0, 0.0, 0.0, 1.0]]}, "finger5joint2": {"matrix": [[-0.22018015384674072, -0.7013788223266602, 0.6779290437698364, -1.3865702152252197], [-0.9479583501815796, 0.31771185994148254, 0.020820600911974907, -0.35895857214927673], [-0.22998951375484467, -0.6380643248558044, -0.734832227230072, -0.4144483208656311], [0.0, 0.0, 0.0, 1.0]]}, "finger5joint3": {"matrix": [[-0.32168346643447876, -0.843944787979126, 0.42927414178848267, -1.8686524629592896], [-0.913860559463501, 0.39536070823669434, 0.09245572984218597, -0.1405840814113617], [-0.24774590134620667, -0.3625551760196686, -0.8984293937683105, -0.8530123233795166], [0.0, 0.0, 0.0, 1.0]]}, "Bone": {"matrix": [[0.5062518119812012, -0.8064212203025818, -0.305603951215744, -1.6104700565338135], [-0.030544491484761238, 0.33738085627555847, -0.9408723711967468, -0.9893465042114258], [0.8618444800376892, 0.4856530725955963, 0.1461678147315979, -0.30672743916511536], [0.0, 0.0, 0.0, 1.0]]}, "finger1joint1": {"matrix": [[-0.6800117492675781, -0.6217494010925293, -0.38860198855400085, -2.2815637588500977], [0.11660356819629669, 0.4315560460090637, -0.8945180773735046, -0.70858234167099], [0.7238698601722717, -0.6535951495170593, -0.22096513211727142, 0.09742701053619385], [0.0, 0.0, 0.0, 1.0]]}, "finger1joint2": {"matrix": [[-0.5168381333351135, 0.35992369055747986, -0.7767452001571655, -2.632962942123413], [0.374754935503006, 0.9108920097351074, 0.1727258414030075, -0.46467623114585876], [0.7696993947029114, -0.20181769132614136, -0.6056668758392334, -0.2719707787036896], [0.0, 0.0, 0.0, 1.0]]}, "finger1joint3": {"matrix": [[-0.6056990623474121, 0.7952345013618469, 0.027030792087316513, -2.4786694049835205], [0.3566491901874542, 0.24096450209617615, 0.9026279449462891, -0.07419180870056152], [0.7112877368927002, 0.5563613772392273, -0.4295715391635895, -0.35848671197891235], [0.0, 0.0, 0.0, 1.0]]}, "Bone.001": {"matrix": [[0.1637945920228958, -0.9864506125450134, 0.00928522553294897, -1.6104698181152344], [-0.025324957445263863, -0.013613979332149029, -0.9995863437652588, -0.9893465638160706], [0.9861692190170288, 0.16349177062511444, -0.02721189521253109, -0.30672746896743774], [0.0, 0.0, 0.0, 1.0]]}, "finger2joint1": {"matrix": [[-0.4622575342655182, -0.5923810601234436, -0.6598502993583679, -2.235764503479004], [-0.11405248194932938, 0.7776634097099304, -0.6182485818862915, -0.9979763031005859], [0.8793802857398987, -0.21053238213062286, -0.42704346776008606, -0.20309269428253174], [0.0, 0.0, 0.0, 1.0]]}, "finger2joint2": {"matrix": [[-0.4509687125682831, 0.7829180359840393, -0.42856308817863464, -2.748262643814087], [0.014364241622388363, 0.48646554350852966, 0.8735814094543457, -0.3251815736293793], [0.8924241662025452, 0.38780200481414795, -0.23062662780284882, -0.3852345645427704], [0.0, 0.0, 0.0, 1.0]]}, "finger2joint3": {"matrix": [[-0.31808456778526306, 0.5164669752120972, 0.7950369715690613, -2.451054096221924], [-0.008049104362726212, -0.8400322198867798, 0.5424763560295105, -0.14051130414009094], [0.948028028011322, 0.16615386307239532, 0.27135851979255676, -0.23801854252815247], [0.0, 0.0, 0.0, 1.0]]}, "Bone.002": {"matrix": [[-0.570578396320343, -0.8156824111938477, 0.0954054743051529, -1.6104698181152344], [-0.011913620866835117, -0.10793864727020264, -0.9940860271453857, -0.9893465638160706], [0.8211566805839539, -0.5683407187461853, 0.05186953768134117, -0.30672740936279297], [0.0, 0.0, 0.0, 1.0]]}, "finger3joint1": {"matrix": [[-0.578488826751709, -0.5095996260643005, -0.6369134783744812, -1.954288125038147], [0.043643444776535034, 0.7603718638420105, -0.6480197310447693, -1.0348438024520874], [0.8145220279693604, -0.40266913175582886, -0.4176260530948639, -0.5462887287139893], [0.0, 0.0, 0.0, 1.0]]}, "finger3joint2": {"matrix": [[-0.626641571521759, 0.12085449695587158, -0.7698795199394226, -2.401299476623535], [0.1884315460920334, 0.9820858240127563, 0.0007928747800178826, -0.3678596019744873], [0.7561838626861572, -0.14457260072231293, -0.6381886601448059, -0.899502694606781], [0.0, 0.0, 0.0, 1.0]]}, "finger3joint3": {"matrix": [[-0.4814724028110504, 0.437349796295166, -0.7595454454421997, -2.323096990585327], [0.2341046780347824, 0.8992913961410522, 0.3694181442260742, 0.2676287591457367], [0.8446179628372192, 5.160953151062131e-05, -0.5353695154190063, -0.9930527806282043], [0.0, 0.0, 0.0, 1.0]]}, "Bone.003": {"matrix": [[-0.7491012811660767, 0.11152145266532898, 0.6530008316040039, -1.610469937324524], [-0.5985935926437378, -0.5362176895141602, -0.5951101779937744, -0.9893465042114258], [0.2837830185890198, -0.8366801738739014, 0.4684372842311859, -0.30672743916511536], [0.0, 0.0, 0.0, 1.0]]}, "finger4joint1": {"matrix": [[-0.38754695653915405, -0.9190088510513306, -0.07231660187244415, -1.5626695156097412], [0.1186300739645958, 0.028076402842998505, -0.9925412535667419, -1.2191798686981201], [0.9141849875450134, -0.3932352662086487, 0.09814105927944183, -0.6653448343276978], [0.0, 0.0, 0.0, 1.0]]}, "finger4joint2": {"matrix": [[-0.4098358452320099, -0.04215571656823158, -0.9111843705177307, -2.4755752086639404], [0.10005424916744232, 0.9908260703086853, -0.09084316343069077, -1.1912899017333984], [0.9066551327705383, -0.12839852273464203, -0.4018581807613373, -1.0559686422348022], [0.0, 0.0, 0.0, 1.0]]}, "finger4joint3": {"matrix": [[-0.3915397822856903, 0.7288281321525574, -0.5616989135742188, -2.493156909942627], [0.018662752583622932, 0.6165998578071594, 0.7870551943778992, -0.7780531644821167], [0.9199717044830322, 0.29768067598342896, -0.2550252079963684, -1.1095188856124878], [0.0, 0.0, 0.0, 1.0]]}}