{"root": {"matrix": [[0.14455938339233398, -0.9631641507148743, 0.22675399482250214, -5.960464477539063e-08], [0.32905319333076477, -0.16932542622089386, -0.9290063977241516, 0.0], [0.9331809282302856, 0.20891070365905762, 0.2924546003341675, 1.4901161193847656e-08], [0.0, 0.0, 0.0, 1.0]]}, "carpals": {"matrix": [[-0.3237272799015045, -0.3206482529640198, -0.8901601433753967, -0.6413365602493286], [0.9234012961387634, -0.31214073300361633, -0.2233787178993225, 0.6828514933586121], [-0.2062290906906128, -0.8942888379096985, 0.39713549613952637, 2.2819697856903076], [0.0, 0.0, 0.0, 1.0]]}, "metacarpals": {"matrix": [[-0.42391666769981384, -0.7086203694343567, -0.5640493035316467, -0.9536460638046265], [0.8905949592590332, -0.43941015005111694, -0.11730006337165833, 0.3788283169269562], [-0.16472764313220978, -0.5520648956298828, 0.8173669576644897, 1.410938024520874], [0.0, 0.0, 0.0, 1.0]]}, "finger5joint1": {"matrix": [[-0.359742134809494, -0.5345016717910767, -0.7647832036018372, -1.0516197681427002], [0.9236892461776733, -0.08818773925304413, -0.3728552460670471, 0.020055018365383148], [0.13184738159179688, -0.8405536413192749, 0.5254382491111755, 0.788557231426239], [0.0, 0.0, 0.0, 1.0]]}, "finger5joint2": {"matrix": [[-0.7708985805511475, -0.5496584177017212, 0.32185471057891846, -1.6161988973617554], [-0.38679975271224976, 0.0025138412602245808, -0.9221601486206055, -0.07309524714946747], [0.5060641169548035, -0.8353851437568665, -0.21454592049121857, -0.09929627180099487], [0.0, 0.0, 0.0, 1.0]]}, "finger5joint3": {"matrix": [[-0.835390567779541, -0.5188060998916626, 0.18155473470687866, -1.9939985275268555], [-0.3335178792476654, 0.21589308977127075, -0.9176903963088989, -0.07136740535497665], [0.4369070827960968, -0.8271816372871399, -0.35338640213012695, -0.6734857559204102], [0.0, 0.0, 0.0, 1.0]]}, "Bone": {"matrix": [[0.6797693371772766, -0.4404558837413788, -0.5864401459693909, -2.059999465942383], [0.5800276398658752, 0.812209963798523, 0.06231231242418289, -0.3072129786014557], [0.44886666536331177, -0.38250935077667236, 0.80759197473526, 0.5490114092826843], [0.0, 0.0, 0.0, 1.0]]}, "finger1joint1": {"matrix": [[-0.2293502241373062, -0.17645059525966644, -0.9572165012359619, -2.426541328430176], [0.9553438425064087, 0.14744631946086884, -0.2560812830924988, 0.3686981499195099], [0.18632382154464722, -0.9732031226158142, 0.13475418090820312, 0.2306918203830719], [0.0, 0.0, 0.0, 1.0]]}, "finger1joint2": {"matrix": [[0.07654690742492676, 0.25242045521736145, -0.9645850658416748, -2.5262672901153564], [0.9848061203956604, 0.13210175931453705, 0.11272111535072327, 0.452031672000885], [0.15587657690048218, -0.9585576057434082, -0.2384731024503708, -0.3193414807319641], [0.0, 0.0, 0.0, 1.0]]}, "finger1joint3": {"matrix": [[-0.03084542416036129, 0.6632294058799744, -0.7477801442146301, -2.4180588722229004], [0.9856457710266113, 0.14442187547683716, 0.08743510395288467, 0.5086615085601807], [0.16598543524742126, -0.734349250793457, -0.658163845539093, -0.7302594184875488], [0.0, 0.0, 0.0, 1.0]]}, "Bone.001": {"matrix": [[0.41648611426353455, -0.8250523209571838, -0.3818739056587219, -2.059999465942383], [0.823647141456604, 0.520248293876648, -0.2257143259048462, -0.3072129487991333], [0.3848954439163208, -0.22052235901355743, 0.8962281346321106, 0.5490114092826843], [0.0, 0.0, 0.0, 1.0]]}, "finger2joint1": {"matrix": [[-0.3197517395019531, -0.29721933603286743, -0.8996772766113281, -2.582986354827881], [0.9407855868339539, -0.21244226396083832, -0.2641790211200714, 0.02256391942501068], [-0.11261024326086044, -0.9308751225471497, 0.3475484848022461, 0.4092259109020233], [0.0, 0.0, 0.0, 1.0]]}, "finger2joint2": {"matrix": [[-0.26080411672592163, 0.932012140750885, -0.2516631484031677, -2.840125560760498], [0.9380905032157898, 0.18310891091823578, -0.2940361499786377, -0.16123026609420776], [-0.227963387966156, -0.3127686679363251, -0.9220672249794006, -0.39611974358558655], [0.0, 0.0, 0.0, 1.0]]}, "finger2joint3": {"matrix": [[-0.12864655256271362, 0.6194100379943848, 0.7744553089141846, -2.486318349838257], [0.9753972291946411, 0.22001293301582336, -0.013941110111773014, -0.0917191132903099], [-0.17902535200119019, 0.753607988357544, -0.6324747204780579, -0.5148518681526184], [0.0, 0.0, 0.0, 1.0]]}, "Bone.002": {"matrix": [[-0.2707970440387726, -0.9205654263496399, -0.28147464990615845, -2.0599989891052246], [0.9565623998641968, -0.2245326191186905, -0.18593953549861908, -0.3072129487991333], [0.10796941816806793, -0.31959983706474304, 0.9413809776306152, 0.5490114092826843], [0.0, 0.0, 0.0, 1.0]]}, "finger3joint1": {"matrix": [[-0.31857725977897644, -0.479259729385376, -0.8178131580352783, -2.4480268955230713], [0.9458553194999695, -0.21732306480407715, -0.24109871685504913, -0.4018556773662567], [-0.062180597335100174, -0.8503413200378418, 0.5225445628166199, 0.41429683566093445], [0.0, 0.0, 0.0, 1.0]]}, "finger3joint2": {"matrix": [[-0.3583828806877136, 0.5616441965103149, -0.7457327842712402, -2.868424654006958], [0.9082241654396057, 0.024866392835974693, -0.4177447259426117, -0.5924874544143677], [-0.21607999503612518, -0.8270049691200256, -0.5190104246139526, -0.3316068649291992], [0.0, 0.0, 0.0, 1.0]]}, "finger3joint3": {"matrix": [[-0.19956038892269135, 0.9137535691261292, -0.3538784682750702, -2.504995822906494], [0.9656388759613037, 0.12202741950750351, -0.2294580340385437, -0.5763968825340271], [-0.1664850264787674, -0.38750961422920227, -0.9067075848579407, -0.8667454719543457], [0.0, 0.0, 0.0, 1.0]]}, "Bone.003": {"matrix": [[-0.8057959079742432, -0.346554696559906, 0.4802005887031555, -2.0599992275238037], [0.42300304770469666, -0.9043225049972534, 0.05717802047729492, -0.3072128891944885], [0.41444095969200134, 0.24920004606246948, 0.875292956829071, 0.5490114092826843], [0.0, 0.0, 0.0, 1.0]]}, "finger4joint1": {"matrix": [[-0.4534822106361389, -0.2586911618709564, -0.8528963923454285, -2.2085392475128174], [0.8647375106811523, -0.3594430983066559, -0.3507557213306427, -0.694823145866394], [-0.21583016216754913, -0.8965930938720703, 0.3867010474205017, 0.6558234095573425], [0.0, 0.0, 0.0, 1.0]]}, "finger4joint2": {"matrix": [[-0.4756779968738556, 0.18958190083503723, -0.8589462637901306, -2.465512275695801], [0.8493362665176392, -0.15502823889255524, -0.5045731067657471, -1.0518791675567627], [-0.22881866991519928, -0.9695485830307007, -0.08727523684501648, -0.23481550812721252], [0.0, 0.0, 0.0, 1.0]]}, "finger4joint3": {"matrix": [[-0.4771745800971985, 0.4223445951938629, -0.7706678509712219, -2.3864450454711914], [0.8665735721588135, 0.08031033724546432, -0.49254462122917175, -1.1165356636047363], [-0.14613077044487, -0.9028702974319458, -0.40431472659111023, -0.6391781568527222], [0.0, 0.0, 0.0, 1.0]]}}