{"root": {"matrix": [[0.2617141008377075, -0.954865574836731, 0.14049023389816284, 0.0], [-0.6680251359939575, -0.28427717089653015, -0.6876983046531677, 0.0], [0.6965975165367126, 0.08612930774688721, -0.7122735977172852, 7.450580596923828e-09], [0.0, 0.0, 0.0, 1.0]]}, "carpals": {"matrix": [[-0.5607764720916748, -0.6553413271903992, -0.5060210227966309, -0.35857313871383667], [0.6247615218162537, 0.06613007187843323, -0.7780099511146545, -1.7116612195968628], [0.5433255434036255, -0.7524322867393494, 0.3723478317260742, 1.7397202253341675], [0.0, 0.0, 0.0, 1.0]]}, "metacarpals": {"matrix": [[-0.7961992621421814, -0.3922412693500519, -0.46066612005233765, -0.9968716502189636], [0.3374379873275757, 0.3440974950790405, -0.8762032389640808, -1.6472508907318115], [0.5021973252296448, -0.8530787825584412, -0.14161323010921478, 1.0068557262420654], [0.0, 0.0, 0.0, 1.0]]}, "finger5joint1": {"matrix": [[-0.8378092646598816, -0.38437891006469727, -0.38772186636924744, -0.8915030360221863], [0.41142842173576355, 0.02232513763010502, -0.9111683964729309, -1.149652123451233], [0.3588901162147522, -0.9229053258895874, 0.13944010436534882, 0.49016648530960083], [0.0, 0.0, 0.0, 1.0]]}, "finger5joint2": {"matrix": [[-0.17226727306842804, -0.8176407814025879, 0.5493513941764832, -1.2975118160247803], [-0.9319060444831848, -0.045427415519952774, -0.35984280705451965, -1.1260706186294556], [0.31917768716812134, -0.5739330053329468, -0.754139244556427, -0.4846729040145874], [0.0, 0.0, 0.0, 1.0]]}, "finger5joint3": {"matrix": [[-0.27782776951789856, -0.9370878338813782, 0.21137061715126038, -1.8595051765441895], [-0.9108467102050781, 0.18705882132053375, -0.3679219186306, -1.1572946310043335], [0.3052363693714142, -0.2947450280189514, -0.9055140018463135, -0.8791571855545044], [0.0, 0.0, 0.0, 1.0]]}, "Bone": {"matrix": [[0.3020872473716736, -0.7665601968765259, -0.5666821002960205, -1.6092692613601685], [-0.21249604225158691, 0.525348961353302, -0.8239256739616394, -1.1100192070007324], [0.9292945861816406, 0.36931538581848145, -0.004189896862953901, -0.3250371217727661], [0.0, 0.0, 0.0, 1.0]]}, "finger1joint1": {"matrix": [[-0.5888126492500305, -0.6135115027427673, -0.5262158513069153, -2.2471909523010254], [0.02704175002872944, 0.6357227563858032, -0.7714434266090393, -0.6728302240371704], [0.8078169822692871, -0.4684653580188751, -0.35773134231567383, -0.017697423696517944], [0.0, 0.0, 0.0, 1.0]]}, "finger1joint2": {"matrix": [[-0.38825494050979614, 0.25286227464675903, -0.8861820101737976, -2.5939345359802246], [0.24790938198566437, 0.9548290967941284, 0.16383562982082367, -0.3135334849357605], [0.8875804543495178, -0.15608268976211548, -0.43340399861335754, -0.2824639081954956], [0.0, 0.0, 0.0, 1.0]]}, "finger1joint3": {"matrix": [[-0.48501917719841003, 0.8142510056495667, 0.3189851641654968, -2.485536575317383], [0.22802934050559998, -0.23438620567321777, 0.945021390914917, 0.09578603506088257], [0.8442506194114685, 0.5310913920402527, -0.07199115306138992, -0.349373996257782], [0.0, 0.0, 0.0, 1.0]]}, "Bone.001": {"matrix": [[-0.044117964804172516, -0.9669424891471863, -0.2511483430862427, -1.609269142150879], [-0.11781797558069229, 0.25467461347579956, -0.9598225355148315, -1.1100190877914429], [0.9920545816421509, -0.012755569070577621, -0.1251590996980667, -0.3250371217727661], [0.0, 0.0, 0.0, 1.0]]}, "finger2joint1": {"matrix": [[-0.7307524085044861, -0.423241525888443, -0.5355998873710632, -2.222198247909546], [0.3111494183540344, 0.4918459951877594, -0.8131870031356812, -0.9485850930213928], [0.607607364654541, -0.7608900666236877, -0.22772645950317383, -0.3331226706504822], [0.0, 0.0, 0.0, 1.0]]}, "finger2joint2": {"matrix": [[-0.7133965492248535, 0.07830238342285156, -0.6963719725608826, -2.588365077972412], [0.4281648099422455, 0.835378110408783, -0.3446997404098511, -0.5230650305747986], [0.5547433495521545, -0.5440694689750671, -0.6294823288917542, -0.9914058446884155], [0.0, 0.0, 0.0, 1.0]]}, "finger2joint3": {"matrix": [[-0.6346119046211243, 0.7727442979812622, -0.01156540121883154, -2.558640480041504], [0.5502306222915649, 0.4622812569141388, 0.695371687412262, -0.20594178140163422], [0.5426912307739258, 0.43492767214775085, -0.7185567617416382, -1.1979436874389648], [0.0, 0.0, 0.0, 1.0]]}, "Bone.002": {"matrix": [[-0.7018775939941406, -0.6881835460662842, -0.18376904726028442, -1.609269142150879], [0.1082436591386795, 0.1519489288330078, -0.9824431538581848, -1.1100192070007324], [0.7040249705314636, -0.7094467282295227, -0.03215824067592621, -0.3250370919704437], [0.0, 0.0, 0.0, 1.0]]}, "finger3joint1": {"matrix": [[-0.5236291885375977, -0.5475289225578308, -0.6527054905891418, -1.8993453979492188], [0.0021745695266872644, 0.7652730345726013, -0.64370197057724, -1.045971155166626], [0.8519436120986938, -0.33848023414611816, -0.39952871203422546, -0.6240760684013367], [0.0, 0.0, 0.0, 1.0]]}, "finger3joint2": {"matrix": [[-0.5778986811637878, 0.09502685070037842, -0.8105571866035461, -2.3796277046203613], [0.14812345802783966, 0.9889147281646729, 0.010329999029636383, -0.3746877610683441], [0.8025538325309753, -0.11409266293048859, -0.5855683088302612, -0.9209846258163452], [0.0, 0.0, 0.0, 1.0]]}, "finger3joint3": {"matrix": [[-0.4279254972934723, 0.4217461943626404, -0.799380898475647, -2.3181376457214355], [0.19315598905086517, 0.9066936373710632, 0.37496286630630493, 0.26521947979927063], [0.8829329609870911, 0.006051104050129652, -0.46946001052856445, -0.9948117733001709], [0.0, 0.0, 0.0, 1.0]]}, "Bone.003": {"matrix": [[-0.9214557409286499, 0.12598788738250732, 0.3674863278865814, -1.609269142150879], [-0.3784368336200714, -0.5048420429229736, -0.7758349776268005, -1.1100190877914429], [0.08777675032615662, -0.8539682030677795, 0.5128679871559143, -0.3250370919704437], [0.0, 0.0, 0.0, 1.0]]}, "finger4joint1": {"matrix": [[-0.293458491563797, -0.9463819265365601, -0.1350666582584381, -1.5552680492401123], [0.1679254174232483, 0.08805869519710541, -0.9818586111068726, -1.326404094696045], [0.9411073923110962, -0.3108157813549042, 0.1330799013376236, -0.6910644769668579], [0.0, 0.0, 0.0, 1.0]]}, "finger4joint2": {"matrix": [[-0.3176288306713104, 0.07723528146743774, -0.945064127445221, -2.4953653812408447], [0.1509087085723877, 0.9880911707878113, 0.030032271519303322, -1.2389302253723145], [0.9361293911933899, -0.1330791711807251, -0.3255016505718231, -0.9998161196708679], [0.0, 0.0, 0.0, 1.0]]}, "finger4joint3": {"matrix": [[-0.30909067392349243, 0.6521702408790588, -0.6921968460083008, -2.46315336227417], [0.06779483705759048, 0.741095244884491, 0.6679680347442627, -0.8268342018127441], [0.9486129283905029, 0.15953537821769714, -0.2732792794704437, -1.0553184747695923], [0.0, 0.0, 0.0, 1.0]]}}