{"root": {"matrix": [[0.38493210077285767, -0.8523572087287903, 0.3539977967739105, -5.960464477539063e-08], [0.026746809482574463, -0.3730892837047577, -0.927409827709198, 0.0], [0.9225572347640991, 0.36645811796188354, -0.12081627547740936, 0.0], [0.0, 0.0, 0.0, 1.0]]}, "carpals": {"matrix": [[-0.6473807692527771, -0.4627380073070526, -0.605616569519043, -0.003585904836654663], [0.6932986378669739, -0.027461620047688484, -0.7201268076896667, -0.20043335855007172], [0.3165990710258484, -0.8860694169998169, 0.3385936915874481, 2.4586172103881836], [0.0, 0.0, 0.0, 1.0]]}, "metacarpals": {"matrix": [[-0.8453068137168884, -0.47874149680137634, -0.23719772696495056, -0.454289972782135], [0.3486999571323395, -0.15797530114650726, -0.923824667930603, -0.2271808385848999], [0.40480202436447144, -0.8636261224746704, 0.3004745841026306, 1.5955910682678223], [0.0, 0.0, 0.0, 1.0]]}, "finger5joint1": {"matrix": [[-0.7296342253684998, -0.6567050814628601, -0.190714493393898, -0.4815952181816101], [0.34254783391952515, -0.10961072146892548, -0.9330843091011047, 0.0015140995383262634], [0.5918570756912231, -0.7461390495300293, 0.3049284815788269, 0.9081116914749146], [0.0, 0.0, 0.0, 1.0]]}, "finger5joint2": {"matrix": [[-0.16488228738307953, -0.9421834945678711, 0.29172489047050476, -1.1752545833587646], [-0.9315149784088135, 0.051539793610572815, -0.36003220081329346, -0.11426466703414917], [0.32418084144592285, -0.33110883831977844, -0.8861563801765442, 0.11998570710420609], [0.0, 0.0, 0.0, 1.0]]}, "finger5joint3": {"matrix": [[-0.2679295837879181, -0.9625516533851624, 0.04132024571299553, -1.8228503465652466], [-0.9013950824737549, 0.23530298471450806, -0.36348170042037964, -0.07883955538272858], [0.34014707803726196, -0.13463307917118073, -0.9306843280792236, -0.10759702324867249], [0.0, 0.0, 0.0, 1.0]]}, "Bone": {"matrix": [[0.360751211643219, -0.8643782138824463, -0.35029786825180054, -1.2017383575439453], [0.2874974310398102, 0.46036121249198914, -0.8398884534835815, -0.473824143409729], [0.8872448801994324, 0.20228125154972076, 0.4145822823047638, 0.24723084270954132], [0.0, 0.0, 0.0, 1.0]]}, "finger1joint1": {"matrix": [[-0.5196036696434021, -0.8175982236862183, -0.24808257818222046, -1.9210631847381592], [0.25929608941078186, 0.12576629221439362, -0.9575741291046143, -0.09071721881628036], [0.8141114711761475, -0.5618857145309448, 0.1466512829065323, 0.4155667722225189], [0.0, 0.0, 0.0, 1.0]]}, "finger1joint2": {"matrix": [[-0.40294408798217773, -0.12507280707359314, -0.9066380858421326, -2.3831517696380615], [0.5359570384025574, 0.7707476615905762, -0.34452584385871887, -0.019636869430541992], [0.7418801188468933, -0.6247435808181763, -0.24353447556495667, 0.0980011522769928], [0.0, 0.0, 0.0, 1.0]]}, "finger1joint3": {"matrix": [[-0.48782920837402344, 0.7154996395111084, -0.5000827312469482, -2.4367687702178955], [0.4696712791919708, 0.698018491268158, 0.5405359268188477, 0.3107699751853943], [0.7358204126358032, 0.028814729303121567, -0.6765632033348083, -0.16981615126132965], [0.0, 0.0, 0.0, 1.0]]}, "Bone.001": {"matrix": [[0.003075095359236002, -0.9999051690101624, -0.013412718661129475, -1.2017383575439453], [0.3251177966594696, 0.013683765195310116, -0.9455744028091431, -0.4738241136074066], [0.9456683993339539, -0.001452887081541121, 0.3251288831233978, 0.24723085761070251], [0.0, 0.0, 0.0, 1.0]]}, "finger2joint1": {"matrix": [[-0.7736093401908875, -0.571442186832428, -0.27382853627204895, -1.835561752319336], [0.3859488070011139, -0.08218825608491898, -0.9188516736030579, -0.46515020728111267], [0.5025652647018433, -0.8165160417556763, 0.28412890434265137, 0.24630990624427795], [0.0, 0.0, 0.0, 1.0]]}, "finger2joint2": {"matrix": [[-0.7934867739677429, -0.1739453673362732, -0.5831993818283081, -2.329944610595703], [0.4601902365684509, 0.45559456944465637, -0.7620094418525696, -0.5362553000450134], [0.3982507288455963, -0.8730269074440002, -0.28146037459373474, -0.46009811758995056], [0.0, 0.0, 0.0, 1.0]]}, "finger2joint3": {"matrix": [[-0.7528955340385437, 0.4279741048812866, -0.4999861717224121, -2.395977020263672], [0.5756434202194214, 0.7964859008789062, -0.18505313992500305, -0.36330413818359375], [0.3190341889858246, -0.42713937163352966, -0.846031129360199, -0.7915134429931641], [0.0, 0.0, 0.0, 1.0]]}, "Bone.002": {"matrix": [[-0.6947812438011169, -0.7167924642562866, 0.05905420705676079, -1.2017382383346558], [0.25741279125213623, -0.3244955837726593, -0.9101874828338623, -0.4738241136074066], [0.6715785264968872, -0.6171797513961792, 0.40996479988098145, 0.24723084270954132], [0.0, 0.0, 0.0, 1.0]]}, "finger3joint1": {"matrix": [[-0.4919247329235077, -0.7274543046951294, -0.4783514440059662, -1.503873586654663], [0.2693346440792084, 0.39532408118247986, -0.8781672120094299, -0.6106022596359253], [0.8279305696487427, -0.5608285069465637, 0.0014588676858693361, -0.012916594743728638], [0.0, 0.0, 0.0, 1.0]]}, "finger3joint2": {"matrix": [[-0.5818312764167786, -0.15345005691051483, -0.7987022995948792, -2.1419830322265625], [0.36231720447540283, 0.8303061127662659, -0.4234594404697418, -0.2638312578201294], [0.7281475067138672, -0.5357652902603149, -0.4275003969669342, -0.5048649311065674], [0.0, 0.0, 0.0, 1.0]]}, "finger3joint3": {"matrix": [[-0.44611868262290955, 0.18559205532073975, -0.8755190372467041, -2.2412776947021484], [0.4691103994846344, 0.8815982341766357, -0.052153389900922775, 0.27344346046447754], [0.7621769309043884, -0.4339815378189087, -0.48036038875579834, -0.8515481948852539], [0.0, 0.0, 0.0, 1.0]]}, "Bone.003": {"matrix": [[-0.8007204532623291, 0.2295302003622055, 0.5533194541931152, -1.2017383575439453], [-0.4850199520587921, -0.7905125617980957, -0.3739592432975769, -0.473824143409729], [0.35157105326652527, -0.5678079724311829, 0.744306206703186, 0.24723085761070251], [0.0, 0.0, 0.0, 1.0]]}, "finger4joint1": {"matrix": [[-0.556169331073761, -0.830219566822052, -0.03755970299243927, -1.103357195854187], [0.4380040168762207, -0.2544141113758087, -0.862221360206604, -0.8126531839370728], [0.7062776684761047, -0.4959923028945923, 0.5051367878913879, 0.003857344388961792], [0.0, 0.0, 0.0, 1.0]]}, "finger4joint2": {"matrix": [[-0.575675904750824, -0.5102511644363403, -0.6389369368553162, -1.9280632734298706], [0.4153256118297577, 0.4906310737133026, -0.7660192847251892, -1.0653778314590454], [0.7043448090553284, -0.7063456773757935, -0.07052407413721085, -0.48884114623069763], [0.0, 0.0, 0.0, 1.0]]}, "finger4joint3": {"matrix": [[-0.5218598246574402, -0.17056089639663696, -0.8358054757118225, -2.1408703327178955], [0.3842652142047882, 0.8277589082717896, -0.4088461995124817, -0.8607537746429443], [0.7615787982940674, -0.53453129529953, -0.36643341183662415, -0.7834316492080688], [0.0, 0.0, 0.0, 1.0]]}}