{"root": {"matrix": [[0.5411944389343262, -0.8283990025520325, -0.14444254338741302, -5.960464477539063e-08], [-0.7708464860916138, -0.4200984835624695, -0.4788663387298584, 0.0], [0.33601224422454834, 0.3705027997493744, -0.8659234642982483, 2.9802322387695312e-08], [0.0, 0.0, 0.0, 1.0]]}, "carpals": {"matrix": [[-0.024088094010949135, -0.5769354104995728, -0.8164343237876892, 0.42928582429885864], [0.7669087648391724, 0.5132221579551697, -0.3852967321872711, -2.1006112098693848], [0.6413037180900574, -0.6354119181632996, 0.43009433150291443, 1.2198896408081055], [0.0, 0.0, 0.0, 1.0]]}, "metacarpals": {"matrix": [[0.11958218365907669, -0.8140800595283508, -0.568307638168335, -0.13264572620391846], [0.7803850173950195, 0.4309357702732086, -0.45309290289878845, -1.6007360219955444], [0.6137582063674927, -0.38931700587272644, 0.6868282556533813, 0.6010023355484009], [0.0, 0.0, 0.0, 1.0]]}, "finger5joint1": {"matrix": [[-0.25649696588516235, -0.8142586946487427, -0.5207608342170715, -0.38441556692123413], [0.8862431049346924, 0.016883689910173416, -0.4629121422767639, -1.3053572177886963], [0.3857227861881256, -0.580256462097168, 0.7173006534576416, -0.01140129566192627], [0.0, 0.0, 0.0, 1.0]]}, "finger5joint2": {"matrix": [[-0.3590826094150543, -0.925513744354248, 0.12034634500741959, -1.2444945573806763], [-0.5204368233680725, 0.09152524918317795, -0.8489805459976196, -1.2875235080718994], [0.7747287750244141, -0.36748695373535156, -0.51453697681427, -0.6243101358413696], [0.0, 0.0, 0.0, 1.0]]}, "finger5joint3": {"matrix": [[-0.44999468326568604, -0.882351279258728, -0.1376965194940567, -1.8806326389312744], [-0.46208691596984863, 0.36200276017189026, -0.809585690498352, -1.2246149778366089], [0.7641857862472534, -0.30068159103393555, -0.5706226825714111, -0.8768967390060425], [0.0, 0.0, 0.0, 1.0]]}, "Bone": {"matrix": [[0.8678916692733765, 0.07154157012701035, -0.49157455563545227, -1.4036507606506348], [-0.2653414011001587, 0.9033402800559998, -0.33700138330459595, -0.9279256463050842], [0.41994959115982056, 0.4229159951210022, 0.8029845952987671, -0.006829619407653809], [0.0, 0.0, 0.0, 1.0]]}, "finger1joint1": {"matrix": [[0.2575995922088623, -0.8801001906394958, -0.39883047342300415, -1.344114899635315], [0.6484955549240112, 0.4634619355201721, -0.6038677096366882, -0.1761769950389862], [0.7163071036338806, -0.10308371484279633, 0.6901288032531738, 0.34511587023735046], [0.0, 0.0, 0.0, 1.0]]}, "finger1joint2": {"matrix": [[0.3843453824520111, -0.7087280750274658, -0.5915935635566711, -1.8415281772613525], [0.792155385017395, 0.5822664499282837, -0.18290840089321136, 0.08576162159442902], [0.4740975499153137, -0.3983340561389923, 0.7852143049240112, 0.28685516119003296], [0.0, 0.0, 0.0, 1.0]]}, "finger1joint3": {"matrix": [[0.34819793701171875, -0.09938253462314606, -0.9321378469467163, -2.145348310470581], [0.7476613521575928, 0.6292656064033508, 0.21219602227210999, 0.33536970615386963], [0.5654739737510681, -0.7708097696304321, 0.29341351985931396, 0.11609591543674469], [0.0, 0.0, 0.0, 1.0]]}, "Bone.001": {"matrix": [[0.7765181660652161, -0.414740651845932, -0.47435155510902405, -1.4036507606506348], [0.018137680366635323, 0.7672266364097595, -0.6411192417144775, -0.9279256463050842], [0.6298335790634155, 0.4892372488975525, 0.6032879948616028, -0.006829649209976196], [0.0, 0.0, 0.0, 1.0]]}, "finger2joint1": {"matrix": [[0.23261414468288422, -0.9715238213539124, -0.04507524520158768, -1.666548252105713], [0.7303839921951294, 0.20510533452033997, -0.6515140533447266, -0.4415932297706604], [0.6422068476676941, 0.11862918734550476, 0.757296085357666, 0.30328986048698425], [0.0, 0.0, 0.0, 1.0]]}, "finger2joint2": {"matrix": [[0.14697062969207764, -0.18707126379013062, -0.9712896347045898, -2.5070607662200928], [0.8030092120170593, 0.5959283113479614, 0.006730831693857908, -0.2641465663909912], [0.5775601267814636, -0.7809439301490784, 0.23780398070812225, 0.4059218168258667], [0.0, 0.0, 0.0, 1.0]]}, "finger2joint3": {"matrix": [[0.2107398509979248, 0.8142702579498291, -0.5408809781074524, -2.578076124191284], [0.8622262477874756, 0.10587567090988159, 0.4953339993953705, -0.03792240098118782], [0.4606021046638489, -0.5707485675811768, -0.6797731518745422, 0.10946264863014221], [0.0, 0.0, 0.0, 1.0]]}, "Bone.002": {"matrix": [[0.2747674882411957, -0.8875550627708435, -0.36979538202285767, -1.4036507606506348], [0.5580439567565918, 0.4603995680809021, -0.6903758645057678, -0.927925705909729], [0.7830005288124084, -0.016669221222400665, 0.6217976808547974, -0.006829613819718361], [0.0, 0.0, 0.0, 1.0]]}, "finger3joint1": {"matrix": [[0.37358352541923523, -0.5683635473251343, -0.7330743074417114, -1.777764081954956], [0.5532845854759216, 0.7708525061607361, -0.31569331884384155, -0.733862578868866], [0.7445211410522461, -0.2876608967781067, 0.6024446487426758, -0.013855844736099243], [0.0, 0.0, 0.0, 1.0]]}, "finger3joint2": {"matrix": [[0.3071659207344055, 0.0020957798697054386, -0.9516535997390747, -2.27632212638855], [0.6800379157066345, 0.6990646123886108, 0.22103570401668549, -0.05768498778343201], [0.665730893611908, -0.7150552272796631, 0.21330365538597107, -0.2661866545677185], [0.0, 0.0, 0.0, 1.0]]}, "finger3joint3": {"matrix": [[0.46254584193229675, 0.2896229028701782, -0.83795565366745, -2.274966239929199], [0.6670171022415161, 0.5089614987373352, 0.5441011786460876, 0.3946658968925476], [0.5840715765953064, -0.8106026649475098, 0.04223461076617241, -0.7288848757743835], [0.0, 0.0, 0.0, 1.0]]}, "Bone.003": {"matrix": [[-0.4721508026123047, -0.7821932435035706, 0.4065060317516327, -1.4036507606506348], [0.2377164661884308, -0.5570372343063354, -0.7957387566566467, -0.9279255867004395], [0.8488606214523315, -0.27907565236091614, 0.44894590973854065, -0.006829604506492615], [0.0, 0.0, 0.0, 1.0]]}, "finger4joint1": {"matrix": [[0.014413252472877502, -0.8821964263916016, -0.4706605076789856, -1.7389140129089355], [0.8290935754776001, 0.2736622095108032, -0.4875575006008148, -1.1666826009750366], [0.5589237809181213, -0.3831945061683655, 0.7353679537773132, -0.12644687294960022], [0.0, 0.0, 0.0, 1.0]]}, "finger4joint2": {"matrix": [[-0.014904470182955265, 0.1595691293478012, -0.9870740175247192, -2.6152515411376953], [0.8255794048309326, 0.5588849186897278, 0.07788244634866714, -0.8948377966880798], [0.5640886425971985, -0.8137475252151489, -0.1400669515132904, -0.5070965886116028], [0.0, 0.0, 0.0, 1.0]]}, "finger4joint3": {"matrix": [[-0.013676075264811516, 0.8706340193748474, -0.49174073338508606, -2.548701286315918], [0.7750362753868103, 0.319954514503479, 0.5449286103248596, -0.6617476344108582], [0.6317683458328247, -0.37366458773612976, -0.6791489720344543, -0.8464804291725159], [0.0, 0.0, 0.0, 1.0]]}}