{"root": {"matrix": [[0.5247558355331421, -0.8484290838241577, 0.06927790492773056, 0.0], [-0.5019550919532776, -0.37413355708122253, -0.7797853350639343, 0.0], [0.687511682510376, 0.37442246079444885, -0.6222021579742432, 2.9802322387695312e-08], [0.0, 0.0, 0.0, 1.0]]}, "carpals": {"matrix": [[-0.2759116590023041, -0.5317758917808533, -0.8006790280342102, 0.3484767973423004], [0.7874764800071716, 0.35258492827415466, -0.5055336952209473, -1.4136980772018433], [0.5511382222175598, -0.7699986696243286, 0.3214787244796753, 1.9912323951721191], [0.0, 0.0, 0.0, 1.0]]}, "metacarpals": {"matrix": [[-0.3201826810836792, -0.725555419921875, -0.6091405153274536, -0.1694697141647339], [0.7117473483085632, 0.24011565744876862, -0.6601210832595825, -1.0702824592590332], [0.6252188682556152, -0.6449135541915894, 0.43953126668930054, 1.2412583827972412], [0.0, 0.0, 0.0, 1.0]]}, "finger5joint1": {"matrix": [[-0.30937454104423523, -0.8552302718162537, -0.41577428579330444, -0.2767602801322937], [0.7348951697349548, 0.062455449253320694, -0.6752985119819641, -0.786590576171875], [0.603503406047821, -0.5144707560539246, 0.6091824769973755, 0.5827126502990723], [0.0, 0.0, 0.0, 1.0]]}, "finger5joint2": {"matrix": [[-0.21683776378631592, -0.9688399434089661, 0.11970691382884979, -1.1801161766052246], [-0.7321903109550476, 0.08030495047569275, -0.6763489246368408, -0.7206206917762756], [0.6456609964370728, -0.2343062162399292, -0.7267889380455017, 0.03929145634174347], [0.0, 0.0, 0.0, 1.0]]}, "finger5joint3": {"matrix": [[-0.31259724497795105, -0.9373777508735657, -0.1536397486925125, -1.846034049987793], [-0.6831446290016174, 0.33423882722854614, -0.6493051648139954, -0.6654242873191833], [0.659996747970581, -0.09801270812749863, -0.7448472380638123, -0.12175542116165161], [0.0, 0.0, 0.0, 1.0]]}, "Bone": {"matrix": [[0.7162762880325317, -0.33514130115509033, -0.6120688915252686, -1.3022632598876953], [-0.07059665024280548, 0.8378171920776367, -0.5413669943809509, -0.6953952312469482], [0.6942363381385803, 0.4309786260128021, 0.5764487385749817, 0.23436927795410156], [0.0, 0.0, 0.0, 1.0]]}, "finger1joint1": {"matrix": [[-0.1785200834274292, -0.9074610471725464, -0.3803218901157379, -1.5811635255813599], [0.6029273867607117, 0.20457063615322113, -0.7711220383644104, 0.0018258839845657349], [0.7775661945343018, -0.36696720123291016, 0.5106130838394165, 0.5930243730545044], [0.0, 0.0, 0.0, 1.0]]}, "finger1joint2": {"matrix": [[-0.0360662043094635, -0.5026705265045166, -0.8637252449989319, -2.094040870666504], [0.8048597574234009, 0.49769899249076843, -0.3232589364051819, 0.11744476854801178], [0.5923681855201721, -0.7068364024162292, 0.38662922382354736, 0.385622501373291], [0.0, 0.0, 0.0, 1.0]]}, "finger1joint3": {"matrix": [[-0.10488694161176682, 0.3597571551799774, -0.927131712436676, -2.3095273971557617], [0.7491806149482727, 0.6416808366775513, 0.1642376333475113, 0.3308001160621643], [0.6540086269378662, -0.6773627400398254, -0.3368269205093384, 0.08261334896087646], [0.0, 0.0, 0.0, 1.0]]}, "Bone.001": {"matrix": [[0.48317602276802063, -0.7551358342170715, -0.4430694282054901, -1.3022630214691162], [0.1536901295185089, 0.571358859539032, -0.8061811327934265, -0.6953952312469482], [0.8619281053543091, 0.3214322030544281, 0.3921237885951996, 0.23436926305294037], [0.0, 0.0, 0.0, 1.0]]}, "finger2joint1": {"matrix": [[-0.21374736726284027, -0.9711688756942749, -0.10555921494960785, -1.7809314727783203], [0.6906455755233765, -0.07381077110767365, -0.719416618347168, -0.3332202136516571], [0.6908838748931885, -0.22667743265628815, 0.6865103840827942, 0.43811988830566406], [0.0, 0.0, 0.0, 1.0]]}, "finger2joint2": {"matrix": [[-0.29002249240875244, 0.0012475138064473867, -0.9570188522338867, -2.6211369037628174], [0.7446566224098206, 0.6284344792366028, -0.2248474657535553, -0.3970775008201599], [0.601143479347229, -0.7778612375259399, -0.18318906426429749, 0.24201016128063202], [0.0, 0.0, 0.0, 1.0]]}, "finger2joint3": {"matrix": [[-0.20128512382507324, 0.9046211838722229, -0.37569189071655273, -2.6206634044647217], [0.8289142847061157, 0.3616631031036377, 0.4267323911190033, -0.15851348638534546], [0.5219053626060486, -0.22552157938480377, -0.8226509094238281, -0.05327874422073364], [0.0, 0.0, 0.0, 1.0]]}, "Bone.002": {"matrix": [[-0.1732911616563797, -0.9238939881324768, -0.341159462928772, -1.3022630214691162], [0.5212126970291138, 0.20788420736789703, -0.8277205228805542, -0.6953951716423035], [0.8356480002403259, -0.32125324010849, 0.4455207288265228, 0.23436930775642395], [0.0, 0.0, 0.0, 1.0]]}, "finger3joint1": {"matrix": [[-0.09705404937267303, -0.6754536628723145, -0.7309873700141907, -1.6916937828063965], [0.5773314833641052, 0.5600550174713135, -0.5941603779792786, -0.6077699065208435], [0.8107213973999023, -0.47968757152557373, 0.33560505509376526, 0.0989578366279602], [0.0, 0.0, 0.0, 1.0]]}, "finger3joint2": {"matrix": [[-0.17420631647109985, -0.01072291936725378, -0.984650731086731, -2.284188985824585], [0.6812347173690796, 0.7207212448120117, -0.12837421894073486, -0.11650002002716064], [0.7110355496406555, -0.693141758441925, -0.11824936419725418, -0.32181528210639954], [0.0, 0.0, 0.0, 1.0]]}, "finger3joint3": {"matrix": [[-0.00645684776827693, 0.3390481173992157, -0.9407467246055603, -2.2911276817321777], [0.7280280590057373, 0.6465185880661011, 0.22801032662391663, 0.3498644530773163], [0.6855170726776123, -0.6834178566932678, -0.251010924577713, -0.7703336477279663], [0.0, 0.0, 0.0, 1.0]]}, "Bone.003": {"matrix": [[-0.7745433449745178, -0.4504595100879669, 0.4440367817878723, -1.3022632598876953], [0.009312770329415798, -0.7100569009780884, -0.7040826678276062, -0.6953952312469482], [0.6324521899223328, -0.541207492351532, 0.5541648268699646, 0.23436929285526276], [0.0, 0.0, 0.0, 1.0]]}, "finger4joint1": {"matrix": [[-0.3780879080295563, -0.8670034408569336, -0.32458293437957764, -1.4953389167785645], [0.7235773205757141, -0.05804881826043129, -0.6877977848052979, -0.999739408493042], [0.5774818062782288, -0.49490901827812195, 0.6492916941642761, 0.002397209405899048], [0.0, 0.0, 0.0, 1.0]]}, "finger4joint2": {"matrix": [[-0.4040601849555969, -0.15400366485118866, -0.9016749262809753, -2.356584310531616], [0.7086400389671326, 0.570605993270874, -0.4150152802467346, -1.0574026107788086], [0.5784153342247009, -0.8066543340682983, -0.12142603099346161, -0.4892251193523407], [0.0, 0.0, 0.0, 1.0]]}, "finger4joint3": {"matrix": [[-0.3766264021396637, 0.5440239310264587, -0.7497932314872742, -2.42081356048584], [0.6647502779960632, 0.7224313020706177, 0.1902620494365692, -0.8194241523742676], [0.6451815962791443, -0.4267677068710327, -0.6337268948554993, -0.825650691986084], [0.0, 0.0, 0.0, 1.0]]}}