{"root": {"matrix": [[0.4348733723163605, -0.8945109844207764, 0.10361085087060928, -5.960464477539063e-08], [-0.439362496137619, -0.3112068176269531, -0.842680811882019, 0.0], [0.7860316038131714, 0.3209366798400879, -0.5283501744270325, 0.0], [0.0, 0.0, 0.0, 1.0]]}, "carpals": {"matrix": [[-0.4004071354866028, -0.4794841408729553, -0.7808769941329956, 0.09624424576759338], [0.7459195852279663, 0.324416846036911, -0.5816848874092102, -1.2034815549850464], [0.5322386026382446, -0.8153823018074036, 0.22775773704051971, 2.1511285305023193], [0.0, 0.0, 0.0, 1.0]]}, "metacarpals": {"matrix": [[-0.549945056438446, -0.6920535564422607, -0.467570424079895, -0.3707704544067383], [0.5415937900543213, 0.13067437708377838, -0.8304216265678406, -0.8875014781951904], [0.6357959508895874, -0.7099195718765259, 0.30294808745384216, 1.356951117515564], [0.0, 0.0, 0.0, 1.0]]}, "finger5joint1": {"matrix": [[-0.6955813765525818, -0.6693422198295593, -0.26105034351348877, -0.4768643379211426], [0.5788022875785828, -0.3068220317363739, -0.7555447220802307, -0.566352367401123], [0.42562228441238403, -0.6766395568847656, 0.600836455821991, 0.7156383991241455], [0.0, 0.0, 0.0, 1.0]]}, "finger5joint2": {"matrix": [[0.06127810478210449, -0.9518155455589294, 0.30048537254333496, -1.1838719844818115], [-0.7061528563499451, -0.2541041374206543, -0.6608923673629761, -0.8904399871826172], [0.7054023146629333, -0.17169028520584106, -0.6876987814903259, 0.00092276930809021], [0.0, 0.0, 0.0, 1.0]]}, "finger5joint3": {"matrix": [[-0.04448290169239044, -0.992594301700592, 0.11303628236055374, -1.8380882740020752], [-0.6893303394317627, -0.051399704068899155, -0.7226210236549377, -1.0650945901870728], [0.7230796217918396, -0.11006347835063934, -0.6819394826889038, -0.11708599328994751], [0.0, 0.0, 0.0, 1.0]]}, "Bone": {"matrix": [[0.6358352899551392, -0.5757214426994324, -0.514060378074646, -1.4512581825256348], [0.025254465639591217, 0.6811946630477905, -0.7316663861274719, -0.6834825277328491], [0.7714112997055054, 0.4522372782230377, 0.44766709208488464, 0.24856948852539062], [0.0, 0.0, 0.0, 1.0]]}, "finger1joint1": {"matrix": [[-0.4720004200935364, -0.6642426252365112, -0.5796525478363037, -1.9303662776947021], [0.4942249357700348, 0.34510141611099243, -0.7979012727737427, -0.11660074442625046], [0.7300392389297485, -0.6630884408950806, 0.16539719700813293, 0.6249158382415771], [0.0, 0.0, 0.0, 1.0]]}, "finger1joint2": {"matrix": [[-0.25972893834114075, -0.31026512384414673, -0.9144814014434814, -2.305781841278076], [0.7066832184791565, 0.584320604801178, -0.39895883202552795, 0.07844308018684387], [0.6581335663795471, -0.749869704246521, 0.06749419122934341, 0.250152587890625], [0.0, 0.0, 0.0, 1.0]]}, "finger1joint3": {"matrix": [[-0.3394474387168884, 0.7211952805519104, -0.6038646697998047, -2.4387874603271484], [0.6407310366630554, 0.6472915410995483, 0.4128890037536621, 0.3289317488670349], [0.6886504292488098, -0.24676065146923065, -0.6818135380744934, -0.07130422443151474], [0.0, 0.0, 0.0, 1.0]]}, "Bone.001": {"matrix": [[0.3382423222064972, -0.9025660157203674, -0.26639524102211, -1.4512579441070557], [0.16775286197662354, 0.3363749086856842, -0.9266663789749146, -0.6834825277328491], [0.9259864091873169, 0.2687493860721588, 0.2651841640472412, 0.2485695630311966], [0.0, 0.0, 0.0, 1.0]]}, "finger2joint1": {"matrix": [[-0.3161468505859375, -0.23149912059307098, -0.9200320839881897, -2.0233798027038574], [0.21144525706768036, 0.9281846880912781, -0.30620867013931274, -0.47026005387306213], [0.9248469471931458, -0.29134321212768555, -0.24449333548545837, 0.418925404548645], [0.0, 0.0, 0.0, 1.0]]}, "finger2joint2": {"matrix": [[-0.24940527975559235, -0.07326851785182953, -0.9656233191490173, -2.223661422729492], [0.32190513610839844, 0.9341591000556946, -0.15402419865131378, 0.33275794982910156], [0.9133313298225403, -0.34925341606140137, -0.20939870178699493, 0.1668701171875], [0.0, 0.0, 0.0, 1.0]]}, "finger2joint3": {"matrix": [[-0.1688774973154068, 0.17827220261096954, -0.969380795955658, -2.2514750957489014], [0.439392626285553, 0.8939878940582275, 0.08785980194807053, 0.6873801946640015], [0.8822779655456543, -0.4111011326313019, -0.22930589318275452, 0.03428778052330017], [0.0, 0.0, 0.0, 1.0]]}, "Bone.002": {"matrix": [[-0.3827343285083771, -0.908381998538971, -0.16839323937892914, -1.4512580633163452], [0.36934101581573486, 0.01662534289062023, -0.929145097732544, -0.6834825873374939], [0.8468185663223267, -0.41781023144721985, 0.3291395306587219, 0.2485695630311966], [0.0, 0.0, 0.0, 1.0]]}, "finger3joint1": {"matrix": [[-0.37543055415153503, -0.6030808091163635, -0.7038075923919678, -1.8341501951217651], [0.45756641030311584, 0.5397698283195496, -0.7065984010696411, -0.6764748096466064], [0.8060304522514343, -0.5873172283172607, 0.07330334931612015, 0.07245832681655884], [0.0, 0.0, 0.0, 1.0]]}, "finger3joint2": {"matrix": [[-0.43847912549972534, 0.07256143540143967, -0.8958073258399963, -2.363161563873291], [0.5642219185829163, 0.7980652451515198, -0.21153081953525543, -0.20299869775772095], [0.6995640397071838, -0.5981858372688293, -0.39087575674057007, -0.4427255094051361], [0.0, 0.0, 0.0, 1.0]]}, "finger3joint3": {"matrix": [[-0.27744415402412415, 0.4159156084060669, -0.866047739982605, -2.316208600997925], [0.6306491494178772, 0.7588822245597839, 0.16241705417633057, 0.31341367959976196], [0.7247803807258606, -0.5011105537414551, -0.4728441834449768, -0.8297997713088989], [0.0, 0.0, 0.0, 1.0]]}, "Bone.003": {"matrix": [[-0.8133844137191772, -0.20127741992473602, 0.545795738697052, -1.4512581825256348], [-0.24504642188549042, -0.7323809862136841, -0.6352717280387878, -0.6834825277328491], [0.5275963544845581, -0.6504656672477722, 0.5463849306106567, 0.2485695630311966], [0.0, 0.0, 0.0, 1.0]]}, "finger4joint1": {"matrix": [[-0.5627527236938477, -0.7975937724113464, -0.21714754402637482, -1.537529468536377], [0.5463278889656067, -0.16172879934310913, -0.8218085169792175, -0.9973952770233154], [0.62035071849823, -0.5811089277267456, 0.5267610549926758, -0.030232608318328857], [0.0, 0.0, 0.0, 1.0]]}, "finger4joint2": {"matrix": [[-0.5849763751029968, -0.14059124886989594, -0.7987716197967529, -2.3298263549804688], [0.5265058279037476, 0.683304488658905, -0.5058519840240479, -1.1580500602722168], [0.6169229745864868, -0.7164694666862488, -0.3256949782371521, -0.6074824929237366], [0.0, 0.0, 0.0, 1.0]]}, "finger4joint3": {"matrix": [[-0.5595172643661499, 0.46151968836784363, -0.6884325742721558, -2.3884620666503906], [0.47522661089897156, 0.8591614961624146, 0.1897387057542801, -0.8730691075325012], [0.6790432929992676, -0.22099938988685608, -0.7000423073768616, -0.9062952399253845], [0.0, 0.0, 0.0, 1.0]]}}