{"root": {"matrix": [[0.42531007528305054, -0.8818551898002625, 0.2035750448703766, 0.0], [-0.25638049840927124, -0.3331129252910614, -0.9073614478111267, -2.9802322387695312e-08], [0.8679748773574829, 0.3337172865867615, -0.3677668273448944, 0.0], [0.0, 0.0, 0.0, 1.0]]}, "carpals": {"matrix": [[-0.5151022672653198, -0.46527189016342163, -0.7198551297187805, 0.07576629519462585], [0.7266376614570618, 0.20839689671993256, -0.6546511650085449, -0.8038427829742432], [0.4546066224575043, -0.8602862358093262, 0.2307382971048355, 2.330897092819214], [0.0, 0.0, 0.0, 1.0]]}, "metacarpals": {"matrix": [[-0.6806984543800354, -0.6439018249511719, -0.3493419289588928, -0.3774057626724243], [0.4458780288696289, 0.014203738421201706, -0.8949809074401855, -0.6008654832839966], [0.581242024898529, -0.7649760842323303, 0.27743303775787354, 1.492983341217041], [0.0, 0.0, 0.0, 1.0]]}, "finger5joint1": {"matrix": [[-0.7195489406585693, -0.6494371294975281, -0.24592769145965576, -0.4817137122154236], [0.4534417688846588, -0.17116625607013702, -0.8746955990791321, -0.30283012986183167], [0.5259655714035034, -0.7409002780914307, 0.41764429211616516, 0.8403200507164001], [0.0, 0.0, 0.0, 1.0]]}, "finger5joint2": {"matrix": [[-0.023395203053951263, -0.9566991925239563, 0.2901355028152466, -1.1676959991455078], [-0.8617017865180969, -0.12784573435783386, -0.4910448491573334, -0.4836282730102539], [0.5068747401237488, -0.26149824261665344, -0.821398913860321, 0.05772764980792999], [0.0, 0.0, 0.0, 1.0]]}, "finger5joint3": {"matrix": [[-0.12854355573654175, -0.9911108016967773, 0.03428167104721069, -1.8252692222595215], [-0.841526985168457, 0.09072282910346985, -0.5325422286987305, -0.5715011954307556], [0.5246981978416443, -0.09730358421802521, -0.8457087874412537, -0.1220092624425888], [0.0, 0.0, 0.0, 1.0]]}, "Bone": {"matrix": [[0.5582406520843506, -0.7137979865074158, -0.4229179322719574, -1.3827152252197266], [0.13058026134967804, 0.5789721608161926, -0.8048228025436401, -0.5786895751953125], [0.8193386793136597, 0.39406031370162964, 0.4164136052131653, 0.29864341020584106], [0.0, 0.0, 0.0, 1.0]]}, "finger1joint1": {"matrix": [[-0.6040152311325073, -0.6546266674995422, -0.4545648992061615, -1.976729154586792], [0.4121456742286682, 0.2316059172153473, -0.881189227104187, -0.09687606245279312], [0.6821301579475403, -0.7195985913276672, 0.12990796566009521, 0.6265755295753479], [0.0, 0.0, 0.0, 1.0]]}, "finger1joint2": {"matrix": [[-0.4237249493598938, -0.17076271772384644, -0.8895487785339355, -2.346710205078125], [0.6561453938484192, 0.6191635131835938, -0.43140435218811035, 0.03402256965637207], [0.6244441866874695, -0.7664700150489807, -0.15030981600284576, 0.21987399458885193], [0.0, 0.0, 0.0, 1.0]]}, "finger1joint3": {"matrix": [[-0.5050822496414185, 0.6684069633483887, -0.5460072159767151, -2.4199130535125732], [0.5859230756759644, 0.7300618886947632, 0.3517153859138489, 0.29944777488708496], [0.6337083578109741, -0.1422729641199112, -0.7603762149810791, -0.10869908332824707], [0.0, 0.0, 0.0, 1.0]]}, "Bone.001": {"matrix": [[0.22983384132385254, -0.9641282558441162, -0.13278867304325104, -1.3827152252197266], [0.22287830710411072, 0.18495693802833557, -0.9571394324302673, -0.5786895751953125], [0.9473655223846436, 0.19038744270801544, 0.2573924958705902, 0.29864341020584106], [0.0, 0.0, 0.0, 1.0]]}, "finger2joint1": {"matrix": [[-0.44813039898872375, -0.27331534028053284, -0.8511624932289124, -1.9938602447509766], [0.1731436401605606, 0.9075528979301453, -0.3825816512107849, -0.46144840121269226], [0.8770405650138855, -0.31881967186927795, -0.35937929153442383, 0.41932690143585205], [0.0, 0.0, 0.0, 1.0]]}, "finger2joint2": {"matrix": [[-0.3904268443584442, -0.06978439539670944, -0.9179851412773132, -2.230318784713745], [0.28911709785461426, 0.937383770942688, -0.1942230612039566, 0.3237200677394867], [0.8740584254264832, -0.3412349224090576, -0.3458039462566376, 0.14350038766860962], [0.0, 0.0, 0.0, 1.0]]}, "finger2joint3": {"matrix": [[-0.3122575283050537, 0.189613938331604, -0.9308820962905884, -2.256809949874878], [0.41091474890708923, 0.9104295969009399, 0.047609537839889526, 0.6795663833618164], [0.8565303087234497, -0.36764663457870483, -0.36220359802246094, 0.013962015509605408], [0.0, 0.0, 0.0, 1.0]]}, "Bone.002": {"matrix": [[-0.5054517984390259, -0.8618689775466919, -0.041231997311115265, -1.3827152252197266], [0.3037478029727936, -0.13300247490406036, -0.9434232711791992, -0.5786895751953125], [0.807623565196991, -0.48937907814979553, 0.32901695370674133, 0.29864341020584106], [0.0, 0.0, 0.0, 1.0]]}, "finger3joint1": {"matrix": [[-0.5008330941200256, -0.6227426528930664, -0.6011302471160889, -1.7460016012191772], [0.3850785791873932, 0.46167710423469543, -0.7991048693656921, -0.6347514390945435], [0.7751651406288147, -0.6317003965377808, 0.008581584319472313, 0.09236520528793335], [0.0, 0.0, 0.0, 1.0]]}, "finger3joint2": {"matrix": [[-0.5693005323410034, 0.0022394743282347918, -0.8221263289451599, -2.292259931564331], [0.4839416444301605, 0.809302031993866, -0.3329122066497803, -0.22977685928344727], [0.6646032929420471, -0.5873880982398987, -0.4618198871612549, -0.46175068616867065], [0.0, 0.0, 0.0, 1.0]]}, "finger3joint3": {"matrix": [[-0.42211857438087463, 0.3378829061985016, -0.8412198424339294, -2.290811061859131], [0.572581946849823, 0.818793535232544, 0.041557248681783676, 0.293906569480896], [0.7028271555900574, -0.4641251266002655, -0.5390934944152832, -0.8418379426002502], [0.0, 0.0, 0.0, 1.0]]}, "Bone.003": {"matrix": [[-0.8029327392578125, -0.025744052603840828, 0.5955132246017456, -1.3827152252197266], [-0.37348315119743347, -0.7569040060043335, -0.536289632320404, -0.5786895751953125], [0.464552640914917, -0.6530188918113708, 0.5981279611587524, 0.29864341020584106], [0.0, 0.0, 0.0, 1.0]]}, "finger4joint1": {"matrix": [[-0.6209321022033691, -0.7762496471405029, -0.10899227857589722, -1.393749713897705], [0.4593071937561035, -0.24762816727161407, -0.8530632257461548, -0.9031134247779846], [0.6352008581161499, -0.5797553658485413, 0.5102972984313965, 0.01874685287475586], [0.0, 0.0, 0.0, 1.0]]}, "finger4joint2": {"matrix": [[-0.6405518054962158, -0.30803215503692627, -0.7034265995025635, -2.164844274520874], [0.436951607465744, 0.6070687770843506, -0.6637322306632996, -1.149096965789795], [0.6314795613288879, -0.7325183153152466, -0.2542639374732971, -0.557158350944519], [0.0, 0.0, 0.0, 1.0]]}, "finger4joint3": {"matrix": [[-0.6023704409599304, 0.21849222481250763, -0.7677306532859802, -2.2933130264282227], [0.39463871717453003, 0.9175549149513245, -0.048506829887628555, -0.8959110975265503], [0.69383704662323, -0.33219531178474426, -0.638933539390564, -0.8626646399497986], [0.0, 0.0, 0.0, 1.0]]}}