{"root": {"matrix": [[0.4283525049686432, -0.8733975887298584, 0.23171277344226837, 0.0], [-0.20676004886627197, -0.344362735748291, -0.9157863259315491, 0.0], [0.8796387910842896, 0.34437039494514465, -0.32809242606163025, 0.0], [0.0, 0.0, 0.0, 1.0]]}, "carpals": {"matrix": [[-0.5360629558563232, -0.4855174720287323, -0.6905859708786011, 0.08776161074638367], [0.7238407731056213, 0.15658459067344666, -0.6719639301300049, -0.7016918063163757], [0.43438559770584106, -0.8600893616676331, 0.26749810576438904, 2.363241672515869], [0.0, 0.0, 0.0, 1.0]]}, "metacarpals": {"matrix": [[-0.6987684369087219, -0.6320258378982544, -0.3350607752799988, -0.3851293921470642], [0.4345465898513794, -0.002969656139612198, -0.9006443619728088, -0.5491793751716614], [0.5682356953620911, -0.7749413847923279, 0.2767196297645569, 1.525519847869873], [0.0, 0.0, 0.0, 1.0]]}, "finger5joint1": {"matrix": [[-0.6769071817398071, -0.6610235571861267, -0.3237966001033783, -0.48536431789398193], [0.39168229699134827, 0.04897025227546692, -0.9187963008880615, -0.2566262185573578], [0.6232026815414429, -0.748765230178833, 0.2257627546787262, 0.8697452545166016], [0.0, 0.0, 0.0, 1.0]]}, "finger5joint2": {"matrix": [[-0.22456315159797668, -0.9400679469108582, 0.25659865140914917, -1.1835851669311523], [-0.9358845353126526, 0.1347060352563858, -0.3255365192890167, -0.20490030944347382], [0.27146095037460327, -0.31325003504753113, -0.9100455641746521, 0.0788453072309494], [0.0, 0.0, 0.0, 1.0]]}, "finger5joint3": {"matrix": [[-0.32512757182121277, -0.9448336958885193, -0.039757389575242996, -1.8297268152236938], [-0.8998740315437317, 0.3220335841178894, -0.29414382576942444, -0.11231213063001633], [0.290720134973526, -0.0598573312163353, -0.9549337029457092, -0.13646243512630463], [0.0, 0.0, 0.0, 1.0]]}, "Bone": {"matrix": [[0.5425513386726379, -0.7316830158233643, -0.4126472771167755, -1.3718973398208618], [0.14621394872665405, 0.5659915208816528, -0.811341404914856, -0.5538158416748047], [0.8271996378898621, 0.3798598051071167, 0.41406160593032837, 0.3156212270259857], [0.0, 0.0, 0.0, 1.0]]}, "finger1joint1": {"matrix": [[-0.6231817603111267, -0.6574111580848694, -0.42362111806869507, -1.9807946681976318], [0.40216803550720215, 0.19518017768859863, -0.8945196270942688, -0.08280466496944427], [0.670749843120575, -0.7278150916099548, 0.14275692403316498, 0.6317358613014221], [0.0, 0.0, 0.0, 1.0]]}, "finger1joint2": {"matrix": [[-0.451342910528183, -0.1437952220439911, -0.8806885480880737, -2.352349281311035], [0.651430606842041, 0.6214035749435425, -0.43531104922294617, 0.02750694751739502], [0.6098588705062866, -0.7701818943023682, -0.18679344654083252, 0.22039052844047546], [0.0, 0.0, 0.0, 1.0]]}, "finger1joint3": {"matrix": [[-0.5326315760612488, 0.6518659591674805, -0.5397908687591553, -2.413991928100586], [0.5807579159736633, 0.7454430460929871, 0.32716184854507446, 0.2938924729824066], [0.6156492829322815, -0.13923101127147675, -0.7756226062774658, -0.10977376997470856], [0.0, 0.0, 0.0, 1.0]]}, "Bone.001": {"matrix": [[0.2103465050458908, -0.9706024527549744, -0.11698228865861893, -1.3718973398208618], [0.23231416940689087, 0.1658574640750885, -0.9583950638771057, -0.5538158416748047], [0.949623167514801, 0.17441853880882263, 0.2603721022605896, 0.31562119722366333], [0.0, 0.0, 0.0, 1.0]]}, "finger2joint1": {"matrix": [[-0.4624171257019043, -0.3026449680328369, -0.8334122896194458, -1.9871463775634766], [0.1703178882598877, 0.892120361328125, -0.4184648096561432, -0.4486815333366394], [0.8701505661010742, -0.3354501724243164, -0.3609859347343445, 0.42618227005004883], [0.0, 0.0, 0.0, 1.0]]}, "finger2joint2": {"matrix": [[-0.4088863134384155, -0.05281345546245575, -0.9110556840896606, -2.248979330062866], [0.28823554515838623, 0.9397464990615845, -0.18383824825286865, 0.32313552498817444], [0.8658707737922668, -0.3377673923969269, -0.3690267503261566, 0.1359679400920868], [0.0, 0.0, 0.0, 1.0]]}, "finger2joint3": {"matrix": [[-0.32919350266456604, 0.21548807621002197, -0.919345498085022, -2.2690279483795166], [0.409385621547699, 0.9099206924438477, 0.0666886642575264, 0.6798785924911499], [0.8509023785591125, -0.3544132709503174, -0.38775762915611267, 0.007745891809463501], [0.0, 0.0, 0.0, 1.0]]}, "Bone.002": {"matrix": [[-0.5241802334785461, -0.8511835336685181, -0.026859046891331673, -1.3718973398208618], [0.2972123622894287, -0.1532927304506302, -0.9424256086349487, -0.5538158416748047], [0.7980601191520691, -0.501983642578125, 0.33333510160446167, 0.31562119722366333], [0.0, 0.0, 0.0, 1.0]]}, "finger3joint1": {"matrix": [[-0.5182510614395142, -0.6260814070701599, -0.5826128125190735, -1.7306796312332153], [0.3776358664035797, 0.4437013268470764, -0.8127239346504211, -0.6184302568435669], [0.7673377990722656, -0.6412103176116943, 0.006482022348791361, 0.1040300726890564], [0.0, 0.0, 0.0, 1.0]]}, "finger3joint2": {"matrix": [[-0.5877323746681213, -0.009917276911437511, -0.8089945316314697, -2.2798666954040527], [0.47428417205810547, 0.8058677911758423, -0.354445219039917, -0.22922363877296448], [0.6554580926895142, -0.5920120477676392, -0.46893104910850525, -0.4584278166294098], [0.0, 0.0, 0.0, 1.0]]}, "finger3joint3": {"matrix": [[-0.44307634234428406, 0.32401853799819946, -0.8358798623085022, -2.2862839698791504], [0.5665247440338135, 0.8238245248794556, 0.019046563655138016, 0.2922375500202179], [0.6947900652885437, -0.4651074707508087, -0.548581600189209, -0.841507077217102], [0.0, 0.0, 0.0, 1.0]]}, "Bone.003": {"matrix": [[-0.8022024035453796, 0.00011349959822837263, 0.5970519781112671, -1.3718973398208618], [-0.3877454400062561, -0.7605177164077759, -0.5208323001861572, -0.5538158416748047], [0.4540095031261444, -0.6493173241615295, 0.6101329922676086, 0.3156212270259857], [0.0, 0.0, 0.0, 1.0]]}, "finger4joint1": {"matrix": [[-0.630501389503479, -0.7698161602020264, -0.09925033152103424, -1.3718485832214355], [0.4507109522819519, -0.2590065598487854, -0.8542686700820923, -0.8797883987426758], [0.6319237351417542, -0.5833508372306824, 0.51026850938797, 0.03731125593185425], [0.0, 0.0, 0.0, 1.0]]}, "finger4joint2": {"matrix": [[-0.6497811675071716, -0.33599475026130676, -0.6818293929100037, -2.136552572250366], [0.4280751049518585, 0.5794768333435059, -0.6935113668441772, -1.1370749473571777], [0.6281208395957947, -0.7425048351287842, -0.23270224034786224, -0.5421656370162964], [0.0, 0.0, 0.0, 1.0]]}, "finger4joint3": {"matrix": [[-0.6095584034919739, 0.1760432869195938, -0.7729467749595642, -2.2766835689544678], [0.388523131608963, 0.9162428975105286, -0.09771595150232315, -0.8953967094421387], [0.6910050511360168, -0.3598712682723999, -0.6269005537033081, -0.8518368005752563], [0.0, 0.0, 0.0, 1.0]]}}