{"root": {"matrix": [[0.4330969750881195, -0.634931206703186, 0.6397572755813599, 0.0], [0.8834845423698425, 0.1584317982196808, -0.4408565163612366, 0.0], [0.17855575680732727, 0.7561492919921875, 0.6295682191848755, -5.960464477539063e-08], [0.0, 0.0, 0.0, 1.0]]}, "carpals": {"matrix": [[-0.49641671776771545, -0.7636454701423645, -0.4128144383430481, 0.28603094816207886], [0.8368774652481079, -0.29463332891464233, -0.461331844329834, 2.2026166915893555], [0.23066511750221252, -0.5744879841804504, 0.7853387594223022, 1.073150396347046], [0.0, 0.0, 0.0, 1.0]]}, "metacarpals": {"matrix": [[-0.8778358101844788, -0.4247928559780121, 0.22125789523124695, -0.4577552080154419], [0.22482919692993164, -0.7733575701713562, -0.5927644968032837, 1.9156455993652344], [0.42291370034217834, -0.47060465812683105, 0.7743868827819824, 0.5136024951934814], [0.0, 0.0, 0.0, 1.0]]}, "finger5joint1": {"matrix": [[-0.8000224828720093, -0.5240182876586914, 0.29217883944511414, -0.6371597647666931], [0.3472725749015808, -0.8015648722648621, -0.48671892285346985, 1.6787083148956299], [0.4892500638961792, -0.28792038559913635, 0.8232471942901611, -0.1477215588092804], [0.0, 0.0, 0.0, 1.0]]}, "finger5joint2": {"matrix": [[0.3947330713272095, -0.9047857522964478, 0.15983687341213226, -1.1906657218933105], [-0.40824759006500244, -0.32856422662734985, -0.8516918420791626, 0.832037627696991], [0.8231155872344971, 0.27093812823295593, -0.49907198548316956, -0.45184391736984253], [0.0, 0.0, 0.0, 1.0]]}, "finger5joint3": {"matrix": [[0.29914161562919617, -0.9542011022567749, -0.0037290824111551046, -1.812556505203247], [-0.3896268606185913, -0.1185782328248024, -0.9133069515228271, 0.6062039136886597], [0.8710365295410156, 0.2746613323688507, -0.4072541892528534, -0.26561862230300903], [0.0, 0.0, 0.0, 1.0]]}, "Bone": {"matrix": [[0.2638486921787262, -0.9601711630821228, 0.09195062518119812, -1.1209747791290283], [0.8461307883262634, 0.18463139235973358, -0.49997374415397644, 0.7082197666168213], [0.463083416223526, 0.20971977710723877, 0.8611451983451843, -0.2211420238018036], [0.0, 0.0, 0.0, 1.0]]}, "finger1joint1": {"matrix": [[-0.8105679750442505, -0.5855976343154907, 0.007400261238217354, -1.9200173616409302], [0.30852293968200684, -0.4377208650112152, -0.844519853591919, 0.8618676662445068], [0.4977881908416748, -0.6822575926780701, 0.5354729294776917, -0.0466158390045166], [0.0, 0.0, 0.0, 1.0]]}, "finger1joint2": {"matrix": [[-0.7624577879905701, -0.028656652197241783, -0.6464029550552368, -2.2509844303131104], [0.5596862435340881, 0.4720742106437683, -0.6810998916625977, 0.6144773364067078], [0.3246682584285736, -0.8810928463935852, -0.34389787912368774, -0.43221303820610046], [0.0, 0.0, 0.0, 1.0]]}, "finger1joint3": {"matrix": [[-0.8224336504936218, 0.2676168978214264, -0.5019800066947937, -2.2632689476013184], [0.4701339900493622, 0.8165796399116516, -0.334920197725296, 0.8168479204177856], [0.3202764689922333, -0.511447548866272, -0.7973983883857727, -0.8099230527877808], [0.0, 0.0, 0.0, 1.0]]}, "Bone.001": {"matrix": [[-0.06765327602624893, -0.8990208506584167, 0.43264779448509216, -1.1209747791290283], [0.7934700846672058, -0.3113667368888855, -0.5229299068450928, 0.7082197666168213], [0.6048371195793152, 0.3079153001308441, 0.7344112992286682, -0.2211420238018036], [0.0, 0.0, 0.0, 1.0]]}, "finger2joint1": {"matrix": [[-0.822706401348114, -0.3367059826850891, 0.4580206274986267, -1.6908493041992188], [0.3324781060218811, -0.9385393261909485, -0.0927470475435257, 0.5108494758605957], [0.46109893918037415, 0.07597832381725311, 0.8840897679328918, -0.0259595587849617], [0.0, 0.0, 0.0, 1.0]]}, "finger2joint2": {"matrix": [[-0.8885762691497803, -0.3091118633747101, 0.33894219994544983, -1.9821503162384033], [0.25338464975357056, -0.9466612339019775, -0.19906888902187347, -0.3011268377304077], [0.38239815831184387, -0.09100506454706192, 0.9195050001144409, 0.039773013442754745], [0.0, 0.0, 0.0, 1.0]]}, "finger2joint3": {"matrix": [[-0.9448738098144531, -0.2581177055835724, 0.2014654278755188, -2.099493980407715], [0.15989992022514343, -0.9006707668304443, -0.4040096700191498, -0.6604949831962585], [0.28573620319366455, -0.3495238423347473, 0.8922934532165527, 0.0052259862422943115], [0.0, 0.0, 0.0, 1.0]]}, "Bone.002": {"matrix": [[-0.6821439862251282, -0.5442981123924255, 0.48828160762786865, -1.1209747791290283], [0.35975906252861023, -0.8311751484870911, -0.42393529415130615, 0.7082197666168213], [0.636594831943512, -0.11352107673883438, 0.7627973556518555, -0.2211419939994812], [0.0, 0.0, 0.0, 1.0]]}, "finger3joint1": {"matrix": [[-0.3399852216243744, -0.911707878112793, 0.23064817488193512, -1.3504016399383545], [0.6665318012237549, -0.4066244661808014, -0.6248133778572083, 0.35787105560302734], [0.663434624671936, -0.058692798018455505, 0.7459286451339722, -0.2689923048019409], [0.0, 0.0, 0.0, 1.0]]}, "finger3joint2": {"matrix": [[-0.4885578155517578, -0.3227025866508484, -0.8106627464294434, -2.1501352787017822], [0.617580235004425, 0.5284268856048584, -0.582545816898346, 0.0011875927448272705], [0.6163651347160339, -0.7852566242218018, -0.05887214094400406, -0.3204765319824219], [0.0, 0.0, 0.0, 1.0]]}, "finger3joint3": {"matrix": [[-0.3606760799884796, 0.5471743941307068, -0.7553228735923767, -2.358949661254883], [0.7321944832801819, 0.6677614450454712, 0.13411112129688263, 0.3431221544742584], [0.5777577757835388, -0.5046728253364563, -0.6414836049079895, -0.8286006450653076], [0.0, 0.0, 0.0, 1.0]]}, "Bone.003": {"matrix": [[-0.47250545024871826, 0.5111787915229797, 0.7179377675056458, -1.1209747791290283], [-0.415556401014328, -0.847592830657959, 0.32999876141548157, 0.7082197666168213], [0.7772073745727539, -0.14241743087768555, 0.6129158735275269, -0.2211420238018036], [0.0, 0.0, 0.0, 1.0]]}, "finger4joint1": {"matrix": [[-0.6597799062728882, -0.7064283490180969, 0.25622057914733887, -0.9018736481666565], [0.5009908676147461, -0.6676428914070129, -0.5506911873817444, 0.3449249863624573], [0.5600879192352295, -0.234970822930336, 0.7944117188453674, -0.2821848690509796], [0.0, 0.0, 0.0, 1.0]]}, "finger4joint2": {"matrix": [[-0.6707293391227722, -0.7412227988243103, -0.026653345674276352, -1.6036105155944824], [0.4748273491859436, -0.40150779485702515, -0.7831539511680603, -0.3182840943336487], [0.5697901844978333, -0.5379401445388794, 0.6212561726570129, -0.5155953168869019], [0.0, 0.0, 0.0, 1.0]]}, "finger4joint3": {"matrix": [[-0.6063311696052551, -0.7527953386306763, -0.2562442719936371, -1.9127470254898071], [0.5179651975631714, -0.1293681561946869, -0.8455622792243958, -0.4857380986213684], [0.6033856272697449, -0.6454165577888489, 0.4683619737625122, -0.7399500608444214], [0.0, 0.0, 0.0, 1.0]]}}