{"root": {"matrix": [[0.517419159412384, -0.3104303181171417, 0.7974399328231812, 0.0], [0.5544131398200989, 0.8314601182937622, -0.03605729341506958, 0.0], [-0.6518462300300598, 0.4607679545879364, 0.6023200154304504, 0.0], [0.0, 0.0, 0.0, 1.0]]}, "carpals": {"matrix": [[-0.526947021484375, -0.8119100332260132, -0.25125405192375183, 0.7766224145889282], [0.8495894074440002, -0.49524548649787903, -0.1814647763967514, 2.0716912746429443], [0.0229006577283144, -0.30908527970314026, 0.9507584571838379, -1.090842604637146], [0.0, 0.0, 0.0, 1.0]]}, "metacarpals": {"matrix": [[-0.25355350971221924, -0.6753643155097961, 0.6925267577171326, -0.014173030853271484], [0.4875379502773285, -0.7075636386871338, -0.5115273594856262, 1.589325189590454], [0.8354742527008057, 0.2079334408044815, 0.5086711049079895, -1.3918898105621338], [0.0, 0.0, 0.0, 1.0]]}, "finger5joint1": {"matrix": [[-0.14257651567459106, -0.7294986844062805, 0.6689568161964417, -0.6399758458137512], [0.5303917527198792, -0.6269422173500061, -0.570638120174408, 1.3104199171066284], [0.8356772065162659, 0.27344948053359985, 0.4763074219226837, -1.6290764808654785], [0.0, 0.0, 0.0, 1.0]]}, "finger5joint2": {"matrix": [[0.7013441324234009, -0.7018293738365173, 0.12470457702875137, -1.4105250835418701], [-0.563816487789154, -0.6532246470451355, -0.5053791403770447, 0.6481981873512268], [0.4361502528190613, 0.28413400053977966, -0.8538386225700378, -1.3402392864227295], [0.0, 0.0, 0.0, 1.0]]}, "finger5joint3": {"matrix": [[0.6248278021812439, -0.7806682586669922, 0.01210591197013855, -1.8929169178009033], [-0.5936541557312012, -0.48510265350341797, -0.6420667171478271, 0.19921401143074036], [0.5071139335632324, 0.3939943313598633, -0.7665529251098633, -1.1449439525604248], [0.0, 0.0, 0.0, 1.0]]}, "Bone": {"matrix": [[0.5670768618583679, -0.46954986453056335, 0.6767174005508423, -1.0686042308807373], [0.8150734901428223, 0.4382587969303131, -0.37892499566078186, 0.48462194204330444], [-0.1186530739068985, 0.7664542198181152, 0.6312442421913147, -1.0672481060028076], [0.0, 0.0, 0.0, 1.0]]}, "finger1joint1": {"matrix": [[-0.1488574743270874, -0.9423105120658875, 0.2998198866844177, -1.4593579769134521], [0.5642249584197998, -0.32993555068969727, -0.7568305134773254, 0.8493354916572571], [0.8120908737182617, 0.056505899876356125, 0.5807886123657227, -0.4294143319129944], [0.0, 0.0, 0.0, 1.0]]}, "finger1joint2": {"matrix": [[-0.21419528126716614, -0.4186828136444092, -0.8825105428695679, -1.991931438446045], [0.7743420004844666, 0.4779419004917145, -0.4146876633167267, 0.6628630757331848], [0.5954115390777588, -0.772189199924469, 0.22183068096637726, -0.3974784314632416], [0.0, 0.0, 0.0, 1.0]]}, "finger1joint3": {"matrix": [[-0.2869633734226227, 0.01126941293478012, -0.95787513256073, -2.1714136600494385], [0.7103059887886047, 0.6734185218811035, -0.2048727571964264, 0.8677489757537842], [0.6427422761917114, -0.7391753792762756, -0.2012512981891632, -0.7285032272338867], [0.0, 0.0, 0.0, 1.0]]}, "Bone.001": {"matrix": [[0.4503801465034485, -0.382859468460083, 0.8065828680992126, -1.0686042308807373], [0.8645514845848083, -0.0385785773396492, -0.5010609030723572, 0.48462194204330444], [0.22295287251472473, 0.9230005145072937, 0.31362682580947876, -1.0672481060028076], [0.0, 0.0, 0.0, 1.0]]}, "finger2joint1": {"matrix": [[-0.18260188400745392, -0.21780619025230408, 0.9587578177452087, -1.3112925291061401], [0.5830827355384827, -0.8091472387313843, -0.07276648283004761, 0.46016761660575867], [0.791625440120697, 0.5457479357719421, 0.2747510075569153, -0.4821731150150299], [0.0, 0.0, 0.0, 1.0]]}, "finger2joint2": {"matrix": [[-0.28936704993247986, -0.7517549991607666, 0.5925628542900085, -1.4997273683547974], [0.5117403268814087, -0.6446483731269836, -0.5679348707199097, -0.2398652881383896], [0.8089427947998047, 0.13889655470848083, 0.5712435245513916, -0.010019879788160324], [0.0, 0.0, 0.0, 1.0]]}, "finger2joint3": {"matrix": [[-0.4254637062549591, -0.8965800404548645, -0.12298141419887543, -1.7851059436798096], [0.48310956358909607, -0.110110342502594, -0.8686083555221558, -0.48458436131477356], [0.7652356028556824, -0.42897507548332214, 0.47999441623687744, 0.04270753264427185], [0.0, 0.0, 0.0, 1.0]]}, "Bone.002": {"matrix": [[0.04311760142445564, -0.49102815985679626, 0.8700758218765259, -1.0686043500900269], [0.6005598902702332, -0.6832379102706909, -0.4153476655483246, 0.48462194204330444], [0.7984163761138916, 0.5404413342475891, 0.26543235778808594, -1.0672481060028076], [0.0, 0.0, 0.0, 1.0]]}, "finger3joint1": {"matrix": [[0.2349923849105835, -0.74778151512146, 0.6209678053855896, -1.2755775451660156], [0.7818085551261902, -0.2341846525669098, -0.5778692364692688, 0.1966303139925003], [0.5775414109230042, 0.6212728023529053, 0.5295904278755188, -0.8394465446472168], [0.0, 0.0, 0.0, 1.0]]}, "finger3joint2": {"matrix": [[0.08952673524618149, -0.43957141041755676, -0.8937346339225769, -1.9315177202224731], [0.7567643523216248, 0.6134161949157715, -0.22589412331581116, -0.008792102336883545], [0.6475281715393066, -0.6561231017112732, 0.3875690996646881, -0.2944776117801666], [0.0, 0.0, 0.0, 1.0]]}, "finger3joint3": {"matrix": [[0.2166251242160797, 0.10789724439382553, -0.9702737927436829, -2.2159554958343506], [0.8134632110595703, 0.5295613408088684, 0.24050424993038177, 0.38813745975494385], [0.5397695302963257, -0.8413815498352051, 0.026945704594254494, -0.7190418839454651], [0.0, 0.0, 0.0, 1.0]]}, "Bone.003": {"matrix": [[0.24458807706832886, 0.18595002591609955, 0.9516296982765198, -1.0686043500900269], [-0.17408692836761475, -0.9570697546005249, 0.23175668716430664, 0.48462194204330444], [0.9538712501525879, -0.2223512977361679, -0.20171627402305603, -1.067247986793518], [0.0, 0.0, 0.0, 1.0]]}, "finger4joint1": {"matrix": [[-0.1976904720067978, -0.5053836703300476, 0.8399437069892883, -0.9889023900032043], [0.5621211528778076, -0.7604220509529114, -0.32523494958877563, 0.07440322637557983], [0.8030803799629211, 0.4078541696071625, 0.4344152510166168, -1.1625521183013916], [0.0, 0.0, 0.0, 1.0]]}, "finger4joint2": {"matrix": [[-0.19296719133853912, -0.9809058904647827, -0.024225052446126938, -1.4909298419952393], [0.5381569862365723, -0.08515898883342743, -0.8385311961174011, -0.6809688210487366], [0.8204574584960938, -0.17484615743160248, 0.5443142652511597, -0.75740647315979], [0.0, 0.0, 0.0, 1.0]]}, "finger4joint3": {"matrix": [[-0.1103854775428772, -0.7853333950042725, -0.6091518998146057, -1.9000293016433716], [0.5555821657180786, 0.45943838357925415, -0.6929967403411865, -0.7164854407310486], [0.824101448059082, -0.41493093967437744, 0.3856017589569092, -0.8303283452987671], [0.0, 0.0, 0.0, 1.0]]}}