{"root": {"matrix": [[-0.05725495144724846, -0.995347797870636, 0.0774892196059227, -5.960464477539063e-08], [-0.34524714946746826, -0.05308797210454941, -0.9370090961456299, 0.0], [0.9367637038230896, -0.08040134608745575, -0.34060150384902954, 0.0], [0.0, 0.0, 0.0, 1.0]]}, "carpals": {"matrix": [[-0.15587562322616577, -0.6348008513450623, -0.7567895650863647, -1.112455129623413], [0.9864023923873901, -0.0596359483897686, -0.15314576029777527, -0.7273863554000854], [0.05208544060587883, -0.7703708410263062, 0.6354649066925049, 2.078061103820801], [0.0, 0.0, 0.0, 1.0]]}, "metacarpals": {"matrix": [[-0.10440030694007874, -0.4506671726703644, -0.8865661025047302, -1.7307472229003906], [0.9646298289299011, 0.1710750311613083, -0.20055530965328217, -0.7854713797569275], [0.24205328524112701, -0.876146137714386, 0.4168667197227478, 1.327724575996399], [0.0, 0.0, 0.0, 1.0]]}, "finger5joint1": {"matrix": [[-0.39720281958580017, -0.16034898161888123, -0.903613805770874, -1.6049059629440308], [0.7445183992385864, -0.631993293762207, -0.21511989831924438, -0.7746015787124634], [-0.536583423614502, -0.7582035660743713, 0.37041229009628296, 0.6137772798538208], [0.0, 0.0, 0.0, 1.0]]}, "finger5joint2": {"matrix": [[-0.8728185296058655, -0.47123321890830994, 0.12699033319950104, -1.7742782831192017], [-0.18357780575752258, 0.0759088397026062, -0.9800696969032288, -1.442158579826355], [0.45220181345939636, -0.8787356019020081, -0.15276283025741577, -0.187092125415802], [0.0, 0.0, 0.0, 1.0]]}, "finger5joint3": {"matrix": [[-0.9186607003211975, -0.31854310631752014, -0.2336498200893402, -2.098173141479492], [-0.12145302444696426, 0.7905407547950745, -0.60024493932724, -1.3899837732315063], [0.37591367959976196, -0.5230439305305481, -0.7649269700050354, -0.7910779118537903], [0.0, 0.0, 0.0, 1.0]]}, "Bone": {"matrix": [[0.5024768114089966, -0.03518407791852951, -0.8638743162155151, -2.434363842010498], [-0.002440272830426693, 0.9991098642349243, -0.04211133345961571, -0.5183757543563843], [0.8645870685577393, 0.02326829545199871, 0.5019437074661255, -0.04018285870552063], [0.0, 0.0, 0.0, 1.0]]}, "finger1joint1": {"matrix": [[-0.035512953996658325, -0.056572917848825455, -0.9977665543556213, -2.4636435508728027], [0.7405042052268982, 0.6689697504043579, -0.06428661942481995, 0.31307119131088257], [0.6711127758026123, -0.7411332130432129, 0.01813545823097229, -0.020819276571273804], [0.0, 0.0, 0.0, 1.0]]}, "finger1joint2": {"matrix": [[0.2710894048213959, 0.23778238892555237, -0.9327217936515808, -2.495617389678955], [0.7113869786262512, 0.603266179561615, 0.3605528771877289, 0.6911584138870239], [0.648412823677063, -0.7612680792808533, -0.005616063717752695, -0.4396917521953583], [0.0, 0.0, 0.0, 1.0]]}, "finger1joint3": {"matrix": [[0.16632916033267975, 0.6325435042381287, -0.756454348564148, -2.393684148788452], [0.7216303944587708, 0.444717675447464, 0.5305428504943848, 0.9497686624526978], [0.6720002889633179, -0.6341250538825989, -0.38249289989471436, -0.7660348415374756], [0.0, 0.0, 0.0, 1.0]]}, "Bone.001": {"matrix": [[0.3553532063961029, -0.502679705619812, -0.7880589365959167, -2.434363842010498], [0.33075934648513794, 0.8561602830886841, -0.3969728350639343, -0.5183756947517395], [0.8742551803588867, -0.1195921078324318, 0.47050532698631287, -0.04018285870552063], [0.0, 0.0, 0.0, 1.0]]}, "finger2joint1": {"matrix": [[-0.0278474073857069, 0.6336202621459961, -0.7731426954269409, -2.7530040740966797], [0.9399693608283997, 0.27976393699645996, 0.19542109966278076, 0.02433028817176819], [0.34012043476104736, -0.7212885618209839, -0.6033743023872375, -0.1159902811050415], [0.0, 0.0, 0.0, 1.0]]}, "finger2joint2": {"matrix": [[0.10113383084535599, 0.7508115172386169, 0.6527279019355774, -2.2048285007476807], [0.9393192529678345, -0.28823545575141907, 0.18600940704345703, 0.26636776328086853], [0.3277975916862488, 0.5943080186843872, -0.734402060508728, -0.7400123476982117], [0.0, 0.0, 0.0, 1.0]]}, "finger2joint3": {"matrix": [[0.12785214185714722, -0.5821507573127747, 0.8029657602310181, -1.919808268547058], [0.8796574473381042, -0.3073916733264923, -0.3629225790500641, 0.15694884955883026], [0.4581008851528168, 0.7527352571487427, 0.4727925658226013, -0.5144032835960388], [0.0, 0.0, 0.0, 1.0]]}, "Bone.002": {"matrix": [[-0.08343830704689026, -0.6954215168952942, -0.7137414216995239, -2.434363842010498], [0.8402509093284607, 0.3359627425670624, -0.42556706070899963, -0.5183757543563843], [0.5357393026351929, -0.635230302810669, 0.5562963485717773, -0.04018285870552063], [0.0, 0.0, 0.0, 1.0]]}, "finger3joint1": {"matrix": [[0.2552289068698883, -0.3481447100639343, -0.9020273089408875, -2.7274909019470215], [0.4158805012702942, 0.8817445635795593, -0.2226429283618927, -0.3767639994621277], [0.8728697896003723, -0.31831029057502747, 0.3698332607746124, -0.3079388439655304], [0.0, 0.0, 0.0, 1.0]]}, "finger3joint2": {"matrix": [[0.23176619410514832, 0.8484276533126831, -0.4758727550506592, -3.032877206802368], [0.5583920478820801, 0.28453728556632996, 0.7792540192604065, 0.39668604731559753], [0.7965443134307861, -0.44632822275161743, -0.40780875086784363, -0.587154746055603], [0.0, 0.0, 0.0, 1.0]]}, "finger3joint3": {"matrix": [[0.3502947986125946, 0.9309141635894775, -0.10340368747711182, -2.4838762283325195], [0.4328168034553528, -0.06297539174556732, 0.8992794752120972, 0.5808044672012329], [0.8306401968002319, -0.3597679138183594, -0.42497485876083374, -0.8759649395942688], [0.0, 0.0, 0.0, 1.0]]}, "Bone.003": {"matrix": [[-0.7976059317588806, -0.6026507616043091, 0.025233127176761627, -2.434363842010498], [0.504656195640564, -0.6896548867225647, -0.5193247199058533, -0.5183756351470947], [0.33037373423576355, -0.40148258209228516, 0.8542042374610901, -0.040182843804359436], [0.0, 0.0, 0.0, 1.0]]}, "finger4joint1": {"matrix": [[-0.10280662029981613, -0.2193887084722519, -0.9702056646347046, -2.692671775817871], [0.9665911793708801, 0.20820578932762146, -0.1495043933391571, -0.8139752149581909], [0.23480236530303955, -0.9531623721122742, 0.19065433740615845, -0.21226602792739868], [0.0, 0.0, 0.0, 1.0]]}, "finger4joint2": {"matrix": [[-0.12652431428432465, 0.9640148878097534, -0.23380878567695618, -2.9106032848358154], [0.9680426120758057, 0.1714443862438202, 0.18302972614765167, -0.6071521043777466], [0.21652893722057343, -0.2031792253255844, -0.9548994898796082, -1.1590983867645264], [0.0, 0.0, 0.0, 1.0]]}, "finger4joint3": {"matrix": [[-0.20278720557689667, 0.7679623961448669, 0.6075448989868164, -2.5085484981536865], [0.9476593136787415, -0.002343808300793171, 0.31927385926246643, -0.5356490612030029], [0.24661463499069214, 0.6404903531074524, -0.7272915244102478, -1.2438369989395142], [0.0, 0.0, 0.0, 1.0]]}}