{"root": {"matrix": [[0.4691346287727356, -0.8694913387298584, 0.15458831191062927, 0.0], [-0.17565090954303741, -0.2634178400039673, -0.9485556483268738, -2.9802322387695312e-08], [0.8654822111129761, 0.4178467094898224, -0.2763054668903351, 2.9802322387695312e-08], [0.0, 0.0, 0.0, 1.0]]}, "carpals": {"matrix": [[-0.320541113615036, -0.5203292369842529, -0.7915242314338684, 0.19248369336128235], [0.9016958475112915, 0.0883631780743599, -0.4232449233531952, -0.548425018787384], [0.29016855359077454, -0.8493815660476685, 0.4408546984195709, 2.397324562072754], [0.0, 0.0, 0.0, 1.0]]}, "metacarpals": {"matrix": [[-0.41379013657569885, -0.6811966300010681, -0.6039442420005798, -0.3143138885498047], [0.8342477679252625, -0.018167709931731224, -0.5510901808738708, -0.46235981583595276], [0.3644287586212158, -0.7318748235702515, 0.5758043527603149, 1.570032000541687], [0.0, 0.0, 0.0, 1.0]]}, "finger5joint1": {"matrix": [[-0.42495355010032654, -0.7851694226264954, -0.45046988129615784, -0.38200289011001587], [0.8446394801139832, -0.1649492233991623, -0.5092893838882446, -0.3924088478088379], [0.3255741000175476, -0.5969090461730957, 0.7332808971405029, 0.8515615463256836], [0.0, 0.0, 0.0, 1.0]]}, "finger5joint2": {"matrix": [[-0.28108489513397217, -0.9304629564285278, 0.23500892519950867, -1.2113555669784546], [-0.5344293713569641, -0.05163205415010452, -0.8436344265937805, -0.5666400790214539], [0.7971047163009644, -0.362728476524353, -0.4827542006969452, 0.2210630476474762], [0.0, 0.0, 0.0, 1.0]]}, "finger5joint3": {"matrix": [[-0.3792310953140259, -0.9247116446495056, 0.03303704783320427, -1.8508955240249634], [-0.48965585231781006, 0.1702602654695511, -0.8551304936408997, -0.6021286249160767], [0.7851243615150452, -0.34046873450279236, -0.5173588991165161, -0.028252944350242615], [0.0, 0.0, 0.0, 1.0]]}, "Bone": {"matrix": [[0.6577123403549194, -0.419676274061203, -0.6255286335945129, -1.3778507709503174], [0.19335119426250458, 0.8966542482376099, -0.39827921986579895, -0.49072468280792236], [0.7280312776565552, 0.1410067081451416, 0.670885443687439, 0.42737218737602234], [0.0, 0.0, 0.0, 1.0]]}, "finger1joint1": {"matrix": [[0.02078319527208805, -0.7482367157936096, -0.6631059646606445, -1.7271002531051636], [0.552370011806488, 0.561424970626831, -0.6161892414093018, 0.2554599344730377], [0.8333398699760437, -0.3534733057022095, 0.42497172951698303, 0.5447162389755249], [0.0, 0.0, 0.0, 1.0]]}, "finger1joint2": {"matrix": [[0.2366447001695633, -0.34090206027030945, -0.9098268151283264, -2.1499874591827393], [0.702405571937561, 0.7070127725601196, -0.08221520483493805, 0.5727651715278625], [0.6712866425514221, -0.6196114420890808, 0.40676242113113403, 0.34494075179100037], [0.0, 0.0, 0.0, 1.0]]}, "finger1joint3": {"matrix": [[0.15563370287418365, 0.35968682169914246, -0.9200018048286438, -2.296126365661621], [0.6640546321868896, 0.6514085531234741, 0.3670126497745514, 0.8758499026298523], [0.7313068509101868, -0.6680508852005005, -0.13747037947177887, 0.07932353019714355], [0.0, 0.0, 0.0, 1.0]]}, "Bone.001": {"matrix": [[0.39831387996673584, -0.8122882843017578, -0.42606741189956665, -1.377850890159607], [0.43689438700675964, 0.5764403939247131, -0.6905356645584106, -0.49072468280792236], [0.8065166473388672, 0.08890365809202194, 0.5844883918762207, 0.42737218737602234], [0.0, 0.0, 0.0, 1.0]]}, "finger2joint1": {"matrix": [[-0.31224536895751953, -0.9335010647773743, -0.17629022896289825, -1.892747402191162], [0.8419498205184937, -0.18597228825092316, -0.5064923763275146, -0.12532854080200195], [0.44002634286880493, -0.3065774142742157, 0.8440300822257996, 0.48372676968574524], [0.0, 0.0, 0.0, 1.0]]}, "finger2joint2": {"matrix": [[-0.37775087356567383, 0.15327386558055878, -0.9131325483322144, -2.700364828109741], [0.8648709058761597, 0.4105490446090698, -0.28887295722961426, -0.28622227907180786], [0.3306093215942383, -0.8988637924194336, -0.2876473069190979, 0.21849164366722107], [0.0, 0.0, 0.0, 1.0]]}, "finger2joint3": {"matrix": [[-0.2745656371116638, 0.9501217603683472, -0.14792531728744507, -2.642179250717163], [0.9285811185836792, 0.3019389510154724, 0.21580001711845398, -0.1303711086511612], [0.24970097839832306, -0.0781094953417778, -0.9651673436164856, -0.12273180484771729], [0.0, 0.0, 0.0, 1.0]]}, "Bone.002": {"matrix": [[-0.2742248475551605, -0.9040159583091736, -0.3279567062854767, -1.377850890159607], [0.7258927822113037, 0.029104776680469513, -0.6871917247772217, -0.4907246530056], [0.6307776570320129, -0.4265063405036926, 0.6482373476028442, 0.42737218737602234], [0.0, 0.0, 0.0, 1.0]]}, "finger3joint1": {"matrix": [[-0.06068332493305206, -0.6423562169075012, -0.763999879360199, -1.7589025497436523], [0.6850718259811401, 0.5298677682876587, -0.49991676211357117, -0.4784567058086395], [0.7259438633918762, -0.5537310838699341, 0.4079059660434723, 0.24759548902511597], [0.0, 0.0, 0.0, 1.0]]}, "finger3joint2": {"matrix": [[-0.13180679082870483, 0.030171619728207588, -0.990816056728363, -2.3223655223846436], [0.7791081666946411, 0.6211371421813965, -0.08472923189401627, -0.013666510581970215], [0.6128764748573303, -0.7831206321716309, -0.10537692904472351, -0.2381272315979004], [0.0, 0.0, 0.0, 1.0]]}, "finger3joint3": {"matrix": [[0.038351643830537796, 0.37496471405029297, -0.9262453317642212, -2.302842140197754], [0.812105119228363, 0.5284045934677124, 0.24753548204898834, 0.3882591128349304], [0.5822495818138123, -0.7617019414901733, -0.2842453718185425, -0.7448691725730896], [0.0, 0.0, 0.0, 1.0]]}, "Bone.003": {"matrix": [[-0.8245934844017029, -0.35993582010269165, 0.4364534616470337, -1.3778507709503174], [0.12964500486850739, -0.8711908459663391, -0.4735172986984253, -0.49072468280792236], [0.5506702065467834, -0.3338754177093506, 0.7650421261787415, 0.42737215757369995], [0.0, 0.0, 0.0, 1.0]]}, "finger4joint1": {"matrix": [[-0.3785383403301239, -0.77887362241745, -0.5000640749931335, -1.5321264266967773], [0.8383872509002686, -0.059603992849588394, -0.541806161403656, -0.8641340136528015], [0.392193078994751, -0.6243417859077454, 0.6755602359771729, 0.28426671028137207], [0.0, 0.0, 0.0, 1.0]]}, "finger4joint2": {"matrix": [[-0.40587878227233887, -0.13747107982635498, -0.9035283923149109, -2.3058273792266846], [0.8261818289756775, 0.36749598383903503, -0.42704787850379944, -0.9233421683311462], [0.39075013995170593, -0.919808566570282, -0.03558264300227165, -0.33592891693115234], [0.0, 0.0, 0.0, 1.0]]}, "finger4joint3": {"matrix": [[-0.3797856569290161, 0.39702650904655457, -0.8355430960655212, -2.363161563873291], [0.7989324331283569, 0.5960894227027893, -0.07990004867315292, -0.7700732350349426], [0.46633630990982056, -0.6978874802589417, -0.5435835719108582, -0.719546914100647], [0.0, 0.0, 0.0, 1.0]]}}