{"root": {"matrix": [[0.3752734065055847, -0.9262031316757202, 0.036299895495176315, 0.0], [0.18974657356739044, 0.03842970356345177, -0.9810807108879089, 0.0], [0.9072850346565247, 0.3750613033771515, 0.1901654303073883, -2.9802322387695312e-08], [0.0, 0.0, 0.0, 1.0]]}, "carpals": {"matrix": [[-0.19779866933822632, -0.510796844959259, -0.8366373181343079, -0.06199273467063904], [0.9800778031349182, -0.1187019869685173, -0.1592392772436142, 0.5770218372344971], [-0.017971405759453773, -0.8514670133590698, 0.5240997672080994, 2.39753794670105], [0.0, 0.0, 0.0, 1.0]]}, "metacarpals": {"matrix": [[-0.48241686820983887, -0.6248778700828552, -0.6138415336608887, -0.5595057606697083], [0.8729121088981628, -0.4011889696121216, -0.27761802077293396, 0.4614068269729614], [-0.07278890907764435, -0.6697573065757751, 0.7390037178993225, 1.5682141780853271], [0.0, 0.0, 0.0, 1.0]]}, "finger5joint1": {"matrix": [[-0.537686288356781, -0.6541592478752136, -0.5319480895996094, -0.5789422988891602], [0.8328580856323242, -0.5103299617767334, -0.2142677754163742, 0.1934974491596222], [-0.1313035786151886, -0.5582461357116699, 0.8192192316055298, 0.8947740793228149], [0.0, 0.0, 0.0, 1.0]]}, "finger5joint2": {"matrix": [[-0.3700585961341858, -0.8700686097145081, 0.32563260197639465, -1.269912600517273], [-0.18663491308689117, -0.2737431526184082, -0.9435209631919861, -0.34554988145828247], [0.9100678563117981, -0.40993231534957886, -0.06108441576361656, 0.30511412024497986], [0.0, 0.0, 0.0, 1.0]]}, "finger5joint3": {"matrix": [[-0.4670317471027374, -0.8804547190666199, 0.0817326083779335, -1.8679413795471191], [-0.15914617478847504, -0.00722629064694047, -0.9872284531593323, -0.5337031483650208], [0.8698006868362427, -0.4740743339061737, -0.13674628734588623, 0.023353248834609985], [0.0, 0.0, 0.0, 1.0]]}, "Bone": {"matrix": [[0.5925104022026062, -0.47550585865974426, -0.6502501964569092, -1.5351135730743408], [0.5532308220863342, 0.8269311189651489, -0.10060055553913116, -0.16496050357818604], [0.5855483412742615, -0.3001314103603363, 0.7530298233032227, 0.522537112236023], [0.0, 0.0, 0.0, 1.0]]}, "finger1joint1": {"matrix": [[-0.35263779759407043, -0.4629824757575989, -0.8131995797157288, -1.930823564529419], [0.9228476285934448, -0.02819826267659664, -0.3841315507888794, 0.5232013463973999], [0.15491551160812378, -0.8859184980392456, 0.43720608949661255, 0.272771418094635], [0.0, 0.0, 0.0, 1.0]]}, "finger1joint2": {"matrix": [[-0.07897813618183136, -0.18052606284618378, -0.9803940653800964, -2.192491292953491], [0.9963582158088684, 0.017409194260835648, -0.08346981555223465, 0.5072643160820007], [0.032136473804712296, -0.983415961265564, 0.17849378287792206, -0.22793054580688477], [0.0, 0.0, 0.0, 1.0]]}, "finger1joint3": {"matrix": [[-0.17118313908576965, 0.248941108584404, -0.9532703757286072, -2.2698800563812256], [0.9814695715904236, 0.1276463270187378, -0.1429128497838974, 0.5147272944450378], [0.08610471338033676, -0.960070013999939, -0.2661788761615753, -0.6495047807693481], [0.0, 0.0, 0.0, 1.0]]}, "Bone.001": {"matrix": [[0.31563758850097656, -0.8458899855613708, -0.4299333691596985, -1.53511381149292], [0.7843989729881287, 0.4875631630420685, -0.38340598344802856, -0.16496053338050842], [0.5339390635490417, -0.21622183918952942, 0.817408561706543, 0.522537112236023], [0.0, 0.0, 0.0, 1.0]]}, "finger2joint1": {"matrix": [[0.08850862085819244, -0.7693876028060913, -0.6326204538345337, -2.0713093280792236], [0.755091667175293, 0.4660318195819855, -0.4611406624317169, 0.14409777522087097], [0.6496173143386841, -0.43687137961387634, 0.6222059726715088, 0.38547763228416443], [0.0, 0.0, 0.0, 1.0]]}, "finger2joint2": {"matrix": [[0.07665088027715683, 0.36403578519821167, -0.9282253384590149, -2.7369441986083984], [0.833512544631958, 0.4874916970729828, 0.26001641154289246, 0.547284722328186], [0.5471576452255249, -0.7936179041862488, -0.26606157422065735, 0.007518798112869263], [0.0, 0.0, 0.0, 1.0]]}, "finger2joint3": {"matrix": [[0.20052994787693024, 0.8865034580230713, 0.4170120060443878, -2.598750352859497], [0.8573362231254578, -0.3647792935371399, 0.36319470405578613, 0.7323445081710815], [0.4740908741950989, 0.28468790650367737, -0.8331807255744934, -0.2937515676021576], [0.0, 0.0, 0.0, 1.0]]}, "Bone.002": {"matrix": [[-0.35684266686439514, -0.8712693452835083, -0.33697599172592163, -1.5351135730743408], [0.9081265926361084, -0.23896722495555878, -0.34380340576171875, -0.16496053338050842], [0.21901935338974, -0.42870044708251953, 0.8764964938163757, 0.522537112236023], [0.0, 0.0, 0.0, 1.0]]}, "finger3joint1": {"matrix": [[-0.41886287927627563, -0.7525863647460938, -0.508101761341095, -1.90236234664917], [0.9080459475517273, -0.34873396158218384, -0.23202885687351227, -0.26568761467933655], [-0.0025703543797135353, -0.5585678815841675, 0.8294546008110046, 0.34183555841445923], [0.0, 0.0, 0.0, 1.0]]}, "finger3joint2": {"matrix": [[-0.5125641226768494, 0.1727066934108734, -0.8411006331443787, -2.5625174045562744], [0.8497884273529053, -0.038328997790813446, -0.525728702545166, -0.5715906620025635], [-0.12303513288497925, -0.9842271208763123, -0.12711800634860992, -0.14812994003295898], [0.0, 0.0, 0.0, 1.0]]}, "finger3joint3": {"matrix": [[-0.3546126186847687, 0.7470200657844543, -0.5623261332511902, -2.4507620334625244], [0.9231319427490234, 0.18414339423179626, -0.33751845359802246, -0.5963925123214722], [-0.14858415722846985, -0.6387895941734314, -0.7548975348472595, -0.7850037813186646], [0.0, 0.0, 0.0, 1.0]]}, "Bone.003": {"matrix": [[-0.8677594065666199, -0.2884683907032013, 0.40469661355018616, -1.5351136922836304], [0.29826468229293823, -0.9536359906196594, -0.04020736366510391, -0.16496053338050842], [0.3975319266319275, 0.08581627905368805, 0.9135664701461792, 0.522537112236023], [0.0, 0.0, 0.0, 1.0]]}, "finger4joint1": {"matrix": [[-0.5069853067398071, -0.5013813376426697, -0.7011291980743408, -1.6587567329406738], [0.8546486496925354, -0.3980858325958252, -0.33332157135009766, -0.5737074613571167], [-0.11198814958333969, -0.7682083249092102, 0.6303286552429199, 0.5593197345733643], [0.0, 0.0, 0.0, 1.0]]}, "finger4joint2": {"matrix": [[-0.5317896604537964, -0.17576013505458832, -0.8284368515014648, -2.156808376312256], [0.8387027382850647, -0.2448832094669342, -0.4864254593849182, -0.9691495895385742], [-0.11737584322690964, -0.9534884095191956, 0.27763694524765015, -0.20378702878952026], [0.0, 0.0, 0.0, 1.0]]}, "finger4joint3": {"matrix": [[-0.5031629204750061, 0.0231181550770998, -0.8638820052146912, -2.2301113605499268], [0.8631818294525146, -0.03485975041985512, -0.5036880373954773, -1.0712813138961792], [-0.04175880551338196, -0.9991245269775391, -0.0024149545934051275, -0.6014516353607178], [0.0, 0.0, 0.0, 1.0]]}}