{"root": {"matrix": [[0.42583489418029785, -0.9042809009552002, -0.030670341104269028, 0.0], [-0.3047444522380829, -0.11142548173666, -0.9458938241004944, 0.0], [0.8519362807273865, 0.41214120388031006, -0.3230235278606415, 0.0], [0.0, 0.0, 0.0, 1.0]]}, "carpals": {"matrix": [[0.04106365889310837, -0.37644097208976746, -0.925529956817627, 0.08133774995803833], [0.9724578857421875, 0.22776278853416443, -0.04949233680963516, -0.6918933391571045], [0.22943247854709625, -0.8980066776275635, 0.3754258453845978, 2.366358757019043], [0.0, 0.0, 0.0, 1.0]]}, "metacarpals": {"matrix": [[0.15185986459255219, -0.7135159969329834, -0.6839833855628967, -0.2853134870529175], [0.9647994041442871, 0.25733304023742676, -0.05423671379685402, -0.4700537919998169], [0.2147105485200882, -0.6516703367233276, 0.7274784445762634, 1.4917054176330566], [0.0, 0.0, 0.0, 1.0]]}, "finger5joint1": {"matrix": [[-0.317947655916214, -0.7815022468566895, -0.5368083715438843, -0.43777287006378174], [0.9244808554649353, -0.3811575472354889, 0.007337562274187803, -0.47017964720726013], [-0.2103426605463028, -0.4939362704753876, 0.8436721563339233, 0.7828818559646606], [0.0, 0.0, 0.0, 1.0]]}, "finger5joint2": {"matrix": [[-0.3688541650772095, -0.8970276713371277, 0.2434898167848587, -1.2632520198822021], [0.007937407121062279, -0.2649919092655182, -0.9642177820205688, -0.8727858066558838], [0.9294531345367432, -0.35372304916381836, 0.10486314445734024, 0.26115065813064575], [0.0, 0.0, 0.0, 1.0]]}, "finger5joint3": {"matrix": [[-0.4638288915157318, -0.8843866586685181, 0.052175745368003845, -1.8798105716705322], [0.036236442625522614, -0.07778376340866089, -0.9963112473487854, -1.0549241304397583], [0.8851830959320068, -0.4602273404598236, 0.06812510639429092, 0.018024414777755737], [0.0, 0.0, 0.0, 1.0]]}, "Bone": {"matrix": [[0.7836678624153137, 0.13813182711601257, -0.6056269407272339, -1.3993099927902222], [-0.099698506295681, 0.9902920722961426, 0.09685874730348587, -0.06828546524047852], [0.6131268739700317, -0.015524757094681263, 0.7898317575454712, 0.4742671251296997], [0.0, 0.0, 0.0, 1.0]]}, "finger1joint1": {"matrix": [[0.2270956188440323, -0.9446561336517334, -0.23675322532653809, -1.2843585014343262], [0.9069293737411499, 0.2937166392803192, -0.30200910568237305, 0.7558234333992004], [0.35483333468437195, -0.14613337814807892, 0.9234381914138794, 0.4613475799560547], [0.0, 0.0, 0.0, 1.0]]}, "finger1joint2": {"matrix": [[0.3072414696216583, -0.8491460084915161, -0.429596871137619, -1.8182575702667236], [0.9497578144073486, 0.30192816257476807, 0.08245820552110672, 0.921825647354126], [0.059688497334718704, -0.4333474934101105, 0.8992480635643005, 0.37875619530677795], [0.0, 0.0, 0.0, 1.0]]}, "finger1joint3": {"matrix": [[0.2931000292301178, 0.041482385247945786, -0.9551813006401062, -2.182272434234619], [0.9415061473846436, 0.1612614244222641, 0.29590699076652527, 1.0512573719024658], [0.16630901396274567, -0.986039400100708, 0.008209960535168648, 0.19298724830150604], [0.0, 0.0, 0.0, 1.0]]}, "Bone.001": {"matrix": [[0.7069641351699829, -0.3651978671550751, -0.6056665182113647, -1.3993099927902222], [0.2533610761165619, 0.9303070902824402, -0.2652103304862976, -0.06828546524047852], [0.6603102087974548, 0.03404209017753601, 0.750220775604248, 0.4742671251296997], [0.0, 0.0, 0.0, 1.0]]}, "finger2joint1": {"matrix": [[0.2826597988605499, -0.4047168493270874, -0.8696593642234802, -1.6308029890060425], [0.8913829326629639, 0.44571688771247864, 0.08229535818099976, 0.5214210748672485], [0.35431578755378723, -0.7984611392021179, 0.48674410581588745, 0.49584588408470154], [0.0, 0.0, 0.0, 1.0]]}, "finger2joint2": {"matrix": [[0.3240554928779602, -0.3120056092739105, -0.8931070566177368, -1.9809433221817017], [0.9166023135185242, 0.3372107744216919, 0.21477632224559784, 0.9070324897766113], [0.23415417969226837, -0.88822340965271, 0.395260214805603, -0.1949419379234314], [0.0, 0.0, 0.0, 1.0]]}, "finger2joint3": {"matrix": [[0.364627480506897, -0.14427411556243896, -0.9199084043502808, -2.0993857383728027], [0.9263485670089722, 0.15643525123596191, 0.3426455557346344, 1.0350432395935059], [0.09447144716978073, -0.9770939350128174, 0.19068889319896698, -0.5321261286735535], [0.0, 0.0, 0.0, 1.0]]}, "Bone.002": {"matrix": [[0.2615325152873993, -0.8193402290344238, -0.5101785659790039, -1.3993099927902222], [0.8344104886054993, 0.4576084315776825, -0.30717018246650696, -0.06828545778989792], [0.4851391613483429, -0.34536316990852356, 0.8033455610275269, 0.4742671251296997], [0.0, 0.0, 0.0, 1.0]]}, "finger3joint1": {"matrix": [[0.255624383687973, -0.7833988666534424, -0.5665175914764404, -1.7446702718734741], [0.9152976870536804, 0.38477376103401184, -0.11907682567834854, 0.12460112571716309], [0.31126609444618225, -0.48809313774108887, 0.8154007196426392, 0.32869306206703186], [0.0, 0.0, 0.0, 1.0]]}, "finger3joint2": {"matrix": [[0.15031756460666656, 0.08796850591897964, -0.9847162365913391, -2.4318530559539795], [0.96854567527771, 0.18668243288993835, 0.16452601552009583, 0.4621174931526184], [0.19830267131328583, -0.9784737825393677, -0.057139717042446136, -0.09945321083068848], [0.0, 0.0, 0.0, 1.0]]}, "finger3joint3": {"matrix": [[0.3179475665092468, 0.5963833332061768, -0.7370455265045166, -2.3749303817749023], [0.9351372718811035, -0.06911048293113708, 0.34747934341430664, 0.5829160213470459], [0.1562936156988144, -0.7997190952301025, -0.5796736478805542, -0.7326042652130127], [0.0, 0.0, 0.0, 1.0]]}, "Bone.003": {"matrix": [[-0.5214685797691345, -0.8123942017555237, 0.26093292236328125, -1.3993099927902222], [0.6270599365234375, -0.5722554326057434, -0.5285067558288574, -0.06828545033931732], [0.5786763429641724, -0.11197920143604279, 0.8078330755233765, 0.4742671251296997], [0.0, 0.0, 0.0, 1.0]]}, "finger4joint1": {"matrix": [[-0.18043342232704163, -0.7010084390640259, -0.6899496912956238, -1.7475179433822632], [0.9766660332679749, -0.21075870096683502, -0.041278012096881866, -0.3135652542114258], [-0.1164763942360878, -0.681298553943634, 0.7226792573928833, 0.4262707233428955], [0.0, 0.0, 0.0, 1.0]]}, "finger4joint2": {"matrix": [[-0.20974470674991608, 0.06009184196591377, -0.9759076237678528, -2.443871021270752], [0.9705988168716431, -0.10774862766265869, -0.21523858606815338, -0.5229243040084839], [-0.11808651685714722, -0.9923602938652039, -0.03572532534599304, -0.2505033612251282], [0.0, 0.0, 0.0, 1.0]]}, "finger4joint3": {"matrix": [[-0.199715256690979, 0.5389365553855896, -0.8183280229568481, -2.418808937072754], [0.9792407751083374, 0.08024357259273529, -0.18613968789577484, -0.5678622722625732], [-0.03465161845088005, -0.8385154008865356, -0.5437746047973633, -0.6643800735473633], [0.0, 0.0, 0.0, 1.0]]}}