{"root": {"matrix": [[0.5050088763237, -0.8295789361000061, 0.23825369775295258, 0.0], [0.21483156085014343, -0.1465379297733307, -0.9655951857566833, 0.0], [0.8359506130218506, 0.5388185381889343, 0.10421671718358994, 0.0], [0.0, 0.0, 0.0, 1.0]]}, "carpals": {"matrix": [[-0.2620755732059479, -0.6255131959915161, -0.7348805069923401, 0.3032729923725128], [0.9617096185684204, -0.10600367188453674, -0.25274035334587097, 0.45096057653427124], [0.08019257336854935, -0.7729787230491638, 0.6293430924415588, 2.406168222427368], [0.0, 0.0, 0.0, 1.0]]}, "metacarpals": {"matrix": [[-0.2651868462562561, -0.7425466179847717, -0.6150611639022827, -0.3059730529785156], [0.9401815533638, -0.057654354721307755, -0.335759699344635, 0.3477136492729187], [0.21385645866394043, -0.6673080921173096, 0.7134178280830383, 1.6532915830612183], [0.0, 0.0, 0.0, 1.0]]}, "finger5joint1": {"matrix": [[-0.23748792707920074, -0.7860686182975769, -0.5706971883773804, -0.4301743507385254], [0.9339650273323059, -0.02326955460011959, -0.3566059172153473, 0.2879631221294403], [0.2670370936393738, -0.6177006959915161, 0.7396868467330933, 0.94147789478302], [0.0, 0.0, 0.0, 1.0]]}, "finger5joint2": {"matrix": [[-0.46951597929000854, -0.8827709555625916, 0.016414014622569084, -1.26047682762146], [-0.398497998714447, 0.1952848881483078, -0.8961377739906311, 0.2633841633796692], [0.7878791689872742, -0.42729175090789795, -0.4434721767902374, 0.28901779651641846], [0.0, 0.0, 0.0, 1.0]]}, "finger5joint3": {"matrix": [[-0.5500653386116028, -0.8127248883247375, -0.19210843741893768, -1.8672361373901367], [-0.32858365774154663, 0.4221050441265106, -0.8449022173881531, 0.39761027693748474], [0.7677631974220276, -0.4016275703907013, -0.4992337226867676, -0.004674807190895081], [0.0, 0.0, 0.0, 1.0]]}, "Bone": {"matrix": [[0.741997480392456, -0.28350910544395447, -0.6075047254562378, -1.465294361114502], [0.23037271201610565, 0.9588238000869751, -0.1660880595445633, 0.25769925117492676], [0.6295773983001709, -0.016715409234166145, 0.7767576575279236, 0.6114383935928345], [0.0, 0.0, 0.0, 1.0]]}, "finger1joint1": {"matrix": [[-0.15494556725025177, -0.9731009602546692, -0.17048756778240204, -1.7012271881103516], [0.916304349899292, -0.07704795897006989, -0.3930011987686157, 1.055620551109314], [0.36929428577423096, -0.21711215376853943, 0.9035948514938354, 0.5975280404090881], [0.0, 0.0, 0.0, 1.0]]}, "finger1joint2": {"matrix": [[-0.07618861645460129, -0.394002228975296, -0.9159460663795471, -2.2512025833129883], [0.993804395198822, 0.044545210897922516, -0.10182639211416245, 1.0120747089385986], [0.08092094957828522, -0.9180291891098022, 0.3881674110889435, 0.47482094168663025], [0.0, 0.0, 0.0, 1.0]]}, "finger1joint3": {"matrix": [[-0.15405119955539703, 0.706443190574646, -0.6908009052276611, -2.42010498046875], [0.9760760068893433, 0.21738064289093018, 0.004634370096027851, 1.0311704874038696], [0.15344078838825226, -0.6735602617263794, -0.7230298519134521, 0.08127690851688385], [0.0, 0.0, 0.0, 1.0]]}, "Bone.001": {"matrix": [[0.5251954197883606, -0.7178667783737183, -0.4569864869117737, -1.465294361114502], [0.5198701024055481, 0.6958103179931641, -0.49556323885917664, 0.25769922137260437], [0.673724353313446, 0.022694118320941925, 0.738633930683136, 0.6114384531974792], [0.0, 0.0, 0.0, 1.0]]}, "finger2joint1": {"matrix": [[-0.133245050907135, -0.28007709980010986, -0.9506851434707642, -1.9203386306762695], [0.9267675280570984, 0.30471283197402954, -0.21966293454170227, 0.6987619400024414], [0.3512086868286133, -0.9103330969810486, 0.21896500885486603, 0.6258238554000854], [0.0, 0.0, 0.0, 1.0]]}, "finger2joint2": {"matrix": [[-0.06959901750087738, -0.13578590750694275, -0.9882903695106506, -2.162646770477295], [0.9668434262275696, 0.23482567071914673, -0.1003524661064148, 0.9623839259147644], [0.2457025796175003, -0.9625063538551331, 0.11494018137454987, -0.1617499589920044], [0.0, 0.0, 0.0, 1.0]]}, "finger2joint3": {"matrix": [[0.003872884204611182, 0.09921234101057053, -0.995058536529541, -2.214193344116211], [0.9924702048301697, 0.1214398741722107, 0.015970982611179352, 1.0515276193618774], [0.12242446839809418, -0.9876278638839722, -0.0979948490858078, -0.5271331071853638], [0.0, 0.0, 0.0, 1.0]]}, "Bone.002": {"matrix": [[-0.11697295308113098, -0.9279760122299194, -0.353804349899292, -1.4652944803237915], [0.8655211925506592, 0.07944682240486145, -0.49453139305114746, 0.257699191570282], [0.4870221018791199, -0.364071786403656, 0.7938897609710693, 0.6114383935928345], [0.0, 0.0, 0.0, 1.0]]}, "finger3joint1": {"matrix": [[-0.16943611204624176, -0.7388488054275513, -0.6522220373153687, -1.8564456701278687], [0.9377792477607727, 0.08265430480241776, -0.33725133538246155, 0.2911868095397949], [0.3030869662761688, -0.668782651424408, 0.6788724660873413, 0.4579784870147705], [0.0, 0.0, 0.0, 1.0]]}, "finger3joint2": {"matrix": [[-0.2587023377418518, 0.1774536371231079, -0.9495173096656799, -2.5045502185821533], [0.9514190554618835, 0.2167104333639145, -0.218719944357872, 0.363689661026001], [0.16695792973041534, -0.9599721431732178, -0.2248961478471756, -0.12866532802581787], [0.0, 0.0, 0.0, 1.0]]}, "finger3joint3": {"matrix": [[-0.08621595054864883, 0.6418247818946838, -0.761989176273346, -2.389723539352417], [0.9842140078544617, 0.17352710664272308, 0.03480227291584015, 0.5039187073707581], [0.15456297993659973, -0.7469600439071655, -0.6466535329818726, -0.7498443126678467], [0.0, 0.0, 0.0, 1.0]]}, "Bone.003": {"matrix": [[-0.7458527088165283, -0.5005086064338684, 0.4395391345024109, -1.4652944803237915], [0.35246220231056213, -0.8564561009407043, -0.37716490030288696, 0.257699191570282], [0.5652204155921936, -0.1263885647058487, 0.8152003884315491, 0.6114383339881897], [0.0, 0.0, 0.0, 1.0]]}, "finger4joint1": {"matrix": [[-0.509911298751831, -0.5252883434295654, -0.6812210083007812, -1.679822325706482], [0.8567010760307312, -0.3817206919193268, -0.346918523311615, -0.10939452052116394], [-0.07780364900827408, -0.7605005502700806, 0.6446589231491089, 0.5572657585144043], [0.0, 0.0, 0.0, 1.0]]}, "finger4joint2": {"matrix": [[-0.5348778963088989, -0.12960997223854065, -0.8349289298057556, -2.201622247695923], [0.8408668041229248, -0.17843671143054962, -0.5109825134277344, -0.48858022689819336], [-0.08275330066680908, -0.9753774404525757, 0.20442670583724976, -0.1981843113899231], [0.0, 0.0, 0.0, 1.0]]}, "finger4joint3": {"matrix": [[-0.5099814534187317, 0.12259355187416077, -0.8514042496681213, -2.2556774616241455], [0.8601740002632141, 0.06765370815992355, -0.5054932236671448, -0.5629995465278625], [-0.004369291011244059, -0.9901481866836548, -0.1399538666009903, -0.6049779653549194], [0.0, 0.0, 0.0, 1.0]]}}