{"root": {"matrix": [[0.6196427941322327, -0.46145856380462646, -0.6349006295204163, 0.0], [-0.06334470957517624, -0.8356732726097107, 0.5455617308616638, -5.960464477539063e-08], [-0.7823236584663391, -0.2978358566761017, -0.5470498204231262, 0.0], [0.0, 0.0, 0.0, 1.0]]}, "carpals": {"matrix": [[0.029137199744582176, -0.6395295262336731, -0.7682141065597534, 1.0210024118423462], [-0.6421518921852112, 0.5769939422607422, -0.5046966671943665, -1.0225584506988525], [0.7660231590270996, 0.5080156326293945, -0.3938632011413574, -1.9992283582687378], [0.0, 0.0, 0.0, 1.0]]}, "metacarpals": {"matrix": [[-0.047077808529138565, -0.9901464581489563, -0.13188453018665314, 0.39810454845428467], [-0.8282333016395569, 0.11250122636556625, -0.5489743947982788, -0.46056991815567017], [0.5584021806716919, 0.08338659256696701, -0.8253685832023621, -1.5044242143630981], [0.0, 0.0, 0.0, 1.0]]}, "finger5joint1": {"matrix": [[-0.07159507274627686, -0.982805073261261, -0.17020010948181152, -0.10442817211151123], [-0.8493996262550354, 0.149526447057724, -0.5061244964599609, -0.02521216869354248], [0.5228710770606995, 0.10833180695772171, -0.8454996347427368, -1.2152886390686035], [0.0, 0.0, 0.0, 1.0]]}, "finger5joint2": {"matrix": [[0.0005570198409259319, -0.9982709884643555, -0.058771055191755295, -1.142538070678711], [-0.4641880393028259, -0.052313659340143204, 0.8841902613639832, 0.1327284723520279], [-0.8857362270355225, 0.026788124814629555, -0.46341460943222046, -1.1008607149124146], [0.0, 0.0, 0.0, 1.0]]}, "finger5joint3": {"matrix": [[-0.08940461277961731, -0.9475026726722717, -0.3069932758808136, -1.828684687614441], [-0.5150158405303955, -0.21984295547008514, 0.8285090923309326, 0.09677145630121231], [-0.852505087852478, 0.23217882215976715, -0.4683240056037903, -1.0824482440948486], [0.0, 0.0, 0.0, 1.0]]}, "Bone": {"matrix": [[0.9785545468330383, -0.189530149102211, -0.0806787982583046, -1.1477890014648438], [-0.1922469139099121, -0.6996623873710632, -0.6881231665611267, -0.2849242091178894], [0.0739721804857254, 0.6888762712478638, -0.7210944294929504, -1.3742345571517944], [0.0, 0.0, 0.0, 1.0]]}, "finger1joint1": {"matrix": [[0.18227609992027283, -0.9741591215133667, -0.13337625563144684, -1.305513620376587], [-0.8620736002922058, -0.09309864789247513, -0.4981582462787628, -0.8671747446060181], [0.4728682041168213, 0.2057824730873108, -0.8567665219306946, -0.8009601831436157], [0.0, 0.0, 0.0, 1.0]]}, "finger1joint2": {"matrix": [[0.2336753010749817, -0.7228310108184814, -0.650316059589386, -1.8560872077941895], [-0.667436420917511, 0.3671192228794098, -0.6478826999664307, -0.9197919964790344], [0.7070532441139221, 0.5854388475418091, -0.39665713906288147, -0.6846563816070557], [0.0, 0.0, 0.0, 1.0]]}, "finger1joint3": {"matrix": [[0.19297485053539276, -0.11653796583414078, -0.9742583632469177, -2.1659531593322754], [-0.7426348924636841, 0.6316025853157043, -0.2226467728614807, -0.7624140381813049], [0.6412909626960754, 0.7664834856987, 0.035338204354047775, -0.4336884021759033], [0.0, 0.0, 0.0, 1.0]]}, "Bone.001": {"matrix": [[0.8399653434753418, -0.5426247715950012, 0.004041708540171385, -1.1477890014648438], [-0.49732622504234314, -0.7727815508842468, -0.39430317282676697, -0.2849242389202118], [0.21708200871944427, 0.32919085025787354, -0.9189713597297668, -1.3742345571517944], [0.0, 0.0, 0.0, 1.0]]}, "finger2joint1": {"matrix": [[0.7118993997573853, -0.6856361031532288, -0.1519937515258789, -1.4917500019073486], [-0.6841201186180115, -0.6281514763832092, -0.37068188190460205, -0.7747779488563538], [0.15867774188518524, 0.3678700923919678, -0.9162382483482361, -1.165565848350525], [0.0, 0.0, 0.0, 1.0]]}, "finger2joint2": {"matrix": [[0.6579666137695312, -0.5130124092102051, -0.5512694716453552, -2.084927558898926], [-0.7009266018867493, -0.14960512518882751, -0.6973665356636047, -1.3182224035263062], [0.27528488636016846, 0.8452432155609131, -0.45801931619644165, -0.8473034501075745], [0.0, 0.0, 0.0, 1.0]]}, "finger2joint3": {"matrix": [[0.6413912177085876, 0.12428410351276398, -0.7570801973342896, -2.279675245285034], [-0.6483259201049805, 0.6154423356056213, -0.4482230544090271, -1.3750150203704834], [0.41023218631744385, 0.7783212065696716, 0.4753158390522003, -0.5264352560043335], [0.0, 0.0, 0.0, 1.0]]}, "Bone.002": {"matrix": [[0.2235405296087265, -0.9672327637672424, 0.12037532776594162, -1.1477890014648438], [-0.8890329599380493, -0.25296086072921753, -0.3816165328025818, -0.2849242687225342], [0.39956218004226685, -0.02171097695827484, -0.9164487719535828, -1.374234676361084], [0.0, 0.0, 0.0, 1.0]]}, "finger3joint1": {"matrix": [[0.052594687789678574, -0.7278172969818115, -0.683751106262207, -1.5554873943328857], [-0.8370682001113892, 0.34124839305877686, -0.42762887477874756, -0.39154982566833496], [0.5445646047592163, 0.5948371887207031, -0.5912849307060242, -1.3833858966827393], [0.0, 0.0, 0.0, 1.0]]}, "finger3joint2": {"matrix": [[-0.0366666279733181, -0.10183660686016083, -0.9941251277923584, -2.1939151287078857], [-0.7553513050079346, 0.65414959192276, -0.039150066673755646, -0.09221303462982178], [0.6542933583259583, 0.7494781613349915, -0.10090797394514084, -0.8616057634353638], [0.0, 0.0, 0.0, 1.0]]}, "finger3joint3": {"matrix": [[0.1260250359773636, 0.24256442487239838, -0.9619147777557373, -2.2598116397857666], [-0.7046119570732117, 0.7044443488121033, 0.08532410115003586, 0.3310742974281311], [0.6983119249343872, 0.6670237183570862, 0.2596912980079651, -0.3766332268714905], [0.0, 0.0, 0.0, 1.0]]}, "Bone.003": {"matrix": [[-0.2834703028202057, -0.534091055393219, 0.7964868545532227, -1.1477890014648438], [-0.9290408492088318, 0.35886117815971375, -0.09000907838344574, -0.2849242687225342], [-0.23775528371334076, -0.7654836773872375, -0.5979188680648804, -1.3742345571517944], [0.0, 0.0, 0.0, 1.0]]}, "finger4joint1": {"matrix": [[0.6574053764343262, -0.6824397444725037, 0.3195211589336395, -1.3767106533050537], [-0.5730963349342346, -0.728127121925354, -0.376020222902298, -0.13110941648483276], [0.4892632067203522, 0.06408120691776276, -0.8697785139083862, -1.7023357152938843], [0.0, 0.0, 0.0, 1.0]]}, "finger4joint2": {"matrix": [[0.6476362943649292, -0.49684178829193115, -0.5776806473731995, -2.0546183586120605], [-0.5967907905578613, 0.1405971646308899, -0.7899828553199768, -0.8544010519981384], [0.47371673583984375, 0.8563762307167053, -0.2054549753665924, -1.6386799812316895], [0.0, 0.0, 0.0, 1.0]]}, "finger4joint3": {"matrix": [[0.6950764656066895, 0.1382794827222824, -0.7055118680000305, -2.2618327140808105], [-0.5947921276092529, 0.6618430018424988, -0.4562738239765167, -0.7957631349563599], [0.40384477376937866, 0.7367783784866333, 0.542279064655304, -1.2815173864364624], [0.0, 0.0, 0.0, 1.0]]}}