{"root": {"matrix": [[0.6401456594467163, 0.017148155719041824, 0.768062174320221, 0.0], [0.6054294109344482, 0.6041855812072754, -0.5180878639221191, 5.960464477539063e-08], [-0.4729363024234772, 0.7966591119766235, 0.37638476490974426, 5.960464477539063e-08], [0.0, 0.0, 0.0, 1.0]]}, "carpals": {"matrix": [[-0.5153878331184387, -0.8549731969833374, -0.05827377364039421, 1.3781071901321411], [0.7693738341331482, -0.4316946864128113, -0.4708539843559265, 2.01879620552063], [0.3774111270904541, -0.2875068783760071, 0.880284309387207, -0.33206576108932495], [0.0, 0.0, 0.0, 1.0]]}, "metacarpals": {"matrix": [[-0.19084961712360382, -0.8071862459182739, 0.558593213558197, 0.545368492603302], [0.18421515822410583, -0.5883938074111938, -0.7873101830482483, 1.5983281135559082], [0.9641789197921753, -0.04735660180449486, 0.260990709066391, -0.6120957136154175], [0.0, 0.0, 0.0, 1.0]]}, "finger5joint1": {"matrix": [[-0.17213605344295502, -0.9601631164550781, 0.22012625634670258, -0.11156749725341797], [0.044447578489780426, -0.2308047115802765, -0.9719842672348022, 1.5541002750396729], [0.98406982421875, -0.15752959251403809, 0.08240668475627899, -0.9156640768051147], [0.0, 0.0, 0.0, 1.0]]}, "finger5joint2": {"matrix": [[0.2317662537097931, -0.9726647734642029, 0.014375838451087475, -1.1257612705230713], [-0.9705203771591187, -0.23220935463905334, -0.06456482410430908, 1.3103076219558716], [0.06613810360431671, 0.0010117179481312633, -0.9978097677230835, -1.0820581912994385], [0.0, 0.0, 0.0, 1.0]]}, "finger5joint3": {"matrix": [[0.13880610466003418, -0.9673020839691162, -0.21227025985717773, -1.7943079471588135], [-0.9829269647598267, -0.10842682421207428, -0.14865301549434662, 1.1507019996643066], [0.12077654898166656, 0.22928006947040558, -0.9658381342887878, -1.0813628435134888], [0.0, 0.0, 0.0, 1.0]]}, "Bone": {"matrix": [[0.7178511619567871, -0.40910813212394714, 0.5633114576339722, -0.7148734331130981], [0.6742373108863831, 0.20691443979740143, -0.7089360356330872, 0.6796821355819702], [0.1734742969274521, 0.8887163996696472, 0.42436978220939636, -0.6860325932502747], [0.0, 0.0, 0.0, 1.0]]}, "finger1joint1": {"matrix": [[0.018093885853886604, -0.9538650512695312, 0.29968923330307007, -1.055328130722046], [0.25990191102027893, -0.28494706749916077, -0.9226353168487549, 0.8518736958503723], [0.9654654264450073, 0.09458384662866592, 0.24275556206703186, 0.05354626849293709], [0.0, 0.0, 0.0, 1.0]]}, "finger1joint2": {"matrix": [[-0.05493395775556564, -0.8901672959327698, -0.4523097574710846, -1.5944321155548096], [0.534110963344574, 0.35653895139694214, -0.7665541768074036, 0.6908277273178101], [0.8436276912689209, -0.2836935222148895, 0.45586204528808594, 0.10700301826000214], [0.0, 0.0, 0.0, 1.0]]}, "finger1joint3": {"matrix": [[-0.06776353716850281, -0.5350223183631897, -0.8421157002449036, -1.9760318994522095], [0.44029197096824646, 0.7413827776908875, -0.5064528584480286, 0.843670129776001], [0.8952938914299011, -0.40509578585624695, 0.18532727658748627, -0.014611735939979553], [0.0, 0.0, 0.0, 1.0]]}, "Bone.001": {"matrix": [[0.5982211828231812, -0.42259541153907776, 0.6808407306671143, -0.7148733735084534], [0.6158851385116577, -0.3010881543159485, -0.7280324101448059, 0.6796820759773254], [0.5126563906669617, 0.8548442125320435, 0.08015294373035431, -0.6860325336456299], [0.0, 0.0, 0.0, 1.0]]}, "finger2joint1": {"matrix": [[-0.10101980715990067, -0.5695791840553284, 0.8157046437263489, -0.9827496409416199], [0.2734251320362091, -0.8042214512825012, -0.5276991128921509, 0.4888271987438202], [0.9565737843513489, 0.16972607374191284, 0.2369796484708786, -0.14416074752807617], [0.0, 0.0, 0.0, 1.0]]}, "finger2joint2": {"matrix": [[-0.22706125676631927, -0.7796748876571655, 0.583566427230835, -1.4755206108093262], [0.24716903269290924, -0.6257335543632507, -0.7398410439491272, -0.20694413781166077], [0.9419928789138794, -0.02374974451959133, 0.3347913920879364, 0.0026775910519063473], [0.0, 0.0, 0.0, 1.0]]}, "finger2joint3": {"matrix": [[-0.3662184774875641, -0.9253260493278503, 0.09826111048460007, -1.7714979648590088], [0.2388795018196106, -0.1955457627773285, -0.9511562585830688, -0.4444828927516937], [0.8993443846702576, -0.32485854625701904, 0.2926539480686188, -0.006338208913803101], [0.0, 0.0, 0.0, 1.0]]}, "Bone.002": {"matrix": [[0.12333904206752777, -0.6361362934112549, 0.7616546154022217, -0.7148733139038086], [0.242887943983078, -0.7248190641403198, -0.6447035670280457, 0.6796820759773254], [0.9621813297271729, 0.26451376080513, 0.06511138379573822, -0.6860324740409851], [0.0, 0.0, 0.0, 1.0]]}, "finger3joint1": {"matrix": [[0.4080536961555481, -0.5773134231567383, 0.707248866558075, -0.9830111265182495], [0.5659196972846985, -0.44794130325317383, -0.6921585202217102, 0.37416353821754456], [0.7163987159729004, 0.6826839447021484, 0.14392894506454468, -0.5745372772216797], [0.0, 0.0, 0.0, 1.0]]}, "finger3joint2": {"matrix": [[0.2838866412639618, -0.8550742864608765, -0.4338846504688263, -1.48941969871521], [0.5143899321556091, 0.5176880359649658, -0.6836680769920349, -0.018762290477752686], [0.8092041611671448, -0.029101736843585968, 0.5868064165115356, 0.024300452321767807], [0.0, 0.0, 0.0, 1.0]]}, "finger3joint3": {"matrix": [[0.31002920866012573, -0.42457109689712524, -0.8506590723991394, -2.0427215099334717], [0.6470749974250793, 0.749763011932373, -0.13838127255439758, 0.3162234127521515], [0.6965456604957581, -0.5075380802154541, 0.5071777701377869, 0.00546930730342865], [0.0, 0.0, 0.0, 1.0]]}, "Bone.003": {"matrix": [[0.16514180600643158, 0.007799804210662842, 0.9862388968467712, -0.7148733735084534], [-0.557713508605957, -0.8239993453025818, 0.09990345686674118, 0.6796820163726807], [0.8134394288063049, -0.566537082195282, -0.13172660768032074, -0.6860325336456299], [0.0, 0.0, 0.0, 1.0]]}, "finger4joint1": {"matrix": [[-0.17377415299415588, -0.7250123620033264, 0.6664526462554932, -0.7115302085876465], [0.20432798564434052, -0.6885662078857422, -0.6957918405532837, 0.32649990916252136], [0.963354766368866, 0.015264100395143032, 0.2677954137325287, -0.9288613200187683], [0.0, 0.0, 0.0, 1.0]]}, "finger4joint2": {"matrix": [[-0.17744633555412292, -0.927313506603241, 0.3295479714870453, -1.4317277669906616], [0.17501620948314667, -0.3592590093612671, -0.916679859161377, -0.3574935495853424], [0.9684429168701172, -0.10498544573783875, 0.22604411840438843, -0.9136985540390015], [0.0, 0.0, 0.0, 1.0]]}, "finger4joint3": {"matrix": [[-0.10455013811588287, -0.9931355118751526, 0.052445948123931885, -1.8184757232666016], [0.21766522526741028, -0.0743066668510437, -0.9731906652450562, -0.507327139377594], [0.9704074859619141, -0.09033174812793732, 0.22393982112407684, -0.9574841260910034], [0.0, 0.0, 0.0, 1.0]]}}