{"root": {"matrix": [[0.5196961164474487, -0.8541586399078369, -0.018135469406843185, -5.960464477539063e-08], [-0.3400919735431671, -0.18735620379447937, -0.9215395450592041, -1.4901161193847656e-08], [0.783743143081665, 0.4850882589817047, -0.38786086440086365, 0.0], [0.0, 0.0, 0.0, 1.0]]}, "carpals": {"matrix": [[-0.051092054694890976, -0.5675038695335388, -0.8217838406562805, 0.34125375747680664], [0.979684591293335, 0.13130219280719757, -0.15158328413963318, -0.8488911390304565], [0.1939263492822647, -0.8128337860107422, 0.5492663979530334, 2.290832757949829], [0.0, 0.0, 0.0, 1.0]]}, "metacarpals": {"matrix": [[0.040022652596235275, -0.7778269052505493, -0.6272027492523193, -0.21149158477783203], [0.9867316484451294, 0.12961477041244507, -0.09777753055095673, -0.721003532409668], [0.15734897553920746, -0.6149674654006958, 0.7726940512657166, 1.4991374015808105], [0.0, 0.0, 0.0, 1.0]]}, "finger5joint1": {"matrix": [[-0.3076823651790619, -0.7891684770584106, -0.5315490365028381, -0.4043853282928467], [0.9437733292579651, -0.3241233229637146, -0.06508266925811768, -0.7799515128135681], [-0.12092601507902145, -0.5216867327690125, 0.8445233106613159, 0.8027238845825195], [0.0, 0.0, 0.0, 1.0]]}, "finger5joint2": {"matrix": [[-0.35267508029937744, -0.9331580996513367, 0.0695381909608841, -1.237962007522583], [-0.08071362227201462, -0.043700117617845535, -0.9957786798477173, -1.1223139762878418], [0.9322580695152283, -0.3567989468574524, -0.059906937181949615, 0.2516806423664093], [0.0, 0.0, 0.0, 1.0]]}, "finger5joint3": {"matrix": [[-0.4415413439273834, -0.8856063485145569, -0.14402058720588684, -1.879354476928711], [-0.029496055096387863, 0.17475518584251404, -0.9841697812080383, -1.1523504257202148], [0.8967556357383728, -0.43030357360839844, -0.10328380763530731, 0.006440207362174988], [0.0, 0.0, 0.0, 1.0]]}, "Bone": {"matrix": [[0.8248969316482544, 0.009549149312078953, -0.5652022361755371, -1.4258953332901], [0.03309386596083641, 0.9973264932632446, 0.06514937430620193, -0.5186389684677124], [0.5643133521080017, -0.07244604080915451, 0.8223757147789001, 0.5390025973320007], [0.0, 0.0, 0.0, 1.0]]}, "finger1joint1": {"matrix": [[0.4272081255912781, -0.7604848146438599, -0.4890355169773102, -1.4179487228393555], [0.7269972562789917, 0.6104949712753296, -0.3142779767513275, 0.311323881149292], [0.5375575423240662, -0.22126522660255432, 0.8136789202690125, 0.47871387004852295], [0.0, 0.0, 0.0, 1.0]]}, "finger1joint2": {"matrix": [[0.5709375739097595, -0.6055850386619568, -0.554343581199646, -1.847758173942566], [0.7758053541183472, 0.6188789010047913, 0.122942715883255, 0.6563624143600464], [0.2686193883419037, -0.5002552270889282, 0.8231574296951294, 0.3536595106124878], [0.0, 0.0, 0.0, 1.0]]}, "finger1joint3": {"matrix": [[0.5336929559707642, -0.1683337539434433, -0.8287553191184998, -2.1073625087738037], [0.7610377073287964, 0.5229416489601135, 0.38386669754981995, 0.921665608882904], [0.36877307295799255, -0.8355808854103088, 0.4071987569332123, 0.1392083466053009], [0.0, 0.0, 0.0, 1.0]]}, "Bone.001": {"matrix": [[0.7067230939865112, -0.4781962037086487, -0.5214120745658875, -1.4258953332901], [0.37597933411598206, 0.8781567811965942, -0.29576995968818665, -0.5186389088630676], [0.5993177890777588, 0.012987521477043629, 0.8004056811332703, 0.539002537727356], [0.0, 0.0, 0.0, 1.0]]}, "finger2joint1": {"matrix": [[0.20358958840370178, -0.36608555912971497, -0.9080376029014587, -1.7290160655975342], [0.9138869047164917, 0.40377816557884216, 0.042113274335861206, 0.03801026940345764], [0.3512289226055145, -0.8384175896644592, 0.4167660176753998, 0.5472351312637329], [0.0, 0.0, 0.0, 1.0]]}, "finger2joint2": {"matrix": [[0.2526891231536865, -0.2607192099094391, -0.9317582249641418, -2.0457346439361572], [0.9388381242752075, 0.2989197075366974, 0.17096707224845886, 0.3873385488986969], [0.2339467704296112, -0.917971670627594, 0.32030701637268066, -0.17812100052833557], [0.0, 0.0, 0.0, 1.0]]}, "finger2joint3": {"matrix": [[0.30335548520088196, -0.07666992396116257, -0.9497877955436707, -2.144707679748535], [0.9478707313537598, 0.12632371485233307, 0.2925458550453186, 0.500813364982605], [0.09755146503448486, -0.9890215396881104, 0.11099431663751602, -0.5265980958938599], [0.0, 0.0, 0.0, 1.0]]}, "Bone.002": {"matrix": [[0.1812446117401123, -0.8900063633918762, -0.4183763563632965, -1.4258953332901], [0.886402428150177, 0.3321051597595215, -0.32248520851135254, -0.5186389088630676], [0.42595911026000977, -0.3124009966850281, 0.8490961790084839, 0.539002537727356], [0.0, 0.0, 0.0, 1.0]]}, "finger3joint1": {"matrix": [[0.7706447243690491, -0.6199348568916321, -0.14760485291481018, -1.801041841506958], [0.48915794491767883, 0.7239087820053101, -0.48649826645851135, -0.37865325808525085], [0.40844982862472534, 0.3027155101299286, 0.8611224889755249, 0.40732237696647644], [0.0, 0.0, 0.0, 1.0]]}, "finger3joint2": {"matrix": [[0.6680625081062317, 0.028886275365948677, -0.7435440421104431, -2.3448374271392822], [0.6159700751304626, 0.539132297039032, 0.5743841528892517, 0.2563461363315582], [0.4174605906009674, -0.8417253494262695, 0.3423813581466675, 0.6728588938713074], [0.0, 0.0, 0.0, 1.0]]}, "finger3joint3": {"matrix": [[0.7841846346855164, 0.4459243416786194, -0.43151548504829407, -2.326145648956299], [0.5365862250328064, -0.13803955912590027, 0.8324783444404602, 0.6052080392837524], [0.31165623664855957, -0.8843622803688049, -0.34752514958381653, 0.12819498777389526], [0.0, 0.0, 0.0, 1.0]]}, "Bone.003": {"matrix": [[-0.5619972944259644, -0.7379742860794067, 0.37356770038604736, -1.4258952140808105], [0.5889714956283569, -0.6741410493850708, -0.44569748640060425, -0.5186389088630676], [0.5807508230209351, -0.030460145324468613, 0.813511312007904, 0.539002537727356], [0.0, 0.0, 0.0, 1.0]]}, "finger4joint1": {"matrix": [[0.03594954311847687, -0.6305322647094727, -0.7753297686576843, -1.7422053813934326], [0.9884160757064819, 0.1369026005268097, -0.06550577282905579, -0.8075888752937317], [0.14744848012924194, -0.7639936208724976, 0.6281499862670898, 0.5259467363357544], [0.0, 0.0, 0.0, 1.0]]}, "finger4joint2": {"matrix": [[0.006507870275527239, -0.010710532777011395, -0.9999212622642517, -2.3685503005981445], [0.9898452162742615, 0.14206233620643616, 0.004920428153127432, -0.6715953946113586], [0.141998752951622, -0.9897995591163635, 0.01152640487998724, -0.23297327756881714], [0.0, 0.0, 0.0, 1.0]]}, "finger4joint3": {"matrix": [[0.022002458572387695, 0.42155683040618896, -0.9065347909927368, -2.3730173110961914], [0.9744320511817932, 0.1937580704689026, 0.11375156790018082, -0.6123465299606323], [0.22360147535800934, -0.8858596682548523, -0.40651533007621765, -0.6457818746566772], [0.0, 0.0, 0.0, 1.0]]}}