{"root": {"matrix": [[0.31005585193634033, -0.8787156343460083, 0.3629382252693176, -5.960464477539063e-08], [0.5840161442756653, -0.12519364058971405, -0.8020297288894653, -1.4901161193847656e-08], [0.7501936554908752, 0.460635781288147, 0.47436708211898804, 2.9802322387695312e-08], [0.0, 0.0, 0.0, 1.0]]}, "carpals": {"matrix": [[-0.5625962615013123, -0.4149477481842041, -0.7150549292564392, -0.1997217833995819], [0.822412371635437, -0.36919698119163513, -0.4328179955482483, 1.2883650064468384], [-0.08439918607473373, -0.8315717577934265, 0.5489670038223267, 2.094089984893799], [0.0, 0.0, 0.0, 1.0]]}, "metacarpals": {"matrix": [[-0.6167212128639221, -0.7380689382553101, -0.27369508147239685, -0.603878378868103], [0.7352990508079529, -0.4159943759441376, -0.5350550413131714, 0.9287693500518799], [0.28105196356773376, -0.5312274694442749, 0.7992538809776306, 1.2841440439224243], [0.0, 0.0, 0.0, 1.0]]}, "finger5joint1": {"matrix": [[-0.6479685306549072, -0.6196231245994568, -0.4429488182067871, -0.8042690753936768], [0.6576266288757324, -0.1617247611284256, -0.7357800006866455, 0.7824586629867554], [0.38427063822746277, -0.7680571675300598, 0.5122732520103455, 0.6028867363929749], [0.0, 0.0, 0.0, 1.0]]}, "finger5joint2": {"matrix": [[-0.4346143305301666, -0.6521307826042175, 0.6211562752723694, -1.4587597846984863], [-0.7495661973953247, -0.120418019592762, -0.6508838534355164, 0.6116332411766052], [0.499259889125824, -0.7484810948371887, -0.4364801049232483, -0.20839077234268188], [0.0, 0.0, 0.0, 1.0]]}, "finger5joint3": {"matrix": [[-0.5271313786506653, -0.7096990942955017, 0.46739599108695984, -1.906991958618164], [-0.7205587029457092, 0.08172270655632019, -0.688560962677002, 0.5288656949996948], [0.4504743218421936, -0.6997483372688293, -0.5544586777687073, -0.7228480577468872], [0.0, 0.0, 0.0, 1.0]]}, "Bone": {"matrix": [[0.6544206738471985, -0.6792764067649841, -0.3321399390697479, -1.756208896636963], [0.568320631980896, 0.7316166758537292, -0.3764951527118683, 0.27928662300109863], [0.49874332547187805, 0.05762431398034096, 0.8648318648338318, 0.45475050806999207], [0.0, 0.0, 0.0, 1.0]]}, "finger1joint1": {"matrix": [[-0.5237805247306824, -0.6630735993385315, -0.5347776412963867, -2.3214941024780273], [0.7690632939338684, -0.09811282157897949, -0.6315975189208984, 0.8881289958953857], [0.366327166557312, -0.7420962452888489, 0.5613352060317993, 0.5027047395706177], [0.0, 0.0, 0.0, 1.0]]}, "finger1joint2": {"matrix": [[-0.3227258622646332, 0.49357226490974426, -0.8076102137565613, -2.69624924659729], [0.9266481399536133, 0.3385736644268036, -0.163374125957489, 0.8326777815818787], [0.1927986443042755, -0.8010955452919006, -0.5666341781616211, 0.08328801393508911], [0.0, 0.0, 0.0, 1.0]]}, "finger1joint3": {"matrix": [[-0.4207450747489929, 0.8868491649627686, 0.19097621738910675, -2.4846627712249756], [0.8922902941703796, 0.3665821850299835, 0.2635064125061035, 0.9778187274932861], [0.1636820137500763, 0.2812751233577728, -0.9455644488334656, -0.2601284682750702], [0.0, 0.0, 0.0, 1.0]]}, "Bone.001": {"matrix": [[0.34201252460479736, -0.937825083732605, -0.0592559315264225, -1.756208896636963], [0.7337089776992798, 0.3059084415435791, -0.6067050099372864, 0.27928662300109863], [0.5871100425720215, 0.16402418911457062, 0.7927151918411255, 0.4547504782676697], [0.0, 0.0, 0.0, 1.0]]}, "finger2joint1": {"matrix": [[-0.5019720196723938, -0.04891396686434746, -0.8634994029998779, -2.3506808280944824], [0.7850845456123352, 0.3931043744087219, -0.47865545749664307, 0.47319698333740234], [0.362858384847641, -0.91819167137146, -0.15892571210861206, 0.558722734451294], [0.0, 0.0, 0.0, 1.0]]}, "finger2joint2": {"matrix": [[-0.42238345742225647, 0.1234605461359024, -0.8979696035385132, -2.392998695373535], [0.8582773208618164, 0.37303730845451355, -0.35242465138435364, 0.8132908344268799], [0.29146572947502136, -0.9195652008056641, -0.26352807879447937, -0.23564982414245605], [0.0, 0.0, 0.0, 1.0]]}, "finger2joint3": {"matrix": [[-0.32349830865859985, 0.3790365159511566, -0.8669947385787964, -2.3461310863494873], [0.9234336018562317, 0.326369971036911, -0.20187316834926605, 0.9549018740653992], [0.20644380152225494, -0.8659177422523499, -0.45559513568878174, -0.5847318172454834], [0.0, 0.0, 0.0, 1.0]]}, "Bone.002": {"matrix": [[-0.40787646174430847, -0.9121508598327637, 0.04021591693162918, -1.756208896636963], [0.7486523985862732, -0.3593302071094513, -0.5571367740631104, 0.279286652803421], [0.5226436853408813, -0.1971350908279419, 0.8294462561607361, 0.4547504782676697], [0.0, 0.0, 0.0, 1.0]]}, "finger3joint1": {"matrix": [[0.013395397923886776, -0.9436724781990051, -0.3306094706058502, -2.1406896114349365], [0.7931162118911743, 0.2113795280456543, -0.5712140798568726, 0.12782537937164307], [0.608923077583313, -0.25455987453460693, 0.7512733340263367, 0.37165606021881104], [0.0, 0.0, 0.0, 1.0]]}, "finger3joint2": {"matrix": [[-0.12317381799221039, 0.7212061285972595, -0.6816815733909607, -2.9684619903564453], [0.8381167054176331, 0.4434279501438141, 0.31769824028015137, 0.313243567943573], [0.531402587890625, -0.5321966409683228, -0.6590733528137207, 0.14836086332798004], [0.0, 0.0, 0.0, 1.0]]}, "finger3joint3": {"matrix": [[0.029150614514946938, 0.986150860786438, 0.1632683426141739, -2.5017833709716797], [0.7937088012695312, -0.12212219834327698, 0.5959132313728333, 0.6001770496368408], [0.6075990200042725, 0.11221595853567123, -0.7862764596939087, -0.19601312279701233], [0.0, 0.0, 0.0, 1.0]]}, "Bone.003": {"matrix": [[-0.7198120355606079, -0.07986720651388168, 0.6895590424537659, -1.756208896636963], [0.01505477074533701, -0.9949216842651367, -0.0995202362537384, 0.279286652803421], [0.6940056681632996, -0.06125470623373985, 0.7173588871955872, 0.4547504782676697], [0.0, 0.0, 0.0, 1.0]]}, "finger4joint1": {"matrix": [[-0.8204083442687988, -0.4564678966999054, -0.3443351984024048, -1.790441632270813], [0.5681251883506775, -0.5828120112419128, -0.5810023546218872, -0.14715611934661865], [0.06452637165784836, -0.672284722328186, 0.7374748587608337, 0.42849552631378174], [0.0, 0.0, 0.0, 1.0]]}, "finger4joint2": {"matrix": [[-0.8371525406837463, -0.07204972207546234, -0.5422028303146362, -2.243878126144409], [0.5432907938957214, 0.005236674100160599, -0.8395281434059143, -0.7260977029800415], [0.06332724541425705, -0.9973870515823364, 0.03476012498140335, -0.23932456970214844], [0.0, 0.0, 0.0, 1.0]]}, "finger4joint3": {"matrix": [[-0.8202443718910217, 0.16960474848747253, -0.5462899804115295, -2.2739272117614746], [0.553197979927063, 0.47813600301742554, -0.6821713447570801, -0.7239136695861816], [0.1455015391111374, -0.8617539405822754, -0.48601338267326355, -0.6552976369857788], [0.0, 0.0, 0.0, 1.0]]}}