{"root": {"matrix": [[0.5775370001792908, -0.4063569903373718, 0.708043098449707, 0.0], [0.5610865354537964, 0.8275765180587769, 0.017291665077209473, 5.960464477539063e-08], [-0.5929863452911377, 0.3872869312763214, 0.7059575319290161, 0.0], [0.0, 0.0, 0.0, 1.0]]}, "carpals": {"matrix": [[-0.7472481727600098, -0.664516031742096, 0.006185812409967184, 0.8287334442138672], [0.6367700099945068, -0.7186486124992371, -0.27940624952316284, 2.07698392868042], [0.19011540710926056, -0.20484702289104462, 0.9601529836654663, -1.0413087606430054], [0.0, 0.0, 0.0, 1.0]]}, "metacarpals": {"matrix": [[0.07337036728858948, -0.6812538504600525, 0.7283608913421631, 0.18149882555007935], [0.02424132265150547, -0.7288952469825745, -0.6841957569122314, 1.377024531364441], [0.9970100522041321, 0.06785605102777481, -0.036964841187000275, -1.2408283948898315], [0.0, 0.0, 0.0, 1.0]]}, "finger5joint1": {"matrix": [[0.11354319751262665, -0.811154305934906, 0.5737040042877197, -0.5197699666023254], [-0.05256561189889908, -0.5815339684486389, -0.8118219375610352, 1.2382687330245972], [0.9921414852142334, 0.06201963871717453, -0.10866811126470566, -1.361840009689331], [0.0, 0.0, 0.0, 1.0]]}, "finger5joint2": {"matrix": [[0.5929490923881531, -0.7678503394126892, -0.24252116680145264, -1.3765697479248047], [-0.7938724756240845, -0.6078625321388245, -0.016403496265411377, 0.624010443687439], [-0.13482418656349182, 0.20225714147090912, -0.9700073003768921, -1.2963303327560425], [0.0, 0.0, 0.0, 1.0]]}, "finger5joint3": {"matrix": [[0.5311251878738403, -0.751545786857605, -0.3912598788738251, -1.9043402671813965], [-0.8450403213500977, -0.5035046339035034, -0.17997035384178162, 0.20620526373386383], [-0.061745282262563705, 0.42621713876724243, -0.9025110006332397, -1.1573119163513184], [0.0, 0.0, 0.0, 1.0]]}, "Bone": {"matrix": [[0.6203415393829346, -0.15812280774116516, 0.7682272791862488, -0.8821276426315308], [0.7791123390197754, 0.011424067430198193, -0.6267799735069275, 0.23901666700839996], [0.09033203125, 0.9873533248901367, 0.13028228282928467, -1.134886384010315], [0.0, 0.0, 0.0, 1.0]]}, "finger1joint1": {"matrix": [[0.1897374540567398, -0.8120366334915161, 0.5519019961357117, -1.0137155055999756], [0.1015058383345604, -0.542877197265625, -0.8336549401283264, 0.24852360785007477], [0.9765737056732178, 0.21419686079025269, -0.020577719435095787, -0.31322306394577026], [0.0, 0.0, 0.0, 1.0]]}, "finger1joint2": {"matrix": [[0.028900280594825745, -0.9602124691009521, 0.2777707278728485, -1.472661018371582], [0.361335813999176, -0.2490594983100891, -0.8985574841499329, -0.05829881876707077], [0.9319877624511719, 0.12633705139160156, 0.33976125717163086, -0.1921636462211609], [0.0, 0.0, 0.0, 1.0]]}, "finger1joint3": {"matrix": [[0.09209015220403671, -0.8668210506439209, -0.49004119634628296, -1.8842883110046387], [0.27737122774124146, 0.494984894990921, -0.8234409093856812, -0.16506651043891907], [0.9563392400741577, -0.0600925087928772, 0.2860144078731537, -0.13800503313541412], [0.0, 0.0, 0.0, 1.0]]}, "Bone.001": {"matrix": [[0.6162568926811218, -0.09995061904191971, 0.7811766266822815, -0.8821276426315308], [0.6573508977890015, -0.48099398612976074, -0.5801157355308533, 0.23901668190956116], [0.4337243437767029, 0.8710076808929443, -0.23071329295635223, -1.1348862648010254], [0.0, 0.0, 0.0, 1.0]]}, "finger2joint1": {"matrix": [[0.27052274346351624, -0.6468567252159119, 0.7130171656608582, -0.9454846382141113], [0.20530793070793152, -0.6848312020301819, -0.6991813778877258, -0.06587749719619751], [0.9405667781829834, 0.335532546043396, -0.052457619458436966, -0.5827687978744507], [0.0, 0.0, 0.0, 1.0]]}, "finger2joint2": {"matrix": [[0.14386382699012756, -0.767841637134552, 0.6242771744728088, -1.5051120519638062], [0.20626741647720337, -0.5937168598175049, -0.7777877449989319, -0.6583585739135742], [0.9678620100021362, 0.24066351354122162, 0.07296633720397949, -0.2924831509590149], [0.0, 0.0, 0.0, 1.0]]}, "finger2joint3": {"matrix": [[-0.0015153171261772513, -0.900159478187561, 0.4355572760105133, -1.7965974807739258], [0.20547537505626678, -0.42654407024383545, -0.8808175921440125, -0.8837432265281677], [0.9786610007286072, 0.08816152065992355, 0.18560700118541718, -0.20112334191799164], [0.0, 0.0, 0.0, 1.0]]}, "Bone.002": {"matrix": [[0.359653502702713, -0.40688368678092957, 0.8396992087364197, -0.8821275234222412], [0.1448352187871933, -0.8646652698516846, -0.4810161590576172, 0.23901668190956116], [0.9217765927314758, 0.29461708664894104, -0.2520488202571869, -1.1348862648010254], [0.0, 0.0, 0.0, 1.0]]}, "finger3joint1": {"matrix": [[0.28907689452171326, -0.8882169127464294, -0.3570783734321594, -1.053633213043213], [0.11658893525600433, 0.40289244055747986, -0.9077909588813782, -0.12544837594032288], [0.9501798748970032, 0.22079002857208252, 0.220023050904274, -1.0107022523880005], [0.0, 0.0, 0.0, 1.0]]}, "finger3joint2": {"matrix": [[0.15862488746643066, -0.44710007309913635, -0.8803064823150635, -1.8327606916427612], [0.21395549178123474, 0.8859750032424927, -0.4114256799221039, 0.22796142101287842], [0.9638782739639282, -0.12308402359485626, 0.2361971139907837, -0.8170293569564819], [0.0, 0.0, 0.0, 1.0]]}, "finger3joint3": {"matrix": [[0.28202125430107117, -0.13927976787090302, -0.9492443799972534, -2.1220703125], [0.3237851858139038, 0.9451761245727539, -0.0424858033657074, 0.8012584447860718], [0.9031208157539368, -0.29536935687065125, 0.3116564154624939, -0.8966745734214783], [0.0, 0.0, 0.0, 1.0]]}, "Bone.003": {"matrix": [[0.4828302562236786, -0.027612967416644096, 0.8752784132957458, -0.8821276426315308], [-0.6069886088371277, -0.7310013771057129, 0.31177183985710144, 0.23901668190956116], [0.631220817565918, -0.6818171143531799, -0.3697103261947632, -1.1348862648010254], [0.0, 0.0, 0.0, 1.0]]}, "finger4joint1": {"matrix": [[0.22082801163196564, -0.5988174676895142, 0.7698391079902649, -0.893963098526001], [0.1954774111509323, -0.7461347579956055, -0.6364519596099854, -0.07430469989776611], [0.9555225968360901, 0.29103249311447144, -0.047712188214063644, -1.427126407623291], [0.0, 0.0, 0.0, 1.0]]}, "finger4joint2": {"matrix": [[0.22186771035194397, -0.971150279045105, -0.08741515129804611, -1.488803744316101], [0.16599583625793457, 0.12595954537391663, -0.9780486226081848, -0.815484344959259], [0.9608432650566101, 0.20248684287071228, 0.18915316462516785, -1.1380265951156616], [0.0, 0.0, 0.0, 1.0]]}, "finger4joint3": {"matrix": [[0.30308258533477783, -0.8012394905090332, -0.5159029364585876, -1.8938345909118652], [0.16924051940441132, 0.5780169367790222, -0.7982816696166992, -0.7629513740539551], [0.9378156661987305, 0.15463364124298096, 0.31078895926475525, -1.0535768270492554], [0.0, 0.0, 0.0, 1.0]]}}