{"root": {"matrix": [[0.3260643184185028, -0.7157347798347473, 0.6175805926322937, 0.0], [0.6548895835876465, -0.3001165986061096, -0.6935774683952332, 0.0], [0.681763768196106, 0.6305979490280151, 0.37086987495422363, 0.0], [0.0, 0.0, 0.0, 1.0]]}, "carpals": {"matrix": [[-0.9292045831680298, -0.3062843382358551, -0.20680546760559082, -0.03261923789978027], [0.3217853307723999, -0.39532962441444397, -0.8603305220603943, 1.265233039855957], [0.18174953758716583, -0.8659700155258179, 0.46589991450309753, 2.1173348426818848], [0.0, 0.0, 0.0, 1.0]]}, "metacarpals": {"matrix": [[-0.7661377787590027, -0.42514556646347046, 0.4819584786891937, -0.33093833923339844], [-0.3260723650455475, -0.3890897035598755, -0.8615601658821106, 0.8801843523979187], [0.553813636302948, -0.8172270655632019, 0.15946801006793976, 1.2738853693008423], [0.0, 0.0, 0.0, 1.0]]}, "finger5joint1": {"matrix": [[-0.8097048997879028, -0.4844963848590851, 0.3311208486557007, -0.6373870372772217], [-0.50440514087677, 0.28621870279312134, -0.8146497011184692, 1.069775104522705], [0.29992198944091797, -0.8266448378562927, -0.47613525390625, 0.6447436809539795], [0.0, 0.0, 0.0, 1.0]]}, "finger5joint2": {"matrix": [[0.22788481414318085, -0.9727014899253845, -0.043814148753881454, -1.1491472721099854], [-0.8487064838409424, -0.22048814594745636, 0.4807097911834717, 1.3720999956130981], [-0.47724777460098267, -0.0723608061671257, -0.8757840991020203, -0.22841838002204895], [0.0, 0.0, 0.0, 1.0]]}, "finger5joint3": {"matrix": [[0.1381477266550064, -0.9064318537712097, -0.39911898970603943, -1.8177189826965332], [-0.8907560110092163, -0.2898832857608795, 0.3500298857688904, 1.220550775527954], [-0.43297627568244934, 0.30716216564178467, -0.8474563360214233, -0.27815449237823486], [0.0, 0.0, 0.0, 1.0]]}, "Bone": {"matrix": [[0.2594011723995209, -0.8931167125701904, 0.3674960732460022, -0.9947085380554199], [0.4055066406726837, -0.24463000893592834, -0.8807498812675476, 0.2727072834968567], [0.8765129446983337, 0.37748974561691284, 0.29870739579200745, -0.0020329654216766357], [0.0, 0.0, 0.0, 1.0]]}, "finger1joint1": {"matrix": [[-0.6917632222175598, -0.627721905708313, 0.35697147250175476, -1.737949252128601], [-0.2986079156398773, -0.20143327116966248, -0.9328761100769043, 0.06912920624017715], [0.6574927568435669, -0.7519237399101257, -0.04809863865375519, 0.3121092915534973], [0.0, 0.0, 0.0, 1.0]]}, "finger1joint2": {"matrix": [[-0.7549052238464355, -0.44807693362236023, -0.47889989614486694, -2.092724323272705], [0.003680727444589138, 0.7273092269897461, -0.6862999200820923, -0.04471650719642639], [0.6558235883712769, -0.5198540091514587, -0.547400176525116, -0.11286172270774841], [0.0, 0.0, 0.0, 1.0]]}, "finger1joint3": {"matrix": [[-0.7825742363929749, 0.290563702583313, -0.5505908727645874, -2.2848074436187744], [-0.09252715855836868, 0.8202946782112122, 0.5644070506095886, 0.2670689821243286], [0.6156430244445801, 0.4926348924636841, -0.6150562763214111, -0.33571457862854004], [0.0, 0.0, 0.0, 1.0]]}, "Bone.001": {"matrix": [[-0.01662907935678959, -0.7458896636962891, 0.6658617258071899, -0.9947085380554199], [0.19197356700897217, -0.6559454202651978, -0.729987382888794, 0.2727072834968567], [0.9812589883804321, 0.11568887531757355, 0.154098778963089, -0.0020329803228378296], [0.0, 0.0, 0.0, 1.0]]}, "finger2joint1": {"matrix": [[-0.6174212098121643, -0.34902718663215637, 0.7049615383148193, -1.4675158262252808], [-0.18741688132286072, -0.8051005601882935, -0.5627502202987671, -0.143085777759552], [0.7639800906181335, -0.47957560420036316, 0.43167248368263245, 0.07130029797554016], [0.0, 0.0, 0.0, 1.0]]}, "finger2joint2": {"matrix": [[-0.7089489698410034, -0.4974896013736725, 0.49989521503448486, -1.7694764137268066], [-0.2066449522972107, -0.5311711430549622, -0.821678102016449, -0.8396176695823669], [0.674306333065033, -0.6858285665512085, 0.27376943826675415, -0.34360402822494507], [0.0, 0.0, 0.0, 1.0]]}, "finger2joint3": {"matrix": [[-0.803143322467804, -0.5572928190231323, 0.21067774295806885, -1.95833158493042], [-0.19195370376110077, -0.09271390736103058, -0.9770146608352661, -1.0412589311599731], [0.5640161633491516, -0.8251231908798218, -0.0325118824839592, -0.603955864906311], [0.0, 0.0, 0.0, 1.0]]}, "Bone.002": {"matrix": [[-0.5424746870994568, -0.4433605968952179, 0.7135491967201233, -0.9947086572647095], [-0.3083033561706543, -0.6850511431694031, -0.6600407958030701, 0.2727072536945343], [0.7814538478851318, -0.5780449509620667, 0.23493321239948273, -0.0020329654216766357], [0.0, 0.0, 0.0, 1.0]]}, "finger3joint1": {"matrix": [[-0.676162838935852, -0.7364588975906372, -0.020785940811038017, -1.1815894842147827], [-0.28685981035232544, 0.28915083408355713, -0.9132924675941467, -0.016048654913902283], [0.6786128282546997, -0.6115716099739075, -0.4067734181880951, -0.24568474292755127], [0.0, 0.0, 0.0, 1.0]]}, "finger3joint2": {"matrix": [[-0.782785177230835, -0.4359796643257141, -0.4440370500087738, -1.8275978565216064], [-0.2018817663192749, 0.8528753519058228, -0.48150524497032166, 0.2375890612602234], [0.5886349081993103, -0.2872721254825592, -0.7556344866752625, -0.7821440696716309], [0.0, 0.0, 0.0, 1.0]]}, "finger3joint3": {"matrix": [[-0.7176192402839661, -0.17702771723270416, -0.6735604405403137, -2.1097116470336914], [-0.07546795159578323, 0.9812256097793579, -0.17748481035232544, 0.7894679307937622], [0.6923346519470215, -0.07653428614139557, -0.7175061106681824, -0.96803218126297], [0.0, 0.0, 0.0, 1.0]]}, "Bone.003": {"matrix": [[-0.20608428120613098, 0.5645810961723328, 0.799235463142395, -0.9947085976600647], [-0.9134806394577026, -0.40383225679397583, 0.04972487688064575, 0.2727072834968567], [0.3508307635784149, -0.7198386788368225, 0.5989573001861572, -0.0020329654216766357], [0.0, 0.0, 0.0, 1.0]]}, "finger4joint1": {"matrix": [[-0.4210895895957947, -0.7282877564430237, 0.5406294465065002, -0.7527181506156921], [-0.04320748895406723, -0.5792673826217651, -0.8139914870262146, 0.09961697459220886], [0.9059891700744629, -0.36612245440483093, 0.21245595812797546, -0.3105698823928833], [0.0, 0.0, 0.0, 1.0]]}, "finger4joint2": {"matrix": [[-0.42715537548065186, -0.8771606087684631, 0.2193790227174759, -1.4761693477630615], [-0.07218500226736069, -0.2087704986333847, -0.9752968549728394, -0.47580352425575256], [0.9012919664382935, -0.43243905901908875, 0.02585962787270546, -0.6742608547210693], [0.0, 0.0, 0.0, 1.0]]}, "finger4joint3": {"matrix": [[-0.3559255301952362, -0.9332442879676819, -0.048700347542762756, -1.8420004844665527], [-0.04030590504407883, 0.06739506125450134, -0.9969117641448975, -0.5628740191459656], [0.9336444735527039, -0.3528633415699005, -0.06160281226038933, -0.8546151518821716], [0.0, 0.0, 0.0, 1.0]]}}