{"root": {"matrix": [[0.08398845046758652, -0.959979772567749, 0.26717936992645264, 5.960464477539063e-08], [-0.5715956687927246, -0.26604151725769043, -0.7762089371681213, 0.0], [0.8162255883216858, -0.08752601593732834, -0.5710647702217102, -7.450580596923828e-09], [0.0, 0.0, 0.0, 1.0]]}, "carpals": {"matrix": [[-0.46541792154312134, -0.44564247131347656, -0.7647148370742798, -0.7797441482543945], [0.7793002724647522, 0.20328572392463684, -0.5927609801292419, -1.4657881259918213], [0.41961532831192017, -0.8718242049217224, 0.25267645716667175, 1.8244037628173828], [0.0, 0.0, 0.0, 1.0]]}, "metacarpals": {"matrix": [[-0.5472835898399353, -0.47170403599739075, -0.6913579106330872, -1.2137970924377441], [0.5487491488456726, 0.4214785099029541, -0.721962571144104, -1.2677891254425049], [0.6319454312324524, -0.77450031042099, 0.028178805485367775, 0.9752522110939026], [0.0, 0.0, 0.0, 1.0]]}, "finger5joint1": {"matrix": [[-0.6583330631256104, -0.2883886694908142, -0.6952908039093018, -1.1025526523590088], [0.5974442958831787, 0.3616925776004791, -0.715708315372467, -0.8265589475631714], [0.4578840136528015, -0.8865720629692078, -0.06581812351942062, 0.4107920527458191], [0.0, 0.0, 0.0, 1.0]]}, "finger5joint2": {"matrix": [[-0.5096142292022705, -0.6957761645317078, 0.5061505436897278, -1.4071695804595947], [-0.8527783751487732, 0.33031368255615234, -0.4045506417751312, -0.44451308250427246], [0.11428806185722351, -0.6377989649772644, -0.7616759538650513, -0.5256694555282593], [0.0, 0.0, 0.0, 1.0]]}, "finger5joint3": {"matrix": [[-0.5994324684143066, -0.8004218935966492, 0.0022327485494315624, -1.8854007720947266], [-0.7946463823318481, 0.5947679281234741, -0.12160391360521317, -0.21747690439224243], [0.09600632637739182, -0.07466728985309601, -0.992576003074646, -0.9640510678291321], [0.0, 0.0, 0.0, 1.0]]}, "Bone": {"matrix": [[0.4382665753364563, -0.500776469707489, -0.7464215159416199, -1.9502580165863037], [-0.26907238364219666, 0.719247579574585, -0.6405330896377563, -0.609744131565094], [0.8576258420944214, 0.4815659523010254, 0.18047700822353363, -0.23395779728889465], [0.0, 0.0, 0.0, 1.0]]}, "finger1joint1": {"matrix": [[-0.44098609685897827, -0.6240574717521667, -0.6450451612472534, -2.3669981956481934], [0.364577054977417, 0.532182514667511, -0.7641106247901917, -0.011195212602615356], [0.8201310038566589, -0.5721307396888733, -0.0071681225672364235, 0.16679544746875763], [0.0, 0.0, 0.0, 1.0]]}, "finger1joint2": {"matrix": [[-0.21108794212341309, 0.5289366245269775, -0.8219901323318481, -2.7197020053863525], [0.5691879987716675, 0.7501708269119263, 0.33655402064323425, 0.2895827889442444], [0.7946490049362183, -0.39682430028915405, -0.4594162404537201, -0.156560480594635], [0.0, 0.0, 0.0, 1.0]]}, "finger1joint3": {"matrix": [[-0.3125103712081909, 0.8727100491523743, 0.37511903047561646, -2.492955446243286], [0.5724387764930725, -0.14211982488632202, 0.807536780834198, 0.6111686825752258], [0.7580575942993164, 0.4670961797237396, -0.4551589787006378, -0.3266724944114685], [0.0, 0.0, 0.0, 1.0]]}, "Bone.001": {"matrix": [[0.1517430543899536, -0.8451748490333557, -0.512497067451477, -1.9502582550048828], [-0.08341673761606216, 0.5057011842727661, -0.8586661219596863, -0.6097441911697388], [0.9848935604095459, 0.17304763197898865, 0.006234781350940466, -0.23395779728889465], [0.0, 0.0, 0.0, 1.0]]}, "finger2joint1": {"matrix": [[-0.46884945034980774, 0.26544514298439026, -0.8424481153488159, -2.4860007762908936], [0.5077164173126221, 0.8614521622657776, -0.011127481237053871, -0.2891884446144104], [0.7227752208709717, -0.4329417645931244, -0.538662314414978, -0.12426573038101196], [0.0, 0.0, 0.0, 1.0]]}, "finger2joint2": {"matrix": [[-0.36305636167526245, 0.8186733722686768, 0.44493114948272705, -2.2563509941101074], [0.5823853611946106, -0.1733664572238922, 0.7942109107971191, 0.45609599351882935], [0.7273358106613159, 0.5474647283554077, -0.41384151577949524, -0.4988248944282532], [0.0, 0.0, 0.0, 1.0]]}, "finger2joint3": {"matrix": [[-0.305054634809494, -0.5273658037185669, 0.7929859757423401, -1.9455691576004028], [0.48534709215164185, -0.8025161623954773, -0.3469950556755066, 0.3902832269668579], [0.8193776607513428, 0.27902084589004517, 0.5007666945457458, -0.290998250246048], [0.0, 0.0, 0.0, 1.0]]}, "Bone.002": {"matrix": [[-0.47249892354011536, -0.7670103311538696, -0.43409648537635803, -1.9502582550048828], [0.30633679032325745, 0.3189055025577545, -0.8969151377677917, -0.609744131565094], [0.8263792395591736, -0.5567710399627686, 0.084280826151371, -0.23395782709121704], [0.0, 0.0, 0.0, 1.0]]}, "finger3joint1": {"matrix": [[-0.33879610896110535, -0.3695599138736725, -0.865241289138794, -2.2735607624053955], [0.2220979779958725, 0.862224817276001, -0.4552368223667145, -0.47532227635383606], [0.9142701625823975, -0.34640052914619446, -0.21003994345664978, -0.4686424136161804], [0.0, 0.0, 0.0, 1.0]]}, "finger3joint2": {"matrix": [[-0.3591460883617401, 0.33934715390205383, -0.869400680065155, -2.5977320671081543], [0.3731316030025482, 0.9060705900192261, 0.1995210200548172, 0.2810053825378418], [0.8554455637931824, -0.25274351239204407, -0.45203277468681335, -0.7724985480308533], [0.0, 0.0, 0.0, 1.0]]}, "finger3joint3": {"matrix": [[-0.19054433703422546, 0.6473357677459717, -0.7380034327507019, -2.3781471252441406], [0.37875327467918396, 0.7420472502708435, 0.5530927777290344, 0.8673058748245239], [0.9056704640388489, -0.17413245141506195, -0.38657325506210327, -0.9360438585281372], [0.0, 0.0, 0.0, 1.0]]}, "Bone.003": {"matrix": [[-0.9436239004135132, -0.20484744012355804, 0.26002174615859985, -1.9502581357955933], [-0.11427818238735199, -0.5356250405311584, -0.8366876244544983, -0.609744131565094], [0.3106675446033478, -0.8192334771156311, 0.4820188283920288, -0.23395779728889465], [0.0, 0.0, 0.0, 1.0]]}, "finger4joint1": {"matrix": [[-0.5619810223579407, -0.6736942529678345, -0.47990939021110535, -2.038059711456299], [0.5623352527618408, 0.11430948227643967, -0.8189700841903687, -0.8393234610557556], [0.6065940260887146, -0.7301157116889954, 0.31460222601890564, -0.5850971937179565], [0.0, 0.0, 0.0, 1.0]]}, "finger4joint2": {"matrix": [[-0.586438775062561, 0.6920745372772217, -0.4208585023880005, -2.707279920578003], [0.5488884449005127, 0.7216398119926453, 0.42184942960739136, -0.7257730960845947], [0.5956599116325378, 0.016384555026888847, -0.8030694127082825, -1.3103642463684082], [0.0, 0.0, 0.0, 1.0]]}, "finger4joint3": {"matrix": [[-0.6357189416885376, 0.5382043719291687, 0.5533506870269775, -2.4186413288116455], [0.4807717502117157, -0.2847726345062256, 0.8293145298957825, -0.42480388283729553], [0.6039202213287354, 0.7932464480400085, -0.07771801948547363, -1.3035306930541992], [0.0, 0.0, 0.0, 1.0]]}}