{"root": {"matrix": [[0.4563634395599365, -0.8717374205589294, 0.17834307253360748, 0.0], [-0.34642383456230164, -0.3586882948875427, -0.8667948246002197, 0.0], [0.8195870518684387, 0.3337911367416382, -0.4656829237937927, 2.9802322387695312e-08], [0.0, 0.0, 0.0, 1.0]]}, "carpals": {"matrix": [[-0.38677743077278137, -0.4958091974258423, -0.7775449752807617, 0.15873274207115173], [0.8643267154693604, 0.0990193709731102, -0.49308642745018005, -1.0370678901672363], [0.3214690685272217, -0.8627676963806152, 0.39024269580841064, 2.2325499057769775], [0.0, 0.0, 0.0, 1.0]]}, "metacarpals": {"matrix": [[-0.43262186646461487, -0.799647331237793, -0.4164159595966339, -0.324182391166687], [0.8014888763427734, -0.1296069175004959, -0.5837956666946411, -0.9406235218048096], [0.41286054253578186, -0.5863155722618103, 0.6969792246818542, 1.3922193050384521], [0.0, 0.0, 0.0, 1.0]]}, "finger5joint1": {"matrix": [[-0.20427918434143066, -0.7822651267051697, -0.5884988903999329, -0.5333063006401062], [0.692752480506897, 0.3092304468154907, -0.6515138149261475, -0.9150654673576355], [0.6916386485099792, -0.5407747626304626, 0.4787467420101166, 0.6984695792198181], [0.0, 0.0, 0.0, 1.0]]}, "finger5joint2": {"matrix": [[-0.5874342918395996, -0.8084712624549866, -0.035978302359580994, -1.3595913648605347], [-0.6553347110748291, 0.5013086199760437, -0.5650004744529724, -0.5884338617324829], [0.4748229384422302, -0.3083226978778839, -0.8243057131767273, 0.12726420164108276], [0.0, 0.0, 0.0, 1.0]]}, "finger5joint3": {"matrix": [[-0.6574683785438538, -0.7228519320487976, -0.2126491218805313, -1.9152820110321045], [-0.5735689997673035, 0.6631537675857544, -0.4808795750141144, -0.2438669055700302], [0.48862388730049133, -0.1941939890384674, -0.8506085872650146, -0.08465677499771118], [0.0, 0.0, 0.0, 1.0]]}, "Bone": {"matrix": [[0.7555434703826904, -0.4876181185245514, -0.4374726712703705, -1.5726540088653564], [0.30075475573539734, 0.8514506220817566, -0.42962560057640076, -1.142975926399231], [0.5819796919822693, 0.19302909076213837, 0.7899615168571472, 0.4768180251121521], [0.0, 0.0, 0.0, 1.0]]}, "finger1joint1": {"matrix": [[-0.055756907910108566, -0.43237119913101196, -0.8999699950218201, -1.9784436225891113], [0.5710530877113342, 0.7255800366401672, -0.38396844267845154, -0.4344092905521393], [0.8190174102783203, -0.5353394746780396, 0.20645087957382202, 0.6374543905258179], [0.0, 0.0, 0.0, 1.0]]}, "finger1joint2": {"matrix": [[0.22955195605754852, -0.1477232128381729, -0.9620205163955688, -2.2228105068206787], [0.6462132334709167, 0.762252151966095, 0.037147995084524155, -0.024327188730239868], [0.727814793586731, -0.6301977038383484, 0.2704373002052307, 0.3348921239376068], [0.0, 0.0, 0.0, 1.0]]}, "finger1joint3": {"matrix": [[0.13620924949645996, 0.2943361699581146, -0.9459455609321594, -2.286137104034424], [0.6182509660720825, 0.7208325862884521, 0.3133145570755005, 0.30243778228759766], [0.7740885019302368, -0.6275079846382141, -0.0837893933057785, 0.06473670899868011], [0.0, 0.0, 0.0, 1.0]]}, "Bone.001": {"matrix": [[0.4888410270214081, -0.8428540825843811, -0.2250135987997055, -1.5726537704467773], [0.5181795954704285, 0.488040953874588, -0.7023571133613586, -1.142975926399231], [0.7018006443977356, 0.22674372792243958, 0.6753242611885071, 0.4768179655075073], [0.0, 0.0, 0.0, 1.0]]}, "finger2joint1": {"matrix": [[-0.3202955424785614, -0.7912758588790894, -0.5208578705787659, -2.1069252490997314], [0.8240650296211243, 0.03846678510308266, -0.5651873350143433, -0.8336147665977478], [0.4672550857067108, -0.610247790813446, 0.6397421360015869, 0.6205470561981201], [0.0, 0.0, 0.0, 1.0]]}, "finger2joint2": {"matrix": [[-0.34102940559387207, 0.32945728302001953, -0.880429744720459, -2.791496753692627], [0.872856855392456, 0.458711713552475, -0.16644594073295593, -0.8003352880477905], [0.3490269184112549, -0.825252115726471, -0.4440031945705414, 0.09259183704853058], [0.0, 0.0, 0.0, 1.0]]}, "finger2joint3": {"matrix": [[-0.22094868123531342, 0.9730817079544067, 0.06552299112081528, -2.666429281234741], [0.9310671091079712, 0.19045455753803253, 0.31119242310523987, -0.626200795173645], [0.2903367877006531, 0.12976378202438354, -0.9480852484703064, -0.2206874042749405], [0.0, 0.0, 0.0, 1.0]]}, "Bone.002": {"matrix": [[-0.2338249534368515, -0.9651218056678772, -0.11775204539299011, -1.572653889656067], [0.7226938009262085, -0.09150540083646774, -0.6850841641426086, -1.142975926399231], [0.6504150032997131, -0.24528838694095612, 0.718883752822876, 0.4768179953098297], [0.0, 0.0, 0.0, 1.0]]}, "finger3joint1": {"matrix": [[-0.29234614968299866, -0.6732170581817627, -0.6791996955871582, -1.9794623851776123], [0.7991344332695007, 0.21813258528709412, -0.5601806044578552, -1.1815464496612549], [0.5252791047096252, -0.7065384387969971, 0.4742206931114197, 0.3734264373779297], [0.0, 0.0, 0.0, 1.0]]}, "finger3joint2": {"matrix": [[-0.3685480058193207, 0.22719042003154755, -0.9014192819595337, -2.569995880126953], [0.8446943759918213, 0.48672741651535034, -0.22268296778202057, -0.9902045130729675], [0.38815438747406006, -0.8434931039810181, -0.371288925409317, -0.2463359832763672], [0.0, 0.0, 0.0, 1.0]]}, "finger3joint3": {"matrix": [[-0.19998079538345337, 0.6616426706314087, -0.7226592898368835, -2.422985553741455], [0.8932056427001953, 0.4262692928314209, 0.14310181140899658, -0.6752527952194214], [0.4027300477027893, -0.6168658137321472, -0.6762285232543945, -0.7921437621116638], [0.0, 0.0, 0.0, 1.0]]}, "Bone.003": {"matrix": [[-0.7158990502357483, -0.3118773102760315, 0.6246766448020935, -1.572653889656067], [0.06660746783018112, -0.9211172461509705, -0.3835444450378418, -1.142975926399231], [0.6950193643569946, -0.23297114670276642, 0.6802002787590027, 0.4768179655075073], [0.0, 0.0, 0.0, 1.0]]}, "finger4joint1": {"matrix": [[-0.4353722929954529, -0.671660840511322, -0.5994349122047424, -1.7063305377960205], [0.8035105466842651, 0.010358568280935287, -0.5952001214027405, -1.5377846956253052], [0.40598225593566895, -0.740786075592041, 0.5351768136024475, 0.3769620656967163], [0.0, 0.0, 0.0, 1.0]]}, "finger4joint2": {"matrix": [[-0.46214839816093445, 0.01867349073290825, -0.8866056799888611, -2.373530864715576], [0.7918935418128967, 0.45869356393814087, -0.40311840176582336, -1.52749502658844], [0.3991530239582062, -0.8883979916572571, -0.2267719805240631, -0.35890451073646545], [0.0, 0.0, 0.0, 1.0]]}, "finger4joint3": {"matrix": [[-0.4490817189216614, 0.3693816661834717, -0.8135614395141602, -2.3657429218292236], [0.7568355202674866, 0.6412198543548584, -0.12663616240024567, -1.336190938949585], [0.47489503026008606, -0.6726022958755493, -0.5675213932991028, -0.7294223308563232], [0.0, 0.0, 0.0, 1.0]]}}