{"root": {"matrix": [[0.10671959072351456, -0.9908007979393005, 0.0832151472568512, 0.0], [-0.6423531174659729, -0.13258656859397888, -0.7548531293869019, 0.0], [0.7589422464370728, 0.027104100212454796, -0.6505935788154602, 0.0], [0.0, 0.0, 0.0, 1.0]]}, "carpals": {"matrix": [[-0.4260045289993286, -0.3260755240917206, -0.8439162969589233, -0.7378239631652832], [0.6932699680328369, 0.481670618057251, -0.5360687971115112, -1.497577428817749], [0.5812888145446777, -0.8134296536445618, 0.020864427089691162, 1.8160018920898438], [0.0, 0.0, 0.0, 1.0]]}, "metacarpals": {"matrix": [[-0.6703336238861084, -0.5132045745849609, -0.5359792113304138, -1.0554194450378418], [0.43809112906455994, 0.3092835545539856, -0.8440494537353516, -1.028433084487915], [0.598939836025238, -0.8006025552749634, 0.017507025972008705, 1.023726224899292], [0.0, 0.0, 0.0, 1.0]]}, "finger5joint1": {"matrix": [[-0.8390074372291565, -0.2922089397907257, -0.4589990973472595, -1.0101847648620605], [0.526874840259552, -0.22560203075408936, -0.8194548487663269, -0.5815898776054382], [0.13590112328529358, -0.9293640851974487, 0.3432392477989197, 0.4545517563819885], [0.0, 0.0, 0.0, 1.0]]}, "finger5joint2": {"matrix": [[-0.08909042924642563, -0.7788884043693542, 0.620802104473114, -1.3188369274139404], [-0.7301297783851624, -0.372872918844223, -0.5726042985916138, -0.8198870420455933], [0.6774752140045166, -0.5042797327041626, -0.5354706645011902, -0.5271097421646118], [0.0, 0.0, 0.0, 1.0]]}, "finger5joint3": {"matrix": [[-0.19545678794384003, -0.9508652091026306, 0.24010728299617767, -1.854194164276123], [-0.7291144132614136, -0.022848064079880714, -0.684009850025177, -1.0761756896972656], [0.6558871865272522, -0.3087599575519562, -0.6888241171836853, -0.8737189173698425], [0.0, 0.0, 0.0, 1.0]]}, "Bone": {"matrix": [[0.4469711482524872, -0.6521994471549988, -0.6122519969940186, -1.8566744327545166], [-0.16539828479290009, 0.6123713254928589, -0.7730746269226074, -0.5455555319786072], [0.8791245222091675, 0.44680774211883545, 0.1658395528793335, -0.22623658180236816], [0.0, 0.0, 0.0, 1.0]]}, "finger1joint1": {"matrix": [[-0.6132810711860657, -0.3996664583683014, -0.6812876462936401, -2.3994266986846924], [0.37281155586242676, 0.6139465570449829, -0.6957591772079468, -0.03594765067100525], [0.6963460445404053, -0.6806877851486206, -0.22752165794372559, 0.14559131860733032], [0.0, 0.0, 0.0, 1.0]]}, "finger1joint2": {"matrix": [[-0.36862078309059143, 0.45909884572029114, -0.8082987070083618, -2.625309467315674], [0.5545843839645386, 0.8064471483230591, 0.20513157546520233, 0.3110416531562805], [0.7460260987281799, -0.372653990983963, -0.5518821477890015, -0.23911866545677185], [0.0, 0.0, 0.0, 1.0]]}, "finger1joint3": {"matrix": [[-0.465177983045578, 0.692415714263916, 0.5515158772468567, -2.4285013675689697], [0.5425459742546082, -0.2692854404449463, 0.7956940531730652, 0.6567522287368774], [0.6994665861129761, 0.6693620085716248, -0.2504015862941742, -0.39886927604675293], [0.0, 0.0, 0.0, 1.0]]}, "Bone.001": {"matrix": [[0.12446371465921402, -0.9347033500671387, -0.3329235911369324, -1.856674313545227], [-0.03841027617454529, 0.3307422697544098, -0.9429389238357544, -0.5455555319786072], [0.99148029088974, 0.1301494836807251, 0.005263030994683504, -0.22623655200004578], [0.0, 0.0, 0.0, 1.0]]}, "finger2joint1": {"matrix": [[-0.46312153339385986, -0.2825779616832733, -0.840040385723114, -2.449167490005493], [-0.018250631168484688, 0.9506510496139526, -0.30972418189048767, -0.33590343594551086], [0.8861067295074463, -0.12810851633548737, -0.445424348115921, -0.14373692870140076], [0.0, 0.0, 0.0, 1.0]]}, "finger2joint2": {"matrix": [[-0.40715762972831726, 0.39052343368530273, -0.8256596922874451, -2.6936397552490234], [0.09649389982223511, 0.9173154830932617, 0.3862910270690918, 0.48655131459236145], [0.9082463979721069, 0.07761038839817047, -0.41117507219314575, -0.2545698881149292], [0.0, 0.0, 0.0, 1.0]]}, "finger2joint3": {"matrix": [[-0.28426393866539, 0.8017112612724304, -0.5257877111434937, -2.5453903675079346], [0.16616599261760712, 0.5813102126121521, 0.7965342402458191, 0.8347793221473694], [0.9442365765571594, 0.13905802369117737, -0.2984625995159149, -0.22510769963264465], [0.0, 0.0, 0.0, 1.0]]}, "Bone.002": {"matrix": [[-0.5572987794876099, -0.7912087440490723, -0.25180667638778687, -1.856674313545227], [0.21792413294315338, 0.15325523912906647, -0.9638576507568359, -0.5455555319786072], [0.8012035489082336, -0.5920314788818359, 0.0870143249630928, -0.22623655200004578], [0.0, 0.0, 0.0, 1.0]]}, "finger3joint1": {"matrix": [[-0.4611186683177948, -0.40320056676864624, -0.7904421091079712, -2.1901767253875732], [0.1861436367034912, 0.8270254731178284, -0.5304518342018127, -0.48095691204071045], [0.8675945997238159, -0.39173680543899536, -0.3063037395477295, -0.4757837653160095], [0.0, 0.0, 0.0, 1.0]]}, "finger3joint2": {"matrix": [[-0.48805752396583557, 0.28320837020874023, -0.8255863189697266, -2.5438568592071533], [0.33500900864601135, 0.9342266321182251, 0.1224307268857956, 0.2444944977760315], [0.8059584498405457, -0.2168254554271698, -0.5508337020874023, -0.8194079995155334], [0.0, 0.0, 0.0, 1.0]]}, "finger3joint3": {"matrix": [[-0.3276121914386749, 0.5935648679733276, -0.7350856065750122, -2.36059832572937], [0.35558196902275085, 0.7982800602912903, 0.486117422580719, 0.849014163017273], [0.8753467202186584, -0.10212511569261551, -0.47258710861206055, -0.9597115516662598], [0.0, 0.0, 0.0, 1.0]]}, "Bone.003": {"matrix": [[-0.9145538806915283, -0.06124056503176689, 0.39980068802833557, -1.856674313545227], [-0.2945394515991211, -0.5765999555587769, -0.7620884776115417, -0.5455555319786072], [0.2771958112716675, -0.814728319644928, 0.5092939138412476, -0.2262365221977234], [0.0, 0.0, 0.0, 1.0]]}, "finger4joint1": {"matrix": [[-0.5968450903892517, -0.7909296154975891, -0.13492916524410248, -1.8829232454299927], [0.4348561763763428, -0.1775418370962143, -0.882824182510376, -0.792697548866272], [0.6742966175079346, -0.5855842232704163, 0.4499055743217468, -0.5754448771476746], [0.0, 0.0, 0.0, 1.0]]}, "finger4joint2": {"matrix": [[-0.617313027381897, 0.38860470056533813, -0.684039831161499, -2.66860032081604], [0.4135434925556183, 0.8999554514884949, 0.13806365430355072, -0.9690603017807007], [0.6692578792572021, -0.1976516991853714, -0.7162593007087708, -1.1571402549743652], [0.0, 0.0, 0.0, 1.0]]}, "finger4joint3": {"matrix": [[-0.6374068260192871, 0.7626707553863525, 0.10975125432014465, -2.5065276622772217], [0.3352384567260742, 0.14624455571174622, 0.9307132959365845, -0.5937222242355347], [0.6937776207923889, 0.6300359964370728, -0.34889382123947144, -1.2395734786987305], [0.0, 0.0, 0.0, 1.0]]}}