{"root": {"matrix": [[0.501237154006958, -0.5973487496376038, 0.6260477304458618, 0.0], [0.6892554759979248, -0.16179509460926056, -0.7062218189239502, 0.0], [0.523152232170105, 0.785491406917572, 0.3306281268596649, 5.960464477539063e-08], [0.0, 0.0, 0.0, 1.0]]}, "carpals": {"matrix": [[-0.8040672540664673, -0.496398001909256, -0.32720714807510376, 0.4784558415412903], [0.5543838739395142, -0.4271722137928009, -0.7142704725265503, 1.4797635078430176], [0.2147887647151947, -0.7557199001312256, 0.6186702847480774, 1.9147756099700928], [0.0, 0.0, 0.0, 1.0]]}, "metacarpals": {"matrix": [[-0.738762378692627, -0.6436491012573242, 0.19986414909362793, -0.005032777786254883], [0.1316475123167038, -0.4286500811576843, -0.8938276767730713, 1.0637004375457764], [0.6609833240509033, -0.6340146064758301, 0.40140530467033386, 1.1787089109420776], [0.0, 0.0, 0.0, 1.0]]}, "finger5joint1": {"matrix": [[-0.5831510424613953, -0.7925018668174744, 0.17853665351867676, -0.3249337673187256], [0.14242328703403473, -0.316108375787735, -0.9379717111587524, 1.1636749505996704], [0.7997814416885376, -0.5215513110160828, 0.29720962047576904, 0.5357912182807922], [0.0, 0.0, 0.0, 1.0]]}, "finger5joint2": {"matrix": [[0.24015380442142487, -0.9269686341285706, 0.2881917357444763, -1.1620314121246338], [-0.921914279460907, -0.31075727939605713, -0.23130856454372406, 0.8297784328460693], [0.3039734959602356, -0.21013835072517395, -0.9292155504226685, -0.015108928084373474], [0.0, 0.0, 0.0, 1.0]]}, "finger5joint3": {"matrix": [[0.13633553683757782, -0.9894811511039734, 0.048362553119659424, -1.7991695404052734], [-0.9327601194381714, -0.1446591317653656, -0.3301997780799866, 0.6161839962005615], [0.3337225914001465, -9.250354196410626e-05, -0.9426710605621338, -0.15954439342021942], [0.0, 0.0, 0.0, 1.0]]}, "Bone": {"matrix": [[0.502575695514679, -0.8578462600708008, 0.10731816291809082, -1.0099477767944336], [0.5178786516189575, 0.1993301510810852, -0.8319068551063538, 0.3944585919380188], [0.6922563910484314, 0.47367414832115173, 0.5444387197494507, 0.18883615732192993], [0.0, 0.0, 0.0, 1.0]]}, "finger1joint1": {"matrix": [[-0.6451519727706909, -0.7640376091003418, -0.0050248983316123486, -1.7238366603851318], [0.16080453991889954, -0.12934766709804535, -0.9784737825393677, 0.5603386163711548], [0.7469409108161926, -0.6320722103118896, 0.20630963146686554, 0.583021879196167], [0.0, 0.0, 0.0, 1.0]]}, "finger1joint2": {"matrix": [[-0.597577691078186, -0.25492632389068604, -0.7602061033248901, -2.1556544303894043], [0.4536273777484894, 0.6742994785308838, -0.58270263671875, 0.4872341454029083], [0.6611528992652893, -0.6930603384971619, -0.2873046398162842, 0.22578835487365723], [0.0, 0.0, 0.0, 1.0]]}, "finger1joint3": {"matrix": [[-0.6617368459701538, 0.27250969409942627, -0.6984573006629944, -2.264936923980713], [0.3672381043434143, 0.93000727891922, 0.014920301735401154, 0.7762952446937561], [0.6536364555358887, -0.2466268390417099, -0.7154958844184875, -0.07131518423557281], [0.0, 0.0, 0.0, 1.0]]}, "Bone.001": {"matrix": [[0.19165603816509247, -0.8902519941329956, 0.4131816029548645, -1.0099477767944336], [0.45283937454223633, -0.2932860553264618, -0.841973602771759, 0.3944585919380188], [0.8707491159439087, 0.34847432374954224, 0.3469310700893402, 0.18883614242076874], [0.0, 0.0, 0.0, 1.0]]}, "finger2joint1": {"matrix": [[-0.6216942071914673, -0.5407456755638123, 0.5666481256484985, -1.5742639303207397], [0.22311970591545105, -0.8157384395599365, -0.5336555242538452, 0.2085493505001068], [0.7508086562156677, -0.20534014701843262, 0.6277908682823181, 0.4097282886505127], [0.0, 0.0, 0.0, 1.0]]}, "finger2joint2": {"matrix": [[-0.7177416086196899, -0.6488824486732483, -0.2525831460952759, -2.0420894622802734], [0.19679483771324158, 0.1589212417602539, -0.9674789905548096, -0.49718591570854187], [0.6679211854934692, -0.7441068887710571, 0.013632395304739475, 0.23207847774028778], [0.0, 0.0, 0.0, 1.0]]}, "finger2joint3": {"matrix": [[-0.7619707584381104, 0.19964639842510223, -0.6160693764686584, -2.2884159088134766], [0.29937854409217834, 0.9521356225013733, -0.06172538921236992, -0.43685680627822876], [0.5742585062980652, -0.231470987200737, -0.7852693796157837, -0.050396695733070374], [0.0, 0.0, 0.0, 1.0]]}, "Bone.002": {"matrix": [[-0.48989108204841614, -0.7195719480514526, 0.4921611547470093, -1.009947657585144], [0.1332751363515854, -0.6197256445884705, -0.7734195590019226, 0.3944585919380188], [0.8615360856056213, -0.31329840421676636, 0.3994990289211273, 0.18883614242076874], [0.0, 0.0, 0.0, 1.0]]}, "finger3joint1": {"matrix": [[-0.5821279883384705, -0.7632660269737244, -0.2802707254886627, -1.3132545948028564], [0.17677989602088928, 0.21764297783374786, -0.9598855972290039, 0.1332380175590515], [0.793647289276123, -0.6083223819732666, 0.008234054781496525, 0.056777745485305786], [0.0, 0.0, 0.0, 1.0]]}, "finger3joint2": {"matrix": [[-0.6841776967048645, -0.3000790774822235, -0.664720356464386, -1.9827775955200195], [0.24607214331626892, 0.7630044221878052, -0.5977229475975037, 0.3241503834724426], [0.6865489482879639, -0.5725178122520447, -0.44818946719169617, -0.4768314063549042], [0.0, 0.0, 0.0, 1.0]]}, "finger3joint3": {"matrix": [[-0.5766855478286743, 0.02937784232199192, -0.8164376020431519, -2.176952600479126], [0.38063177466392517, 0.8939222097396851, -0.2366907000541687, 0.8178755640983582], [0.7228784561157227, -0.44725823402404785, -0.5266940593719482, -0.847296416759491], [0.0, 0.0, 0.0, 1.0]]}, "Bone.003": {"matrix": [[-0.4322253167629242, 0.2924812138080597, 0.8530157208442688, -1.0099477767944336], [-0.6461222767829895, -0.7603141665458679, -0.06669628620147705, 0.3944585919380188], [0.6290525197982788, -0.5799803733825684, 0.5176056027412415, 0.18883615732192993], [0.0, 0.0, 0.0, 1.0]]}, "finger4joint1": {"matrix": [[-0.6362084746360779, -0.7003244161605835, 0.3237035870552063, -0.8845845460891724], [0.2098548710346222, -0.5608304142951965, -0.8008931875228882, 0.06857314705848694], [0.7424281239509583, -0.44160425662994385, 0.5037716031074524, -0.05975469946861267], [0.0, 0.0, 0.0, 1.0]]}, "finger4joint2": {"matrix": [[-0.6457254886627197, -0.7626684904098511, 0.03707825392484665, -1.5802581310272217], [0.18143920600414276, -0.2004242092370987, -0.9627615213394165, -0.48853278160095215], [0.7416994571685791, -0.6149522066116333, 0.26779705286026, -0.49842628836631775], [0.0, 0.0, 0.0, 1.0]]}, "finger4joint3": {"matrix": [[-0.5805661678314209, -0.7892464399337769, -0.20008103549480438, -1.898338794708252], [0.21153610944747925, 0.09108889102935791, -0.9731161594390869, -0.5721222758293152], [0.786253809928894, -0.6072826981544495, 0.1140710860490799, -0.7548999786376953], [0.0, 0.0, 0.0, 1.0]]}}