{"root": {"matrix": [[0.5715665817260742, -0.012501189485192299, 0.8204604387283325, 0.0], [0.4480251967906952, 0.8424410223960876, -0.2992767095565796, 0.0], [-0.6874482035636902, 0.5386435985565186, 0.4871119558811188, 0.0], [0.0, 0.0, 0.0, 1.0]]}, "carpals": {"matrix": [[-0.5384194254875183, -0.8210543990135193, -0.18966758251190186, 1.1881051063537598], [0.8378324508666992, -0.49748826026916504, -0.22481562197208405, 1.871438980102539], [0.09022847563028336, -0.2799549102783203, 0.9557635188102722, -1.0821771621704102], [0.0, 0.0, 0.0, 1.0]]}, "metacarpals": {"matrix": [[-0.2230144888162613, -0.7782504558563232, 0.5870182514190674, 0.38840311765670776], [0.5218722224235535, -0.6039384603500366, -0.6024181246757507, 1.3868882656097412], [0.8233551979064941, 0.1720004677772522, 0.5408344268798828, -1.3548517227172852], [0.0, 0.0, 0.0, 1.0]]}, "finger5joint1": {"matrix": [[0.034954775124788284, -0.9033291339874268, 0.4275209307670593, -0.25806939601898193], [0.5702380537986755, -0.33328309655189514, -0.7508333921432495, 1.1984837055206299], [0.8207354545593262, 0.2700338065624237, 0.5034629106521606, -1.6236485242843628], [0.0, 0.0, 0.0, 1.0]]}, "finger5joint2": {"matrix": [[0.43638160824775696, -0.8979224562644958, -0.05749388039112091, -1.212231159210205], [-0.7621182203292847, -0.33490362763404846, -0.554089367389679, 0.8464459776878357], [0.4782745838165283, 0.2856113314628601, -0.8304691910743713, -1.3384193181991577], [0.0, 0.0, 0.0, 1.0]]}, "finger5joint3": {"matrix": [[0.35315051674842834, -0.9107640981674194, -0.21399231255054474, -1.829404592514038], [-0.7583890557289124, -0.14474380016326904, -0.6355271935462952, 0.6162549257278442], [0.5478414297103882, 0.3867260813713074, -0.7418302893638611, -1.142108678817749], [0.0, 0.0, 0.0, 1.0]]}, "Bone": {"matrix": [[0.6819952726364136, -0.44012564420700073, 0.5840988159179688, -0.8266619443893433], [0.7260579466819763, 0.5034067630767822, -0.4684242010116577, 0.4439726769924164], [-0.08787372708320618, 0.7435528635978699, 0.6628779172897339, -1.0863112211227417], [0.0, 0.0, 0.0, 1.0]]}, "finger1joint1": {"matrix": [[-0.10770100355148315, -0.9811326265335083, 0.16055795550346375, -1.1929290294647217], [0.5828078985214233, -0.19314493238925934, -0.7893223762512207, 0.8629015684127808], [0.80544114112854, 0.008563520386815071, 0.5926138162612915, -0.46753570437431335], [0.0, 0.0, 0.0, 1.0]]}, "finger1joint2": {"matrix": [[-0.1318255215883255, -0.7092640995979309, -0.6925071477890015, -1.7474440336227417], [0.7991952896118164, 0.33724892139434814, -0.49754390120506287, 0.7537401914596558], [0.586437463760376, -0.6190375685691833, 0.5223824977874756, -0.46269574761390686], [0.0, 0.0, 0.0, 1.0]]}, "finger1joint3": {"matrix": [[-0.17517006397247314, -0.3242661952972412, -0.9296056032180786, -2.0514938831329346], [0.7317851781845093, 0.5887746810913086, -0.3432707190513611, 0.8983133435249329], [0.6586394906044006, -0.7404024004936218, 0.13415740430355072, -0.7280669808387756], [0.0, 0.0, 0.0, 1.0]]}, "Bone.001": {"matrix": [[0.5567032694816589, -0.4297213554382324, 0.7109293937683105, -0.8266619443893433], [0.7929311990737915, 0.019727950915694237, -0.6089915037155151, 0.4439726769924164], [0.24767161905765533, 0.90274578332901, 0.35172221064567566, -1.0863112211227417], [0.0, 0.0, 0.0, 1.0]]}, "finger2joint1": {"matrix": [[-0.1371590942144394, -0.4415905475616455, 0.8866705894470215, -1.099055290222168], [0.6062284708023071, -0.745334267616272, -0.2774231433868408, 0.45647794008255005], [0.7833735942840576, 0.49947389960289, 0.3699343204498291, -0.5140754580497742], [0.0, 0.0, 0.0, 1.0]]}, "finger2joint2": {"matrix": [[-0.2578811049461365, -0.7737334966659546, 0.5786479115486145, -1.4810967445373535], [0.5593753457069397, -0.6078857779502869, -0.5635368824005127, -0.18834726512432098], [0.7877794504165649, 0.17835575342178345, 0.5895698666572571, -0.08195611089468002], [0.0, 0.0, 0.0, 1.0]]}, "finger2joint3": {"matrix": [[-0.3955898880958557, -0.9181755781173706, 0.021488647907972336, -1.7748188972473145], [0.5340620279312134, -0.2490057647228241, -0.8079439997673035, -0.41911065578460693], [0.747185468673706, -0.3081384301185608, 0.5888670086860657, -0.014249339699745178], [0.0, 0.0, 0.0, 1.0]]}, "Bone.002": {"matrix": [[0.08814340084791183, -0.609031081199646, 0.7882331609725952, -0.8266619443893433], [0.5915867686271667, -0.6046367883682251, -0.5333285331726074, 0.44397270679473877], [0.8014086484909058, 0.5133176445960999, 0.30700013041496277, -1.0863112211227417], [0.0, 0.0, 0.0, 1.0]]}, "finger3joint1": {"matrix": [[0.7506891489028931, -0.409898966550827, 0.5181199312210083, -1.0833745002746582], [0.6557114124298096, 0.36651065945625305, -0.6600852012634277, 0.18911218643188477], [0.08067203313112259, 0.8352560997009277, 0.5439110398292542, -0.8699426651000977], [0.0, 0.0, 0.0, 1.0]]}, "finger3joint2": {"matrix": [[0.6557592153549194, -0.7549470067024231, -0.005870511755347252, -1.4429303407669067], [0.7305225133895874, 0.6364684104919434, -0.2474767118692398, 0.5106086134910583], [0.1905684769153595, 0.15799662470817566, 0.9688760638237, -0.1372714638710022], [0.0, 0.0, 0.0, 1.0]]}, "finger3joint3": {"matrix": [[0.6091324687004089, -0.7248364090919495, -0.3218221366405487, -1.9314417839050293], [0.7924010157585144, 0.5728996396064758, 0.20949125289916992, 0.9224547147750854], [0.03252512961626053, -0.3826202154159546, 0.9233330488204956, -0.03503494709730148], [0.0, 0.0, 0.0, 1.0]]}, "Bone.003": {"matrix": [[0.16989485919475555, 0.05928466469049454, 0.9836772084236145, -0.8266618847846985], [-0.20315808057785034, -0.9746399521827698, 0.09382810443639755, 0.44397270679473877], [0.9642937183380127, -0.21578295528888702, -0.15354201197624207, -1.0863113403320312], [0.0, 0.0, 0.0, 1.0]]}, "finger4joint1": {"matrix": [[-0.15114730596542358, -0.6606095433235168, 0.7353563904762268, -0.8012512922286987], [0.5888421535491943, -0.6576859354972839, -0.46980196237564087, 0.026223063468933105], [0.7939894795417786, 0.36199936270713806, 0.488402396440506, -1.1787999868392944], [0.0, 0.0, 0.0, 1.0]]}, "finger4joint2": {"matrix": [[-0.15202279388904572, -0.9870433807373047, 0.05132170394062996, -1.457473874092102], [0.5644293427467346, -0.12932351231575012, -0.8152880668640137, -0.6270951628684998], [0.8113619685173035, -0.09497516602277756, 0.5767764449119568, -0.8192046880722046], [0.0, 0.0, 0.0, 1.0]]}, "finger4joint3": {"matrix": [[-0.07018215954303741, -0.8641586303710938, -0.4983009397983551, -1.8691329956054688], [0.5850919485092163, 0.36892184615135193, -0.722193717956543, -0.6810312867164612], [0.807924211025238, -0.342237263917923, 0.47972047328948975, -0.8588153123855591], [0.0, 0.0, 0.0, 1.0]]}}