{"root": {"matrix": [[0.27802544832229614, -0.8615390062332153, 0.4247969090938568, 0.0], [0.7922042608261108, -0.04444767162203789, -0.6086351871490479, 0.0], [0.5432442426681519, 0.5057420134544373, 0.670157253742218, 0.0], [0.0, 0.0, 0.0, 1.0]]}, "carpals": {"matrix": [[-0.5239406228065491, -0.40563514828681946, -0.7489633560180664, -0.26229947805404663], [0.767983615398407, -0.6052561402320862, -0.20944221317768097, 1.8164697885513306], [-0.3683575391769409, -0.6849268078804016, 0.6286395192146301, 1.6482179164886475], [0.0, 0.0, 0.0, 1.0]]}, "metacarpals": {"matrix": [[-0.7302581071853638, -0.5542053580284119, -0.39947372674942017, -0.6573856472969055], [0.6441512107849121, -0.7533552646636963, -0.13238178193569183, 1.2269539833068848], [-0.22757890820503235, -0.3539942800998688, 0.9071359038352966, 0.9811033010482788], [0.0, 0.0, 0.0, 1.0]]}, "finger5joint1": {"matrix": [[-0.5138936042785645, -0.6586540937423706, -0.5496252179145813, -0.6811879873275757], [0.8415707349777222, -0.26283466815948486, -0.47188615798950195, 0.7384684085845947], [0.16634920239448547, -0.7050476670265198, 0.6893731355667114, 0.44585558772087097], [0.0, 0.0, 0.0, 1.0]]}, "finger5joint2": {"matrix": [[-0.5807368755340576, -0.7557486295700073, 0.3026350736618042, -1.376906156539917], [-0.4736355245113373, 0.01130358874797821, -0.8806482553482056, 0.46084341406822205], [0.6621280908584595, -0.6547635197639465, -0.36451390385627747, -0.29886677861213684], [0.0, 0.0, 0.0, 1.0]]}, "finger5joint3": {"matrix": [[-0.6645305752754211, -0.737640380859375, 0.11952027678489685, -1.896358609199524], [-0.4213069677352905, 0.23774057626724243, -0.8752025365829468, 0.46861276030540466], [0.6171701550483704, -0.6319535374641418, -0.4687589704990387, -0.7489087581634521], [0.0, 0.0, 0.0, 1.0]]}, "Bone": {"matrix": [[0.46653053164482117, -0.7391032576560974, -0.4858759045600891, -1.5226539373397827], [0.8522754907608032, 0.52256840467453, 0.0234229676425457, 0.05075722932815552], [0.23659133911132812, -0.42502766847610474, 0.8737137317657471, 0.42841994762420654], [0.0, 0.0, 0.0, 1.0]]}, "finger1joint1": {"matrix": [[-0.6635632514953613, -0.4793904423713684, -0.5743416547775269, -2.1377267837524414], [0.7314156293869019, -0.5770396590232849, -0.3633953630924225, 0.4856322109699249], [-0.15720966458320618, -0.6612182855606079, 0.7335360646247864, 0.07471713423728943], [0.0, 0.0, 0.0, 1.0]]}, "finger1joint2": {"matrix": [[-0.4474713206291199, 0.041692789644002914, -0.8933257460594177, -2.408667802810669], [0.8187181949615479, -0.3828123211860657, -0.42796623706817627, 0.15950191020965576], [-0.3598192632198334, -0.9228847026824951, 0.137162983417511, -0.29898908734321594], [0.0, 0.0, 0.0, 1.0]]}, "finger1joint3": {"matrix": [[-0.5368673205375671, 0.549472451210022, -0.6401979327201843, -2.3907947540283203], [0.7846577763557434, 0.04639461264014244, -0.6181906461715698, -0.004603428766131401], [-0.30997705459594727, -0.8342226147651672, -0.4560554325580597, -0.694614589214325], [0.0, 0.0, 0.0, 1.0]]}, "Bone.001": {"matrix": [[0.12822675704956055, -0.9746031165122986, -0.1835930496454239, -1.5226540565490723], [0.975250244140625, 0.1575370728969574, -0.15514126420021057, 0.050757259130477905], [0.18012383580207825, -0.15915586054325104, 0.9706824421882629, 0.42841994762420654], [0.0, 0.0, 0.0, 1.0]]}, "finger2joint1": {"matrix": [[-0.5761802196502686, -0.6521890163421631, -0.4926109313964844, -2.1404387950897217], [0.8105150461196899, -0.5335658192634583, -0.241604283452034, 0.15061745047569275], [-0.105268694460392, -0.5384761691093445, 0.8360391855239868, 0.32753366231918335], [0.0, 0.0, 0.0, 1.0]]}, "finger2joint2": {"matrix": [[-0.5847986936569214, 0.5800529718399048, -0.5670527219772339, -2.7046797275543213], [0.7777875661849976, 0.20246045291423798, -0.5950261354446411, -0.31099647283554077], [-0.23034094274044037, -0.7890171408653259, -0.569556474685669, -0.1383284330368042], [0.0, 0.0, 0.0, 1.0]]}, "finger2joint3": {"matrix": [[-0.461386114358902, 0.615379273891449, 0.6390859484672546, -2.4844820499420166], [0.8459116220474243, 0.5223238468170166, 0.10775457322597504, -0.23413914442062378], [-0.2674999535083771, 0.5903266072273254, -0.7615495920181274, -0.43785226345062256], [0.0, 0.0, 0.0, 1.0]]}, "Bone.002": {"matrix": [[-0.5847722291946411, -0.804975688457489, -0.10027634352445602, -1.5226540565490723], [0.8111925721168518, -0.5798510313034058, -0.0757581889629364, 0.05075728893280029], [0.0028381708543747663, -0.12564457952976227, 0.9920711517333984, 0.42841991782188416], [0.0, 0.0, 0.0, 1.0]]}, "finger3joint1": {"matrix": [[-0.6631253957748413, -0.5476460456848145, -0.5102433562278748, -1.861959457397461], [0.7265617251396179, -0.6348108649253845, -0.2629130184650421, -0.19365578889846802], [-0.17992474138736725, -0.5450674295425415, 0.8188579082489014, 0.3754594326019287], [0.0, 0.0, 0.0, 1.0]]}, "finger3joint2": {"matrix": [[-0.7210787534713745, 0.0221111923456192, -0.692500114440918, -2.3423445224761963], [0.6266886591911316, -0.4054330885410309, -0.6654964089393616, -0.7505001425743103], [-0.2954773008823395, -0.913857102394104, 0.2784924805164337, -0.10266363620758057], [0.0, 0.0, 0.0, 1.0]]}, "finger3joint3": {"matrix": [[-0.5923582315444946, 0.3287966549396515, -0.735529899597168, -2.3280367851257324], [0.708778440952301, -0.22140446305274963, -0.6697859764099121, -1.012847900390625], [-0.38307294249534607, -0.9180809855461121, -0.10189308226108551, -0.6940025091171265], [0.0, 0.0, 0.0, 1.0]]}, "Bone.003": {"matrix": [[-0.8584062457084656, 0.028925474733114243, 0.5121541023254395, -1.5226540565490723], [0.2025081068277359, -0.8982071280479431, 0.3901466429233551, 0.05075728893280029], [0.4713056981563568, 0.4386197328567505, 0.7651689648628235, 0.42841991782188416], [0.0, 0.0, 0.0, 1.0]]}, "finger4joint1": {"matrix": [[-0.24348831176757812, -0.9625775814056396, -0.1189848855137825, -1.510256052017212], [0.9669889807701111, -0.2504265010356903, 0.04710359126329422, -0.33423173427581787], [-0.07513784617185593, -0.103587806224823, 0.9917779564857483, 0.6164208650588989], [0.0, 0.0, 0.0, 1.0]]}, "finger4joint2": {"matrix": [[-0.2677418291568756, -0.0606224499642849, -0.9615813493728638, -2.4664411544799805], [0.9617234468460083, -0.07723280787467957, -0.2629120945930481, -0.5829951763153076], [-0.05832725763320923, -0.995168149471283, 0.07898065447807312, 0.5135209560394287], [0.0, 0.0, 0.0, 1.0]]}, "finger4joint3": {"matrix": [[-0.24768051505088806, 0.725003182888031, -0.6426695585250854, -2.4917244911193848], [0.9685577750205994, 0.20134522020816803, -0.14613541960716248, -0.6152061223983765], [0.023449812084436417, -0.6586577892303467, -0.7520768642425537, 0.09847325086593628], [0.0, 0.0, 0.0, 1.0]]}}