{"root": {"matrix": [[0.38904595375061035, -0.6857618093490601, 0.615121066570282, -5.960464477539063e-08], [0.8781300187110901, 0.07423879951238632, -0.4726269245147705, 7.450580596923828e-09], [0.27844372391700745, 0.7240298986434937, 0.6310703158378601, 0.0], [0.0, 0.0, 0.0, 1.0]]}, "carpals": {"matrix": [[-0.8420842885971069, -0.4157443642616272, -0.3435845673084259, 0.139426589012146], [0.5378813743591309, -0.6942542791366577, -0.4782201051712036, 2.1116702556610107], [-0.03971770033240318, -0.5875093936920166, 0.8082419037818909, 1.2674365043640137], [0.0, 0.0, 0.0, 1.0]]}, "metacarpals": {"matrix": [[-0.8256391882896423, -0.47851061820983887, 0.29891011118888855, -0.26550596952438354], [0.19343231618404388, -0.7377614974975586, -0.646754801273346, 1.4354705810546875], [0.5300034880638123, -0.4761672019958496, 0.701684296131134, 0.6952059268951416], [0.0, 0.0, 0.0, 1.0]]}, "finger5joint1": {"matrix": [[-0.7117699980735779, -0.6836013197898865, 0.16146962344646454, -0.5166678428649902], [0.14404797554016113, -0.367050439119339, -0.918979823589325, 1.2465659379959106], [0.6874834895133972, -0.6308428645133972, 0.3597269058227539, 0.0418243408203125], [0.0, 0.0, 0.0, 1.0]]}, "finger5joint2": {"matrix": [[0.19170530140399933, -0.8227365612983704, 0.5351194739341736, -1.2387371063232422], [-0.9124703407287598, -0.35020723938941956, -0.21154740452766418, 0.8588607311248779], [0.3614506423473358, -0.44772589206695557, -0.8178597092628479, -0.6245175004005432], [0.0, 0.0, 0.0, 1.0]]}, "finger5joint3": {"matrix": [[0.08430864661931992, -0.9761226773262024, 0.2001894861459732, -1.8042325973510742], [-0.9281426072120667, -0.1500270664691925, -0.3406503200531006, 0.6181509494781494], [0.3625504970550537, -0.15708452463150024, -0.9186300039291382, -0.932255208492279], [0.0, 0.0, 0.0, 1.0]]}, "Bone": {"matrix": [[0.31822219491004944, -0.9307024478912354, 0.18035346269607544, -1.0125938653945923], [0.8108073472976685, 0.16861335933208466, -0.5605003833770752, 0.28362011909484863], [0.49124905467033386, 0.32459568977355957, 0.8082770109176636, -0.048223257064819336], [0.0, 0.0, 0.0, 1.0]]}, "finger1joint1": {"matrix": [[-0.6569369435310364, -0.30483320355415344, 0.6895726323127747, -1.7871129512786865], [0.3576875627040863, -0.9311484098434448, -0.07086559385061264, 0.4239380359649658], [0.6636967658996582, 0.2000974416732788, 0.7207408547401428, 0.2219012826681137], [0.0, 0.0, 0.0, 1.0]]}, "finger1joint2": {"matrix": [[-0.8294603228569031, -0.5511820316314697, -0.09052013605833054, -1.9593979120254517], [0.3808303773403168, -0.4394989013671875, -0.8135162591934204, -0.1023268848657608], [0.40861207246780396, -0.7092522382736206, 0.5744538307189941, 0.334991991519928], [0.0, 0.0, 0.0, 1.0]]}, "finger1joint3": {"matrix": [[-0.8135805726051331, 0.003909511957317591, -0.5814390182495117, -2.195680856704712], [0.31235140562057495, 0.8463796377182007, -0.431367427110672, -0.29073283076286316], [0.4904318153858185, -0.5325655341148376, -0.6898190975189209, 0.030947253108024597], [0.0, 0.0, 0.0, 1.0]]}, "Bone.001": {"matrix": [[0.0035045649856328964, -0.8629486560821533, 0.5052791237831116, -1.0125937461853027], [0.7479353547096252, -0.3331272006034851, -0.574124276638031, 0.28362011909484863], [0.6637620329856873, 0.37992826104164124, 0.6442624926567078, -0.048223257064819336], [0.0, 0.0, 0.0, 1.0]]}, "finger2joint1": {"matrix": [[-0.6564644575119019, -0.49700918793678284, -0.567482054233551, -1.559602975845337], [0.2705874443054199, 0.5470693111419678, -0.7921472787857056, 0.07245621085166931], [0.7041565775871277, -0.6735702157020569, -0.22464707493782043, 0.1926070749759674], [0.0, 0.0, 0.0, 1.0]]}, "finger2joint2": {"matrix": [[-0.6434568166732788, -0.3471604883670807, -0.6822335720062256, -1.9895899295806885], [0.3909929096698761, 0.6171595454216003, -0.6828164458274841, 0.5457526445388794], [0.658094048500061, -0.7061114311218262, -0.2613781988620758, -0.39013150334358215], [0.0, 0.0, 0.0, 1.0]]}, "finger2joint3": {"matrix": [[-0.6154781579971313, -0.09754437208175659, -0.7820942401885986, -2.12137770652771], [0.5186363458633423, 0.6970690488815308, -0.49508658051490784, 0.7800365686416626], [0.5934666991233826, -0.7103375792503357, -0.3784407079219818, -0.6581829786300659], [0.0, 0.0, 0.0, 1.0]]}, "Bone.002": {"matrix": [[-0.6071401834487915, -0.5593574643135071, 0.5643578767776489, -1.0125938653945923], [0.3127596378326416, -0.8211413621902466, -0.4773971736431122, 0.28362008929252625], [0.730453372001648, -0.11333854496479034, 0.673492431640625, -0.048223260790109634], [0.0, 0.0, 0.0, 1.0]]}, "finger3joint1": {"matrix": [[-0.7287303805351257, -0.5114821195602417, 0.4553437829017639, -1.2483686208724976], [0.32329607009887695, -0.8431260585784912, -0.429671972990036, -0.062499165534973145], [0.6036819219589233, -0.16590407490730286, 0.7797716856002808, -0.09599660336971283], [0.0, 0.0, 0.0, 1.0]]}, "finger3joint2": {"matrix": [[-0.8175479173660278, -0.5720409154891968, 0.0662141814827919, -1.6970313787460327], [0.202333465218544, -0.39299866557121277, -0.8970023393630981, -0.8020738363265991], [0.5391442775726318, -0.719944953918457, 0.4370383620262146, -0.24152466654777527], [0.0, 0.0, 0.0, 1.0]]}, "finger3joint3": {"matrix": [[-0.8443999886512756, -0.4722079932689667, -0.25299814343452454, -2.067187547683716], [0.3305445909500122, -0.0875994935631752, -0.9397161602973938, -1.056375503540039], [0.42157912254333496, -0.8771235346794128, 0.23005488514900208, -0.70738685131073], [0.0, 0.0, 0.0, 1.0]]}, "Bone.003": {"matrix": [[-0.38922786712646484, 0.48675158619880676, 0.7820322513580322, -1.0125938653945923], [-0.4705502986907959, -0.8349187970161438, 0.2854697108268738, 0.28362011909484863], [0.7918862700462341, -0.2568727433681488, 0.5540147423744202, -0.04822324961423874], [0.0, 0.0, 0.0, 1.0]]}, "finger4joint1": {"matrix": [[-0.2740616202354431, -0.7437308430671692, 0.6097165942192078, -0.8039626479148865], [0.7663170099258423, -0.551944375038147, -0.32880890369415283, -0.07424235343933105], [0.581075131893158, 0.3771224319934845, 0.7212004661560059, -0.15832392871379852], [0.0, 0.0, 0.0, 1.0]]}, "finger4joint2": {"matrix": [[-0.27921339869499207, -0.9474965333938599, -0.1558515578508377, -1.5427544116973877], [0.7469709515571594, -0.11233272403478622, -0.6552978157997131, -0.6225212812423706], [0.603385329246521, -0.29938459396362305, 0.7391175031661987, 0.2162940502166748], [0.0, 0.0, 0.0, 1.0]]}, "finger4joint3": {"matrix": [[-0.19717560708522797, -0.6886144280433655, -0.6978047490119934, -1.937920093536377], [0.7632294297218323, 0.33891060948371887, -0.5501090884208679, -0.6693710684776306], [0.615306556224823, -0.6410534381866455, 0.45874613523483276, 0.09143185615539551], [0.0, 0.0, 0.0, 1.0]]}}