{"root": {"matrix": [[0.34534528851509094, -0.9373474717140198, -0.04600322246551514, -5.960464477539063e-08], [0.08574163913726807, 0.08032780885696411, -0.9930739402770996, 0.0], [0.9345507025718689, 0.33900901675224304, 0.1081104651093483, 0.0], [0.0, 0.0, 0.0, 1.0]]}, "carpals": {"matrix": [[0.31843119859695435, -0.3731822371482849, -0.8713991045951843, -0.13132965564727783], [0.8639124631881714, -0.2641432285308838, 0.4288163483142853, 0.3841763138771057], [-0.3902006447315216, -0.8893610835075378, 0.23828548192977905, 2.4331352710723877], [0.0, 0.0, 0.0, 1.0]]}, "metacarpals": {"matrix": [[0.49200573563575745, -0.7362031936645508, -0.46468809247016907, -0.4948068857192993], [0.5560258030891418, -0.1449907273054123, 0.818420946598053, 0.12690240144729614], [-0.6698994636535645, -0.6610463261604309, 0.33801186084747314, 1.566902756690979], [0.0, 0.0, 0.0, 1.0]]}, "finger5joint1": {"matrix": [[0.1981889307498932, -0.7612549662590027, -0.6174235343933105, -0.810107946395874], [0.4991544783115387, -0.46372997760772705, 0.7319830656051636, -0.39007455110549927], [-0.8435434103012085, -0.4532606303691864, 0.28807783126831055, 1.168161153793335], [0.0, 0.0, 0.0, 1.0]]}, "finger5joint2": {"matrix": [[-0.6056174039840698, -0.640520453453064, -0.4721870720386505, -1.614200472831726], [0.7359968423843384, -0.22526073455810547, -0.638408899307251, -0.8798997402191162], [0.30254897475242615, -0.7341595888137817, 0.6078428626060486, 0.689394474029541], [0.0, 0.0, 0.0, 1.0]]}, "finger5joint3": {"matrix": [[-0.635850191116333, -0.43182289600372314, -0.6397054195404053, -2.054452657699585], [0.7457792162895203, -0.13030403852462769, -0.6533252000808716, -1.034729242324829], [0.19876480102539062, -0.8924959301948547, 0.404898464679718, 0.18478083610534668], [0.0, 0.0, 0.0, 1.0]]}, "Bone": {"matrix": [[0.8399943113327026, 0.4303707480430603, -0.3304395377635956, -1.6442244052886963], [0.1593950092792511, 0.38640516996383667, 0.908451497554779, -0.09946836531162262], [0.518654465675354, -0.8157645463943481, 0.25597938895225525, 0.5348259210586548], [0.0, 0.0, 0.0, 1.0]]}, "finger1joint1": {"matrix": [[0.6935874819755554, -0.7157493829727173, -0.08147955685853958, -1.2860753536224365], [0.5985177159309387, 0.5096207857131958, 0.6181125640869141, 0.22209328413009644], [-0.4008900225162506, -0.4774819016456604, 0.7818554043769836, -0.14404326677322388], [0.0, 0.0, 0.0, 1.0]]}, "finger1joint2": {"matrix": [[0.699636697769165, -0.7098036408424377, -0.08177465200424194, -1.6906012296676636], [0.37159642577171326, 0.26372185349464417, 0.8901498913764954, 0.5101198554039001], [-0.6102659106254578, -0.6531685590744019, 0.44827014207839966, -0.41390565037727356], [0.0, 0.0, 0.0, 1.0]]}, "finger1joint3": {"matrix": [[0.7133252620697021, -0.5194997787475586, -0.47041136026382446, -1.994882583618164], [0.44990748167037964, -0.17520447075366974, 0.8757206201553345, 0.6231731176376343], [-0.5373549461364746, -0.8363151550292969, 0.10874932259321213, -0.6939083337783813], [0.0, 0.0, 0.0, 1.0]]}, "Bone.001": {"matrix": [[0.8908668160438538, -0.03797069936990738, -0.45267453789711, -1.6442245244979858], [0.3866593539714813, 0.5864248871803284, 0.711758553981781, -0.09946838021278381], [0.23843368887901306, -0.8091128468513489, 0.5371083617210388, 0.5348259806632996], [0.0, 0.0, 0.0, 1.0]]}, "finger2joint1": {"matrix": [[0.5900517702102661, -0.6510573625564575, -0.47745463252067566, -1.6682933568954468], [0.5515853762626648, -0.1067703515291214, 0.8272566199302673, 0.2722567617893219], [-0.5895694494247437, -0.7514812350273132, 0.29611387848854065, 0.021942555904388428], [0.0, 0.0, 0.0, 1.0]]}, "finger2joint2": {"matrix": [[0.5703455209732056, -0.21725352108478546, -0.7921531796455383, -2.2315549850463867], [0.46085086464881897, -0.7136667370796204, 0.5275378227233887, 0.17988449335098267], [-0.6799428462982178, -0.6659433245658875, -0.30691495537757874, -0.6282005906105042], [0.0, 0.0, 0.0, 1.0]]}, "finger2joint3": {"matrix": [[0.6101476550102234, 0.2254602611064911, -0.7595309019088745, -2.314028263092041], [0.3269609808921814, -0.9448696970939636, -0.017821673303842545, -0.09103509783744812], [-0.7216758131980896, -0.23746329545974731, -0.6502266526222229, -0.8810036778450012], [0.0, 0.0, 0.0, 1.0]]}, "Bone.002": {"matrix": [[0.6190810799598694, -0.6953949928283691, -0.36491677165031433, -1.6442245244979858], [0.6747897863388062, 0.23332126438617706, 0.700157105922699, -0.09946837276220322], [-0.4017428159713745, -0.6796959042549133, 0.6136903166770935, 0.5348259210586548], [0.0, 0.0, 0.0, 1.0]]}, "finger3joint1": {"matrix": [[0.6105243563652039, -0.4315009117126465, -0.6641286611557007, -1.9373403787612915], [0.5925942063331604, -0.30744656920433044, 0.7445191740989685, -0.0011211037635803223], [-0.525444746017456, -0.8481057286262512, 0.06800152361392975, 0.24832728505134583], [0.0, 0.0, 0.0, 1.0]]}, "finger3joint2": {"matrix": [[0.5599117279052734, 0.02450328879058361, -0.8281898498535156, -2.315845012664795], [0.5071910619735718, -0.8005388379096985, 0.3192097544670105, -0.27080756425857544], [-0.6551762819290161, -0.5987797379493713, -0.4606587290763855, -0.4956154227256775], [0.0, 0.0, 0.0, 1.0]]}, "finger3joint3": {"matrix": [[0.6917260885238647, 0.2426808476448059, -0.6801624298095703, -2.2999892234802246], [0.4059367775917053, -0.9096269607543945, 0.08828464150428772, -0.7888205051422119], [-0.5972690582275391, -0.33717188239097595, -0.7277255058288574, -0.8830739855766296], [0.0, 0.0, 0.0, 1.0]]}, "Bone.003": {"matrix": [[-0.14082835614681244, -0.9510036110877991, 0.2752443552017212, -1.6442245244979858], [0.9473860263824463, -0.0487295463681221, 0.3163622319698334, -0.09946838021278381], [-0.28744882345199585, 0.3053154945373535, 0.9078300595283508, 0.5348259210586548], [0.0, 0.0, 0.0, 1.0]]}, "finger4joint1": {"matrix": [[0.6953815221786499, -0.6039673686027527, -0.38944530487060547, -2.0518429279327393], [0.5605286955833435, 0.11670589447021484, 0.8198701739311218, -0.12035480886697769], [-0.4497242569923401, -0.7884176969528198, 0.4196964204311371, 0.6656900644302368], [0.0, 0.0, 0.0, 1.0]]}, "finger4joint2": {"matrix": [[0.6737039089202881, 0.35396265983581543, -0.6487164497375488, -2.6517996788024902], [0.5787839293479919, -0.7985378503799438, 0.16536712646484375, -0.004423946142196655], [-0.4594907760620117, -0.48687538504600525, -0.7428458333015442, -0.11749178171157837], [0.0, 0.0, 0.0, 1.0]]}, "finger4joint3": {"matrix": [[0.6513662934303284, 0.7566347122192383, 0.056793201714754105, -2.5041747093200684], [0.6406787633895874, -0.5083516836166382, -0.5754207968711853, -0.33746445178985596], [-0.4065123498439789, 0.41119566559791565, -0.8158831000328064, -0.3205494284629822], [0.0, 0.0, 0.0, 1.0]]}}