{"root": {"matrix": [[0.27094554901123047, -0.6506466865539551, 0.7093992829322815, -5.960464477539063e-08], [0.8428933024406433, -0.19555236399173737, -0.5012884736061096, 0.0], [0.46488648653030396, 0.7337697744369507, 0.4954416751861572, 5.960464477539063e-08], [0.0, 0.0, 0.0, 1.0]]}, "carpals": {"matrix": [[-0.8049272298812866, -0.5447444319725037, -0.2352559119462967, -0.10388243198394775], [0.5614879131317139, -0.5710349082946777, -0.5988741517066956, 1.7711293697357178], [0.19189409911632538, -0.6141434907913208, 0.7655090689659119, 1.7138538360595703], [0.0, 0.0, 0.0, 1.0]]}, "metacarpals": {"matrix": [[-0.8615556359291077, -0.35125991702079773, 0.3665217161178589, -0.6344602108001709], [0.060590893030166626, -0.7879663705825806, -0.6127296090126038, 1.214944839477539], [0.5040342211723328, -0.5056927800178528, 0.7001599669456482, 1.115681767463684], [0.0, 0.0, 0.0, 1.0]]}, "finger5joint1": {"matrix": [[-0.8644781112670898, -0.4145408272743225, 0.28431180119514465, -0.8345152139663696], [-0.18660868704319, -0.2605249583721161, -0.9472611546516418, 1.0067020654678345], [0.4667488932609558, -0.8719416260719299, 0.14786118268966675, 0.45063453912734985], [0.0, 0.0, 0.0, 1.0]]}, "finger5joint2": {"matrix": [[0.18269024789333344, -0.7945985794067383, 0.5789963006973267, -1.2723833322525024], [-0.9798336625099182, -0.19562622904777527, 0.04069364443421364, 0.7315167188644409], [0.08093178272247314, -0.5747542977333069, -0.8143138289451599, -0.4703732132911682], [0.0, 0.0, 0.0, 1.0]]}, "finger5joint3": {"matrix": [[0.07555791735649109, -0.9390571117401123, 0.3353537619113922, -1.8185386657714844], [-0.9945650696754456, -0.09513189643621445, -0.042305346578359604, 0.597055971622467], [0.07163003087043762, -0.33033448457717896, -0.941141664981842, -0.8654220104217529], [0.0, 0.0, 0.0, 1.0]]}, "Bone": {"matrix": [[0.18169434368610382, -0.95526123046875, 0.23337295651435852, -1.1828744411468506], [0.8368309140205383, 0.02556825987994671, -0.5468637943267822, -0.015289407223463058], [0.5164307951927185, 0.2946558892726898, 0.8040378093719482, 0.3261549472808838], [0.0, 0.0, 0.0, 1.0]]}, "finger1joint1": {"matrix": [[-0.7925947904586792, -0.6075872778892517, -0.05129369720816612, -1.9778308868408203], [0.16354314982891083, -0.13079091906547546, -0.9778277277946472, 0.005988173186779022], [0.5874070525169373, -0.7834098935127258, 0.2030310183763504, 0.5713639259338379], [0.0, 0.0, 0.0, 1.0]]}, "finger1joint2": {"matrix": [[-0.7270320057868958, -0.04082750529050827, -0.6853885650634766, -2.321226119995117], [0.45606759190559387, 0.7174832224845886, -0.526516854763031, -0.06793200969696045], [0.5132512450218201, -0.6953781247138977, -0.5030131340026855, 0.12859761714935303], [0.0, 0.0, 0.0, 1.0]]}, "finger1joint3": {"matrix": [[-0.7907156944274902, 0.4411747455596924, -0.4244213402271271, -2.338728427886963], [0.37376993894577026, 0.8969839215278625, 0.23604169487953186, 0.2396412491798401], [0.4848348796367645, 0.028005853295326233, -0.8741570711135864, -0.16949956119060516], [0.0, 0.0, 0.0, 1.0]]}, "Bone.001": {"matrix": [[-0.12601692974567413, -0.8175058364868164, 0.5619640946388245, -1.1828744411468506], [0.7254467010498047, -0.4623264670372009, -0.5098834037780762, -0.015289396047592163], [0.6766435503959656, 0.3434211313724518, 0.6513178944587708, 0.3261549472808838], [0.0, 0.0, 0.0, 1.0]]}, "finger2joint1": {"matrix": [[-0.8163653612136841, -0.34464648365974426, 0.4634285569190979, -1.7010780572891235], [0.1753050535917282, -0.9124400615692139, -0.3697579801082611, -0.30835050344467163], [0.5502866506576538, -0.22061622142791748, 0.8053028583526611, 0.5438439846038818], [0.0, 0.0, 0.0, 1.0]]}, "finger2joint2": {"matrix": [[-0.8835062980651855, -0.35412418842315674, 0.3066144585609436, -1.9992485046386719], [0.1254904419183731, -0.8095853328704834, -0.5734312534332275, -1.0977470874786377], [0.4512966275215149, -0.46815288066864014, 0.7597130537033081, 0.3529781103134155], [0.0, 0.0, 0.0, 1.0]]}, "finger2joint3": {"matrix": [[-0.9421319961547852, -0.18546657264232635, -0.2792653739452362, -2.1336801052093506], [0.08253737539052963, 0.6790600419044495, -0.729427695274353, -1.4050790071487427], [0.3249225318431854, -0.7102670669555664, -0.6244562268257141, 0.1752595752477646], [0.0, 0.0, 0.0, 1.0]]}, "Bone.002": {"matrix": [[-0.6691672801971436, -0.4308403432369232, 0.6054680943489075, -1.1828745603561401], [0.20554673671722412, -0.8902981281280518, -0.40634915232658386, -0.015289396047592163], [0.7141188383102417, -0.14746347069740295, 0.6843161582946777, 0.3261549472808838], [0.0, 0.0, 0.0, 1.0]]}, "finger3joint1": {"matrix": [[-0.79750657081604, -0.4906003773212433, 0.3511330485343933, -1.3644781112670898], [0.1724100112915039, -0.7430680394172668, -0.6466255187988281, -0.39055901765823364], [0.5781506896018982, -0.4551491439342499, 0.6771860122680664, 0.2639976143836975], [0.0, 0.0, 0.0, 1.0]]}, "finger3joint2": {"matrix": [[-0.8780619502067566, -0.4785081148147583, 0.006083078682422638, -1.7948237657546997], [0.07769832015037537, -0.15509572625160217, -0.9848392009735107, -1.042364478111267], [0.47219717502593994, -0.8642771244049072, 0.17336297035217285, -0.13525080680847168], [0.0, 0.0, 0.0, 1.0]]}, "finger3joint3": {"matrix": [[-0.8892241716384888, -0.3581250309944153, -0.2846517860889435, -2.104456663131714], [0.2344144731760025, 0.17763309180736542, -0.955769956111908, -1.1427239179611206], [0.3928488790988922, -0.9166203141212463, -0.07400590181350708, -0.6945075392723083], [0.0, 0.0, 0.0, 1.0]]}, "Bone.003": {"matrix": [[-0.342402845621109, 0.610344648361206, 0.7143105864524841, -1.1828744411468506], [-0.5394493937492371, -0.7501740455627441, 0.3824044167995453, -0.015289396047592163], [0.7692557573318481, -0.25439804792404175, 0.5861117839813232, 0.3261549472808838], [0.0, 0.0, 0.0, 1.0]]}, "finger4joint1": {"matrix": [[-0.3283427059650421, -0.8252708911895752, 0.4594765305519104, -0.921268880367279], [0.6556994915008545, -0.549286961555481, -0.5180169939994812, -0.3368285894393921], [0.6798890233039856, 0.13119152188301086, 0.7214841842651367, 0.21711498498916626], [0.0, 0.0, 0.0, 1.0]]}, "finger4joint2": {"matrix": [[-0.3382404148578644, -0.7817029356956482, -0.5239594578742981, -1.7410590648651123], [0.6328104138374329, 0.22316405177116394, -0.7414501309394836, -0.8824678063392639], [0.6965227723121643, -0.5823555588722229, 0.41918689012527466, 0.34743526577949524], [0.0, 0.0, 0.0, 1.0]]}, "finger4joint3": {"matrix": [[-0.2643888294696808, -0.3586941957473755, -0.8952298760414124, -2.0670783519744873], [0.6228480339050293, 0.645203709602356, -0.44246137142181396, -0.7893943786621094], [0.7363141179084778, -0.6745742559432983, 0.05282745510339737, 0.1045563817024231], [0.0, 0.0, 0.0, 1.0]]}}