{"root": {"matrix": [[0.5844787359237671, -0.8020585775375366, -0.12282760441303253, -5.960464477539063e-08], [-0.4600231647491455, -0.20285119116306305, -0.8644247055053711, -1.4901161193847656e-08], [0.6684035062789917, 0.5617414116859436, -0.4875278174877167, 0.0], [0.0, 0.0, 0.0, 1.0]]}, "carpals": {"matrix": [[0.21768930554389954, -0.5931943655014038, -0.7750687599182129, 0.5505244731903076], [0.9755020141601562, 0.10641703009605408, 0.1925380825996399, -1.1417003870010376], [-0.03173181414604187, -0.7979947924613953, 0.6018282771110535, 2.116229772567749], [0.0, 0.0, 0.0, 1.0]]}, "metacarpals": {"matrix": [[0.4193471670150757, -0.8623133897781372, -0.28383669257164, -0.02724325656890869], [0.7995731234550476, 0.20276178419589996, 0.5653053522109985, -1.038050889968872], [-0.4299190938472748, -0.4640074372291565, 0.7745104432106018, 1.3389875888824463], [0.0, 0.0, 0.0, 1.0]]}, "finger5joint1": {"matrix": [[0.0637313649058342, -0.9172126650810242, -0.39326706528663635, -0.4761589765548706], [0.8301647901535034, -0.1699792891740799, 0.5309738516807556, -1.2951867580413818], [-0.5538631081581116, -0.3603162169456482, 0.7506048679351807, 0.8310203552246094], [0.0, 0.0, 0.0, 1.0]]}, "finger5joint2": {"matrix": [[-0.3171505033969879, -0.8009488582611084, -0.5078344345092773, -1.4449851512908936], [0.5128434896469116, 0.3055896759033203, -0.8022505640983582, -1.4747310876846313], [0.7977510690689087, -0.514873743057251, 0.3138435184955597, 0.450428307056427], [0.0, 0.0, 0.0, 1.0]]}, "finger5joint3": {"matrix": [[-0.36209678649902344, -0.5848991274833679, -0.7257949113845825, -1.995505452156067], [0.5825182795524597, 0.4658777117729187, -0.66605544090271, -1.2646887302398682], [0.7277073264122009, -0.6639654040336609, 0.17202164232730865, 0.09653754532337189], [0.0, 0.0, 0.0, 1.0]]}, "Bone": {"matrix": [[0.937615692615509, 0.3098416030406952, -0.1577170044183731, -1.373553991317749], [-0.12389731407165527, 0.721626877784729, 0.6811048984527588, -0.7214833498001099], [0.3248474895954132, -0.6190739274024963, 0.7149974703788757, 0.614543080329895], [0.0, 0.0, 0.0, 1.0]]}, "finger1joint1": {"matrix": [[0.610852837562561, -0.76186603307724, 0.21544991433620453, -1.115707516670227], [0.7454564571380615, 0.6451164484024048, 0.16768763959407806, -0.12095439434051514], [-0.26674577593803406, 0.05817621201276779, 0.9620093703269958, 0.09935745596885681], [0.0, 0.0, 0.0, 1.0]]}, "finger1joint2": {"matrix": [[0.5313671231269836, -0.833867073059082, 0.14938004314899445, -1.5462977886199951], [0.6459538340568542, 0.5129077434539795, 0.5653928518295288, 0.24365143477916718], [-0.5480807423591614, -0.20393849909305573, 0.8111822009086609, 0.13223738968372345], [0.0, 0.0, 0.0, 1.0]]}, "finger1joint3": {"matrix": [[0.5739958882331848, -0.7745826244354248, -0.2656129002571106, -1.903762698173523], [0.6806376576423645, 0.2709707021713257, 0.6806666254997253, 0.46352651715278625], [-0.4552592933177948, -0.5714860558509827, 0.682746410369873, 0.04481230676174164], [0.0, 0.0, 0.0, 1.0]]}, "Bone.001": {"matrix": [[0.9615995287895203, -0.11941345781087875, -0.24711617827415466, -1.373553991317749], [0.20877090096473694, 0.902726411819458, 0.3761640787124634, -0.7214834690093994], [0.17815932631492615, -0.413309782743454, 0.8929916024208069, 0.614543080329895], [0.0, 0.0, 0.0, 1.0]]}, "finger2joint1": {"matrix": [[0.7803794741630554, -0.42372602224349976, -0.4598519206047058, -1.449248194694519], [0.6249570846557617, 0.5530778765678406, 0.5509384274482727, -0.14925989508628845], [0.020887134596705437, -0.7173287868499756, 0.6964215040206909, 0.3525528013706207], [0.0, 0.0, 0.0, 1.0]]}, "finger2joint2": {"matrix": [[0.7780067920684814, -0.43627679347991943, -0.4520704746246338, -1.8158342838287354], [0.6188130974769592, 0.40786051750183105, 0.671356737613678, 0.32923486828804016], [-0.10851556062698364, -0.802067220211029, 0.5872923135757446, -0.2680434584617615], [0.0, 0.0, 0.0, 1.0]]}, "finger2joint3": {"matrix": [[0.7600935101509094, -0.422951877117157, -0.4933246374130249, -1.9814519882202148], [0.5990303158760071, 0.16184952855110168, 0.7841983437538147, 0.484065443277359], [-0.2518337368965149, -0.8915806412696838, 0.3763820230960846, -0.5725212693214417], [0.0, 0.0, 0.0, 1.0]]}, "Bone.002": {"matrix": [[0.609749972820282, -0.7785788774490356, -0.14839039742946625, -1.37355375289917], [0.7731325626373291, 0.5430278778076172, 0.32769885659217834, -0.7214833498001099], [-0.17455917596817017, -0.31453970074653625, 0.933056116104126, 0.6145431399345398], [0.0, 0.0, 0.0, 1.0]]}, "finger3joint1": {"matrix": [[0.5032745599746704, -0.5858561992645264, -0.6352063417434692, -1.701732873916626], [0.7768147587776184, -0.01525907963514328, 0.629544198513031, -0.4925916790962219], [-0.37851494550704956, -0.8102712631225586, 0.44742244482040405, 0.48196151852607727], [0.0, 0.0, 0.0, 1.0]]}, "finger3joint2": {"matrix": [[0.4285639226436615, -0.09359683841466904, -0.8986504077911377, -2.215634822845459], [0.7396152019500732, -0.5349302291870117, 0.40843465924263, -0.505976676940918], [-0.5189433693885803, -0.839695930480957, -0.16002605855464935, -0.22879350185394287], [0.0, 0.0, 0.0, 1.0]]}, "finger3joint3": {"matrix": [[0.5684024095535278, 0.1695469468832016, -0.8050915598869324, -2.2761995792388916], [0.6329340934753418, -0.7152953743934631, 0.2962208092212677, -0.852119505405426], [-0.5256548523902893, -0.6779427528381348, -0.5138875842094421, -0.7721441984176636], [0.0, 0.0, 0.0, 1.0]]}, "Bone.003": {"matrix": [[-0.07328643649816513, -0.8725361824035645, 0.4830212891101837, -1.3735538721084595], [0.9718409776687622, -0.17123731970787048, -0.1618724763393402, -0.7214833498001099], [0.22395111620426178, 0.4575568735599518, 0.8605158925056458, 0.6145431399345398], [0.0, 0.0, 0.0, 1.0]]}, "finger4joint1": {"matrix": [[0.7611539959907532, -0.6438968181610107, -0.07772462069988251, -1.747539758682251], [0.6045328974723816, 0.6609519720077515, 0.4446144998073578, -0.7948790788650513], [-0.23491357266902924, -0.38540711998939514, 0.8923434019088745, 0.8106609582901001], [0.0, 0.0, 0.0, 1.0]]}, "finger4joint2": {"matrix": [[0.7445509433746338, -0.050120096653699875, -0.6656811237335205, -2.387160539627075], [0.6279979348182678, -0.28561609983444214, 0.7239071726799011, -0.13831639289855957], [-0.22641146183013916, -0.9570325613021851, -0.1811802089214325, 0.42781326174736023], [0.0, 0.0, 0.0, 1.0]]}, "finger4joint3": {"matrix": [[0.7557983994483948, 0.5112612247467041, -0.40912124514579773, -2.4080638885498047], [0.6389093399047852, -0.7126197218894958, 0.2897714376449585, -0.2574363052845001], [-0.14339886605739594, -0.48040062189102173, -0.8652466535568237, 0.028670519590377808], [0.0, 0.0, 0.0, 1.0]]}}