{"root": {"matrix": [[-0.022388430312275887, -0.8877648711204529, 0.4597524106502533, -5.960464477539063e-08], [0.7307953834533691, -0.3283461928367615, -0.5984370112419128, -2.9802322387695312e-08], [0.6822293996810913, 0.3225868344306946, 0.6561256051063538, 0.0], [0.0, 0.0, 0.0, 1.0]]}, "carpals": {"matrix": [[-0.03747051581740379, -0.951702892780304, -0.3047250211238861, -0.9712779521942139], [0.8628205060958862, 0.12302176654338837, -0.4903123676776886, 1.3985642194747925], [0.5041195154190063, -0.28129521012306213, 0.8165391087532043, 1.7848315238952637], [0.0, 0.0, 0.0, 1.0]]}, "metacarpals": {"matrix": [[-0.9196292161941528, -0.023467786610126495, -0.39208561182022095, -1.898230791091919], [0.30802851915359497, -0.6624730825424194, -0.6828233599662781, 1.5183866024017334], [-0.24372176826000214, -0.7487178444862366, 0.6164583563804626, 1.5108516216278076], [0.0, 0.0, 0.0, 1.0]]}, "finger5joint1": {"matrix": [[-0.9266914129257202, -0.20264717936515808, -0.31650733947753906, -1.5889685153961182], [0.37252551317214966, -0.3839818835258484, -0.8448565006256104, 1.3671764135360718], [0.049674760550260544, -0.9008283019065857, 0.43132397532463074, 0.8727551102638245], [0.0, 0.0, 0.0, 1.0]]}, "finger5joint2": {"matrix": [[-0.25373709201812744, -0.3015953600406647, 0.9190523624420166, -1.8030190467834473], [-0.8225403428077698, -0.43267589807510376, -0.3690781593322754, 0.9615870714187622], [0.5089641213417053, -0.8496063351631165, -0.13828860223293304, -0.07876485586166382], [0.0, 0.0, 0.0, 1.0]]}, "finger5joint3": {"matrix": [[-0.33099564909935, -0.44198527932167053, 0.8337208032608032, -2.0103161334991455], [-0.8377684950828552, -0.2689603567123413, -0.475188285112381, 0.6641937494277954], [0.4342641532421112, -0.8557502627372742, -0.2812567949295044, -0.6627291440963745], [0.0, 0.0, 0.0, 1.0]]}, "Bone": {"matrix": [[-0.08578849583864212, -0.836243212223053, -0.5416063666343689, -1.9348703622817993], [0.7574468851089478, 0.2984040677547455, -0.5807142853736877, 0.4840821921825409], [0.6472359299659729, -0.4600566327571869, 0.6078101396560669, 0.341895192861557], [0.0, 0.0, 0.0, 1.0]]}, "finger1joint1": {"matrix": [[-0.9169159531593323, 0.03275393694639206, -0.3977336883544922, -2.630781650543213], [0.38525640964508057, -0.18738944828510284, -0.9035831689834595, 0.7324103713035583], [-0.10412699729204178, -0.9817392826080322, 0.1592017561197281, -0.040958285331726074], [0.0, 0.0, 0.0, 1.0]]}, "finger1joint2": {"matrix": [[-0.7527558207511902, 0.5447136163711548, -0.3696560859680176, -2.6122701168060303], [0.6457363367080688, 0.5018027424812317, -0.575515866279602, 0.6265019178390503], [-0.12799690663814545, -0.6719232797622681, -0.7294762134552002, -0.5958160161972046], [0.0, 0.0, 0.0, 1.0]]}, "finger1joint3": {"matrix": [[-0.8057964444160461, 0.590813159942627, -0.040396153926849365, -2.3787600994110107], [0.5652856230735779, 0.7470638155937195, -0.3497824966907501, 0.8416166305541992], [-0.1764776110649109, -0.30468887090682983, -0.9359593987464905, -0.8838584423065186], [0.0, 0.0, 0.0, 1.0]]}, "Bone.001": {"matrix": [[-0.42686355113983154, -0.8802204132080078, -0.20736254751682281, -1.9348702430725098], [0.7396421432495117, -0.20789889991283417, -0.6400838494300842, 0.4840822219848633], [0.5203044414520264, -0.4266025424003601, 0.7397926449775696, 0.341895192861557], [0.0, 0.0, 0.0, 1.0]]}, "finger2joint1": {"matrix": [[-0.9054145216941833, -0.0798708125948906, -0.4169471263885498, -2.492827892303467], [0.3387727737426758, 0.4559628665447235, -0.8230010271072388, 0.3522985279560089], [0.255846232175827, -0.8864074349403381, -0.3857773244380951, 0.07147884368896484], [0.0, 0.0, 0.0, 1.0]]}, "finger2joint2": {"matrix": [[-0.8665059804916382, 0.4980831742286682, -0.03286879137158394, -2.5619280338287354], [0.4532182514667511, 0.8126317262649536, 0.36636412143707275, 0.7467743158340454], [0.20919011533260345, 0.3025599718093872, -0.9298905730247498, -0.6953956484794617], [0.0, 0.0, 0.0, 1.0]]}, "finger2joint3": {"matrix": [[-0.7972325086593628, 0.43601280450820923, 0.41750794649124146, -2.372847318649292], [0.5088732838630676, 0.11332237720489502, 0.8533497452735901, 1.055262565612793], [0.32475847005844116, 0.8927767872810364, -0.3122195303440094, -0.5805388689041138], [0.0, 0.0, 0.0, 1.0]]}, "Bone.002": {"matrix": [[-0.9163907170295715, -0.3566536009311676, -0.18173092603683472, -1.9348706007003784], [0.3951711654663086, -0.7337346076965332, -0.5526963472366333, 0.4840822219848633], [0.06377892941236496, -0.5783004760742188, 0.8133267760276794, 0.3418951630592346], [0.0, 0.0, 0.0, 1.0]]}, "finger3joint1": {"matrix": [[-0.9137965440750122, -0.3108673691749573, -0.26141420006752014, -2.0852034091949463], [0.37112510204315186, -0.9005692005157471, -0.22636516392230988, 0.1748056411743164], [-0.16505195200443268, -0.30386894941329956, 0.9383075833320618, 0.09813567996025085], [0.0, 0.0, 0.0, 1.0]]}, "finger3joint2": {"matrix": [[-0.9406179785728455, 0.07193941622972488, -0.33175671100616455, -2.3578906059265137], [0.23255440592765808, -0.5753876566886902, -0.784122109413147, -0.6151570081710815], [-0.24729786813259125, -0.8147106170654297, 0.5244901776313782, -0.16841250658035278], [0.0, 0.0, 0.0, 1.0]]}, "finger3joint3": {"matrix": [[-0.8666886687278748, 0.2771747410297394, -0.4147588014602661, -2.31134033203125], [0.3322659432888031, -0.29941192269325256, -0.8944002985954285, -0.987479031085968], [-0.372088760137558, -0.9129766821861267, 0.1674012392759323, -0.6955957412719727], [0.0, 0.0, 0.0, 1.0]]}, "Bone.003": {"matrix": [[-0.893039882183075, 0.433346688747406, 0.1212034672498703, -1.9348704814910889], [-0.41110959649086, -0.8952564597129822, 0.17176949977874756, 0.4840822219848633], [0.18294399976730347, 0.10356909781694412, 0.9776526689529419, 0.3418951630592346], [0.0, 0.0, 0.0, 1.0]]}, "finger4joint1": {"matrix": [[-0.7821839451789856, -0.6221913695335388, -0.032648466527462006, -1.7491295337677002], [0.6148173213005066, -0.7792802453041077, 0.12133293598890305, 0.10035789012908936], [-0.10093454271554947, 0.07483194768428802, 0.9920745491981506, 0.3862869143486023], [0.0, 0.0, 0.0, 1.0]]}, "finger4joint2": {"matrix": [[-0.7967254519462585, -0.107953742146492, -0.594620943069458, -2.3671891689300537], [0.5990204811096191, -0.2713402509689331, -0.7533581852912903, -0.673747181892395], [-0.08001669496297836, -0.9564099311828613, 0.2808503806591034, 0.4606218636035919], [0.0, 0.0, 0.0, 1.0]]}, "finger4joint3": {"matrix": [[-0.7762102484703064, 0.5222145318984985, -0.35325515270233154, -2.412212610244751], [0.6304589509963989, 0.6390567421913147, -0.44059914350509644, -0.7869131565093994], [-0.004337124060839415, -0.5647106766700745, -0.8252772688865662, 0.06173880398273468], [0.0, 0.0, 0.0, 1.0]]}}