{"root": {"matrix": [[0.33210018277168274, -0.6816370487213135, 0.6519819498062134, 0.0], [0.8745987415313721, -0.036336664110422134, -0.4834839403629303, 0.0], [0.35325148701667786, 0.7307876348495483, 0.5840914249420166, 5.960464477539063e-08], [0.0, 0.0, 0.0, 1.0]]}, "carpals": {"matrix": [[-0.8510714769363403, -0.45118317008018494, -0.2685345709323883, 0.010538488626480103], [0.5192148685455322, -0.6471752524375916, -0.5581934452056885, 1.996671438217163], [0.07805861532688141, -0.6144896745681763, 0.785053551197052, 1.448508620262146], [0.0, 0.0, 0.0, 1.0]]}, "metacarpals": {"matrix": [[-0.8262338042259216, -0.3900708556175232, 0.40642616152763367, -0.4289112091064453], [0.06659246236085892, -0.7840471267700195, -0.6171185970306396, 1.3663268089294434], [0.5593773722648621, -0.4828192889690399, 0.6737820506095886, 0.8499993681907654], [0.0, 0.0, 0.0, 1.0]]}, "finger5joint1": {"matrix": [[-0.7575804591178894, -0.4837301969528198, 0.4382655620574951, -0.6737275123596191], [0.1326761543750763, -0.771521270275116, -0.6222151517868042, 1.1610729694366455], [0.6391156315803528, -0.41323062777519226, 0.6486689448356628, 0.19914564490318298], [0.0, 0.0, 0.0, 1.0]]}, "finger5joint2": {"matrix": [[0.3149453401565552, -0.921181321144104, 0.22854715585708618, -1.184678316116333], [-0.678605318069458, -0.386909157037735, -0.6243361234664917, 0.3461363911628723], [0.6635539531707764, 0.041538603603839874, -0.7469740509986877, -0.23733840882778168], [0.0, 0.0, 0.0, 1.0]]}, "finger5joint3": {"matrix": [[0.2145104706287384, -0.9759592413902283, 0.03857724368572235, -1.8178386688232422], [-0.6763557195663452, -0.1769215613603592, -0.7150112390518188, 0.08020015805959702], [0.7046471834182739, 0.1272856742143631, -0.698047399520874, -0.2087874412536621], [0.0, 0.0, 0.0, 1.0]]}, "Bone": {"matrix": [[0.22197988629341125, -0.933712363243103, 0.2809019684791565, -1.0379201173782349], [0.8342711925506592, 0.03276034817099571, -0.5503799915313721, 0.14221154153347015], [0.5046941041946411, 0.3565218150615692, 0.7862415313720703, 0.09618443250656128], [0.0, 0.0, 0.0, 1.0]]}, "finger1joint1": {"matrix": [[-0.45159316062927246, -0.7403525114059448, -0.4979373812675476, -1.8149441480636597], [0.18739689886569977, 0.4669325351715088, -0.8642084002494812, 0.1694743037223816], [0.8723220825195312, -0.4835825264453888, -0.07212367653846741, 0.392877459526062], [0.0, 0.0, 0.0, 1.0]]}, "finger1joint2": {"matrix": [[-0.26365137100219727, -0.21514073014259338, -0.9403203129768372, -2.233375310897827], [0.43223699927330017, 0.8451201915740967, -0.31455186009407043, 0.43337446451187134], [0.8623566627502441, -0.4893732964992523, -0.12982521951198578, 0.11956710368394852], [0.0, 0.0, 0.0, 1.0]]}, "finger1joint3": {"matrix": [[-0.3494536280632019, 0.4420780837535858, -0.8261047005653381, -2.3256025314331055], [0.3668617010116577, 0.8758546710014343, 0.31351372599601746, 0.795663595199585], [0.8621453642845154, -0.19350773096084595, -0.4682520627975464, -0.0902191698551178], [0.0, 0.0, 0.0, 1.0]]}, "Bone.001": {"matrix": [[-0.07551097124814987, -0.7971041202545166, 0.599101722240448, -1.0379199981689453], [0.7250753045082092, -0.45633965730667114, -0.5157708525657654, 0.14221155643463135], [0.684516966342926, 0.39544761180877686, 0.6124192476272583, 0.09618440270423889], [0.0, 0.0, 0.0, 1.0]]}, "finger2joint1": {"matrix": [[-0.691231906414032, -0.31179672479629517, 0.6519055962562561, -1.5431914329528809], [0.29832592606544495, -0.9447888135910034, -0.1355561465024948, -0.1470547318458557], [0.6581791639328003, 0.100779689848423, 0.7460852861404419, 0.34685221314430237], [0.0, 0.0, 0.0, 1.0]]}, "finger2joint2": {"matrix": [[-0.7738702297210693, -0.5648295283317566, 0.28651735186576843, -1.8129419088363647], [0.222910076379776, -0.6663470268249512, -0.7115423083305359, -0.9644378423690796], [0.5928202271461487, -0.4867737591266632, 0.6415724158287048, 0.4340416193008423], [0.0, 0.0, 0.0, 1.0]]}, "finger2joint3": {"matrix": [[-0.8560325503349304, -0.41128432750701904, -0.31313440203666687, -2.027360677719116], [0.207691490650177, 0.28106823563575745, -0.9369442462921143, -1.2173939943313599], [0.4733627438545227, -0.8670902252197266, -0.15518325567245483, 0.24925430119037628], [0.0, 0.0, 0.0, 1.0]]}, "Bone.002": {"matrix": [[-0.6193314790725708, -0.44690755009651184, 0.6455245614051819, -1.0379199981689453], [0.20954760909080505, -0.88645339012146, -0.4126620888710022, 0.14221155643463135], [0.756649374961853, -0.12030639499425888, 0.6426569223403931, 0.09618442505598068], [0.0, 0.0, 0.0, 1.0]]}, "finger3joint1": {"matrix": [[-0.7191484570503235, -0.5253472924232483, 0.4547918140888214, -1.226296067237854], [0.2330697923898697, -0.7989677786827087, -0.5543724298477173, -0.23143744468688965], [0.6546022891998291, -0.29267773032188416, 0.6970190405845642, 0.045474082231521606], [0.0, 0.0, 0.0, 1.0]]}, "finger3joint2": {"matrix": [[-0.8102648258209229, -0.5833751559257507, 0.05607246607542038, -1.6871211528778076], [0.12513096630573273, -0.26567646861076355, -0.9559069871902466, -0.9322773218154907], [0.5725497007369995, -0.7675213813781738, 0.288266658782959, -0.2112574577331543], [0.0, 0.0, 0.0, 1.0]]}, "finger3joint3": {"matrix": [[-0.8360865712165833, -0.4801708459854126, -0.2653205692768097, -2.0646116733551025], [0.2707606256008148, 0.059444308280944824, -0.9608094692230225, -1.1041913032531738], [0.4771246612071991, -0.8751583695411682, 0.08031083643436432, -0.7079054117202759], [0.0, 0.0, 0.0, 1.0]]}, "Bone.003": {"matrix": [[-0.2958349585533142, 0.5861835479736328, 0.7542349696159363, -1.0379201173782349], [-0.5381991863250732, -0.7546091079711914, 0.37537524104118347, 0.14221154153347015], [0.7891914248466492, -0.2948795557022095, 0.5387232899665833, 0.09618441760540009], [0.0, 0.0, 0.0, 1.0]]}, "finger4joint1": {"matrix": [[-0.25848323106765747, -0.7867465615272522, 0.5605496764183044, -0.786670446395874], [0.699306070804596, -0.5527195334434509, -0.4532898962497711, -0.18122857809066772], [0.6664511561393738, 0.27482810616493225, 0.6930454969406128, -0.03020671010017395], [0.0, 0.0, 0.0, 1.0]]}, "finger4joint2": {"matrix": [[-0.265577495098114, -0.9174154996871948, -0.29633933305740356, -1.5681922435760498], [0.6775686740875244, 0.04104901850223541, -0.7343127727508545, -0.7302774786949158], [0.6858344674110413, -0.39580726623535156, 0.6107105612754822, 0.24279627203941345], [0.0, 0.0, 0.0, 1.0]]}, "finger4joint3": {"matrix": [[-0.18403373658657074, -0.6556500792503357, -0.7322937250137329, -1.9508121013641357], [0.6824806332588196, 0.4509144723415375, -0.5752354860305786, -0.7131575345993042], [0.7073551416397095, -0.6056392192840576, 0.3644852042198181, 0.07771973311901093], [0.0, 0.0, 0.0, 1.0]]}}