{"root": {"matrix": [[0.4435059428215027, -0.699153482913971, 0.5607913136482239, 0.0], [0.8758047223091125, 0.20511531829833984, -0.43691393733024597, 0.0], [0.19044306874275208, 0.6849176287651062, 0.7032917737960815, 5.960464477539063e-08], [0.0, 0.0, 0.0, 1.0]]}, "carpals": {"matrix": [[-0.3455435335636139, -0.8904358148574829, -0.296181321144104, 0.2555866241455078], [0.9082713723182678, -0.3966912627220154, 0.13296222686767578, 2.2305004596710205], [-0.23588691651821136, -0.2230687439441681, 0.9458315968513489, 1.022022008895874], [0.0, 0.0, 0.0, 1.0]]}, "metacarpals": {"matrix": [[-0.8761286735534668, -0.44404882192611694, -0.18766681849956512, -0.611692488193512], [0.4748019278049469, -0.8622132539749146, -0.17649731040000916, 1.844125509262085], [-0.08343537151813507, -0.24373888969421387, 0.9662451148033142, 0.804754376411438], [0.0, 0.0, 0.0, 1.0]]}, "finger5joint1": {"matrix": [[-0.7646163105964661, -0.6284739971160889, -0.1427653580904007, -0.6341670155525208], [0.6444444060325623, -0.743065357208252, -0.18040265142917633, 1.3413805961608887], [0.007294416427612305, -0.22994309663772583, 0.9731765985488892, 0.2828183174133301], [0.0, 0.0, 0.0, 1.0]]}, "finger5joint2": {"matrix": [[-0.08030159771442413, -0.8048683404922485, 0.5879947543144226, -1.2980067729949951], [-0.1560840606689453, -0.5724688768386841, -0.8049327731132507, 0.5565012693405151], [0.9844739437103271, -0.15641388297080994, -0.07965700328350067, 0.03993578255176544], [0.0, 0.0, 0.0, 1.0]]}, "finger5joint3": {"matrix": [[-0.1873389184474945, -0.8888266682624817, 0.4181991219520569, -1.851220965385437], [-0.16429278254508972, -0.3913877308368683, -0.9054408073425293, 0.16302333772182465], [0.9684582948684692, -0.2383313626050949, -0.07270567864179611, -0.06757297366857529], [0.0, 0.0, 0.0, 1.0]]}, "Bone": {"matrix": [[0.3176509439945221, -0.8964970707893372, -0.3088536262512207, -1.3049761056900024], [0.9370049238204956, 0.34670108556747437, -0.04266054928302765, 0.4979712665081024], [0.14532490074634552, -0.2758462131023407, 0.9501522183418274, 0.4242103695869446], [0.0, 0.0, 0.0, 1.0]]}, "finger1joint1": {"matrix": [[-0.5430344939231873, -0.4863552451133728, -0.6845230460166931, -2.051029682159424], [0.7563374638557434, 0.07083728909492493, -0.650334894657135, 0.7864915728569031], [0.3647835850715637, -0.8708848357200623, 0.32938170433044434, 0.19465449452400208], [0.0, 0.0, 0.0, 1.0]]}, "finger1joint2": {"matrix": [[-0.29900503158569336, 0.02834242396056652, -0.9538304209709167, -2.3259074687957764], [0.9168547987937927, 0.2856167256832123, -0.27892690896987915, 0.8265272974967957], [0.2645244598388672, -0.9579246640205383, -0.11138667911291122, -0.29755067825317383], [0.0, 0.0, 0.0, 1.0]]}, "finger1joint3": {"matrix": [[-0.3949024975299835, 0.4090343117713928, -0.8226437568664551, -2.3137571811676025], [0.8727943897247314, 0.4466020464897156, -0.19691747426986694, 0.9489665031433105], [0.28684842586517334, -0.7957621216773987, -0.5333670973777771, -0.7081972360610962], [0.0, 0.0, 0.0, 1.0]]}, "Bone.001": {"matrix": [[-0.04314311966300011, -0.9984100461006165, 0.03627151623368263, -1.304975986480713], [0.9870662093162537, -0.048207297921180725, -0.15289244055747986, 0.4979712665081024], [0.1543979048728943, 0.029206199571490288, 0.9875768423080444, 0.4242103695869446], [0.0, 0.0, 0.0, 1.0]]}, "finger2joint1": {"matrix": [[-0.7444297075271606, -0.4710829555988312, -0.4731858968734741, -1.9378517866134644], [0.6664098501205444, -0.4801574945449829, -0.5703914165496826, 0.46741342544555664], [0.04149796441197395, -0.7399521470069885, 0.6713780164718628, 0.44272369146347046], [0.0, 0.0, 0.0, 1.0]]}, "finger2joint2": {"matrix": [[-0.7370532751083374, -0.10097838193178177, -0.6682481169700623, -2.3454086780548096], [0.6701059341430664, -0.23766052722930908, -0.7031893730163574, 0.05200568586587906], [-0.08780927956104279, -0.9660851359367371, 0.24283480644226074, -0.19744515419006348], [0.0, 0.0, 0.0, 1.0]]}, "finger2joint3": {"matrix": [[-0.681093156337738, 0.4020054042339325, -0.6119667887687683, -2.383741855621338], [0.6985582113265991, 0.10634558647871017, -0.7076063752174377, -0.038214147090911865], [-0.21938163042068481, -0.9094404578208923, -0.35325539112091064, -0.5641869306564331], [0.0, 0.0, 0.0, 1.0]]}, "Bone.002": {"matrix": [[-0.7276424765586853, -0.6780204176902771, 0.10404032468795776, -1.304975986480713], [0.6761673092842102, -0.7344925999641418, -0.05760425701737404, 0.49797123670578003], [0.11547375470399857, 0.02843346819281578, 0.9929034113883972, 0.4242103397846222], [0.0, 0.0, 0.0, 1.0]]}, "finger3joint1": {"matrix": [[-0.8274683356285095, -0.5614309906959534, 0.009553337469696999, -1.5907683372497559], [0.5587718486785889, -0.8216312527656555, 0.11267715692520142, 0.18837523460388184], [-0.05541108176112175, 0.09857500344514847, 0.9935856461524963, 0.43619537353515625], [0.0, 0.0, 0.0, 1.0]]}, "finger3joint2": {"matrix": [[-0.9055729508399963, -0.3037691116333008, -0.2960771918296814, -2.083245277404785], [0.4170267879962921, -0.765277087688446, -0.49034643173217773, -0.5323444604873657], [-0.07762890309095383, -0.5675165057182312, 0.8196942210197449, 0.5226634740829468], [0.0, 0.0, 0.0, 1.0]]}, "finger3joint3": {"matrix": [[-0.8568269610404968, 0.18019911646842957, -0.4830895662307739, -2.279808282852173], [0.4550570547580719, -0.17624099552631378, -0.8728471398353577, -1.0275402069091797], [-0.24242644011974335, -0.96771240234375, 0.06900724023580551, 0.1554347723722458], [0.0, 0.0, 0.0, 1.0]]}, "Bone.003": {"matrix": [[-0.7784992456436157, 0.29364848136901855, 0.5547154545783997, -1.304975986480713], [0.04259924590587616, -0.8570455312728882, 0.5134766697883606, 0.4979712665081024], [0.6261981129646301, 0.42337173223495483, 0.6547001004219055, 0.42421039938926697], [0.0, 0.0, 0.0, 1.0]]}, "finger4joint1": {"matrix": [[-0.5595620274543762, -0.8282025456428528, -0.0311513040214777, -1.179112434387207], [0.8286986947059631, -0.559658944606781, -0.006328096613287926, 0.13062486052513123], [-0.012193134054541588, -0.029355956241488457, 0.9994944930076599, 0.6056756973266602], [0.0, 0.0, 0.0, 1.0]]}, "finger4joint2": {"matrix": [[-0.5788971781730652, -0.4606291949748993, -0.6728285551071167, -2.0018150806427], [0.8153749704360962, -0.3204987645149231, -0.4821242392063141, -0.42531734704971313], [0.006439802702516317, -0.8277081251144409, 0.5611216425895691, 0.5765146613121033], [0.0, 0.0, 0.0, 1.0]]}, "finger4joint3": {"matrix": [[-0.5286986231803894, -0.03490493446588516, -0.8480912446975708, -2.1939263343811035], [0.8461600542068481, 0.057208504527807236, -0.5298489928245544, -0.5589855313301086], [0.06701242178678513, -0.997751772403717, -0.0007107926649041474, 0.23130838572978973], [0.0, 0.0, 0.0, 1.0]]}}