{"root": {"matrix": [[0.45029759407043457, -0.6719148755073547, 0.5880156755447388, -5.960464477539063e-08], [0.8744739890098572, 0.19885262846946716, -0.4424397051334381, 0.0], [0.18035343289375305, 0.7134339809417725, 0.6771149039268494, 0.0], [0.0, 0.0, 0.0, 1.0]]}, "carpals": {"matrix": [[-0.47289013862609863, -0.7914608716964722, -0.38725224137306213, 0.294546514749527], [0.8602902293205261, -0.5097291469573975, -0.00875906366854906, 2.221982002258301], [-0.19046130776405334, -0.3372913599014282, 0.9219321012496948, 1.030059814453125], [0.0, 0.0, 0.0, 1.0]]}, "metacarpals": {"matrix": [[-0.8688973188400269, -0.4805852770805359, -0.11855369061231613, -0.47633153200149536], [0.49486491084098816, -0.8379582166671753, -0.23007525503635406, 1.7255091667175293], [0.011227785609662533, -0.2585797905921936, 0.9659245014190674, 0.7015400528907776], [0.0, 0.0, 0.0, 1.0]]}, "finger5joint1": {"matrix": [[-0.7476536631584167, -0.660154402256012, -0.07217923551797867, -0.5493561625480652], [0.6563118100166321, -0.7179355621337891, -0.23199820518493652, 1.255125641822815], [0.10133463889360428, -0.22082634270191193, 0.9700344204902649, 0.15465644001960754], [0.0, 0.0, 0.0, 1.0]]}, "finger5joint2": {"matrix": [[0.04952719435095787, -0.8529965877532959, 0.5195604562759399, -1.2466588020324707], [-0.1795675903558731, -0.5193269848823547, -0.8354966044425964, 0.49679023027420044], [0.9824978709220886, -0.05191629379987717, -0.17889145016670227, -0.07859630882740021], [0.0, 0.0, 0.0, 1.0]]}, "finger5joint3": {"matrix": [[-0.05900031328201294, -0.9361923336982727, 0.34649983048439026, -1.8329534530639648], [-0.18099424242973328, -0.331319123506546, -0.9259958267211914, 0.1398385912179947], [0.9817125201225281, -0.11734843254089355, -0.14989754557609558, -0.11428019404411316], [0.0, 0.0, 0.0, 1.0]]}, "Bone": {"matrix": [[0.3488883674144745, -0.9065622687339783, -0.23753219842910767, -1.226658582687378], [0.9207590818405151, 0.37880459427833557, -0.09332477301359177, 0.4172236919403076], [0.17458297312259674, -0.1861499845981598, 0.9668861031532288, 0.2978252172470093], [0.0, 0.0, 0.0, 1.0]]}, "finger1joint1": {"matrix": [[-0.482621431350708, -0.582917332649231, -0.6536694169044495, -1.981088399887085], [0.7510698437690735, 0.10845798999071121, -0.6512531638145447, 0.7324601411819458], [0.45052245259284973, -0.8052602410316467, 0.3854675889015198, 0.14291349053382874], [0.0, 0.0, 0.0, 1.0]]}, "finger1joint2": {"matrix": [[-0.2489350438117981, -0.01196733396500349, -0.9684461355209351, -2.3105406761169434], [0.9113655686378479, 0.33552053570747375, -0.2384086549282074, 0.79375821352005], [0.3277866840362549, -0.9419568181037903, -0.07261615246534348, -0.3122021555900574], [0.0, 0.0, 0.0, 1.0]]}, "finger1joint3": {"matrix": [[-0.3451251685619354, 0.4143681228160858, -0.8421326875686646, -2.315670967102051], [0.8696096539497375, 0.4787265360355377, -0.12083006650209427, 0.9375904202461243], [0.35308316349983215, -0.7740283012390137, -0.5255590677261353, -0.7160035371780396], [0.0, 0.0, 0.0, 1.0]]}, "Bone.001": {"matrix": [[-0.008974269032478333, -0.9942362904548645, 0.1068328395485878, -1.226658582687378], [0.9767853617668152, -0.03158345818519592, -0.211878702044487, 0.41722366213798523], [0.2140316516160965, 0.1024513766169548, 0.9714390635490417, 0.2978252172470093], [0.0, 0.0, 0.0, 1.0]]}, "finger2joint1": {"matrix": [[-0.13914963603019714, -0.9764372110366821, -0.16494648158550262, -1.8568888902664185], [0.8743192553520203, -0.04292948544025421, -0.4834486246109009, 0.3972034454345703], [0.4649762213230133, -0.2114875763654709, 0.8596916794776917, 0.3627674877643585], [0.0, 0.0, 0.0, 1.0]]}, "finger2joint2": {"matrix": [[-0.2110392302274704, 0.13730394840240479, -0.9677859544754028, -2.7016525268554688], [0.9077747464179993, 0.39470744132995605, -0.1419539600610733, 0.36006301641464233], [0.3625015914440155, -0.9084896445274353, -0.2079397290945053, 0.17979921400547028], [0.0, 0.0, 0.0, 1.0]]}, "finger2joint3": {"matrix": [[-0.10657377541065216, 0.9941415190696716, -0.018004771322011948, -2.6495296955108643], [0.9560843706130981, 0.1074325293302536, 0.27269139885902405, 0.5099004507064819], [0.2730281949043274, 0.011847552843391895, -0.9619329571723938, -0.16507834196090698], [0.0, 0.0, 0.0, 1.0]]}, "Bone.002": {"matrix": [[-0.7013556361198425, -0.6904964447021484, 0.1769593358039856, -1.2266587018966675], [0.6813188791275024, -0.7223588824272156, -0.11833037436008453, 0.41722366213798523], [0.2095349133014679, 0.0375741645693779, 0.977078914642334, 0.2978252172470093], [0.0, 0.0, 0.0, 1.0]]}, "finger3joint1": {"matrix": [[-0.8163734674453735, -0.5441235899925232, 0.19355522096157074, -1.5177098512649536], [0.5761191248893738, -0.7906537652015686, 0.20725178718566895, 0.11274212598800659], [0.040264636278152466, 0.28070583939552307, 0.9589488506317139, 0.3136630952358246], [0.0, 0.0, 0.0, 1.0]]}, "finger3joint2": {"matrix": [[-0.8990274667739868, -0.36916792392730713, -0.23550882935523987, -1.9950048923492432], [0.4353720545768738, -0.6959505081176758, -0.5710551738739014, -0.580804705619812], [0.04691286385059357, -0.6159282326698303, 0.7864041924476624, 0.5598930716514587], [0.0, 0.0, 0.0, 1.0]]}, "finger3joint3": {"matrix": [[-0.8638129830360413, 0.03912622109055519, -0.5022907257080078, -2.233886241912842], [0.4901300370693207, -0.1655092090368271, -0.8557915687561035, -1.031140685081482], [-0.11661757528781891, -0.9854317903518677, 0.1237921342253685, 0.16133804619312286], [0.0, 0.0, 0.0, 1.0]]}, "Bone.003": {"matrix": [[-0.7281150221824646, 0.30504417419433594, 0.6138373613357544, -1.226658582687378], [0.019590215757489204, -0.8858919739723206, 0.4634777307510376, 0.41722366213798523], [0.685174822807312, 0.34949037432670593, 0.6390554308891296, 0.2978252172470093], [0.0, 0.0, 0.0, 1.0]]}, "finger4joint1": {"matrix": [[-0.5050711035728455, -0.8534843921661377, 0.12832403182983398, -1.0959107875823975], [0.8614282608032227, -0.5076903104782104, 0.013844013214111328, 0.03751319646835327], [0.05333326384425163, 0.11753424257040024, 0.9916355013847351, 0.4476235508918762], [0.0, 0.0, 0.0, 1.0]]}, "finger4joint2": {"matrix": [[-0.5219307541847229, -0.5334710478782654, -0.6655796766281128, -1.9437272548675537], [0.8496706485748291, -0.25640639662742615, -0.4607767164707184, -0.4668055772781372], [0.075152188539505, -0.8060173392295837, 0.5871013402938843, 0.5643773078918457], [0.0, 0.0, 0.0, 1.0]]}, "finger4joint3": {"matrix": [[-0.4659864902496338, -0.10553149878978729, -0.8784754276275635, -2.1662180423736572], [0.8746932744979858, 0.09463238716125488, -0.47534823417663574, -0.5737432241439819], [0.13329648971557617, -0.9899027943611145, 0.04821037873625755, 0.22821736335754395], [0.0, 0.0, 0.0, 1.0]]}}