{"root": {"matrix": [[0.5676101446151733, -0.14487607777118683, 0.8104502558708191, 0.0], [0.33829838037490845, 0.938493549823761, -0.06916690617799759, 5.960464477539063e-08], [-0.750581681728363, 0.3134339153766632, 0.5817098021507263, 0.0], [0.0, 0.0, 0.0, 1.0]]}, "carpals": {"matrix": [[-0.5360191464424133, -0.8435208797454834, -0.03399474918842316, 1.0507125854492188], [0.8365247249603271, -0.5361310243606567, 0.1130916103720665, 1.6914417743682861], [-0.11362079530954361, 0.032181695103645325, 0.9930027723312378, -1.4560261964797974], [0.0, 0.0, 0.0, 1.0]]}, "metacarpals": {"matrix": [[-0.15279774367809296, -0.8019165396690369, 0.5775659084320068, 0.22912836074829102], [0.575390100479126, -0.5473443269729614, -0.6077336668968201, 1.1692535877227783], [0.8034792542457581, 0.23946528136730194, 0.5450479388237, -1.4246814250946045], [0.0, 0.0, 0.0, 1.0]]}, "finger5joint1": {"matrix": [[-0.049518417567014694, -0.8440603017807007, 0.5339566469192505, -0.43928200006484985], [0.5849648714065552, -0.4578343629837036, -0.6694800853729248, 1.00594162940979], [0.8095455169677734, 0.279194176197052, 0.5164169669151306, -1.653223991394043], [0.0, 0.0, 0.0, 1.0]]}, "finger5joint2": {"matrix": [[0.6174492835998535, -0.785340428352356, 0.04467625543475151, -1.3308393955230713], [-0.648353636264801, -0.5402635931968689, -0.5364255905151367, 0.5223437547683716], [0.44541388750076294, 0.30224937200546265, -0.8427640795707703, -1.35831880569458], [0.0, 0.0, 0.0, 1.0]]}, "finger5joint3": {"matrix": [[0.5380368828773499, -0.8385709524154663, -0.08552389591932297, -1.870631456375122], [-0.6654385924339294, -0.36027848720550537, -0.6537510752677917, 0.1510016769170761], [0.5174044966697693, 0.4086529612541199, -0.7518609166145325, -1.1505722999572754], [0.0, 0.0, 0.0, 1.0]]}, "Bone": {"matrix": [[0.7169368267059326, -0.3742297291755676, 0.5881779193878174, -1.0228859186172485], [0.6790643930435181, 0.565748393535614, -0.46776071190834045, 0.31469711661338806], [-0.15771065652370453, 0.7347657680511475, 0.6597321033477783, -1.050809621810913], [0.0, 0.0, 0.0, 1.0]]}, "finger1joint1": {"matrix": [[-0.035211462527513504, -0.9877792596817017, 0.15182869136333466, -1.3343154191970825], [0.6281982064247131, -0.14003269374370575, -0.7653480172157288, 0.7855059504508972], [0.7772561311721802, 0.0684293657541275, 0.6254519820213318, -0.43934664130210876], [0.0, 0.0, 0.0, 1.0]]}, "finger1joint2": {"matrix": [[-0.06000195071101189, -0.5347347855567932, -0.8428868055343628, -1.8925868272781372], [0.8340598344802856, 0.4370528757572174, -0.3366435766220093, 0.7063624858856201], [0.5484012961387634, -0.7232174277305603, 0.41977670788764954, -0.4006718397140503], [0.0, 0.0, 0.0, 1.0]]}, "finger1joint3": {"matrix": [[-0.1253967136144638, -0.12748783826828003, -0.9838811755180359, -2.121819019317627], [0.7790802121162415, 0.6013554930686951, -0.17721594870090485, 0.8937199115753174], [0.6142554879188538, -0.7887446880340576, 0.023915110155940056, -0.7107032537460327], [0.0, 0.0, 0.0, 1.0]]}, "Bone.001": {"matrix": [[0.6120992302894592, -0.3835042119026184, 0.6915624141693115, -1.022886037826538], [0.7702257037162781, 0.09103547036647797, -0.6312404870986938, 0.3146970868110657], [0.1791268289089203, 0.9190412163734436, 0.3511076867580414, -1.050809621810913], [0.0, 0.0, 0.0, 1.0]]}, "finger2joint1": {"matrix": [[0.7335186004638672, -0.6131659150123596, 0.29321932792663574, -1.2659831047058105], [0.5526334047317505, 0.28691911697387695, -0.7824790477752686, 0.37240296602249146], [0.3956594467163086, 0.7360057830810547, 0.5493166446685791, -0.46824443340301514], [0.0, 0.0, 0.0, 1.0]]}, "finger2joint2": {"matrix": [[0.6448145508766174, -0.7494046092033386, -0.15035448968410492, -1.7964630126953125], [0.6462520956993103, 0.6395792961120605, -0.41628873348236084, 0.6206307411193848], [0.4081325829029083, 0.17126205563545227, 0.8967145085334778, 0.16851019859313965], [0.0, 0.0, 0.0, 1.0]]}, "finger2joint3": {"matrix": [[0.5654424428939819, -0.18372546136379242, -0.8040642142295837, -2.080949306488037], [0.7499395608901978, 0.5203127861022949, 0.4084910750389099, 0.863425612449646], [0.34331491589546204, -0.833977997303009, 0.4319899082183838, 0.23352409899234772], [0.0, 0.0, 0.0, 1.0]]}, "Bone.002": {"matrix": [[0.160372793674469, -0.6166104078292847, 0.7707605361938477, -1.022886037826538], [0.6253851652145386, -0.5406603217124939, -0.5626541972160339, 0.3146970868110657], [0.7636582851409912, 0.5722565650939941, 0.2989119291305542, -1.050809621810913], [0.0, 0.0, 0.0, 1.0]]}, "finger3joint1": {"matrix": [[-0.06934894621372223, -0.16133716702461243, 0.9844595789909363, -1.2827935218811035], [0.6257479786872864, -0.7755938768386841, -0.08302757143974304, 0.08680331707000732], [0.7769365310668945, 0.6102656722068787, 0.1547432392835617, -0.8095977306365967], [0.0, 0.0, 0.0, 1.0]]}, "finger3joint2": {"matrix": [[-0.13212470710277557, -0.7546940445899963, 0.6426348686218262, -1.4243155717849731], [0.49798083305358887, -0.6111025214195251, -0.6152794361114502, -0.5935332775115967], [0.8570637106895447, 0.23872599005699158, 0.4565650522708893, -0.2742839753627777], [0.0, 0.0, 0.0, 1.0]]}, "finger3joint3": {"matrix": [[-0.2755897045135498, -0.9476776123046875, 0.16111226379871368, -1.9126629829406738], [0.5634155869483948, -0.29503828287124634, -0.7716963887214661, -0.9889656901359558], [0.7788537740707397, -0.12189868092536926, 0.6152458190917969, -0.11980907618999481], [0.0, 0.0, 0.0, 1.0]]}, "Bone.003": {"matrix": [[0.20480991899967194, -0.006569516379386187, 0.9787796139717102, -1.022886037826538], [-0.16347438097000122, -0.9861617684364319, 0.027587853372097015, 0.3146970868110657], [0.9650538563728333, -0.16565574705600739, -0.20304952561855316, -1.0508095026016235], [0.0, 0.0, 0.0, 1.0]]}, "finger4joint1": {"matrix": [[0.1381000578403473, -0.419251412153244, 0.8973049521446228, -1.025701880455017], [0.8148309588432312, -0.46691760420799255, -0.34356680512428284, -0.1079910397529602], [0.5630086064338684, 0.7785984873771667, 0.2771378755569458, -1.1218129396438599], [0.0, 0.0, 0.0, 1.0]]}, "finger4joint2": {"matrix": [[0.14575453102588654, -0.9194278717041016, 0.36524996161460876, -1.4421690702438354], [0.7971272468566895, -0.10952296853065491, -0.5937949419021606, -0.571807861328125], [0.5859551429748535, 0.3776988387107849, 0.716937780380249, -0.3483850955963135], [0.0, 0.0, 0.0, 1.0]]}, "finger4joint3": {"matrix": [[0.21631965041160583, -0.9751830697059631, -0.04715140536427498, -1.8256281614303589], [0.8120734691619873, 0.20652762055397034, -0.5457862615585327, -0.617485761642456], [0.5419798493385315, 0.0797736644744873, 0.8365964293479919, -0.19086092710494995], [0.0, 0.0, 0.0, 1.0]]}}