{"root": {"matrix": [[0.3821895122528076, -0.4713154435157776, 0.7948540449142456, 0.0], [0.8949031233787537, -0.02567637898027897, -0.44552114605903625, -1.862645149230957e-09], [0.2303900271654129, 0.8815909028053284, 0.4119683802127838, 0.0], [0.0, 0.0, 0.0, 1.0]]}, "carpals": {"matrix": [[-0.6441546082496643, -0.7467225193977356, -0.16574086248874664, 0.31361788511276245], [0.6402749419212341, -0.40784990787506104, -0.6509272456169128, 2.0487558841705322], [0.418464720249176, -0.5254175066947937, 0.7408261895179749, 1.337620496749878], [0.0, 0.0, 0.0, 1.0]]}, "metacarpals": {"matrix": [[-0.814203679561615, -0.33061152696609497, 0.47725051641464233, -0.41368532180786133], [-0.05268403887748718, -0.7765599489212036, -0.6278366446495056, 1.651512622833252], [0.5781838297843933, -0.5363304615020752, 0.6148600578308105, 0.8258668780326843], [0.0, 0.0, 0.0, 1.0]]}, "finger5joint1": {"matrix": [[-0.6202580332756042, -0.6973742246627808, 0.3590945303440094, -0.6558157801628113], [-0.035360123962163925, -0.4324721097946167, -0.9009535312652588, 1.4758695363998413], [0.7836003303527832, -0.5715213418006897, 0.2435850352048874, 0.1654147505760193], [0.0, 0.0, 0.0, 1.0]]}, "finger5joint2": {"matrix": [[0.3998003602027893, -0.6842808127403259, 0.6098513007164001, -1.3924329280853271], [-0.8858736157417297, -0.45929259061813354, 0.06540470570325851, 1.0190612077713013], [0.2353450506925583, -0.5664001107215881, -0.7898121476173401, -0.43826746940612793], [0.0, 0.0, 0.0, 1.0]]}, "finger5joint3": {"matrix": [[0.2999891936779022, -0.8242188096046448, 0.48028019070625305, -1.8627630472183228], [-0.9271336197853088, -0.3704304099082947, -0.056604254990816116, 0.7033733129501343], [0.22456470131874084, -0.4283033311367035, -0.8752865195274353, -0.8275740742683411], [0.0, 0.0, 0.0, 1.0]]}, "Bone": {"matrix": [[0.1593182384967804, -0.9234079718589783, 0.34919223189353943, -0.9298617839813232], [0.8093835711479187, -0.08034965395927429, -0.5817576050758362, 0.4390869736671448], [0.5652570724487305, 0.37531518936157227, 0.7345901131629944, -0.011493831872940063], [0.0, 0.0, 0.0, 1.0]]}, "finger1joint1": {"matrix": [[-0.3392787575721741, -0.9159210920333862, -0.21442539989948273, -1.698310375213623], [0.1415688693523407, 0.17563416063785553, -0.9742230772972107, 0.3722209930419922], [0.9299720525741577, -0.36088913679122925, 0.07007703185081482, 0.300838828086853], [0.0, 0.0, 0.0, 1.0]]}, "finger1joint2": {"matrix": [[-0.23949848115444183, -0.3480982184410095, -0.9063486456871033, -2.2159690856933594], [0.4279150664806366, 0.8001108765602112, -0.4203702509403229, 0.47148558497428894], [0.8715096712112427, -0.4885183274745941, -0.042668793350458145, 0.09687211364507675], [0.0, 0.0, 0.0, 1.0]]}, "finger1joint3": {"matrix": [[-0.31712305545806885, 0.5528411865234375, -0.7705838084220886, -2.3651931285858154], [0.3534996509552002, 0.8228738307952881, 0.44487807154655457, 0.8144799470901489], [0.8800403475761414, -0.1313200443983078, -0.4563813805580139, -0.11254765838384628], [0.0, 0.0, 0.0, 1.0]]}, "Bone.001": {"matrix": [[-0.12247445434331894, -0.7426050305366516, 0.658435583114624, -0.9298617839813232], [0.6598742008209229, -0.5564789175987244, -0.5048732161521912, 0.4390869736671448], [0.7413270473480225, 0.372650682926178, 0.5581804513931274, -0.011493846774101257], [0.0, 0.0, 0.0, 1.0]]}, "finger2joint1": {"matrix": [[-0.7769675254821777, -0.5000081658363342, 0.38250869512557983, -1.4005869626998901], [0.05836910754442215, -0.6621982455253601, -0.7470517158508301, 0.08634412288665771], [0.626828670501709, -0.5581083297729492, 0.5436916351318359, 0.22472336888313293], [0.0, 0.0, 0.0, 1.0]]}, "finger2joint2": {"matrix": [[-0.8510107398033142, -0.5142150521278381, 0.10659857839345932, -1.8331685066223145], [0.06703256815671921, -0.3076927363872528, -0.9491214752197266, -0.4865560531616211], [0.5208523869514465, -0.8005670309066772, 0.29631903767585754, -0.2581234276294708], [0.0, 0.0, 0.0, 1.0]]}, "finger2joint3": {"matrix": [[-0.9104717373847961, -0.38049206137657166, -0.16206982731819153, -2.0283730030059814], [0.11583546549081802, 0.14158064126968384, -0.9831260442733765, -0.603361189365387], [0.3970177471637726, -0.9138820171356201, -0.08483065664768219, -0.5620318651199341], [0.0, 0.0, 0.0, 1.0]]}, "Bone.002": {"matrix": [[-0.6159210205078125, -0.3687015771865845, 0.6962041854858398, -0.9298617243766785], [0.09282685071229935, -0.9115321636199951, -0.4006146490573883, 0.43908703327178955], [0.7823199033737183, -0.18212050199508667, 0.595657229423523, -0.01149383932352066], [0.0, 0.0, 0.0, 1.0]]}, "finger3joint1": {"matrix": [[-0.46296417713165283, -0.43526965379714966, 0.7721427083015442, -1.085273027420044], [0.5540750622749329, -0.8220632672309875, -0.13119664788246155, 0.05486702919006348], [0.691856324672699, 0.3670858144760132, 0.6217578649520874, -0.08825944364070892], [0.0, 0.0, 0.0, 1.0]]}, "finger3joint2": {"matrix": [[-0.5555664896965027, -0.7880639433860779, 0.26514312624931335, -1.4670836925506592], [0.42178499698638916, -0.5419209003448486, -0.7269243597984314, -0.6662316918373108], [0.7165496349334717, -0.2920212745666504, 0.6334667801856995, 0.23374144732952118], [0.0, 0.0, 0.0, 1.0]]}, "finger3joint3": {"matrix": [[-0.6306472420692444, -0.7502680420875549, -0.19844846427440643, -1.9770240783691406], [0.5106070637702942, -0.20856539905071259, -0.8341346979141235, -1.0168980360031128], [0.5844352841377258, -0.6273739337921143, 0.5146234631538391, 0.04478025436401367], [0.0, 0.0, 0.0, 1.0]]}, "Bone.003": {"matrix": [[-0.22605149447917938, 0.6436004042625427, 0.7312175631523132, -0.9298617243766785], [-0.6225341558456421, -0.6728036403656006, 0.3997328579425812, 0.4390869736671448], [0.7492340803146362, -0.3648477792739868, 0.5527515411376953, -0.011493831872940063], [0.0, 0.0, 0.0, 1.0]]}, "finger4joint1": {"matrix": [[-0.2748894989490509, -0.7844865322113037, 0.5558923482894897, -0.6540020108222961], [0.5954368114471436, -0.5928516983985901, -0.54220050573349, 0.15071025490760803], [0.754910945892334, 0.18195365369319916, 0.6300809979438782, -0.16787467896938324], [0.0, 0.0, 0.0, 1.0]]}, "finger4joint2": {"matrix": [[-0.28201448917388916, -0.9531981945037842, 0.10899772495031357, -1.4332789182662964], [0.5711092352867126, -0.2580757141113281, -0.7792500853538513, -0.4382043182849884], [0.7709096670150757, -0.1575101912021637, 0.6171616911888123, 0.012870624661445618], [0.0, 0.0, 0.0, 1.0]]}, "finger4joint3": {"matrix": [[-0.20336712896823883, -0.9619613885879517, -0.18240514397621155, -1.830822467803955], [0.6019235253334045, 0.024099422618746758, -0.7981896996498108, -0.5458381175994873], [0.772223711013794, -0.27211955189704895, 0.5741264224052429, -0.05282101780176163], [0.0, 0.0, 0.0, 1.0]]}}