{"root": {"matrix": [[0.3854531943798065, -0.9208640456199646, 0.058610595762729645, 0.0], [0.16397428512573242, 0.005851192865520716, -0.986447274684906, 0.0], [0.9080408811569214, 0.38983988761901855, 0.15325331687927246, 0.0], [0.0, 0.0, 0.0, 1.0]]}, "carpals": {"matrix": [[0.07639384269714355, -0.5689640641212463, -0.8188062310218811, -0.03625375032424927], [0.9590162634849548, -0.1828010231256485, 0.2164982259273529, 0.4874534606933594], [-0.2728581726551056, -0.8017876148223877, 0.5316810011863708, 2.4178626537323], [0.0, 0.0, 0.0, 1.0]]}, "metacarpals": {"matrix": [[0.19000884890556335, -0.7879207134246826, -0.5857280492782593, -0.5904214382171631], [0.8871530294418335, -0.11775767803192139, 0.44619783759117126, 0.3094063997268677], [-0.4205423593521118, -0.6044119000434875, 0.6766313314437866, 1.6369264125823975], [0.0, 0.0, 0.0, 1.0]]}, "finger5joint1": {"matrix": [[-0.16048657894134521, -0.6516340970993042, -0.7413614392280579, -0.8324540257453918], [0.7722933888435364, -0.5506327152252197, 0.3168066740036011, -0.09701049327850342], [-0.6146597266197205, -0.5217053294181824, 0.591621994972229, 1.0874536037445068], [0.0, 0.0, 0.0, 1.0]]}, "finger5joint2": {"matrix": [[-0.7294155359268188, -0.6796214580535889, 0.07789107412099838, -1.5207570791244507], [0.3084034025669098, -0.428343802690506, -0.8493577837944031, -0.6786285638809204], [0.6106061935424805, -0.5955128073692322, 0.5220381021499634, 0.5363907814025879], [0.0, 0.0, 0.0, 1.0]]}, "finger5joint3": {"matrix": [[-0.7928534746170044, -0.603971004486084, -0.08125133067369461, -1.9878848791122437], [0.31335926055908203, -0.2896941304206848, -0.9043688178062439, -0.9730442762374878], [0.5226747393608093, -0.7424927949905396, 0.4189448058605194, 0.12707394361495972], [0.0, 0.0, 0.0, 1.0]]}, "Bone": {"matrix": [[0.8544927835464478, 0.14720311760902405, -0.4981696903705597, -1.8205842971801758], [0.21521416306495667, 0.7725124359130859, 0.5974171757698059, 0.12555396556854248], [0.4727839231491089, -0.6177017688751221, 0.628426194190979, 0.6932716369628906], [0.0, 0.0, 0.0, 1.0]]}, "finger1joint1": {"matrix": [[0.32841286063194275, -0.600668728351593, -0.7289319038391113, -1.6980838775634766], [0.9160011410713196, 0.014288071542978287, 0.4009210467338562, 0.7684292793273926], [-0.23040564358234406, -0.7993700504302979, 0.5549058318138123, 0.17922785878181458], [0.0, 0.0, 0.0, 1.0]]}, "finger1joint2": {"matrix": [[0.5466951131820679, -0.3692980110645294, -0.7514939308166504, -2.0375685691833496], [0.7499733567237854, -0.18316881358623505, 0.6356014013290405, 0.776504635810852], [-0.37237656116485596, -0.9110805988311768, 0.1768263727426529, -0.2725587487220764], [0.0, 0.0, 0.0, 1.0]]}, "finger1joint3": {"matrix": [[0.48095688223838806, 0.041969187557697296, -0.8757390379905701, -2.195880651473999], [0.816699206829071, -0.3847358822822571, 0.4300938546657562, 0.6979830861091614], [-0.31887751817703247, -0.9220719933509827, -0.21931736171245575, -0.6631239652633667], [0.0, 0.0, 0.0, 1.0]]}, "Bone.001": {"matrix": [[0.7888275980949402, -0.34632477164268494, -0.5077497363090515, -1.8205842971801758], [0.5327185988426208, 0.7972851991653442, 0.2838081419467926, 0.1255539059638977], [0.3065316081047058, -0.49436327815055847, 0.8134143352508545, 0.6932716369628906], [0.0, 0.0, 0.0, 1.0]]}, "finger2joint1": {"matrix": [[0.3182491362094879, -0.44103601574897766, -0.8391688466072083, -2.040113925933838], [0.89457768201828, -0.1532616913318634, 0.4198111891746521, 0.6309399604797363], [-0.31376415491104126, -0.8843063116073608, 0.34576573967933655, 0.37990283966064453], [0.0, 0.0, 0.0, 1.0]]}, "finger2joint2": {"matrix": [[0.35324397683143616, 0.004601439461112022, -0.9355197548866272, -2.42167592048645], [0.8344128727912903, -0.45375022292137146, 0.31283506751060486, 0.4983457922935486], [-0.42305275797843933, -0.8911168575286865, -0.16412387788295746, -0.3851538300514221], [0.0, 0.0, 0.0, 1.0]]}, "finger2joint3": {"matrix": [[0.4336094856262207, 0.47868120670318604, -0.7634440064430237, -2.419929027557373], [0.7455494999885559, -0.6664265990257263, 0.005594986025243998, 0.32609474658966064], [-0.506101131439209, -0.5716115236282349, -0.6458494067192078, -0.7234364151954651], [0.0, 0.0, 0.0, 1.0]]}, "Bone.002": {"matrix": [[0.3318183124065399, -0.8511393070220947, -0.40676558017730713, -1.8205842971801758], [0.933220624923706, 0.23317408561706543, 0.273366242647171, 0.1255539357662201], [-0.13782542943954468, -0.4703097641468048, 0.8716722726821899, 0.6932716369628906], [0.0, 0.0, 0.0, 1.0]]}, "finger3joint1": {"matrix": [[0.2679271697998047, -0.39957985281944275, -0.8766703009605408, -2.1793479919433594], [0.8962528109550476, -0.2304764837026596, 0.3789612948894501, 0.2238391786813736], [-0.35347703099250793, -0.8872520327568054, 0.29637378454208374, 0.49503132700920105], [0.0, 0.0, 0.0, 1.0]]}, "finger3joint2": {"matrix": [[0.23517832159996033, 0.23866602778434753, -0.9421940445899963, -2.5298521518707275], [0.8331497311592102, -0.5487312078475952, 0.06896150857210159, 0.021669447422027588], [-0.5005522966384888, -0.8012068867683411, -0.32789406180381775, -0.28324979543685913], [0.0, 0.0, 0.0, 1.0]]}, "finger3joint3": {"matrix": [[0.40181979537010193, 0.5154086351394653, -0.756898045539856, -2.3754162788391113], [0.7814222574234009, -0.6239222288131714, -0.01001994963735342, -0.33340370655059814], [-0.4774097204208374, -0.5874308943748474, -0.6534558534622192, -0.801694929599762], [0.0, 0.0, 0.0, 1.0]]}, "Bone.003": {"matrix": [[-0.43523532152175903, -0.8270398378372192, 0.35577407479286194, -1.8205841779708862], [0.8900907039642334, -0.45466023683547974, 0.0319778174161911, 0.12555396556854248], [0.1353096216917038, 0.33058908581733704, 0.9340246319770813, 0.6932715773582458], [0.0, 0.0, 0.0, 1.0]]}, "finger4joint1": {"matrix": [[0.1625552922487259, -0.665087103843689, -0.7288583517074585, -2.175069570541382], [0.8775053024291992, -0.240324005484581, 0.4150043725967407, -0.06932225823402405], [-0.45117607712745667, -0.7070382237434387, 0.5445517897605896, 0.8349685668945312], [0.0, 0.0, 0.0, 1.0]]}, "finger4joint2": {"matrix": [[0.1331619918346405, 0.5722198486328125, -0.8092168569564819, -2.835739850997925], [0.879615843296051, -0.4444476068019867, -0.1695348024368286, -0.308050274848938], [-0.4566655158996582, -0.6892246007919312, -0.5625171065330505, 0.1326257437467575], [0.0, 0.0, 0.0, 1.0]]}, "finger4joint3": {"matrix": [[0.0969582349061966, 0.9938073754310608, -0.05427312105894089, -2.59708833694458], [0.9159022569656372, -0.11043266206979752, -0.38591110706329346, -0.49341291189193726], [-0.38951462507247925, -0.012291818857192993, -0.9209379553794861, -0.15482424199581146], [0.0, 0.0, 0.0, 1.0]]}}