{"root": {"matrix": [[0.5609433054924011, -0.38591790199279785, 0.732400119304657, 0.0], [0.7649887204170227, 0.5798043608665466, -0.28039100766181946, 5.960464477539063e-08], [-0.3164408504962921, 0.7175613641738892, 0.6204602122306824, 5.960464477539063e-08], [0.0, 0.0, 0.0, 1.0]]}, "carpals": {"matrix": [[-0.6665204167366028, -0.6661146283149719, -0.33472585678100586, 0.8084748387336731], [0.6807616949081421, -0.7268450260162354, 0.09088225662708282, 2.329047441482544], [-0.30383187532424927, -0.1672937422990799, 0.9379225969314575, -0.08301806449890137], [0.0, 0.0, 0.0, 1.0]]}, "metacarpals": {"matrix": [[-0.7034662365913391, -0.6900622844696045, 0.17014388740062714, 0.1596832275390625], [0.6975812911987305, -0.7162094116210938, -0.020596574991941452, 1.6211047172546387], [0.1360715925693512, 0.10420019179582596, 0.9852038621902466, -0.24596115946769714], [0.0, 0.0, 0.0, 1.0]]}, "finger5joint1": {"matrix": [[-0.3262147605419159, -0.9414957761764526, -0.08467114716768265, -0.18067175149917603], [0.8911352157592773, -0.27640479803085327, -0.3598308265209198, 1.0984570980072021], [0.31537577509880066, -0.19283565878868103, 0.9291675686836243, -0.6156541109085083], [0.0, 0.0, 0.0, 1.0]]}, "finger5joint2": {"matrix": [[-0.22099152207374573, -0.9728429913520813, -0.06883589178323746, -1.175147533416748], [-0.3376086950302124, 0.14252662658691406, -0.9304333329200745, 0.8064984083175659], [0.9149768948554993, -0.1823783814907074, -0.3599376380443573, -0.8193410634994507], [0.0, 0.0, 0.0, 1.0]]}, "finger5joint3": {"matrix": [[-0.30672016739845276, -0.8389735221862793, -0.44949454069137573, -1.8438166379928589], [-0.27109017968177795, 0.5297015905380249, -0.8036951422691345, 0.9044619798660278], [0.9123772978782654, -0.12465605139732361, -0.3899078667163849, -0.9446961283683777], [0.0, 0.0, 0.0, 1.0]]}, "Bone": {"matrix": [[0.5562289953231812, -0.8264833092689514, 0.08680027723312378, -0.9176956415176392], [0.8145092129707336, 0.5629127621650696, 0.14036978781223297, 0.5029029250144958], [-0.16487427055835724, -0.007378134876489639, 0.9862868785858154, -0.08327572792768478], [0.0, 0.0, 0.0, 1.0]]}, "finger1joint1": {"matrix": [[-0.5596377849578857, -0.809492290019989, -0.1775597333908081, -1.6054848432540894], [0.8133987784385681, -0.4954938590526581, -0.3047424554824829, 0.9713519811630249], [0.15870696306228638, -0.3149724006652832, 0.9357373118400574, -0.08941574394702911], [0.0, 0.0, 0.0, 1.0]]}, "finger1joint2": {"matrix": [[-0.46270251274108887, -0.3808787167072296, -0.8005232810974121, -2.0629923343658447], [0.8773038387298584, -0.32655268907546997, -0.35171180963516235, 0.6913095712661743], [-0.1274535208940506, -0.8650402426719666, 0.4852431118488312, -0.2674313187599182], [0.0, 0.0, 0.0, 1.0]]}, "finger1joint3": {"matrix": [[-0.5271086096763611, 0.1269693821668625, -0.8402588963508606, -2.226268768310547], [0.8485610485076904, 0.025311337783932686, -0.5284916162490845, 0.5513218641281128], [-0.04583421349525452, -0.9915835857391357, -0.12108317017555237, -0.6382598876953125], [0.0, 0.0, 0.0, 1.0]]}, "Bone.001": {"matrix": [[0.24993859231472015, -0.8891070485115051, 0.383430540561676, -0.9176955223083496], [0.9674296975135803, 0.24571974575519562, -0.060837648808956146, 0.5029029846191406], [-0.04012525454163551, 0.3861478567123413, 0.9215636849403381, -0.08327575027942657], [0.0, 0.0, 0.0, 1.0]]}, "finger2joint1": {"matrix": [[-0.08383572846651077, -0.9149479269981384, 0.39476755261421204, -1.4812859296798706], [0.9901935458183289, -0.12091799825429916, -0.06996576488018036, 0.6586606502532959], [0.11174958199262619, 0.38503074645996094, 0.9161130785942078, 0.16149702668190002], [0.0, 0.0, 0.0, 1.0]]}, "finger2joint2": {"matrix": [[-0.20235373079776764, -0.5889768004417419, -0.7824057936668396, -2.2728519439697266], [0.9774126410484314, -0.07172317802906036, -0.19879662990570068, 0.5540485978126526], [0.0609700083732605, -0.8049607872962952, 0.5901868939399719, 0.49460601806640625], [0.0, 0.0, 0.0, 1.0]]}, "finger2joint3": {"matrix": [[-0.19784733653068542, 0.6694446802139282, -0.7160305380821228, -2.4964373111724854], [0.976563036441803, 0.07146476954221725, -0.20301999151706696, 0.5268213152885437], [-0.08473969250917435, -0.7394161224365234, -0.6678943037986755, 0.18902969360351562], [0.0, 0.0, 0.0, 1.0]]}, "Bone.002": {"matrix": [[-0.4468567967414856, -0.762493908405304, 0.4678907096385956, -0.9176955223083496], [0.8655906915664673, -0.5006350874900818, 0.010822385549545288, 0.5029029846191406], [0.22599054872989655, 0.409837931394577, 0.8837200403213501, -0.08327572792768478], [0.0, 0.0, 0.0, 1.0]]}, "finger3joint1": {"matrix": [[-0.6297243237495422, -0.7671765089035034, -0.12201292812824249, -1.2390942573547363], [0.7662081122398376, -0.587541401386261, -0.2602311968803406, 0.2918802499771118], [0.12795564532279968, -0.2573612928390503, 0.9578060507774353, 0.08947506546974182], [0.0, 0.0, 0.0, 1.0]]}, "finger3joint2": {"matrix": [[-0.7378965616226196, -0.39943721890449524, -0.544020414352417, -1.9120476245880127], [0.6731763482093811, -0.37778639793395996, -0.6356973052024841, -0.22350019216537476], [0.04839767515659332, -0.835300624370575, 0.5476590394973755, -0.13627749681472778], [0.0, 0.0, 0.0, 1.0]]}, "finger3joint3": {"matrix": [[-0.6547992825508118, -0.11391974240541458, -0.7471678853034973, -2.170515537261963], [0.7509065866470337, -0.21040070056915283, -0.6259958744049072, -0.46795833110809326], [-0.08589135855436325, -0.9709551334381104, 0.22331327199935913, -0.6767840385437012], [0.0, 0.0, 0.0, 1.0]]}, "Bone.003": {"matrix": [[-0.4386383593082428, 0.2293190360069275, 0.8689124584197998, -0.9176955819129944], [0.3261752128601074, -0.860332190990448, 0.39171189069747925, 0.5029029846191406], [0.8373804092407227, 0.4552376866340637, 0.3025766611099243, -0.08327572792768478], [0.0, 0.0, 0.0, 1.0]]}, "finger4joint1": {"matrix": [[-0.46267688274383545, -0.8480479717254639, 0.25834906101226807, -0.8194049000740051], [0.8828105926513672, -0.46739473938941956, 0.04676881805062294, 0.13414791226387024], [0.0810888260602951, 0.24971207976341248, 0.9649187922477722, 0.11184798181056976], [0.0, 0.0, 0.0, 1.0]]}, "finger4joint2": {"matrix": [[-0.47692012786865234, -0.7995085716247559, -0.36514732241630554, -1.6618210077285767], [0.8726028800010681, -0.3808636963367462, -0.3057886064052582, -0.33014291524887085], [0.10540930181741714, -0.4644656479358673, 0.8792953491210938, 0.3599017262458801], [0.0, 0.0, 0.0, 1.0]]}, "finger4joint3": {"matrix": [[-0.40341678261756897, -0.5421109199523926, -0.7371363639831543, -1.9952664375305176], [0.9056220650672913, -0.12141374498605728, -0.4063335657119751, -0.4889870285987854], [0.130779430270195, -0.8314891457557678, 0.5399280786514282, 0.16619037091732025], [0.0, 0.0, 0.0, 1.0]]}}