{"root": {"matrix": [[0.40731725096702576, -0.5517608523368835, 0.7277723550796509, 0.0], [0.896968424320221, 0.09171875566244125, -0.4324757754802704, 0.0], [0.17187288403511047, 0.8289437294006348, 0.5322706699371338, -5.960464477539063e-08], [0.0, 0.0, 0.0, 1.0]]}, "carpals": {"matrix": [[-0.80040442943573, -0.5210567712783813, -0.29639893770217896, 0.29924407601356506], [0.5994475483894348, -0.6989263892173767, -0.39008238911628723, 2.166868209838867], [-0.0039059356786310673, -0.48989930748939514, 0.8717701435089111, 1.140228271484375], [0.0, 0.0, 0.0, 1.0]]}, "metacarpals": {"matrix": [[-0.8344119787216187, -0.4880301356315613, 0.25609177350997925, -0.20826202630996704], [0.35659071803092957, -0.8323429226875305, -0.424320787191391, 1.4861180782318115], [0.42023760080337524, -0.2627383768558502, 0.8685439825057983, 0.6630694270133972], [0.0, 0.0, 0.0, 1.0]]}, "finger5joint1": {"matrix": [[-0.6280224919319153, -0.7780566811561584, 0.014672830700874329, -0.44570302963256836], [0.382205605506897, -0.32481834292411804, -0.8651078939437866, 1.12310791015625], [0.6778691411018372, -0.5376992225646973, 0.501370906829834, 0.0821046531200409], [0.0, 0.0, 0.0, 1.0]]}, "finger5joint2": {"matrix": [[-0.008172762580215931, -0.8192692995071411, 0.5733500123023987, -1.267542839050293], [-0.8805033564567566, -0.26587218046188354, -0.3924606740474701, 0.7800112962722778], [0.4739689826965332, -0.5080441832542419, -0.7191968560218811, -0.4858521521091461], [0.0, 0.0, 0.0, 1.0]]}, "finger5joint3": {"matrix": [[-0.11617310345172882, -0.9074996709823608, 0.4036674201488495, -1.8306553363800049], [-0.8785308003425598, -0.09570709615945816, -0.46799927949905396, 0.5972679257392883], [0.46334320306777954, -0.40900325775146484, -0.786148190498352, -0.8350486755371094], [0.0, 0.0, 0.0, 1.0]]}, "Bone": {"matrix": [[0.3298591375350952, -0.9339941740036011, 0.13728676736354828, -0.9702126979827881], [0.9103010296821594, 0.2761666178703308, -0.3083565831184387, 0.18659967184066772], [0.25008922815322876, 0.22668661177158356, 0.9413120150566101, 0.2528619170188904], [0.0, 0.0, 0.0, 1.0]]}, "finger1joint1": {"matrix": [[-0.3122612237930298, -0.9415915012359619, 0.1260877549648285, -1.7474708557128906], [0.6943772435188293, -0.3167991638183594, -0.6461254954338074, 0.41642212867736816], [0.6483309268951416, -0.1142074391245842, 0.7527439594268799, 0.4415076673030853], [0.0, 0.0, 0.0, 1.0]]}, "finger1joint2": {"matrix": [[-0.31692761182785034, -0.3523249924182892, -0.8805814981460571, -2.2796380519866943], [0.8643203973770142, 0.2749963104724884, -0.42110225558280945, 0.23737409710884094], [0.3905215263366699, -0.8945635557174683, 0.21736781299114227, 0.3769600987434387], [0.0, 0.0, 0.0, 1.0]]}, "finger1joint3": {"matrix": [[-0.391337126493454, 0.6984182000160217, -0.5992220640182495, -2.4306740760803223], [0.806556761264801, 0.5738288164138794, 0.14207947254180908, 0.35526058077812195], [0.4430818557739258, -0.42770567536354065, -0.7878744602203369, -0.006524592638015747], [0.0, 0.0, 0.0, 1.0]]}, "Bone.001": {"matrix": [[0.008177102543413639, -0.8845441341400146, 0.4663844108581543, -0.9702126383781433], [0.9069425463676453, -0.18988195061683655, -0.3760316073894501, 0.1865997016429901], [0.4211745858192444, 0.426058828830719, 0.8006781935691833, 0.252861887216568], [0.0, 0.0, 0.0, 1.0]]}, "finger2joint1": {"matrix": [[-0.772517740726471, -0.5542063117027283, -0.30995380878448486, -1.5309107303619385], [0.4668188989162445, -0.16477079689502716, -0.8688672780990601, 0.06623664498329163], [0.43046048283576965, -0.8159078359603882, 0.38600245118141174, 0.5229336023330688], [0.0, 0.0, 0.0, 1.0]]}, "finger2joint2": {"matrix": [[-0.7875072360038757, -0.38646677136421204, -0.48007869720458984, -2.0103814601898193], [0.5282942652702332, -0.022143570706248283, -0.848772406578064, -0.07631464302539825], [0.3173917829990387, -0.9220372438430786, 0.22160646319389343, -0.18294817209243774], [0.0, 0.0, 0.0, 1.0]]}, "finger2joint3": {"matrix": [[-0.7805692553520203, -0.07912576198577881, -0.6200405955314636, -2.157090902328491], [0.5959809422492981, 0.20486947894096375, -0.7764244079589844, -0.08472070842981339], [0.18846262991428375, -0.9755855798721313, -0.11275732517242432, -0.5329686403274536], [0.0, 0.0, 0.0, 1.0]]}, "Bone.002": {"matrix": [[-0.6182373762130737, -0.5824927687644958, 0.5277162790298462, -0.9702125787734985], [0.5234737396240234, -0.805975079536438, -0.2763679325580597, 0.1865997314453125], [0.5863086581230164, 0.1053847223520279, 0.8032036423683167, 0.2528618574142456], [0.0, 0.0, 0.0, 1.0]]}, "finger3joint1": {"matrix": [[-0.689176619052887, -0.7243977189064026, 0.016833608970046043, -1.2157392501831055], [0.5237637162208557, -0.5140819549560547, -0.6792578101158142, -0.15312686562538147], [0.5007068514823914, -0.45931175351142883, 0.733706533908844, 0.29728254675865173], [0.0, 0.0, 0.0, 1.0]]}, "finger3joint2": {"matrix": [[-0.7951775789260864, -0.44969499111175537, -0.40677610039711, -1.8511673212051392], [0.4618377387523651, -0.01444246806204319, -0.8868468403816223, -0.6040700674057007], [0.3929358720779419, -0.8930652737617493, 0.2191704958677292, -0.1056172251701355], [0.0, 0.0, 0.0, 1.0]]}, "finger3joint3": {"matrix": [[-0.7367660999298096, -0.2010904997587204, -0.6455525755882263, -2.1421561241149902], [0.60310298204422, 0.23619213700294495, -0.7618923187255859, -0.613415539264679], [0.3056838810443878, -0.9506712555885315, -0.052740029990673065, -0.683502197265625], [0.0, 0.0, 0.0, 1.0]]}, "Bone.003": {"matrix": [[-0.4282602369785309, 0.4664439558982849, 0.7739657759666443, -0.9702126979827881], [-0.213865265250206, -0.8844683766365051, 0.4147014319896698, 0.1865997016429901], [0.8779832720756531, 0.012075749225914478, 0.47853884100914, 0.252861887216568], [0.0, 0.0, 0.0, 1.0]]}, "finger4joint1": {"matrix": [[-0.35193973779678345, -0.8830910921096802, 0.31030333042144775, -0.7702856659889221], [0.8046128749847412, -0.4548097848892212, -0.381766676902771, -0.19250062108039856], [0.4782639145851135, 0.11531523615121841, 0.8706123232841492, 0.2580377757549286], [0.0, 0.0, 0.0, 1.0]]}, "finger4joint2": {"matrix": [[-0.36603280901908875, -0.837300181388855, -0.4061377942562103, -1.6475121974945068], [0.7864537239074707, -0.04500645399093628, -0.6160069108009338, -0.6442899703979492], [0.49750402569770813, -0.5448874831199646, 0.6749719381332397, 0.3725872039794922], [0.0, 0.0, 0.0, 1.0]]}, "finger4joint3": {"matrix": [[-0.2891840636730194, -0.5385633707046509, -0.7914047837257385, -1.9967188835144043], [0.7963998913764954, 0.3233616352081299, -0.5110616087913513, -0.6630605459213257], [0.53114914894104, -0.7780658602714539, 0.33540093898773193, 0.145334854722023], [0.0, 0.0, 0.0, 1.0]]}}