{"root": {"matrix": [[0.47038036584854126, -0.5578373074531555, 0.6837834715843201, 0.0], [0.858397364616394, 0.1095086857676506, -0.5011604428291321, 0.0], [0.20468583703041077, 0.8226940035820007, 0.530356764793396, 0.0], [0.0, 0.0, 0.0, 1.0]]}, "carpals": {"matrix": [[-0.7829801440238953, -0.5874685049057007, -0.2045055329799652, 0.440857470035553], [0.561415433883667, -0.5258069634437561, -0.639014482498169, 2.1047756671905518], [0.2678705155849457, -0.6151483058929443, 0.7415104508399963, 1.2085318565368652], [0.0, 0.0, 0.0, 1.0]]}, "metacarpals": {"matrix": [[-0.6431075930595398, -0.4972440004348755, 0.5823751091957092, -0.13133329153060913], [-0.006590846460312605, -0.756881058216095, -0.6535192728042603, 1.592642903327942], [0.7657473683357239, -0.42412155866622925, 0.48347869515419006, 0.6093811392784119], [0.0, 0.0, 0.0, 1.0]]}, "finger5joint1": {"matrix": [[-0.5371871590614319, -0.7408045530319214, 0.40328431129455566, -0.541822075843811], [-0.09271387755870819, -0.4233706295490265, -0.9011998772621155, 1.4307072162628174], [0.8383519053459167, -0.5215030312538147, 0.1587463766336441, 0.034098148345947266], [0.0, 0.0, 0.0, 1.0]]}, "finger5joint2": {"matrix": [[0.4135662317276001, -0.75472092628479, 0.5092725157737732, -1.3243134021759033], [-0.8998839259147644, -0.4238944947719574, 0.10257624834775925, 0.9835125207901001], [0.1384613811969757, -0.5007083415985107, -0.8544701337814331, -0.5167510509490967], [0.0, 0.0, 0.0, 1.0]]}, "finger5joint3": {"matrix": [[0.31263530254364014, -0.875456690788269, 0.3685566186904907, -1.8430596590042114], [-0.9398032426834106, -0.3414353132247925, -0.013828037306666374, 0.6921549439430237], [0.13794411718845367, -0.34204763174057007, -0.9295022487640381, -0.8609055280685425], [0.0, 0.0, 0.0, 1.0]]}, "Bone": {"matrix": [[0.34088408946990967, -0.801410436630249, 0.491466224193573, -0.907669186592102], [0.7993040084838867, -0.028127051889896393, -0.6002680659294128, 0.410941481590271], [0.4948846101760864, 0.5974529385566711, 0.6309825778007507, -0.05279037356376648], [0.0, 0.0, 0.0, 1.0]]}, "finger1joint1": {"matrix": [[-0.5588423013687134, -0.7308515310287476, 0.3918558657169342, -1.5745930671691895], [0.07252191007137299, -0.5137900114059448, -0.8548451066017151, 0.3875344693660736], [0.8260966539382935, -0.4493054449558258, 0.34013038873672485, 0.4444025754928589], [0.0, 0.0, 0.0, 1.0]]}, "finger1joint2": {"matrix": [[-0.6368806958198547, -0.6373521089553833, -0.4337800145149231, -1.9876545667648315], [0.3396037220954895, 0.2731974422931671, -0.9000179171562195, 0.09715148061513901], [0.6921360492706299, -0.7205173373222351, 0.042453061789274216, 0.19046486914157867], [0.0, 0.0, 0.0, 1.0]]}, "finger1joint3": {"matrix": [[-0.6537230014801025, 0.22367586195468903, -0.7229213118553162, -2.2608771324157715], [0.23645758628845215, 0.9678604006767273, 0.08563791215419769, 0.21426674723625183], [0.7188422083854675, -0.1149568185210228, -0.6856023669242859, -0.11840904504060745], [0.0, 0.0, 0.0, 1.0]]}, "Bone.001": {"matrix": [[0.10508788377046585, -0.6533313393592834, 0.7497428059577942, -0.907669186592102], [0.6659481525421143, -0.5136799812316895, -0.5409674048423767, 0.410941481590271], [0.7385588884353638, 0.5561391115188599, 0.3811032772064209, -0.05279037356376648], [0.0, 0.0, 0.0, 1.0]]}, "finger2joint1": {"matrix": [[-0.2031659185886383, -0.9377915859222412, -0.2815496325492859, -1.3218052387237549], [0.10864276438951492, 0.26418066024780273, -0.9583345055580139, 0.08532816171646118], [0.9730981588363647, -0.2252892404794693, 0.04821182042360306, 0.2997371256351471], [0.0, 0.0, 0.0, 1.0]]}, "finger2joint2": {"matrix": [[-0.26024773716926575, -0.2290157824754715, -0.9379885196685791, -2.133134603500366], [0.2201833575963974, 0.9317903518676758, -0.2885928452014923, 0.3138837516307831], [0.9401012063026428, -0.2816351354122162, -0.19207081198692322, 0.104828380048275], [0.0, 0.0, 0.0, 1.0]]}, "finger2joint3": {"matrix": [[-0.19993779063224792, 0.11166265606880188, -0.9734248518943787, -2.2200727462768555], [0.35050415992736816, 0.9358930587768555, 0.03536525368690491, 0.6676067113876343], [0.9149706959724426, -0.33411869406700134, -0.22625857591629028, -0.00208495557308197], [0.0, 0.0, 0.0, 1.0]]}, "Bone.002": {"matrix": [[-0.39202937483787537, -0.45178666710853577, 0.8013747334480286, -0.9076692461967468], [0.12758971750736237, -0.8893871307373047, -0.4389888346195221, 0.410941481590271], [0.9110618829727173, -0.06984930485486984, 0.40630921721458435, -0.05279034376144409], [0.0, 0.0, 0.0, 1.0]]}, "finger3joint1": {"matrix": [[-0.5792880654335022, -0.5122290849685669, 0.6340713500976562, -1.0981017351150513], [0.0789504274725914, -0.8094856142997742, -0.5818072557449341, 0.036055803298950195], [0.8112905025482178, -0.286973774433136, 0.5093660354614258, -0.0822325050830841], [0.0, 0.0, 0.0, 1.0]]}, "finger3joint2": {"matrix": [[-0.677151083946228, -0.7349794507026672, 0.035655830055475235, -1.547419786453247], [-0.027530837804079056, -0.023116279393434525, -0.9993535876274109, -0.6740099787712097], [0.7353287935256958, -0.6776950359344482, -0.0045813932083547115, -0.3339605927467346], [0.0, 0.0, 0.0, 1.0]]}, "finger3joint3": {"matrix": [[-0.7091231942176819, -0.5674950480461121, -0.4184417128562927, -2.023010492324829], [0.1398041993379593, 0.4685131311416626, -0.872324526309967, -0.6889681220054626], [0.6910854578018188, -0.6770855188369751, -0.252895325422287, -0.7724837064743042], [0.0, 0.0, 0.0, 1.0]]}, "Bone.003": {"matrix": [[-0.06270665675401688, 0.4928164780139923, 0.8678707480430603, -0.907669186592102], [-0.6085937023162842, -0.7080777287483215, 0.35810548067092896, 0.410941481590271], [0.791000247001648, -0.5057251453399658, 0.3443261682987213, -0.0527903288602829], [0.0, 0.0, 0.0, 1.0]]}, "finger4joint1": {"matrix": [[-0.17451198399066925, -0.7340568900108337, 0.6562817096710205, -0.6964384913444519], [0.5130709409713745, -0.6366658806800842, -0.575685977935791, 0.1074455976486206], [0.8404186964035034, 0.23625507950782776, 0.48772916197776794, -0.2695539891719818], [0.0, 0.0, 0.0, 1.0]]}, "finger4joint2": {"matrix": [[-0.17858755588531494, -0.9756876230239868, 0.12704212963581085, -1.4256205558776855], [0.48712942004203796, -0.19985933601856232, -0.850153386592865, -0.5249922275543213], [0.854874849319458, -0.08994083851575851, 0.5109786987304688, -0.034867867827415466], [0.0, 0.0, 0.0, 1.0]]}, "finger4joint3": {"matrix": [[-0.0987037718296051, -0.9575977921485901, -0.27067244052886963, -1.8325436115264893], [0.5144412517547607, 0.18373186886310577, -0.8376110792160034, -0.608346164226532], [0.8518258929252625, -0.22192049026489258, 0.47449296712875366, -0.07237885892391205], [0.0, 0.0, 0.0, 1.0]]}}