{"root": {"matrix": [[0.5394486784934998, -0.84053635597229, -0.049937471747398376, -5.960464477539063e-08], [-0.2782306373119354, -0.1219622790813446, -0.9527397155761719, -7.450580596923828e-09], [0.7947218418121338, 0.5278482437133789, -0.2996554374694824, 0.0], [0.0, 0.0, 0.0, 1.0]]}, "carpals": {"matrix": [[0.11852683126926422, -0.5794072151184082, -0.8063735961914062, 0.40283262729644775], [0.9928425550460815, 0.057167183607816696, 0.10485871881246567, -0.6414769887924194], [-0.014657584019005299, -0.8130306601524353, 0.5820361375808716, 2.3475983142852783], [0.0, 0.0, 0.0, 1.0]]}, "metacarpals": {"matrix": [[0.2873474359512329, -0.8402266502380371, -0.45983728766441345, -0.1615065336227417], [0.9286837577819824, 0.1268748641014099, 0.3484953045845032, -0.5857964754104614], [-0.2344731092453003, -0.5271826982498169, 0.8167622089385986, 1.5557115077972412], [0.0, 0.0, 0.0, 1.0]]}, "finger5joint1": {"matrix": [[-0.12048962712287903, -0.8194957971572876, -0.5602754950523376, -0.5022556185722351], [0.8936275243759155, -0.3353314995765686, 0.29829925298690796, -0.8197045922279358], [-0.432332843542099, -0.4647357165813446, 0.7727281451225281, 0.9600169658660889], [0.0, 0.0, 0.0, 1.0]]}, "finger5joint2": {"matrix": [[-0.5156400799751282, -0.841083824634552, -0.1633789837360382, -1.3678662776947021], [0.2926870584487915, 0.006300873123109341, -0.9561873078346252, -1.1739059686660767], [0.8052634596824646, -0.5408673286437988, 0.242925226688385, 0.46912944316864014], [0.0, 0.0, 0.0, 1.0]]}, "finger5joint3": {"matrix": [[-0.5821276903152466, -0.7130408883094788, -0.3907676935195923, -1.9459726810455322], [0.34419330954551697, 0.21931041777133942, -0.9129257798194885, -1.1695752143859863], [0.7366531491279602, -0.6659390330314636, 0.11775711923837662, 0.09737236797809601], [0.0, 0.0, 0.0, 1.0]]}, "Bone": {"matrix": [[0.9103696942329407, 0.2131401151418686, -0.35468006134033203, -1.4733335971832275], [-0.010917444713413715, 0.8692121505737305, 0.4943186044692993, -0.3877095878124237], [0.41365134716033936, -0.4461403787136078, 0.7936315536499023, 0.7326328754425049], [0.0, 0.0, 0.0, 1.0]]}, "finger1joint1": {"matrix": [[0.6762552857398987, -0.7213975191116333, -0.14921140670776367, -1.2959611415863037], [0.7295236587524414, 0.6839553713798523, -0.0003995395381934941, 0.33563798666000366], [0.10234227031469345, -0.10858289152383804, 0.9888051152229309, 0.3613603711128235], [0.0, 0.0, 0.0, 1.0]]}, "finger1joint2": {"matrix": [[0.7038654088973999, -0.6942817568778992, -0.15015357732772827, -1.7036793231964111], [0.6811793446540833, 0.599786102771759, 0.4198227822780609, 0.7221947908401489], [-0.2014152556657791, -0.3977801501750946, 0.8950992822647095, 0.2999916672706604], [0.0, 0.0, 0.0, 1.0]]}, "finger1joint3": {"matrix": [[0.710034966468811, -0.4642806351184845, -0.5294276475906372, -2.0013062953948975], [0.6977286338806152, 0.36243608593940735, 0.6179115772247314, 0.9793132543563843], [-0.09500066190958023, -0.8081356287002563, 0.5812844038009644, 0.1294698715209961], [0.0, 0.0, 0.0, 1.0]]}, "Bone.001": {"matrix": [[0.8802222013473511, -0.26042383909225464, -0.3967215418815613, -1.4733335971832275], [0.34215447306632996, 0.9275497794151306, 0.15027117729187012, -0.3877096176147461], [0.3288448750972748, -0.2680119276046753, 0.905555248260498, 0.7326328754425049], [0.0, 0.0, 0.0, 1.0]]}, "finger2joint1": {"matrix": [[0.5351781249046326, -0.3744097650051117, -0.757232666015625, -1.6384119987487793], [0.8378360271453857, 0.349630743265152, 0.4192717671394348, 0.20024901628494263], [0.10777256637811661, -0.8588219881057739, 0.5008089542388916, 0.5627445578575134], [0.0, 0.0, 0.0, 1.0]]}, "finger2joint2": {"matrix": [[0.5668051838874817, -0.3181379437446594, -0.7599472403526306, -1.9623321294784546], [0.823674738407135, 0.1997085064649582, 0.5307317972183228, 0.5027316808700562], [-0.01707782782614231, -0.9267708659172058, 0.37523820996284485, -0.180264413356781], [0.0, 0.0, 0.0, 1.0]]}, "finger2joint3": {"matrix": [[0.5921961069107056, -0.20732837915420532, -0.7786644697189331, -2.0831024646759033], [0.790405809879303, -0.03848680853843689, 0.6113731861114502, 0.5785443186759949], [-0.15672318637371063, -0.97751384973526, 0.1410820186138153, -0.5320818424224854], [0.0, 0.0, 0.0, 1.0]]}, "Bone.002": {"matrix": [[0.4554641544818878, -0.8402066230773926, -0.29428720474243164, -1.4733335971832275], [0.8895837664604187, 0.44236135482788086, 0.1138288825750351, -0.3877095878124237], [0.034541696310043335, -0.31363794207572937, 0.948914110660553, 0.7326329350471497], [0.0, 0.0, 0.0, 1.0]]}, "finger3joint1": {"matrix": [[0.3691709041595459, -0.558324933052063, -0.7429575324058533, -1.8274891376495361], [0.9122412204742432, 0.06495940685272217, 0.4044702351093292, -0.2012498527765274], [-0.17756354808807373, -0.8270751237869263, 0.5333083271980286, 0.6004313826560974], [0.0, 0.0, 0.0, 1.0]]}, "finger3joint2": {"matrix": [[0.304782897233963, 0.016651097685098648, -0.9522762298583984, -2.3172414302825928], [0.8946502804756165, -0.3479335308074951, 0.2802552878856659, -0.14426866173744202], [-0.3266620635986328, -0.9373713135719299, -0.12094097584486008, -0.12506365776062012], [0.0, 0.0, 0.0, 1.0]]}, "finger3joint3": {"matrix": [[0.4610265791416168, 0.30370551347732544, -0.8337969183921814, -2.306467056274414], [0.8164005279541016, -0.5134009122848511, 0.2644042372703552, -0.36940959095954895], [-0.3477708697319031, -0.8026098608970642, -0.48463666439056396, -0.7316181659698486], [0.0, 0.0, 0.0, 1.0]]}, "Bone.003": {"matrix": [[-0.2865205407142639, -0.857959508895874, 0.42639338970184326, -1.4733335971832275], [0.8826761841773987, -0.40944528579711914, -0.23073172569274902, -0.3877096176147461], [0.3725435137748718, 0.3102579414844513, 0.874614953994751, 0.7326328754425049], [0.0, 0.0, 0.0, 1.0]]}, "finger4joint1": {"matrix": [[0.41616585850715637, -0.8022347092628479, -0.42804792523384094, -1.8410717248916626], [0.8961179256439209, 0.28201809525489807, 0.34269240498542786, -0.5632058382034302], [-0.15420231223106384, -0.5261982679367065, 0.8362635374069214, 0.8656154870986938], [0.0, 0.0, 0.0, 1.0]]}, "finger4joint2": {"matrix": [[0.3893234431743622, 0.20465266704559326, -0.8980779647827148, -2.6379787921905518], [0.9087974429130554, -0.24417340755462646, 0.33832836151123047, -0.28306058049201965], [-0.15004676580429077, -0.9478905200958252, -0.2810501158237457, 0.34291166067123413], [0.0, 0.0, 0.0, 1.0]]}, "finger4joint3": {"matrix": [[0.3840599060058594, 0.8805845975875854, -0.27761176228523254, -2.552625894546509], [0.9209024310112, -0.3870241343975067, 0.04637439176440239, -0.38489627838134766], [-0.06660564988851547, -0.2734642028808594, -0.9595731496810913, -0.0524182990193367], [0.0, 0.0, 0.0, 1.0]]}}