{"root": {"matrix": [[0.14419542253017426, -0.9320892691612244, -0.33229097723960876, 0.0], [-0.8943150639533997, 0.020984895527362823, -0.4469453990459442, -1.862645149230957e-09], [0.4235660135746002, 0.36162030696868896, -0.8305555582046509, 2.9802322387695312e-08], [0.0, 0.0, 0.0, 1.0]]}, "carpals": {"matrix": [[0.9599735140800476, -0.09500142931938171, -0.26348698139190674, -0.5488916635513306], [0.27690955996513367, 0.4632783830165863, 0.8418395519256592, -1.95168137550354], [0.04209192469716072, -0.881105899810791, 0.4710419476032257, 1.4052196741104126], [0.0, 0.0, 0.0, 1.0]]}, "metacarpals": {"matrix": [[0.3390842378139496, -0.5233805775642395, 0.7817253470420837, -0.6414225101470947], [-0.35959067940711975, 0.6957482099533081, 0.6217946410179138, -1.5004510879516602], [-0.8693194389343262, -0.49194198846817017, 0.04771455377340317, 0.5470278263092041], [0.0, 0.0, 0.0, 1.0]]}, "finger5joint1": {"matrix": [[0.17964841425418854, -0.43514785170555115, 0.8822543025016785, -1.321173906326294], [-0.15560828149318695, 0.8729836344718933, 0.4622609615325928, -1.2960991859436035], [-0.9713456630706787, -0.22033047676086426, 0.08911758661270142, 0.39919912815093994], [0.0, 0.0, 0.0, 1.0]]}, "finger5joint2": {"matrix": [[0.9054927825927734, -0.3579505980014801, -0.2279338538646698, -1.780808448791504], [0.39740973711013794, 0.9036449193954468, 0.15965746343135834, -0.3739907443523407], [0.1488218754529953, -0.23515164852142334, 0.9604974389076233, 0.16647014021873474], [0.0, 0.0, 0.0, 1.0]]}, "finger5joint3": {"matrix": [[0.8792911171913147, -0.3991429805755615, -0.25986847281455994, -2.0268404483795166], [0.47063907980918884, 0.811898946762085, 0.3454246520996094, 0.2471160888671875], [0.07311318814754486, -0.42603304982185364, 0.9017481803894043, 0.00484214723110199], [0.0, 0.0, 0.0, 1.0]]}, "Bone": {"matrix": [[0.5014653205871582, 0.11819536238908768, 0.8570660352706909, -1.4585648775100708], [-0.793005108833313, -0.3333081305027008, 0.5099490880966187, -0.4141949415206909], [0.3459407687187195, -0.9353798627853394, -0.07341291010379791, -0.22103017568588257], [0.0, 0.0, 0.0, 1.0]]}, "finger1joint1": {"matrix": [[0.42006728053092957, -0.7946442365646362, 0.43827375769615173, -1.3602042198181152], [-0.4348314106464386, 0.24765048921108246, 0.8657888770103455, -0.6915699243545532], [-0.7965331077575684, -0.5542649030685425, -0.24150636792182922, -0.9994417428970337], [0.0, 0.0, 0.0, 1.0]]}, "finger1joint2": {"matrix": [[0.2824941873550415, -0.7630995512008667, -0.5812710523605347, -1.8093199729919434], [-0.682645857334137, -0.5856343507766724, 0.4370659291744232, -0.5516031980514526], [-0.6739373207092285, 0.27333366870880127, -0.6863651871681213, -1.3127002716064453], [0.0, 0.0, 0.0, 1.0]]}, "finger1joint3": {"matrix": [[0.2499794363975525, -0.23655439913272858, -0.9389101266860962, -2.1364479064941406], [-0.6129261255264282, -0.7893339395523071, 0.035681236535310745, -0.8026551008224487], [-0.749554455280304, 0.5665629506111145, -0.3423076868057251, -1.1955265998840332], [0.0, 0.0, 0.0, 1.0]]}, "Bone.001": {"matrix": [[0.6092270612716675, 0.21313846111297607, 0.7638155221939087, -1.4585648775100708], [-0.7929927110671997, 0.16632360219955444, 0.5860874652862549, -0.4141949415206909], [-0.0021227740217000246, -0.9627607464790344, 0.2703462243080139, -0.22103017568588257], [0.0, 0.0, 0.0, 1.0]]}, "finger2joint1": {"matrix": [[0.3843599259853363, -0.6933874487876892, 0.6094924807548523, -1.3234598636627197], [-0.4571223855018616, 0.4306440055370331, 0.7781929969787598, -0.30876514315605164], [-0.8020637631416321, -0.5777190327644348, -0.1514406055212021, -0.8313084244728088], [0.0, 0.0, 0.0, 1.0]]}, "finger2joint2": {"matrix": [[0.2621046006679535, -0.7813506126403809, -0.5663851499557495, -1.9233434200286865], [-0.48625633120536804, -0.6138836741447449, 0.6218529939651489, 0.06380608677864075], [-0.8335801362991333, 0.11241782456636429, -0.5408384799957275, -1.3311214447021484], [0.0, 0.0, 0.0, 1.0]]}, "finger2joint3": {"matrix": [[0.22030869126319885, 0.02606876567006111, -0.9750816822052002, -2.219956874847412], [-0.6070644855499268, -0.778790295124054, -0.15798036754131317, -0.1692342460155487], [-0.7635027766227722, 0.6267420053482056, -0.15574891865253448, -1.2884458303451538], [0.0, 0.0, 0.0, 1.0]]}, "Bone.002": {"matrix": [[0.5731939673423767, -0.18074455857276917, 0.7992371916770935, -1.4585649967193604], [-0.4615437686443329, 0.7347158193588257, 0.4971615672111511, -0.4141949713230133], [-0.6770716309547424, -0.6538529396057129, 0.33771324157714844, -0.22103017568588257], [0.0, 0.0, 0.0, 1.0]]}, "finger3joint1": {"matrix": [[0.4490078389644623, -0.030750788748264313, 0.8929985165596008, -1.5347504615783691], [-0.5531271696090698, 0.7753302454948425, 0.30481621623039246, -0.10450488328933716], [-0.7017423510551453, -0.630806565284729, 0.3311203122138977, -0.4966357946395874], [0.0, 0.0, 0.0, 1.0]]}, "finger3joint2": {"matrix": [[0.4035123884677887, -0.8669272661209106, -0.29260024428367615, -1.5617246627807617], [-0.4349744915962219, -0.4630976915359497, 0.7722288370132446, 0.5756005048751831], [-0.8049688935279846, -0.1843302845954895, -0.5639567971229553, -1.0499675273895264], [0.0, 0.0, 0.0, 1.0]]}, "finger3joint3": {"matrix": [[0.40345486998558044, -0.21970726549625397, -0.8882302045822144, -2.1226961612701416], [-0.5810739994049072, -0.8113900423049927, -0.06323697417974472, 0.27593910694122314], [-0.7068077325820923, 0.5416406393051147, -0.4550253748893738, -1.1692441701889038], [0.0, 0.0, 0.0, 1.0]]}, "Bone.003": {"matrix": [[0.7199209928512573, -0.10674025863409042, 0.6857990026473999, -1.4585648775100708], [0.33741044998168945, 0.9173076152801514, -0.21142522990703583, -0.4141949713230133], [-0.6065210103988647, 0.38360536098480225, 0.6964043974876404, -0.22103017568588257], [0.0, 0.0, 0.0, 1.0]]}, "finger4joint1": {"matrix": [[0.3321746289730072, -0.9030943512916565, 0.2721773386001587, -1.5043158531188965], [-0.3584289252758026, 0.14605669677257538, 0.922060489654541, -0.0210191011428833], [-0.872461199760437, -0.40384140610694885, -0.2751787006855011, -0.05660945177078247], [0.0, 0.0, 0.0, 1.0]]}, "finger4joint2": {"matrix": [[0.3165794014930725, -0.09738878160715103, -0.9435532093048096, -2.4014127254486084], [-0.3371146619319916, -0.9413281679153442, -0.01594901643693447, 0.12406760454177856], [-0.886640191078186, 0.32313472032546997, -0.33083638548851013, -0.457768976688385], [0.0, 0.0, 0.0, 1.0]]}, "finger4joint3": {"matrix": [[0.33734816312789917, 0.5982609391212463, -0.7268286347389221, -2.4420299530029297], [-0.2574295699596405, -0.6840320229530334, -0.6825171709060669, -0.2685253918170929], [-0.9054975509643555, 0.4173531234264374, -0.07674699276685715, -0.3230014741420746], [0.0, 0.0, 0.0, 1.0]]}}