{"root": {"matrix": [[0.41189977526664734, -0.6053155660629272, -0.681125283241272, 0.0], [-0.9107311367988586, -0.29817819595336914, -0.2857595682144165, 0.0], [-0.030122047290205956, 0.7380262613296509, -0.674099326133728, 0.0], [0.0, 0.0, 0.0, 1.0]]}, "carpals": {"matrix": [[0.6091013550758362, -0.734557032585144, -0.29903414845466614, 0.4155842661857605], [0.7623625993728638, 0.4383474886417389, 0.47608229517936707, -2.3193295001983643], [-0.21862873435020447, -0.51795494556427, 0.826996922492981, 0.7300584316253662], [0.0, 0.0, 0.0, 1.0]]}, "metacarpals": {"matrix": [[0.3375117778778076, -0.7448530197143555, 0.5755689740180969, -0.2998698949813843], [0.29206523299217224, 0.664135217666626, 0.6882019639015198, -1.8923816680908203], [-0.8948650360107422, -0.06417262554168701, 0.44169920682907104, 0.22557342052459717], [0.0, 0.0, 0.0, 1.0]]}, "finger5joint1": {"matrix": [[0.6691528558731079, -0.6358330845832825, 0.3846434950828552, -1.0209267139434814], [0.11457818001508713, 0.5996901988983154, 0.7919868230819702, -1.847731351852417], [-0.7342384457588196, -0.4858885705471039, 0.4741370677947998, 0.16426944732666016], [0.0, 0.0, 0.0, 1.0]]}, "finger5joint2": {"matrix": [[0.398857444524765, -0.521168053150177, -0.7545172572135925, -1.6925395727157593], [0.7483831644058228, 0.6604912877082825, -0.06060677394270897, -1.2142953872680664], [0.5299385786056519, -0.5404945611953735, 0.6534754633903503, -0.34896114468574524], [0.0, 0.0, 0.0, 1.0]]}, "finger5joint3": {"matrix": [[0.3893934488296509, -0.40655770897865295, -0.8264884352684021, -2.0507566928863525], [0.8089718818664551, 0.5799810290336609, 0.09584227949380875, -0.7603164911270142], [0.44038236141204834, -0.7059264183044434, 0.5547347664833069, -0.7204620838165283], [0.0, 0.0, 0.0, 1.0]]}, "Bone": {"matrix": [[0.7366688251495361, 0.11269248276948929, 0.6667977571487427, -1.462792158126831], [-0.666845440864563, 0.28495195508003235, 0.6885631084442139, -0.8554822206497192], [-0.11240939050912857, -0.951894223690033, 0.2850637137889862, 0.12538212537765503], [0.0, 0.0, 0.0, 1.0]]}, "finger1joint1": {"matrix": [[0.4449548125267029, -0.8687605857849121, 0.21741682291030884, -1.3690109252929688], [0.21866315603256226, 0.3408181667327881, 0.9143462181091309, -0.6183487772941589], [-0.8684477210044861, -0.3593018352985382, 0.34161463379859924, -0.6667724251747131], [0.0, 0.0, 0.0, 1.0]]}, "finger1joint2": {"matrix": [[0.3749188780784607, -0.6534228324890137, -0.6576278209686279, -1.860015630722046], [-0.07695958018302917, -0.7288596630096436, 0.6803237795829773, -0.4257257282733917], [-0.9238576292991638, -0.20445550978183746, -0.3235504925251007, -0.8698421120643616], [0.0, 0.0, 0.0, 1.0]]}, "finger1joint3": {"matrix": [[0.3301098048686981, -0.22620789706707, -0.9164373278617859, -2.140127182006836], [0.01912629045546055, -0.9690590500831604, 0.24608613550662994, -0.7381758689880371], [-0.9437487721443176, -0.09876349568367004, -0.3155694603919983, -0.9574888348579407], [0.0, 0.0, 0.0, 1.0]]}, "Bone.001": {"matrix": [[0.8045200109481812, 0.05978652089834213, 0.5909085273742676, -1.4627922773361206], [-0.44498565793037415, 0.7196241021156311, 0.533037006855011, -0.8554822206497192], [-0.3933635950088501, -0.6917849183082581, 0.605556309223175, 0.12538215517997742], [0.0, 0.0, 0.0, 1.0]]}, "finger2joint1": {"matrix": [[0.4149910509586334, -0.2985460162162781, 0.8594489693641663, -1.4248943328857422], [0.19172722101211548, 0.952113926410675, 0.23815815150737762, -0.39932435750961304], [-0.8893945813179016, 0.06594623625278473, 0.45235827565193176, -0.3131290078163147], [0.0, 0.0, 0.0, 1.0]]}, "finger2joint2": {"matrix": [[0.30508556962013245, -0.4512840509414673, 0.8386091589927673, -1.6831812858581543], [0.2542101740837097, 0.8872299790382385, 0.384967178106308, 0.42439597845077515], [-0.9177689552307129, 0.09573501348495483, 0.3854021430015564, -0.2560756802558899], [0.0, 0.0, 0.0, 1.0]]}, "finger2joint3": {"matrix": [[0.17515039443969727, -0.6637416481971741, 0.727165162563324, -1.8544962406158447], [0.31887391209602356, 0.7370149493217468, 0.5959261059761047, 0.7612030506134033], [-0.9314727187156677, 0.12749727070331573, 0.3407384157180786, -0.2197330892086029], [0.0, 0.0, 0.0, 1.0]]}, "Bone.002": {"matrix": [[0.608943521976471, -0.44514840841293335, 0.6565292477607727, -1.462792158126831], [0.1744834929704666, 0.8825817704200745, 0.4365828335285187, -0.855482280254364], [-0.7737849950790405, -0.15130077302455902, 0.6151135563850403, 0.12538212537765503], [0.0, 0.0, 0.0, 1.0]]}, "finger3joint1": {"matrix": [[0.7119876742362976, 0.16221380233764648, 0.6831985116004944, -1.6504266262054443], [-0.48131993412971497, 0.8211625814437866, 0.30663129687309265, -0.48346519470214844], [-0.5112773776054382, -0.5471549034118652, 0.6627344489097595, 0.06160733103752136], [0.0, 0.0, 0.0, 1.0]]}, "finger3joint2": {"matrix": [[0.7016341090202332, -0.6763995885848999, 0.2240382730960846, -1.5081356763839722], [-0.3569486439228058, -0.0615355484187603, 0.9320948123931885, 0.23684345185756683], [-0.6166823506355286, -0.7339597344398499, -0.2846153974533081, -0.4183468818664551], [0.0, 0.0, 0.0, 1.0]]}, "finger3joint3": {"matrix": [[0.6195313930511475, -0.763517439365387, -0.1822691559791565, -1.945820689201355], [-0.5112173557281494, -0.5686514973640442, 0.6444314122200012, 0.19702501595020294], [-0.5956823825836182, -0.3060664236545563, -0.7426208853721619, -0.8932777047157288], [0.0, 0.0, 0.0, 1.0]]}, "Bone.003": {"matrix": [[0.5309690237045288, -0.3217240273952484, 0.7839423418045044, -1.4627922773361206], [0.8054570555686951, 0.47903338074684143, -0.3489493429660797, -0.855482280254364], [-0.2632691264152527, 0.816713273525238, 0.5134868621826172, 0.12538212537765503], [0.0, 0.0, 0.0, 1.0]]}, "finger4joint1": {"matrix": [[0.6752507090568542, -0.3728223443031311, 0.6364274024963379, -1.6006892919540405], [-0.13775499165058136, 0.7839218378067017, 0.6053837537765503, -0.6501592397689819], [-0.7246101498603821, -0.49645695090293884, 0.4779857397079468, 0.4754413366317749], [0.0, 0.0, 0.0, 1.0]]}, "finger4joint2": {"matrix": [[0.678690493106842, -0.593726634979248, -0.43228188157081604, -1.9710359573364258], [-0.10803308337926865, -0.6629055738449097, 0.7408673167228699, 0.12855657935142517], [-0.7264348864555359, -0.45611903071403503, -0.5140499472618103, -0.01771870255470276], [0.0, 0.0, 0.0, 1.0]]}, "finger4joint3": {"matrix": [[0.7319464683532715, 0.028363602235913277, -0.6807712912559509, -2.2186570167541504], [-0.06338079273700714, -0.9919664859771729, -0.10947471857070923, -0.1479167342185974], [-0.6784075498580933, 0.123277448117733, -0.724268913269043, -0.20794899761676788], [0.0, 0.0, 0.0, 1.0]]}}