{"root": {"matrix": [[0.5390030741691589, -0.8071279525756836, 0.24087382853031158, 0.0], [0.642609179019928, 0.20916417241096497, -0.7370914816856384, 1.4901161193847656e-08], [0.5445449948310852, 0.5520823001861572, 0.6314078569412231, 0.0], [0.0, 0.0, 0.0, 1.0]]}, "carpals": {"matrix": [[-0.13913802802562714, -0.6361067295074463, -0.758952260017395, 0.4018308222293854], [0.848270058631897, -0.4720083773136139, 0.2400956004858017, 1.7408456802368164], [-0.5109582543373108, -0.6103900074958801, 0.6052647233009338, 1.7008745670318604], [0.0, 0.0, 0.0, 1.0]]}, "metacarpals": {"matrix": [[-0.20641329884529114, -0.8549281358718872, -0.4759107828140259, -0.2177332639694214], [0.8048229813575745, -0.42495980858802795, 0.4143297076225281, 1.2811123132705688], [-0.5564650893211365, -0.2975006699562073, 0.7757832407951355, 1.1063584089279175], [0.0, 0.0, 0.0, 1.0]]}, "finger5joint1": {"matrix": [[-0.3257654905319214, -0.7727004885673523, -0.5448030829429626, -0.47362202405929565], [0.7709134221076965, -0.55068039894104, 0.32006803154945374, 0.7269402146339417], [-0.5473291277885437, -0.3157287538051605, 0.7750779390335083, 0.7150923013687134], [0.0, 0.0, 0.0, 1.0]]}, "finger5joint2": {"matrix": [[-0.48754438757896423, -0.8728889226913452, 0.01909451000392437, -1.289804220199585], [0.3309646248817444, -0.20500651001930237, -0.9211050271987915, 0.14527177810668945], [0.8079371452331543, -0.44275981187820435, 0.3888452649116516, 0.38159677386283875], [0.0, 0.0, 0.0, 1.0]]}, "finger5joint3": {"matrix": [[-0.5672125816345215, -0.7890689969062805, -0.23587976396083832, -1.8897714614868164], [0.36058729887008667, 0.019558565691113472, -0.9325202107429504, 0.004363615531474352], [0.7404364943504333, -0.61399245262146, 0.2734345495700836, 0.0772724449634552], [0.0, 0.0, 0.0, 1.0]]}, "Bone": {"matrix": [[0.8499329090118408, -0.2672097086906433, -0.4541064500808716, -1.552513599395752], [0.50759357213974, 0.6463651657104492, 0.5697023272514343, 0.6176321506500244], [0.14128850400447845, -0.7147103548049927, 0.685001015663147, 0.6418771743774414], [0.0, 0.0, 0.0, 1.0]]}, "finger1joint1": {"matrix": [[-0.03353580832481384, -0.6215090155601501, -0.7826886177062988, -1.774882197380066], [0.9073567986488342, -0.34726572036743164, 0.23687568306922913, 1.155529260635376], [-0.4190213680267334, -0.7022340297698975, 0.5755763649940491, 0.047104060649871826], [0.0, 0.0, 0.0, 1.0]]}, "finger1joint2": {"matrix": [[0.21878908574581146, -0.3085673451423645, -0.9256982207298279, -2.126145601272583], [0.7989172339439392, -0.4880337417125702, 0.3515029847621918, 0.9592621326446533], [-0.5602344274520874, -0.8164612650871277, 0.13974341750144958, -0.34978339076042175], [0.0, 0.0, 0.0, 1.0]]}, "finger1joint3": {"matrix": [[0.13508835434913635, 0.21686261892318726, -0.9668099284172058, -2.258423089981079], [0.847771406173706, -0.5303615927696228, -0.0005083658033981919, 0.7500501275062561], [-0.5128692388534546, -0.8195651769638062, -0.25549548864364624, -0.699786901473999], [0.0, 0.0, 0.0, 1.0]]}, "Bone.001": {"matrix": [[0.6495686173439026, -0.690455436706543, -0.31832611560821533, -1.5525134801864624], [0.7597454190254211, 0.5734336972236633, 0.306529700756073, 0.6176321506500244], [-0.029106246307492256, -0.4409588575363159, 0.8970550298690796, 0.6418771743774414], [0.0, 0.0, 0.0, 1.0]]}, "finger2joint1": {"matrix": [[-0.08770473301410675, -0.8857042193412781, -0.45588982105255127, -1.9901819229125977], [0.8421839475631714, -0.3103460967540741, 0.44092097878456116, 0.9811223745346069], [-0.5320092439651489, -0.34527215361595154, 0.7731448411941528, 0.36236056685447693], [0.0, 0.0, 0.0, 1.0]]}, "finger2joint2": {"matrix": [[-0.12493416666984558, 0.2988418936729431, -0.9460890889167786, -2.7564480304718018], [0.766302764415741, -0.5766301155090332, -0.28333327174186707, 0.7126267552375793], [-0.6302154064178467, -0.7603887319564819, -0.15696240961551666, 0.06364873051643372], [0.0, 0.0, 0.0, 1.0]]}, "finger2joint3": {"matrix": [[-0.004794392269104719, 0.9801516532897949, 0.19819019734859467, -2.64300274848938], [0.717338502407074, 0.14145484566688538, -0.6822139024734497, 0.49372851848602295], [-0.696708083152771, 0.13889853656291962, -0.7037788033485413, -0.2250072956085205], [0.0, 0.0, 0.0, 1.0]]}, "Bone.002": {"matrix": [[-0.01091056503355503, -0.9783574342727661, -0.2066335380077362, -1.5525134801864624], [0.9394773244857788, -0.08079700917005539, 0.3329477906227112, 0.6176320314407349], [-0.3424373269081116, -0.19049470126628876, 0.9200261831283569, 0.6418771743774414], [0.0, 0.0, 0.0, 1.0]]}, "finger3joint1": {"matrix": [[0.1466706097126007, -0.5264507532119751, -0.8374586701393127, -1.9649009704589844], [0.9525131583213806, -0.15322008728981018, 0.26313963532447815, 0.5835753679275513], [-0.2668456435203552, -0.8362851142883301, 0.4789784550666809, 0.5615817308425903], [0.0, 0.0, 0.0, 1.0]]}, "finger3joint2": {"matrix": [[0.09395739436149597, 0.1342756748199463, -0.9864795207977295, -2.4266936779022217], [0.905368447303772, -0.42366519570350647, 0.028564387932419777, 0.4491735100746155], [-0.41410157084465027, -0.895811140537262, -0.16137531399726868, -0.17199212312698364], [0.0, 0.0, 0.0, 1.0]]}, "finger3joint3": {"matrix": [[0.2650544345378876, 0.4473443925380707, -0.8541831374168396, -2.33980655670166], [0.8655206561088562, -0.5008339285850525, 0.006280730944126844, 0.17502811551094055], [-0.4249943494796753, -0.740977942943573, -0.5199338793754578, -0.7516538500785828], [0.0, 0.0, 0.0, 1.0]]}, "Bone.003": {"matrix": [[-0.6217383742332458, -0.5281122326850891, 0.5783931612968445, -1.5525134801864624], [0.7648480534553528, -0.5684199333190918, 0.3031603991985321, 0.6176321506500244], [0.16866758465766907, 0.630869448184967, 0.7573340535163879, 0.6418772339820862], [0.0, 0.0, 0.0, 1.0]]}, "finger4joint1": {"matrix": [[-0.2524231970310211, -0.6996266841888428, -0.6684343218803406, -1.7788728475570679], [0.7719555497169495, -0.5621169209480286, 0.29683175683021545, 0.3739962875843048], [-0.5834097266197205, -0.44107428193092346, 0.6819722652435303, 0.9122800827026367], [0.0, 0.0, 0.0, 1.0]]}, "finger4joint2": {"matrix": [[-0.28125500679016113, 0.08307817578315735, -0.9560298323631287, -2.473853349685669], [0.7644550204277039, -0.58282470703125, -0.2755424380302429, -0.184387668967247], [-0.5800893902778625, -0.8083396553993225, 0.10041305422782898, 0.4741349518299103], [0.0, 0.0, 0.0, 1.0]]}, "finger4joint3": {"matrix": [[-0.27317193150520325, 0.590993344783783, -0.7590147852897644, -2.439204454421997], [0.8142058849334717, -0.2781476676464081, -0.5096100568771362, -0.42746222019195557], [-0.5122942924499512, -0.7572057247161865, -0.405208021402359, 0.1370065063238144], [0.0, 0.0, 0.0, 1.0]]}}