{"root": {"matrix": [[0.46380865573883057, -0.8848639726638794, 0.04355807602405548, 0.0], [-0.16384902596473694, -0.1339932233095169, -0.977342963218689, -1.4901161193847656e-08], [0.8706520795822144, 0.4461631774902344, -0.20713138580322266, 2.9802322387695312e-08], [0.0, 0.0, 0.0, 1.0]]}, "carpals": {"matrix": [[-0.08916423469781876, -0.5358887314796448, -0.8395670056343079, 0.17787489295005798], [0.9883453845977783, 0.056813228875398636, -0.14122840762138367, -0.3918159604072571], [0.12338145822286606, -0.8423747420310974, 0.5245774984359741, 2.4289557933807373], [0.0, 0.0, 0.0, 1.0]]}, "metacarpals": {"matrix": [[-0.05982178822159767, -0.7925814986228943, -0.6068242192268372, -0.344077467918396], [0.992461621761322, 0.01791560836136341, -0.12123852968215942, -0.3364802300930023], [0.10696328431367874, -0.6095024347305298, 0.7855350375175476, 1.608487844467163], [0.0, 0.0, 0.0, 1.0]]}, "finger5joint1": {"matrix": [[-0.40363046526908875, -0.7232306599617004, -0.5603744983673096, -0.5362549424171448], [0.9006246328353882, -0.421932578086853, -0.10415371507406235, -0.45052570104599], [-0.16111284494400024, -0.5467268228530884, 0.8216642737388611, 0.9187514185905457], [0.0, 0.0, 0.0, 1.0]]}, "finger5joint2": {"matrix": [[-0.4255043864250183, -0.8608670234680176, 0.27902212738990784, -1.3001835346221924], [-0.09892012178897858, -0.2622336447238922, -0.9599208235740662, -0.8962013125419617], [0.8995333909988403, -0.4360513687133789, 0.02642417885363102, 0.34125906229019165], [0.0, 0.0, 0.0, 1.0]]}, "finger5joint3": {"matrix": [[-0.5187258124351501, -0.8531532883644104, 0.05524777993559837, -1.8918876647949219], [-0.06997071206569672, -0.022039875388145447, -0.9973053336143494, -1.0764436721801758], [0.8520722389221191, -0.5211937427520752, -0.04826337844133377, 0.04154565930366516], [0.0, 0.0, 0.0, 1.0]]}, "Bone": {"matrix": [[0.8222752213478088, -0.09331225603818893, -0.5613875389099121, -1.5815173387527466], [0.1459166407585144, 0.9880579113960266, 0.049494627863168716, -0.3085089921951294], [0.5500649809837341, -0.12261378020048141, 0.8260714411735535, 0.6568852663040161], [0.0, 0.0, 0.0, 1.0]]}, "finger1joint1": {"matrix": [[0.025423116981983185, -0.9682454466819763, -0.24870480597019196, -1.659170389175415], [0.9716903567314148, 0.0823894515633583, -0.2214265912771225, 0.513740599155426], [0.23488616943359375, -0.23603461682796478, 0.9429293870925903, 0.5548475384712219], [0.0, 0.0, 0.0, 1.0]]}, "finger1joint2": {"matrix": [[0.11929606646299362, -0.5769625902175903, -0.8080113530158997, -2.206401824951172], [0.9911234378814697, 0.02110832929611206, 0.13125847280025482, 0.5603052973747253], [-0.058675311505794525, -0.8164975643157959, 0.5743594169616699, 0.42144590616226196], [0.0, 0.0, 0.0, 1.0]]}, "finger1joint3": {"matrix": [[0.057939313352108, 0.7629754543304443, -0.6438254117965698, -2.4537363052368164], [0.9978756308555603, -0.02501811645925045, 0.060152873396873474, 0.5693541169166565], [0.029788032174110413, -0.6459430456161499, -0.7628040909767151, 0.07142683863639832], [0.0, 0.0, 0.0, 1.0]]}, "Bone.001": {"matrix": [[0.6699267625808716, -0.5654879212379456, -0.4810625910758972, -1.5815173387527466], [0.47633129358291626, 0.8243976831436157, -0.3057395815849304, -0.3085090219974518], [0.5694790482521057, -0.02432182803750038, 0.8216457366943359, 0.6568852663040161], [0.0, 0.0, 0.0, 1.0]]}, "finger2joint1": {"matrix": [[0.09228979051113129, -0.25674089789390564, -0.9620636105537415, -1.9399709701538086], [0.954425573348999, 0.2982080578804016, 0.011975795961916447, 0.21406319737434387], [0.28382065892219543, -0.9193234443664551, 0.27256178855895996, 0.6414681077003479], [0.0, 0.0, 0.0, 1.0]]}, "finger2joint2": {"matrix": [[0.1572044938802719, -0.13434173166751862, -0.9783858060836792, -2.1620900630950928], [0.9722747206687927, 0.19471798837184906, 0.1294858753681183, 0.47205761075019836], [0.17311419546604156, -0.9716154932975769, 0.1612277328968048, -0.153883695602417], [0.0, 0.0, 0.0, 1.0]]}, "finger2joint3": {"matrix": [[0.22754696011543274, 0.06841762363910675, -0.9713603854179382, -2.213088274002075], [0.9727067947387695, 0.030564773827791214, 0.23001515865325928, 0.5459756851196289], [0.045426711440086365, -0.9971882700920105, -0.059595245867967606, -0.5227248072624207], [0.0, 0.0, 0.0, 1.0]]}, "Bone.002": {"matrix": [[0.09337467700242996, -0.9221501350402832, -0.37539324164390564, -1.581517219543457], [0.9209917187690735, 0.22323238849639893, -0.31928274035453796, -0.3085089921951294], [0.37822678685188293, -0.31592097878456116, 0.8701369166374207, 0.6568852663040161], [0.0, 0.0, 0.0, 1.0]]}, "finger3joint1": {"matrix": [[0.07368007302284241, -0.6511105298995972, -0.7553979754447937, -1.970212697982788], [0.9711262583732605, 0.2191808521747589, -0.09419993311166763, -0.2144142985343933], [0.22690363228321075, -0.7266460061073303, 0.6484598517417908, 0.5237213969230652], [0.0, 0.0, 0.0, 1.0]]}, "finger3joint2": {"matrix": [[-0.0009541247272863984, 0.21474410593509674, -0.9766697883605957, -2.5413548946380615], [0.9964803457260132, 0.08206982165575027, 0.017071394249796867, -0.02215290255844593], [0.08382140845060349, -0.9732159376144409, -0.2140664905309677, -0.11367911100387573], [0.0, 0.0, 0.0, 1.0]]}, "finger3joint3": {"matrix": [[0.17395585775375366, 0.6395463943481445, -0.7488120794296265, -2.4023983478546143], [0.9822455644607544, -0.05845297873020172, 0.17826078832149506, 0.030952859669923782], [0.07023603469133377, -0.766526997089386, -0.6383597254753113, -0.7434278726577759], [0.0, 0.0, 0.0, 1.0]]}, "Bone.003": {"matrix": [[-0.6140530109405518, -0.6652911305427551, 0.42464858293533325, -1.581517219543457], [0.5577874183654785, -0.7464520931243896, -0.3628807067871094, -0.308508962392807], [0.558401346206665, 0.014035545289516449, 0.8294521570205688, 0.6568852663040161], [0.0, 0.0, 0.0, 1.0]]}, "finger4joint1": {"matrix": [[-0.062171414494514465, -0.9076974987983704, -0.4149933159351349, -1.8666739463806152], [0.9931250810623169, -0.014943111687898636, -0.11609899252653122, -0.6284528374671936], [0.09918177872896194, -0.4193583130836487, 0.9023864269256592, 0.6629011631011963], [0.0, 0.0, 0.0, 1.0]]}, "finger4joint2": {"matrix": [[-0.09096434712409973, 0.41578951478004456, -0.9049000144004822, -2.768343448638916], [0.9900944232940674, 0.1353456825017929, -0.03733907639980316, -0.6432967782020569], [0.10694941133260727, -0.8993332982063293, -0.4239824712276459, 0.24632777273654938], [0.0, 0.0, 0.0, 1.0]]}, "finger4joint3": {"matrix": [[-0.11196520179510117, 0.9885837435722351, -0.10082384943962097, -2.594933032989502], [0.9758569002151489, 0.1285334676504135, 0.176584392786026, -0.5868490934371948], [0.18752801418304443, -0.07861849665641785, -0.9791077971458435, -0.128750741481781], [0.0, 0.0, 0.0, 1.0]]}}