{"root": {"matrix": [[0.5038974285125732, -0.8107226490974426, 0.2980204224586487, -5.960464477539063e-08], [0.39730873703956604, -0.08881241828203201, -0.9133773446083069, 0.0], [0.7669636011123657, 0.5786545872688293, 0.27735477685928345, 5.960464477539063e-08], [0.0, 0.0, 0.0, 1.0]]}, "carpals": {"matrix": [[-0.34717532992362976, -0.6079452633857727, -0.7140529155731201, 0.3124970495700836], [0.9330437183380127, -0.3005107343196869, -0.19779442250728607, 0.9142599701881409], [-0.09433221817016602, -0.7349119186401367, 0.6715695261955261, 2.2696828842163086], [0.0, 0.0, 0.0, 1.0]]}, "metacarpals": {"matrix": [[-0.43531355261802673, -0.7603719830513, -0.48201271891593933, -0.2796379327774048], [0.9002771377563477, -0.36870846152305603, -0.23141972720623016, 0.6215643286705017], [-0.001756944926455617, -0.5346851348876953, 0.8450493216514587, 1.5538830757141113], [0.0, 0.0, 0.0, 1.0]]}, "finger5joint1": {"matrix": [[-0.4333445727825165, -0.7582048177719116, -0.48717305064201355, -0.43889206647872925], [0.8996910452842712, -0.33239203691482544, -0.282969206571579, 0.3483845293521881], [0.05261634290218353, -0.5609282851219177, 0.8261904120445251, 0.9014370441436768], [0.0, 0.0, 0.0, 1.0]]}, "finger5joint2": {"matrix": [[-0.3909647762775421, -0.8982500433921814, 0.2007301151752472, -1.2397629022598267], [-0.2901664674282074, -0.08667904883623123, -0.9530425071716309, -0.002711959183216095], [0.8734697699546814, -0.430851012468338, -0.2267538160085678, 0.3089440166950226], [0.0, 0.0, 0.0, 1.0]]}, "finger5joint3": {"matrix": [[-0.48356929421424866, -0.8737183213233948, -0.05269080400466919, -1.8571614027023315], [-0.24408023059368134, 0.1924087256193161, -0.9504753947257996, -0.062289509922266006], [0.8405861258506775, -0.44675976037979126, -0.30630049109458923, 0.012804985046386719], [0.0, 0.0, 0.0, 1.0]]}, "Bone": {"matrix": [[0.7220138311386108, -0.47324058413505554, -0.5047168731689453, -1.466789722442627], [0.5215777158737183, 0.8515960574150085, -0.05235292389988899, 0.04590803384780884], [0.4545903503894806, -0.22544941306114197, 0.8616958856582642, 0.7190911173820496], [0.0, 0.0, 0.0, 1.0]]}, "finger1joint1": {"matrix": [[-0.3453383147716522, -0.9280375242233276, -0.13959729671478271, -1.8606148958206177], [0.9310691952705383, -0.3201461732387543, -0.1749756634235382, 0.7545957565307617], [0.11769255995750427, -0.19040045142173767, 0.9746259450912476, 0.5314748883247375], [0.0, 0.0, 0.0, 1.0]]}, "finger1joint2": {"matrix": [[-0.267808735370636, -0.21577440202236176, -0.9389992356300354, -2.3851213455200195], [0.9463477730751038, -0.24184341728687286, -0.21433085203170776, 0.5736560821533203], [-0.18084360659122467, -0.9460195302963257, 0.2689655125141144, 0.4238646924495697], [0.0, 0.0, 0.0, 1.0]]}, "finger1joint3": {"matrix": [[-0.35342979431152344, 0.8298028111457825, -0.4318731427192688, -2.4776203632354736], [0.9280085563659668, 0.2528536915779114, -0.2736152112483978, 0.46998172998428345], [-0.11784587800502777, -0.49748581647872925, -0.8594300150871277, 0.018321692943572998], [0.0, 0.0, 0.0, 1.0]]}, "Bone.001": {"matrix": [[0.45447179675102234, -0.8410751819610596, -0.29333874583244324, -1.466789722442627], [0.7688805460929871, 0.5366790294647217, -0.34756022691726685, 0.045908063650131226], [0.449753075838089, -0.06758598238229752, 0.8905918598175049, 0.7190911173820496], [0.0, 0.0, 0.0, 1.0]]}, "finger2joint1": {"matrix": [[-0.2630399167537689, -0.25012537837028503, -0.9317976832389832, -1.9999336004257202], [0.939414918422699, 0.1536259651184082, -0.3064284920692444, 0.3861001133918762], [0.21979399025440216, -0.9559476375579834, 0.1945618838071823, 0.6762495040893555], [0.0, 0.0, 0.0, 1.0]]}, "finger2joint2": {"matrix": [[-0.1973412185907364, -0.09549614042043686, -0.9756723642349243, -2.2163290977478027], [0.9737399220466614, 0.09615348279476166, -0.2063615471124649, 0.5190094709396362], [0.11352116614580154, -0.9907746911048889, 0.07401345670223236, -0.1507876217365265], [0.0, 0.0, 0.0, 1.0]]}, "finger2joint3": {"matrix": [[-0.11901822686195374, 0.15217626094818115, -0.9811608791351318, -2.2525813579559326], [0.9928602576255798, 0.010340608656406403, -0.11883354932069778, 0.5555108785629272], [-0.007937727496027946, -0.9882990717887878, -0.15232038497924805, -0.5269019603729248], [0.0, 0.0, 0.0, 1.0]]}, "Bone.002": {"matrix": [[-0.2561400234699249, -0.9480029344558716, -0.18889778852462769, -1.466789722442627], [0.9306880235671997, -0.18905958533287048, -0.3131714463233948, 0.045908063650131226], [0.26117464900016785, -0.2560204863548279, 0.9307206869125366, 0.7190911173820496], [0.0, 0.0, 0.0, 1.0]]}, "finger3joint1": {"matrix": [[-0.24036788940429688, -0.6336517333984375, -0.7353287935256958, -1.8663825988769531], [0.9549033641815186, -0.018326574936509132, -0.29635095596313477, -0.03378245234489441], [0.17430739104747772, -0.7734010219573975, 0.6094813346862793, 0.6111758947372437], [0.0, 0.0, 0.0, 1.0]]}, "finger3joint2": {"matrix": [[-0.30882972478866577, 0.1078476756811142, -0.9449830055236816, -2.422210216522217], [0.9507607221603394, 0.06221308559179306, -0.3036177456378937, -0.04985818266868591], [0.0260460302233696, -0.9922187924385071, -0.12175045907497406, -0.06723713874816895], [0.0, 0.0, 0.0, 1.0]]}, "finger3joint3": {"matrix": [[-0.13978278636932373, 0.4860246479511261, -0.8626937866210938, -2.352423906326294], [0.9901773929595947, 0.06587330996990204, -0.12332727760076523, -0.009601323865354061], [-0.0031114413868635893, -0.8714589476585388, -0.4904583692550659, -0.709282398223877], [0.0, 0.0, 0.0, 1.0]]}, "Bone.003": {"matrix": [[-0.7602891325950623, -0.3232879042625427, 0.563422679901123, -1.4667898416519165], [0.3554858863353729, -0.933022677898407, -0.05566484481096268, 0.04590809345245361], [0.5436819791793823, 0.15796740353107452, 0.8242912292480469, 0.7190911173820496], [0.0, 0.0, 0.0, 1.0]]}, "finger4joint1": {"matrix": [[-0.37321317195892334, -0.8881461024284363, -0.2681564688682556, -1.6053574085235596], [0.92740797996521, -0.3493567407131195, -0.13365712761878967, -0.3540036082267761], [0.02502497471868992, -0.29857298731803894, 0.9540584683418274, 0.7867990136146545], [0.0, 0.0, 0.0, 1.0]]}, "finger4joint2": {"matrix": [[-0.39858272671699524, 0.0038325057830661535, -0.9171240329742432, -2.487605094909668], [0.9164019227027893, 0.04156256094574928, -0.3980952203273773, -0.7010402679443359], [0.0365925058722496, -0.9991283416748047, -0.020078085362911224, 0.49020883440971375], [0.0, 0.0, 0.0, 1.0]]}, "finger4joint3": {"matrix": [[-0.3840627372264862, 0.7104799151420593, -0.589672327041626, -2.486006736755371], [0.9155005812644958, 0.37590786814689636, -0.1433587372303009, -0.6837060451507568], [0.11980915814638138, -0.594904363155365, -0.7948170304298401, 0.07350946962833405], [0.0, 0.0, 0.0, 1.0]]}}