{"root": {"matrix": [[0.5159883499145508, -0.5793566703796387, 0.6309531331062317, 0.0], [0.8563316464424133, 0.3305959403514862, -0.39673975110054016, 0.0], [0.02126331813633442, 0.7450182437896729, 0.6667050719261169, 5.960464477539063e-08], [0.0, 0.0, 0.0, 1.0]]}, "carpals": {"matrix": [[-0.4139690101146698, -0.8416866064071655, -0.34668856859207153, 0.5288747549057007], [0.8706763982772827, -0.47724324464797974, 0.11900113523006439, 2.3047683238983154], [-0.2656164765357971, -0.25259077548980713, 0.9304007887840271, 0.7023672461509705], [0.0, 0.0, 0.0, 1.0]]}, "metacarpals": {"matrix": [[-0.8153725266456604, -0.5741100907325745, -0.07459805905818939, -0.29092299938201904], [0.5779645442962646, -0.8146812915802002, -0.0474475622177124, 1.839936375617981], [-0.03353350609540939, -0.08180243521928787, 0.9960841536521912, 0.4563453793525696], [0.0, 0.0, 0.0, 1.0]]}, "finger5joint1": {"matrix": [[-0.6643710136413574, -0.7451279759407043, -0.05826740711927414, -0.4447929859161377], [0.7459728121757507, -0.6562612652778625, -0.11333828419446945, 1.293128252029419], [0.046212904155254364, -0.11876454204320908, 0.9918463230133057, 0.005790531635284424], [0.0, 0.0, 0.0, 1.0]]}, "finger5joint2": {"matrix": [[-0.03763682395219803, -0.9147841334342957, -0.4021848440170288, -1.2318509817123413], [-0.06910756230354309, 0.4038895070552826, -0.9121935367584229, 0.5999375581741333], [0.9968987703323364, -0.006537989247590303, -0.07841958850622177, -0.11965716630220413], [0.0, 0.0, 0.0, 1.0]]}, "finger5joint3": {"matrix": [[-0.10067316889762878, -0.7951074242591858, -0.5980536937713623, -1.8606140613555908], [0.01922481693327427, 0.5994411706924438, -0.8001876473426819, 0.8775449991226196], [0.9947335124015808, -0.09205490350723267, -0.04506178945302963, -0.12415093928575516], [0.0, 0.0, 0.0, 1.0]]}, "Bone": {"matrix": [[0.44550180435180664, -0.8770506381988525, -0.17974986135959625, -1.1872682571411133], [0.895236611366272, 0.4344137907028198, 0.09917575865983963, 0.5679926872253418], [-0.008896381594240665, -0.20510165393352509, 0.9787001013755798, 0.3286290764808655], [0.0, 0.0, 0.0, 1.0]]}, "finger1joint1": {"matrix": [[-0.3679332435131073, -0.6462268829345703, -0.6685922741889954, -1.9171390533447266], [0.8681890368461609, 0.01873326115310192, -0.4958796799182892, 0.9295064806938171], [0.3329757750034332, -0.7629151940345764, 0.554154634475708, 0.15794596076011658], [0.0, 0.0, 0.0, 1.0]]}, "finger1joint2": {"matrix": [[-0.1339060664176941, -0.11936075985431671, -0.9837793707847595, -2.28237247467041], [0.9773898720741272, 0.14801819622516632, -0.15099504590034485, 0.9400941133499146], [0.16364014148712158, -0.9817553162574768, 0.09684149920940399, -0.2732371389865875], [0.0, 0.0, 0.0, 1.0]]}, "finger1joint3": {"matrix": [[-0.2283783107995987, 0.4643254280090332, -0.8557131290435791, -2.333540439605713], [0.9509813785552979, 0.29463863372802734, -0.09392762929201126, 1.0035470724105835], [0.20851320028305054, -0.8352184295654297, -0.5088539123535156, -0.694099485874176], [0.0, 0.0, 0.0, 1.0]]}, "Bone.001": {"matrix": [[0.09802339226007462, -0.9836066365242004, 0.1513569951057434, -1.1872682571411133], [0.9944691061973572, 0.09105002880096436, -0.052352696657180786, 0.5679926872253418], [0.037713389843702316, 0.15565171837806702, 0.9870916604995728, 0.3286290466785431], [0.0, 0.0, 0.0, 1.0]]}, "finger2joint1": {"matrix": [[-0.735613226890564, -0.6741710305213928, 0.06607680767774582, -1.810760498046875], [0.6759036779403687, -0.7240028977394104, 0.13774535059928894, 0.6257078647613525], [-0.045024119317531586, 0.14598894119262695, 0.9882609844207764, 0.42729413509368896], [0.0, 0.0, 0.0, 1.0]]}, "finger2joint2": {"matrix": [[-0.7965111136436462, -0.14001567661762238, -0.5881881713867188, -2.3940186500549316], [0.5920279026031494, -0.3781449794769287, -0.7116945385932922, -0.0006625056266784668], [-0.12277202308177948, -0.9150965213775635, 0.38409000635147095, 0.5535963177680969], [0.0, 0.0, 0.0, 1.0]]}, "finger2joint3": {"matrix": [[-0.7515502572059631, 0.536488950252533, -0.3838637173175812, -2.4471709728240967], [0.6059565544128418, 0.3314315676689148, -0.7231662273406982, -0.14421255886554718], [-0.26074615120887756, -0.776100754737854, -0.5741766095161438, 0.2062106430530548], [0.0, 0.0, 0.0, 1.0]]}, "Bone.002": {"matrix": [[-0.6179653406143188, -0.7517333030700684, 0.2302509993314743, -1.1872681379318237], [0.7769894599914551, -0.628653883934021, 0.032887157052755356, 0.5679926872253418], [0.12002585083246231, 0.19922581315040588, 0.972575306892395, 0.3286290466785431], [0.0, 0.0, 0.0, 1.0]]}, "finger3joint1": {"matrix": [[-0.4363502860069275, -0.7963904142379761, -0.4187606871128082, -1.5041314363479614], [0.8894773125648499, -0.3115743100643158, -0.33429256081581116, 0.3030087649822235], [0.13575232028961182, -0.5183467864990234, 0.8443268537521362, 0.41260474920272827], [0.0, 0.0, 0.0, 1.0]]}, "finger3joint2": {"matrix": [[-0.5402103662490845, -0.13245026767253876, -0.8310412168502808, -2.2027103900909424], [0.841310441493988, -0.062442339956760406, -0.5369335412979126, 0.029701542109251022], [0.019224848598241806, -0.9892207384109497, 0.1451638787984848, -0.04207956790924072], [0.0, 0.0, 0.0, 1.0]]}, "finger3joint3": {"matrix": [[-0.39866238832473755, 0.2895166873931885, -0.8702000379562378, -2.2884163856506348], [0.915473222732544, 0.06917636841535568, -0.39638787508010864, -0.010703666135668755], [-0.05456364154815674, -0.9546699523925781, -0.29262274503707886, -0.6821846961975098], [0.0, 0.0, 0.0, 1.0]]}, "Bone.003": {"matrix": [[-0.6752553582191467, 0.24254576861858368, 0.6965640187263489, -1.1872681379318237], [0.21305705606937408, -0.839988112449646, 0.4990256726741791, 0.5679926872253418], [0.7061421275138855, 0.4853777587413788, 0.5155304670333862, 0.3286290764808655], [0.0, 0.0, 0.0, 1.0]]}, "finger4joint1": {"matrix": [[-0.5636675953865051, -0.8259697556495667, -0.00722633209079504, -1.0833083391189575], [0.8258011341094971, -0.563701868057251, 0.017102209851145744, 0.20795747637748718], [-0.018199386075139046, 0.0036724426317960024, 0.99982750415802, 0.5366714000701904], [0.0, 0.0, 0.0, 1.0]]}, "finger4joint2": {"matrix": [[-0.5824877023696899, -0.5255433917045593, -0.6200899481773376, -1.9037928581237793], [0.8128384351730347, -0.37548255920410156, -0.44531574845314026, -0.352000892162323], [0.0011997951660305262, -0.7634242177009583, 0.6458961367607117, 0.5403194427490234], [0.0, 0.0, 0.0, 1.0]]}, "finger4joint3": {"matrix": [[-0.5276517868041992, -0.2161673605442047, -0.8214953541755676, -2.1229777336120605], [0.8476647138595581, -0.07113944739103317, -0.5257407426834106, -0.508600652217865], [0.05520731210708618, -0.9737610220909119, 0.22077442705631256, 0.22192354500293732], [0.0, 0.0, 0.0, 1.0]]}}