{"root": {"matrix": [[0.08403442800045013, -0.9610909819602966, 0.26313936710357666, -5.960464477539063e-08], [0.27645859122276306, -0.2312197983264923, -0.9327958226203918, -1.4901161193847656e-08], [0.9573447108268738, 0.15113408863544464, 0.24627137184143066, 0.0], [0.0, 0.0, 0.0, 1.0]]}, "carpals": {"matrix": [[-0.23356083035469055, -0.0589946024119854, -0.9705507755279541, -0.7802736759185791], [0.9490721821784973, -0.23089595139026642, -0.21435712277889252, 0.5037530064582825], [-0.21145015954971313, -0.9711881279945374, 0.10991839319467545, 2.285255193710327], [0.0, 0.0, 0.0, 1.0]]}, "metacarpals": {"matrix": [[-0.13758496940135956, -0.8190650343894958, -0.5569583177566528, -0.8377341032028198], [0.9854723811149597, -0.16972392797470093, 0.006156252231448889, 0.27886173129081726], [-0.09957138448953629, -0.5480200052261353, 0.8305174112319946, 1.339323878288269], [0.0, 0.0, 0.0, 1.0]]}, "finger5joint1": {"matrix": [[-0.32890984416007996, -0.538066565990448, -0.7760814428329468, -1.0518934726715088], [0.9365284442901611, -0.291474312543869, -0.19482597708702087, 0.006556451320648193], [-0.12137828022241592, -0.7909024953842163, 0.5997833609580994, 0.7024090886116028], [0.0, 0.0, 0.0, 1.0]]}, "finger5joint2": {"matrix": [[-0.7540660500526428, -0.5558839440345764, 0.3498239815235138, -1.620238184928894], [-0.21635615825653076, -0.2926609516143799, -0.9314179420471191, -0.30131977796554565], [0.6201401948928833, -0.7780371308326721, 0.10041651129722595, -0.13299930095672607], [0.0, 0.0, 0.0, 1.0]]}, "finger5joint3": {"matrix": [[-0.8207782506942749, -0.5318815112113953, 0.2083854079246521, -2.00231671333313], [-0.19112473726272583, -0.08807933330535889, -0.9776058197021484, -0.502475917339325], [0.5383250117301941, -0.8422251343727112, -0.029362352564930916, -0.6677715182304382], [0.0, 0.0, 0.0, 1.0]]}, "Bone": {"matrix": [[0.8321160674095154, -0.181341290473938, -0.5241163372993469, -2.1165220737457275], [0.318770170211792, 0.9297175407409668, 0.18442025780677795, 0.01387554407119751], [0.4538370966911316, -0.32053157687187195, 0.8314390778541565, 0.48371246457099915], [0.0, 0.0, 0.0, 1.0]]}, "finger1joint1": {"matrix": [[0.1422075480222702, -0.2790362536907196, -0.9496923089027405, -2.2674319744110107], [0.9276767373085022, 0.3722132444381714, 0.029548214748501778, 0.7875750064849854], [0.3452431261539459, -0.8852093815803528, 0.31178703904151917, 0.2169700562953949], [0.0, 0.0, 0.0, 1.0]]}, "finger1joint2": {"matrix": [[0.43014827370643616, 0.13038653135299683, -0.8932925462722778, -2.4251372814178467], [0.8670008778572083, 0.21606820821762085, 0.4490256905555725, 0.9979418516159058], [0.2515590786933899, -0.9676329493522644, -0.020103752613067627, -0.28333109617233276], [0.0, 0.0, 0.0, 1.0]]}, "finger1joint3": {"matrix": [[0.3323957622051239, 0.5642701983451843, -0.7557195425033569, -2.3692426681518555], [0.8995039463043213, 0.05124068260192871, 0.43389758467674255, 1.090566873550415], [0.283559113740921, -0.8239983320236206, -0.49053090810775757, -0.6981394290924072], [0.0, 0.0, 0.0, 1.0]]}, "Bone.001": {"matrix": [[0.653728723526001, -0.6330195069313049, -0.4146381616592407, -2.1165218353271484], [0.633884072303772, 0.7573575973510742, -0.1568448841571808, 0.01387554407119751], [0.4133152663707733, -0.16029837727546692, 0.8963673710823059, 0.48371246457099915], [0.0, 0.0, 0.0, 1.0]]}, "finger2joint1": {"matrix": [[0.11602000147104263, -0.3087325096130371, -0.9440462589263916, -2.517782688140869], [0.9471814036369324, 0.32048821449279785, 0.011595718562602997, 0.4939521849155426], [0.2989758551120758, -0.8955283164978027, 0.32960882782936096, 0.38210195302963257], [0.0, 0.0, 0.0, 1.0]]}, "finger2joint2": {"matrix": [[0.17436879873275757, 0.9351680278778076, -0.3083115518093109, -2.7848823070526123], [0.967141330242157, -0.10381822288036346, 0.23207630217075348, 0.7712222337722778], [0.18502211570739746, -0.338647723197937, -0.922542154788971, -0.3926634192466736], [0.0, 0.0, 0.0, 1.0]]}, "finger2joint3": {"matrix": [[0.3073257803916931, 0.5282107591629028, 0.7915453314781189, -2.429877281188965], [0.9242198467254639, -0.36379146575927734, -0.11607429385185242, 0.7318111658096313], [0.2266458421945572, 0.7672343850135803, -0.5999854207038879, -0.5212196707725525], [0.0, 0.0, 0.0, 1.0]]}, "Bone.002": {"matrix": [[0.03363407403230667, -0.9514228105545044, -0.306044340133667, -2.1165218353271484], [0.9848136305809021, 0.08373627811670303, -0.15208680927753448, 0.013875585049390793], [0.17032600939273834, -0.29628118872642517, 0.9397904872894287, 0.48371249437332153], [0.0, 0.0, 0.0, 1.0]]}, "finger3joint1": {"matrix": [[0.02160492353141308, -0.46795231103897095, -0.8834894895553589, -2.5175564289093018], [0.9982365369796753, 0.05897006392478943, -0.006823359988629818, 0.04917126148939133], [0.05529259890317917, -0.8817838430404663, 0.46840113401412964, 0.35882702469825745], [0.0, 0.0, 0.0, 1.0]]}, "finger3joint2": {"matrix": [[-0.018403975293040276, 0.657118558883667, -0.7535624504089355, -2.9280354976654053], [0.9945064187049866, -0.06564653664827347, -0.08153330534696579, 0.10089871287345886], [-0.10304561257362366, -0.7509231567382812, -0.6523002982139587, -0.41465750336647034], [0.0, 0.0, 0.0, 1.0]]}, "finger3joint3": {"matrix": [[0.14120568335056305, 0.9480895400047302, -0.28493350744247437, -2.5028269290924072], [0.9895551204681396, -0.14360731840133667, 0.012557987123727798, 0.05842013284564018], [-0.029012270271778107, -0.28373077511787415, -0.9584647417068481, -0.9005650281906128], [0.0, 0.0, 0.0, 1.0]]}, "Bone.003": {"matrix": [[-0.631660521030426, -0.5990836024284363, 0.4920403063297272, -2.1165218353271484], [0.6186457276344299, -0.772025465965271, -0.14578819274902344, 0.013875603675842285], [0.46720701456069946, 0.21230991184711456, 0.8582783937454224, 0.48371249437332153], [0.0, 0.0, 0.0, 1.0]]}, "finger4joint1": {"matrix": [[-0.43004846572875977, -0.4738958775997162, -0.768427312374115, -2.373300790786743], [0.8137171268463135, -0.5721433758735657, -0.10254901647567749, -0.3170294165611267], [-0.39105287194252014, -0.6693836450576782, 0.6316666603088379, 0.5747126340866089], [0.0, 0.0, 0.0, 1.0]]}, "finger4joint2": {"matrix": [[-0.45555686950683594, 0.8488882780075073, -0.2680600881576538, -2.8440494537353516], [0.7982559204101562, 0.256259024143219, -0.5450858473777771, -0.8853732943534851], [-0.39402395486831665, -0.4622982442378998, -0.7943707704544067, -0.09022563695907593], [0.0, 0.0, 0.0, 1.0]]}, "finger4joint3": {"matrix": [[-0.5205745697021484, 0.7205424308776855, 0.4580613672733307, -2.4900097846984863], [0.7820795178413391, 0.6176563501358032, -0.08277662098407745, -0.7784972190856934], [-0.34256839752197266, 0.31514906883239746, -0.8850578665733337, -0.2830330431461334], [0.0, 0.0, 0.0, 1.0]]}}