{"root": {"matrix": [[0.5634069442749023, -0.660300076007843, 0.4965646266937256, 0.0], [0.6432303190231323, -0.02661779709160328, -0.7652099132537842, -1.862645149230957e-09], [0.5184856653213501, 0.7505300045013428, 0.4097283184528351, 0.0], [0.0, 0.0, 0.0, 1.0]]}, "carpals": {"matrix": [[-0.5641621351242065, -0.6379278898239136, -0.5241839289665222, 0.5719907283782959], [0.8254016637802124, -0.45174694061279297, -0.33858034014701843, 1.5146243572235107], [-0.020808544009923935, -0.6236764788627625, 0.7814053297042847, 1.8611085414886475], [0.0, 0.0, 0.0, 1.0]]}, "metacarpals": {"matrix": [[-0.7235497832298279, -0.6719685792922974, -0.1579037755727768, -0.0493471622467041], [0.6514467000961304, -0.5891079306602478, -0.4780888259410858, 1.0746256113052368], [0.22823841869831085, -0.4487869143486023, 0.864000678062439, 1.2536513805389404], [0.0, 0.0, 0.0, 1.0]]}, "finger5joint1": {"matrix": [[-0.444585919380188, -0.8666138052940369, -0.2265467494726181, -0.24090445041656494], [0.756870687007904, -0.2281852662563324, -0.6124362349510193, 0.8208035230636597], [0.47905123233795166, -0.44374704360961914, 0.7573626041412354, 0.6020726561546326], [0.0, 0.0, 0.0, 1.0]]}, "finger5joint2": {"matrix": [[-0.1679535210132599, -0.9506044387817383, 0.26104018092155457, -1.1562845706939697], [-0.6225211024284363, -0.1030474603176117, -0.7757889032363892, 0.579777717590332], [0.7643681168556213, -0.2927993834018707, -0.5744644403457642, 0.13335493206977844], [0.0, 0.0, 0.0, 1.0]]}, "finger5joint3": {"matrix": [[-0.2700795531272888, -0.9621152877807617, 0.037288010120391846, -1.8096684217453003], [-0.5857638120651245, 0.13344986736774445, -0.7994195222854614, 0.5089495778083801], [0.7641578912734985, -0.23774872720241547, -0.5996146202087402, -0.06789634376764297], [0.0, 0.0, 0.0, 1.0]]}, "Bone": {"matrix": [[0.5630595088005066, -0.7906970977783203, -0.2403368353843689, -1.0984766483306885], [0.720958948135376, 0.6121318340301514, -0.3248271048069, 0.1548646092414856], [0.40395766496658325, 0.00962411891669035, 0.9147268533706665, 0.5529704689979553], [0.0, 0.0, 0.0, 1.0]]}, "finger1joint1": {"matrix": [[0.01816607639193535, -0.9522090554237366, -0.3049059510231018, -1.7564849853515625], [0.7326493263244629, 0.22019311785697937, -0.6440029740333557, 0.6642731428146362], [0.6803637146949768, -0.2116900235414505, 0.7016354203224182, 0.5609794855117798], [0.0, 0.0, 0.0, 1.0]]}, "finger1joint2": {"matrix": [[0.12917520105838776, -0.25894418358802795, -0.957215428352356, -2.2946531772613525], [0.8893812298774719, 0.45715171098709106, -0.003646658267825842, 0.7887215614318848], [0.43853694200515747, -0.8508583903312683, 0.2893528640270233, 0.44133687019348145], [0.0, 0.0, 0.0, 1.0]]}, "finger1joint3": {"matrix": [[0.04098346829414368, 0.6660048961639404, -0.7448204755783081, -2.405658006668091], [0.8670660257339478, 0.34672245383262634, 0.3577430546283722, 0.9846948981285095], [0.49650466442108154, -0.6604701280593872, -0.5632601976394653, 0.07658787071704865], [0.0, 0.0, 0.0, 1.0]]}, "Bone.001": {"matrix": [[0.22984708845615387, -0.9710358381271362, 0.06526391208171844, -1.0984766483306885], [0.8418854475021362, 0.1647375524044037, -0.5138970613479614, 0.15486454963684082], [0.4882611036300659, 0.17306260764598846, 0.8553654551506042, 0.5529704689979553], [0.0, 0.0, 0.0, 1.0]]}, "finger2joint1": {"matrix": [[-0.6143605709075928, -0.7882556915283203, 0.0348379947245121, -1.7140002250671387], [0.7394832968711853, -0.5906230211257935, -0.3229994475841522, 0.259289026260376], [0.2751823663711548, -0.1726759374141693, 0.9457575678825378, 0.6626719832420349], [0.0, 0.0, 0.0, 1.0]]}, "finger2joint2": {"matrix": [[-0.6837062239646912, -0.18352873623371124, -0.7063021063804626, -2.39595890045166], [0.7097142338752747, 0.05805252492427826, -0.7020936012268066, -0.2516878843307495], [0.16985709965229034, -0.9812984466552734, 0.09056221693754196, 0.5132815837860107], [0.0, 0.0, 0.0, 1.0]]}, "finger2joint3": {"matrix": [[-0.634381115436554, 0.5757132172584534, -0.5158628225326538, -2.4656293392181396], [0.7715652585029602, 0.5124974846839905, -0.37687286734580994, -0.22965019941329956], [0.047407787293195724, -0.6371030211448669, -0.7693190574645996, 0.14076459407806396], [0.0, 0.0, 0.0, 1.0]]}, "Bone.002": {"matrix": [[-0.513374924659729, -0.8438728451728821, 0.15596310794353485, -1.0984766483306885], [0.7262830138206482, -0.5240526795387268, -0.4448390305042267, 0.1548645794391632], [0.4571205973625183, -0.11509574204683304, 0.8819260001182556, 0.5529704093933105], [0.0, 0.0, 0.0, 1.0]]}, "finger3joint1": {"matrix": [[-0.4998669922351837, -0.7481199502944946, -0.43640491366386414, -1.4541774988174438], [0.7701941728591919, -0.15349364280700684, -0.619064450263977, -0.0660289078950882], [0.396149218082428, -0.6455662846565247, 0.6529240608215332, 0.5044564604759216], [0.0, 0.0, 0.0, 1.0]]}, "finger3joint2": {"matrix": [[-0.5945624709129333, -0.19877509772777557, -0.7790915966033936, -2.110414505004883], [0.7596620917320251, 0.17861893773078918, -0.625307023525238, -0.20067068934440613], [0.2634561359882355, -0.9636303186416626, 0.04480188339948654, -0.06182241439819336], [0.0, 0.0, 0.0, 1.0]]}, "finger3joint3": {"matrix": [[-0.4641992449760437, 0.13790801167488098, -0.8749286532402039, -2.2390379905700684], [0.8619109392166138, 0.2978762686252594, -0.4103405773639679, -0.08508990705013275], [0.2040313482284546, -0.9445903897285461, -0.2571382224559784, -0.685368537902832], [0.0, 0.0, 0.0, 1.0]]}, "Bone.003": {"matrix": [[-0.6928145885467529, 0.0867694690823555, 0.7158762216567993, -1.0984766483306885], [-0.02415402978658676, -0.9949696660041809, 0.09722159057855606, 0.1548645794391632], [0.7207110524177551, 0.05006522685289383, 0.6914252638816833, 0.5529704689979553], [0.0, 0.0, 0.0, 1.0]]}, "finger4joint1": {"matrix": [[-0.428038090467453, -0.897584855556488, 0.10547155141830444, -1.0612854957580566], [0.8446611166000366, -0.4388229250907898, -0.306564599275589, -0.2715987265110016], [0.32145124673843384, -0.04213351756334305, 0.945988118648529, 0.5744293928146362], [0.0, 0.0, 0.0, 1.0]]}, "finger4joint2": {"matrix": [[-0.4463845491409302, -0.5885136723518372, -0.6740859150886536, -1.9529097080230713], [0.8283025622367859, 0.013303986750543118, -0.5601228475570679, -0.7075074315071106], [0.33860814571380615, -0.8083774447441101, 0.4815289378166199, 0.5325756669044495], [0.0, 0.0, 0.0, 1.0]]}, "finger4joint3": {"matrix": [[-0.38600996136665344, -0.023504910990595818, -0.92219477891922, -2.198356866836548], [0.8324348330497742, 0.42193904519081116, -0.35919272899627686, -0.7019588947296143], [0.3975529074668884, -0.9063193202018738, -0.14330627024173737, 0.19543145596981049], [0.0, 0.0, 0.0, 1.0]]}}