{"root": {"matrix": [[0.4108736217021942, -0.8705016374588013, 0.27094241976737976, 0.0], [0.011662255972623825, -0.2921435534954071, -0.9563033580780029, 2.9802322387695312e-08], [0.9116176962852478, 0.3960796296596527, -0.10988213866949081, 0.0], [0.0, 0.0, 0.0, 1.0]]}, "carpals": {"matrix": [[-0.5399247407913208, -0.712461531162262, -0.4481958746910095, 0.0466577410697937], [0.7471476793289185, -0.16045400500297546, -0.6449998021125793, -0.15206727385520935], [0.3876229524612427, -0.6831198334693909, 0.6189470291137695, 2.4616425037384033], [0.0, 0.0, 0.0, 1.0]]}, "metacarpals": {"matrix": [[-0.8523458242416382, -0.4549659490585327, -0.2578997313976288, -0.6472755074501038], [0.34337782859802246, -0.1149042472243309, -0.932141900062561, -0.30834853649139404], [0.39445924758911133, -0.883064329624176, 0.2541632056236267, 1.7962877750396729], [0.0, 0.0, 0.0, 1.0]]}, "finger5joint1": {"matrix": [[-0.7909684777259827, -0.5889744162559509, -0.1657640039920807, -0.6512615084648132], [0.37280580401420593, -0.24909308552742004, -0.8938502669334412, -0.05071896314620972], [0.48516449332237244, -0.768805205821991, 0.4165976941585541, 1.1185815334320068], [0.0, 0.0, 0.0, 1.0]]}, "finger5joint2": {"matrix": [[-0.002311104442924261, -0.840893566608429, 0.5411949157714844, -1.273378849029541], [-0.8647547364234924, -0.27010297775268555, -0.4233713150024414, -0.31382912397384644], [0.502188503742218, -0.46897923946380615, -0.7265428900718689, 0.3065139055252075], [0.0, 0.0, 0.0, 1.0]]}, "finger5joint3": {"matrix": [[-0.11059444397687912, -0.9231550693511963, 0.36817508935928345, -1.8513544797897339], [-0.8615680932998657, -0.09561868011951447, -0.49855494499206543, -0.49948036670684814], [0.49544787406921387, -0.3723452091217041, -0.7847864627838135, -0.01583196222782135], [0.0, 0.0, 0.0, 1.0]]}, "Bone": {"matrix": [[0.3380107581615448, -0.8639700412750244, -0.3732348382472992, -1.357603669166565], [0.2449808269739151, 0.4636755585670471, -0.8514629602432251, -0.4877459406852722], [0.9086984395980835, 0.1963684856891632, 0.3683833181858063, 0.4175792336463928], [0.0, 0.0, 0.0, 1.0]]}, "finger1joint1": {"matrix": [[-0.7413380146026611, -0.5883135795593262, -0.3229626715183258, -2.0765886306762695], [0.30394744873046875, 0.13472887873649597, -0.9431139230728149, -0.10188088566064835], [0.5983592867851257, -0.7973297834396362, 0.07893665879964828, 0.5809946656227112], [0.0, 0.0, 0.0, 1.0]]}, "finger1joint2": {"matrix": [[-0.5958932042121887, 0.019742116332054138, -0.8028208613395691, -2.409090995788574], [0.5738974809646606, 0.7097548246383667, -0.4085213840007782, -0.025735050439834595], [0.5617411136627197, -0.7041718363761902, -0.43426793813705444, 0.1303611397743225], [0.0, 0.0, 0.0, 1.0]]}, "finger1joint3": {"matrix": [[-0.6744546890258789, 0.6145861744880676, -0.40913882851600647, -2.400627613067627], [0.5031476020812988, 0.788149356842041, 0.354489803314209, 0.2785252034664154], [0.540327250957489, 0.03323015198111534, -0.8407983779907227, -0.17150574922561646], [0.0, 0.0, 0.0, 1.0]]}, "Bone.001": {"matrix": [[-0.020722422748804092, -0.9991637468338013, -0.035242218524217606, -1.357603669166565], [0.28517988324165344, 0.027878116816282272, -0.9580683708190918, -0.4877459704875946], [0.9582498073577881, -0.029903782531619072, 0.2843635380268097, 0.4175792634487152], [0.0, 0.0, 0.0, 1.0]]}, "finger2joint1": {"matrix": [[-0.6556792259216309, -0.2692205011844635, -0.7054110169410706, -1.9909570217132568], [0.09197063744068146, 0.8988354206085205, -0.4285278022289276, -0.47007447481155396], [0.7494170069694519, -0.345853716135025, -0.564587414264679, 0.3986237347126007], [0.0, 0.0, 0.0, 1.0]]}, "finger2joint2": {"matrix": [[-0.6093325018882751, -0.07757538557052612, -0.7891107201576233, -2.2238729000091553], [0.2120831459760666, 0.9429973363876343, -0.25646916031837463, 0.3075520396232605], [0.7640252113342285, -0.3236319124698639, -0.5581465363502502, 0.09940873831510544], [0.0, 0.0, 0.0, 1.0]]}, "finger2joint3": {"matrix": [[-0.5412459373474121, 0.18218357861042023, -0.8208907246589661, -2.253321886062622], [0.340905100107193, 0.9399585723876953, -0.016163557767868042, 0.6655293703079224], [0.7686587572097778, -0.28859418630599976, -0.5708560347557068, -0.023447245359420776], [0.0, 0.0, 0.0, 1.0]]}, "Bone.002": {"matrix": [[-0.710975170135498, -0.7023388147354126, 0.0351325087249279, -1.3576035499572754], [0.2388853132724762, -0.2882079482078552, -0.927291750907898, -0.4877459406852722], [0.6613986492156982, -0.6508886814117432, 0.3726869225502014, 0.4175792932510376], [0.0, 0.0, 0.0, 1.0]]}, "finger3joint1": {"matrix": [[-0.8029254674911499, -0.5822651386260986, 0.12758475542068481, -1.653646469116211], [0.35029885172843933, -0.6341006755828857, -0.6893525719642639, -0.6092285513877869], [0.48228785395622253, -0.5088059306144714, 0.7131022214889526, 0.1432231068611145], [0.0, 0.0, 0.0, 1.0]]}, "finger3joint2": {"matrix": [[-0.8892307281494141, -0.1720135658979416, -0.42388659715652466, -2.164398431777954], [0.2721013128757477, 0.5459856390953064, -0.7923765778541565, -1.1654499769210815], [0.3677358031272888, -0.8199454545974731, -0.43870213627815247, -0.30309200286865234], [0.0, 0.0, 0.0, 1.0]]}, "finger3joint3": {"matrix": [[-0.8127079606056213, 0.20833386480808258, -0.5441529750823975, -2.275705337524414], [0.4282242953777313, 0.8468700647354126, -0.31533336639404297, -0.8121533393859863], [0.39513254165649414, -0.4892933964729309, -0.7774715423583984, -0.8336626291275024], [0.0, 0.0, 0.0, 1.0]]}, "Bone.003": {"matrix": [[-0.8169741034507751, 0.23601017892360687, 0.5261675119400024, -1.3576035499572754], [-0.48793119192123413, -0.769225001335144, -0.4125724732875824, -0.4877459704875946], [0.3073699474334717, -0.5937947630882263, 0.7435935139656067, 0.4175792336463928], [0.0, 0.0, 0.0, 1.0]]}, "finger4joint1": {"matrix": [[-0.7565031051635742, -0.6494984030723572, 0.07651443034410477, -1.256445050239563], [0.4043833017349243, -0.5565074682235718, -0.7257915139198303, -0.817450761795044], [0.5139815807342529, -0.5181223750114441, 0.6836459040641785, 0.16306725144386292], [0.0, 0.0, 0.0, 1.0]]}, "finger4joint2": {"matrix": [[-0.7695742249488831, -0.5211394429206848, -0.36901038885116577, -1.901630163192749], [0.3774295449256897, 0.09490428864955902, -0.9211622476577759, -1.3702625036239624], [0.5150749087333679, -0.8481781482696533, 0.12365753203630447, -0.3516142964363098], [0.0, 0.0, 0.0, 1.0]]}, "finger4joint3": {"matrix": [[-0.7181097269058228, -0.2609412670135498, -0.6451569199562073, -2.1189780235290527], [0.3816691040992737, 0.6275207996368408, -0.6786354780197144, -1.3306814432144165], [0.5819336771965027, -0.7335712313652039, -0.35103559494018555, -0.7053579092025757], [0.0, 0.0, 0.0, 1.0]]}}