{"root": {"matrix": [[0.40763139724731445, -0.830898106098175, 0.3787413239479065, 0.0], [0.7156343460083008, 0.5483132004737854, 0.4326893985271454, 0.0], [-0.567189633846283, 0.09466255456209183, 0.8181289434432983, 0.0], [0.0, 0.0, 0.0, 1.0]]}, "carpals": {"matrix": [[-0.18726412951946259, -0.3599945306777954, -0.9139670729637146, 0.06597065925598145], [0.024292193353176117, -0.9318392276763916, 0.3620568811893463, 2.106440544128418], [-0.9820091128349304, 0.045597922056913376, 0.18324518203735352, -1.2820065021514893], [0.0, 0.0, 0.0, 1.0]]}, "metacarpals": {"matrix": [[-0.43016117811203003, -0.7516981363296509, -0.49991101026535034, -0.28466176986694336], [-0.2467089146375656, -0.43479663133621216, 0.8660751581192017, 1.1988348960876465], [-0.8683870434761047, 0.495884507894516, 0.0015820625703781843, -1.2375943660736084], [0.0, 0.0, 0.0, 1.0]]}, "finger5joint1": {"matrix": [[-0.5979567766189575, -0.7633530497550964, -0.2444165050983429, -0.43250733613967896], [-0.3760764002799988, -0.0020899262744933367, 0.9265860915184021, 0.637723445892334], [-0.7078234553337097, 0.6459779143333435, -0.28582942485809326, -0.8028870224952698], [0.0, 0.0, 0.0, 1.0]]}, "finger5joint2": {"matrix": [[0.4608347713947296, -0.8317230343818665, 0.30962446331977844, -1.2388159036636353], [0.7812524437904358, 0.5456979870796204, 0.30308035016059875, 0.6355160474777222], [-0.42104044556617737, 0.1022249087691307, 0.9012628793716431, -0.12055842578411102], [0.0, 0.0, 0.0, 1.0]]}, "finger5joint3": {"matrix": [[0.3634283244609833, -0.9247673153877258, -0.11280278861522675, -1.8104883432388306], [0.8109084963798523, 0.2544020414352417, 0.5269784927368164, 1.010593295097351], [-0.4586353600025177, -0.2829919159412384, 0.8423591256141663, -0.050295643508434296], [0.0, 0.0, 0.0, 1.0]]}, "Bone": {"matrix": [[0.715785026550293, -0.463929146528244, -0.5219398736953735, -1.4582712650299072], [0.3166486322879791, -0.4505390226840973, 0.8347142338752747, 0.5199965238571167], [-0.6224026083946228, -0.7627478241920471, -0.17558658123016357, -0.4633810520172119], [0.0, 0.0, 0.0, 1.0]]}, "finger1joint1": {"matrix": [[-0.19405561685562134, -0.5547835826873779, -0.8090471625328064, -1.8443474769592285], [0.03525850921869278, -0.8281362056732178, 0.5594165325164795, 0.14506354928016663], [-0.9803566932678223, 0.08003199845552444, 0.18026535212993622, -1.0981303453445435], [0.0, 0.0, 0.0, 1.0]]}, "finger1joint2": {"matrix": [[0.07261402159929276, -0.2808530926704407, -0.9569997191429138, -2.1578991413116455], [-0.12017835676670074, -0.9550052285194397, 0.2711491882801056, -0.3229811191558838], [-0.9900931119918823, 0.09532130509614944, -0.10309930145740509, -1.0528980493545532], [0.0, 0.0, 0.0, 1.0]]}, "finger1joint3": {"matrix": [[-0.014423015527427197, 0.16015753149986267, -0.9869859218597412, -2.2782962322235107], [-0.056982770562171936, -0.9856160879135132, -0.1591024100780487, -0.732376217842102], [-0.9982710480690002, 0.053946353495121, 0.02334168367087841, -1.0120352506637573], [0.0, 0.0, 0.0, 1.0]]}, "Bone.001": {"matrix": [[0.44977569580078125, -0.8365653157234192, -0.31282564997673035, -1.4582712650299072], [0.24163754284381866, -0.22321318089962006, 0.9443445801734924, 0.5199965834617615], [-0.8598330020904541, -0.5003339052200317, 0.10174982249736786, -0.4633810222148895], [0.0, 0.0, 0.0, 1.0]]}, "finger2joint1": {"matrix": [[0.1448768824338913, -0.823066771030426, -0.5491551756858826, -1.9885565042495728], [0.2982259690761566, -0.49287641048431396, 0.8173944354057312, 0.3785053789615631], [-0.9434360861778259, -0.282194048166275, 0.17405357956886292, -0.7805345058441162], [0.0, 0.0, 0.0, 1.0]]}, "finger2joint2": {"matrix": [[0.11997843533754349, 0.12081273645162582, -0.9853979349136353, -2.700631618499756], [0.1756133884191513, -0.979498028755188, -0.0987071767449379, -0.04790610074996948], [-0.9771208167076111, -0.1612064391374588, -0.13873504102230072, -1.024674415588379], [0.0, 0.0, 0.0, 1.0]]}, "finger2joint3": {"matrix": [[0.22060859203338623, 0.9485481977462769, -0.22712935507297516, -2.6547694206237793], [0.0702211856842041, -0.24770858883857727, -0.9662861824035645, -0.41973960399627686], [-0.9728312492370605, 0.19722183048725128, -0.12125492841005325, -1.0858709812164307], [0.0, 0.0, 0.0, 1.0]]}, "Bone.002": {"matrix": [[-0.2560543119907379, -0.9437962770462036, -0.20900820195674896, -1.4582712650299072], [0.0026712496764957905, -0.21690617501735687, 0.9761886596679688, 0.5199965834617615], [-0.9666587114334106, 0.24939900636672974, 0.05806097760796547, -0.4633810222148895], [0.0, 0.0, 0.0, 1.0]]}, "finger3joint1": {"matrix": [[-0.35372933745384216, -0.9178841710090637, 0.1798996925354004, -1.856090784072876], [-0.1988988220691681, 0.2617509067058563, 0.9444180130958557, 0.42856842279434204], [-0.9139556884765625, 0.2982865869998932, -0.27515503764152527, -0.35825684666633606], [0.0, 0.0, 0.0, 1.0]]}, "finger3joint2": {"matrix": [[-0.5011264681816101, 0.24884934723377228, -0.8288220167160034, -2.6612420082092285], [-0.1914929747581482, -0.9659065008163452, -0.17422647774219513, 0.658171534538269], [-0.8439210653305054, 0.07140403240919113, 0.5316943526268005, -0.09660536050796509], [0.0, 0.0, 0.0, 1.0]]}, "finger3joint3": {"matrix": [[-0.3416392505168915, 0.9397834539413452, 0.009449208155274391, -2.500216484069824], [-0.2071506530046463, -0.06549125164747238, -0.9761143922805786, 0.03315243870019913], [-0.9167177081108093, -0.3354364335536957, 0.21705108880996704, -0.05040120333433151], [0.0, 0.0, 0.0, 1.0]]}, "Bone.003": {"matrix": [[-0.7688937783241272, -0.33155152201652527, 0.5466952919960022, -1.4582712650299072], [0.41570380330085754, 0.3904210925102234, 0.8214386701583862, 0.5199965238571167], [-0.4857906997203827, 0.8588626384735107, -0.16236506402492523, -0.4633810222148895], [0.0, 0.0, 0.0, 1.0]]}, "finger4joint1": {"matrix": [[0.01745479367673397, -0.8737090229988098, -0.4861350655555725, -1.6003806591033936], [0.012524782679975033, -0.4859797954559326, 0.8738800287246704, 0.687338650226593], [-0.9997691512107849, -0.02134222723543644, 0.002460367511957884, -0.0952557846903801], [0.0, 0.0, 0.0, 1.0]]}, "finger4joint2": {"matrix": [[-0.011968555860221386, 0.11378695070743561, -0.9934328198432922, -2.468287467956543], [0.018253721296787262, -0.9933136105537415, -0.11399299651384354, 0.2045862227678299], [-0.9997616410255432, -0.019498247653245926, 0.009811430238187313, -0.1164562776684761], [0.0, 0.0, 0.0, 1.0]]}, "finger4joint3": {"matrix": [[-0.006851928308606148, 0.5441824793815613, -0.8389385938644409, -2.4208312034606934], [0.10242630541324615, -0.8341638445854187, -0.5419216156005859, -0.20968803763389587], [-0.9947168231010437, -0.08964265137910843, -0.05002307891845703, -0.12458828091621399], [0.0, 0.0, 0.0, 1.0]]}}