{"root": {"matrix": [[0.40103769302368164, -0.15384960174560547, -0.903049886226654, 0.0], [-0.6571134328842163, -0.7351567149162292, -0.16657297313213348, 0.0], [-0.6382560133934021, 0.6602081656455994, -0.3959222137928009, 5.960464477539063e-08], [0.0, 0.0, 0.0, 1.0]]}, "carpals": {"matrix": [[0.5479887127876282, -0.8203024864196777, 0.16374385356903076, 0.8578723669052124], [0.8048893213272095, 0.5703814029693604, 0.16376186907291412, -2.186901092529297], [-0.22773078083992004, 0.04205600544810295, 0.9728153347969055, -0.7526647448539734], [0.0, 0.0, 0.0, 1.0]]}, "metacarpals": {"matrix": [[-0.10565533488988876, -0.7640447616577148, 0.6364530324935913, 0.058902621269226074], [0.32822486758232117, 0.577369749546051, 0.7476043701171875, -1.6313530206680298], [-0.9386720061302185, 0.2878880798816681, 0.1897762417793274, -0.7117024660110474], [0.0, 0.0, 0.0, 1.0]]}, "finger5joint1": {"matrix": [[0.15389478206634521, -0.887829601764679, 0.43367597460746765, -0.6203914880752563], [0.2895370423793793, 0.4601580500602722, 0.8392988443374634, -1.6669981479644775], [-0.9447139501571655, -0.0035984357818961143, 0.32787543535232544, -0.4607766568660736], [0.0, 0.0, 0.0, 1.0]]}, "finger5joint2": {"matrix": [[0.5208832621574402, -0.6668082475662231, -0.5329604744911194, -1.5581811666488647], [0.7673513889312744, 0.6392840147018433, -0.04987146705389023, -1.180945873260498], [0.37396785616874695, -0.3829907476902008, 0.8446689248085022, -0.4645776152610779], [0.0, 0.0, 0.0, 1.0]]}, "finger5joint3": {"matrix": [[0.4849065840244293, -0.4953291714191437, -0.7207732796669006, -2.0165019035339355], [0.8252575397491455, 0.5319722890853882, 0.18961766362190247, -0.7415435314178467], [0.28950822353363037, -0.6867706179618835, 0.6667312383651733, -0.7278205156326294], [0.0, 0.0, 0.0, 1.0]]}, "Bone": {"matrix": [[0.6819584965705872, -0.3314465284347534, 0.6519782543182373, -1.1339832544326782], [-0.5808743834495544, 0.2962271273136139, 0.758178174495697, -0.7299184799194336], [-0.4444291293621063, -0.895763635635376, 0.009485764428973198, -0.26222920417785645], [0.0, 0.0, 0.0, 1.0]]}, "finger1joint1": {"matrix": [[0.04236474260687828, -0.9770112633705139, 0.20893563330173492, -1.4098091125488281], [0.2570337951183319, 0.2127424031496048, 0.9426950812339783, -0.483401894569397], [-0.9654732346534729, 0.013766437768936157, 0.2601376175880432, -1.0076725482940674], [0.0, 0.0, 0.0, 1.0]]}, "finger1joint2": {"matrix": [[-0.003726891241967678, -0.5182722806930542, -0.8552075624465942, -1.9619945287704468], [-0.04648807272315025, -0.8541989922523499, 0.5178635716438293, -0.3631645143032074], [-0.9989117980003357, 0.041687022894620895, -0.020910028368234634, -0.9998921751976013], [0.0, 0.0, 0.0, 1.0]]}, "finger1joint3": {"matrix": [[-0.07130078226327896, -0.10308390855789185, -0.9921138286590576, -2.184169292449951], [0.037566013634204865, -0.9942170977592468, 0.10060262680053711, -0.7293456196784973], [-0.9967471361160278, -0.03009665198624134, 0.07476086914539337, -0.9820216298103333], [0.0, 0.0, 0.0, 1.0]]}, "Bone.001": {"matrix": [[0.6014397144317627, -0.31216979026794434, 0.7354047298431396, -1.1339833736419678], [-0.35269811749458313, 0.7221947908401489, 0.5950112342834473, -0.7299184799194336], [-0.7168499827384949, -0.6172392964363098, 0.3242549002170563, -0.26222923398017883], [0.0, 0.0, 0.0, 1.0]]}, "finger2joint1": {"matrix": [[-0.011738859117031097, -0.3862895965576172, 0.922302782535553, -1.3318626880645752], [0.22836364805698395, 0.8969544172286987, 0.3785795271396637, -0.2721310257911682], [-0.973504900932312, 0.21506446599960327, 0.07768525183200836, -0.6534871459007263], [0.0, 0.0, 0.0, 1.0]]}, "finger2joint2": {"matrix": [[-0.13180558383464813, -0.502493143081665, 0.8544751405715942, -1.6660606861114502], [0.27257418632507324, 0.8103950023651123, 0.5186163783073425, 0.5038681626319885], [-0.9530636668205261, 0.30126431584358215, 0.030152039602398872, -0.4674243927001953], [0.0, 0.0, 0.0, 1.0]]}, "finger2joint3": {"matrix": [[-0.2643894553184509, -0.6590043902397156, 0.7041386365890503, -1.8568154573440552], [0.3162880539894104, 0.6304880976676941, 0.7088344693183899, 0.8115073442459106], [-0.9110761284828186, 0.410118967294693, 0.04174075275659561, -0.35305947065353394], [0.0, 0.0, 0.0, 1.0]]}, "Bone.002": {"matrix": [[0.20178267359733582, -0.5532902479171753, 0.8081791996955872, -1.1339833736419678], [0.24143807590007782, 0.8277877569198608, 0.5064334273338318, -0.7299184799194336], [-0.9492055773735046, 0.092935711145401, 0.3006184995174408, -0.26222923398017883], [0.0, 0.0, 0.0, 1.0]]}, "finger3joint1": {"matrix": [[0.03245900943875313, -0.09246115386486053, 0.9951870441436768, -1.3672007322311401], [0.1762523055076599, 0.980636715888977, 0.08536075055599213, -0.3809976279735565], [-0.9838097095489502, 0.17263323068618774, 0.04812692850828171, -0.2230559140443802], [0.0, 0.0, 0.0, 1.0]]}, "finger3joint2": {"matrix": [[-0.021200474351644516, -0.962829053401947, -0.2692781686782837, -1.4483058452606201], [0.3256498873233795, -0.26130080223083496, 0.9086659550666809, 0.47919875383377075], [-0.9452526569366455, -0.06842619925737381, 0.31908485293388367, -0.0716252326965332], [0.0, 0.0, 0.0, 1.0]]}, "finger3joint3": {"matrix": [[-0.023359060287475586, -0.377699077129364, -0.9256337285041809, -2.071333646774292], [0.15483617782592773, -0.9160809516906738, 0.36989346146583557, 0.310116171836853], [-0.9876639246940613, -0.13468116521835327, 0.07988027483224869, -0.11590246856212616], [0.0, 0.0, 0.0, 1.0]]}, "Bone.003": {"matrix": [[0.28516608476638794, 0.00934450514614582, 0.9584326148033142, -1.1339832544326782], [0.859572172164917, 0.4399026334285736, -0.26004067063331604, -0.7299185395240784], [-0.42404696345329285, 0.897996723651886, 0.11741302907466888, -0.2622292637825012], [0.0, 0.0, 0.0, 1.0]]}, "finger4joint1": {"matrix": [[0.21983106434345245, -0.7394239902496338, 0.6363381743431091, -1.129978060722351], [0.06354860961437225, 0.6617632508277893, 0.7470143437385559, -0.5413676500320435], [-0.9734657406806946, -0.1237785741686821, 0.19246543943881989, 0.12266961485147476], [0.0, 0.0, 0.0, 1.0]]}, "finger4joint2": {"matrix": [[0.21507014334201813, -0.7324333786964417, -0.645976722240448, -1.8644917011260986], [0.09311471879482269, -0.6430630683898926, 0.7601310014724731, 0.11600083112716675], [-0.972149133682251, -0.2236313819885254, -0.07010334730148315, -0.00028695911169052124], [0.0, 0.0, 0.0, 1.0]]}, "finger4joint3": {"matrix": [[0.2846367061138153, -0.09619949758052826, -0.9537962675094604, -2.1699624061584473], [0.1351180076599121, -0.9809933304786682, 0.1392650306224823, -0.1521969437599182], [-0.949065089225769, -0.16851498186588287, -0.26622840762138367, -0.09355530142784119], [0.0, 0.0, 0.0, 1.0]]}}