{"root": {"matrix": [[0.5244991779327393, -0.8204956650733948, 0.22734883427619934, 0.0], [0.6168587803840637, 0.18215802311897278, -0.7657046914100647, 0.0], [0.5868440270423889, 0.5418536067008972, 0.6016716361045837, 0.0], [0.0, 0.0, 0.0, 1.0]]}, "carpals": {"matrix": [[0.03469391539692879, -0.5907096862792969, -0.80613774061203, 0.3574666976928711], [0.7110804915428162, -0.5522053837776184, 0.4352398216724396, 1.6593947410583496], [-0.7022539973258972, -0.5883289575576782, 0.40088409185409546, 1.7898638248443604], [0.0, 0.0, 0.0, 1.0]]}, "metacarpals": {"matrix": [[0.20954790711402893, -0.7949981093406677, -0.5692691802978516, -0.2178809642791748], [0.5034648180007935, -0.4113636612892151, 0.7598046064376831, 1.1215499639511108], [-0.838219940662384, -0.4458223581314087, 0.3140532374382019, 1.2168350219726562], [0.0, 0.0, 0.0, 1.0]]}, "finger5joint1": {"matrix": [[0.29607778787612915, -0.8715899586677551, -0.39072826504707336, -0.474151611328125], [0.5202304124832153, -0.1959221363067627, 0.8312488794326782, 0.48589763045310974], [-0.8010606169700623, -0.4493829309940338, 0.3954194486141205, 0.9803053140640259], [0.0, 0.0, 0.0, 1.0]]}, "finger5joint2": {"matrix": [[-0.1753670871257782, -0.785564124584198, -0.5934093594551086, -1.3947880268096924], [0.7825452089309692, 0.25451627373695374, -0.5681938529014587, 0.2789505124092102], [0.5973851084709167, -0.5640119910240173, 0.5701059103012085, 0.505634605884552], [0.0, 0.0, 0.0, 1.0]]}, "finger5joint3": {"matrix": [[-0.21500106155872345, -0.637446403503418, -0.7398891448974609, -1.9347338676452637], [0.8329775333404541, 0.2758030295372009, -0.47966739535331726, 0.4538884460926056], [0.5098260045051575, -0.7194399833679199, 0.4716808795928955, 0.11796939373016357], [0.0, 0.0, 0.0, 1.0]]}, "Bone": {"matrix": [[0.8630856871604919, 0.1624135822057724, -0.47823071479797363, -1.459093689918518], [0.4184436798095703, 0.30028510093688965, 0.857166051864624, 0.47929704189300537], [0.28282085061073303, -0.9399204850196838, 0.19121086597442627, 0.520782470703125], [0.0, 0.0, 0.0, 1.0]]}, "finger1joint1": {"matrix": [[0.5091982483863831, -0.8549368381500244, -0.09899377822875977, -1.3239352703094482], [0.64473557472229, 0.3027288019657135, 0.7019054293632507, 0.7291907072067261], [-0.5701166987419128, -0.42123377323150635, 0.7053572535514832, -0.26140767335891724], [0.0, 0.0, 0.0, 1.0]]}, "finger1joint2": {"matrix": [[0.5321560502052307, -0.765275776386261, -0.362163782119751, -1.8071269989013672], [0.3942369520664215, -0.15457724034786224, 0.9059156179428101, 0.9002864360809326], [-0.7492576837539673, -0.6248667240142822, 0.21944086253643036, -0.49947986006736755], [0.0, 0.0, 0.0, 1.0]]}, "finger1joint3": {"matrix": [[0.5204582810401917, -0.12815965712070465, -0.8442144393920898, -2.135188102722168], [0.4893590807914734, -0.76543790102005, 0.4178905487060547, 0.8340216875076294], [-0.6997506022453308, -0.6306185722351074, -0.33566224575042725, -0.7673499584197998], [0.0, 0.0, 0.0, 1.0]]}, "Bone.001": {"matrix": [[0.804347038269043, -0.32942119240760803, -0.4944766163825989, -1.459093689918518], [0.5933299660682678, 0.40137308835983276, 0.697752833366394, 0.47929707169532776], [-0.03138503432273865, -0.8546232581138611, 0.5182988047599792, 0.5207825303077698], [0.0, 0.0, 0.0, 1.0]]}, "finger2joint1": {"matrix": [[0.33419764041900635, -0.3997339904308319, -0.8535363078117371, -1.6679084300994873], [0.5603402256965637, -0.6439103484153748, 0.5209588408470154, 0.7337208986282349], [-0.7578458786010742, -0.6523739695549011, 0.008793813176453114, -0.020949244499206543], [0.0, 0.0, 0.0, 1.0]]}, "finger2joint2": {"matrix": [[0.37412136793136597, -0.31451523303985596, -0.8724179267883301, -2.013737678527832], [0.44926363229751587, -0.7615085244178772, 0.46719029545783997, 0.1766425371170044], [-0.8112923502922058, -0.5667314529418945, -0.14359627664089203, -0.5853498578071594], [0.0, 0.0, 0.0, 1.0]]}, "finger2joint3": {"matrix": [[0.4120248556137085, -0.15794327855110168, -0.8973789811134338, -2.1331331729888916], [0.3154017925262451, -0.8992548584938049, 0.30308786034584045, -0.11243852972984314], [-0.8548431992530823, -0.4079146683216095, -0.32069969177246094, -0.8004904389381409], [0.0, 0.0, 0.0, 1.0]]}, "Bone.002": {"matrix": [[0.3545175790786743, -0.8482765555381775, -0.393375039100647, -1.4590938091278076], [0.6940897107124329, -0.04315781593322754, 0.7185936570167542, 0.47929707169532776], [-0.6265434622764587, -0.5277915000915527, 0.5734798908233643, 0.520782470703125], [0.0, 0.0, 0.0, 1.0]]}, "finger3joint1": {"matrix": [[0.2868654727935791, -0.9514158964157104, 0.11187368631362915, -1.8166508674621582], [0.5447524189949036, 0.2580728232860565, 0.7978993058204651, 0.4611055850982666], [-0.7880057692527771, -0.16794610023498535, 0.5923181772232056, 0.29831308126449585], [0.0, 0.0, 0.0, 1.0]]}, "finger3joint2": {"matrix": [[0.12825776636600494, 0.25432196259498596, -0.9585770964622498, -2.651215076446533], [0.5473381280899048, -0.8241789937019348, -0.1454305648803711, 0.6874822974205017], [-0.827025294303894, -0.5060131549835205, -0.2449071705341339, 0.15099386870861053], [0.0, 0.0, 0.0, 1.0]]}, "finger3joint3": {"matrix": [[0.3000872731208801, 0.8980801701545715, -0.32155758142471313, -2.4866485595703125], [0.5224249362945557, -0.43677398562431335, -0.7323256134986877, 0.15417233109474182], [-0.7981351613998413, 0.051771603524684906, -0.6002496480941772, -0.17643728852272034], [0.0, 0.0, 0.0, 1.0]]}, "Bone.003": {"matrix": [[-0.4114009737968445, -0.8359689116477966, 0.3631872832775116, -1.4590938091278076], [0.8279865384101868, -0.17619386315345764, 0.5323476791381836, 0.47929710149765015], [-0.38103458285331726, 0.5197226405143738, 0.7646573185920715, 0.520782470703125], [0.0, 0.0, 0.0, 1.0]]}, "finger4joint1": {"matrix": [[0.3278801739215851, -0.737485408782959, -0.5904315114021301, -1.817406415939331], [0.5603159666061401, -0.35138022899627686, 0.7500519156455994, 0.40377700328826904], [-0.7606183886528015, -0.5767552256584167, 0.29801440238952637, 0.7435457706451416], [0.0, 0.0, 0.0, 1.0]]}, "finger4joint2": {"matrix": [[0.29942601919174194, 0.13486245274543762, -0.9445399045944214, -2.5499939918518066], [0.5664930939674377, -0.8217113018035889, 0.06225763261318207, 0.05473026633262634], [-0.7677429914474487, -0.5537169575691223, -0.32244017720222473, 0.17062073945999146], [0.0, 0.0, 0.0, 1.0]]}, "finger4joint3": {"matrix": [[0.3009643256664276, 0.7302867770195007, -0.6132709383964539, -2.4937479496002197], [0.6318663954734802, -0.6343734860420227, -0.4453256130218506, -0.287975013256073], [-0.7142582535743713, -0.25347837805747986, -0.6523674130439758, -0.06031405180692673], [0.0, 0.0, 0.0, 1.0]]}}