{"root": {"matrix": [[0.37458789348602295, -0.9271880388259888, -0.002507496392354369, 0.0], [0.2021961361169815, 0.08432681113481522, -0.9757078289985657, 0.0], [0.9048760533332825, 0.3649813234806061, 0.21906156837940216, 2.9802322387695312e-08], [0.0, 0.0, 0.0, 1.0]]}, "carpals": {"matrix": [[0.19364435970783234, -0.550274133682251, -0.8122192025184631, -0.06014406681060791], [0.9090284705162048, -0.21075694262981415, 0.35951170325279236, 0.6494969725608826], [-0.36901068687438965, -0.8079477548599243, 0.45940306782722473, 2.3789749145507812], [0.0, 0.0, 0.0, 1.0]]}, "metacarpals": {"matrix": [[0.31487298011779785, -0.8510909080505371, -0.4201178550720215, -0.5961077213287354], [0.7656004428863525, -0.03387060761451721, 0.6424240469932556, 0.44422098994255066], [-0.5609908103942871, -0.5239243507385254, 0.6409307718276978, 1.592038869857788], [0.0, 0.0, 0.0, 1.0]]}, "finger5joint1": {"matrix": [[-0.059135809540748596, -0.6256501078605652, -0.7778589725494385, -0.9642258882522583], [0.7164494395256042, -0.5692097544670105, 0.40336132049560547, 0.026283085346221924], [-0.6951278448104858, -0.5334435701370239, 0.4819074869155884, 1.127827763557434], [0.0, 0.0, 0.0, 1.0]]}, "finger5joint2": {"matrix": [[-0.807748556137085, -0.5894845128059387, 0.0070564355701208115, -1.6250828504562378], [0.37140965461730957, -0.5181513428688049, -0.7704373598098755, -0.5749574303627014], [0.457817405462265, -0.619698703289032, 0.6374762058258057, 0.5643660426139832], [0.0, 0.0, 0.0, 1.0]]}, "finger5joint3": {"matrix": [[-0.8584105372428894, -0.49456512928009033, -0.1361473947763443, -2.0302560329437256], [0.3632654547691345, -0.39870622754096985, -0.8420636653900146, -0.9311010241508484], [0.3621727228164673, -0.7722939848899841, 0.5219119787216187, 0.13842540979385376], [0.0, 0.0, 0.0, 1.0]]}, "Bone": {"matrix": [[0.9219567179679871, 0.2317822426557541, -0.31027811765670776, -1.9248969554901123], [0.09726743400096893, 0.6368957161903381, 0.7647894024848938, 0.3913395404815674], [0.3748793303966522, -0.7352826595306396, 0.564645528793335, 0.7740474343299866], [0.0, 0.0, 0.0, 1.0]]}, "finger1joint1": {"matrix": [[0.48134541511535645, -0.5383610725402832, -0.6917178630828857, -1.7320106029510498], [0.7939440011978149, -0.06661828607320786, 0.6043301224708557, 0.9213563203811646], [-0.37142884731292725, -0.840076744556427, 0.39536231756210327, 0.16215425729751587], [0.0, 0.0, 0.0, 1.0]]}, "finger1joint2": {"matrix": [[0.6797589659690857, -0.3482350707054138, -0.6454919576644897, -2.036280632019043], [0.5734251141548157, -0.2963896691799164, 0.7637648582458496, 0.8837050795555115], [-0.45728686451911926, -0.8893173336982727, -0.0017865998670458794, -0.31263887882232666], [0.0, 0.0, 0.0, 1.0]]}, "finger1joint3": {"matrix": [[0.6232089996337891, 0.013237903825938702, -0.7819432020187378, -2.185563325881958], [0.6583113670349121, -0.5486377477645874, 0.5153861045837402, 0.7566477060317993], [-0.4221809208393097, -0.8359553217887878, -0.35063040256500244, -0.6938745975494385], [0.0, 0.0, 0.0, 1.0]]}, "Bone.001": {"matrix": [[0.9025825262069702, -0.23333315551280975, -0.3618012070655823, -1.9248969554901123], [0.39645758271217346, 0.778091311454773, 0.48723214864730835, 0.3913395404815674], [0.16782696545124054, -0.5832059383392334, 0.7947984337806702, 0.7740474939346313], [0.0, 0.0, 0.0, 1.0]]}, "finger2joint1": {"matrix": [[0.4646381735801697, -0.21975259482860565, -0.8577994108200073, -2.072803020477295], [0.7842357158660889, -0.3477216362953186, 0.5138713717460632, 0.884558916091919], [-0.4111998677253723, -0.9114812612533569, 0.010773254558444023, 0.40436267852783203], [0.0, 0.0, 0.0, 1.0]]}, "finger2joint2": {"matrix": [[0.5201368927955627, -0.030698532238602638, -0.8535308241844177, -2.2629215717315674], [0.6987195014953613, -0.5594192147254944, 0.4459160268306732, 0.5837279558181763], [-0.4911704957485199, -0.8283160328865051, -0.26952478289604187, -0.38420435786247253], [0.0, 0.0, 0.0, 1.0]]}, "finger2joint3": {"matrix": [[0.5873542428016663, 0.17046111822128296, -0.7911748290061951, -2.2745754718780518], [0.5872869491577148, -0.7624021172523499, 0.271729439496994, 0.37136319279670715], [-0.5568740963935852, -0.624248206615448, -0.5479096174240112, -0.6986467242240906], [0.0, 0.0, 0.0, 1.0]]}, "Bone.002": {"matrix": [[0.4898284077644348, -0.832301676273346, -0.25950315594673157, -1.9248970746994019], [0.8189861178398132, 0.33724313974380493, 0.464250773191452, 0.39133960008621216], [-0.298880934715271, -0.4399324953556061, 0.8468348383903503, 0.7740474343299866], [0.0, 0.0, 0.0, 1.0]]}, "finger3joint1": {"matrix": [[0.44106563925743103, -0.721415102481842, -0.5338737368583679, -2.2757203578948975], [0.7680869102478027, -0.0042687831446528435, 0.6403314471244812, 0.5334908962249756], [-0.464223712682724, -0.6924894452095032, 0.5522267818450928, 0.5886114239692688], [0.0, 0.0, 0.0, 1.0]]}, "finger3joint2": {"matrix": [[0.341819167137146, 0.6660023331642151, -0.6630237102508545, -2.9085326194763184], [0.7323231101036072, -0.6309201121330261, -0.2562084197998047, 0.529746413230896], [-0.5889502167701721, -0.3979707658290863, -0.7033892869949341, -0.018827468156814575], [0.0, 0.0, 0.0, 1.0]]}, "finger3joint3": {"matrix": [[0.48106423020362854, 0.870847761631012, 0.10100175440311432, -2.4775755405426025], [0.7327616810798645, -0.33616361021995544, -0.5916539430618286, 0.1214904859662056], [-0.48128730058670044, 0.35863345861434937, -0.7998400926589966, -0.2763465344905853], [0.0, 0.0, 0.0, 1.0]]}, "Bone.003": {"matrix": [[-0.24078913033008575, -0.8626369833946228, 0.44483473896980286, -1.9248968362808228], [0.9701122641563416, -0.22809603810310364, 0.08279142528772354, 0.39133960008621216], [0.030046304687857628, 0.4514749348163605, 0.8917776346206665, 0.7740473747253418], [0.0, 0.0, 0.0, 1.0]]}, "finger4joint1": {"matrix": [[0.311811238527298, -0.4587773084640503, -0.8320437073707581, -2.294640064239502], [0.7622734308242798, -0.4019705653190613, 0.507305383682251, 0.29357320070266724], [-0.5671972036361694, -0.7924283742904663, 0.22437502443790436, 0.9675583839416504], [0.0, 0.0, 0.0, 1.0]]}, "finger4joint2": {"matrix": [[0.28508761525154114, 0.4752306342124939, -0.8323944211006165, -2.750370502471924], [0.7625126242637634, -0.6386467814445496, -0.10346264392137527, -0.10572794079780579], [-0.5807745456695557, -0.6052155494689941, -0.5444396138191223, 0.18039247393608093], [0.0, 0.0, 0.0, 1.0]]}, "finger4joint3": {"matrix": [[0.25674310326576233, 0.87964928150177, -0.40037456154823303, -2.5521695613861084], [0.8143933415412903, -0.4199758470058441, -0.4004790484905243, -0.37208378314971924], [-0.5204285979270935, -0.2232423573732376, -0.8242064714431763, -0.07202047109603882], [0.0, 0.0, 0.0, 1.0]]}}