{"root": {"matrix": [[0.281538188457489, -0.9024137258529663, -0.3261682093143463, -5.960464477539063e-08], [0.003135113511234522, 0.34078115224838257, -0.9401374459266663, 0.0], [0.9595448970794678, 0.26366204023361206, 0.09877200424671173, 0.0], [0.0, 0.0, 0.0, 1.0]]}, "carpals": {"matrix": [[0.4796191453933716, -0.43265512585639954, -0.7633969187736511, -0.20993614196777344], [0.8489186763763428, 0.008640844374895096, 0.5284526348114014, 0.4463483393192291], [-0.22204117476940155, -0.901517927646637, 0.37143346667289734, 2.4169578552246094], [0.0, 0.0, 0.0, 1.0]]}, "metacarpals": {"matrix": [[0.3976667821407318, -0.8673376441001892, -0.29930973052978516, -0.6313396692276001], [0.6889058351516724, 0.06678224354982376, 0.721767783164978, 0.4547644257545471], [-0.6060277223587036, -0.493219256401062, 0.6240711808204651, 1.5388848781585693], [0.0, 0.0, 0.0, 1.0]]}, "finger5joint1": {"matrix": [[-0.13103827834129333, -0.613383948802948, -0.7788381576538086, -1.0729531049728394], [0.6047477126121521, -0.6719726324081421, 0.42747262120246887, 0.07508385181427002], [-0.7855626344680786, -0.41498541831970215, 0.4589967727661133, 1.1070342063903809], [0.0, 0.0, 0.0, 1.0]]}, "finger5joint2": {"matrix": [[-0.8546409606933594, -0.5090692043304443, -0.10216103494167328, -1.7208536863327026], [0.37315380573272705, -0.46539515256881714, -0.8025978207588196, -0.634702205657959], [0.36103278398513794, -0.7240546941757202, 0.5877068042755127, 0.6686965823173523], [0.0, 0.0, 0.0, 1.0]]}, "finger5joint3": {"matrix": [[-0.8915066719055176, -0.3896956145763397, -0.23098191618919373, -2.0707547664642334], [0.371694952249527, -0.33778560161590576, -0.8647215366363525, -0.9545845985412598], [0.25895601511001587, -0.8567599058151245, 0.44598597288131714, 0.17102842032909393], [0.0, 0.0, 0.0, 1.0]]}, "Bone": {"matrix": [[0.9405211806297302, 0.2903766334056854, -0.17635487020015717, -1.9854944944381714], [-0.02036919817328453, 0.5663597583770752, 0.8239063024520874, 0.5590301156044006], [0.339123398065567, -0.7713090777397156, 0.5385882258415222, 0.7688327431678772], [0.0, 0.0, 0.0, 1.0]]}, "finger1joint1": {"matrix": [[0.5566518306732178, -0.5130173563957214, -0.6534153819084167, -1.7438466548919678], [0.7010531425476074, -0.1319109946489334, 0.7008023262023926, 1.0303477048873901], [-0.44571632146835327, -0.8481817841529846, 0.2862240970134735, 0.12695878744125366], [0.0, 0.0, 0.0, 1.0]]}, "finger1joint2": {"matrix": [[0.7393060922622681, -0.34061941504478455, -0.5808655023574829, -2.0337929725646973], [0.4568978548049927, -0.3799152672290802, 0.8043063282966614, 0.9557944536209106], [-0.4946419596672058, -0.8600248098373413, -0.12524518370628357, -0.35241517424583435], [0.0, 0.0, 0.0, 1.0]]}, "finger1joint3": {"matrix": [[0.6886751651763916, -0.0028679324313998222, -0.725064218044281, -2.1798110008239746], [0.5496321320533752, -0.6501380205154419, 0.524618923664093, 0.7929310202598572], [-0.47289636731147766, -0.7598106861114502, -0.44615742564201355, -0.7210936546325684], [0.0, 0.0, 0.0, 1.0]]}, "Bone.001": {"matrix": [[0.9555293321609497, -0.14369700849056244, -0.25751614570617676, -1.9854944944381714], [0.2697380483150482, 0.7788176536560059, 0.5662899017333984, 0.5590300559997559], [0.11918402463197708, -0.6105683445930481, 0.7829437851905823, 0.7688326835632324], [0.0, 0.0, 0.0, 1.0]]}, "finger2joint1": {"matrix": [[0.5091707706451416, -0.730552077293396, -0.45501482486724854, -2.0765814781188965], [0.6591317057609558, -0.008964060805737972, 0.7519739270210266, 1.0527098178863525], [-0.5534347891807556, -0.682797908782959, 0.476965993642807, 0.3818034529685974], [0.0, 0.0, 0.0, 1.0]]}, "finger2joint2": {"matrix": [[0.48088088631629944, 0.3884148597717285, -0.7860580086708069, -2.7086181640625], [0.5832962989807129, -0.8110702633857727, -0.04393536597490311, 1.044954538345337], [-0.6546133756637573, -0.4373772144317627, -0.6165890693664551, -0.20891842246055603], [0.0, 0.0, 0.0, 1.0]]}, "finger2joint3": {"matrix": [[0.5905576348304749, 0.8067977428436279, -0.017852986231446266, -2.561169385910034], [0.4879961907863617, -0.374646931886673, -0.7883521914482117, 0.7370589971542358], [-0.6427292823791504, 0.4568551480770111, -0.61496502161026, -0.3749540150165558], [0.0, 0.0, 0.0, 1.0]]}, "Bone.002": {"matrix": [[0.5886314511299133, -0.7929049730300903, -0.15752647817134857, -1.9854944944381714], [0.7274358868598938, 0.4345226585865021, 0.531062126159668, 0.5590301156044006], [-0.3526328504085541, -0.4271900951862335, 0.8325613141059875, 0.7688327431678772], [0.0, 0.0, 0.0, 1.0]]}, "finger3joint1": {"matrix": [[0.49789348244667053, -0.638250470161438, -0.5871441960334778, -2.319711685180664], [0.681759238243103, -0.13038821518421173, 0.7198634147644043, 0.7421857118606567], [-0.5360097289085388, -0.7587060928344727, 0.3702138662338257, 0.5887678265571594], [0.0, 0.0, 0.0, 1.0]]}, "finger3joint2": {"matrix": [[0.41310545802116394, 0.6397162675857544, -0.6481565833091736, -2.8795735836029053], [0.6241196990013123, -0.7171765565872192, -0.31005221605300903, 0.6278116106987], [-0.6631879210472107, -0.27644312381744385, -0.6955289840698242, -0.07675519585609436], [0.0, 0.0, 0.0, 1.0]]}, "finger3joint3": {"matrix": [[0.5474420189857483, 0.8339055776596069, -0.07006246596574783, -2.465625762939453], [0.6310094594955444, -0.4663327932357788, -0.6199684143066406, 0.16374078392982483], [-0.5496673583984375, 0.2951864004135132, -0.7814923524856567, -0.2556360960006714], [0.0, 0.0, 0.0, 1.0]]}, "Bone.003": {"matrix": [[-0.09967149794101715, -0.8677269220352173, 0.48694512248039246, -1.985494613647461], [0.9949959516525269, -0.0834917351603508, 0.05488259345293045, 0.5590300559997559], [-0.00696695176884532, 0.4899786412715912, 0.871706485748291, 0.7688326835632324], [0.0, 0.0, 0.0, 1.0]]}, "finger4joint1": {"matrix": [[0.39392223954200745, -0.3048056960105896, -0.867132306098938, -2.35741925239563], [0.6857988238334656, -0.5306587219238281, 0.498077392578125, 0.5232439041137695], [-0.6119680404663086, -0.7908822298049927, -2.691730514925439e-06, 0.9788471460342407], [0.0, 0.0, 0.0, 1.0]]}, "finger4joint2": {"matrix": [[0.37001365423202515, 0.3723447620868683, -0.8511456847190857, -2.660200595855713], [0.6829442381858826, -0.7301234006881714, -0.022509729489684105, -0.0038907229900360107], [-0.6298226118087769, -0.5729563236236572, -0.5244463086128235, 0.19321712851524353], [0.0, 0.0, 0.0, 1.0]]}, "finger4joint3": {"matrix": [[0.3501929044723511, 0.7591639757156372, -0.54866623878479, -2.5049095153808594], [0.7415287494659424, -0.5825703740119934, -0.33278602361679077, -0.3083980977535248], [-0.572275698184967, -0.29031267762184143, -0.7669540047645569, -0.04574170708656311], [0.0, 0.0, 0.0, 1.0]]}}