{"root": {"matrix": [[0.34958386421203613, -0.9366313219070435, -0.02264620177447796, 0.0], [0.20623578131198883, 0.10050790011882782, -0.9733267426490784, 7.450580596923828e-09], [0.9139244556427002, 0.33558887243270874, 0.2283027619123459, 0.0], [0.0, 0.0, 0.0, 1.0]]}, "carpals": {"matrix": [[0.13161787390708923, -0.5038385391235352, -0.8537114262580872, -0.12366923689842224], [0.9463140368461609, -0.19263237714767456, 0.25958117842674255, 0.6742031574249268], [-0.29523929953575134, -0.8420446515083313, 0.45143571496009827, 2.36962890625], [0.0, 0.0, 0.0, 1.0]]}, "metacarpals": {"matrix": [[0.13629689812660217, -0.8590331077575684, -0.49344199895858765, -0.6144050359725952], [0.8642373085021973, -0.14037877321243286, 0.48310205340385437, 0.48658037185668945], [-0.48426932096481323, -0.4922962188720703, 0.723275363445282, 1.5494825839996338], [0.0, 0.0, 0.0, 1.0]]}, "finger5joint1": {"matrix": [[-0.2404916137456894, -0.6118109822273254, -0.7535587549209595, -0.9255582690238953], [0.7455780506134033, -0.6135311722755432, 0.26017847657203674, 0.05609405040740967], [-0.621511697769165, -0.499266117811203, 0.6037020087242126, 1.0559848546981812], [0.0, 0.0, 0.0, 1.0]]}, "finger5joint2": {"matrix": [[-0.7608314752578735, -0.6267573833465576, 0.16825586557388306, -1.5717971324920654], [0.24136842787265778, -0.5139783024787903, -0.823144793510437, -0.5919619798660278], [0.6023921370506287, -0.5856627225875854, 0.5423302054405212, 0.5286238789558411], [0.0, 0.0, 0.0, 1.0]]}, "finger5joint3": {"matrix": [[-0.8241241574287415, -0.56630939245224, 0.010600155219435692, -2.002589702606201], [0.23728157579898834, -0.3621775209903717, -0.9014014601707458, -0.9452371597290039], [0.5143114924430847, -0.7403514981269836, 0.43285396695137024, 0.126077339053154], [0.0, 0.0, 0.0, 1.0]]}, "Bone": {"matrix": [[0.9083925485610962, 0.0683865174651146, -0.41248759627342224, -1.9555941820144653], [0.23082104325294495, 0.7405640482902527, 0.6310994029045105, 0.2674100995063782], [0.3486321270465851, -0.6684967279434204, 0.6569378972053528, 0.7808715105056763], [0.0, 0.0, 0.0, 1.0]]}, "finger1joint1": {"matrix": [[0.3269418776035309, -0.4532237946987152, -0.8292748928070068, -1.8986836671829224], [0.9094793200492859, -0.08756974339485168, 0.4064219892024994, 0.8836984038352966], [-0.2568194270133972, -0.8870847225189209, 0.38356757164001465, 0.22455677390098572], [0.0, 0.0, 0.0, 1.0]]}, "finger1joint2": {"matrix": [[0.5728955268859863, -0.21590495109558105, -0.7906804084777832, -2.1548359394073486], [0.7441248893737793, -0.26741260290145874, 0.6121835112571716, 0.8342058658599854], [-0.34361132979393005, -0.939082145690918, 0.007460940629243851, -0.2768043279647827], [0.0, 0.0, 0.0, 1.0]]}, "finger1joint3": {"matrix": [[0.49740877747535706, 0.18619346618652344, -0.8472993969917297, -2.2473909854888916], [0.811603844165802, -0.44484376907348633, 0.3786994218826294, 0.7195704579353333], [-0.3064044713973999, -0.8760398626327515, -0.37238436937332153, -0.6793733835220337], [0.0, 0.0, 0.0, 1.0]]}, "Bone.001": {"matrix": [[0.8225889205932617, -0.4052439332008362, -0.39890411496162415, -1.9555941820144653], [0.5404528975486755, 0.7752823233604431, 0.326875776052475, 0.2674100995063782], [0.17679893970489502, -0.4844731390476227, 0.8567540049552917, 0.7808715105056763], [0.0, 0.0, 0.0, 1.0]]}, "finger2joint1": {"matrix": [[0.568424642086029, -0.24631310999393463, -0.7849986553192139, -2.2124717235565186], [0.7596830129623413, 0.523453950881958, 0.38584646582603455, 0.7588489055633545], [0.3158717453479767, -0.8156747221946716, 0.4846641719341278, 0.47377192974090576], [0.0, 0.0, 0.0, 1.0]]}, "finger2joint2": {"matrix": [[0.6139225959777832, 0.12005674093961716, -0.7801827788352966, -2.4255692958831787], [0.7649857997894287, 0.15325520932674408, 0.6255473494529724, 1.2117146253585815], [0.19466838240623474, -0.9808662533760071, 0.0022453239653259516, -0.2319081723690033], [0.0, 0.0, 0.0, 1.0]]}, "finger2joint3": {"matrix": [[0.6908807158470154, 0.450727641582489, -0.5652681589126587, -2.3799936771392822], [0.718540370464325, -0.3416789174079895, 0.6057682037353516, 1.2698928117752075], [0.07989636808633804, -0.8246816396713257, -0.5599251985549927, -0.6042611598968506], [0.0, 0.0, 0.0, 1.0]]}, "Bone.002": {"matrix": [[0.3132183849811554, -0.9038975238800049, -0.2913130521774292, -1.9555940628051758], [0.9227439761161804, 0.21712155640125275, 0.3184364438056946, 0.26741015911102295], [-0.2245834320783615, -0.36854735016822815, 0.9020724892616272, 0.7808714509010315], [0.0, 0.0, 0.0, 1.0]]}, "finger3joint1": {"matrix": [[0.35616451501846313, -0.7269654870033264, -0.587084174156189, -2.3365960121154785], [0.8804931044578552, 0.0507403202354908, 0.47133582830429077, 0.3589290380477905], [-0.31285592913627625, -0.6847964525222778, 0.6581600308418274, 0.6255251169204712], [0.0, 0.0, 0.0, 1.0]]}, "finger3joint2": {"matrix": [[0.2592374086380005, 0.7553460001945496, -0.6018706560134888, -2.9742767810821533], [0.8584834933280945, -0.46572670340538025, -0.21472027897834778, 0.4034374952316284], [-0.4424951672554016, -0.46103256940841675, -0.7691856622695923, 0.02483430504798889], [0.0, 0.0, 0.0, 1.0]]}, "finger3joint3": {"matrix": [[0.39391064643859863, 0.8950003385543823, 0.20930542051792145, -2.4855072498321533], [0.8581869602203369, -0.2765723764896393, -0.43246158957481384, 0.10207493603229523], [-0.3291650414466858, 0.3499740660190582, -0.8770222663879395, -0.2734908163547516], [0.0, 0.0, 0.0, 1.0]]}, "Bone.003": {"matrix": [[-0.4126400351524353, -0.7787784934043884, 0.47247442603111267, -1.9555943012237549], [0.8991014957427979, -0.43141666054725647, 0.07413595914840698, 0.26741015911102295], [0.1460980474948883, 0.45539391040802, 0.8782206773757935, 0.7808715105056763], [0.0, 0.0, 0.0, 1.0]]}, "finger4joint1": {"matrix": [[0.1335470974445343, -0.53155916929245, -0.8364266753196716, -2.289393901824951], [0.8610408306121826, -0.3556429445743561, 0.36349228024482727, 0.08249658346176147], [-0.4906867742538452, -0.7687408924102783, 0.41019925475120544, 0.9760621786117554], [0.0, 0.0, 0.0, 1.0]]}, "finger4joint2": {"matrix": [[0.10515055060386658, 0.5618661046028137, -0.8205177783966064, -2.817422866821289], [0.8595205545425415, -0.46633338928222656, -0.2091825008392334, -0.27078455686569214], [-0.5001672506332397, -0.6832564473152161, -0.5319706797599792, 0.21242648363113403], [0.0, 0.0, 0.0, 1.0]]}, "finger4joint3": {"matrix": [[0.0700727254152298, 0.957876443862915, -0.2784998416900635, -2.5830893516540527], [0.8982779383659363, -0.18200139701366425, -0.3999648690223694, -0.4652749001979828], [-0.43380409479141235, -0.22214382886886597, -0.8731927275657654, -0.07253441959619522], [0.0, 0.0, 0.0, 1.0]]}}