{"root": {"matrix": [[0.381603866815567, -0.47773054242134094, 0.7912976741790771, 0.0], [0.6470862030982971, 0.7493838667869568, 0.14036811888217926, 0.0], [-0.6600438356399536, 0.45847287774086, 0.5951006412506104, 0.0], [0.0, 0.0, 0.0, 1.0]]}, "carpals": {"matrix": [[-0.8589395880699158, -0.3924029469490051, -0.3290020525455475, 0.30641406774520874], [0.39970698952674866, -0.9153726100921631, 0.048239439725875854, 2.1810967922210693], [-0.32008886337280273, -0.09006980061531067, 0.9430961608886719, -1.110816240310669], [0.0, 0.0, 0.0, 1.0]]}, "metacarpals": {"matrix": [[-0.45791029930114746, -0.7070223093032837, 0.5389223694801331, -0.07578408718109131], [0.8430044651031494, -0.5377991795539856, 0.010732961818575859, 1.2895293235778809], [0.28224363923072815, 0.45922866463661194, 0.842287003993988, -1.1985435485839844], [0.0, 0.0, 0.0, 1.0]]}, "finger5joint1": {"matrix": [[-0.5491628050804138, -0.7527923583984375, 0.36293745040893555, -0.6206076741218567], [0.7162891030311584, -0.6477057933807373, -0.2596282660961151, 0.8302902579307556], [0.43052294850349426, 0.11738982051610947, 0.8949130773544312, -1.3324893712997437], [0.0, 0.0, 0.0, 1.0]]}, "finger5joint2": {"matrix": [[0.4733468294143677, -0.6889976263046265, 0.5488390326499939, -1.4157613515853882], [-0.2221231758594513, -0.6962864398956299, -0.6825291514396667, 0.1461365520954132], [0.8524105548858643, 0.20116297900676727, -0.4826275110244751, -1.2084938287734985], [0.0, 0.0, 0.0, 1.0]]}, "finger5joint3": {"matrix": [[0.3760210871696472, -0.8248329758644104, 0.4222060739994049, -1.8893336057662964], [-0.24824076890945435, -0.5286617279052734, -0.8117221593856812, -0.33244556188583374], [0.8927397131919861, 0.20041576027870178, -0.4035452902317047, -1.0702275037765503], [0.0, 0.0, 0.0, 1.0]]}, "Bone": {"matrix": [[0.5796651244163513, -0.6491748690605164, 0.4925038516521454, -1.1796422004699707], [0.6587001085281372, 0.7291103005409241, 0.1857740581035614, 0.44987547397613525], [-0.47968944907188416, 0.2167256772518158, 0.8502516150474548, -0.4815601110458374], [0.0, 0.0, 0.0, 1.0]]}, "finger1joint1": {"matrix": [[0.22197358310222626, -0.9741621017456055, -0.04166138172149658, -1.7198774814605713], [0.9572014808654785, 0.22584937512874603, -0.1809891164302826, 1.0566320419311523], [0.18572214245796204, 0.000296367215923965, 0.9826021790504456, -0.3012036979198456], [0.0, 0.0, 0.0, 1.0]]}, "finger1joint2": {"matrix": [[0.24355663359165192, -0.2666573226451874, -0.9325094223022461, -2.2704527378082275], [0.9621447324752808, -0.054810021072626114, 0.26697036623954773, 1.1842771768569946], [-0.12230034917593002, -0.9622316360473633, 0.24321351945400238, -0.3010362386703491], [0.0, 0.0, 0.0, 1.0]]}, "finger1joint3": {"matrix": [[0.15748445689678192, 0.607547402381897, -0.7785143852233887, -2.3847646713256836], [0.9855946898460388, -0.14592064917087555, 0.08549914509057999, 1.1607810258865356], [-0.06165643036365509, -0.7807644605636597, -0.6217758655548096, -0.7135289907455444], [0.0, 0.0, 0.0, 1.0]]}, "Bone.001": {"matrix": [[0.3796428442001343, -0.6059904098510742, 0.6990326642990112, -1.1796423196792603], [0.8835425972938538, 0.46150705218315125, -0.07977011799812317, 0.44987544417381287], [-0.2742685377597809, 0.6479094624519348, 0.7106264233589172, -0.4815601706504822], [0.0, 0.0, 0.0, 1.0]]}, "finger2joint1": {"matrix": [[-0.361873060464859, -0.9215598702430725, -0.14062345027923584, -1.5637695789337158], [0.9090858697891235, -0.31544986367225647, -0.27212828397750854, 0.7424172163009644], [0.20642295479774475, -0.22631490230560303, 0.9519301056861877, -0.07086092233657837], [0.0, 0.0, 0.0, 1.0]]}, "finger2joint2": {"matrix": [[-0.4291782081127167, -0.2758130729198456, -0.8600772619247437, -2.361056089401245], [0.8980763554573059, -0.028833169490098953, -0.4388931393623352, 0.4695061445236206], [0.09625378251075745, -0.9607786536216736, 0.2600756883621216, -0.2666570246219635], [0.0, 0.0, 0.0, 1.0]]}, "finger2joint3": {"matrix": [[-0.3794022798538208, 0.6042957305908203, -0.700628399848938, -2.46575927734375], [0.9244424700737, 0.2163175642490387, -0.3140260875225067, 0.45856061577796936], [-0.03820635750889778, -0.7668330073356628, -0.640708327293396, -0.6313843727111816], [0.0, 0.0, 0.0, 1.0]]}, "Bone.002": {"matrix": [[-0.16146434843540192, -0.6137093901634216, 0.7728452682495117, -1.1796423196792603], [0.9562317728996277, -0.29093629121780396, -0.03125225752592087, 0.44987544417381287], [0.24402865767478943, 0.7339730262756348, 0.6338245272636414, -0.4815601706504822], [0.0, 0.0, 0.0, 1.0]]}, "finger3joint1": {"matrix": [[-0.38259458541870117, -0.2775817811489105, 0.8812317848205566, -1.4383269548416138], [0.8929677605628967, -0.35589516162872314, 0.2755851447582245, 0.327242910861969], [0.23712880909442902, 0.8923489451408386, 0.3840353488922119, -0.17218315601348877], [0.0, 0.0, 0.0, 1.0]]}, "finger3joint2": {"matrix": [[-0.4555671215057373, -0.7080625295639038, -0.5395421981811523, -1.681816577911377], [0.8140872716903687, -0.08615536242723465, -0.5743162035942078, 0.015058234333992004], [0.36016738414764404, -0.7008743286132812, 0.6156741380691528, 0.6105688810348511], [0.0, 0.0, 0.0, 1.0]]}, "finger3joint3": {"matrix": [[-0.3929084837436676, -0.16696961224079132, -0.9042918682098389, -2.1399896144866943], [0.8937816619873047, 0.16194622218608856, -0.41824355721473694, -0.040691204369068146], [0.21628065407276154, -0.9725711345672607, 0.0856039971113205, 0.15704692900180817], [0.0, 0.0, 0.0, 1.0]]}, "Bone.003": {"matrix": [[-0.007428679149597883, 0.23529674112796783, 0.971895158290863, -1.1796422004699707], [0.4718962013721466, -0.8560672998428345, 0.21086150407791138, 0.44987547397613525], [0.8816227912902832, 0.46020010113716125, -0.1046760156750679, -0.4815601706504822], [0.0, 0.0, 0.0, 1.0]]}, "finger4joint1": {"matrix": [[-0.4600866734981537, -0.5832378268241882, 0.6694426536560059, -1.078789472579956], [0.8434977531433105, -0.5225082039833069, 0.12448471784591675, 0.08294844627380371], [0.2771851420402527, 0.6219470500946045, 0.7323591113090515, -0.2843094766139984], [0.0, 0.0, 0.0, 1.0]]}, "finger4joint2": {"matrix": [[-0.4603225290775299, -0.8649958372116089, -0.19971197843551636, -1.658154010772705], [0.8335449695587158, -0.3437299430370331, -0.4324951171875, -0.4360898733139038], [0.30545955896377563, -0.365556538105011, 0.8792397379875183, 0.3335072994232178], [0.0, 0.0, 0.0, 1.0]]}, "finger4joint3": {"matrix": [[-0.38385480642318726, -0.4817924499511719, -0.7877379059791565, -2.018911600112915], [0.865470290184021, 0.10966923087835312, -0.4888080656528473, -0.5794468522071838], [0.32189470529556274, -0.8693954944610596, 0.3748798668384552, 0.1810472160577774], [0.0, 0.0, 0.0, 1.0]]}}