{"root": {"matrix": [[0.47333988547325134, -0.8007405400276184, 0.36710211634635925, 0.0], [0.21687984466552734, -0.29797840118408203, -0.9296085238456726, 0.0], [0.8537637591362, 0.5196378231048584, 0.03261934593319893, 0.0], [0.0, 0.0, 0.0, 1.0]]}, "carpals": {"matrix": [[-0.5663552284240723, -0.6982995271682739, -0.43774333596229553, 0.24539604783058167], [0.7429473996162415, -0.2026672661304474, -0.6379302740097046, 0.3033144772052765], [0.35675033926963806, -0.6865153908729553, 0.6335814595222473, 2.435727119445801], [0.0, 0.0, 0.0, 1.0]]}, "metacarpals": {"matrix": [[-0.8428632020950317, -0.5137407183647156, -0.16016194224357605, -0.4347434639930725], [0.3386346995830536, -0.2750534415245056, -0.8998177647590637, 0.10591772198677063], [0.4182201027870178, -0.8126596808433533, 0.40580272674560547, 1.7670652866363525], [0.0, 0.0, 0.0, 1.0]]}, "finger5joint1": {"matrix": [[-0.7103512287139893, -0.6904127597808838, -0.13686157763004303, -0.5141406655311584], [0.3402639627456665, -0.16663764417171478, -0.9254470467567444, 0.25969022512435913], [0.6161343455314636, -0.7039614319801331, 0.35329368710517883, 1.0629879236221313], [0.0, 0.0, 0.0, 1.0]]}, "finger5joint2": {"matrix": [[-0.07690897583961487, -0.8612580895423889, 0.5023133754730225, -1.2434046268463135], [-0.9244194030761719, -0.12715503573417664, -0.35955533385276794, 0.08367551118135452], [0.37354156374931335, -0.49200117588043213, -0.7863847613334656, 0.3194129467010498], [0.0, 0.0, 0.0, 1.0]]}, "finger5joint3": {"matrix": [[-0.18451344966888428, -0.9301451444625854, 0.31746500730514526, -1.8353773355484009], [-0.9110497236251831, 0.04069308191537857, -0.4102829396724701, -0.0037226108834147453], [0.36870402097702026, -0.3649289608001709, -0.8549172878265381, -0.018756702542304993], [0.0, 0.0, 0.0, 1.0]]}, "Bone": {"matrix": [[0.38906586170196533, -0.8801100254058838, -0.2720916271209717, -1.2368354797363281], [0.39916089177131653, 0.4272572696208954, -0.8112469911575317, -0.3235170245170593], [0.8302397131919861, 0.2070203721523285, 0.5175366401672363, 0.498277872800827], [0.0, 0.0, 0.0, 1.0]]}, "finger1joint1": {"matrix": [[-0.7258285880088806, -0.6455524563789368, -0.23755967617034912, -1.969252347946167], [0.33877497911453247, -0.03490692377090454, -0.9402195811271667, 0.03204118460416794], [0.5986687541007996, -0.7629174590110779, 0.24403339624404907, 0.6705576181411743], [0.0, 0.0, 0.0, 1.0]]}, "finger1joint2": {"matrix": [[-0.6059800982475281, -0.0901704803109169, -0.7903525829315186, -2.334104537963867], [0.6095758676528931, 0.5857052206993103, -0.5341971516609192, 0.012312561273574829], [0.5110825896263123, -0.8054925799369812, -0.2999598979949951, 0.23937320709228516], [0.0, 0.0, 0.0, 1.0]]}, "finger1joint3": {"matrix": [[-0.6791878342628479, 0.5365833044052124, -0.5007814764976501, -2.3727588653564453], [0.5304418802261353, 0.8304234147071838, 0.17037728428840637, 0.26339471340179443], [0.5072824358940125, -0.14991721510887146, -0.8486395478248596, -0.10592822730541229], [0.0, 0.0, 0.0, 1.0]]}, "Bone.001": {"matrix": [[0.033409953117370605, -0.9972882866859436, 0.06557066738605499, -1.2368354797363281], [0.4215471148490906, -0.045424576848745346, -0.9056679606437683, -0.3235170245170593], [0.9061906933784485, 0.057899557054042816, 0.4188862442970276, 0.49827781319618225], [0.0, 0.0, 0.0, 1.0]]}, "finger2joint1": {"matrix": [[-0.5751577019691467, -0.42775851488113403, -0.6972918510437012, -1.8689998388290405], [0.15080700814723969, 0.7823370695114136, -0.6043225526809692, -0.3523109257221222], [0.8040215373039246, -0.45273712277412415, -0.38545823097229004, 0.5349794030189514], [0.0, 0.0, 0.0, 1.0]]}, "finger2joint2": {"matrix": [[-0.5445740222930908, -0.06051652505993843, -0.8365265130996704, -2.239074945449829], [0.2761361598968506, 0.9288488030433655, -0.24695844948291779, 0.32452720403671265], [0.7919519543647766, -0.3654822111129761, -0.4891160726547241, 0.14329437911510468], [0.0, 0.0, 0.0, 1.0]]}, "finger2joint3": {"matrix": [[-0.47098225355148315, 0.2007077932357788, -0.8590062260627747, -2.2620480060577393], [0.4018048644065857, 0.9157031774520874, -0.006349435541778803, 0.6771334409713745], [0.7853205800056458, -0.3481432795524597, -0.511925220489502, 0.004551321268081665], [0.0, 0.0, 0.0, 1.0]]}, "Bone.002": {"matrix": [[-0.6724600195884705, -0.7267530560493469, 0.14009729027748108, -1.2368354797363281], [0.28467634320259094, -0.4286964535713196, -0.8574256300926208, -0.32351699471473694], [0.6831960678100586, -0.536702036857605, 0.4951704740524292, 0.49827784299850464], [0.0, 0.0, 0.0, 1.0]]}, "finger3joint1": {"matrix": [[-0.7872589230537415, -0.6102571487426758, 0.08837094157934189, -1.5431692600250244], [0.36183011531829834, -0.5732367634773254, -0.7351725101470947, -0.5042168498039246], [0.4993020296096802, -0.5467957854270935, 0.672095000743866, 0.2720525860786438], [0.0, 0.0, 0.0, 1.0]]}, "finger3joint2": {"matrix": [[-0.8766781687736511, -0.2745491564273834, -0.39504167437553406, -2.0784752368927], [0.2948801815509796, 0.3421382009983063, -0.8921811580657959, -1.007049560546875], [0.38010671734809875, -0.8986455202102661, -0.21898603439331055, -0.20758658647537231], [0.0, 0.0, 0.0, 1.0]]}, "finger3joint3": {"matrix": [[-0.8102877736091614, 0.1487608402967453, -0.5668365359306335, -2.2561306953430176], [0.4573201537132263, 0.7653506994247437, -0.4528760015964508, -0.7856587171554565], [0.36645880341529846, -0.6261855959892273, -0.6881855130195618, -0.789082407951355], [0.0, 0.0, 0.0, 1.0]]}, "Bone.003": {"matrix": [[-0.7473165988922119, 0.24905480444431305, 0.6160271167755127, -1.2368354797363281], [-0.492013543844223, -0.8305101990699768, -0.26110440492630005, -0.3235170245170593], [0.4465875029563904, -0.4982214868068695, 0.7431923151016235, 0.49827784299850464], [0.0, 0.0, 0.0, 1.0]]}, "finger4joint1": {"matrix": [[-0.7651994228363037, -0.6436404585838318, -0.014011532068252563, -1.1300857067108154], [0.3895116448402405, -0.4455273151397705, -0.8060929775238037, -0.6794898509979248], [0.5125918388366699, -0.6222795248031616, 0.5916227102279663, 0.2847304046154022], [0.0, 0.0, 0.0, 1.0]]}, "finger4joint2": {"matrix": [[-0.7798804044723511, -0.5751113295555115, -0.24704846739768982, -1.7694517374038696], [0.36355793476104736, -0.09491385519504547, -0.9267236590385437, -1.1220585107803345], [0.5095211863517761, -0.8125501275062561, 0.2831077575683594, -0.33341649174690247], [0.0, 0.0, 0.0, 1.0]]}, "finger4joint3": {"matrix": [[-0.7256768345832825, -0.540452778339386, -0.4257972538471222, -2.0093092918395996], [0.3837071657180786, 0.19579406082630157, -0.9024595618247986, -1.1616435050964355], [0.5711055994033813, -0.818275511264801, 0.06529238820075989, -0.6723010540008545], [0.0, 0.0, 0.0, 1.0]]}}