{"root": {"matrix": [[0.46371930837631226, -0.666434109210968, 0.5838064551353455, 0.0], [0.6118696928024292, -0.23566877841949463, -0.7550336122512817, 0.0], [0.6407651305198669, 0.7073371410369873, 0.298486590385437, 0.0], [0.0, 0.0, 0.0, 1.0]]}, "carpals": {"matrix": [[-0.5494706630706787, -0.8110793828964233, -0.20057892799377441, 0.3307373523712158], [0.7950663566589355, -0.4337916672229767, -0.42390352487564087, 1.2379366159439087], [0.2568100690841675, -0.39239606261253357, 0.8832177519798279, 2.1078689098358154], [0.0, 0.0, 0.0, 1.0]]}, "metacarpals": {"matrix": [[-0.9267147779464722, -0.3672647774219513, -0.07947321236133575, -0.4592491388320923], [0.27902063727378845, -0.5308952331542969, -0.800186038017273, 0.8154261112213135], [0.2516883313655853, -0.7637189030647278, 0.5944628715515137, 1.725677490234375], [0.0, 0.0, 0.0, 1.0]]}, "finger5joint1": {"matrix": [[-0.7083497643470764, -0.6976829767227173, -0.10713899880647659, -0.4735364317893982], [0.336081326007843, -0.19988249242305756, -0.9203783273696899, 0.7926724553108215], [0.6207172274589539, -0.6879571080207825, 0.37606489658355713, 1.0011411905288696], [0.0, 0.0, 0.0, 1.0]]}, "finger5joint2": {"matrix": [[-0.1046588197350502, -0.8768734335899353, 0.46918943524360657, -1.210479736328125], [-0.9223909974098206, -0.09079250693321228, -0.3754347562789917, 0.5815421342849731], [0.371807724237442, -0.47206851840019226, -0.7993183135986328, 0.2744711637496948], [0.0, 0.0, 0.0, 1.0]]}, "finger5joint3": {"matrix": [[-0.21173399686813354, -0.9528541564941406, 0.21734052896499634, -1.813185453414917], [-0.9047644138336182, 0.10701671242713928, -0.41224801540374756, 0.5191372632980347], [0.36955326795578003, -0.2839287221431732, -0.8847678899765015, -0.049998074769973755], [0.0, 0.0, 0.0, 1.0]]}, "Bone": {"matrix": [[0.22510302066802979, -0.950200080871582, -0.21551837027072906, -1.0326513051986694], [0.6333701610565186, 0.31078827381134033, -0.7086979150772095, -0.013448730111122131], [0.7403854131698608, 0.023027267307043076, 0.6717877984046936, 0.5333003401756287], [0.0, 0.0, 0.0, 1.0]]}, "finger1joint1": {"matrix": [[-0.5744072198867798, -0.6503305435180664, -0.49711790680885315, -1.8233959674835205], [0.26834866404533386, 0.42413651943206787, -0.8649260401725769, 0.24518543481826782], [0.7733337879180908, -0.6302206516265869, -0.06911168247461319, 0.5524632930755615], [0.0, 0.0, 0.0, 1.0]]}, "finger1joint2": {"matrix": [[-0.3826591372489929, -0.29100802540779114, -0.8768615126609802, -2.190948963165283], [0.5104030966758728, 0.724529504776001, -0.46319079399108887, 0.484898179769516], [0.7701042890548706, -0.6247969269752502, -0.12871631979942322, 0.19627630710601807], [0.0, 0.0, 0.0, 1.0]]}, "finger1joint3": {"matrix": [[-0.4585590064525604, 0.41424378752708435, -0.7862095832824707, -2.315699338912964], [0.4339440166950226, 0.876437783241272, 0.20868493616580963, 0.7954921126365662], [0.775510311126709, -0.2454765886068344, -0.5816568732261658, -0.07156388461589813], [0.0, 0.0, 0.0, 1.0]]}, "Bone.001": {"matrix": [[-0.13670974969863892, -0.980445921421051, 0.14154817163944244, -1.032651424407959], [0.6128998398780823, -0.19597263634204865, -0.7654725909233093, -0.013448737561702728], [0.778244137763977, -0.0178926233202219, 0.6277065277099609, 0.5333003401756287], [0.0, 0.0, 0.0, 1.0]]}, "finger2joint1": {"matrix": [[-0.8717336654663086, -0.4643819034099579, -0.1562991440296173, -1.6541401147842407], [0.3605853021144867, -0.39203134179115295, -0.8463388681411743, -0.1376725733280182], [0.33175042271614075, -0.7941412925720215, 0.5091962218284607, 0.5219584703445435], [0.0, 0.0, 0.0, 1.0]]}, "finger2joint2": {"matrix": [[-0.8919669985771179, -0.29255881905555725, -0.34467944502830505, -2.0558993816375732], [0.4003189504146576, -0.1568010449409485, -0.9028610587120056, -0.4768381118774414], [0.21009401977062225, -0.9433038830757141, 0.25697821378707886, -0.16509205102920532], [0.0, 0.0, 0.0, 1.0]]}, "finger2joint3": {"matrix": [[-0.8852463364601135, -0.08640490472316742, -0.4570258855819702, -2.166959524154663], [0.45875364542007446, -0.00015561701729893684, -0.8885633945465088, -0.53636234998703], [0.07670525461435318, -0.996259868144989, 0.03977636620402336, -0.523185670375824], [0.0, 0.0, 0.0, 1.0]]}, "Bone.002": {"matrix": [[-0.7838271856307983, -0.5883318185806274, 0.19869673252105713, -1.0326513051986694], [0.31463074684143066, -0.6521238088607788, -0.6897405385971069, -0.013448715209960938], [0.5353713631629944, -0.47812119126319885, 0.6962595582008362, 0.5333003401756287], [0.0, 0.0, 0.0, 1.0]]}, "finger3joint1": {"matrix": [[-0.06451839208602905, -0.941835343837738, 0.3298232853412628, -1.2806390523910522], [0.7285157442092896, -0.2703281044960022, -0.62943434715271, -0.2883254885673523], [0.681984007358551, 0.19967156648635864, 0.7035828232765198, 0.3317674994468689], [0.0, 0.0, 0.0, 1.0]]}, "finger3joint2": {"matrix": [[-0.2253776341676712, -0.41863375902175903, -0.8797445893287659, -2.106799602508545], [0.7004678845405579, 0.5579837560653687, -0.44497060775756836, -0.5254522562026978], [0.6771629452705383, -0.7165191173553467, 0.16748270392417908, 0.5069156885147095], [0.0, 0.0, 0.0, 1.0]]}, "finger3joint3": {"matrix": [[-0.09471509605646133, 0.563696026802063, -0.8205337524414062, -2.3776893615722656], [0.792129397392273, 0.5419021248817444, 0.280843585729599, -0.16439196467399597], [0.602959394454956, -0.6233689785003662, -0.4978463053703308, 0.0432702898979187], [0.0, 0.0, 0.0, 1.0]]}, "Bone.003": {"matrix": [[-0.7189213633537292, 0.42250266671180725, 0.5519450306892395, -1.032651424407959], [-0.4966717064380646, -0.867765486240387, 0.017329957336187363, -0.013448774814605713], [0.4862808585166931, -0.2616766691207886, 0.8337002396583557, 0.5333003401756287], [0.0, 0.0, 0.0, 1.0]]}, "finger4joint1": {"matrix": [[-0.3629418611526489, -0.8972263336181641, 0.2515106499195099, -0.8515584468841553], [0.7053731679916382, -0.4409160017967224, -0.5550149083137512, -0.3853898346424103], [0.6088692545890808, -0.024029111489653587, 0.7929063439369202, 0.4211406409740448], [0.0, 0.0, 0.0, 1.0]]}, "finger4joint2": {"matrix": [[-0.37848931550979614, -0.7475466132164001, -0.5458198189735413, -1.742826223373413], [0.6842315793037415, 0.1711648553609848, -0.7088931202888489, -0.8233777284622192], [0.6233559846878052, -0.6417756676673889, 0.4467112123966217, 0.3972710967063904], [0.0, 0.0, 0.0, 1.0]]}, "finger4joint3": {"matrix": [[-0.307013601064682, -0.39071717858314514, -0.8678030967712402, -2.054600238800049], [0.6779319047927856, 0.5501821041107178, -0.4875527322292328, -0.7519912719726562], [0.6679450869560242, -0.7379968762397766, 0.09596648067235947, 0.12961028516292572], [0.0, 0.0, 0.0, 1.0]]}}