{"root": {"matrix": [[0.6333944201469421, -0.589586079120636, 0.5011982917785645, -5.960464477539063e-08], [0.7136833071708679, 0.19472602009773254, -0.6728579998016357, 0.0], [0.29911142587661743, 0.783881425857544, 0.5441160798072815, -5.960464477539063e-08], [0.0, 0.0, 0.0, 1.0]]}, "carpals": {"matrix": [[-0.3730188012123108, -0.794204831123352, -0.47968247532844543, 0.7989605665206909], [0.8998152613639832, -0.4357306659221649, 0.021704891696572304, 1.8802241086959839], [-0.22625046968460083, -0.4235292673110962, 0.8771735429763794, 1.3825355768203735], [0.0, 0.0, 0.0, 1.0]]}, "metacarpals": {"matrix": [[-0.5591396689414978, -0.7885780930519104, -0.25594350695610046, 0.025410056114196777], [0.8239516019821167, -0.5628053545951843, -0.06598330289125443, 1.4558250904083252], [-0.09201335161924362, -0.24777890741825104, 0.9644370675086975, 0.9700206518173218], [0.0, 0.0, 0.0, 1.0]]}, "finger5joint1": {"matrix": [[-0.37722665071487427, -0.8856532573699951, -0.2707728445529938, -0.22121083736419678], [0.9256165623664856, -0.3508991301059723, -0.14178742468357086, 1.0172175168991089], [0.030560581013560295, -0.30411776900291443, 0.9521439671516418, 0.44802790880203247], [0.0, 0.0, 0.0, 1.0]]}, "finger5joint2": {"matrix": [[-0.21818768978118896, -0.9576167464256287, 0.18805168569087982, -1.1567018032073975], [-0.15150700509548187, -0.15711970627307892, -0.975888729095459, 0.6465725302696228], [0.9640743136405945, -0.24141794443130493, -0.11080413311719894, 0.12679673731327057], [0.0, 0.0, 0.0, 1.0]]}, "finger5joint3": {"matrix": [[-0.31665414571762085, -0.9483610391616821, -0.018457572907209396, -1.8149051666259766], [-0.11155577749013901, 0.05655791983008385, -0.9921472668647766, 0.5385786294937134], [0.9419580101966858, -0.31210842728614807, -0.12370450049638748, -0.039138294756412506], [0.0, 0.0, 0.0, 1.0]]}, "Bone": {"matrix": [[0.7115334272384644, -0.6344805955886841, -0.30191749334335327, -1.2057794332504272], [0.6868605017662048, 0.7186446189880371, 0.10850076377391815, 0.5771296620368958], [0.14812970161437988, -0.2845771312713623, 0.9471394419670105, 0.5831689834594727], [0.0, 0.0, 0.0, 1.0]]}, "finger1joint1": {"matrix": [[0.018851876258850098, -0.9933151602745056, 0.11388228833675385, -1.7337863445281982], [0.9919692873954773, 0.004334433935582638, -0.12640419602394104, 1.1751768589019775], [0.12506559491157532, 0.11535077542066574, 0.9854199886322021, 0.346347451210022], [0.0, 0.0, 0.0, 1.0]]}, "finger1joint2": {"matrix": [[0.0031472158152610064, -0.4129174053668976, -0.9107628464698792, -2.2951865196228027], [0.983066201210022, -0.16559725999832153, 0.07847495377063751, 1.177626609802246], [-0.18322357535362244, -0.8955872654914856, 0.40540406107902527, 0.4115411937236786], [0.0, 0.0, 0.0, 1.0]]}, "finger1joint3": {"matrix": [[-0.07395807653665543, 0.8520832657814026, -0.5181544423103333, -2.4721975326538086], [0.9913694858551025, 0.006422114092856646, -0.1309405416250229, 1.106637954711914], [-0.10824467241764069, -0.5233666896820068, -0.84520423412323, 0.027617648243904114], [0.0, 0.0, 0.0, 1.0]]}, "Bone.001": {"matrix": [[0.41405248641967773, -0.9090694189071655, -0.0463998019695282, -1.2057793140411377], [0.8971812129020691, 0.41618382930755615, -0.14783988893032074, 0.5771297812461853], [0.15370754897594452, 0.019584529101848602, 0.9879221320152283, 0.5831689238548279], [0.0, 0.0, 0.0, 1.0]]}, "finger2joint1": {"matrix": [[-0.19776329398155212, -0.45324426889419556, -0.8691713809967041, -1.782023549079895], [0.9303324222564697, 0.19255992770195007, -0.3120929002761841, 0.840941846370697], [0.30882197618484497, -0.8703389763832092, 0.38358670473098755, 0.5955832600593567], [0.0, 0.0, 0.0, 1.0]]}, "finger2joint2": {"matrix": [[-0.15676838159561157, -0.14995409548282623, -0.9761849045753479, -2.174147367477417], [0.9687779545783997, 0.1688772588968277, -0.18152040243148804, 1.0075348615646362], [0.19207525253295898, -0.9741631746292114, 0.11879773437976837, -0.1573895812034607], [0.0, 0.0, 0.0, 1.0]]}, "finger2joint3": {"matrix": [[-0.08507690578699112, 0.13498203456401825, -0.9871885776519775, -2.2310726642608643], [0.9940726161003113, 0.07880432903766632, -0.07489485293626785, 1.0716434717178345], [0.0676853209733963, -0.9877091646194458, -0.14088629186153412, -0.5271978378295898], [0.0, 0.0, 0.0, 1.0]]}, "Bone.002": {"matrix": [[-0.33640149235725403, -0.9399592280387878, 0.057535115629434586, -1.2057793140411377], [0.9354746341705322, -0.3405705690383911, -0.09433382004499435, 0.5771297812461853], [0.10826475918292999, 0.022088728845119476, 0.993876576423645, 0.5831689834594727], [0.0, 0.0, 0.0, 1.0]]}, "finger3joint1": {"matrix": [[-0.47756826877593994, -0.8717582821846008, 0.10938750952482224, -1.60198175907135], [0.8762938976287842, -0.46360689401626587, 0.13106432557106018, 0.4335758686065674], [-0.06354355812072754, 0.15844787657260895, 0.9853203892707825, 0.5924795866012573], [0.0, 0.0, 0.0, 1.0]]}, "finger3joint2": {"matrix": [[-0.6132841110229492, -0.039238739758729935, -0.7888868451118469, -2.3666718006134033], [0.7862105965614319, -0.12625576555728912, -0.6049235463142395, 0.02690846472978592], [-0.0758649930357933, -0.9912213087081909, 0.10828076303005219, 0.7314671277999878], [0.0, 0.0, 0.0, 1.0]]}, "finger3joint3": {"matrix": [[-0.4730684459209442, 0.6076784133911133, -0.6379127502441406, -2.3920626640319824], [0.8694943189620972, 0.2052593231201172, -0.44927534461021423, -0.05478915572166443], [-0.14207734167575836, -0.7671998143196106, -0.6254746317863464, 0.09006735682487488], [0.0, 0.0, 0.0, 1.0]]}, "Bone.003": {"matrix": [[-0.6770769357681274, -0.13670393824577332, 0.723103404045105, -1.2057794332504272], [0.3985523581504822, -0.8941367864608765, 0.20414580404758453, 0.5771297812461853], [0.6186459064483643, 0.4264170527458191, 0.6598830819129944, 0.5831689834594727], [0.0, 0.0, 0.0, 1.0]]}, "finger4joint1": {"matrix": [[-0.5668026208877563, -0.7971490025520325, -0.2080569863319397, -1.264373540878296], [0.8178361058235168, -0.5748919248580933, -0.025363219901919365, 0.19388538599014282], [-0.09939196705818176, -0.18453244864940643, 0.9777876734733582, 0.7659396529197693], [0.0, 0.0, 0.0, 1.0]]}, "finger4joint2": {"matrix": [[-0.5888386964797974, -0.39081087708473206, -0.7074850797653198, -2.0562283992767334], [0.8038005232810974, -0.37487736344337463, -0.4619215130805969, -0.37718862295150757], [-0.08469614386558533, -0.8406743407249451, 0.5348765254020691, 0.5826326608657837], [0.0, 0.0, 0.0, 1.0]]}, "finger4joint3": {"matrix": [[-0.5439014434814453, 0.029483024030923843, -0.8386306166648865, -2.219221353530884], [0.8388515710830688, -0.007498865947127342, -0.5443083047866821, -0.5335360765457153], [-0.0223365630954504, -0.9995369911193848, -0.0206531323492527, 0.23201856017112732], [0.0, 0.0, 0.0, 1.0]]}}