{"root": {"matrix": [[0.1548493355512619, -0.9127047657966614, -0.378142386674881, 0.0], [-0.9292052984237671, -0.004546454641968012, -0.36953604221343994, 0.0], [0.33555805683135986, 0.4085943102836609, -0.848794162273407, 2.9802322387695312e-08], [0.0, 0.0, 0.0, 1.0]]}, "carpals": {"matrix": [[0.9540906548500061, -0.1811402291059494, -0.2385353147983551, -0.5006694197654724], [0.29940351843833923, 0.5548016428947449, 0.7762423753738403, -2.0642781257629395], [-0.00826889369636774, -0.8120241165161133, 0.5835652351379395, 1.2542214393615723], [0.0, 0.0, 0.0, 1.0]]}, "metacarpals": {"matrix": [[0.3365696370601654, -0.5545017719268799, 0.7610837817192078, -0.6770988702774048], [-0.3053947687149048, 0.7002747058868408, 0.6452510952949524, -1.52390456199646], [-0.8907607793807983, -0.44960299134254456, 0.0663493275642395, 0.4633147120475769], [0.0, 0.0, 0.0, 1.0]]}, "finger5joint1": {"matrix": [[0.18592719733715057, -0.3944653570652008, 0.8999044299125671, -1.3656775951385498], [-0.14233087003231049, 0.8954012989997864, 0.4218980669975281, -1.3361282348632812], [-0.9721999764442444, -0.2065264731645584, 0.11033490300178528, 0.33574405312538147], [0.0, 0.0, 0.0, 1.0]]}, "finger5joint2": {"matrix": [[0.9097615480422974, -0.3554147183895111, -0.21450869739055634, -1.782340407371521], [0.38507670164108276, 0.9155352115631104, 0.1162339523434639, -0.3903406858444214], [0.15507908165454865, -0.18834730982780457, 0.9697810411453247, 0.1175958663225174], [0.0, 0.0, 0.0, 1.0]]}, "finger5joint3": {"matrix": [[0.8830323219299316, -0.3996342718601227, -0.24606089293956757, -2.0266294479370117], [0.4618793725967407, 0.8329622149467468, 0.3046976327896118, 0.23893874883651733], [0.083191879093647, -0.38270828127861023, 0.9201157689094543, -0.011861830949783325], [0.0, 0.0, 0.0, 1.0]]}, "Bone": {"matrix": [[0.5334574580192566, 0.11386211961507797, 0.8381279110908508, -1.5428301095962524], [-0.7910733222961426, -0.283559113740921, 0.5420301556587219, -0.4305814504623413], [0.2993755638599396, -0.9521709680557251, -0.06119341030716896, -0.23864036798477173], [0.0, 0.0, 0.0, 1.0]]}, "finger1joint1": {"matrix": [[0.42182427644729614, -0.7901387214660645, 0.4446852207183838, -1.4480754137039185], [-0.3795657455921173, 0.2915176749229431, 0.8780357241630554, -0.6665557622909546], [-0.8234038949012756, -0.5391641855239868, -0.17694035172462463, -1.0310251712799072], [0.0, 0.0, 0.0, 1.0]]}, "finger1joint2": {"matrix": [[0.2821252644062042, -0.657473623752594, -0.6986656785011292, -1.8946447372436523], [-0.6346215009689331, -0.6740468144416809, 0.3780423402786255, -0.5017962455749512], [-0.7194864153862, 0.33673295378685, -0.6074126362800598, -1.3357491493225098], [0.0, 0.0, 0.0, 1.0]]}, "finger1joint3": {"matrix": [[0.23384863138198853, -0.12454988062381744, -0.9642624258995056, -2.176492929458618], [-0.5679150819778442, -0.8224842548370361, -0.03149128332734108, -0.7907490730285645], [-0.7891687154769897, 0.554983377456665, -0.263070672750473, -1.1913973093032837], [0.0, 0.0, 0.0, 1.0]]}, "Bone.001": {"matrix": [[0.635396420955658, 0.19150744378566742, 0.7480615377426147, -1.5428301095962524], [-0.7705758810043335, 0.2197774052619934, 0.5982558727264404, -0.43058139085769653], [-0.04983655735850334, -0.9565681219100952, 0.2872169315814972, -0.23864030838012695], [0.0, 0.0, 0.0, 1.0]]}, "finger2joint1": {"matrix": [[0.3945602774620056, -0.7283238172531128, 0.5602378249168396, -1.4214365482330322], [-0.40779340267181396, 0.4075770378112793, 0.8170587420463562, -0.29126808047294617], [-0.8234235644340515, -0.5508403778076172, -0.1361919492483139, -0.8449931740760803], [0.0, 0.0, 0.0, 1.0]]}, "finger2joint2": {"matrix": [[0.27361172437667847, -0.747736394405365, -0.6050013303756714, -2.0515451431274414], [-0.4430190920829773, -0.6562818288803101, 0.610759973526001, 0.06134675443172455], [-0.8537391424179077, 0.10091608017683029, -0.5108280181884766, -1.3215522766113281], [0.0, 0.0, 0.0, 1.0]]}, "finger2joint3": {"matrix": [[0.23899945616722107, 0.2709724009037018, -0.9324446320533752, -2.3353981971740723], [-0.5681584477424622, -0.7397094368934631, -0.3605903089046478, -0.18778860569000244], [-0.7874483466148376, 0.6159573197364807, -0.022834915667772293, -1.2832427024841309], [0.0, 0.0, 0.0, 1.0]]}, "Bone.002": {"matrix": [[0.5771134495735168, -0.2160876989364624, 0.787557065486908, -1.542829990386963], [-0.4083990752696991, 0.7587491273880005, 0.507453978061676, -0.43058139085769653], [-0.7072129845619202, -0.614496111869812, 0.34963440895080566, -0.23864036798477173], [0.0, 0.0, 0.0, 1.0]]}, "finger3joint1": {"matrix": [[0.3931465148925781, 0.24616478383541107, 0.885911226272583, -1.6339131593704224], [-0.3724340796470642, 0.9235520362854004, -0.09134645015001297, -0.11076104640960693], [-0.8406715989112854, -0.29403090476989746, 0.45477139949798584, -0.4976566433906555], [0.0, 0.0, 0.0, 1.0]]}, "finger3joint2": {"matrix": [[0.3924579322338104, -0.8821121454238892, 0.2604898512363434, -1.4179821014404297], [-0.21788685023784637, 0.18598642945289612, 0.958088755607605, 0.6993618011474609], [-0.893589437007904, -0.43276679515838623, -0.11920864135026932, -0.7555750608444214], [0.0, 0.0, 0.0, 1.0]]}, "finger3joint3": {"matrix": [[0.29880833625793457, -0.590010941028595, -0.7500672340393066, -1.9887793064117432], [-0.3664003312587738, -0.7966660261154175, 0.48070111870765686, 0.8197098970413208], [-0.8811721801757812, 0.13118724524974823, -0.45423057675361633, -1.0356099605560303], [0.0, 0.0, 0.0, 1.0]]}, "Bone.003": {"matrix": [[0.6980712413787842, -0.13113784790039062, 0.7039172053337097, -1.5428301095962524], [0.39079105854034424, 0.8935348987579346, -0.22108244895935059, -0.43058139085769653], [-0.5999822616577148, 0.4294159710407257, 0.6749986410140991, -0.23864036798477173], [0.0, 0.0, 0.0, 1.0]]}, "finger4joint1": {"matrix": [[0.32957398891448975, -0.9114487767219543, 0.2462559938430786, -1.5990382432937622], [-0.3043208420276642, 0.14435319602489471, 0.9415680170059204, -0.047594957053661346], [-0.8937391042709351, -0.3852572441101074, -0.22979772090911865, -0.05458429455757141], [0.0, 0.0, 0.0, 1.0]]}, "finger4joint2": {"matrix": [[0.3132878541946411, 0.05166007578372955, -0.9482519030570984, -2.5044338703155518], [-0.2826932668685913, -0.9481790065765381, -0.14505359530448914, 0.09579959511756897], [-0.9066061973571777, 0.31350794434547424, -0.2824490964412689, -0.4372830390930176], [0.0, 0.0, 0.0, 1.0]]}, "finger4joint3": {"matrix": [[0.3217472732067108, 0.7025275230407715, -0.6347705125808716, -2.482888698577881], [-0.20074427127838135, -0.6045627593994141, -0.770846962928772, -0.2996506690979004], [-0.9252999424934387, 0.3754445016384125, -0.053488150238990784, -0.30653056502342224], [0.0, 0.0, 0.0, 1.0]]}}