{"root": {"matrix": [[0.622101366519928, -0.40507739782333374, 0.6700016260147095, -2.9802322387695312e-08], [0.7545309066772461, 0.08176913112401962, -0.6511504650115967, 0.0], [0.2089809626340866, 0.9106185436248779, 0.35651203989982605, 0.0], [0.0, 0.0, 0.0, 1.0]]}, "carpals": {"matrix": [[-0.6398966908454895, -0.7622327208518982, -0.09763773530721664, 0.9350438714027405], [0.6988139152526855, -0.5243313908576965, -0.4865548312664032, 1.8595952987670898], [0.3196735680103302, -0.3795754611492157, 0.8681768774986267, 1.3238519430160522], [0.0, 0.0, 0.0, 1.0]]}, "metacarpals": {"matrix": [[-0.7170131802558899, -0.6037328839302063, 0.34842270612716675, 0.19263386726379395], [0.14358384907245636, -0.6170470714569092, -0.7737159729003906, 1.3488996028900146], [0.6821111440658569, -0.5047367215156555, 0.5291171669960022, 0.9541476964950562], [0.0, 0.0, 0.0, 1.0]]}, "finger5joint1": {"matrix": [[-0.4476141929626465, -0.8854145407676697, 0.1252286583185196, -0.1694166660308838], [0.13017335534095764, -0.2030668705701828, -0.9704734086990356, 1.2898573875427246], [0.8847012519836426, -0.4180962145328522, 0.20615296065807343, 0.3287612199783325], [0.0, 0.0, 0.0, 1.0]]}, "finger5joint2": {"matrix": [[-0.001968066906556487, -0.9922871589660645, 0.1239410936832428, -1.1046555042266846], [-0.9802137017250061, -0.022617515176534653, -0.19664493203163147, 1.0753635168075562], [0.19793151319026947, -0.12187571078538895, -0.9726094007492065, -0.11286222189664841], [0.0, 0.0, 0.0, 1.0]]}, "finger5joint3": {"matrix": [[-0.10141526907682419, -0.9872100949287415, -0.12300541251897812, -1.7866894006729126], [-0.9657250642776489, 0.12738731503486633, -0.22615720331668854, 1.0598177909851074], [0.23893405497074127, 0.095853790640831, -0.9662929773330688, -0.19663168489933014], [0.0, 0.0, 0.0, 1.0]]}, "Bone": {"matrix": [[0.4540788531303406, -0.8537335395812988, 0.2548550069332123, -0.7499607801437378], [0.6950170397758484, 0.1604412943124771, -0.7008635401725769, 0.3855178952217102], [0.5574615001678467, 0.4953760504722595, 0.6662124395370483, 0.16611352562904358], [0.0, 0.0, 0.0, 1.0]]}, "finger1joint1": {"matrix": [[-0.5944440960884094, -0.7514461874961853, 0.28629446029663086, -1.4604272842407227], [0.20859171450138092, -0.48793432116508484, -0.8475903272628784, 0.5190351605415344], [0.7766116261482239, -0.4441264271736145, 0.44679516553878784, 0.5783593654632568], [0.0, 0.0, 0.0, 1.0]]}, "finger1joint2": {"matrix": [[-0.6382339596748352, -0.6873270273208618, -0.3467544615268707, -1.8851284980773926], [0.4664592742919922, 0.013058864511549473, -0.8844462037086487, 0.24326524138450623], [0.6124321818351746, -0.7262304425239563, 0.3122755289077759, 0.3273487091064453], [0.0, 0.0, 0.0, 1.0]]}, "finger1joint3": {"matrix": [[-0.6444216370582581, -0.003151289187371731, -0.7646636962890625, -2.179774284362793], [0.37369582056999207, 0.8711456060409546, -0.3185226023197174, 0.2488633394241333], [0.6671373844146729, -0.4910145103931427, -0.5602074265480042, 0.01602567732334137], [0.0, 0.0, 0.0, 1.0]]}, "Bone.001": {"matrix": [[0.1651669591665268, -0.8194148540496826, 0.5488886833190918, -0.7499607801437378], [0.6205153465270996, -0.34624460339546204, -0.7036157846450806, 0.3855178952217102], [0.7666030526161194, 0.45680803060531616, 0.45127132534980774, 0.16611352562904358], [0.0, 0.0, 0.0, 1.0]]}, "finger2joint1": {"matrix": [[-0.6324191093444824, -0.5628579258918762, 0.5321997404098511, -1.2693743705749512], [0.24399593472480774, -0.7968124151229858, -0.5527710318565369, 0.16603916883468628], [0.7351950407028198, -0.21972838044166565, 0.6412544846534729, 0.4556766748428345], [0.0, 0.0, 0.0, 1.0]]}, "finger2joint2": {"matrix": [[-0.7271926403045654, -0.5610640645027161, 0.39547139406204224, -1.7563304901123047], [0.22097383439540863, -0.7367969751358032, -0.6389840841293335, -0.5233222842216492], [0.6498932838439941, -0.37727564573287964, 0.6597738265991211, 0.26557889580726624], [0.0, 0.0, 0.0, 1.0]]}, "finger2joint3": {"matrix": [[-0.8191543817520142, -0.534175455570221, 0.20890706777572632, -1.9693193435668945], [0.19121210277080536, -0.597710132598877, -0.7785757780075073, -0.8030225038528442], [0.5407621264457703, -0.5978282690048218, 0.5917578339576721, 0.12235885858535767], [0.0, 0.0, 0.0, 1.0]]}, "Bone.002": {"matrix": [[-0.46161752939224243, -0.6350260972976685, 0.6193954944610596, -0.7499607801437378], [0.2143360823392868, -0.7573977708816528, -0.6167727112770081, 0.3855178952217102], [0.8607957363128662, -0.15195424854755402, 0.4857370853424072, 0.16611352562904358], [0.0, 0.0, 0.0, 1.0]]}, "finger3joint1": {"matrix": [[-0.5198965668678284, -0.8525292873382568, -0.05386096611618996, -1.0176305770874023], [0.2533709406852722, -0.09368349611759186, -0.9628221392631531, 0.06626714020967484], [0.8157885074615479, -0.5142146944999695, 0.264711856842041, 0.10206326842308044], [0.0, 0.0, 0.0, 1.0]]}, "finger3joint2": {"matrix": [[-0.6456742882728577, -0.5232944488525391, -0.5561181306838989, -1.765453577041626], [0.27252745628356934, 0.5223975777626038, -0.8079786896705627, -0.015910238027572632], [0.7133257389068604, -0.6732484698295593, -0.19468660652637482, -0.3489964008331299], [0.0, 0.0, 0.0, 1.0]]}, "finger3joint3": {"matrix": [[-0.5681161880493164, -0.23543210327625275, -0.7885527014732361, -2.104067087173462], [0.4300972521305084, 0.7319844365119934, -0.5284081101417542, 0.3221229016780853], [0.7016127109527588, -0.6393516063690186, -0.31459346413612366, -0.7846421599388123], [0.0, 0.0, 0.0, 1.0]]}, "Bone.003": {"matrix": [[-0.3013728857040405, 0.3724971413612366, 0.8777357339859009, -0.7499607801437378], [-0.5784959197044373, -0.8031889200210571, 0.14223232865333557, 0.3855178952217102], [0.7579687833786011, -0.4649016559123993, 0.45754745602607727, 0.16611352562904358], [0.0, 0.0, 0.0, 1.0]]}, "finger4joint1": {"matrix": [[-0.2576073408126831, -0.8458702564239502, 0.46705615520477295, -0.5903011560440063], [0.5010435581207275, -0.5302445888519287, -0.6839559674263, 0.041255563497543335], [0.826192319393158, 0.05782345309853554, 0.5604128241539001, -0.03315235674381256], [0.0, 0.0, 0.0, 1.0]]}, "finger4joint2": {"matrix": [[-0.2678626775741577, -0.9604189991950989, 0.07644853740930557, -1.4305540323257446], [0.47545620799064636, -0.20078366994857788, -0.8565202951431274, -0.48546767234802246], [0.8379681706428528, -0.19308187067508698, 0.5104197859764099, 0.024287093430757523], [0.0, 0.0, 0.0, 1.0]]}, "finger4joint3": {"matrix": [[-0.18818941712379456, -0.9609060883522034, -0.20308513939380646, -1.8311092853546143], [0.5029796957969666, 0.08331048488616943, -0.8602734804153442, -0.5692071318626404], [0.8435614109039307, -0.26404210925102234, 0.4676383137702942, -0.05624019354581833], [0.0, 0.0, 0.0, 1.0]]}}