{"root": {"matrix": [[0.39055466651916504, -0.8698803186416626, 0.3012894093990326, -5.960464477539063e-08], [-0.05662409961223602, -0.34936222434043884, -0.9352751970291138, -2.9802322387695312e-08], [0.9188366532325745, 0.34821581840515137, -0.18570129573345184, 2.9802322387695312e-08], [0.0, 0.0, 0.0, 1.0]]}, "carpals": {"matrix": [[-0.582689106464386, -0.41636309027671814, -0.6979361772537231, -0.002096712589263916], [0.7404316663742065, 0.08203478902578354, -0.6671065092086792, -0.364865779876709], [0.33501380681991577, -0.9054897427558899, 0.2604875862598419, 2.4396421909332275], [0.0, 0.0, 0.0, 1.0]]}, "metacarpals": {"matrix": [[-0.7235552668571472, -0.6281457543373108, -0.2861826419830322, -0.40763187408447266], [0.4519716799259186, -0.1177704855799675, -0.8842236995697021, -0.2849644124507904], [0.5217176675796509, -0.7691311240196228, 0.3691173791885376, 1.557700514793396], [0.0, 0.0, 0.0, 1.0]]}, "finger5joint1": {"matrix": [[-0.7269492745399475, -0.6240465044975281, -0.28654906153678894, -0.5214101076126099], [0.4075688123703003, -0.056261416524648666, -0.9114395976066589, -0.06773702055215836], [0.5526593327522278, -0.7793588042259216, 0.29524093866348267, 0.8753944635391235], [0.0, 0.0, 0.0, 1.0]]}, "finger5joint2": {"matrix": [[-0.15991109609603882, -0.9407589435577393, 0.2989989221096039, -1.1805732250213623], [-0.9197129607200623, 0.031971950083971024, -0.3912868797779083, -0.12716439366340637], [0.3585469424724579, -0.3375641107559204, -0.8703413009643555, 0.05217939615249634], [0.0, 0.0, 0.0, 1.0]]}, "finger5joint3": {"matrix": [[-0.26325514912605286, -0.9513695240020752, -0.15997543931007385, -1.827189564704895], [-0.8897687196731567, 0.30352550745010376, -0.3408569395542145, -0.10518895834684372], [0.3728374242782593, 0.05260913819074631, -0.9264037609100342, -0.17984023690223694], [0.0, 0.0, 0.0, 1.0]]}, "Bone": {"matrix": [[0.5307694673538208, -0.7629521489143372, -0.3690360188484192, -1.3883416652679443], [0.2605234980583191, 0.5612266063690186, -0.7855902314186096, -0.46883681416511536], [0.8064805865287781, 0.3208249807357788, 0.4966488182544708, 0.35687336325645447], [0.0, 0.0, 0.0, 1.0]]}, "finger1joint1": {"matrix": [[-0.6462212800979614, -0.6420262455940247, -0.4125531315803528, -2.023261070251465], [0.43644481897354126, 0.13254453241825104, -0.8899144530296326, -0.0017909780144691467], [0.6260302662849426, -0.7551382184028625, 0.1945558339357376, 0.6238598823547363], [0.0, 0.0, 0.0, 1.0]]}, "finger1joint2": {"matrix": [[-0.47696128487586975, -0.12980236113071442, -0.8692865371704102, -2.386120557785034], [0.6839235424995422, 0.5663959383964539, -0.4598306119441986, 0.07312032580375671], [0.5520476698875427, -0.8138467669487, -0.1813739836215973, 0.1970721185207367], [0.0, 0.0, 0.0, 1.0]]}, "finger1joint3": {"matrix": [[-0.5574595332145691, 0.7295100092887878, -0.39630013704299927, -2.4417643547058105], [0.6125966906547546, 0.6836280822753906, 0.39670878648757935, 0.3159249722957611], [0.5603252053260803, -0.0216230358928442, -0.8279902338981628, -0.15181061625480652], [0.0, 0.0, 0.0, 1.0]]}, "Bone.001": {"matrix": [[0.19391080737113953, -0.9788492918014526, -0.0652100145816803, -1.3883419036865234], [0.34046033024787903, 0.12948773801326752, -0.9312998652458191, -0.46883684396743774], [0.9200462102890015, 0.15838782489299774, 0.35836827754974365, 0.3568732738494873], [0.0, 0.0, 0.0, 1.0]]}, "finger2joint1": {"matrix": [[-0.44415083527565, -0.38763487339019775, -0.8077554702758789, -2.0088181495666504], [0.19989827275276184, 0.8359612822532654, -0.5110862851142883, -0.38675668835639954], [0.8733673095703125, -0.3884681761264801, -0.29380539059638977, 0.4572727680206299], [0.0, 0.0, 0.0, 1.0]]}, "finger2joint2": {"matrix": [[-0.4008301794528961, 0.03728050738573074, -0.9153934121131897, -2.344180107116699], [0.32104846835136414, 0.9415283203125, -0.10223504900932312, 0.33647429943084717], [0.8580576777458191, -0.3348643481731415, -0.38936173915863037, 0.1211899071931839], [0.0, 0.0, 0.0, 1.0]]}, "finger2joint3": {"matrix": [[-0.3105018138885498, 0.34490543603897095, -0.88579261302948, -2.3300278186798096], [0.43476277589797974, 0.8802022337913513, 0.19032882153987885, 0.6938939690589905], [0.84532231092453, -0.32601210474967957, -0.4232563376426697, -0.005930095911026001], [0.0, 0.0, 0.0, 1.0]]}, "Bone.002": {"matrix": [[-0.5425235629081726, -0.8397076725959778, 0.02364182285964489, -1.3883416652679443], [0.3489290773868561, -0.25086066126823425, -0.9029492735862732, -0.46883687376976013], [0.7641444206237793, -0.4816218614578247, 0.4290960729122162, 0.3568733036518097], [0.0, 0.0, 0.0, 1.0]]}, "finger3joint1": {"matrix": [[-0.5207756757736206, -0.6204249858856201, -0.5864002704620361, -1.7422868013381958], [0.4109577536582947, 0.41987767815589905, -0.8092072606086731, -0.5745770931243896], [0.7482690811157227, -0.6624009609222412, 0.03630627691745758, 0.15386483073234558], [0.0, 0.0, 0.0, 1.0]]}, "finger3joint2": {"matrix": [[-0.5891819596290588, -0.0028735357336699963, -0.8079951405525208, -2.2865121364593506], [0.5032579898834229, 0.7810361385345459, -0.36974838376045227, -0.20626816153526306], [0.6321361660957336, -0.6244788765907288, -0.45872628688812256, -0.42718109488487244], [0.0, 0.0, 0.0, 1.0]]}, "finger3joint3": {"matrix": [[-0.4443220794200897, 0.33042746782302856, -0.8327036499977112, -2.2883718013763428], [0.5963912010192871, 0.8026938438415527, 0.000290973752271384, 0.29912495613098145], [0.6685025095939636, -0.49648773670196533, -0.5537185072898865, -0.8312690258026123], [0.0, 0.0, 0.0, 1.0]]}, "Bone.003": {"matrix": [[-0.7813605666160583, 0.044108498841524124, 0.6225190162658691, -1.3883417844772339], [-0.3821544349193573, -0.82242751121521, -0.42139172554016113, -0.46883678436279297], [0.4933897852897644, -0.567157506942749, 0.6594685316085815, 0.3568733334541321], [0.0, 0.0, 0.0, 1.0]]}, "finger4joint1": {"matrix": [[-0.08566030114889145, -0.9580210447311401, 0.2736010253429413, -1.3694359064102173], [0.60146164894104, -0.2686500549316406, -0.7523767948150635, -0.8213452100753784], [0.7942960262298584, 0.10011183470487595, 0.5992254614830017, 0.11377857625484467], [0.0, 0.0, 0.0, 1.0]]}, "finger4joint2": {"matrix": [[-0.10229939222335815, -0.3793491721153259, -0.9195805788040161, -2.3210947513580322], [0.5805045366287231, 0.7279322743415833, -0.3648682236671448, -1.0882112979888916], [0.8078051209449768, -0.5711464881896973, 0.14574705064296722, 0.2132255733013153], [0.0, 0.0, 0.0, 1.0]]}, "finger4joint3": {"matrix": [[-0.05694837123155594, 0.693416178226471, -0.71828293800354, -2.479307174682617], [0.5232605338096619, 0.6334502100944519, 0.5700341463088989, -0.7846176624298096], [0.8502675890922546, -0.3433867394924164, -0.39891117811203003, -0.024978414177894592], [0.0, 0.0, 0.0, 1.0]]}}