{"root": {"matrix": [[0.37679722905158997, -0.8242082595825195, 0.42273467779159546, 0.0], [0.8553845286369324, 0.1344820111989975, -0.5002318620681763, 0.0], [0.3554450571537018, 0.5500866770744324, 0.755687415599823, 5.960464477539063e-08], [0.0, 0.0, 0.0, 1.0]]}, "carpals": {"matrix": [[-0.49215471744537354, -0.4492184817790985, -0.7456448674201965, -0.002157837152481079], [0.7792742848396301, -0.6091031432151794, -0.14739325642585754, 2.1223020553588867], [-0.3879629075527191, -0.653602123260498, 0.6498374938964844, 1.2573044300079346], [0.0, 0.0, 0.0, 1.0]]}, "metacarpals": {"matrix": [[-0.5242400169372559, -0.8372208476066589, -0.15567079186439514, -0.4396939277648926], [0.8454042077064514, -0.5336331725120544, 0.02296031266450882, 1.5290393829345703], [-0.10229398310184479, -0.11956793814897537, 0.9875419735908508, 0.6206998825073242], [0.0, 0.0, 0.0, 1.0]]}, "finger5joint1": {"matrix": [[-0.6317815780639648, -0.6552321910858154, -0.4141526520252228, -0.7614461779594421], [0.7751095294952393, -0.5288109183311462, -0.34578046202659607, 1.0667266845703125], [0.007558060809969902, -0.5394713282585144, 0.8419698476791382, 0.16417250037193298], [0.0, 0.0, 0.0, 1.0]]}, "finger5joint2": {"matrix": [[-0.3823991119861603, -0.6663074493408203, 0.6401597857475281, -1.453549861907959], [-0.3578462302684784, -0.5319555997848511, -0.7674431800842285, 0.5081584453582764], [0.851889967918396, -0.522548258304596, -0.03501635789871216, -0.40565618872642517], [0.0, 0.0, 0.0, 1.0]]}, "finger5joint3": {"matrix": [[-0.47759342193603516, -0.7324645519256592, 0.4851798117160797, -1.9115263223648071], [-0.3631483316421509, -0.33827435970306396, -0.8681551814079285, 0.14252671599388123], [0.8000170588493347, -0.5908174514770508, -0.10443571209907532, -0.7648218870162964], [0.0, 0.0, 0.0, 1.0]]}, "Bone": {"matrix": [[0.7563264966011047, -0.6246063113212585, -0.19451728463172913, -1.7468280792236328], [0.6539357900619507, 0.7301885485649109, 0.19797082245349884, 0.6958897709846497], [0.018380390480160713, -0.2769324481487274, 0.9607133865356445, 0.43402114510536194], [0.0, 0.0, 0.0, 1.0]]}, "finger1joint1": {"matrix": [[-0.3973162770271301, -0.378149151802063, -0.8361475467681885, -2.266617774963379], [0.914903998374939, -0.2340659350156784, -0.3288824260234833, 1.3035438060760498], [-0.07134709507226944, -0.8956651091575623, 0.4389684498310089, 0.20356136560440063], [0.0, 0.0, 0.0, 1.0]]}, "finger1joint2": {"matrix": [[-0.11623618751764297, 0.19769348204135895, -0.9733479022979736, -2.480339527130127], [0.9760897755622864, -0.15849493443965912, -0.14875483512878418, 1.1712547540664673], [-0.18367865681648254, -0.9673657417297363, -0.17454367876052856, -0.3026491403579712], [0.0, 0.0, 0.0, 1.0]]}, "finger1joint3": {"matrix": [[-0.2213865965604782, 0.6377518773078918, -0.7377399802207947, -2.3955914974212646], [0.9611608386039734, 0.014856952242553234, -0.2755888104438782, 1.103310465812683], [-0.16479681432247162, -0.7700984477996826, -0.6162711977958679, -0.7173429131507874], [0.0, 0.0, 0.0, 1.0]]}, "Bone.001": {"matrix": [[0.4718770980834961, -0.8801954388618469, 0.050869591534137726, -1.746828317642212], [0.8808975219726562, 0.4682760238647461, -0.06882447004318237, 0.6958898305892944], [0.03675789386034012, 0.07728762924671173, 0.9963308572769165, 0.43402114510536194], [0.0, 0.0, 0.0, 1.0]]}, "finger2joint1": {"matrix": [[-0.0896095484495163, -0.6049116849899292, -0.7912342548370361, -2.304769515991211], [0.964313805103302, 0.14602603018283844, -0.22085049748420715, 0.9927223324775696], [0.2491358369588852, -0.7827885150909424, 0.5702395439147949, 0.48301252722740173], [0.0, 0.0, 0.0, 1.0]]}, "finger2joint2": {"matrix": [[-0.07044040411710739, 0.7529909014701843, -0.6542496085166931, -2.828108310699463], [0.9898340106010437, 0.1340046525001526, 0.0476578064262867, 1.1190564632415771], [0.12355837225914001, -0.6442415714263916, -0.7547752857208252, -0.19421617686748505], [0.0, 0.0, 0.0, 1.0]]}, "finger2joint3": {"matrix": [[0.0751333087682724, 0.7952410578727722, 0.6016197204589844, -2.5422606468200684], [0.9904273748397827, -0.12957267463207245, 0.04758371040225029, 1.1699268817901611], [0.11579395085573196, 0.5922855138778687, -0.7973638772964478, -0.43878084421157837], [0.0, 0.0, 0.0, 1.0]]}, "Bone.002": {"matrix": [[-0.2763596177101135, -0.9480815529823303, 0.15737362205982208, -1.7468279600143433], [0.9588837027549744, -0.2830127775669098, -0.021112846210598946, 0.6958898305892944], [0.06455541402101517, 0.14506837725639343, 0.9873133301734924, 0.43402114510536194], [0.0, 0.0, 0.0, 1.0]]}, "finger3joint1": {"matrix": [[-0.20031008124351501, -0.6188783645629883, -0.7595163583755493, -2.146454095840454], [0.9766890406608582, -0.06508034467697144, -0.20455603301525116, 0.5765971541404724], [0.07716565579175949, -0.7827858924865723, 0.6174880266189575, 0.49516892433166504], [0.0, 0.0, 0.0, 1.0]]}, "finger3joint2": {"matrix": [[-0.26603206992149353, 0.40136271715164185, -0.8764329552650452, -2.6893227100372314], [0.961301863193512, 0.042934492230415344, -0.27213114500045776, 0.5195097923278809], [-0.07159412652254105, -0.914912223815918, -0.3972525894641876, -0.19147640466690063], [0.0, 0.0, 0.0, 1.0]]}, "finger3joint3": {"matrix": [[-0.09461327642202377, 0.7643264532089233, -0.6378504037857056, -2.4296088218688965], [0.994303822517395, 0.040968284010887146, -0.09839461743831635, 0.5472918748855591], [-0.04907403141260147, -0.6435266733169556, -0.7638487815856934, -0.7834981083869934], [0.0, 0.0, 0.0, 1.0]]}, "Bone.003": {"matrix": [[-0.5874281525611877, -0.13503800332546234, 0.7979302406311035, -1.7468280792236328], [0.48320019245147705, -0.8494628667831421, 0.2119678407907486, 0.6958898305892944], [0.6491883993148804, 0.5100760459899902, 0.56424880027771, 0.43402111530303955], [0.0, 0.0, 0.0, 1.0]]}, "finger4joint1": {"matrix": [[-0.8454841375350952, -0.5027020573616028, -0.18012984097003937, -1.8047080039978027], [0.5085211992263794, -0.8609057664871216, 0.015725556761026382, 0.33179354667663574], [-0.1629801094532013, -0.07830409705638885, 0.9835169315338135, 0.6526496410369873], [0.0, 0.0, 0.0, 1.0]]}, "finger4joint2": {"matrix": [[-0.8601060509681702, -0.05015071853995323, -0.507643461227417, -2.3040716648101807], [0.48886165022850037, -0.36529412865638733, -0.7921957969665527, -0.5233949422836304], [-0.14570999145507812, -0.9295400381088257, 0.33870863914489746, 0.5748655796051025], [0.0, 0.0, 0.0, 1.0]]}, "finger4joint3": {"matrix": [[-0.8454419374465942, 0.2990230619907379, -0.4425070583820343, -2.3249876499176025], [0.5290713906288147, 0.3558726906776428, -0.7703491449356079, -0.6757456064224243], [-0.0728759691119194, -0.8854036331176758, -0.4590742886066437, 0.18718887865543365], [0.0, 0.0, 0.0, 1.0]]}}