{"root": {"matrix": [[0.4266066551208496, -0.4045950770378113, -0.8088940382003784, 0.0], [-0.8047547340393066, -0.5779753923416138, -0.13533011078834534, 0.0], [-0.4127670228481293, 0.7086939811706543, -0.5721679925918579, 5.960464477539063e-08], [0.0, 0.0, 0.0, 1.0]]}, "carpals": {"matrix": [[0.8713769316673279, -0.4898541271686554, 0.02729533426463604, 0.6596765518188477], [0.45757219195365906, 0.8315047025680542, 0.3150036036968231, -2.3704488277435303], [-0.17700204253196716, -0.26199737191200256, 0.9486977458000183, -0.17545393109321594], [0.0, 0.0, 0.0, 1.0]]}, "metacarpals": {"matrix": [[-0.03206849470734596, -0.8095012903213501, 0.5862415432929993, 0.18256151676177979], [0.15546023845672607, 0.5753648281097412, 0.8029863834381104, -1.5605683326721191], [-0.9873213768005371, 0.11688778549432755, 0.10739415884017944, -0.43063777685165405], [0.0, 0.0, 0.0, 1.0]]}, "finger5joint1": {"matrix": [[-0.43813854455947876, -0.8285583257675171, 0.34860527515411377, -0.5149298310279846], [0.429108202457428, 0.1479860246181488, 0.8910476565361023, -1.5898257493972778], [-0.7898737192153931, 0.5399917960166931, 0.290702760219574, -0.2348710000514984], [0.0, 0.0, 0.0, 1.0]]}, "finger5joint2": {"matrix": [[0.28562623262405396, -0.8911945819854736, -0.35240495204925537, -1.390113115310669], [0.9236871600151062, 0.35400083661079407, -0.14657701551914215, -1.4335122108459473], [0.2553803324699402, -0.2836458683013916, 0.9242972731590271, 0.3355073928833008], [0.0, 0.0, 0.0, 1.0]]}, "finger5joint3": {"matrix": [[0.22014732658863068, -0.5661613941192627, -0.7943524718284607, -2.002662420272827], [0.9593637585639954, 0.2730168402194977, 0.07129037380218506, -1.1901949644088745], [0.17650973796844482, -0.7777677178382874, 0.6032587885856628, 0.14054764807224274], [0.0, 0.0, 0.0, 1.0]]}, "Bone": {"matrix": [[0.7423176169395447, -0.25939658284187317, 0.6178008317947388, -1.0812946557998657], [-0.6102703213691711, 0.11894775182008743, 0.7832120656967163, -0.6622641682624817], [-0.27664852142333984, -0.9584177732467651, -0.07000507414340973, -0.24814343452453613], [0.0, 0.0, 0.0, 1.0]]}, "finger1joint1": {"matrix": [[0.08583876490592957, -0.9746930599212646, 0.2064100205898285, -1.297161340713501], [0.09855753928422928, 0.21446561813354492, 0.9717460870742798, -0.5632772445678711], [-0.9914221167564392, -0.06307029724121094, 0.11447274684906006, -1.0457268953323364], [0.0, 0.0, 0.0, 1.0]]}, "finger1joint2": {"matrix": [[0.0383966863155365, -0.7205137610435486, -0.6923767328262329, -1.848036766052246], [-0.20628683269023895, -0.6836779117584229, 0.7000213861465454, -0.442065954208374], [-0.9777378439903259, 0.11594971269369125, -0.17488354444503784, -1.0813729763031006], [0.0, 0.0, 0.0, 1.0]]}, "finger1joint3": {"matrix": [[-0.0055122701451182365, -0.17939595878124237, -0.9837614893913269, -2.156909227371216], [-0.10911128669977188, -0.9777946472167969, 0.17891918122768402, -0.7351474761962891], [-0.9940142035484314, 0.1083257645368576, -0.014184311963617802, -1.0316672325134277], [0.0, 0.0, 0.0, 1.0]]}, "Bone.001": {"matrix": [[0.6781368851661682, -0.28263530135154724, 0.6784154772758484, -1.0812947750091553], [-0.43716520071029663, 0.5868997573852539, 0.6814945340156555, -0.6622641086578369], [-0.590776264667511, -0.7587262988090515, 0.27444005012512207, -0.2481435239315033], [0.0, 0.0, 0.0, 1.0]]}, "finger2joint1": {"matrix": [[0.29527807235717773, -0.40773600339889526, 0.8640382289886475, -1.2604525089263916], [-0.09896671026945114, 0.8864442110061646, 0.45213040709495544, -0.2902379631996155], [-0.9502715468406677, -0.21901528537273407, 0.22139523923397064, -0.7290877103805542], [0.0, 0.0, 0.0, 1.0]]}, "finger2joint2": {"matrix": [[0.1760791540145874, -0.547284722328186, 0.8182147741317749, -1.6132049560546875], [-0.059755995869636536, 0.823725700378418, 0.5638304352760315, 0.4766683578491211], [-0.9825604557991028, -0.148172065615654, 0.11233735829591751, -0.9185685515403748], [0.0, 0.0, 0.0, 1.0]]}, "finger2joint3": {"matrix": [[0.038326095789670944, -0.7348319888114929, 0.6771652698516846, -1.8209631443023682], [-0.015021709725260735, 0.6771628260612488, 0.735679566860199, 0.7893680334091187], [-0.9991521835327148, -0.038367945700883865, 0.014914519153535366, -0.9748170971870422], [0.0, 0.0, 0.0, 1.0]]}, "Bone.002": {"matrix": [[0.27823716402053833, -0.5918499827384949, 0.7565035223960876, -1.0812946557998657], [0.08520841598510742, 0.79970782995224, 0.5943118333816528, -0.6622641086578369], [-0.9567253589630127, -0.10089919716119766, 0.2729390263557434, -0.2481434941291809], [0.0, 0.0, 0.0, 1.0]]}, "finger3joint1": {"matrix": [[0.051843587309122086, 0.03245335817337036, 0.9981277585029602, -1.3307654857635498], [0.09864768385887146, 0.9944170713424683, -0.03745648264884949, -0.32517921924591064], [-0.9937710165977478, 0.10040484368801117, 0.048352647572755814, -0.29067352414131165], [0.0, 0.0, 0.0, 1.0]]}, "finger3joint2": {"matrix": [[0.017563169822096825, -0.9478276968002319, 0.31829893589019775, -1.302297830581665], [0.25602415204048157, 0.3119974136352539, 0.9149366021156311, 0.547105073928833], [-0.9665107727050781, 0.06542307138442993, 0.2481464296579361, -0.20260024070739746], [0.0, 0.0, 0.0, 1.0]]}, "finger3joint3": {"matrix": [[-0.08326101303100586, -0.8150640726089478, -0.5733569860458374, -1.9156184196472168], [0.11367816478013992, -0.5793672800064087, 0.8070999979972839, 0.7489924430847168], [-0.990022599697113, 0.0020218510180711746, 0.14089372754096985, -0.16026626527309418], [0.0, 0.0, 0.0, 1.0]]}, "Bone.003": {"matrix": [[0.28855517506599426, -0.09047248214483261, 0.9531792998313904, -1.0812947750091553], [0.7881382703781128, 0.5877237319946289, -0.18280768394470215, -0.6622641086578369], [-0.5436669588088989, 0.8039871454238892, 0.24089555442333221, -0.2481434941291809], [0.0, 0.0, 0.0, 1.0]]}, "finger4joint1": {"matrix": [[0.19552437961101532, -0.802318274974823, 0.5639640688896179, -1.1200730800628662], [-0.00646338053047657, 0.5739965438842773, 0.8188318610191345, -0.4103543162345886], [-0.9806773662567139, -0.16374671459197998, 0.10704459995031357, 0.09646102041006088], [0.0, 0.0, 0.0, 1.0]]}, "finger4joint2": {"matrix": [[0.18793508410453796, -0.6633661389350891, -0.7243103384971619, -1.9170629978179932], [0.022509099915623665, -0.7343480587005615, 0.6783994436264038, 0.15983031690120697], [-0.9819232225418091, -0.1437986195087433, -0.12307798862457275, -0.06619825959205627], [0.0, 0.0, 0.0, 1.0]]}, "finger4joint3": {"matrix": [[0.2530030906200409, -0.03546414524316788, -0.9668151140213013, -2.193728446960449], [0.07354810833930969, -0.9957307577133179, 0.055771276354789734, -0.14643898606300354], [-0.9646655321121216, -0.08521772921085358, -0.24931465089321136, -0.1261713206768036], [0.0, 0.0, 0.0, 1.0]]}}