{"root": {"matrix": [[0.48345470428466797, -0.8548532724380493, 0.18840759992599487, 0.0], [0.6555002331733704, 0.2108907401561737, -0.7251513600349426, 0.0], [0.5801646709442139, 0.47407910227775574, 0.6623126268386841, 0.0], [0.0, 0.0, 0.0, 1.0]]}, "carpals": {"matrix": [[-0.1408197432756424, -0.5906206369400024, -0.7945670485496521, 0.23539391160011292], [0.9168294072151184, -0.38067033886909485, 0.12047328799962997, 1.7703461647033691], [-0.3736220896244049, -0.711517333984375, 0.5951043963432312, 1.7016022205352783], [0.0, 0.0, 0.0, 1.0]]}, "metacarpals": {"matrix": [[-0.34726718068122864, -0.8286011219024658, -0.4391189217567444, -0.3398669958114624], [0.8270809054374695, -0.4913196563720703, 0.27302393317222595, 1.3995754718780518], [-0.4419756829738617, -0.2683745324611664, 0.8559393882751465, 1.0085885524749756], [0.0, 0.0, 0.0, 1.0]]}, "finger5joint1": {"matrix": [[-0.5552684664726257, -0.6496359705924988, -0.5192780494689941, -0.5711515545845032], [0.694564938545227, -0.7056570649147034, 0.14009873569011688, 0.8617569208145142], [-0.457445353269577, -0.2828797996044159, 0.8430435061454773, 0.5808813571929932], [0.0, 0.0, 0.0, 1.0]]}, "finger5joint2": {"matrix": [[-0.39921852946281433, -0.9003736972808838, 0.1730637550354004, -1.2573440074920654], [0.18676099181175232, -0.2646581828594208, -0.9460846185684204, 0.11639094352722168], [0.8976326584815979, -0.3453727662563324, 0.2738112211227417, 0.2820832431316376], [0.0, 0.0, 0.0, 1.0]]}, "finger5joint3": {"matrix": [[-0.49044954776763916, -0.8244515657424927, -0.2823793888092041, -1.8762025833129883], [0.21303951740264893, 0.20076896250247955, -0.9561933279037476, -0.06551791727542877], [0.8450283408164978, -0.529122531414032, 0.0771738737821579, 0.04469643533229828], [0.0, 0.0, 0.0, 1.0]]}, "Bone": {"matrix": [[0.7991489768028259, -0.40575841069221497, -0.4435320794582367, -1.6335434913635254], [0.588304877281189, 0.6795181035995483, 0.43835195899009705, 0.6324890851974487], [0.12352299690246582, -0.6112406253814697, 0.7817458510398865, 0.5895814299583435], [0.0, 0.0, 0.0, 1.0]]}, "finger1joint1": {"matrix": [[-0.24367009103298187, -0.510039210319519, -0.8249148726463318, -1.9712104797363281], [0.8894944787025452, -0.4565286338329315, 0.019522512331604958, 1.1979756355285645], [-0.3865545392036438, -0.7290001511573792, 0.5649195313453674, 0.08091449737548828], [0.0, 0.0, 0.0, 1.0]]}, "finger1joint2": {"matrix": [[0.02930152416229248, -0.09822975099086761, -0.994732141494751, -2.2594735622406006], [0.850266695022583, -0.5207672715187073, 0.07647186517715454, 0.9399555325508118], [-0.5255358219146729, -0.8480283617973328, 0.06826233118772507, -0.3311005234718323], [0.0, 0.0, 0.0, 1.0]]}, "finger1joint3": {"matrix": [[-0.06800471246242523, 0.33753618597984314, -0.9388526678085327, -2.3015832901000977], [0.8721698522567749, -0.43683093786239624, -0.22022391855716705, 0.716711163520813], [-0.4844535291194916, -0.8338152766227722, -0.26468220353126526, -0.694636344909668], [0.0, 0.0, 0.0, 1.0]]}, "Bone.001": {"matrix": [[0.5565310120582581, -0.7892744541168213, -0.25945863127708435, -1.6335433721542358], [0.8308264017105103, 0.528967559337616, 0.17297588288784027, 0.6324890851974487], [0.0007197197992354631, -0.31183144450187683, 0.9501369595527649, 0.5895814299583435], [0.0, 0.0, 0.0, 1.0]]}, "finger2joint1": {"matrix": [[0.3336672782897949, -0.6301910281181335, -0.7010884881019592, -2.1338515281677246], [0.9051904082298279, 0.42186152935028076, 0.05160417780280113, 0.9677929878234863], [0.2632417678833008, -0.651837170124054, 0.7112043499946594, 0.39191657304763794], [0.0, 0.0, 0.0, 1.0]]}, "finger2joint2": {"matrix": [[0.338666707277298, 0.5812514424324036, -0.7398995161056519, -2.679060459136963], [0.9309728145599365, -0.09304025769233704, 0.35303404927253723, 1.3327659368515015], [0.13636110723018646, -0.808387279510498, -0.5726388096809387, -0.17201969027519226], [0.0, 0.0, 0.0, 1.0]]}, "finger2joint3": {"matrix": [[0.46784815192222595, 0.6171373724937439, 0.6326603889465332, -2.4584081172943115], [0.8788639903068542, -0.40047237277030945, -0.25926777720451355, 1.2974464893341064], [0.09335913509130478, 0.6773203015327454, -0.7297402620315552, -0.47889673709869385], [0.0, 0.0, 0.0, 1.0]]}, "Bone.002": {"matrix": [[-0.14741435647010803, -0.9776955842971802, -0.14959977567195892, -1.6335433721542358], [0.961513876914978, -0.17711491882801056, 0.2100510150194168, 0.6324891448020935], [-0.23186229169368744, -0.11287756264209747, 0.9661771059036255, 0.5895814299583435], [0.0, 0.0, 0.0, 1.0]]}, "finger3joint1": {"matrix": [[0.4902561902999878, -0.8546097874641418, -0.17114514112472534, -2.045651912689209], [0.8646669983863831, 0.45222023129463196, 0.21874189376831055, 0.5578333735466003], [-0.10954379290342331, -0.25522300601005554, 0.9606565833091736, 0.5420023798942566], [0.0, 0.0, 0.0, 1.0]]}, "finger3joint2": {"matrix": [[0.3552210330963135, 0.5157567858695984, -0.7796234488487244, -2.795300006866455], [0.9161503911018372, -0.35777023434638977, 0.18074572086334229, 0.9545125961303711], [-0.18570531904697418, -0.7784570455551147, -0.5995981097221375, 0.31812548637390137], [0.0, 0.0, 0.0, 1.0]]}, "finger3joint3": {"matrix": [[0.5064120888710022, 0.8622535467147827, 0.008087239228188992, -2.4615638256073], [0.8538135290145874, -0.5000993013381958, -0.1445799022912979, 0.7230066061019897], [-0.1206202283501625, 0.0801217332482338, -0.9894599318504333, -0.1855987310409546], [0.0, 0.0, 0.0, 1.0]]}, "Bone.003": {"matrix": [[-0.6818239688873291, -0.3976878225803375, 0.6139708757400513, -1.6335433721542358], [0.6638617515563965, -0.6889193654060364, 0.2909943163394928, 0.6324890851974487], [0.30725160241127014, 0.6059987545013428, 0.7337314486503601, 0.5895813703536987], [0.0, 0.0, 0.0, 1.0]]}, "finger4joint1": {"matrix": [[-0.4562474191188812, -0.6873032450675964, -0.5652008056640625, -1.8040000200271606], [0.741254448890686, -0.6449591517448425, 0.1859288215637207, 0.3372049629688263], [-0.4923208951950073, -0.3341280221939087, 0.8037276864051819, 0.8493243455886841], [0.0, 0.0, 0.0, 1.0]]}, "finger4joint2": {"matrix": [[-0.48271167278289795, 0.12232266366481781, -0.8671943545341492, -2.486739158630371], [0.7297271490097046, -0.4913256764411926, -0.47549673914909363, -0.3034711182117462], [-0.4842388331890106, -0.8623432517051697, 0.14790666103363037, 0.5174151659011841], [0.0, 0.0, 0.0, 1.0]]}, "finger4joint3": {"matrix": [[-0.4784714877605438, 0.582348644733429, -0.657217264175415, -2.435722827911377], [0.7749210000038147, -0.07198271155357361, -0.627945601940155, -0.5083847641944885], [-0.412991464138031, -0.8097457885742188, -0.41683244705200195, 0.15776380896568298], [0.0, 0.0, 0.0, 1.0]]}}