{"root": {"matrix": [[0.5781139135360718, -0.2600654661655426, 0.7734017372131348, 0.0], [0.6703391075134277, 0.6917943358421326, -0.26845115423202515, 5.960464477539063e-08], [-0.46522003412246704, 0.6736368536949158, 0.5742679834365845, 0.0], [0.0, 0.0, 0.0, 1.0]]}, "carpals": {"matrix": [[-0.6442458033561707, -0.6847835183143616, -0.34061482548713684, 0.9658825397491455], [0.5994213223457336, -0.7286880016326904, 0.33122146129608154, 2.2232751846313477], [-0.4750170409679413, 0.00921617727726698, 0.8799282312393188, -0.4572790563106537], [0.0, 0.0, 0.0, 1.0]]}, "metacarpals": {"matrix": [[-0.5484060049057007, -0.8303905725479126, 0.09849865734577179, 0.2989075183868408], [0.789821982383728, -0.4756883382797241, 0.3871713876724243, 1.5135374069213867], [-0.27464887499809265, 0.29012352228164673, 0.9167312383651733, -0.44830259680747986], [0.0, 0.0, 0.0, 1.0]]}, "finger5joint1": {"matrix": [[-0.04395562782883644, -0.9942378997802734, -0.09776757657527924, -0.1192636489868164], [0.9770469069480896, -0.06319985538721085, 0.20343290269374847, 0.9442201852798462], [-0.2084396332502365, -0.08658159524202347, 0.9741952419281006, -0.6116600632667542], [0.0, 0.0, 0.0, 1.0]]}, "finger5joint2": {"matrix": [[-0.18723160028457642, -0.9646498560905457, -0.1854565590620041, -1.1694495677947998], [0.21913722157478333, 0.14302071928977966, -0.9651547074317932, 0.8774639368057251], [0.9575608968734741, -0.22134800255298615, 0.1846127212047577, -0.7031137943267822], [0.0, 0.0, 0.0, 1.0]]}, "finger5joint3": {"matrix": [[-0.2659737765789032, -0.8681629300117493, -0.4189871847629547, -1.8324873447418213], [0.2843339145183563, 0.3446525037288666, -0.8946331143379211, 0.9757670164108276], [0.9210926294326782, -0.35708144307136536, 0.15517964959144592, -0.855254054069519], [0.0, 0.0, 0.0, 1.0]]}, "Bone": {"matrix": [[0.724374532699585, -0.6875211596488953, 0.050948694348335266, -0.9975627064704895], [0.5575090646743774, 0.627658486366272, 0.5433490872383118, 0.770855724811554], [-0.40554237365722656, -0.3651840388774872, 0.8379592895507812, 0.004660755395889282], [0.0, 0.0, 0.0, 1.0]]}, "finger1joint1": {"matrix": [[-0.43442079424858093, -0.8569348454475403, -0.2773822546005249, -1.5697094202041626], [0.8530651926994324, -0.4902781546115875, 0.17862491309642792, 1.2931853532791138], [-0.2890644371509552, -0.15902696549892426, 0.944008469581604, -0.2992408871650696], [0.0, 0.0, 0.0, 1.0]]}, "finger1joint2": {"matrix": [[-0.3121158182621002, -0.3375628590583801, -0.8880510926246643, -2.054030179977417], [0.7678096294403076, -0.6401283144950867, -0.026532012969255447, 1.016090750694275], [-0.5595105290412903, -0.6901354789733887, 0.45897814631462097, -0.3891194462776184], [0.0, 0.0, 0.0, 1.0]]}, "finger1joint3": {"matrix": [[-0.387851357460022, 0.05016365274786949, -0.9203556776046753, -2.198737859725952], [0.7841399908065796, -0.5068603157997131, -0.35807403922080994, 0.7416783571243286], [-0.4844542443752289, -0.8605673313140869, 0.1572510153055191, -0.6849691867828369], [0.0, 0.0, 0.0, 1.0]]}, "Bone.001": {"matrix": [[0.4497065544128418, -0.8405001759529114, 0.30219709873199463, -0.9975625276565552], [0.7969114780426025, 0.5303680300712585, 0.2892085015773773, 0.7708557844161987], [-0.4033554792404175, 0.11076536774635315, 0.9083144664764404, 0.004660747945308685], [0.0, 0.0, 0.0, 1.0]]}, "finger2joint1": {"matrix": [[0.1923782378435135, -0.9154626131057739, 0.3534379005432129, -1.5303418636322021], [0.9230741262435913, 0.29105278849601746, 0.25144004821777344, 1.107047438621521], [-0.3330530524253845, 0.2778778076171875, 0.9010323882102966, 0.07487313449382782], [0.0, 0.0, 0.0, 1.0]]}, "finger2joint2": {"matrix": [[0.07531450688838959, -0.6410220265388489, -0.7638180255889893, -2.3223536014556885], [0.9184098243713379, -0.25376349687576294, 0.30352476239204407, 1.358851432800293], [-0.3883952796459198, -0.7243580222129822, 0.5696089863777161, 0.3152787983417511], [0.0, 0.0, 0.0, 1.0]]}, "finger2joint3": {"matrix": [[0.06923999637365341, 0.8447922468185425, -0.5305952429771423, -2.5656960010528564], [0.8524237275123596, -0.32640525698661804, -0.40845200419425964, 1.2625185251235962], [-0.5182462930679321, -0.42401084303855896, -0.7427216172218323, 0.040300607681274414], [0.0, 0.0, 0.0, 1.0]]}, "Bone.002": {"matrix": [[-0.2685244679450989, -0.8753438591957092, 0.402078777551651, -0.9975626468658447], [0.9363566040992737, -0.13921095430850983, 0.3222678005695343, 0.770855724811554], [-0.22612141072750092, 0.46302589774131775, 0.8570157885551453, 0.004660770297050476], [0.0, 0.0, 0.0, 1.0]]}, "finger3joint1": {"matrix": [[0.07674666494131088, -0.8266196846961975, 0.5575028657913208, -1.3665289878845215], [0.8674662113189697, 0.3310176730155945, 0.37138891220092773, 0.7121769189834595], [-0.491540789604187, 0.4551119804382324, 0.742469310760498, 0.1998308300971985], [0.0, 0.0, 0.0, 1.0]]}, "finger3joint2": {"matrix": [[-0.07661163806915283, -0.38717126846313477, -0.9188191890716553, -2.0916244983673096], [0.8938257694244385, -0.43501976132392883, 0.10878084599971771, 1.0025395154953003], [-0.4418213665485382, -0.8129306435585022, 0.37939122319221497, 0.5990466475486755], [0.0, 0.0, 0.0, 1.0]]}, "finger3joint3": {"matrix": [[0.0598783977329731, 0.495618999004364, -0.8664732575416565, -2.3421552181243896], [0.8401039242744446, -0.49382713437080383, -0.22441066801548004, 0.7210468649864197], [-0.5391102433204651, -0.7144904136657715, -0.44594132900238037, 0.0730152428150177], [0.0, 0.0, 0.0, 1.0]]}, "Bone.003": {"matrix": [[-0.4130585789680481, 0.013734924606978893, 0.9106007218360901, -0.9975626468658447], [0.7269701361656189, -0.5972844362258911, 0.33877065777778625, 0.7708557844161987], [0.5485407114028931, 0.8019118309020996, 0.23672877252101898, 0.004660755395889282], [0.0, 0.0, 0.0, 1.0]]}, "finger4joint1": {"matrix": [[-0.5737612843513489, -0.8019371628761292, -0.1664157211780548, -0.991675615310669], [0.7717570662498474, -0.5973983407020569, 0.2179587334394455, 0.5148480534553528], [-0.2742058336734772, -0.003376368898898363, 0.9616649746894836, 0.34837576746940613], [0.0, 0.0, 0.0, 1.0]]}, "finger4joint2": {"matrix": [[-0.595099925994873, -0.5836381912231445, -0.5524688959121704, -1.7882872819900513], [0.7619248628616333, -0.6283751726150513, -0.15689127147197723, -0.0785830020904541], [-0.2555901110172272, -0.5143060684204102, 0.8186346888542175, 0.3450218141078949], [0.0, 0.0, 0.0, 1.0]]}, "finger4joint3": {"matrix": [[-0.5363790392875671, -0.4492260813713074, -0.7144877910614014, -2.031700849533081], [0.8137354254722595, -0.4998599588871002, -0.29660463333129883, -0.34065496921539307], [-0.2239013910293579, -0.7404968738555908, 0.6336657404899597, 0.13052384555339813], [0.0, 0.0, 0.0, 1.0]]}}