{"root": {"matrix": [[0.5220351815223694, -0.31581899523735046, 0.7922989726066589, 0.0], [0.8492894172668457, 0.10681027919054031, -0.5170097351074219, 0.0], [0.07865587621927261, 0.9427883625030518, 0.3239804208278656, 5.960464477539063e-08], [0.0, 0.0, 0.0, 1.0]]}, "carpals": {"matrix": [[-0.6201319098472595, -0.7826344966888428, -0.05402997508645058, 0.7823649644851685], [0.6476645469665527, -0.4718884825706482, -0.5982070565223694, 2.0833191871643066], [0.44268152117729187, -0.40596064925193787, 0.7995178699493408, 1.0642708539962769], [0.0, 0.0, 0.0, 1.0]]}, "metacarpals": {"matrix": [[-0.6184462904930115, -0.5793629884719849, 0.530907154083252, 0.02008366584777832], [0.02519829198718071, -0.6898763179779053, -0.723488450050354, 1.6237025260925293], [0.7854228615760803, -0.43406084179878235, 0.44125041365623474, 0.6688677072525024], [0.0, 0.0, 0.0, 1.0]]}, "finger5joint1": {"matrix": [[-0.6097562313079834, -0.7490413188934326, 0.25910234451293945, -0.42042291164398193], [-0.16859585046768188, -0.19684647023677826, -0.9658295512199402, 1.5232093334197998], [0.7744498252868652, -0.6326042413711548, -0.006256974767893553, 0.10183161497116089], [0.0, 0.0, 0.0, 1.0]]}, "finger5joint2": {"matrix": [[0.25839418172836304, -0.8570418357849121, 0.4457699656486511, -1.2116146087646484], [-0.965854287147522, -0.22016309201717377, 0.13657692074775696, 1.3152859210968018], [-0.018910128623247147, -0.46583959460258484, -0.8846668601036072, -0.5663707256317139], [0.0, 0.0, 0.0, 1.0]]}, "finger5joint3": {"matrix": [[0.15232117474079132, -0.9506164789199829, 0.2704176604747772, -1.800689458847046], [-0.9882375001907349, -0.14273439347743988, 0.054891329258680344, 1.1639600992202759], [-0.013582764193415642, -0.2755979895591736, -0.9611768126487732, -0.8865586519241333], [0.0, 0.0, 0.0, 1.0]]}, "Bone": {"matrix": [[0.429881751537323, -0.7828688025474548, 0.44979751110076904, -0.8844627737998962], [0.744174063205719, 0.025114301592111588, -0.6675133109092712, 0.5466139912605286], [0.5112790465354919, 0.6216796040534973, 0.5933868885040283, -0.00882178544998169], [0.0, 0.0, 0.0, 1.0]]}, "finger1joint1": {"matrix": [[-0.524305522441864, -0.8494538068771362, 0.05942768603563309, -1.5359565019607544], [0.10497494041919708, -0.13373447954654694, -0.9854415655136108, 0.5675138235092163], [0.8450347781181335, -0.510434091091156, 0.15928910672664642, 0.5085322856903076], [0.0, 0.0, 0.0, 1.0]]}, "finger1joint2": {"matrix": [[-0.500408411026001, -0.43266963958740234, -0.749925434589386, -2.016049385070801], [0.40266910195350647, 0.6504872441291809, -0.6439905166625977, 0.49192994832992554], [0.7664521932601929, -0.624230146408081, -0.15128658711910248, 0.2200459986925125], [0.0, 0.0, 0.0, 1.0]]}, "finger1joint3": {"matrix": [[-0.5575709342956543, 0.09544563293457031, -0.8246238827705383, -2.2015278339385986], [0.31124311685562134, 0.9449398517608643, -0.10107576102018356, 0.7707831859588623], [0.769572913646698, -0.3130154013633728, -0.556577742099762, -0.04755120724439621], [0.0, 0.0, 0.0, 1.0]]}, "Bone.001": {"matrix": [[0.18953707814216614, -0.6831531524658203, 0.7052496075630188, -0.8844628930091858], [0.6245601773262024, -0.470343679189682, -0.6234590411186218, 0.5466139912605286], [0.7576278448104858, 0.5586395263671875, 0.3375227153301239, -0.008821815252304077], [0.0, 0.0, 0.0, 1.0]]}, "finger2joint1": {"matrix": [[-0.5211227536201477, -0.503940999507904, 0.6888208389282227, -1.317502498626709], [0.15192461013793945, -0.8489543199539185, -0.5061573386192322, 0.24847087264060974], [0.8398510217666626, -0.15912127494812012, 0.5189704895019531, 0.3452906608581543], [0.0, 0.0, 0.0, 1.0]]}, "finger2joint2": {"matrix": [[-0.6259763240814209, -0.5352417230606079, 0.5671591758728027, -1.7534865140914917], [0.12065240740776062, -0.784988284111023, -0.6076480150222778, -0.4860011339187622], [0.7704521417617798, -0.3119441568851471, 0.555962324142456, 0.2076270431280136], [0.0, 0.0, 0.0, 1.0]]}, "finger2joint3": {"matrix": [[-0.7313926815986633, -0.5610325336456299, 0.3876941204071045, -1.9566731452941895], [0.08362933248281479, -0.6379995346069336, -0.7654818296432495, -0.7839955687522888], [0.6768090724945068, -0.5274453163146973, 0.5135470628738403, 0.08920793235301971], [0.0, 0.0, 0.0, 1.0]]}, "Bone.002": {"matrix": [[-0.3516029417514801, -0.5365907549858093, 0.7671019434928894, -0.884462833404541], [0.1294439733028412, -0.8394182920455933, -0.5278456807136536, 0.5466140508651733], [0.9271566867828369, -0.08629538863897324, 0.36460039019584656, -0.008821815252304077], [0.0, 0.0, 0.0, 1.0]]}, "finger3joint1": {"matrix": [[0.14442071318626404, -0.8051590323448181, 0.5752054452896118, -1.1106412410736084], [0.5630251169204712, -0.4111640751361847, -0.7169007658958435, 0.19279077649116516], [0.8137231469154358, 0.42739060521125793, 0.39394411444664, -0.04519617557525635], [0.0, 0.0, 0.0, 1.0]]}, "finger3joint2": {"matrix": [[-0.007133870851248503, -0.5148998498916626, -0.857220470905304, -1.8169116973876953], [0.5183091163635254, 0.7311972379684448, -0.4435156285762787, -0.16787472367286682], [0.85516357421875, -0.44746923446655273, 0.26166123151779175, 0.3297029435634613], [0.0, 0.0, 0.0, 1.0]]}, "finger3joint3": {"matrix": [[0.11158408969640732, -0.0944807156920433, -0.9892532229423523, -2.1500933170318604], [0.6211414933204651, 0.7836837768554688, -0.004784635733813047, 0.3052685856819153], [0.7757139205932617, -0.6139325499534607, 0.1461326777935028, 0.040154457092285156], [0.0, 0.0, 0.0, 1.0]]}, "Bone.003": {"matrix": [[-0.0977872833609581, 0.4080612063407898, 0.9077023267745972, -0.884462833404541], [-0.6294862031936646, -0.7318040132522583, 0.26117026805877686, 0.5466139912605286], [0.7708336710929871, -0.5458470582962036, 0.32843005657196045, -0.008821815252304077], [0.0, 0.0, 0.0, 1.0]]}, "finger4joint1": {"matrix": [[-0.20105892419815063, -0.7208917737007141, 0.6632419228553772, -0.7095598578453064], [0.45381346344947815, -0.6685755252838135, -0.5891177654266357, 0.23294857144355774], [0.8681178092956543, 0.18254078924655914, 0.4615735411643982, -0.24278247356414795], [0.0, 0.0, 0.0, 1.0]]}, "finger4joint2": {"matrix": [[-0.20468638837337494, -0.950751781463623, 0.23275309801101685, -1.4256641864776611], [0.4269077181816101, -0.30069130659103394, -0.8528388738632202, -0.4311869442462921], [0.8808251619338989, -0.07520042359828949, 0.46743085980415344, -0.06145394966006279], [0.0, 0.0, 0.0, 1.0]]}, "finger4joint3": {"matrix": [[-0.12832868099212646, -0.9839733242988586, -0.1238052174448967, -1.8221874237060547], [0.4628554880619049, 0.05098317563533783, -0.8849661350250244, -0.5565941333770752], [0.8770952820777893, -0.17087052762508392, 0.44889500737190247, -0.09281725436449051], [0.0, 0.0, 0.0, 1.0]]}}