{"root": {"matrix": [[0.46603259444236755, -0.8795115947723389, -0.09629633277654648, 0.0], [-0.1442745476961136, 0.03183911740779877, -0.989025354385376, 0.0], [0.8729252219200134, 0.4748111665248871, -0.11205314844846725, 2.9802322387695312e-08], [0.0, 0.0, 0.0, 1.0]]}, "carpals": {"matrix": [[0.1917649358510971, -0.5166113376617432, -0.8344691395759583, 0.20386657118797302], [0.9794095754623413, 0.046058539301157, 0.19655847549438477, -0.18391598761081696], [-0.06310971081256866, -0.8549801111221313, 0.5148066282272339, 2.4514482021331787], [0.0, 0.0, 0.0, 1.0]]}, "metacarpals": {"matrix": [[0.3422335982322693, -0.8108628392219543, -0.4747392535209656, -0.2993098497390747], [0.917264997959137, 0.17877064645290375, 0.3559013307094574, -0.1390552520751953], [-0.20371755957603455, -0.5572630167007446, 0.8049576282501221, 1.6187026500701904], [0.0, 0.0, 0.0, 1.0]]}, "finger5joint1": {"matrix": [[-0.17825232446193695, -0.7772647738456726, -0.6033948659896851, -0.6268023252487183], [0.8542343974113464, -0.4265906810760498, 0.29715949296951294, -0.3443911671638489], [-0.4883740246295929, -0.4624713361263275, 0.740007221698761, 1.005301833152771], [0.0, 0.0, 0.0, 1.0]]}, "finger5joint2": {"matrix": [[-0.6619314551353455, -0.7463524341583252, 0.06931217759847641, -1.447805643081665], [0.2708720266819, -0.32440030574798584, -0.90630704164505, -0.7949870824813843], [0.6989096403121948, -0.5811383724212646, 0.41689661145210266, 0.5168061256408691], [0.0, 0.0, 0.0, 1.0]]}, "finger5joint3": {"matrix": [[-0.7315242886543274, -0.674425482749939, -0.10010906308889389, -1.9607996940612793], [0.28888794779777527, -0.17359478771686554, -0.9414925575256348, -1.017958641052246], [0.617588460445404, -0.7176450490951538, 0.32182204723358154, 0.1173693835735321], [0.0, 0.0, 0.0, 1.0]]}, "Bone": {"matrix": [[0.891202986240387, 0.27381110191345215, -0.3616412878036499, -1.5652918815612793], [-0.0643923357129097, 0.8655547499656677, 0.49665725231170654, 0.1400553584098816], [0.44901055097579956, -0.41933539509773254, 0.7890164852142334, 0.7486604452133179], [0.0, 0.0, 0.0, 1.0]]}, "finger1joint1": {"matrix": [[0.4398753345012665, -0.8953744173049927, -0.0693829283118248, -1.3374295234680176], [0.8952903747558594, 0.43114691972732544, 0.11210405081510544, 0.8603593111038208], [-0.0704607293009758, -0.11142951995134354, 0.9912711381912231, 0.3996947407722473], [0.0, 0.0, 0.0, 1.0]]}, "finger1joint2": {"matrix": [[0.4579322040081024, -0.8663042783737183, -0.19953642785549164, -1.8434759378433228], [0.8098453879356384, 0.31394246220588684, 0.49557092785835266, 1.1040343046188354], [-0.36667218804359436, -0.3885314166545868, 0.8453370332717896, 0.3367171883583069], [0.0, 0.0, 0.0, 1.0]]}, "finger1joint3": {"matrix": [[0.4668424427509308, 0.1327229142189026, -0.8743240237236023, -2.214846134185791], [0.8438040614128113, -0.3627537488937378, 0.3954799473285675, 1.2386161088943481], [-0.2646750211715698, -0.9223850965499878, -0.2813408374786377, 0.17016012966632843], [0.0, 0.0, 0.0, 1.0]]}, "Bone.001": {"matrix": [[0.8820321559906006, -0.20311273634433746, -0.4251636564731598, -1.5652918815612793], [0.2912677228450775, 0.9443054795265198, 0.15313391387462616, 0.1400553584098816], [0.3703809976577759, -0.2589053213596344, 0.8920681476593018, 0.7486605048179626], [0.0, 0.0, 0.0, 1.0]]}, "finger2joint1": {"matrix": [[0.561651885509491, -0.32702314853668213, -0.7600017786026001, -1.6940416097640991], [0.8183185458183289, 0.3550935685634613, 0.4519546329975128, 0.7386351227760315], [0.12207228690385818, -0.8757647275924683, 0.4670482873916626, 0.5845445990562439], [0.0, 0.0, 0.0, 1.0]]}, "finger2joint2": {"matrix": [[0.5975978970527649, -0.27857401967048645, -0.7518463730812073, -1.9769654273986816], [0.8017948269844055, 0.20609499514102936, 0.5609365105628967, 1.0458439588546753], [-0.0013103955425322056, -0.9380409717559814, 0.3465213179588318, -0.1731223464012146], [0.0, 0.0, 0.0, 1.0]]}, "finger2joint3": {"matrix": [[0.6264756321907043, -0.1797487735748291, -0.7584314942359924, -2.082716464996338], [0.7667919993400574, -0.03245887532830238, 0.6410742402076721, 1.124081015586853], [-0.13985000550746918, -0.9831766486167908, 0.11749544739723206, -0.5292180776596069], [0.0, 0.0, 0.0, 1.0]]}, "Bone.002": {"matrix": [[0.4971696138381958, -0.8038780093193054, -0.3265001177787781, -1.5652917623519897], [0.8647541999816895, 0.48982328176498413, 0.11078467220067978, 0.1400553435087204], [0.07087019085884094, -0.33742091059684753, 0.9386821985244751, 0.7486604452133179], [0.0, 0.0, 0.0, 1.0]]}, "finger3joint1": {"matrix": [[0.6649999618530273, -0.744834303855896, -0.05474253371357918, -1.9041345119476318], [0.7466235160827637, 0.6612366437911987, 0.07293437421321869, 0.3465207815170288], [-0.01812613196671009, -0.08937317132949829, 0.995833158493042, 0.606434166431427], [0.0, 0.0, 0.0, 1.0]]}, "finger3joint2": {"matrix": [[0.5404755473136902, 0.22874262928962708, -0.8096683621406555, -2.5574891567230225], [0.8383884429931641, -0.227227121591568, 0.495451956987381, 0.9265453815460205], [-0.07064744830131531, -0.9465963244438171, -0.3145855963230133, 0.5280376672744751], [0.0, 0.0, 0.0, 1.0]]}, "finger3joint3": {"matrix": [[0.679609477519989, 0.7024602890014648, -0.21137721836566925, -2.4094746112823486], [0.7308105826377869, -0.673321008682251, 0.11204758286476135, 0.7795112133026123], [-0.06361562758684158, -0.230625718832016, -0.9709606766700745, -0.08448619395494461], [0.0, 0.0, 0.0, 1.0]]}, "Bone.003": {"matrix": [[-0.2573332190513611, -0.8890432119369507, 0.378657728433609, -1.5652918815612793], [0.8888739347457886, -0.3714892268180847, -0.26813942193984985, 0.1400553584098816], [0.3790550231933594, 0.26757779717445374, 0.885843813419342, 0.7486604452133179], [0.0, 0.0, 0.0, 1.0]]}, "finger4joint1": {"matrix": [[-0.03500011935830116, -0.7918340563774109, -0.6097322702407837, -1.9463529586791992], [0.8806428909301758, -0.3128797113895416, 0.35577255487442017, -0.01917213201522827], [-0.4724855124950409, -0.5245044231414795, 0.7082741260528564, 0.8633495569229126], [0.0, 0.0, 0.0, 1.0]]}, "finger4joint2": {"matrix": [[-0.06490974873304367, 0.4075285792350769, -0.9108824133872986, -2.732928514480591], [0.8799449801445007, -0.4071178734302521, -0.2448497712612152, -0.3299740254878998], [-0.4706195890903473, -0.8174198865890503, -0.3321768343448639, 0.3423283100128174], [0.0, 0.0, 0.0, 1.0]]}, "finger4joint3": {"matrix": [[-0.08522936701774597, 0.9068684577941895, -0.412704735994339, -2.5629634857177734], [0.9142289161682129, -0.09350237250328064, -0.3942617177963257, -0.49976781010627747], [-0.39613214135169983, -0.4109095335006714, -0.8211164474487305, 0.0014128237962722778], [0.0, 0.0, 0.0, 1.0]]}}