{"root": {"matrix": [[0.6193428635597229, -0.1896744966506958, 0.7618648409843445, 1.4901161193847656e-08], [0.6624952554702759, 0.6469966769218445, -0.37748557329177856, 0.0], [-0.42132455110549927, 0.738524854183197, 0.5263711810112, 5.960464477539063e-08], [0.0, 0.0, 0.0, 1.0]]}, "carpals": {"matrix": [[-0.5939990878105164, -0.7801774144172668, -0.19618326425552368, 1.1293176412582397], [0.7900765538215637, -0.6116793751716614, 0.04033885896205902, 2.173945903778076], [-0.15147274732589722, -0.131038635969162, 0.9797370433807373, -0.2891123294830322], [0.0, 0.0, 0.0, 1.0]]}, "metacarpals": {"matrix": [[-0.428377628326416, -0.7969910502433777, 0.4257904291152954, 0.36942946910858154], [0.8388710618019104, -0.5259064435958862, -0.14041948318481445, 1.5781738758087158], [0.33583906292915344, 0.2970306873321533, 0.8938594460487366, -0.41674309968948364], [0.0, 0.0, 0.0, 1.0]]}, "finger5joint1": {"matrix": [[-0.40231579542160034, -0.9139963388442993, 0.05246179550886154, -0.18537968397140503], [0.7764190435409546, -0.3709990978240967, -0.5094438791275024, 1.1886262893676758], [0.48509320616722107, -0.16422508656978607, 0.8589031100273132, -0.6738698482513428], [0.0, 0.0, 0.0, 1.0]]}, "finger5joint2": {"matrix": [[0.03963273763656616, -0.9433812499046326, 0.32933273911476135, -1.1508086919784546], [-0.5278847217559814, -0.2996104061603546, -0.7947144508361816, 0.7967501878738403], [0.8483905792236328, -0.14235316216945648, -0.5098711848258972, -0.8473361730575562], [0.0, 0.0, 0.0, 1.0]]}, "finger5joint3": {"matrix": [[-0.06680155545473099, -0.989171028137207, 0.13068045675754547, -1.7992277145385742], [-0.5089931488037109, -0.07886509597301483, -0.8571498990058899, 0.590817391872406], [0.8581742644309998, -0.12377455085515976, -0.49821317195892334, -0.9451805353164673], [0.0, 0.0, 0.0, 1.0]]}, "Bone": {"matrix": [[0.6823573112487793, -0.617364764213562, 0.39147016406059265, -0.8748947381973267], [0.659138023853302, 0.7511734366416931, 0.035712048411369324, 0.7570880055427551], [-0.3161093592643738, 0.23366455733776093, 0.9194974303245544, 0.04700423777103424], [0.0, 0.0, 0.0, 1.0]]}, "finger1joint1": {"matrix": [[-0.27102890610694885, -0.8540089130401611, 0.4440852105617523, -1.3886581659317017], [0.9070523381233215, -0.38100987672805786, -0.1791292428970337, 1.3822052478790283], [0.3221789598464966, 0.35425931215286255, 0.877895712852478, 0.2414570152759552], [0.0, 0.0, 0.0, 1.0]]}, "finger1joint2": {"matrix": [[-0.37622979283332825, -0.7582429051399231, -0.5324645638465881, -1.8713254928588867], [0.9259580373764038, -0.2875799834728241, -0.24474358558654785, 1.166866660118103], [0.03244895488023758, -0.5851198434829712, 0.8102973103523254, 0.44167670607566833], [0.0, 0.0, 0.0, 1.0]]}, "finger1joint3": {"matrix": [[-0.40014752745628357, 0.08083980530500412, -0.912878155708313, -2.1963717937469482], [0.9063353538513184, 0.18249665200710297, -0.3811182975769043, 1.0435858964920044], [0.1357877105474472, -0.9798774123191833, -0.14629366993904114, 0.19084545969963074], [0.0, 0.0, 0.0, 1.0]]}, "Bone.001": {"matrix": [[0.47436612844467163, -0.6492437124252319, 0.5945241451263428, -0.8748947978019714], [0.8737205266952515, 0.4298054575920105, -0.22777052223682404, 0.7570880651473999], [-0.10765112936496735, 0.6274946928024292, 0.7711428999900818, 0.047004252672195435], [0.0, 0.0, 0.0, 1.0]]}, "finger2joint1": {"matrix": [[-0.2631910443305969, -0.6432035565376282, -0.7190404534339905, -1.2864398956298828], [0.9102470278739929, 0.08139282464981079, -0.4059867262840271, 1.0295346975326538], [0.31965693831443787, -0.761356770992279, 0.5640523433685303, 0.44476285576820374], [0.0, 0.0, 0.0, 1.0]]}, "finger2joint2": {"matrix": [[-0.25269925594329834, -0.5113214254379272, -0.8213970065116882, -1.8429065942764282], [0.947485089302063, 0.04119737818837166, -0.31713494658470154, 1.0999516248703003], [0.19599738717079163, -0.858401358127594, 0.47405895590782166, -0.2139241099357605], [0.0, 0.0, 0.0, 1.0]]}, "finger2joint3": {"matrix": [[-0.2352670282125473, -0.2765671908855438, -0.9317507743835449, -2.0370125770568848], [0.9704790711402893, -0.014471594244241714, -0.24075019359588623, 1.1155908107757568], [0.05309973657131195, -0.9608854651451111, 0.27180734276771545, -0.5397874116897583], [0.0, 0.0, 0.0, 1.0]]}, "Bone.002": {"matrix": [[-0.12209603190422058, -0.7221444845199585, 0.6808814406394958, -0.8748947381973267], [0.9294171929359436, -0.3238911032676697, -0.17685632407665253, 0.7570880055427551], [0.34824734926223755, 0.6112294793128967, 0.7107195258140564, 0.047004252672195435], [0.0, 0.0, 0.0, 1.0]]}, "finger3joint1": {"matrix": [[-0.10571625828742981, -0.8672135472297668, 0.4865843951702118, -1.179286003112793], [0.9712439179420471, -0.1950244903564453, -0.1365678906440735, 0.6205646395683289], [0.2133295089006424, 0.4581546187400818, 0.8628932237625122, 0.3046436011791229], [0.0, 0.0, 0.0, 1.0]]}, "finger3joint2": {"matrix": [[-0.260307639837265, -0.5028241872787476, -0.8242616653442383, -1.9399895668029785], [0.9327448606491089, 0.08960028737783432, -0.3492260277271271, 0.44949281215667725], [0.24945347011089325, -0.8597322702407837, 0.4456830620765686, 0.7065284252166748], [0.0, 0.0, 0.0, 1.0]]}, "finger3joint3": {"matrix": [[-0.1426112949848175, 0.2597731649875641, -0.9550808668136597, -2.265357255935669], [0.9814690947532654, 0.16189007461071014, -0.102518729865551, 0.5074713826179504], [0.12798655033111572, -0.9520028829574585, -0.2780469059944153, 0.1502126008272171], [0.0, 0.0, 0.0, 1.0]]}, "Bone.003": {"matrix": [[-0.08642575889825821, 0.11201179027557373, 0.9899412393569946, -0.8748947381973267], [0.358665406703949, -0.9235337376594543, 0.13581052422523499, 0.7570879459381104], [0.9294566512107849, 0.36679524183273315, 0.03964248672127724, 0.04700426757335663], [0.0, 0.0, 0.0, 1.0]]}, "finger4joint1": {"matrix": [[-0.5848274230957031, -0.7620458006858826, 0.2779613733291626, -0.826884388923645], [0.7248659729957581, -0.6447716951370239, -0.24256673455238342, 0.36124348640441895], [0.3640686273574829, 0.05962490662932396, 0.9294614791870117, 0.20421983301639557], [0.0, 0.0, 0.0, 1.0]]}, "finger4joint2": {"matrix": [[-0.5966656804084778, -0.7932896614074707, -0.12116494029760361, -1.583869457244873], [0.7050760388374329, -0.4461250603199005, -0.5512167811393738, -0.2792462706565857], [0.3832198679447174, -0.4143228828907013, 0.8255172967910767, 0.2634487748146057], [0.0, 0.0, 0.0, 1.0]]}, "finger4joint3": {"matrix": [[-0.5268210768699646, -0.7477850317955017, -0.4040748178958893, -1.9147210121154785], [0.7477082014083862, -0.18163633346557617, -0.6387020945549011, -0.4653084874153137], [0.4042172133922577, -0.6386121511459351, 0.6548150181770325, 0.09065009653568268], [0.0, 0.0, 0.0, 1.0]]}}