{"root": {"matrix": [[0.616482675075531, -0.46401965618133545, 0.6361091732978821, 0.0], [0.733971893787384, 0.04622718691825867, -0.6776047945022583, 0.0], [0.2850164771080017, 0.8846179246902466, 0.36907559633255005, 0.0], [0.0, 0.0, 0.0, 1.0]]}, "carpals": {"matrix": [[-0.5572623610496521, -0.7998352646827698, -0.22298388183116913, 0.868454098701477], [0.760840892791748, -0.38431698083877563, -0.5228971838951111, 1.7812869548797607], [0.3325352072715759, -0.46104615926742554, 0.8227128982543945, 1.4689419269561768], [0.0, 0.0, 0.0, 1.0]]}, "metacarpals": {"matrix": [[-0.7946872115135193, -0.5716321468353271, 0.20422671735286713, 0.08941936492919922], [0.1851811707019806, -0.5487038493156433, -0.8152496218681335, 1.4069645404815674], [0.5780829787254333, -0.6100495457649231, 0.5419034361839294, 1.0198856592178345], [0.0, 0.0, 0.0, 1.0]]}, "finger5joint1": {"matrix": [[-0.4709163308143616, -0.8784438967704773, 0.08107877522706985, -0.18136554956436157], [0.23078356683254242, -0.21138009428977966, -0.9497669339179993, 1.3967102766036987], [0.8514556288719177, -0.4285490810871124, 0.3022727370262146, 0.3473939299583435], [0.0, 0.0, 0.0, 1.0]]}, "finger5joint2": {"matrix": [[0.08118420839309692, -0.9822909832000732, 0.16885684430599213, -1.1092414855957031], [-0.9509941935539246, -0.12705598771572113, -0.28189805150032043, 1.1734353303909302], [0.29836025834083557, -0.13769611716270447, -0.9444683790206909, -0.10527060925960541], [0.0, 0.0, 0.0, 1.0]]}, "finger5joint3": {"matrix": [[-0.020292405039072037, -0.9927690625190735, -0.11830868571996689, -1.7844045162200928], [-0.9417340755462646, 0.05871780961751938, -0.3311929404735565, 1.086105227470398], [0.3357450067996979, 0.10469481348991394, -0.9361163377761841, -0.19991397857666016], [0.0, 0.0, 0.0, 1.0]]}, "Bone": {"matrix": [[0.4226769208908081, -0.9009780883789062, 0.09788979589939117, -0.8030570149421692], [0.6376796960830688, 0.2189144641160965, -0.7385396957397461, 0.5502854585647583], [0.6439785957336426, 0.37458619475364685, 0.6670655608177185, 0.06742894649505615], [0.0, 0.0, 0.0, 1.0]]}, "finger1joint1": {"matrix": [[-0.5160627961158752, -0.615598201751709, 0.5955818295478821, -1.5528398752212524], [0.3448965549468994, -0.7858092188835144, -0.5133713483810425, 0.7324633598327637], [0.7840442657470703, -0.05951765179634094, 0.6178445816040039, 0.3791549801826477], [0.0, 0.0, 0.0, 1.0]]}, "finger1joint2": {"matrix": [[-0.66047203540802, -0.6756986379623413, -0.327426016330719, -1.9007627964019775], [0.5004666447639465, -0.07108219712972641, -0.86283278465271, 0.2883409857749939], [0.5597408413887024, -0.7337426543235779, 0.3851124942302704, 0.3455168604850769], [0.0, 0.0, 0.0, 1.0]]}, "finger1joint3": {"matrix": [[-0.6649994850158691, 0.026637684553861618, -0.7463684678077698, -2.1904237270355225], [0.41278108954429626, 0.8459588885307312, -0.3375874161720276, 0.25786927342414856], [0.6224046349525452, -0.5325822234153748, -0.5735576748847961, 0.03097344934940338], [0.0, 0.0, 0.0, 1.0]]}, "Bone.001": {"matrix": [[0.10135750472545624, -0.9023685455322266, 0.41887620091438293, -0.803057074546814], [0.5823230743408203, -0.28756532073020935, -0.7603984475135803, 0.5502854585647583], [0.8066140413284302, 0.32099348306655884, 0.4963231682777405, 0.06742894649505615], [0.0, 0.0, 0.0, 1.0]]}, "finger2joint1": {"matrix": [[-0.7215491533279419, -0.6918341517448425, -0.02705276571214199, -1.3750537633895874], [0.2700522840023041, -0.24524277448654175, -0.931089460849762, 0.3680024743080139], [0.6375251412391663, -0.6791325211524963, 0.36378616094589233, 0.27090153098106384], [0.0, 0.0, 0.0, 1.0]]}, "finger2joint2": {"matrix": [[-0.7755560278892517, -0.474077969789505, -0.41684839129447937, -1.9735933542251587], [0.3316521942615509, 0.25586676597595215, -0.90804123878479, 0.15583094954490662], [0.5371401906013489, -0.8424854874610901, -0.041209958493709564, -0.31664928793907166], [0.0, 0.0, 0.0, 1.0]]}, "finger2joint3": {"matrix": [[-0.7844436764717102, -0.05809614434838295, -0.6174727082252502, -2.1535611152648926], [0.43861135840415955, 0.6519283652305603, -0.6185541749000549, 0.252962201833725], [0.43848374485969543, -0.7560515403747559, -0.48591944575309753, -0.6364706158638], [0.0, 0.0, 0.0, 1.0]]}, "Bone.002": {"matrix": [[-0.5631409287452698, -0.6651259064674377, 0.4903869926929474, -0.803057074546814], [0.22877414524555206, -0.6957191824913025, -0.6809090971946716, 0.5502854585647583], [0.794062077999115, -0.2712598741054535, 0.5439515709877014, 0.06742896884679794], [0.0, 0.0, 0.0, 1.0]]}, "finger3joint1": {"matrix": [[-0.3785824477672577, -0.8854002356529236, -0.26970627903938293, -1.0834143161773682], [0.2992374002933502, 0.1586620807647705, -0.9408949613571167, 0.2570328414440155], [0.8758609890937805, -0.4369123578071594, 0.20487822592258453, -0.04690977931022644], [0.0, 0.0, 0.0, 1.0]]}, "finger3joint2": {"matrix": [[-0.5030699968338013, -0.4272448718547821, -0.7512537240982056, -1.860071063041687], [0.3568328022956848, 0.6890252828598022, -0.6308045983314514, 0.3962083160877228], [0.7871410250663757, -0.5854107737541199, -0.19417288899421692, -0.4301612377166748], [0.0, 0.0, 0.0, 1.0]]}, "finger3joint3": {"matrix": [[-0.39014071226119995, -0.09486794471740723, -0.9158547520637512, -2.136532783508301], [0.491569459438324, 0.8196021318435669, -0.2942988872528076, 0.8420629501342773], [0.778556227684021, -0.5650242567062378, -0.27312585711479187, -0.8089690208435059], [0.0, 0.0, 0.0, 1.0]]}, "Bone.003": {"matrix": [[-0.4540761411190033, 0.37020134925842285, 0.810410737991333, -0.803057074546814], [-0.5716575384140015, -0.8187330961227417, 0.053700994700193405, 0.5502854585647583], [0.6833903193473816, -0.4388931691646576, 0.5833955407142639, 0.06742896884679794], [0.0, 0.0, 0.0, 1.0]]}, "finger4joint1": {"matrix": [[-0.3067580461502075, -0.8008902668952942, 0.5142701268196106, -0.6443816423416138], [0.582101583480835, -0.5853544473648071, -0.5643736720085144, 0.19936054944992065], [0.7530319690704346, 0.12623141705989838, 0.6457617878913879, -0.12068919092416763], [0.0, 0.0, 0.0, 1.0]]}, "finger4joint2": {"matrix": [[-0.315048485994339, -0.9349057078361511, 0.16338635981082916, -1.439953088760376], [0.5575237274169922, -0.32162660360336304, -0.765325665473938, -0.3821065425872803], [0.7680569291114807, -0.15002286434173584, 0.6225603222846985, 0.004703935235738754], [0.0, 0.0, 0.0, 1.0]]}, "finger4joint3": {"matrix": [[-0.23859946429729462, -0.9643675088882446, -0.11430192738771439, -1.8298677206039429], [0.5934654474258423, -0.05163263902068138, -0.80320143699646, -0.5162451267242432], [0.7686798572540283, -0.2594776749610901, 0.5846385955810547, -0.05786503106355667], [0.0, 0.0, 0.0, 1.0]]}}