{"root": {"matrix": [[0.20557093620300293, -0.9563371539115906, -0.20774932205677032, -5.960464477539063e-08], [-0.9664186835289001, -0.16492952406406403, -0.19706138968467712, 0.0], [0.15419305860996246, 0.24128291010856628, -0.9581268429756165, 0.0], [0.0, 0.0, 0.0, 1.0]]}, "carpals": {"matrix": [[0.8180657625198364, -0.07312560081481934, -0.5704566836357117, -0.4478285610675812], [0.3944459855556488, 0.793179452419281, 0.46398094296455383, -2.3248114585876465], [0.41854575276374817, -0.6045814156532288, 0.6777172088623047, 0.6925938725471497], [0.0, 0.0, 0.0, 1.0]]}, "metacarpals": {"matrix": [[0.5468395948410034, -0.5888469219207764, 0.5951685905456543, -0.5190524458885193], [0.4662668704986572, 0.8046205043792725, 0.36766916513442993, -1.5522594451904297], [-0.6953858137130737, 0.07645132392644882, 0.7145583033561707, 0.10373522341251373], [0.0, 0.0, 0.0, 1.0]]}, "finger5joint1": {"matrix": [[0.1927415430545807, -0.8638388514518738, 0.4654385447502136, -1.1958740949630737], [0.8035244345664978, 0.4111974537372589, 0.4304237961769104, -1.3261481523513794], [-0.5632040500640869, 0.29103073477745056, 0.773370623588562, -0.02456611394882202], [0.0, 0.0, 0.0, 1.0]]}, "finger5joint2": {"matrix": [[0.529708206653595, -0.27208706736564636, -0.8033538460731506, -2.108322858810425], [0.3767121136188507, 0.9240759611129761, -0.06458155065774918, -0.8918116688728333], [0.7599321007728577, -0.2684238851070404, 0.5919893980026245, 0.28284159302711487], [0.0, 0.0, 0.0, 1.0]]}, "finger5joint3": {"matrix": [[0.5454151630401611, 0.2621423304080963, -0.7961175441741943, -2.2953381538391113], [0.4643160402774811, 0.6962755918502808, 0.5473665595054626, -0.25666186213493347], [0.6978054642677307, -0.6681925058364868, 0.25804242491722107, 0.09834446012973785], [0.0, 0.0, 0.0, 1.0]]}, "Bone": {"matrix": [[0.6137766242027283, 0.3392169773578644, 0.7128884196281433, -1.438405990600586], [-0.7511194348335266, 0.5289591550827026, 0.39499542117118835, -0.296023428440094], [-0.24309968948364258, -0.7779034972190857, 0.5794553756713867, 0.22309696674346924], [0.0, 0.0, 0.0, 1.0]]}, "finger1joint1": {"matrix": [[0.6320593357086182, -0.691591203212738, 0.34957459568977356, -1.156113862991333], [0.3681756258010864, 0.664951503276825, 0.6498351693153381, 0.14416983723640442], [-0.6818705797195435, -0.2820297181606293, 0.6749159693717957, -0.42426472902297974], [0.0, 0.0, 0.0, 1.0]]}, "finger1joint2": {"matrix": [[0.5093216300010681, -0.840320348739624, 0.1856154352426529, -1.5469862222671509], [0.13947314023971558, 0.2934383153915405, 0.9457488059997559, 0.5199860334396362], [-0.8491988182067871, -0.45580214262008667, 0.26665663719177246, -0.5836618542671204], [0.0, 0.0, 0.0, 1.0]]}, "finger1joint3": {"matrix": [[0.555985152721405, -0.765099823474884, -0.32481178641319275, -1.9072177410125732], [0.22367513179779053, -0.23864343762397766, 0.9449964761734009, 0.645778238773346], [-0.8005310893058777, -0.598056435585022, 0.038451552391052246, -0.7790567278862], [0.0, 0.0, 0.0, 1.0]]}, "Bone.001": {"matrix": [[0.7718545794487, 0.3165219724178314, 0.551410973072052, -1.4384058713912964], [-0.4757336378097534, 0.8628846406936646, 0.170608252286911, -0.296023428440094], [-0.421802818775177, -0.3940095901489258, 0.8166018724441528, 0.22309696674346924], [0.0, 0.0, 0.0, 1.0]]}, "finger2joint1": {"matrix": [[0.6027162075042725, -0.7187827229499817, -0.34653180837631226, -1.2377679347991943], [0.3541245758533478, -0.14822660386562347, 0.9233765006065369, 0.2509450316429138], [-0.7150724530220032, -0.67924964427948, 0.16520006954669952, -0.026659250259399414], [0.0, 0.0, 0.0, 1.0]]}, "finger2joint2": {"matrix": [[0.5646802186965942, -0.508630633354187, -0.6499468684196472, -1.8596220016479492], [0.2524159550666809, -0.6433461308479309, 0.7227665185928345, 0.12270691990852356], [-0.7857622504234314, -0.5721890330314636, -0.23489847779273987, -0.6143113374710083], [0.0, 0.0, 0.0, 1.0]]}, "finger2joint3": {"matrix": [[0.5584158301353455, -0.3284371495246887, -0.7617745995521545, -2.052706480026245], [0.11136230081319809, -0.8802951574325562, 0.46117064356803894, -0.1215178370475769], [-0.8220522403717041, -0.3423580229282379, -0.45499542355537415, -0.8315236568450928], [0.0, 0.0, 0.0, 1.0]]}, "Bone.002": {"matrix": [[0.7651674151420593, -0.24403950572013855, 0.5957881212234497, -1.4384058713912964], [0.2580408751964569, 0.9640460014343262, 0.06348048895597458, -0.2960234582424164], [-0.5898590087890625, 0.10516450554132462, 0.8006289601325989, 0.22309695184230804], [0.0, 0.0, 0.0, 1.0]]}, "finger3joint1": {"matrix": [[0.698083221912384, 0.09469743072986603, 0.709726870059967, -1.5412710905075073], [0.0527602918446064, 0.9817177057266235, -0.18288318812847137, 0.11033159494400024], [-0.714070200920105, 0.16511309146881104, 0.6803245544433594, 0.2674248516559601], [0.0, 0.0, 0.0, 1.0]]}, "finger3joint2": {"matrix": [[0.6762102246284485, -0.7243106365203857, 0.13458767533302307, -1.4582041501998901], [0.21438248455524445, 0.3682471811771393, 0.9046732783317566, 0.9714762568473816], [-0.7048261165618896, -0.5828962326049805, 0.40429216623306274, 0.4122590124607086], [0.0, 0.0, 0.0, 1.0]]}, "finger3joint3": {"matrix": [[0.6071666479110718, -0.7392088770866394, -0.29140859842300415, -1.9268914461135864], [0.07719826698303223, -0.31013306975364685, 0.9475533366203308, 1.2097617387771606], [-0.7908154726028442, -0.5978192090988159, -0.13123686611652374, 0.035078346729278564], [0.0, 0.0, 0.0, 1.0]]}, "Bone.003": {"matrix": [[0.7060055136680603, -0.3794107735157013, 0.5979996919631958, -1.438405990600586], [0.7022971510887146, 0.26622629165649414, -0.6602286696434021, -0.296023428440094], [0.09129470586776733, 0.8860987424850464, 0.45441651344299316, 0.22309693694114685], [0.0, 0.0, 0.0, 1.0]]}, "finger4joint1": {"matrix": [[0.5404338836669922, -0.8412741422653198, -0.013744780793786049, -1.6010288000106812], [0.469281405210495, 0.2878265678882599, 0.8348234295845032, -0.18191364407539368], [-0.6983594298362732, -0.45761722326278687, 0.5503456592559814, 0.6028960943222046], [0.0, 0.0, 0.0, 1.0]]}, "finger4joint2": {"matrix": [[0.5206409692764282, -0.025472456589341164, -0.8533955216407776, -2.436715841293335], [0.49178898334503174, -0.8081262111663818, 0.32415270805358887, 0.10400146245956421], [-0.6979084014892578, -0.5884578824043274, -0.4082166850566864, 0.14831790328025818], [0.0, 0.0, 0.0, 1.0]]}, "finger4joint3": {"matrix": [[0.5333845615386963, 0.611692488193512, -0.5842370390892029, -2.4473395347595215], [0.552468478679657, -0.7749453186988831, -0.3069815933704376, -0.23303794860839844], [-0.6405302286148071, -0.15903334319591522, -0.7512849569320679, -0.09710603952407837], [0.0, 0.0, 0.0, 1.0]]}}