{"root": {"matrix": [[0.21033649146556854, -0.9332992434501648, -0.29105162620544434, -5.960464477539063e-08], [-0.9593806862831116, -0.25430408120155334, 0.12214000523090363, 0.0], [-0.1880088597536087, 0.2535387873649597, -0.9488787055015564, 0.0], [0.0, 0.0, 0.0, 1.0]]}, "carpals": {"matrix": [[0.8918859362602234, -0.22225628793239594, -0.3938799798488617, -0.4051361680030823], [0.3677063286304474, 0.863410234451294, 0.3454192876815796, -2.432262897491455], [0.26330843567848206, -0.45290690660476685, 0.8517885804176331, -0.07033035159111023], [0.0, 0.0, 0.0, 1.0]]}, "metacarpals": {"matrix": [[0.22261245548725128, -0.6035037636756897, 0.7656545042991638, -0.621612548828125], [0.37065431475639343, 0.7787787914276123, 0.5060816407203674, -1.5913066864013672], [-0.9016977548599243, 0.17113301157951355, 0.3970571756362915, -0.5114588737487793], [0.0, 0.0, 0.0, 1.0]]}, "finger5joint1": {"matrix": [[-0.11864317953586578, -0.6680821180343628, 0.7345678210258484, -1.3200397491455078], [0.7234737277030945, 0.4485337734222412, 0.5247883200645447, -1.4201041460037231], [-0.6800803542137146, 0.5937031507492065, 0.430124431848526, -0.4189178943634033], [0.0, 0.0, 0.0, 1.0]]}, "finger5joint2": {"matrix": [[0.8848018646240234, -0.20506606996059418, -0.4184173047542572, -2.025716543197632], [0.26029860973358154, 0.9623059034347534, 0.07881186902523041, -0.9463303685188293], [0.38648396730422974, -0.17864654958248138, 0.9048287868499756, 0.20819424092769623], [0.0, 0.0, 0.0, 1.0]]}, "finger5joint3": {"matrix": [[0.8834815621376038, -0.07149018347263336, -0.4629782736301422, -2.1666653156280518], [0.34426283836364746, 0.7693387866020203, 0.5381451845169067, -0.28490373492240906], [0.3177151679992676, -0.6348279714584351, 0.7043082118034363, 0.08540420234203339], [0.0, 0.0, 0.0, 1.0]]}, "Bone": {"matrix": [[0.5637049078941345, -0.005909481085836887, 0.8259550333023071, -1.5638494491577148], [-0.7521560192108154, 0.4095463454723358, 0.5162681341171265, -0.37541675567626953], [-0.34131765365600586, -0.9122700691223145, 0.22641843557357788, -0.24427276849746704], [0.0, 0.0, 0.0, 1.0]]}, "finger1joint1": {"matrix": [[0.42000728845596313, -0.1982782781124115, 0.8855955600738525, -1.5687671899795532], [0.16367144882678986, 0.9763888716697693, 0.14098258316516876, -0.03459727764129639], [-0.8926395177841187, 0.0857328549027443, 0.44254305958747864, -1.0034526586532593], [0.0, 0.0, 0.0, 1.0]]}, "finger1joint2": {"matrix": [[0.13431909680366516, -0.4764014482498169, 0.8689073324203491, -1.6808298826217651], [0.09341567754745483, 0.8790357112884521, 0.4675140380859375, 0.5172365307807922], [-0.9865251183509827, 0.01837335340678692, 0.16257469356060028, -0.9549983143806458], [0.0, 0.0, 0.0, 1.0]]}, "finger1joint3": {"matrix": [[0.2390122413635254, -0.7893701791763306, 0.5654801726341248, -1.8850550651550293], [0.10796954482793808, 0.6003522872924805, 0.7924136519432068, 0.8940646052360535], [-0.9649952054023743, -0.12834210693836212, 0.22871945798397064, -0.9471219778060913], [0.0, 0.0, 0.0, 1.0]]}, "Bone.001": {"matrix": [[0.6216813921928406, 0.07232270389795303, 0.7799240350723267, -1.5638494491577148], [-0.5027990937232971, 0.8003413081169128, 0.32656770944595337, -0.37541675567626953], [-0.6005871295928955, -0.5951662659645081, 0.5339211821556091, -0.24427276849746704], [0.0, 0.0, 0.0, 1.0]]}, "finger2joint1": {"matrix": [[0.28021472692489624, -0.8100208044052124, -0.5151172876358032, -1.5180048942565918], [0.25946882367134094, -0.45272836089134216, 0.8530607223510742, 0.13190653920173645], [-0.9242051839828491, -0.3726971447467804, 0.08331389725208282, -0.6215389370918274], [0.0, 0.0, 0.0, 1.0]]}, "finger2joint2": {"matrix": [[0.2522144913673401, -0.22832611203193665, -0.9403482675552368, -2.2187938690185547], [0.13751623034477234, -0.9534441828727722, 0.2683897316455841, -0.25977087020874023], [-0.9578501582145691, -0.19700486958026886, -0.2090739905834198, -0.9439774751663208], [0.0, 0.0, 0.0, 1.0]]}, "finger2joint3": {"matrix": [[0.30736881494522095, 0.17902860045433044, -0.9345977306365967, -2.3054702281951904], [0.0027159927412867546, -0.9823037981987, -0.1872737854719162, -0.6217139959335327], [-0.9515863656997681, 0.055023882538080215, -0.3024159073829651, -1.018763780593872], [0.0, 0.0, 0.0, 1.0]]}, "Bone.002": {"matrix": [[0.4836803078651428, -0.2879168689250946, 0.8265331983566284, -1.5638494491577148], [0.19258157908916473, 0.9562109112739563, 0.220392107963562, -0.37541675567626953], [-0.8537948131561279, 0.05257568880915642, 0.5179479718208313, -0.24427276849746704], [0.0, 0.0, 0.0, 1.0]]}, "finger3joint1": {"matrix": [[0.31726861000061035, 0.34679585695266724, 0.8826512694358826, -1.6852092742919922], [0.11976318806409836, 0.9086331129074097, -0.40005290508270264, 0.027635693550109863], [-0.9407430291175842, 0.2326333075761795, 0.24674741923809052, -0.22211158275604248], [0.0, 0.0, 0.0, 1.0]]}, "finger3joint2": {"matrix": [[0.33363091945648193, -0.7692961692810059, 0.5448613166809082, -1.3810063600540161], [0.2773596942424774, 0.6324986219406128, 0.7231989502906799, 0.8246718645095825], [-0.9009783267974854, -0.09015902131795883, 0.4243929088115692, -0.018049944192171097], [0.0, 0.0, 0.0, 1.0]]}, "finger3joint3": {"matrix": [[0.19866876304149628, -0.8870183229446411, -0.41680845618247986, -1.87880277633667], [0.18282802402973175, -0.38427796959877014, 0.9049330949783325, 1.2339493036270142], [-0.9628627300262451, -0.2559862434864044, 0.08582771569490433, -0.07639006525278091], [0.0, 0.0, 0.0, 1.0]]}, "Bone.003": {"matrix": [[0.6197322607040405, -0.07387680560350418, 0.7813284397125244, -1.5638493299484253], [0.7390339970588684, 0.3899814188480377, -0.5493113994598389, -0.37541675567626953], [-0.26412221789360046, 0.9178543090820312, 0.2962816655635834, -0.24427276849746704], [0.0, 0.0, 0.0, 1.0]]}, "finger4joint1": {"matrix": [[0.21461644768714905, -0.9675425291061401, 0.1334206908941269, -1.5955142974853516], [0.37326526641845703, 0.20748554170131683, 0.9042246341705322, -0.2082631140947342], [-0.9025588631629944, -0.1442602276802063, 0.405679851770401, 0.1491374373435974], [0.0, 0.0, 0.0, 1.0]]}, "finger4joint2": {"matrix": [[0.19491726160049438, -0.027337947860360146, -0.9804384708404541, -2.556631565093994], [0.395314484834671, -0.9126346111297607, 0.1040382981300354, -0.002155482769012451], [-0.8976264595985413, -0.4078604578971863, -0.16708119213581085, 0.005835220217704773], [0.0, 0.0, 0.0, 1.0]]}, "finger4joint3": {"matrix": [[0.21083669364452362, 0.9198343753814697, -0.33083581924438477, -2.568033218383789], [0.4682455360889435, -0.39212191104888916, -0.791824460029602, -0.3827815055847168], [-0.8580754399299622, 0.012033267877995968, -0.5133821964263916, -0.16426824033260345], [0.0, 0.0, 0.0, 1.0]]}}