{"root": {"matrix": [[0.3476676642894745, -0.5259156823158264, 0.7762344479560852, -5.960464477539063e-08], [0.4274574816226959, -0.6479353308677673, -0.6304442286491394, -5.960464477539063e-08], [0.8345102667808533, 0.5509922504425049, -0.00045960486750118434, 0.0], [0.0, 0.0, 0.0, 1.0]]}, "carpals": {"matrix": [[-0.8747022747993469, -0.3890548050403595, 0.28901907801628113, 0.1841973215341568], [-0.20539914071559906, -0.2425583153963089, -0.948143720626831, 0.403352826833725], [0.4389839768409729, -0.8887077569961548, 0.13225466012954712, 2.4265949726104736], [0.0, 0.0, 0.0, 1.0]]}, "metacarpals": {"matrix": [[-0.2038327157497406, -0.41797250509262085, 0.8852971196174622, -0.1947396993637085], [-0.9119237661361694, -0.24791142344474792, -0.3270089626312256, 0.16710250079631805], [0.35615599155426025, -0.8739785552024841, -0.33062678575515747, 1.5609990358352661], [0.0, 0.0, 0.0, 1.0]]}, "finger5joint1": {"matrix": [[-0.49531951546669006, -0.5733435750007629, 0.6526373028755188, -0.7616806030273438], [-0.8111159205436707, 0.5742297768592834, -0.11113473027944565, 0.32015925645828247], [-0.3110453486442566, -0.58441162109375, -0.7494754791259766, 1.1357622146606445], [0.0, 0.0, 0.0, 1.0]]}, "finger5joint2": {"matrix": [[0.6569084525108337, -0.7073875665664673, 0.26090890169143677, -1.3672876358032227], [-0.11048424988985062, 0.2519973814487457, 0.9614001512527466, 0.9267022013664246], [-0.7458312511444092, -0.6603780388832092, 0.08738403767347336, 0.5184643268585205], [0.0, 0.0, 0.0, 1.0]]}, "finger5joint3": {"matrix": [[0.5726363658905029, -0.8137365579605103, 0.09959793835878372, -1.8534998893737793], [-0.1392372101545334, 0.023187370970845222, 0.989987313747406, 1.0999088287353516], [-0.8078985810279846, -0.5807704329490662, -0.10002445429563522, 0.06456336379051208], [0.0, 0.0, 0.0, 1.0]]}, "Bone": {"matrix": [[0.30508458614349365, -0.40908336639404297, 0.859984815120697, -0.8473108410835266], [0.13083413243293762, -0.8764696717262268, -0.4633391797542572, -0.21995604038238525], [0.9432949423789978, 0.2538730204105377, -0.21387551724910736, 0.19647584855556488], [0.0, 0.0, 0.0, 1.0]]}, "finger1joint1": {"matrix": [[-0.05112387612462044, -0.5642597675323486, 0.8240127563476562, -1.1877449750900269], [-0.84981369972229, -0.4088292121887207, -0.332678884267807, -0.9493433833122253], [0.524597704410553, -0.7172650694847107, -0.45861488580703735, 0.4077457785606384], [0.0, 0.0, 0.0, 1.0]]}, "finger1joint2": {"matrix": [[-0.28827759623527527, -0.8867255449295044, 0.3614051342010498, -1.5066523551940918], [-0.6998279094696045, -0.06250075995922089, -0.7115718722343445, -1.1804046630859375], [0.6535570621490479, -0.4580514132976532, -0.6025377511978149, 0.0023631304502487183], [0.0, 0.0, 0.0, 1.0]]}, "finger1joint3": {"matrix": [[-0.2174685001373291, -0.9348412752151489, -0.2806762158870697, -1.8867769241333008], [-0.7655264139175415, 0.3417530059814453, -0.5451368689537048, -1.207197666168213], [0.6055384278297424, 0.09631515294313431, -0.7899660468101501, -0.19399598240852356], [0.0, 0.0, 0.0, 1.0]]}, "Bone.001": {"matrix": [[0.2478456199169159, -0.17444774508476257, 0.9529639482498169, -0.8473108410835266], [-0.22900015115737915, -0.9663285613059998, -0.1173362284898758, -0.21995604038238525], [0.9413452744483948, -0.1891477108001709, -0.2794490456581116, 0.1964758336544037], [0.0, 0.0, 0.0, 1.0]]}, "finger2joint1": {"matrix": [[-0.16961140930652618, -0.7810724973678589, 0.6009637713432312, -0.957890510559082], [-0.8664814829826355, -0.17232674360275269, -0.46852222084999084, -0.832495927810669], [0.46951189637184143, -0.6001906394958496, -0.647556483745575, 0.07657822966575623], [0.0, 0.0, 0.0, 1.0]]}, "finger2joint2": {"matrix": [[-0.2943579852581024, -0.9388441443443298, -0.17867492139339447, -1.6336344480514526], [-0.8314945101737976, 0.3437543511390686, -0.4364054203033447, -0.9815841913223267], [0.47113698720932007, 0.020108038559556007, -0.881830632686615, -0.4426760971546173], [0.0, 0.0, 0.0, 1.0]]}, "finger2joint3": {"matrix": [[-0.3829478919506073, -0.4616657495498657, -0.800134539604187, -1.990035057067871], [-0.7442370057106018, 0.6672932505607605, -0.02882312797009945, -0.8510894179344177], [0.5472310185432434, 0.584452211856842, -0.5991271734237671, -0.43504273891448975], [0.0, 0.0, 0.0, 1.0]]}, "Bone.002": {"matrix": [[0.04098690301179886, -0.18542154133319855, 0.981803834438324, -0.8473108410835266], [-0.8360496163368225, -0.5444336533546448, -0.0679185763001442, -0.21995605528354645], [0.5471205711364746, -0.8180528879165649, -0.17733646929264069, 0.1964758336544037], [0.0, 0.0, 0.0, 1.0]]}, "finger3joint1": {"matrix": [[0.018887629732489586, -0.4381084144115448, 0.8987236022949219, -0.9254679679870605], [-0.7130201458930969, -0.6360326409339905, -0.2950673997402191, -0.4494403004646301], [0.7008890509605408, -0.6352347731590271, -0.3243934214115143, -0.14834165573120117], [0.0, 0.0, 0.0, 1.0]]}, "finger3joint2": {"matrix": [[-0.08550325781106949, -0.9152888059616089, 0.3936183750629425, -1.3097684383392334], [-0.7926309108734131, -0.17687980830669403, -0.583480715751648, -1.0073562860488892], [0.6036764979362488, -0.36188337206840515, -0.7103624939918518, -0.7055578231811523], [0.0, 0.0, 0.0, 1.0]]}, "finger3joint3": {"matrix": [[-0.19578254222869873, -0.9800629615783691, 0.03384808450937271, -1.9020339250564575], [-0.6910079717636108, 0.11338379979133606, -0.7138991951942444, -1.1218117475509644], [0.6958283185958862, -0.1631580889225006, -0.6994298696517944, -0.939725399017334], [0.0, 0.0, 0.0, 1.0]]}, "Bone.003": {"matrix": [[0.46049964427948, 0.378642201423645, 0.8028512597084045, -0.8473109006881714], [-0.874725341796875, 0.3474087715148926, 0.33787959814071655, -0.21995604038238525], [-0.15098221600055695, -0.8578677773475647, 0.4911894202232361, 0.19647584855556488], [0.0, 0.0, 0.0, 1.0]]}, "finger4joint1": {"matrix": [[-0.23799054324626923, -0.7396290302276611, 0.6295308470726013, -0.6850174069404602], [-0.9180516600608826, -0.04029575362801552, -0.39440733194351196, -0.07104989886283875], [0.31708261370658875, -0.6718069911003113, -0.669427752494812, -0.171222984790802], [0.0, 0.0, 0.0, 1.0]]}, "finger4joint2": {"matrix": [[-0.24268189072608948, -0.9314060211181641, 0.2712709307670593, -1.4197345972061157], [-0.9261788725852966, 0.1392584890127182, -0.3504273593425751, -0.11107803881168365], [0.2886134684085846, -0.33628764748573303, -0.8964443206787109, -0.8385684490203857], [0.0, 0.0, 0.0, 1.0]]}, "finger4joint3": {"matrix": [[-0.16836020350456238, -0.9854986667633057, -0.02114017866551876, -1.8081893920898438], [-0.929323673248291, 0.16584093868732452, -0.32993006706237793, -0.05299849063158035], [0.3286515772342682, -0.035900816321372986, -0.9437683820724487, -0.9788215756416321], [0.0, 0.0, 0.0, 1.0]]}}