{"root": {"matrix": [[0.5073019862174988, -0.436043918132782, 0.7433104515075684, 0.0], [0.8022896647453308, 0.5538584589958191, -0.22264789044857025, 5.960464477539063e-08], [-0.3146044611930847, 0.7093000411987305, 0.6308070421218872, 5.960464477539063e-08], [0.0, 0.0, 0.0, 1.0]]}, "carpals": {"matrix": [[-0.7240777015686035, -0.6584984064102173, -0.2051609307527542, 0.6368756294250488], [0.6884315013885498, -0.6718512177467346, -0.273272305727005, 2.381514310836792], [0.042111773043870926, -0.33910974860191345, 0.9398037195205688, -0.08811470866203308], [0.0, 0.0, 0.0, 1.0]]}, "metacarpals": {"matrix": [[-0.6105769276618958, -0.6053952574729919, 0.5105801224708557, -0.004497885704040527], [0.2925918400287628, -0.7715334296226501, -0.5649123787879944, 1.727135419845581], [0.7359250783920288, -0.1955309361219406, 0.6482143402099609, -0.41840559244155884], [0.0, 0.0, 0.0, 1.0]]}, "finger5joint1": {"matrix": [[-0.5671545267105103, -0.7225780487060547, 0.3952421247959137, -0.4528791904449463], [0.2195870727300644, -0.5951810479164124, -0.7730075716972351, 1.4678915739059448], [0.7937991619110107, -0.35162484645843506, 0.49622851610183716, -0.925773024559021], [0.0, 0.0, 0.0, 1.0]]}, "finger5joint2": {"matrix": [[0.42038920521736145, -0.9057605862617493, 0.053571175783872604, -1.216118335723877], [-0.7538915276527405, -0.38153648376464844, -0.5348616242408752, 0.8392183780670166], [0.5048961043357849, 0.1844632625579834, -0.8432395458221436, -1.2971844673156738], [0.0, 0.0, 0.0, 1.0]]}, "finger5joint3": {"matrix": [[0.3304060101509094, -0.8867368698120117, -0.3233092129230499, -1.8386794328689575], [-0.7556228637695312, -0.04325367882847786, -0.6535767912864685, 0.5769748687744141], [0.5655665397644043, 0.4602457880973816, -0.6843302845954895, -1.1703964471817017], [0.0, 0.0, 0.0, 1.0]]}, "Bone": {"matrix": [[0.458441823720932, -0.7763010859489441, 0.4326516389846802, -0.9496879577636719], [0.852446436882019, 0.24643121659755707, -0.46109265089035034, 0.5225574970245361], [0.25132790207862854, 0.5801966786384583, 0.7747296094894409, -0.7236837148666382], [0.0, 0.0, 0.0, 1.0]]}, "finger1joint1": {"matrix": [[-0.42348843812942505, -0.9041820764541626, 0.05578562244772911, -1.595716118812561], [0.4198826849460602, -0.2504790723323822, -0.8723292946815491, 0.7276344299316406], [0.8027178645133972, -0.34599804878234863, 0.4857254922389984, -0.24085117876529694], [0.0, 0.0, 0.0, 1.0]]}, "finger1joint2": {"matrix": [[-0.4021952450275421, -0.24921979010105133, -0.8809813857078552, -2.1067404747009277], [0.6704578399658203, 0.5750979781150818, -0.4687732458114624, 0.5860691070556641], [0.623478353023529, -0.7791994214057922, -0.06421036273241043, -0.4364017844200134], [0.0, 0.0, 0.0, 1.0]]}, "finger1joint3": {"matrix": [[-0.4799318015575409, 0.12929023802280426, -0.8677265048027039, -2.2135767936706543], [0.5979844331741333, 0.7719314694404602, -0.21572266519069672, 0.832604169845581], [0.6419346928596497, -0.6224191784858704, -0.4477880597114563, -0.7704316973686218], [0.0, 0.0, 0.0, 1.0]]}, "Bone.001": {"matrix": [[0.21640142798423767, -0.693462073802948, 0.6872265934944153, -0.9496879577636719], [0.8248584866523743, -0.24669529497623444, -0.5086743235588074, 0.5225574374198914], [0.522282063961029, 0.6769427061080933, 0.5186229944229126, -0.7236836552619934], [0.0, 0.0, 0.0, 1.0]]}, "finger2joint1": {"matrix": [[-0.48113033175468445, -0.43165433406829834, 0.7630122900009155, -1.3892621994018555], [0.4554332494735718, -0.8667757511138916, -0.20317485928535461, 0.366181343793869], [0.7490620017051697, 0.2497476488351822, 0.6136220097541809, -0.29458075761795044], [0.0, 0.0, 0.0, 1.0]]}, "finger2joint2": {"matrix": [[-0.586638867855072, -0.5029968023300171, 0.6347036361694336, -1.7627074718475342], [0.39200231432914734, -0.8621658682823181, -0.32094213366508484, -0.38370877504348755], [0.708652913570404, 0.06052817404270172, 0.7029560804367065, -0.07851184159517288], [0.0, 0.0, 0.0, 1.0]]}, "finger2joint3": {"matrix": [[-0.6948100924491882, -0.5674839615821838, 0.4418148994445801, -1.953653335571289], [0.3176257312297821, -0.7932904958724976, -0.5194262862205505, -0.7110010981559753], [0.6452538371086121, -0.220570906996727, 0.7314340472221375, -0.055534347891807556], [0.0, 0.0, 0.0, 1.0]]}, "Bone.002": {"matrix": [[-0.3392552137374878, -0.5646023750305176, 0.7524159550666809, -0.9496878981590271], [0.42712199687957764, -0.805102527141571, -0.41155385971069336, 0.5225574970245361], [0.8381364345550537, 0.18175160884857178, 0.5142894387245178, -0.7236837148666382], [0.0, 0.0, 0.0, 1.0]]}, "finger3joint1": {"matrix": [[-0.5448188185691833, -0.400831401348114, 0.7365503311157227, -1.187673568725586], [0.3671332001686096, -0.9037185907363892, -0.22024022042751312, 0.1831986904144287], [0.7539137005805969, 0.15042102336883545, 0.6395214796066284, -0.6470735669136047], [0.0, 0.0, 0.0, 1.0]]}, "finger3joint2": {"matrix": [[-0.6295027136802673, -0.7000477313995361, 0.3371337950229645, -1.5392755270004272], [0.22788017988204956, -0.5811504125595093, -0.7812392115592957, -0.609526515007019], [0.7428303360939026, -0.4149662256240845, 0.5253628492355347, -0.5151270031929016], [0.0, 0.0, 0.0, 1.0]]}, "finger3joint3": {"matrix": [[-0.7111775875091553, -0.7027257680892944, -0.020065730437636375, -1.9922624826431274], [0.3268933892250061, -0.3052859604358673, -0.8943942189216614, -0.9855775833129883], [0.6223882436752319, -0.6426326632499695, 0.4468289613723755, -0.7836434245109558], [0.0, 0.0, 0.0, 1.0]]}, "Bone.003": {"matrix": [[-0.111857570707798, 0.37913045287132263, 0.9185574650764465, -0.9496879577636719], [-0.35051047801971436, -0.880000650882721, 0.32053256034851074, 0.5225574970245361], [0.9298548698425293, -0.2861100733280182, 0.23132404685020447, -0.7236836552619934], [0.0, 0.0, 0.0, 1.0]]}, "finger4joint1": {"matrix": [[-0.16392026841640472, -0.8377703428268433, 0.5208364129066467, -0.7871851921081543], [0.6740580201148987, -0.4806188642978668, -0.5609375238418579, 0.14537206292152405], [0.7202609181404114, 0.25912490487098694, 0.6434891223907471, -0.8463159799575806], [0.0, 0.0, 0.0, 1.0]]}, "finger4joint2": {"matrix": [[-0.1729935258626938, -0.8689899444580078, -0.463604599237442, -1.6193920373916626], [0.6519060134887695, 0.2518162131309509, -0.7152668833732605, -0.3320550322532654], [0.7383031249046326, -0.4259634017944336, 0.5229373574256897, -0.5889118909835815], [0.0, 0.0, 0.0, 1.0]]}, "finger4joint3": {"matrix": [[-0.09335868060588837, -0.5423781871795654, -0.8349308371543884, -1.9818155765533447], [0.6391106843948364, 0.6103673577308655, -0.4679623544216156, -0.22703184187412262], [0.7634273171424866, -0.5773018598556519, 0.2896566689014435, -0.7665654420852661], [0.0, 0.0, 0.0, 1.0]]}}