{"root": {"matrix": [[0.3785397410392761, -0.5303280353546143, 0.7585906982421875, 0.0], [0.9252481460571289, 0.19470033049583435, -0.3255881667137146, 0.0], [0.024970749393105507, 0.8251327276229858, 0.5643868446350098, 0.0], [0.0, 0.0, 0.0, 1.0]]}, "carpals": {"matrix": [[-0.9167505502700806, -0.39535537362098694, -0.05711628496646881, 0.2516785264015198], [0.3515559732913971, -0.7306292653083801, -0.5853110551834106, 2.3196051120758057], [0.18967509269714355, -0.5566638708114624, 0.8087944388389587, 0.8006721138954163], [0.0, 0.0, 0.0, 1.0]]}, "metacarpals": {"matrix": [[-0.48151543736457825, -0.5939329862594604, 0.6445046067237854, -0.13339531421661377], [-0.07825601100921631, -0.7032955884933472, -0.7065770030021667, 1.6079764366149902], [0.8729367852210999, -0.39066410064697266, 0.29216888546943665, 0.25848478078842163], [0.0, 0.0, 0.0, 1.0]]}, "finger5joint1": {"matrix": [[-0.6213356256484985, -0.5780175924301147, 0.5289965867996216, -0.6529735326766968], [-0.3346174657344818, -0.41472765803337097, -0.846186637878418, 1.511021375656128], [0.7085004448890686, -0.7027775049209595, 0.06427028030157089, -0.23781448602676392], [0.0, 0.0, 0.0, 1.0]]}, "finger5joint2": {"matrix": [[0.5197550058364868, -0.8367762565612793, 0.17221930623054504, -1.2635173797607422], [-0.8508216142654419, -0.525214672088623, 0.015859561040997505, 1.0729560852050781], [0.07718121260404587, -0.15477091073989868, -0.9849307537078857, -0.9801389575004578], [0.0, 0.0, 0.0, 1.0]]}, "finger5joint3": {"matrix": [[0.42909446358680725, -0.8868292570114136, -0.1714969277381897, -1.838663101196289], [-0.8957146406173706, -0.3932814598083496, -0.20742319524288177, 0.711957573890686], [0.11650242656469345, 0.2426166981458664, -0.9631011486053467, -1.0865182876586914], [0.0, 0.0, 0.0, 1.0]]}, "Bone": {"matrix": [[0.4557676911354065, -0.6701659560203552, 0.5857927799224854, -1.0606894493103027], [0.7399735450744629, -0.08048465847969055, -0.667803168296814, 0.5099368691444397], [0.4946863055229187, 0.7378344535827637, 0.45922279357910156, -0.3514503240585327], [0.0, 0.0, 0.0, 1.0]]}, "finger1joint1": {"matrix": [[-0.3317066729068756, -0.9396963119506836, 0.08331453800201416, -1.6183934211730957], [0.021722132340073586, -0.09589903056621552, -0.9951538443565369, 0.4429585337638855], [0.9431323409080505, -0.3282893896102905, 0.05222261697053909, 0.26256635785102844], [0.0, 0.0, 0.0, 1.0]]}, "finger1joint2": {"matrix": [[-0.3224611282348633, -0.2371167093515396, -0.9164029359817505, -2.149489402770996], [0.32558637857437134, 0.8812633156776428, -0.3425905406475067, 0.38875845074653625], [0.8888263702392578, -0.40884050726890564, -0.20697112381458282, 0.07702432572841644], [0.0, 0.0, 0.0, 1.0]]}, "finger1joint3": {"matrix": [[-0.4046928286552429, 0.23418131470680237, -0.8839585185050964, -2.2511374950408936], [0.25666603446006775, 0.9568843841552734, 0.1359948068857193, 0.7665414810180664], [0.877693772315979, -0.17184604704380035, -0.4473505914211273, -0.09823887795209885], [0.0, 0.0, 0.0, 1.0]]}, "Bone.001": {"matrix": [[0.26786884665489197, -0.5483472347259521, 0.7921876311302185, -1.0606896877288818], [0.5848796367645264, -0.5608406066894531, -0.5859805941581726, 0.5099368691444397], [0.7656119465827942, 0.6203005313873291, 0.1704854518175125, -0.3514503538608551], [0.0, 0.0, 0.0, 1.0]]}, "finger2joint1": {"matrix": [[-0.1795291155576706, -0.5978010892868042, 0.7812828421592712, -1.408277988433838], [0.190359964966774, -0.8002859354019165, -0.568599283695221, 0.1544291377067566], [0.9651590585708618, 0.04664488509297371, 0.25747206807136536, 0.04174802452325821], [0.0, 0.0, 0.0, 1.0]]}, "finger2joint2": {"matrix": [[-0.30428266525268555, -0.9041408896446228, -0.2999015748500824, -1.9254651069641113], [0.16893671452999115, 0.2586207389831543, -0.9510916471481323, -0.5379374027252197], [0.9374818801879883, -0.3400651216506958, 0.07404883205890656, 0.08210279047489166], [0.0, 0.0, 0.0, 1.0]]}, "finger2joint3": {"matrix": [[-0.3779548108577728, 0.15778698027133942, -0.9122790694236755, -2.2686915397644043], [0.2817874848842621, 0.9582251310348511, 0.048990216106176376, -0.439760684967041], [0.8818989396095276, -0.23855282366275787, -0.40662825107574463, -0.0469915047287941], [0.0, 0.0, 0.0, 1.0]]}, "Bone.002": {"matrix": [[-0.20283985137939453, -0.4845382869243622, 0.8509279489517212, -1.0606894493103027], [0.037317413836717606, -0.8721863627433777, -0.48774805665016174, 0.5099368691444397], [0.9785005450248718, -0.06718029081821442, 0.19499586522579193, -0.3514503538608551], [0.0, 0.0, 0.0, 1.0]]}, "finger3joint1": {"matrix": [[-0.41209569573402405, -0.273453027009964, 0.869137704372406, -1.2649272680282593], [-0.001021058764308691, -0.9537615180015564, -0.3005622625350952, 0.1423015594482422], [0.9111400246620178, -0.1247478649020195, 0.39276182651519775, -0.3797674775123596], [0.0, 0.0, 0.0, 1.0]]}, "finger3joint2": {"matrix": [[-0.48355260491371155, -0.711157500743866, 0.5103250741958618, -1.5047953128814697], [-0.14015884697437286, -0.5125882625579834, -0.8471178412437439, -0.6943204402923584], [0.8640210032463074, -0.48115262389183044, 0.14818838238716125, -0.48919403553009033], [0.0, 0.0, 0.0, 1.0]]}, "finger3joint3": {"matrix": [[-0.5971640348434448, -0.7865833640098572, 0.15710340440273285, -1.9649713039398193], [-0.020964493975043297, -0.18048781156539917, -0.9833536744117737, -1.0260061025619507], [0.8018450736999512, -0.5905171632766724, 0.09129049628973007, -0.8005384206771851], [0.0, 0.0, 0.0, 1.0]]}, "Bone.003": {"matrix": [[0.07342182844877243, 0.36230531334877014, 0.9291630983352661, -1.0606895685195923], [-0.6862579584121704, -0.6576725244522095, 0.3106713593006134, 0.5099368691444397], [0.7236429452896118, -0.6604557037353516, 0.2003473937511444, -0.3514503240585327], [0.0, 0.0, 0.0, 1.0]]}, "finger4joint1": {"matrix": [[-0.3102203607559204, -0.70350182056427, 0.6394123435020447, -0.9053984880447388], [0.10633397847414017, -0.6940517425537109, -0.7120286822319031, 0.22804567217826843], [0.9446989893913269, -0.15289457142353058, 0.29011520743370056, -0.634534478187561], [0.0, 0.0, 0.0, 1.0]]}, "finger4joint2": {"matrix": [[-0.31386029720306396, -0.8609520792961121, -0.40031588077545166, -1.6042283773422241], [0.0766269639134407, 0.3972770571708679, -0.91449373960495, -0.46139687299728394], [0.946371853351593, -0.3176983594894409, -0.05871734768152237, -0.7864136695861816], [0.0, 0.0, 0.0, 1.0]]}, "finger4joint3": {"matrix": [[-0.23531676828861237, -0.5895537734031677, -0.7726913690567017, -1.9632993936538696], [0.056707289069890976, 0.7853339910507202, -0.6164692640304565, -0.2957073748111725], [0.9702627658843994, -0.18888287246227264, -0.15137030184268951, -0.9189139008522034], [0.0, 0.0, 0.0, 1.0]]}}