{"root": {"matrix": [[0.34093236923217773, -0.3887084126472473, 0.8559619784355164, 0.0], [0.9391598105430603, 0.18127667903900146, -0.2917492091655731, 0.0], [-0.04176049679517746, 0.9033518433570862, 0.4268623888492584, 5.960464477539063e-08], [0.0, 0.0, 0.0, 1.0]]}, "carpals": {"matrix": [[-0.9103087186813354, -0.4027949869632721, 0.09536217153072357, 0.29430291056632996], [0.2917986214160919, -0.7878583073616028, -0.5423399806022644, 2.3341221809387207], [0.29358378052711487, -0.46587035059928894, 0.8347294330596924, 0.7417846322059631], [0.0, 0.0, 0.0, 1.0]]}, "metacarpals": {"matrix": [[-0.4858514070510864, -0.6015127897262573, 0.6341376304626465, -0.09801703691482544], [-0.08717251569032669, -0.6885583996772766, -0.7199222445487976, 1.5667530298233032], [0.8696833848953247, -0.40505465865135193, 0.28210169076919556, 0.2880297005176544], [0.0, 0.0, 0.0, 1.0]]}, "finger5joint1": {"matrix": [[-0.6096004843711853, -0.6067060232162476, 0.5101908445358276, -0.616895318031311], [-0.3235267102718353, -0.39714473485946655, -0.8588400483131409, 1.4852622747421265], [0.72368323802948, -0.6886098384857178, 0.045813996344804764, -0.21176964044570923], [0.0, 0.0, 0.0, 1.0]]}, "finger5joint2": {"matrix": [[0.5110558867454529, -0.8388469815254211, 0.18750183284282684, -1.2577420473098755], [-0.8575721383094788, -0.5123817324638367, 0.04510419815778732, 1.0657693147659302], [0.0582369789481163, -0.1838470697402954, -0.9812279939651489, -0.9391290545463562], [0.0, 0.0, 0.0, 1.0]]}, "finger5joint3": {"matrix": [[0.41941192746162415, -0.8981217741966248, -0.1321750432252884, -1.8343110084533691], [-0.9028373956680298, -0.39747875928878784, -0.1639958769083023, 0.7135913968086243], [0.0947515144944191, 0.18811459839344025, -0.9775656461715698, -1.0654935836791992], [0.0, 0.0, 0.0, 1.0]]}, "Bone": {"matrix": [[0.4634360671043396, -0.6739930510520935, 0.5752913951873779, -1.0371453762054443], [0.7252179980278015, -0.08458057045936584, -0.6833042502403259, 0.4917222559452057], [0.5092008113861084, 0.7338796854019165, 0.4495942294597626, -0.34437310695648193], [0.0, 0.0, 0.0, 1.0]]}, "finger1joint1": {"matrix": [[-0.344434529542923, -0.9374998807907104, 0.049584511667490005, -1.598034381866455], [0.0074230581521987915, -0.05553404986858368, -0.998429000377655, 0.4213353395462036], [0.9387809038162231, -0.34352535009384155, 0.026086993515491486, 0.2663525342941284], [0.0, 0.0, 0.0, 1.0]]}, "finger1joint2": {"matrix": [[-0.3243566155433655, -0.27131977677345276, -0.9061888456344604, -2.1278889179229736], [0.3121589720249176, 0.8736155033111572, -0.37329941987991333, 0.38994869589805603], [0.8929442763328552, -0.40395715832710266, -0.19866803288459778, 0.07219943404197693], [0.0, 0.0, 0.0, 1.0]]}, "finger1joint3": {"matrix": [[-0.40428805351257324, 0.21469508111476898, -0.8890765309333801, -2.244199275970459], [0.24048735201358795, 0.9628089666366577, 0.12314397096633911, 0.7644533514976501], [0.8824494481086731, -0.16402603685855865, -0.440883606672287, -0.10097035765647888], [0.0, 0.0, 0.0, 1.0]]}, "Bone.001": {"matrix": [[0.2724951505661011, -0.5579750537872314, 0.7838430404663086, -1.0371453762054443], [0.5678900480270386, -0.5643637180328369, -0.5991612076759338, 0.4917222857475281], [0.7766897082328796, 0.6084052920341492, 0.16308212280273438, -0.34437304735183716], [0.0, 0.0, 0.0, 1.0]]}, "finger2joint1": {"matrix": [[-0.06347180902957916, -0.9542503356933594, 0.29219403862953186, -1.3908367156982422], [0.11329886317253113, -0.2977813482284546, -0.9478867650032043, 0.13398133218288422], [0.9915313124656677, -0.027058837935328484, 0.12701623141765594, 0.041285112500190735], [0.0, 0.0, 0.0, 1.0]]}, "finger2joint2": {"matrix": [[-0.1762358397245407, -0.5759652853012085, -0.7982509136199951, -2.2164053916931152], [0.1730157434940338, 0.7801940441131592, -0.6011343598365784, -0.1236438900232315], [0.9690234065055847, -0.24405142664909363, -0.03784707561135292, 0.017875194549560547], [0.0, 0.0, 0.0, 1.0]]}, "finger2joint3": {"matrix": [[-0.16909877955913544, 0.5391676425933838, -0.8250475525856018, -2.435051202774048], [0.3143765330314636, 0.8228825330734253, 0.47331956028938293, 0.17253056168556213], [0.934116005897522, -0.17933791875839233, -0.3086501359939575, -0.0747707188129425], [0.0, 0.0, 0.0, 1.0]]}, "Bone.002": {"matrix": [[-0.20610623061656952, -0.49556922912597656, 0.8437601327896118, -1.0371454954147339], [0.0228927843272686, -0.8644793033599854, -0.5021466016769409, 0.4917222857475281], [0.9782617688179016, -0.08417952805757523, 0.18951953947544098, -0.34437304735183716], [0.0, 0.0, 0.0, 1.0]]}, "finger3joint1": {"matrix": [[-0.4076188802719116, -0.2864975333213806, 0.8670442700386047, -1.2460328340530396], [0.0008581700967624784, -0.949626624584198, -0.313382089138031, 0.12733560800552368], [0.9131518006324768, -0.12699641287326813, 0.38733160495758057, -0.37985557317733765], [0.0, 0.0, 0.0, 1.0]]}, "finger3joint2": {"matrix": [[-0.48111692070961, -0.7201357483863831, 0.4999307692050934, -1.4973431825637817], [-0.13715355098247528, -0.5014151334762573, -0.8542667031288147, -0.7056593894958496], [0.8658610582351685, -0.47956952452659607, 0.14247013628482819, -0.4912544786930084], [0.0, 0.0, 0.0, 1.0]]}, "finger3joint3": {"matrix": [[-0.5934635996818542, -0.7917492389678955, 0.14468549191951752, -1.9633289575576782], [-0.016249224543571472, -0.16794148087501526, -0.9856629371643066, -1.0301152467727661], [0.8046967387199402, -0.5873062014579773, 0.08680181950330734, -0.8015744686126709], [0.0, 0.0, 0.0, 1.0]]}, "Bone.003": {"matrix": [[0.06170893833041191, 0.3562700152397156, 0.932343065738678, -1.0371454954147339], [-0.6996742486953735, -0.6507300138473511, 0.2949681580066681, 0.4917222559452057], [0.7117919325828552, -0.6705387234687805, 0.209117129445076, -0.34437307715415955], [0.0, 0.0, 0.0, 1.0]]}, "finger4joint1": {"matrix": [[-0.3052842319011688, -0.7191337943077087, 0.624217689037323, -0.8844413161277771], [0.09924370795488358, -0.67596834897995, -0.7302170991897583, 0.21280676126480103], [0.9470754861831665, -0.1609741449356079, 0.2777320444583893, -0.6317789554595947], [0.0, 0.0, 0.0, 1.0]]}, "finger4joint2": {"matrix": [[-0.3095781207084656, -0.8633130788803101, -0.3985617160797119, -1.598799228668213], [0.06960318982601166, 0.39745473861694336, -0.9149779677391052, -0.45867255330085754], [0.9483229517936707, -0.31099843978881836, -0.06295397877693176, -0.7916841506958008], [0.0, 0.0, 0.0, 1.0]]}, "finger4joint3": {"matrix": [[-0.2308792918920517, -0.6008983254432678, -0.7652551531791687, -1.9588550329208374], [0.049700889736413956, 0.7781945466995239, -0.6260531544685364, -0.2929089069366455], [0.9717119932174683, -0.18257664144039154, -0.14980389177799225, -0.9213899970054626], [0.0, 0.0, 0.0, 1.0]]}}