{"root": {"matrix": [[0.33814138174057007, -0.9092068672180176, 0.24290582537651062, -5.960464477539063e-08], [0.3994331657886505, -0.09505189955234528, -0.9118214249610901, -7.450580596923828e-09], [0.8521230220794678, 0.4053491950035095, 0.3310263454914093, 0.0], [0.0, 0.0, 0.0, 1.0]]}, "carpals": {"matrix": [[-0.3227304518222809, -0.47472497820854187, -0.8188290596008301, -0.1525575816631317], [0.9300277233123779, -0.31970876455307007, -0.18120332062244415, 0.9127820134162903], [-0.17576491832733154, -0.8200135231018066, 0.5446872115135193, 2.286600351333618], [0.0, 0.0, 0.0, 1.0]]}, "metacarpals": {"matrix": [[-0.45917385816574097, -0.6260251998901367, -0.6302789449691772, -0.6149369478225708], [0.8752520084381104, -0.4401836693286896, -0.20042994618415833, 0.6013876795768738], [-0.15196415781974792, -0.6436851024627686, 0.7500506639480591, 1.4879120588302612], [0.0, 0.0, 0.0, 1.0]]}, "finger5joint1": {"matrix": [[-0.5732921361923218, -0.5970866084098816, -0.5610912442207336, -0.6323448419570923], [0.7744748592376709, -0.6184170246124268, -0.13322561979293823, 0.27906206250190735], [-0.2674410045146942, -0.510928213596344, 0.8169621825218201, 0.8386986255645752], [0.0, 0.0, 0.0, 1.0]]}, "finger5joint2": {"matrix": [[-0.3882741630077362, -0.8827745914459229, 0.2644834518432617, -1.2630308866500854], [-0.08389868587255478, -0.2519465386867523, -0.9640973806381226, -0.3741547465324402], [0.9177165031433105, -0.39652371406555176, 0.02376057207584381, 0.29901933670043945], [0.0, 0.0, 0.0, 1.0]]}, "finger5joint3": {"matrix": [[-0.48295968770980835, -0.8756410479545593, 0.0014348153490573168, -1.8697926998138428], [-0.05384746193885803, 0.028064101934432983, -0.9981545805931091, -0.5473264455795288], [0.8739849925041199, -0.4821455478668213, -0.06070495396852493, 0.02647469937801361], [0.0, 0.0, 0.0, 1.0]]}, "Bone": {"matrix": [[0.5986201763153076, -0.45045801997184753, -0.6623753905296326, -1.5923359394073486], [0.5854495763778687, 0.8104093670845032, -0.022031867876648903, -0.08586126565933228], [0.5467196106910706, -0.37459859251976013, 0.7488479018211365, 0.4829409122467041], [0.0, 0.0, 0.0, 1.0]]}, "finger1joint1": {"matrix": [[-0.127252995967865, -0.43266817927360535, -0.8925271034240723, -1.9672014713287354], [0.8710744380950928, 0.3816164433956146, -0.3091895282268524, 0.58855140209198], [0.4743795394897461, -0.8168027400970459, 0.32832440733909607, 0.1712045967578888], [0.0, 0.0, 0.0, 1.0]]}, "finger1joint2": {"matrix": [[0.15920498967170715, -0.1449718028306961, -0.9765432476997375, -2.2117362022399902], [0.9160407185554504, 0.3905406892299652, 0.09136400371789932, 0.8042327761650085], [0.36813467741012573, -0.9090989232063293, 0.19497621059417725, -0.2904345691204071], [0.0, 0.0, 0.0, 1.0]]}, "finger1joint3": {"matrix": [[0.06469985097646713, 0.29761090874671936, -0.9524922370910645, -2.27388334274292], [0.905636191368103, 0.38334715366363525, 0.18129581212997437, 0.9716510772705078], [0.4190908372402191, -0.8743411302566528, -0.24472454190254211, -0.6801504492759705], [0.0, 0.0, 0.0, 1.0]]}, "Bone.001": {"matrix": [[0.3283858001232147, -0.8303789496421814, -0.4501480460166931, -1.5923359394073486], [0.8181543350219727, 0.4882171154022217, -0.30375543236732483, -0.08586123585700989], [0.47200214862823486, -0.26854148507118225, 0.8397017121315002, 0.4829409122467041], [0.0, 0.0, 0.0, 1.0]]}, "finger2joint1": {"matrix": [[-0.15040180087089539, -0.5804175734519958, -0.8003089427947998, -2.118699789047241], [0.9183652997016907, 0.21769902110099792, -0.33047255873680115, 0.22361160814762115], [0.3660386800765991, -0.7846795916557312, 0.5002931356430054, 0.31271687150001526], [0.0, 0.0, 0.0, 1.0]]}, "finger2joint2": {"matrix": [[-0.12766869366168976, 0.13876180350780487, -0.9820619225502014, -2.620847463607788], [0.9608831405639648, 0.2626679241657257, -0.08780138939619064, 0.41195371747016907], [0.2457728385925293, -0.9548560976982117, -0.1668682098388672, -0.36614787578582764], [0.0, 0.0, 0.0, 1.0]]}, "finger2joint3": {"matrix": [[-0.022646360099315643, 0.821618914604187, -0.5695868134498596, -2.5681710243225098], [0.9886451959609985, 0.10306137055158615, 0.10935644805431366, 0.5116667151451111], [0.1485518515110016, -0.5606428384780884, -0.8146234750747681, -0.7286268472671509], [0.0, 0.0, 0.0, 1.0]]}, "Bone.002": {"matrix": [[-0.33657339215278625, -0.8713611960411072, -0.3569982647895813, -1.5923359394073486], [0.9315198063850403, -0.2526152431964874, -0.2616417109966278, -0.08586122840642929], [0.1378013640642166, -0.4206124246120453, 0.8967137932777405, 0.4829409122467041], [0.0, 0.0, 0.0, 1.0]]}, "finger3joint1": {"matrix": [[-0.3956741690635681, -0.7498965263366699, -0.5301857590675354, -1.9596235752105713], [0.914547324180603, -0.3744910955429077, -0.1528390496969223, -0.19234111905097961], [-0.08393619954586029, -0.5453542470932007, 0.8339922428131104, 0.3056485056877136], [0.0, 0.0, 0.0, 1.0]]}, "finger3joint2": {"matrix": [[-0.48840275406837463, 0.23534707725048065, -0.8402823209762573, -2.6174187660217285], [0.8490583300590515, -0.09408266097307205, -0.5198544263839722, -0.5208377242088318], [-0.2014019787311554, -0.9673468470573425, -0.153873011469841, -0.17272615432739258], [0.0, 0.0, 0.0, 1.0]]}, "finger3joint3": {"matrix": [[-0.32785528898239136, 0.7903604507446289, -0.5175336003303528, -2.46513032913208], [0.9186591506004333, 0.13891349732875824, -0.36982232332229614, -0.5817168354988098], [-0.2204003483057022, -0.5966852903366089, -0.771615207195282, -0.7986772060394287], [0.0, 0.0, 0.0, 1.0]]}, "Bone.003": {"matrix": [[-0.8650533556938171, -0.3136121332645416, 0.39157363772392273, -1.5923360586166382], [0.3510897755622864, -0.9359810948371887, 0.0259883813560009, -0.08586123585700989], [0.3583553731441498, 0.15995879471302032, 0.9197795391082764, 0.4829409122467041], [0.0, 0.0, 0.0, 1.0]]}, "finger4joint1": {"matrix": [[-0.48303884267807007, -0.47038358449935913, -0.7385203242301941, -1.72675621509552], [0.854625940322876, -0.43677818775177, -0.2807832658290863, -0.4870409667491913], [-0.19049355387687683, -0.7667878270149231, 0.612982988357544, 0.5515023469924927], [0.0, 0.0, 0.0, 1.0]]}, "finger4joint2": {"matrix": [[-0.5078653693199158, -0.13280974328517914, -0.8511368036270142, -2.1940159797668457], [0.8388075828552246, -0.3012191653251648, -0.45350703597068787, -0.9209185242652893], [-0.1961483657360077, -0.9442605972290039, 0.2643807530403137, -0.21019327640533447], [0.0, 0.0, 0.0, 1.0]]}, "finger4joint3": {"matrix": [[-0.48256221413612366, 0.07238587737083435, -0.8728650808334351, -2.249405860900879], [0.8674877285957336, -0.09797612577676773, -0.4877144992351532, -1.0465458631515503], [-0.12082338333129883, -0.9925525188446045, -0.015514148399233818, -0.6040092706680298], [0.0, 0.0, 0.0, 1.0]]}}