{"root": {"matrix": [[0.3517361879348755, -0.8523792028427124, -0.3869513273239136, -5.960464477539063e-08], [-0.6266671419143677, 0.09266441315412521, -0.7737581133842468, 0.0], [0.6953918933868408, 0.5146484375, -0.5015646815299988, 0.0], [0.0, 0.0, 0.0, 1.0]]}, "carpals": {"matrix": [[0.6776813864707947, -0.596217155456543, -0.43043339252471924, 0.004623115062713623], [0.6506237387657166, 0.2133641541004181, 0.7288100719451904, -1.2394992113113403], [-0.3426899015903473, -0.7739512920379639, 0.5325061678886414, 2.1327457427978516], [0.0, 0.0, 0.0, 1.0]]}, "metacarpals": {"matrix": [[0.5933781266212463, -0.7069438099861145, 0.38488009572029114, -0.5760887861251831], [-0.07842118293046951, 0.425108402967453, 0.9017386436462402, -1.0316838026046753], [-0.8010944724082947, -0.565254807472229, 0.19681085646152496, 1.3789221048355103], [0.0, 0.0, 0.0, 1.0]]}, "finger5joint1": {"matrix": [[0.30903151631355286, -0.9099324345588684, 0.2766267657279968, -1.24196457862854], [0.10052748769521713, 0.32048723101615906, 0.9419032335281372, -1.146273136138916], [-0.945723831653595, -0.2632691264152527, 0.19051407277584076, 1.115951418876648], [0.0, 0.0, 0.0, 1.0]]}, "finger5joint2": {"matrix": [[0.36805644631385803, -0.1726987510919571, -0.9136241674423218, -2.2031009197235107], [0.8862379789352417, 0.36240604519844055, 0.2885195016860962, -0.8077513575553894], [0.2812761962413788, -0.915880024433136, 0.2864384055137634, 0.8378675580024719], [0.0, 0.0, 0.0, 1.0]]}, "finger5joint3": {"matrix": [[0.4000648856163025, 0.2958589196205139, -0.8674185872077942, -2.321803092956543], [0.8989659547805786, 0.05750076472759247, 0.4342271089553833, -0.5586569905281067], [0.1783473938703537, -0.9534991979598999, -0.24296291172504425, 0.20835106074810028], [0.0, 0.0, 0.0, 1.0]]}, "Bone": {"matrix": [[0.7550009489059448, 0.3983897566795349, 0.5208253264427185, -1.6798243522644043], [-0.5068398118019104, -0.14938783645629883, 0.848997175693512, -0.3679715394973755], [0.4160367250442505, -0.9049689173698425, 0.08913200348615646, 0.49640241265296936], [0.0, 0.0, 0.0, 1.0]]}, "finger1joint1": {"matrix": [[0.7332905530929565, -0.6784251928329468, -0.04498932883143425, -1.3482893705368042], [-0.11402923613786697, -0.18794333934783936, 0.975537896156311, -0.492290198802948], [-0.6702851057052612, -0.7102228403091431, -0.2151772379875183, -0.2567015588283539], [0.0, 0.0, 0.0, 1.0]]}, "finger1joint2": {"matrix": [[0.7255903482437134, -0.6867613792419434, -0.04332808777689934, -1.7317204475402832], [-0.40184277296066284, -0.47399336099624634, 0.7834873199462891, -0.5985116958618164], [-0.5586062669754028, -0.5510799288749695, -0.6198950409889221, -0.6581041216850281], [0.0, 0.0, 0.0, 1.0]]}, "finger1joint3": {"matrix": [[0.7421761751174927, -0.5449771285057068, -0.39009538292884827, -2.0261237621307373], [-0.30276933312416077, -0.7919096946716309, 0.5302918553352356, -0.8017048835754395], [-0.5979174971580505, -0.27546122670173645, -0.7527388334274292, -0.8943430781364441], [0.0, 0.0, 0.0, 1.0]]}, "Bone.001": {"matrix": [[0.9010751247406006, 0.2525017559528351, 0.3525707721710205, -1.6798243522644043], [-0.42362239956855774, 0.3385777175426483, 0.8401837348937988, -0.3679715394973755], [0.09277526289224625, -0.9064257144927979, 0.41204962134361267, 0.496402382850647], [0.0, 0.0, 0.0, 1.0]]}, "finger2joint1": {"matrix": [[0.7439053058624268, -0.2406422346830368, 0.6234548687934875, -1.5197676420211792], [-0.2030157446861267, 0.8074520826339722, 0.5539000630378723, -0.15335261821746826], [-0.6367018222808838, -0.5386203527450562, 0.5518139600753784, -0.07816600799560547], [0.0, 0.0, 0.0, 1.0]]}, "finger2joint2": {"matrix": [[0.658284068107605, -0.3964116871356964, 0.6399372220039368, -1.7279589176177979], [-0.17947982251644135, 0.7429419159889221, 0.6448440551757812, 0.5452136993408203], [-0.7310601472854614, -0.5393462777137756, 0.4179191291332245, -0.5441528558731079], [0.0, 0.0, 0.0, 1.0]]}, "finger2joint3": {"matrix": [[0.5486413240432739, -0.6129772067070007, 0.5685519576072693, -1.8784433603286743], [-0.14997780323028564, 0.5968492031097412, 0.7882114052772522, 0.8272466063499451], [-0.8224956393241882, -0.5177155137062073, 0.23552334308624268, -0.7488975524902344], [0.0, 0.0, 0.0, 1.0]]}, "Bone.002": {"matrix": [[0.8162622451782227, -0.40205714106559753, 0.4148082733154297, -1.6798243522644043], [-0.08072865009307861, 0.6316203474998474, 0.7710630893707275, -0.3679715394973755], [-0.5720129013061523, -0.662876546382904, 0.4831105172634125, 0.496402382850647], [0.0, 0.0, 0.0, 1.0]]}, "finger3joint1": {"matrix": [[0.913338303565979, -0.4041171371936798, 0.05002561956644058, -1.8492956161499023], [-0.14288529753684998, -0.20301838219165802, 0.9686934351921082, -0.10173724591732025], [-0.38130971789360046, -0.8918927907943726, -0.24316665530204773, 0.2169932723045349], [0.0, 0.0, 0.0, 1.0]]}, "finger3joint2": {"matrix": [[0.8353111147880554, -0.11424056440591812, -0.537777304649353, -2.203779458999634], [-0.210658997297287, -0.9700236916542053, -0.12114646285772324, -0.27982115745544434], [-0.5078170895576477, 0.21448250114917755, -0.8343374729156494, -0.5653586387634277], [0.0, 0.0, 0.0, 1.0]]}, "finger3joint3": {"matrix": [[0.9071387648582458, 0.1742970049381256, -0.3830401599407196, -2.277702569961548], [-0.23515021800994873, -0.544905960559845, -0.8048487901687622, -0.9075044989585876], [-0.34900376200675964, 0.8201815485954285, -0.4533194303512573, -0.42657122015953064], [0.0, 0.0, 0.0, 1.0]]}, "Bone.003": {"matrix": [[0.5614160299301147, -0.5778942108154297, 0.5923261642456055, -1.6798243522644043], [0.6860510110855103, 0.7252880930900574, 0.05736676603555679, -0.3679715394973755], [-0.462758868932724, 0.3741595149040222, 0.8036534190177917, 0.4964023530483246], [0.0, 0.0, 0.0, 1.0]]}, "finger4joint1": {"matrix": [[0.9048860669136047, -0.0391649529337883, 0.42384806275367737, -1.927520990371704], [-0.38646984100341797, 0.341717004776001, 0.8566621541976929, -0.057098984718322754], [-0.17838738858699799, -0.9389861822128296, 0.29407912492752075, 0.6567744016647339], [0.0, 0.0, 0.0, 1.0]]}, "finger4joint2": {"matrix": [[0.9117662310600281, -0.27833932638168335, 0.3020087778568268, -1.966425895690918], [-0.36192065477371216, -0.1968943178653717, 0.9111781120300293, 0.2823486924171448], [-0.1941530406475067, -0.9400848746299744, -0.2802581489086151, -0.2759759724140167], [0.0, 0.0, 0.0, 1.0]]}, "finger4joint3": {"matrix": [[0.9272319674491882, -0.2848779857158661, 0.2430742383003235, -2.0825109481811523], [-0.357591450214386, -0.4807714819908142, 0.8006163835525513, 0.2002313882112503], [-0.11121496558189392, -0.8292786478996277, -0.5476565361022949, -0.6680504679679871], [0.0, 0.0, 0.0, 1.0]]}}