{"root": {"matrix": [[0.4064847528934479, -0.5068554282188416, 0.7601761221885681, 0.0], [0.9058617949485779, 0.11511874943971634, -0.4076298177242279, 0.0], [0.11909893900156021, 0.8543097972869873, 0.5059349536895752, 5.960464477539063e-08], [0.0, 0.0, 0.0, 1.0]]}, "carpals": {"matrix": [[-0.6153860092163086, -0.7423907518386841, -0.2648692727088928, 0.33767253160476685], [0.7448394894599915, -0.43775057792663574, -0.5035755634307861, 2.2070913314819336], [0.25790321826934814, -0.5071784853935242, 0.8223476409912109, 1.048671007156372], [0.0, 0.0, 0.0, 1.0]]}, "metacarpals": {"matrix": [[-0.8766689300537109, -0.4005289375782013, 0.2665104568004608, -0.3854116201400757], [0.15012675523757935, -0.7540599703788757, -0.6394179463386536, 1.7807247638702393], [0.45707038044929504, -0.5205475091934204, 0.7211911678314209, 0.554682195186615], [0.0, 0.0, 0.0, 1.0]]}, "finger5joint1": {"matrix": [[-0.701379656791687, -0.6773064732551575, 0.22208593785762787, -0.569789707660675], [0.24202680587768555, -0.5193607211112976, -0.8195652365684509, 1.587099552154541], [0.6704397201538086, -0.5210757255554199, 0.5281954407691956, -0.11925303936004639], [0.0, 0.0, 0.0, 1.0]]}, "finger5joint2": {"matrix": [[0.27829331159591675, -0.7889096140861511, 0.5478810667991638, -1.2852096557617188], [-0.7985708713531494, -0.5069950222969055, -0.3244073688983917, 1.03851318359375], [0.5337012410163879, -0.34724146127700806, -0.7710939645767212, -0.6696508526802063], [0.0, 0.0, 0.0, 1.0]]}, "finger5joint3": {"matrix": [[0.17284195125102997, -0.9159551858901978, 0.3621477782726288, -1.8274548053741455], [-0.8233376145362854, -0.33616411685943604, -0.4572836458683014, 0.690037727355957], [0.5405925512313843, -0.21913208067417145, -0.8122439980506897, -0.9083220958709717], [0.0, 0.0, 0.0, 1.0]]}, "Bone": {"matrix": [[0.23631709814071655, -0.9622154831886292, 0.13526028394699097, -1.0107485055923462], [0.8195415735244751, 0.12259166687726974, -0.559752345085144, 0.6034278273582458], [0.5220206379890442, 0.24313057959079742, 0.8175461888313293, -0.2580369710922241], [0.0, 0.0, 0.0, 1.0]]}, "finger1joint1": {"matrix": [[-0.7530263662338257, -0.6564016938209534, -0.045693289488554, -1.8114922046661377], [0.26843827962875366, -0.24306605756282806, -0.9321263432502747, 0.7054470777511597], [0.6007429361343384, -0.7141816020011902, 0.35923856496810913, -0.05570670962333679], [0.0, 0.0, 0.0, 1.0]]}, "finger1joint2": {"matrix": [[-0.6900791525840759, -0.12233240902423859, -0.7133199572563171, -2.182476282119751], [0.5442922711372375, 0.5618862509727478, -0.6229202151298523, 0.5680713653564453], [0.47700807452201843, -0.8181188702583313, -0.3211613595485687, -0.4593467116355896], [0.0, 0.0, 0.0, 1.0]]}, "finger1joint3": {"matrix": [[-0.7538163661956787, 0.18881948292255402, -0.6293711066246033, -2.2349181175231934], [0.45742669701576233, 0.8384183049201965, -0.29633668065071106, 0.8089427947998047], [0.47172224521636963, -0.5112746357917786, -0.7183844447135925, -0.8100607991218567], [0.0, 0.0, 0.0, 1.0]]}, "Bone.001": {"matrix": [[-0.08894192427396774, -0.8762957453727722, 0.4734920859336853, -1.0107483863830566], [0.7406086325645447, -0.37605446577072144, -0.5568497180938721, 0.6034278273582458], [0.6660239100456238, 0.30114513635635376, 0.6824393272399902, -0.2580369710922241], [0.0, 0.0, 0.0, 1.0]]}, "finger2joint1": {"matrix": [[-0.8255706429481506, -0.41522151231765747, 0.38213059306144714, -1.5662178993225098], [0.2569996118545532, -0.8795332312583923, -0.4004650413990021, 0.36505308747291565], [0.5023783445358276, -0.23240476846694946, 0.8328287601470947, -0.06714598834514618], [0.0, 0.0, 0.0, 1.0]]}, "finger2joint2": {"matrix": [[-0.8915035724639893, -0.4485463500022888, 0.06346091628074646, -1.9254463911056519], [0.21231278777122498, -0.5374471545219421, -0.8161333203315735, -0.39587414264678955], [0.4001806378364563, -0.7141122221946716, 0.5743682980537415, -0.2682107090950012], [0.0, 0.0, 0.0, 1.0]]}, "finger2joint3": {"matrix": [[-0.9391477108001709, -0.23739011585712433, -0.24828825891017914, -2.095721960067749], [0.22133679687976837, 0.13457103073596954, -0.9658676385879517, -0.5998979806900024], [0.2626999318599701, -0.9620479345321655, -0.07383885979652405, -0.539299488067627], [0.0, 0.0, 0.0, 1.0]]}, "Bone.002": {"matrix": [[-0.682197630405426, -0.5086438655853271, 0.5252500176429749, -1.0107483863830566], [0.27730563282966614, -0.8446907997131348, -0.4578196406364441, 0.6034278273582458], [0.6765412092208862, -0.1666686236858368, 0.7172959446907043, -0.2580369710922241], [0.0, 0.0, 0.0, 1.0]]}, "finger3joint1": {"matrix": [[-0.5798678994178772, -0.3896806240081787, 0.7154732942581177, -1.225147008895874], [0.6225443482398987, -0.7784243226051331, 0.08058485388755798, 0.24738216400146484], [0.5255396366119385, 0.49214258790016174, 0.6939767003059387, -0.3282894492149353], [0.0, 0.0, 0.0, 1.0]]}, "finger3joint2": {"matrix": [[-0.6615033149719238, -0.6729195713996887, 0.33104732632637024, -1.5669676065444946], [0.48802539706230164, -0.7214363217353821, -0.4912847578525543, -0.43543723225593567], [0.5694248676300049, -0.16342690587043762, 0.8056344985961914, 0.10340890288352966], [0.0, 0.0, 0.0, 1.0]]}, "finger3joint3": {"matrix": [[-0.7403130531311035, -0.6719416379928589, -0.02075817435979843, -2.0024006366729736], [0.5272887349128723, -0.5612329244613647, -0.637952983379364, -0.9022644758224487], [0.4170171320438385, -0.48323044180870056, 0.7697954177856445, -0.0023414194583892822], [0.0, 0.0, 0.0, 1.0]]}, "Bone.003": {"matrix": [[-0.43430206179618835, 0.5454881191253662, 0.7168153524398804, -1.0107485055923462], [-0.49579286575317383, -0.8091553449630737, 0.3153679072856903, 0.6034278273582458], [0.7520444989204407, -0.21842703223228455, 0.6218670606613159, -0.2580369710922241], [0.0, 0.0, 0.0, 1.0]]}, "finger4joint1": {"matrix": [[-0.4347003698348999, -0.8609907031059265, 0.2640646696090698, -0.7769415378570557], [0.5798311233520508, -0.49193495512008667, -0.6494578123092651, 0.25660812854766846], [0.6890800595283508, -0.12920662760734558, 0.71307373046875, -0.35165905952453613], [0.0, 0.0, 0.0, 1.0]]}, "finger4joint2": {"matrix": [[-0.44914254546165466, -0.7632392644882202, -0.4644741714000702, -1.6322146654129028], [0.5557527542114258, 0.1683918535709381, -0.8141146302223206, -0.23205989599227905], [0.6995781660079956, -0.6237865090370178, 0.34854060411453247, -0.4800076186656952], [0.0, 0.0, 0.0, 1.0]]}, "finger4joint3": {"matrix": [[-0.3773002028465271, -0.6222952008247375, -0.6858518123626709, -1.9505332708358765], [0.5516812801361084, 0.4438098669052124, -0.7061728835105896, -0.1618299037218094], [0.743835985660553, -0.6448110342025757, 0.1758592277765274, -0.7401657700538635], [0.0, 0.0, 0.0, 1.0]]}}