{"root": {"matrix": [[0.36915868520736694, -0.5205563306808472, 0.7698980569839478, 0.0], [0.9234328866004944, 0.1119922399520874, -0.36705511808395386, 0.0], [0.10485032945871353, 0.8464507460594177, 0.5220416784286499, 0.0], [0.0, 0.0, 0.0, 1.0]]}, "carpals": {"matrix": [[-0.4845670759677887, -0.8465247750282288, -0.22043193876743317, 0.2387569546699524], [0.8293285965919495, -0.36442941427230835, -0.42356231808662415, 2.239205837249756], [0.2782241702079773, -0.38805487751960754, 0.8786378502845764, 1.0069447755813599], [0.0, 0.0, 0.0, 1.0]]}, "metacarpals": {"matrix": [[-0.9057126045227051, -0.33494991064071655, 0.25979408621788025, -0.5857530832290649], [0.10889546573162079, -0.776161789894104, -0.6210591197013855, 1.884253740310669], [0.4096660614013672, -0.534210741519928, 0.7394540905952454, 0.6289816498756409], [0.0, 0.0, 0.0, 1.0]]}, "finger5joint1": {"matrix": [[-0.8467727303504944, -0.4254581928253174, 0.31931328773498535, -0.7248481512069702], [0.2292414754629135, -0.8335214257240295, -0.5026829242706299, 1.6776981353759766], [0.48002520203590393, -0.3524583578109741, 0.803335964679718, -0.05194571614265442], [0.0, 0.0, 0.0, 1.0]]}, "finger5joint2": {"matrix": [[0.3595740795135498, -0.9233613014221191, 0.13457244634628296, -1.1742477416992188], [-0.44620656967163086, -0.2968073785305023, -0.8442775011062622, 0.7972725629806519], [0.819515585899353, 0.2435334473848343, -0.518734335899353, -0.4242377281188965], [0.0, 0.0, 0.0, 1.0]]}, "finger5joint3": {"matrix": [[0.2638465166091919, -0.9639872908592224, -0.03335985541343689, -1.8089065551757812], [-0.42480576038360596, -0.08508066833019257, -0.9012773036956787, 0.5932664275169373], [0.8659818768501282, 0.2519705891609192, -0.4319557547569275, -0.25684863328933716], [0.0, 0.0, 0.0, 1.0]]}, "Bone": {"matrix": [[0.1678447425365448, -0.9784941077232361, 0.11990462988615036, -1.1087028980255127], [0.8333765864372253, 0.07586493343114853, -0.5474739074707031, 0.6724497675895691], [0.5266035199165344, 0.19181641936302185, 0.8281877636909485, -0.20506958663463593], [0.0, 0.0, 0.0, 1.0]]}, "finger1joint1": {"matrix": [[-0.8426185250282288, -0.5384801626205444, 0.005732982885092497, -1.9229936599731445], [0.2022576630115509, -0.3263249397277832, -0.9233653545379639, 0.7355836033821106], [0.49908486008644104, -0.7768853306770325, 0.38387927412986755, -0.04544234275817871], [0.0, 0.0, 0.0, 1.0]]}, "finger1joint2": {"matrix": [[-0.7934147715568542, -0.03869113698601723, -0.6074502468109131, -2.2273306846618652], [0.4802652895450592, 0.5733240842819214, -0.6638106107711792, 0.5511518716812134], [0.37394949793815613, -0.818414568901062, -0.4363017976284027, -0.4845210313796997], [0.0, 0.0, 0.0, 1.0]]}, "finger1joint3": {"matrix": [[-0.8488975763320923, 0.2141476720571518, -0.48323237895965576, -2.243917226791382], [0.3892114758491516, 0.8718274831771851, -0.2973736822605133, 0.7969263792037964], [0.3576134741306305, -0.44051945209503174, -0.8234409689903259, -0.835361897945404], [0.0, 0.0, 0.0, 1.0]]}, "Bone.001": {"matrix": [[-0.16018688678741455, -0.8711378574371338, 0.4641752243041992, -1.1087028980255127], [0.7391653060913086, -0.4175226092338562, -0.5284971594810486, 0.6724497079849243], [0.654197633266449, 0.2584439516067505, 0.7107966542243958, -0.20506958663463593], [0.0, 0.0, 0.0, 1.0]]}, "finger2joint1": {"matrix": [[-0.8624064326286316, -0.3495136797428131, 0.36618977785110474, -1.6609028577804565], [0.21845002472400665, -0.909518301486969, -0.35363227128982544, 0.40778905153274536], [0.45665571093559265, -0.22498059272766113, 0.8607258796691895, -0.041246190667152405], [0.0, 0.0, 0.0, 1.0]]}, "finger2joint2": {"matrix": [[-0.9206149578094482, -0.3881658613681793, 0.04236924275755882, -1.9632842540740967], [0.16704726219177246, -0.4895985722541809, -0.8557968139648438, -0.3790797293186188], [0.35293513536453247, -0.7807816863059998, 0.5155739188194275, -0.23588791489601135], [0.0, 0.0, 0.0, 1.0]]}, "finger2joint3": {"matrix": [[-0.9591396450996399, -0.2058534324169159, -0.19410063326358795, -2.1106386184692383], [0.1855844259262085, 0.06009390577673912, -0.9807888865470886, -0.5649394392967224], [0.21356311440467834, -0.9767357707023621, -0.019435198977589607, -0.5322854518890381], [0.0, 0.0, 0.0, 1.0]]}, "Bone.002": {"matrix": [[-0.7295118570327759, -0.4567888081073761, 0.5090738534927368, -1.1087028980255127], [0.24691098928451538, -0.8699844479560852, -0.4268042743206024, 0.6724497675895691], [0.6378458738327026, -0.18566282093524933, 0.7474502325057983, -0.20506960153579712], [0.0, 0.0, 0.0, 1.0]]}, "finger3joint1": {"matrix": [[-0.6445972323417664, -0.3671962320804596, 0.6705678105354309, -1.3012439012527466], [0.5873526930809021, -0.7993195056915283, 0.12690520286560059, 0.30574262142181396], [0.4893989861011505, 0.4756626784801483, 0.7309128642082214, -0.2833283543586731], [0.0, 0.0, 0.0, 1.0]]}, "finger3joint2": {"matrix": [[-0.7200717329978943, -0.6175081133842468, 0.3165125846862793, -1.6233417987823486], [0.44820237159729004, -0.7621208429336548, -0.46721121668815613, -0.395405650138855], [0.5297276973724365, -0.19456379115581512, 0.8255504369735718, 0.13391418755054474], [0.0, 0.0, 0.0, 1.0]]}, "finger3joint3": {"matrix": [[-0.7927807569503784, -0.6090664267539978, -0.023164723068475723, -2.022918939590454], [0.48201578855514526, -0.6032400131225586, -0.6354228258132935, -0.8885590434074402], [0.37304094433784485, -0.514916718006134, 0.7718167901039124, 0.008015796542167664], [0.0, 0.0, 0.0, 1.0]]}, "Bone.003": {"matrix": [[-0.44792407751083374, 0.5955531597137451, 0.6668434739112854, -1.1087028980255127], [-0.5123979449272156, -0.7822070717811584, 0.3544014096260071, 0.6724497675895691], [0.7326745986938477, -0.18294434249401093, 0.6555296778678894, -0.20506958663463593], [0.0, 0.0, 0.0, 1.0]]}, "finger4joint1": {"matrix": [[-0.5068966746330261, -0.8175674676895142, 0.2732010781764984, -0.8534371256828308], [0.5623822212219238, -0.5538506507873535, -0.6139830946922302, 0.33718064427375793], [0.6532854437828064, -0.15758255124092102, 0.7405306696891785, -0.28348308801651], [0.0, 0.0, 0.0, 1.0]]}, "finger4joint2": {"matrix": [[-0.5201345682144165, -0.7252781391143799, -0.4510333836078644, -1.6655752658843994], [0.5375774502754211, 0.13235105574131012, -0.8327624201774597, -0.21299192309379578], [0.6636793613433838, -0.675614058971405, 0.32105299830436707, -0.4400191605091095], [0.0, 0.0, 0.0, 1.0]]}, "finger4joint3": {"matrix": [[-0.4513910710811615, -0.5773954391479492, -0.6803382039070129, -1.968061923980713], [0.5368395447731018, 0.433297723531723, -0.7239170670509338, -0.15779320895671844], [0.7127756476402283, -0.6920024156570435, 0.11438211053609848, -0.7217926979064941], [0.0, 0.0, 0.0, 1.0]]}}