{"root": {"matrix": [[0.48143428564071655, -0.43310266733169556, 0.7619994282722473, 0.0], [0.8653321862220764, 0.3730998933315277, -0.33465906977653503, 0.0], [-0.13936010003089905, 0.8204990029335022, 0.5544007420539856, 5.960464477539063e-08], [0.0, 0.0, 0.0, 1.0]]}, "carpals": {"matrix": [[-0.6570831537246704, -0.7149256467819214, -0.23900356888771057, 0.579154372215271], [0.7537397146224976, -0.6276857256889343, -0.19464536011219025, 2.3597469329833984], [-0.010862156748771667, -0.3080447316169739, 0.9513097405433655, 0.42562928795814514], [0.0, 0.0, 0.0, 1.0]]}, "metacarpals": {"matrix": [[-0.7454311847686768, -0.6265249848365784, 0.2275928556919098, -0.11717891693115234], [0.4703962504863739, -0.7363409399986267, -0.4863426983356476, 1.748384952545166], [0.47229185700416565, -0.2554762065410614, 0.8436065912246704, 0.12559553980827332], [0.0, 0.0, 0.0, 1.0]]}, "finger5joint1": {"matrix": [[-0.6259944438934326, -0.7131207585334778, 0.315577894449234, -0.4375442862510681], [0.5890477299690247, -0.6975915431976318, -0.4079076051712036, 1.445704698562622], [0.511031985282898, -0.06945747137069702, 0.8567507266998291, -0.45010024309158325], [0.0, 0.0, 0.0, 1.0]]}, "finger5joint2": {"matrix": [[0.4035864770412445, -0.9123373031616211, 0.06897667795419693, -1.1907939910888672], [-0.3645555377006531, -0.22949615120887756, -0.9024579524993896, 0.7088581323623657], [0.8391762971878052, 0.33907413482666016, -0.4252193868160248, -0.5234662294387817], [0.0, 0.0, 0.0, 1.0]]}, "finger5joint3": {"matrix": [[0.3122401237487793, -0.9404075741767883, -0.13468101620674133, -1.8178755044937134], [-0.33414873480796814, 0.023993967100977898, -0.9422146081924438, 0.5511174201965332], [0.889297604560852, 0.339200884103775, -0.3067443072795868, -0.2904087007045746], [0.0, 0.0, 0.0, 1.0]]}, "Bone": {"matrix": [[0.48234403133392334, -0.8659084439277649, 0.13246315717697144, -1.0953583717346191], [0.8386234045028687, 0.4127736985683441, -0.3554270565509796, 0.5987521409988403], [0.2530900239944458, 0.2825249135494232, 0.9252701997756958, -0.2732737362384796], [0.0, 0.0, 0.0, 1.0]]}, "finger1joint1": {"matrix": [[-0.6342843770980835, -0.7649765014648438, -0.1117764413356781, -1.815956711769104], [0.5611363649368286, -0.3560880720615387, -0.7472127676010132, 0.942257285118103], [0.5317980647087097, -0.5366673469543457, 0.655117392539978, -0.03816002607345581], [0.0, 0.0, 0.0, 1.0]]}, "finger1joint2": {"matrix": [[-0.5547082424163818, -0.08949457108974457, -0.8272177577018738, -2.248304843902588], [0.7689955234527588, 0.32449349761009216, -0.5507718920707703, 0.7410041093826294], [0.31771793961524963, -0.9416446089744568, -0.11117830872535706, -0.3414728343486786], [0.0, 0.0, 0.0, 1.0]]}, "finger1joint3": {"matrix": [[-0.6319724917411804, 0.333376944065094, -0.6996215581893921, -2.2866697311401367], [0.6968385577201843, 0.6395065188407898, -0.3247266411781311, 0.8801090717315674], [0.33915624022483826, -0.6927416324615479, -0.6364604830741882, -0.7451403737068176], [0.0, 0.0, 0.0, 1.0]]}, "Bone.001": {"matrix": [[0.1730049103498459, -0.8815208673477173, 0.4393061697483063, -1.0953583717346191], [0.8806872367858887, -0.061244573444128036, -0.4697219729423523, 0.5987521409988403], [0.4409749209880829, 0.4681556522846222, 0.7657487392425537, -0.2732737362384796], [0.0, 0.0, 0.0, 1.0]]}, "finger2joint1": {"matrix": [[-0.666362464427948, -0.7454879879951477, 0.014432193711400032, -1.6541401147842407], [0.5691105723381042, -0.5210202932357788, -0.6361216306686401, 0.5599302649497986], [0.4817405939102173, -0.4156741499900818, 0.7714536786079407, 0.023482471704483032], [0.0, 0.0, 0.0, 1.0]]}, "finger2joint2": {"matrix": [[-0.7295182943344116, -0.15814010798931122, -0.6654279828071594, -2.299098253250122], [0.5760023593902588, 0.38257238268852234, -0.7223983407020569, 0.1091700941324234], [0.3688146471977234, -0.9102910757064819, -0.18800444900989532, -0.3361376225948334], [0.0, 0.0, 0.0, 1.0]]}, "finger2joint3": {"matrix": [[-0.6804466247558594, 0.37816619873046875, -0.6276801228523254, -2.359130620956421], [0.6783100962638855, 0.6491549015045166, -0.3442280888557434, 0.2544008791446686], [0.27728626132011414, -0.6599907875061035, -0.6982293128967285, -0.6816990375518799], [0.0, 0.0, 0.0, 1.0]]}, "Bone.002": {"matrix": [[-0.49758046865463257, -0.6974257826805115, 0.515762209892273, -1.0953583717346191], [0.5958262085914612, -0.7069296836853027, -0.3811054229736328, 0.5987521409988403], [0.630400538444519, 0.11767405271530151, 0.7672991156578064, -0.2732737064361572], [0.0, 0.0, 0.0, 1.0]]}, "finger3joint1": {"matrix": [[-0.6777389645576477, -0.29330921173095703, 0.6742694973945618, -1.3893303871154785], [0.5407273173332214, -0.820214569568634, 0.18671342730522156, 0.3007741868495941], [0.4982810914516449, 0.49113893508911133, 0.7144917845726013, -0.22367292642593384], [0.0, 0.0, 0.0, 1.0]]}, "finger3joint2": {"matrix": [[-0.7412316203117371, -0.5954774022102356, 0.3098096549510956, -1.6466156244277954], [0.396575003862381, -0.760867178440094, -0.5136237144470215, -0.4187029004096985], [0.5415754318237305, -0.2578514516353607, 0.8001304268836975, 0.2071450650691986], [0.0, 0.0, 0.0, 1.0]]}, "finger3joint3": {"matrix": [[-0.8113926649093628, -0.5810819864273071, -0.06312999874353409, -2.031937599182129], [0.43905526399612427, -0.5346245765686035, -0.722085177898407, -0.9110450744628906], [0.38583990931510925, -0.6136122941970825, 0.6889175772666931, 0.040294453501701355], [0.0, 0.0, 0.0, 1.0]]}, "Bone.003": {"matrix": [[-0.4132630527019501, 0.31980985403060913, 0.852604866027832, -1.0953583717346191], [-0.17100027203559875, -0.946897566318512, 0.2722935974597931, 0.5987521409988403], [0.8944117426872253, -0.03326677903532982, 0.4460054636001587, -0.2732737064361572], [0.0, 0.0, 0.0, 1.0]]}, "finger4joint1": {"matrix": [[-0.44245633482933044, -0.8734306693077087, 0.20334899425506592, -0.9582816362380981], [0.7145165801048279, -0.4803726375102997, -0.5086332559585571, 0.19289347529411316], [0.541939377784729, -0.07975185662508011, 0.8366248607635498, -0.2875325083732605], [0.0, 0.0, 0.0, 1.0]]}, "finger4joint2": {"matrix": [[-0.45835259556770325, -0.6203306317329407, -0.6364763975143433, -1.8259119987487793], [0.6933621168136597, 0.19844210147857666, -0.6927260160446167, -0.28428900241851807], [0.5560230612754822, -0.7588216662406921, 0.3391574025154114, -0.36675477027893066], [0.0, 0.0, 0.0, 1.0]]}, "finger4joint3": {"matrix": [[-0.3958406448364258, -0.27985551953315735, -0.8746373057365417, -2.0846288204193115], [0.6845259070396423, 0.544975757598877, -0.4841748774051666, -0.20152617990970612], [0.6121553778648376, -0.7903683185577393, -0.024155238643288612, -0.6832311153411865], [0.0, 0.0, 0.0, 1.0]]}}