{"root": {"matrix": [[0.4152599275112152, -0.5759851932525635, 0.7041308879852295, 0.0], [0.9073101282119751, 0.20613178610801697, -0.3664669394493103, 1.4901161193847656e-08], [0.06593582779169083, 0.7910441160202026, 0.608195424079895, 0.0], [0.0, 0.0, 0.0, 1.0]]}, "carpals": {"matrix": [[-0.8854050636291504, -0.42089390754699707, -0.1972457468509674, 0.2961529493331909], [0.4611845314502716, -0.7424927353858948, -0.48581182956695557, 2.2948238849639893], [0.058021754026412964, -0.521107017993927, 0.8515167236328125, 0.8550218343734741], [0.0, 0.0, 0.0, 1.0]]}, "metacarpals": {"matrix": [[-0.5619588494300842, -0.6693315505981445, 0.48600125312805176, -0.11379528045654297], [0.2514383792877197, -0.6979743242263794, -0.6705299019813538, 1.5716404914855957], [0.7880233526229858, -0.2546108663082123, 0.5605285167694092, 0.34746676683425903], [0.0, 0.0, 0.0, 1.0]]}, "finger5joint1": {"matrix": [[-0.38867059350013733, -0.7558698654174805, 0.5268734097480774, -0.5970829129219055], [0.3731336295604706, -0.6519701480865479, -0.6600802540779114, 1.405043363571167], [0.8424407243728638, -0.059959590435028076, 0.5354421734809875, -0.16668614745140076], [0.0, 0.0, 0.0, 1.0]]}, "finger5joint2": {"matrix": [[0.6251903176307678, -0.704330325126648, 0.33623674511909485, -1.3954873085021973], [-0.6033992767333984, -0.7094391584396362, -0.3641495406627655, 0.7163852453231812], [0.4950212836265564, 0.024777719751000404, -0.8685272336006165, -0.23001979291439056], [0.0, 0.0, 0.0, 1.0]]}, "finger5joint3": {"matrix": [[0.5372433662414551, -0.8155109882354736, 0.21519909799098969, -1.8795982599258423], [-0.6460269093513489, -0.5619174838066101, -0.5166211724281311, 0.2287628948688507], [0.5422345399856567, 0.13852690160274506, -0.8287288546562195, -0.2129892110824585], [0.0, 0.0, 0.0, 1.0]]}, "Bone": {"matrix": [[0.5309673547744751, -0.7357105612754822, 0.42047998309135437, -1.158807635307312], [0.7826125025749207, 0.2354697585105896, -0.5762563347816467, 0.48190873861312866], [0.3249475657939911, 0.6350463628768921, 0.7008031010627747, -0.050051480531692505], [0.0, 0.0, 0.0, 1.0]]}, "finger1joint1": {"matrix": [[-0.45979365706443787, -0.8725398182868958, 0.16511762142181396, -1.7710570096969604], [0.323305606842041, -0.33765584230422974, -0.884003221988678, 0.6778638362884521], [0.8270810842514038, -0.3530755937099457, 0.4373491406440735, 0.4784262180328369], [0.0, 0.0, 0.0, 1.0]]}, "finger1joint2": {"matrix": [[-0.4706890881061554, -0.03289763629436493, -0.8816854953765869, -2.264197587966919], [0.583783745765686, 0.7376685738563538, -0.33917754888534546, 0.487028032541275], [0.6615499258041382, -0.6743609309196472, -0.32800742983818054, 0.27887555956840515], [0.0, 0.0, 0.0, 1.0]]}, "finger1joint3": {"matrix": [[-0.5560346841812134, 0.3099284768104553, -0.7712131142616272, -2.2783002853393555], [0.5189749002456665, 0.8542312979698181, -0.030882705003023148, 0.8032543659210205], [0.6492230892181396, -0.417412132024765, -0.6358273029327393, -0.01021188497543335], [0.0, 0.0, 0.0, 1.0]]}, "Bone.001": {"matrix": [[0.29640933871269226, -0.6882215142250061, 0.6621875166893005, -1.158807635307312], [0.7423719763755798, -0.2701743245124817, -0.61309814453125, 0.48190879821777344], [0.600853443145752, 0.6733176112174988, 0.43083426356315613, -0.05005145072937012], [0.0, 0.0, 0.0, 1.0]]}, "finger2joint1": {"matrix": [[-0.44515174627304077, -0.8650779128074646, 0.23125696182250977, -1.595060110092163], [0.365324467420578, -0.41123640537261963, -0.8351181745529175, 0.31064969301223755], [0.8175436854362488, -0.2872704863548279, 0.4990968704223633, 0.376753568649292], [0.0, 0.0, 0.0, 1.0]]}, "finger2joint2": {"matrix": [[-0.5410165190696716, -0.3840687572956085, -0.7481924891471863, -2.3434810638427734], [0.4022446274757385, 0.6631103157997131, -0.6312556862831116, -0.04513105750083923], [0.7385799288749695, -0.6424762606620789, -0.20426397025585175, 0.1282218098640442], [0.0, 0.0, 0.0, 1.0]]}, "finger2joint3": {"matrix": [[-0.5124660730361938, 0.6542548537254333, -0.5561732649803162, -2.4892799854278564], [0.5304318070411682, 0.7505302429199219, 0.39413967728614807, 0.20659643411636353], [0.6752927899360657, -0.09302892535924911, -0.7316590547561646, -0.11567273736000061], [0.0, 0.0, 0.0, 1.0]]}, "Bone.002": {"matrix": [[-0.2778700292110443, -0.6190776228904724, 0.7345276474952698, -1.1588075160980225], [0.35328057408332825, -0.7769109606742859, -0.5211544632911682, 0.48190876841545105], [0.8932978510856628, 0.1146811842918396, 0.4345884323120117, -0.0500514842569828], [0.0, 0.0, 0.0, 1.0]]}, "finger3joint1": {"matrix": [[-0.4900783896446228, -0.09433169662952423, 0.8665589690208435, -1.4197551012039185], [0.3184419870376587, -0.9447897672653198, 0.07724533975124359, 0.15443307161331177], [0.8114296197891235, 0.3138050436973572, 0.49306023120880127, -0.0017122328281402588], [0.0, 0.0, 0.0, 1.0]]}, "finger3joint2": {"matrix": [[-0.5320716500282288, -0.7250825762748718, 0.4372124969959259, -1.5025010108947754], [0.16180402040481567, -0.5939301252365112, -0.7880775928497314, -0.6743191480636597], [0.8310952186584473, -0.3485710620880127, 0.43333473801612854, 0.2735517621040344], [0.0, 0.0, 0.0, 1.0]]}, "finger3joint3": {"matrix": [[-0.6333274841308594, -0.7662489414215088, -0.1084374263882637, -1.9716877937316895], [0.262356698513031, -0.08076439797878265, -0.9615851044654846, -1.058639645576477], [0.7280558347702026, -0.6374476552009583, 0.2521808445453644, 0.04799830913543701], [0.0, 0.0, 0.0, 1.0]]}, "Bone.003": {"matrix": [[-0.10852687060832977, 0.3003912568092346, 0.9476217031478882, -1.158807635307312], [-0.44430387020111084, -0.8674003481864929, 0.22407712042331696, 0.48190876841545105], [0.8892782330513, -0.39671364426612854, 0.22760127484798431, -0.050051480531692505], [0.0, 0.0, 0.0, 1.0]]}, "finger4joint1": {"matrix": [[-0.5682851672172546, -0.7406914830207825, 0.3583681285381317, -1.0300540924072266], [0.2505018711090088, -0.5705936551094055, -0.7820941805839539, 0.11012411117553711], [0.7837733030319214, -0.35468074679374695, 0.5098046064376831, -0.22009062767028809], [0.0, 0.0, 0.0, 1.0]]}, "finger4joint2": {"matrix": [[-0.578088641166687, -0.7140776515007019, -0.3948494493961334, -1.76582670211792], [0.22220712900161743, 0.327844500541687, -0.9182274341583252, -0.45668020844459534], [0.7851350903511047, -0.6185554265975952, -0.030850036069750786, -0.5724159479141235], [0.0, 0.0, 0.0, 1.0]]}, "finger4joint3": {"matrix": [[-0.510891318321228, -0.33344873785972595, -0.7923392653465271, -2.0636420249938965], [0.20759424567222595, 0.8465703129768372, -0.49012547731399536, -0.3199484944343567], [0.834202766418457, -0.4148860573768616, -0.3632834851741791, -0.8303924798965454], [0.0, 0.0, 0.0, 1.0]]}}