{"root": {"matrix": [[0.4971200227737427, -0.6422083973884583, -0.5834724307060242, 0.0], [-0.7783167362213135, -0.03281104937195778, -0.6270139217376709, 0.0], [0.3835291862487793, 0.7658275365829468, -0.5161526203155518, 0.0], [0.0, 0.0, 0.0, 1.0]]}, "carpals": {"matrix": [[0.6217917799949646, -0.7425179481506348, -0.24908219277858734, 0.5612176656723022], [0.6224108934402466, 0.27545133233070374, 0.7326191663742065, -1.7217661142349243], [-0.475372850894928, -0.6105681657791138, 0.6334248185157776, 1.6749749183654785], [0.0, 0.0, 0.0, 1.0]]}, "metacarpals": {"matrix": [[0.4351968467235565, -0.7193766236305237, 0.5413879156112671, -0.16199040412902832], [-0.18644574284553528, 0.5162742733955383, 0.8358818292617798, -1.4534783363342285], [-0.8808186650276184, -0.4647126793861389, 0.0905563160777092, 1.0802851915359497], [0.0, 0.0, 0.0, 1.0]]}, "finger5joint1": {"matrix": [[0.24121545255184174, -0.8492181897163391, 0.46972694993019104, -0.8715881705284119], [-0.015789248049259186, 0.48052093386650085, 0.8768408894538879, -1.4699960947036743], [-0.9703430533409119, -0.2189241647720337, 0.10250066220760345, 0.9323893785476685], [0.0, 0.0, 0.0, 1.0]]}, "finger5joint2": {"matrix": [[0.5471080541610718, -0.48584944009780884, -0.6816322803497314, -1.768593668937683], [0.8187786340713501, 0.4798834025859833, 0.3151393234729767, -0.962435245513916], [0.17399390041828156, -0.7305213212966919, 0.6603516340255737, 0.7011458277702332], [0.0, 0.0, 0.0, 1.0]]}, "finger5joint3": {"matrix": [[0.5360553860664368, -0.2724389433860779, -0.7990126013755798, -2.1025350093841553], [0.8414055705070496, 0.2491367608308792, 0.47954851388931274, -0.6325945258140564], [0.0684157982468605, -0.9293585419654846, 0.3627830743789673, 0.1990329474210739], [0.0, 0.0, 0.0, 1.0]]}, "Bone": {"matrix": [[0.7295700907707214, 0.2174379676580429, 0.6484196782112122, -1.2851369380950928], [-0.6076971888542175, -0.22883155941963196, 0.7604865431785583, -0.6474307775497437], [0.31373757123947144, -0.9488713145256042, -0.03481214866042137, 0.3547396659851074], [0.0, 0.0, 0.0, 1.0]]}, "finger1joint1": {"matrix": [[0.5365106463432312, -0.814261257648468, 0.22166362404823303, -1.1041878461837769], [-0.23183733224868774, 0.11034439504146576, 0.9664756059646606, -0.8378615975379944], [-0.8114232420921326, -0.5699145197868347, -0.12957513332366943, -0.43489930033683777], [0.0, 0.0, 0.0, 1.0]]}, "finger1joint2": {"matrix": [[0.4597259759902954, -0.8860162496566772, 0.06022610887885094, -1.5643905401229858], [-0.517240047454834, -0.2120182067155838, 0.82916259765625, -0.7754972577095032], [-0.7218827605247498, -0.41233906149864197, -0.5557533502578735, -0.757002592086792], [0.0, 0.0, 0.0, 1.0]]}, "finger1joint3": {"matrix": [[0.49565589427948, -0.7740669250488281, -0.39388519525527954, -1.9442112445831299], [-0.42248067259788513, -0.6111271977424622, 0.6693528890609741, -0.8663860559463501], [-0.7588381767272949, -0.16535994410514832, -0.6299370527267456, -0.9337655901908875], [0.0, 0.0, 0.0, 1.0]]}, "Bone.001": {"matrix": [[0.8311612606048584, 0.14727367460727692, 0.5361727476119995, -1.2851369380950928], [-0.5550978779792786, 0.2756202816963196, 0.7847924828529358, -0.6474307775497437], [-0.03220081701874733, -0.9499176740646362, 0.3108363747596741, 0.35473963618278503], [0.0, 0.0, 0.0, 1.0]]}, "finger2joint1": {"matrix": [[0.5094260573387146, -0.36131277680397034, 0.7809852361679077, -1.1917825937271118], [-0.26771944761276245, 0.7959910035133362, 0.5428849458694458, -0.47271957993507385], [-0.8178086876869202, -0.48564475774765015, 0.30876827239990234, -0.24739766120910645], [0.0, 0.0, 0.0, 1.0]]}, "finger2joint2": {"matrix": [[0.40030285716056824, -0.6430320739746094, 0.6528913378715515, -1.504372000694275], [-0.2436589002609253, 0.612130880355835, 0.7522802948951721, 0.21593119204044342], [-0.8833956122398376, -0.4602227807044983, 0.0883573368191719, -0.6675527095794678], [0.0, 0.0, 0.0, 1.0]]}, "finger2joint3": {"matrix": [[0.26395729184150696, -0.9172244668006897, 0.2983715236186981, -1.748477578163147], [-0.23807834088802338, 0.23781323432922363, 0.9416809678077698, 0.4483061134815216], [-0.9346897602081299, -0.3195994198322296, -0.1555987000465393, -0.8422608375549316], [0.0, 0.0, 0.0, 1.0]]}, "Bone.002": {"matrix": [[0.6898984909057617, -0.40751028060913086, 0.5983104705810547, -1.2851369380950928], [-0.21797601878643036, 0.671202540397644, 0.7085007429122925, -0.6474307775497437], [-0.6903089880943298, -0.6192108988761902, 0.37423425912857056, 0.3547396659851074], [0.0, 0.0, 0.0, 1.0]]}, "finger3joint1": {"matrix": [[0.7791272401809692, -0.1182420402765274, 0.6156131625175476, -1.4569066762924194], [-0.5086246728897095, 0.45478805899620056, 0.7310734391212463, -0.364512175321579], [-0.36641740798950195, -0.8827153444290161, 0.2941970229148865, 0.09373605251312256], [0.0, 0.0, 0.0, 1.0]]}, "finger3joint2": {"matrix": [[0.7261533141136169, -0.6874973773956299, -0.006978689692914486, -1.56062650680542], [-0.45828643441200256, -0.4915713369846344, 0.740493655204773, 0.034419476985931396], [-0.5125181674957275, -0.5345137119293213, -0.6720268726348877, -0.6805655360221863], [0.0, 0.0, 0.0, 1.0]]}, "finger3joint3": {"matrix": [[0.6819688677787781, -0.6208012104034424, -0.3866836726665497, -2.0054924488067627], [-0.6001008152961731, -0.7771852016448975, 0.1893724799156189, -0.28366658091545105], [-0.4180876910686493, 0.10290298610925674, -0.9025593996047974, -1.02643883228302], [0.0, 0.0, 0.0, 1.0]]}, "Bone.003": {"matrix": [[0.5730330348014832, -0.394451767206192, 0.7183598875999451, -1.2851369380950928], [0.5811086297035217, 0.8136529922485352, -0.016770876944065094, -0.6474307775497437], [-0.577880322933197, 0.42705556750297546, 0.6954694986343384, 0.3547396659851074], [0.0, 0.0, 0.0, 1.0]]}, "finger4joint1": {"matrix": [[0.7530656456947327, -0.3074088394641876, 0.5817145109176636, -1.4542065858840942], [-0.45889541506767273, 0.38818252086639404, 0.7992050647735596, -0.2986833155155182], [-0.47149431705474854, -0.8688001036643982, 0.15125855803489685, 0.5377839803695679], [0.0, 0.0, 0.0, 1.0]]}, "finger4joint2": {"matrix": [[0.756913423538208, -0.5227694511413574, 0.3921656012535095, -1.759574055671692], [-0.43435806035995483, 0.045924942940473557, 0.8995684385299683, 0.08692130446434021], [-0.48827725648880005, -0.8512359261512756, -0.19230782985687256, -0.3252464532852173], [0.0, 0.0, 0.0, 1.0]]}, "finger4joint3": {"matrix": [[0.7919313907623291, -0.5526717901229858, 0.25961172580718994, -1.9776018857955933], [-0.44978514313697815, -0.24045296013355255, 0.8601599335670471, 0.10607489198446274], [-0.4129619002342224, -0.7979573607444763, -0.4390057921409607, -0.6802653670310974], [0.0, 0.0, 0.0, 1.0]]}}