{"root": {"matrix": [[0.18757988512516022, -0.7011812925338745, 0.6878651976585388, -5.960464477539063e-08], [0.8323956727981567, -0.25830718874931335, -0.4903008043766022, -2.9802322387695312e-08], [0.5214703679084778, 0.664546549320221, 0.5352070331573486, 5.960464477539063e-08], [0.0, 0.0, 0.0, 1.0]]}, "carpals": {"matrix": [[-0.9310230016708374, -0.10350897908210754, -0.34997397661209106, -0.3394548296928406], [0.31286370754241943, -0.720112144947052, -0.619317889213562, 1.6847286224365234], [-0.18791548907756805, -0.6860933899879456, 0.7028252482414246, 1.7695893049240112], [0.0, 0.0, 0.0, 1.0]]}, "metacarpals": {"matrix": [[-0.853426456451416, -0.4963197708129883, 0.1591532826423645, -0.44027209281921387], [0.22421525418758392, -0.625246524810791, -0.7475253343582153, 0.9833436012268066], [0.4705216884613037, -0.6022732257843018, 0.6448844075202942, 1.1013383865356445], [0.0, 0.0, 0.0, 1.0]]}, "finger5joint1": {"matrix": [[-0.7852262854576111, -0.6166776418685913, -0.05593011528253555, -0.6392298936843872], [0.055757779628038406, 0.0195403341203928, -0.9982529878616333, 0.8947001099586487], [0.6166933178901672, -0.7869729995727539, 0.019041022285819054, 0.4097946286201477], [0.0, 0.0, 0.0, 1.0]]}, "finger5joint2": {"matrix": [[-0.14348262548446655, -0.7789846062660217, 0.6104056239128113, -1.290609359741211], [-0.9886535406112671, 0.1405329704284668, -0.05304950475692749, 0.9153400659561157], [-0.0444573275744915, -0.6110913753509521, -0.790310263633728, -0.42146316170692444], [0.0, 0.0, 0.0, 1.0]]}, "finger5joint3": {"matrix": [[-0.24896520376205444, -0.8848059773445129, 0.39387059211730957, -1.8260327577590942], [-0.9667897820472717, 0.25128594040870667, -0.04660890996456146, 1.0119332075119019], [-0.057734232395887375, -0.3923940062522888, -0.9179831743240356, -0.8414876461029053], [0.0, 0.0, 0.0, 1.0]]}, "Bone": {"matrix": [[0.3432804346084595, -0.9384158849716187, 0.039166159927845, -1.2151648998260498], [0.713327944278717, 0.23336049914360046, -0.6608372330665588, 0.007160171866416931], [0.6110002994537354, 0.25479087233543396, 0.7495064735412598, 0.16102267801761627], [0.0, 0.0, 0.0, 1.0]]}, "finger1joint1": {"matrix": [[-0.39194658398628235, -0.7492824196815491, -0.5338104367256165, -1.996103048324585], [0.250730037689209, 0.47127285599708557, -0.845598042011261, 0.20135992765426636], [0.8851621747016907, -0.46527156233787537, 0.0031539315823465586, 0.3730565011501312], [0.0, 0.0, 0.0, 1.0]]}, "finger1joint2": {"matrix": [[-0.19574853777885437, 0.052277736365795135, -0.9792596697807312, -2.419581413269043], [0.4867972731590271, 0.8720391392707825, -0.0507541298866272, 0.4677131175994873], [0.8512994050979614, -0.48663604259490967, -0.19614897668361664, 0.1100950837135315], [0.0, 0.0, 0.0, 1.0]]}, "finger1joint3": {"matrix": [[-0.29570016264915466, 0.6422471404075623, -0.7071632742881775, -2.3971705436706543], [0.4468325674533844, 0.7472833395004272, 0.49184152483940125, 0.8415418863296509], [0.8443352580070496, -0.1705460399389267, -0.5079486966133118, -0.09851778298616409], [0.0, 0.0, 0.0, 1.0]]}, "Bone.001": {"matrix": [[0.007641443517059088, -0.9263796210289001, 0.37651315331459045, -1.2151648998260498], [0.6669994592666626, -0.2758038341999054, -0.6921297907829285, 0.007160186767578125], [0.745018720626831, 0.2564229965209961, 0.6157872080802917, 0.16102269291877747], [0.0, 0.0, 0.0, 1.0]]}, "finger2joint1": {"matrix": [[-0.7882093191146851, -0.42702484130859375, 0.4431428015232086, -1.802381992340088], [0.3168198764324188, -0.8988940715789795, -0.30267855525016785, -0.16766732931137085], [0.527589738368988, -0.09817753732204437, 0.8438067436218262, 0.3235650360584259], [0.0, 0.0, 0.0, 1.0]]}, "finger2joint2": {"matrix": [[-0.8611615300178528, -0.47230133414268494, -0.18796823918819427, -2.1718218326568604], [0.2608433663845062, -0.09319182485342026, -0.9608723521232605, -0.9453446269035339], [0.4363043010234833, -0.8764966130256653, 0.203450009226799, 0.2386268526315689], [0.0, 0.0, 0.0, 1.0]]}, "finger2joint3": {"matrix": [[-0.8893868327140808, 0.30425509810447693, -0.34120312333106995, -2.3511154651641846], [0.33323946595191956, 0.9424183368682861, -0.02826196700334549, -0.9807217717170715], [0.3129572868347168, -0.1388382911682129, -0.9395644068717957, -0.09410565346479416], [0.0, 0.0, 0.0, 1.0]]}, "Bone.002": {"matrix": [[-0.646377444267273, -0.6223645210266113, 0.44142773747444153, -1.2151647806167603], [0.2965835928916931, -0.7379676699638367, -0.6061697006225586, 0.007160186767578125], [0.7030180096626282, -0.2608940899372101, 0.6615887880325317, 0.16102269291877747], [0.0, 0.0, 0.0, 1.0]]}, "finger3joint1": {"matrix": [[-0.7708003520965576, -0.5446813106536865, 0.330437570810318, -1.4774978160858154], [0.3151353895664215, -0.7767614722251892, -0.5452807545661926, -0.3039005994796753], [0.5536755919456482, -0.31616994738578796, 0.7703763842582703, 0.051053211092948914], [0.0, 0.0, 0.0, 1.0]]}, "finger3joint2": {"matrix": [[-0.8594606518745422, -0.39609068632125854, -0.32317087054252625, -1.9552823305130005], [0.20926018059253693, 0.30418819189071655, -0.9293437004089355, -0.9852614402770996], [0.46640926599502563, -0.8663610816001892, -0.17855165898799896, -0.22628527879714966], [0.0, 0.0, 0.0, 1.0]]}, "finger3joint3": {"matrix": [[-0.8114532232284546, 0.01199142262339592, -0.5842941403388977, -2.2115848064422607], [0.3773930072784424, 0.7741321921348572, -0.5082261562347412, -0.7884272336959839], [0.44622665643692017, -0.632910430431366, -0.6326974034309387, -0.7868903875350952], [0.0, 0.0, 0.0, 1.0]]}, "Bone.003": {"matrix": [[-0.5140038728713989, 0.4265786409378052, 0.7441979646682739, -1.2151648998260498], [-0.5078872442245483, -0.8505038022994995, 0.13672509789466858, 0.007160186767578125], [0.691267192363739, -0.30769139528274536, 0.6538161039352417, 0.16102267801761627], [0.0, 0.0, 0.0, 1.0]]}, "finger4joint1": {"matrix": [[-0.7337747812271118, -0.6505659222602844, 0.1958015412092209, -1.032325029373169], [0.3545038104057312, -0.6124900579452515, -0.7065286040306091, -0.35738223791122437], [0.5795700550079346, -0.4490204453468323, 0.680057942867279, 0.029140174388885498], [0.0, 0.0, 0.0, 1.0]]}, "finger4joint2": {"matrix": [[-0.7445771098136902, -0.6650092601776123, -0.05802720785140991, -1.6785705089569092], [0.3266611397266388, -0.28717371821403503, -0.9004573225975037, -0.9658047556877136], [0.5821486711502075, -0.6894152164459229, 0.43105584383010864, -0.41689833998680115], [0.0, 0.0, 0.0, 1.0]]}, "finger4joint3": {"matrix": [[-0.6857917904853821, -0.6766709089279175, -0.267965704202652, -1.9559210538864136], [0.3625395596027374, 0.0016384217888116837, -0.9319667220115662, -1.0855742692947388], [0.6310739517211914, -0.7362834811210632, 0.24419653415679932, -0.7044278383255005], [0.0, 0.0, 0.0, 1.0]]}}