{"root": {"matrix": [[0.2109101563692093, -0.7390271425247192, 0.6398091912269592, 0.0], [0.6042003035545349, -0.41596555709838867, -0.6796430349349976, 0.0], [0.768413245677948, 0.5299164652824402, 0.35878902673721313, 5.960464477539063e-08], [0.0, 0.0, 0.0, 1.0]]}, "carpals": {"matrix": [[-0.8718613386154175, -0.46583259105682373, 0.1511872261762619, -0.3183353543281555], [0.06404726207256317, -0.4144987165927887, -0.9077932834625244, 1.0356391668319702], [0.48554670810699463, -0.7817866802215576, 0.3912206292152405, 2.216099977493286], [0.0, 0.0, 0.0, 1.0]]}, "metacarpals": {"matrix": [[-0.23687733709812164, -0.12384402006864548, 0.9636138081550598, -0.7720534801483154], [-0.8292778730392456, -0.4909527897834778, -0.26695212721824646, 0.6319199204444885], [0.5061492919921875, -0.8623384833335876, 0.013594336807727814, 1.4546445608139038], [0.0, 0.0, 0.0, 1.0]]}, "finger5joint1": {"matrix": [[-0.2615235447883606, -0.4329131543636322, 0.8626652956008911, -1.1975630521774292], [-0.9651064276695251, 0.10504473000764847, -0.23986461758613586, 0.6070734858512878], [0.013222156092524529, -0.8952940106391907, -0.445279061794281, 0.8681303262710571], [0.0, 0.0, 0.0, 1.0]]}, "finger5joint2": {"matrix": [[0.8783367276191711, -0.4508746564388275, 0.15885892510414124, -1.6548372507095337], [-0.22178193926811218, -0.08995158970355988, 0.9709382653236389, 0.718029260635376], [-0.42348209023475647, -0.888042688369751, -0.1790037751197815, -0.07754391431808472], [0.0, 0.0, 0.0, 1.0]]}, "finger5joint3": {"matrix": [[0.8223254680633545, -0.5600789189338684, 0.10045848786830902, -1.964739203453064], [-0.28232720494270325, -0.24831797182559967, 0.9266223907470703, 0.6562024354934692], [-0.4940362274646759, -0.7903473377227783, -0.3623238205909729, -0.6879267692565918], [0.0, 0.0, 0.0, 1.0]]}, "Bone": {"matrix": [[0.0038251099176704884, -0.40478771924972534, 0.9144025444984436, -0.965408444404602], [0.37776392698287964, -0.8460673689842224, -0.37611737847328186, -0.134593665599823], [0.9258938431739807, 0.34686702489852905, 0.14967776834964752, 0.10829475522041321], [0.0, 0.0, 0.0, 1.0]]}, "finger1joint1": {"matrix": [[-0.11292532831430435, -0.46728140115737915, 0.8768670558929443, -1.3022677898406982], [-0.6775761246681213, -0.6092618703842163, -0.41193506121635437, -0.8386803865432739], [0.7267311811447144, -0.6406619548797607, -0.24781768023967743, 0.3969532251358032], [0.0, 0.0, 0.0, 1.0]]}, "finger1joint2": {"matrix": [[-0.36516356468200684, -0.823864221572876, 0.43347814679145813, -1.5663650035858154], [-0.5076644420623779, -0.21407859027385712, -0.8345340490341187, -1.1830220222473145], [0.7803410887718201, -0.5248026847839355, -0.3400728404521942, 0.03486494719982147], [0.0, 0.0, 0.0, 1.0]]}, "finger1joint3": {"matrix": [[-0.288914293050766, -0.8432393670082092, -0.45329439640045166, -1.9195421934127808], [-0.5813727378845215, 0.5307184457778931, -0.6167200803756714, -1.274794101715088], [0.7606143355369568, 0.08535384386777878, -0.6435683369636536, -0.19010932743549347], [0.0, 0.0, 0.0, 1.0]]}, "Bone.001": {"matrix": [[-0.02554607018828392, -0.044434137642383575, 0.9986854791641235, -0.965408444404602], [0.022108575329184532, -0.9987923502922058, -0.043873436748981476, -0.13459360599517822], [0.999428927898407, 0.020958656445145607, 0.026497477665543556, 0.10829474031925201], [0.0, 0.0, 0.0, 1.0]]}, "finger2joint1": {"matrix": [[-0.23615065217018127, -0.6695581674575806, 0.7042190432548523, -0.9935744404792786], [-0.753113865852356, -0.3318490982055664, -0.5680629014968872, -0.7677117586135864], [0.6140456199645996, -0.6645054817199707, -0.4258872866630554, 0.1215800940990448], [0.0, 0.0, 0.0, 1.0]]}, "finger2joint2": {"matrix": [[-0.3597963750362396, -0.7297147512435913, 0.5814315676689148, -1.5728421211242676], [-0.7243055701255798, -0.17438139021396637, -0.6670625805854797, -1.0548107624053955], [0.5881563425064087, -0.6611406207084656, -0.46579474210739136, -0.4533160924911499], [0.0, 0.0, 0.0, 1.0]]}, "finger2joint3": {"matrix": [[-0.49162206053733826, -0.7871946692466736, 0.3723331391811371, -1.8498536348342896], [-0.6770060062408447, 0.07658867537975311, -0.7319814562797546, -1.1210087537765503], [0.5476954579353333, -0.6119298934936523, -0.5705882906913757, -0.7042959332466125], [0.0, 0.0, 0.0, 1.0]]}, "Bone.002": {"matrix": [[-0.06500335782766342, 0.10160525888204575, 0.9926987886428833, -0.965408444404602], [-0.6798858046531677, -0.7326845526695251, 0.03047213703393936, -0.134593665599823], [0.7304311394691467, -0.6729409694671631, 0.11670678108930588, 0.1082947701215744], [0.0, 0.0, 0.0, 1.0]]}, "finger3joint1": {"matrix": [[-0.21830621361732483, -0.4565843939781189, 0.8624807000160217, -0.9225807785987854], [-0.7737672924995422, -0.45756828784942627, -0.4380814731121063, -0.44342753291130066], [0.5946651101112366, -0.7629951238632202, -0.25340014696121216, -0.17535656690597534], [0.0, 0.0, 0.0, 1.0]]}, "finger3joint2": {"matrix": [[-0.32104775309562683, -0.9398638010025024, 0.11655132472515106, -1.3230881690979004], [-0.8188003897666931, 0.21361519396305084, -0.5328549742698669, -0.8447979688644409], [0.4759140610694885, -0.2665039896965027, -0.8381415605545044, -0.8446418046951294], [0.0, 0.0, 0.0, 1.0]]}, "finger3joint3": {"matrix": [[-0.3823049068450928, -0.8492903113365173, -0.36407262086868286, -1.9312554597854614], [-0.7059114575386047, 0.5226777791976929, -0.4780134856700897, -0.7065718173980713], [0.5962650179862976, 0.07425623387098312, -0.799345850944519, -1.0170912742614746], [0.0, 0.0, 0.0, 1.0]]}, "Bone.003": {"matrix": [[0.5432407855987549, 0.5899699926376343, 0.5973482131958008, -0.965408444404602], [-0.8143365383148193, 0.1971132606267929, 0.5458958148956299, -0.134593665599823], [0.20431677997112274, -0.782995343208313, 0.5875139832496643, 0.10829474031925201], [0.0, 0.0, 0.0, 1.0]]}, "finger4joint1": {"matrix": [[-0.2787737250328064, -0.711899995803833, 0.6445799469947815, -0.7125358581542969], [-0.8559801578521729, -0.12011498957872391, -0.5028618574142456, -0.05010707676410675], [0.4354112148284912, -0.6919322609901428, -0.5758874416351318, -0.22731226682662964], [0.0, 0.0, 0.0, 1.0]]}, "finger4joint2": {"matrix": [[-0.28252050280570984, -0.9504607319831848, 0.1296386867761612, -1.4197081327438354], [-0.8680592775344849, 0.1958009898662567, -0.45621779561042786, -0.1694243848323822], [0.4082338213920593, -0.24142484366893768, -0.8803741931915283, -0.9146494269371033], [0.0, 0.0, 0.0, 1.0]]}, "finger4joint3": {"matrix": [[-0.20440083742141724, -0.9653844833374023, -0.16202689707279205, -1.8161100149154663], [-0.874563992023468, 0.2544519901275635, -0.41278505325317383, -0.08776306360960007], [0.4397244453430176, 0.057329438626766205, -0.8963009119033813, -1.0153387784957886], [0.0, 0.0, 0.0, 1.0]]}}