{"root": {"matrix": [[0.4089316725730896, -0.5424064993858337, 0.7338733673095703, 0.0], [0.4122657775878906, -0.6076392531394958, -0.6788309812545776, 0.0], [0.814132571220398, 0.580146312713623, -0.024867352098226547, 0.0], [0.0, 0.0, 0.0, 1.0]]}, "carpals": {"matrix": [[-0.8017918467521667, -0.5142302513122559, 0.30446144938468933, 0.31136536598205566], [-0.1732051521539688, -0.2876378297805786, -0.9419471025466919, 0.4138795733451843], [0.5719524025917053, -0.8079798221588135, 0.1415582001209259, 2.411792039871216], [0.0, 0.0, 0.0, 1.0]]}, "metacarpals": {"matrix": [[-0.16975323855876923, -0.43692299723625183, 0.8833356499671936, -0.189491868019104], [-0.9378160834312439, -0.2037847638130188, -0.2810207009315491, 0.13372208178043365], [0.3027946949005127, -0.8761105537414551, -0.37516048550605774, 1.6248245239257812], [0.0, 0.0, 0.0, 1.0]]}, "finger5joint1": {"matrix": [[-0.39870622754096985, -0.6095783114433289, 0.6851622462272644, -0.7724201083183289], [-0.8866442441940308, 0.4470977187156677, -0.11817575246095657, 0.2975856363773346], [-0.23429709672927856, -0.6546124815940857, -0.718739926815033, 1.2260538339614868], [0.0, 0.0, 0.0, 1.0]]}, "finger5joint2": {"matrix": [[0.7139571905136108, -0.6989561319351196, 0.04153120145201683, -1.4163007736206055], [-0.12552882730960846, -0.06941848248243332, 0.9896581768989563, 0.7698426246643066], [-0.6888449788093567, -0.7117868065834045, -0.13730093836784363, 0.5346048474311829], [0.0, 0.0, 0.0, 1.0]]}, "finger5joint3": {"matrix": [[0.6422138214111328, -0.7363114356994629, -0.21308735013008118, -1.8967177867889404], [-0.18575479090213776, -0.4192008376121521, 0.8886874914169312, 0.7221288681030273], [-0.7436774373054504, -0.5311453342437744, -0.4059899151325226, 0.04536882042884827], [0.0, 0.0, 0.0, 1.0]]}, "Bone": {"matrix": [[0.32916882634162903, -0.37876182794570923, 0.8649780750274658, -0.8716498613357544], [0.07950834929943085, -0.901656985282898, -0.4250800311565399, -0.18444252014160156], [0.9409175515174866, 0.20869606733322144, -0.26668283343315125, 0.2569727301597595], [0.0, 0.0, 0.0, 1.0]]}, "finger1joint1": {"matrix": [[-0.018536148592829704, -0.5601610541343689, 0.8281761407852173, -1.186850905418396], [-0.884477972984314, -0.37705275416374207, -0.27482691407203674, -0.934790313243866], [0.4662133753299713, -0.7375977039337158, -0.4884611666202545, 0.43064701557159424], [0.0, 0.0, 0.0, 1.0]]}, "finger1joint2": {"matrix": [[-0.2585933208465576, -0.8754596710205078, 0.40828871726989746, -1.5034416913986206], [-0.7510882019996643, -0.08356581628322601, -0.6548917293548584, -1.1478922367095947], [0.6074502468109131, -0.4760112762451172, -0.6359379887580872, 0.013772785663604736], [0.0, 0.0, 0.0, 1.0]]}, "finger1joint3": {"matrix": [[-0.18362219631671906, -0.957291305065155, -0.22332940995693207, -1.878736972808838], [-0.8099755048751831, 0.2760750949382782, -0.5174188017845154, -1.1837157011032104], [0.5569762587547302, 0.08588199317455292, -0.8260759115219116, -0.19028541445732117], [0.0, 0.0, 0.0, 1.0]]}, "Bone.001": {"matrix": [[0.2811778485774994, -0.1549941748380661, 0.947056233882904, -0.871649980545044], [-0.28092843294143677, -0.9569326639175415, -0.07320386171340942, -0.18444252014160156], [0.9176152348518372, -0.24547185003757477, -0.3126107156276703, 0.2569727599620819], [0.0, 0.0, 0.0, 1.0]]}, "finger2joint1": {"matrix": [[-0.07443692535161972, -0.6636626124382019, 0.744318962097168, -0.9698981046676636], [-0.8825276494026184, -0.30369579792022705, -0.3590452969074249, -0.7910265326499939], [0.46433141827583313, -0.6836082935333252, -0.5630946755409241, 0.10137221217155457], [0.0, 0.0, 0.0, 1.0]]}, "finger2joint2": {"matrix": [[-0.20261268317699432, -0.7457926273345947, 0.634618878364563, -1.544065237045288], [-0.8694029450416565, -0.1612379252910614, -0.4670553505420685, -1.053768515586853], [0.450651079416275, -0.6463707089424133, -0.6157256960868835, -0.49005088210105896], [0.0, 0.0, 0.0, 1.0]]}, "finger2joint3": {"matrix": [[-0.3427051603794098, -0.8353936076164246, 0.4297327995300293, -1.82718026638031], [-0.8369252681732178, 0.06370312720537186, -0.5435970425605774, -1.1149771213531494], [0.42674219608306885, -0.5459476113319397, -0.7209936380386353, -0.7354238033294678], [0.0, 0.0, 0.0, 1.0]]}, "Bone.002": {"matrix": [[0.078531414270401, -0.1952759176492691, 0.9775990843772888, -0.8716499209403992], [-0.8674067258834839, -0.49672210216522217, -0.029541008174419403, -0.18444249033927917], [0.49136367440223694, -0.8456560969352722, -0.20839214324951172, 0.2569727599620819], [0.0, 0.0, 0.0, 1.0]]}, "finger3joint1": {"matrix": [[-0.09533853828907013, -0.388982892036438, 0.9162983298301697, -0.953960657119751], [-0.8953174352645874, -0.36883655190467834, -0.24973244965076447, -0.3938158452510834], [0.4351060390472412, -0.8441869020462036, -0.3130989968776703, -0.09947973489761353], [0.0, 0.0, 0.0, 1.0]]}, "finger3joint2": {"matrix": [[-0.1911192536354065, -0.9478306174278259, 0.25512799620628357, -1.2951693534851074], [-0.9320048689842224, 0.09368389844894409, -0.3501289486885071, -0.7173525094985962], [0.3079616129398346, -0.3046966791152954, -0.9012876749038696, -0.8399848937988281], [0.0, 0.0, 0.0, 1.0]]}, "finger3joint3": {"matrix": [[-0.27808791399002075, -0.9192759394645691, -0.2785654664039612, -1.908491611480713], [-0.8540405631065369, 0.36935824155807495, -0.36631837487220764, -0.6567314863204956], [0.4396381974220276, 0.1360377073287964, -0.8878129124641418, -1.037148118019104], [0.0, 0.0, 0.0, 1.0]]}, "Bone.003": {"matrix": [[0.47823163866996765, 0.34423476457595825, 0.8079584836959839, -0.8716499209403992], [-0.8504592776298523, 0.4110564589500427, 0.32825523614883423, -0.18444252014160156], [-0.2191198170185089, -0.8441178202629089, 0.4893377125263214, 0.2569727301597595], [0.0, 0.0, 0.0, 1.0]]}, "finger4joint1": {"matrix": [[-0.19452829658985138, -0.7015445828437805, 0.6855607628822327, -0.7241042256355286], [-0.941490113735199, -0.06257328391075134, -0.3311806917190552, -0.008255727589130402], [0.2752358913421631, -0.7098726630210876, -0.6483252048492432, -0.10483253002166748], [0.0, 0.0, 0.0, 1.0]]}, "finger4joint2": {"matrix": [[-0.19728420674800873, -0.9227051734924316, 0.33120042085647583, -1.4209898710250854], [-0.948896586894989, 0.09484263509511948, -0.30099788308143616, -0.07041346281766891], [0.2463204264640808, -0.3736569285392761, -0.894262969493866, -0.8099910020828247], [0.0, 0.0, 0.0, 1.0]]}, "finger4joint3": {"matrix": [[-0.12472447752952576, -0.9916112422943115, 0.033919885754585266, -1.8058160543441772], [-0.9489912986755371, 0.10924648493528366, -0.29577064514160156, -0.0308581180870533], [0.2895839214324951, -0.06907930225133896, -0.9546563625335693, -0.9658293724060059], [0.0, 0.0, 0.0, 1.0]]}}