{"root": {"matrix": [[0.3056804835796356, -0.5358230471611023, 0.7870534062385559, 0.0], [0.8262319564819336, -0.26152682304382324, -0.49894338846206665, 0.0], [0.47318100929260254, 0.8028059005737305, 0.3627704381942749, 0.0], [0.0, 0.0, 0.0, 1.0]]}, "carpals": {"matrix": [[-0.9010037183761597, -0.42177361249923706, -0.10148422420024872, 0.07833060622215271], [0.3382243812084198, -0.5364900827407837, -0.7731639742851257, 1.668609619140625], [0.27165499329566956, -0.7309480309486389, 0.6260337233543396, 1.8151010274887085], [0.0, 0.0, 0.0, 1.0]]}, "metacarpals": {"matrix": [[-0.7761827707290649, -0.4682348370552063, 0.4222513437271118, -0.33247441053390503], [-0.19150735437870026, -0.4629829227924347, -0.8654314279556274, 1.1460716724395752], [0.6007204055786133, -0.7525972127914429, 0.2696889340877533, 1.1031620502471924], [0.0, 0.0, 0.0, 1.0]]}, "finger5joint1": {"matrix": [[-0.6835124492645264, -0.6829812526702881, 0.2575792670249939, -0.637188732624054], [-0.32826724648475647, -0.027565788477659225, -0.9441824555397034, 1.271474838256836], [0.6519594788551331, -0.7299152612686157, -0.2053588628768921, 0.45733076333999634], [0.0, 0.0, 0.0, 1.0]]}, "finger5joint2": {"matrix": [[0.34546083211898804, -0.6954494118690491, 0.6300842761993408, -1.3586030006408691], [-0.9227216243743896, -0.12938015162944794, 0.36310485005378723, 1.242357850074768], [-0.17100077867507935, -0.7068309187889099, -0.686402440071106, -0.3136584460735321], [0.0, 0.0, 0.0, 1.0]]}, "finger5joint3": {"matrix": [[0.24381320178508759, -0.8575159907341003, 0.45301297307014465, -1.8366096019744873], [-0.9493551254272461, -0.11557243764400482, 0.29217690229415894, 1.1534302234649658], [-0.19819064438343048, -0.5013067722320557, -0.8422656655311584, -0.7994881868362427], [0.0, 0.0, 0.0, 1.0]]}, "Bone": {"matrix": [[0.3053150177001953, -0.9005387425422668, 0.30953606963157654, -1.06351900100708], [0.49935784935951233, -0.12536582350730896, -0.8572776317596436, 0.4232266843318939], [0.8108169436454773, 0.416309118270874, 0.4114150106906891, -0.07185113430023193], [0.0, 0.0, 0.0, 1.0]]}, "finger1joint1": {"matrix": [[-0.6831234097480774, -0.7303025722503662, -0.0005828459979966283, -1.8129360675811768], [-0.1419941931962967, 0.133604034781456, -0.9808095693588257, 0.3188987970352173], [0.7163657546043396, -0.6699311137199402, -0.19496670365333557, 0.2745961546897888], [0.0, 0.0, 0.0, 1.0]]}, "finger1joint2": {"matrix": [[-0.6357656121253967, -0.17515334486961365, -0.7517467737197876, -2.225687265396118], [0.1607193648815155, 0.9225296378135681, -0.3508678674697876, 0.3944089114665985], [0.7549644708633423, -0.3438900113105774, -0.5583619475364685, -0.104034423828125], [0.0, 0.0, 0.0, 1.0]]}, "finger1joint3": {"matrix": [[-0.7017725706100464, 0.3732418119907379, -0.6067995429039001, -2.3007726669311523], [0.09040599316358566, 0.8915391564369202, 0.44382932782173157, 0.7898821830749512], [0.706641435623169, 0.25660887360572815, -0.6594009399414062, -0.2514544129371643], [0.0, 0.0, 0.0, 1.0]]}, "Bone.001": {"matrix": [[0.016891587525606155, -0.7883898019790649, 0.61494380235672, -1.0635188817977905], [0.3227102756500244, -0.577817440032959, -0.7496564388275146, 0.4232266843318939], [0.9463468194007874, 0.2111116498708725, 0.24466121196746826, -0.07185113430023193], [0.0, 0.0, 0.0, 1.0]]}, "finger2joint1": {"matrix": [[-0.7064688801765442, -0.3858298063278198, 0.5933268666267395, -1.5632662773132324], [-0.10350215435028076, -0.7729991674423218, -0.6259068250656128, 0.0569576621055603], [0.700134813785553, -0.5035942792892456, 0.506165623664856, 0.06196907162666321], [0.0, 0.0, 0.0, 1.0]]}, "finger2joint2": {"matrix": [[-0.7902607917785645, -0.38712042570114136, 0.47500044107437134, -1.8970667123794556], [-0.11469516158103943, -0.6680213212966919, -0.7352498173713684, -0.6118017435073853], [0.6019408106803894, -0.63551926612854, 0.48351022601127625, -0.3737149238586426], [0.0, 0.0, 0.0, 1.0]]}, "finger2joint3": {"matrix": [[-0.8687076568603516, -0.37566813826560974, 0.3228313624858856, -2.0440239906311035], [-0.12439998239278793, -0.46539726853370667, -0.8763160109519958, -0.8653936982154846], [0.47944900393486023, -0.801422655582428, 0.3575611114501953, -0.6149685382843018], [0.0, 0.0, 0.0, 1.0]]}, "Bone.002": {"matrix": [[-0.5472848415374756, -0.5027409791946411, 0.6691266894340515, -1.0635188817977905], [-0.1598265916109085, -0.721994161605835, -0.6731863021850586, 0.4232267141342163], [0.8215440511703491, -0.47536882758140564, 0.31478503346443176, -0.07185111939907074], [0.0, 0.0, 0.0, 1.0]]}, "finger3joint1": {"matrix": [[-0.5736963748931885, -0.30420172214508057, 0.7604824900627136, -1.275429368019104], [0.07582982629537582, -0.944211483001709, -0.3204907774925232, 0.11889886856079102], [0.8155503869056702, -0.12619702517986298, 0.5647581219673157, -0.27222388982772827], [0.0, 0.0, 0.0, 1.0]]}, "finger3joint2": {"matrix": [[-0.6436440944671631, -0.762076735496521, 0.07043559849262238, -1.5422695875167847], [-0.06205020844936371, -0.0397670678794384, -0.997280478477478, -0.7093459367752075], [0.7628054022789001, -0.6462640762329102, -0.021691102534532547, -0.38292157649993896], [0.0, 0.0, 0.0, 1.0]]}, "finger3joint3": {"matrix": [[-0.6833283305168152, -0.5296381711959839, -0.5025392174720764, -2.0353944301605225], [0.10464479774236679, 0.6101514101028442, -0.7853436470031738, -0.7350784540176392], [0.7225731611251831, -0.5892356634140015, -0.3615097105503082, -0.801106333732605], [0.0, 0.0, 0.0, 1.0]]}, "Bone.003": {"matrix": [[-0.26375094056129456, 0.5196654796600342, 0.812639594078064, -1.06351900100708], [-0.840438187122345, -0.5372631549835205, 0.07079462707042694, 0.4232267141342163], [0.4733908474445343, -0.6643012762069702, 0.5784503221511841, -0.07185113430023193], [0.0, 0.0, 0.0, 1.0]]}, "finger4joint1": {"matrix": [[-0.4529094398021698, -0.7472097873687744, 0.4863642454147339, -0.8407802581787109], [0.08000433444976807, -0.5773835778236389, -0.8125436305999756, 0.19294530153274536], [0.8879595398902893, -0.32909736037254333, 0.3212825357913971, -0.35658350586891174], [0.0, 0.0, 0.0, 1.0]]}, "finger4joint2": {"matrix": [[-0.46044257283210754, -0.8377368450164795, -0.2935798764228821, -1.583027720451355], [0.0510425940155983, 0.30519089102745056, -0.9509221315383911, -0.3806039094924927], [0.8862205743789673, -0.45283007621765137, -0.09776250272989273, -0.6834954023361206], [0.0, 0.0, 0.0, 1.0]]}, "finger4joint3": {"matrix": [[-0.3848671615123749, -0.6683546304702759, -0.6365365982055664, -1.9324169158935547], [0.039401862770318985, 0.6771337389945984, -0.734804093837738, -0.2533201277256012], [0.9221303462982178, -0.30788275599479675, -0.2342720329761505, -0.8723540306091309], [0.0, 0.0, 0.0, 1.0]]}}