{"root": {"matrix": [[0.19247417151927948, -0.8544774055480957, -0.4825163781642914, 0.0], [-0.22142314910888672, 0.4412119388580322, -0.8696572780609131, 0.0], [0.9559944868087769, 0.2742269039154053, -0.10427922755479813, 0.0], [0.0, 0.0, 0.0, 1.0]]}, "carpals": {"matrix": [[0.9002541899681091, -0.43014079332351685, -0.06723923981189728, -0.3468535244464874], [-0.1133393943309784, -0.3806714117527008, 0.9177380800247192, 0.02889510989189148], [-0.42035263776779175, -0.8185768723487854, -0.39145275950431824, 2.4420981407165527], [0.0, 0.0, 0.0, 1.0]]}, "metacarpals": {"matrix": [[0.19683878123760223, -0.36406847834587097, 0.9103342890739441, -0.7658079862594604], [-0.9532017111778259, 0.14626075327396393, 0.2646017074584961, -0.3418765366077423], [-0.22947953641414642, -0.9198160767555237, -0.31824085116386414, 1.6448091268539429], [0.0, 0.0, 0.0, 1.0]]}, "finger5joint1": {"matrix": [[-0.06381134688854218, -0.4244709312915802, 0.9031901359558105, -1.3825911283493042], [-0.6707879304885864, 0.6883379817008972, 0.27610528469085693, -0.20000427961349487], [-0.7388988733291626, -0.5882302522659302, -0.3286536931991577, 1.2910780906677246], [0.0, 0.0, 0.0, 1.0]]}, "finger5joint2": {"matrix": [[0.9579824805259705, -0.28360578417778015, -0.04285963252186775, -1.8309481143951416], [0.21392899751663208, 0.6069526672363281, 0.7654033899307251, 0.527068018913269], [-0.19105911254882812, -0.742411732673645, 0.6421217918395996, 0.6697466969490051], [0.0, 0.0, 0.0, 1.0]]}, "finger5joint3": {"matrix": [[0.9282229542732239, -0.3667962849140167, -0.06214609742164612, -2.0258803367614746], [0.2271924912929535, 0.42661428451538086, 0.8754332065582275, 0.9442479014396667], [-0.29459327459335327, -0.8267163038253784, 0.4793268144130707, 0.1594610959291458], [0.0, 0.0, 0.0, 1.0]]}, "Bone": {"matrix": [[0.31179454922676086, -0.014223053120076656, 0.9500430226325989, -1.3342199325561523], [-0.3135875463485718, -0.9454013705253601, 0.08876272290945053, -0.11352288722991943], [0.8969094157218933, -0.3255976736545563, -0.2992311418056488, 0.20872090756893158], [0.0, 0.0, 0.0, 1.0]]}, "finger1joint1": {"matrix": [[0.3248327374458313, -0.4421621263027191, 0.8360480070114136, -1.3460562229156494], [-0.9449746608734131, -0.11545950919389725, 0.30609115958213806, -0.9002742171287537], [-0.03881249949336052, -0.8894726037979126, -0.45533692836761475, -0.062237441539764404], [0.0, 0.0, 0.0, 1.0]]}, "finger1joint2": {"matrix": [[0.06364571303129196, -0.6878713965415955, 0.7230367660522461, -1.595956802368164], [-0.9907969832420349, -0.13027812540531158, -0.036726441234350204, -0.9655295014381409], [0.11945867538452148, -0.7140451073646545, -0.6898324489593506, -0.5649480819702148], [0.0, 0.0, 0.0, 1.0]]}, "finger1joint3": {"matrix": [[0.16173548996448517, -0.9232611656188965, 0.3484686613082886, -1.8908358812332153], [-0.983972430229187, -0.17775002121925354, -0.014252090826630592, -1.0213775634765625], [0.07509845495223999, -0.34057846665382385, -0.9372119307518005, -0.8710474967956543], [0.0, 0.0, 0.0, 1.0]]}, "Bone.001": {"matrix": [[0.39831259846687317, 0.19725225865840912, 0.8957892656326294, -1.3342199325561523], [-0.6021382808685303, -0.6804808378219604, 0.4175822138786316, -0.11352291703224182], [0.6919364333152771, -0.7057175040245056, -0.15227088332176208, 0.20872089266777039], [0.0, 0.0, 0.0, 1.0]]}, "finger2joint1": {"matrix": [[0.22056704759597778, -0.27304980158805847, 0.936372697353363, -1.209185004234314], [-0.969597578048706, 0.0429236963391304, 0.2409100979566574, -0.5448685884475708], [-0.1059732735157013, -0.9610416293144226, -0.25528085231781006, -0.23862183094024658], [0.0, 0.0, 0.0, 1.0]]}, "finger2joint2": {"matrix": [[0.10749053955078125, -0.9192229509353638, 0.3787805736064911, -1.4454138278961182], [-0.9798401594161987, -0.03341498225927353, 0.19696824252605438, -0.507733166217804], [-0.16840104758739471, -0.392316609621048, -0.904283344745636, -1.070065975189209], [0.0, 0.0, 0.0, 1.0]]}, "finger2joint3": {"matrix": [[-0.032929301261901855, -0.8767917156219482, -0.47974133491516113, -1.7943658828735352], [-0.9908604025840759, -0.03418315201997757, 0.1304866224527359, -0.5204180479049683], [-0.13080893456935883, 0.47965359687805176, -0.8676525950431824, -1.2189958095550537], [0.0, 0.0, 0.0, 1.0]]}, "Bone.002": {"matrix": [[0.4088900685310364, -0.030977655202150345, 0.9120576977729797, -1.334220051765442], [-0.9125625491142273, -0.020667070522904396, 0.40841442346572876, -0.11352287977933884], [0.006197643466293812, -0.9993062019348145, -0.036719538271427155, 0.20872089266777039], [0.0, 0.0, 0.0, 1.0]]}, "finger3joint1": {"matrix": [[0.427496999502182, -0.3433922529220581, 0.8362583518028259, -1.3472774028778076], [-0.8580566048622131, -0.4453291594982147, 0.25577500462532043, -0.12223425507545471], [0.2845788598060608, -0.8268999457359314, -0.4850267469882965, -0.21249669790267944], [0.0, 0.0, 0.0, 1.0]]}, "finger3joint2": {"matrix": [[0.33505406975746155, -0.6535102725028992, -0.6787216067314148, -1.648494839668274], [-0.9269464612007141, -0.09954032301902771, -0.36174845695495605, -0.5128687620162964], [0.16884592175483704, 0.7503438591957092, -0.6391203999519348, -0.937838077545166], [0.0, 0.0, 0.0, 1.0]]}, "finger3joint3": {"matrix": [[0.4115772545337677, -0.4186725318431854, -0.8095167875289917, -2.0713682174682617], [-0.8566932082176208, 0.12531301379203796, -0.5003731846809387, -0.5772793889045715], [0.31093525886535645, 0.8994498252868652, -0.3070978820323944, -0.4523053765296936], [0.0, 0.0, 0.0, 1.0]]}, "Bone.003": {"matrix": [[0.7479997277259827, 0.13825371861457825, 0.6491397023200989, -1.334220051765442], [-0.3999897539615631, 0.8743912577629089, 0.2746780812740326, -0.11352291703224182], [-0.5296267867088318, -0.46510815620422363, 0.7093445062637329, 0.20872089266777039], [0.0, 0.0, 0.0, 1.0]]}, "finger4joint1": {"matrix": [[0.25437989830970764, -0.18750448524951935, 0.948753297328949, -1.2749618291854858], [-0.9667487144470215, -0.0227038711309433, 0.25471776723861694, 0.26125821471214294], [-0.026220528408885002, -0.9820010662078857, -0.18704503774642944, 0.00936657190322876], [0.0, 0.0, 0.0, 1.0]]}, "finger4joint2": {"matrix": [[0.2682879567146301, -0.9122650027275085, 0.30950602889060974, -1.4612210988998413], [-0.9619160890579224, -0.2362358719110489, 0.13751205801963806, 0.2387050986289978], [-0.05233117192983627, -0.3346116840839386, -0.9409015774726868, -0.9661130905151367], [0.0, 0.0, 0.0, 1.0]]}, "finger4joint3": {"matrix": [[0.3386358618736267, -0.9000327587127686, -0.2743476927280426, -1.8416929244995117], [-0.9408579468727112, -0.3271750509738922, -0.0879906713962555, 0.14017990231513977], [-0.010565404780209064, 0.28791898488998413, -0.9575961828231812, -1.105667233467102], [0.0, 0.0, 0.0, 1.0]]}}