{"root": {"matrix": [[0.332272469997406, -0.8164206743240356, -0.47228410840034485, 0.0], [-0.6249826550483704, 0.18443986773490906, -0.7585371732711792, -1.4901161193847656e-08], [0.7063933610916138, 0.5472103953361511, -0.44896453619003296, 5.960464477539063e-08], [0.0, 0.0, 0.0, 1.0]]}, "carpals": {"matrix": [[0.7605043053627014, -0.5312384963035583, -0.3733881115913391, 0.005396842956542969], [0.5447140336036682, 0.2089478075504303, 0.8121742606163025, -1.1475697755813599], [-0.3534395694732666, -0.8210518956184387, 0.4482789933681488, 2.183584213256836], [0.0, 0.0, 0.0, 1.0]]}, "metacarpals": {"matrix": [[0.5548178553581238, -0.7050694823265076, 0.4416491687297821, -0.512026309967041], [-0.18663401901721954, 0.41184037923812866, 0.8919388055801392, -0.9440557956695557], [-0.8107680082321167, -0.577290415763855, 0.0969066247344017, 1.3838845491409302], [0.0, 0.0, 0.0, 1.0]]}, "finger5joint1": {"matrix": [[0.27928251028060913, -0.9579787850379944, 0.06540505588054657, -1.193419337272644], [0.014435890130698681, 0.07229668647050858, 0.9972785115242004, -1.0431978702545166], [-0.9601003527641296, -0.2775782644748688, 0.03402067720890045, 1.1568403244018555], [0.0, 0.0, 0.0, 1.0]]}, "finger5joint2": {"matrix": [[0.052188046276569366, -0.21806907653808594, -0.9745367169380188, -2.205305814743042], [0.9958302974700928, -0.06174855679273605, 0.06714556366205215, -0.9668329954147339], [-0.0748184397816658, -0.9739776253700256, 0.21393752098083496, 0.8636420369148254], [0.0, 0.0, 0.0, 1.0]]}, "finger5joint3": {"matrix": [[0.08517502248287201, 0.3475428521633148, -0.9337872266769409, -2.355192184448242], [0.9805032014846802, -0.19580237567424774, 0.016561156138777733, -1.0092748403549194], [-0.177081897854805, -0.9169924259185791, -0.35744428634643555, 0.19419308006763458], [0.0, 0.0, 0.0, 1.0]]}, "Bone": {"matrix": [[0.7423986792564392, 0.35212576389312744, 0.5699573755264282, -1.6128355264663696], [-0.5096652507781982, -0.25533202290534973, 0.8216121196746826, -0.3010586202144623], [0.4348391592502594, -0.9004515409469604, -0.010091729462146759, 0.4825739562511444], [0.0, 0.0, 0.0, 1.0]]}, "finger1joint1": {"matrix": [[0.7351932525634766, -0.6773021817207336, 0.027430281043052673, -1.319800853729248], [-0.21319837868213654, -0.19262975454330444, 0.9578307867050171, -0.5135427713394165], [-0.6434572339057922, -0.7100390195846558, -0.2860196828842163, -0.26677069067955017], [0.0, 0.0, 0.0, 1.0]]}, "finger1joint2": {"matrix": [[0.7053312063217163, -0.7077006101608276, 0.040837474167346954, -1.7025973796844482], [-0.49079832434654236, -0.4459642171859741, 0.7484868764877319, -0.622412919998169], [-0.5114927887916565, -0.5479742884635925, -0.6618906259536743, -0.6680694222450256], [0.0, 0.0, 0.0, 1.0]]}, "finger1joint3": {"matrix": [[0.7313267588615417, -0.6012669801712036, -0.3219303786754608, -2.005977153778076], [-0.3957802653312683, -0.7585503458976746, 0.5176476240158081, -0.8135905265808105], [-0.5554450750350952, -0.2511560618877411, -0.792717695236206, -0.902976930141449], [0.0, 0.0, 0.0, 1.0]]}, "Bone.001": {"matrix": [[0.8794516921043396, 0.23336561024188995, 0.41485536098480225, -1.6128355264663696], [-0.4653308391571045, 0.23812519013881683, 0.8525040149688721, -0.30105865001678467], [0.10015759617090225, -0.9427812695503235, 0.3180120587348938, 0.482573926448822], [0.0, 0.0, 0.0, 1.0]]}, "finger2joint1": {"matrix": [[0.6432734131813049, -0.2713088095188141, 0.7159543037414551, -1.4649089574813843], [-0.26537567377090454, 0.7981336116790771, 0.5408863425254822, -0.15011495351791382], [-0.7181746363639832, -0.5379346609115601, 0.4414196014404297, -0.11503970623016357], [0.0, 0.0, 0.0, 1.0]]}, "finger2joint2": {"matrix": [[0.5471755266189575, -0.4286712110042572, 0.7189156413078308, -1.6996314525604248], [-0.24095633625984192, 0.7418705821037292, 0.62575364112854, 0.5403894186019897], [-0.8015851974487305, -0.5156242847442627, 0.3026425540447235, -0.5804332494735718], [0.0, 0.0, 0.0, 1.0]]}, "finger2joint3": {"matrix": [[0.4279564619064331, -0.6471168398857117, 0.6309459805488586, -1.8623621463775635], [-0.20921815931797028, 0.6082106232643127, 0.7657069563865662, 0.822015643119812], [-0.8792501091957092, -0.4596945643424988, 0.12489922344684601, -0.7761727571487427], [0.0, 0.0, 0.0, 1.0]]}, "Bone.002": {"matrix": [[0.7864429950714111, -0.39354363083839417, 0.4760574996471405, -1.61283540725708], [-0.18085435032844543, 0.5902411937713623, 0.786706268787384, -0.30105865001678467], [-0.590592086315155, -0.7047966122627258, 0.3930172026157379, 0.482573926448822], [0.0, 0.0, 0.0, 1.0]]}, "finger3joint1": {"matrix": [[0.7667263746261597, -0.447939932346344, 0.4598701596260071, -1.778718113899231], [-0.30699533224105835, 0.37328869104385376, 0.8754479289054871, -0.05226603150367737], [-0.5638126730918884, -0.8124068975448608, 0.1486949920654297, 0.1854950189590454], [0.0, 0.0, 0.0, 1.0]]}, "finger3joint2": {"matrix": [[0.6678269505500793, -0.2050042748451233, -0.7155280113220215, -2.171642780303955], [-0.2778349816799164, -0.9604974985122681, 0.01587686501443386, 0.27517592906951904], [-0.6905178427696228, 0.1881955862045288, -0.6984034180641174, -0.5271332263946533], [0.0, 0.0, 0.0, 1.0]]}, "finger3joint3": {"matrix": [[0.7676371932029724, 0.2973864674568176, -0.5677098035812378, -2.3042969703674316], [-0.3238554000854492, -0.584402859210968, -0.744036853313446, -0.34634310007095337], [-0.5530378818511963, 0.7550060749053955, -0.35229915380477905, -0.4053556025028229], [0.0, 0.0, 0.0, 1.0]]}, "Bone.003": {"matrix": [[0.5788589715957642, -0.521291196346283, 0.6270388960838318, -1.61283540725708], [0.606346070766449, 0.7893291711807251, 0.09645582735538483, -0.30105865001678467], [-0.5452215075492859, 0.324368417263031, 0.7729932069778442, 0.4825739562511444], [0.0, 0.0, 0.0, 1.0]]}, "finger4joint1": {"matrix": [[0.8655229210853577, -0.06646121293306351, 0.49644020199775696, -1.836271047592163], [-0.4588569700717926, 0.29214075207710266, 0.8391087651252747, 0.037263184785842896], [-0.20079879462718964, -0.9540629386901855, 0.2223585695028305, 0.6216045022010803], [0.0, 0.0, 0.0, 1.0]]}, "finger4joint2": {"matrix": [[0.8731967806816101, -0.3404407799243927, 0.3487508296966553, -1.9022908210754395], [-0.43575066328048706, -0.22485630214214325, 0.8715276718139648, 0.327463835477829], [-0.21828490495681763, -0.912983775138855, -0.3446909487247467, -0.326122522354126], [0.0, 0.0, 0.0, 1.0]]}, "finger4joint3": {"matrix": [[0.8932786583900452, -0.3829602599143982, 0.23536010086536407, -2.044275999069214], [-0.4282536208629608, -0.5659810304641724, 0.7044599056243896, 0.23368461430072784], [-0.1365709751844406, -0.730073094367981, -0.6695828437805176, -0.7068941593170166], [0.0, 0.0, 0.0, 1.0]]}}