{"root": {"matrix": [[0.23638255894184113, -0.4097100496292114, 0.8810567259788513, 0.0], [0.5069824457168579, -0.7215334177017212, -0.471548855304718, -5.960464477539063e-08], [0.828910231590271, 0.5581461787223816, 0.03715784475207329, 0.0], [0.0, 0.0, 0.0, 1.0]]}, "carpals": {"matrix": [[-0.5588600635528564, -0.6087672710418701, 0.5630964040756226, 0.034488141536712646], [-0.4945181906223297, -0.30042940378189087, -0.8155941367149353, 0.4932934045791626], [0.6656777858734131, -0.7342643737792969, -0.13314864039421082, 2.416703701019287], [0.0, 0.0, 0.0, 1.0]]}, "metacarpals": {"matrix": [[0.30492040514945984, -0.3870735466480255, 0.8701708912849426, -0.5584474205970764], [-0.945277750492096, -0.011645541526377201, 0.32605862617492676, 0.20067696273326874], [-0.11607515066862106, -0.9219750761985779, -0.3694431185722351, 1.7015347480773926], [0.0, 0.0, 0.0, 1.0]]}, "finger5joint1": {"matrix": [[-0.07652539014816284, -0.680747389793396, 0.7285098433494568, -1.1908016204833984], [-0.7038548588752747, 0.5543943643569946, 0.44411155581474304, 0.22576510906219482], [-0.7062095403671265, -0.47877928614616394, -0.5215727686882019, 1.34773588180542], [0.0, 0.0, 0.0, 1.0]]}, "finger5joint2": {"matrix": [[0.8624898195266724, -0.25263065099716187, -0.4385071098804474, -1.9098560810089111], [0.4099825918674469, -0.15918514132499695, 0.898094654083252, 0.8113564252853394], [-0.29669034481048584, -0.9543778300285339, -0.0337211899459362, 0.8420146703720093], [0.0, 0.0, 0.0, 1.0]]}, "finger5joint3": {"matrix": [[0.8579665422439575, -0.252166748046875, -0.4475541114807129, -2.083498001098633], [0.3432629704475403, -0.36674764752388, 0.8646770119667053, 0.7019429206848145], [-0.3821824789047241, -0.8954928517341614, -0.22809752821922302, 0.1860373169183731], [0.0, 0.0, 0.0, 1.0]]}, "Bone": {"matrix": [[0.3545314371585846, 0.0935261994600296, 0.9303547739982605, -1.1627768278121948], [-0.16212256252765656, -0.9737666249275208, 0.15967045724391937, 0.18249505758285522], [0.9208818078041077, -0.20743979513645172, -0.33006834983825684, 0.2620757222175598], [0.0, 0.0, 0.0, 1.0]]}, "finger1joint1": {"matrix": [[0.44448554515838623, -0.7218554615974426, 0.5304310321807861, -1.0849454402923584], [-0.89288330078125, -0.4046517014503479, 0.19752545654773712, -0.627861499786377], [0.07205484062433243, -0.561410129070282, -0.8243945837020874, 0.08944688737392426], [0.0, 0.0, 0.0, 1.0]]}, "finger1joint2": {"matrix": [[0.27623429894447327, -0.9372750520706177, 0.21262617409229279, -1.4929224252700806], [-0.902351975440979, -0.32908180356025696, -0.27832719683647156, -0.8565618991851807], [0.33084043860435486, -0.11497996747493744, -0.9366557002067566, -0.22784994542598724], [0.0, 0.0, 0.0, 1.0]]}, "finger1joint3": {"matrix": [[0.3305463194847107, -0.9121947884559631, -0.24215620756149292, -1.8947169780731201], [-0.9132161736488342, -0.2443535476922989, -0.32607924938201904, -0.9976338744163513], [0.23827596008777618, 0.32892537117004395, -0.9138010144233704, -0.27713996171951294], [0.0, 0.0, 0.0, 1.0]]}, "Bone.001": {"matrix": [[0.4723430573940277, 0.269065797328949, 0.8393421769142151, -1.1627767086029053], [-0.46196240186691284, -0.7354238033294678, 0.49572402238845825, 0.1824950873851776], [0.7506545782089233, -0.621896505355835, -0.22307418286800385, 0.2620757520198822], [0.0, 0.0, 0.0, 1.0]]}, "finger2joint1": {"matrix": [[0.3315320312976837, -0.4959922432899475, 0.8025446534156799, -0.9922202825546265], [-0.9434105753898621, -0.18142683804035187, 0.2775976359844208, -0.2836780548095703], [0.007916739210486412, -0.8491616249084473, -0.5280733704566956, -0.13213419914245605], [0.0, 0.0, 0.0, 1.0]]}, "finger2joint2": {"matrix": [[0.20973043143749237, -0.8450351357460022, 0.4918622076511383, -1.4213274717330933], [-0.9775517582893372, -0.17086061835289001, 0.12328463792800903, -0.44063931703567505], [-0.02014007791876793, -0.5066771507263184, -0.8619003891944885, -0.8667855262756348], [0.0, 0.0, 0.0, 1.0]]}, "finger2joint3": {"matrix": [[0.06662914156913757, -0.9878658652305603, -0.14028984308242798, -1.7421165704727173], [-0.9977771639823914, -0.06611192226409912, -0.008348913863301277, -0.5055007934570312], [-0.0010273061925545335, 0.14053450524806976, -0.9900750517845154, -1.0591285228729248], [0.0, 0.0, 0.0, 1.0]]}, "Bone.002": {"matrix": [[0.5129045248031616, -0.03747839480638504, 0.8576270341873169, -1.1627767086029053], [-0.8516455292701721, -0.14771436154842377, 0.5028720498085022, 0.18249505758285522], [0.10783688724040985, -0.9883195161819458, -0.10768184065818787, 0.2620757520198822], [0.0, 0.0, 0.0, 1.0]]}, "finger3joint1": {"matrix": [[0.5460273027420044, -0.3779541254043579, 0.7476662397384644, -1.1785742044448853], [-0.7564607262611389, -0.6059598326683044, 0.24612991511821747, 0.12023192644119263], [0.36002975702285767, -0.6999735832214355, -0.6167780756950378, -0.15451085567474365], [0.0, 0.0, 0.0, 1.0]]}, "finger3joint2": {"matrix": [[0.44997453689575195, -0.8119342923164368, -0.3718675374984741, -1.5101085901260376], [-0.8517313003540039, -0.265000581741333, -0.4520270824432373, -0.411304771900177], [0.26847103238105774, 0.5201320648193359, -0.8107932806015015, -0.7685147523880005], [0.0, 0.0, 0.0, 1.0]]}, "finger3joint3": {"matrix": [[0.46525564789772034, -0.5289590358734131, -0.7097460031509399, -2.0354955196380615], [-0.7756707072257996, 0.14267127215862274, -0.6148006319999695, -0.5827815532684326], [0.42646458745002747, 0.8365687727928162, -0.34391918778419495, -0.4319475591182709], [0.0, 0.0, 0.0, 1.0]]}, "Bone.003": {"matrix": [[0.7847940325737, 0.030729757621884346, 0.6189942359924316, -1.1627767086029053], [-0.373822957277298, 0.8200976252555847, 0.43323925137519836, 0.18249502778053284], [-0.4943224787712097, -0.5713978409767151, 0.655095100402832, 0.2620757222175598], [0.0, 0.0, 0.0, 1.0]]}, "finger4joint1": {"matrix": [[0.3718719780445099, -0.3270971179008484, 0.8687453269958496, -1.1496052742004395], [-0.9262984991073608, -0.1919317990541458, 0.32424235343933105, 0.534004807472229], [0.060681071132421494, -0.925294041633606, -0.3743637502193451, 0.017163574695587158], [0.0, 0.0, 0.0, 1.0]]}, "finger4joint2": {"matrix": [[0.380982369184494, -0.8868080377578735, 0.2615791857242584, -1.4745303392410278], [-0.9240207672119141, -0.37505263090133667, 0.07430221140384674, 0.3433476388454437], [0.032214127480983734, -0.2700122594833374, -0.9623175263404846, -0.9019857048988342], [0.0, 0.0, 0.0, 1.0]]}, "finger4joint3": {"matrix": [[0.44951313734054565, -0.8930761218070984, -0.018779709935188293, -1.844385027885437], [-0.8906338214874268, -0.4464706778526306, -0.08622585237026215, 0.18692710995674133], [0.06862160563468933, 0.05548570677638054, -0.9960982799530029, -1.014597773551941], [0.0, 0.0, 0.0, 1.0]]}}