{"root": {"matrix": [[0.32807523012161255, -0.25986817479133606, 0.9082043766975403, 0.0], [0.4236548840999603, 0.8997849822044373, 0.10442011058330536, 0.0], [-0.8443240523338318, 0.35050761699676514, 0.4052915871143341, 2.9802322387695312e-08], [0.0, 0.0, 0.0, 1.0]]}, "carpals": {"matrix": [[-0.8123232126235962, -0.5817878842353821, -0.04066421464085579, 0.38546431064605713], [0.5769848227500916, -0.7915420532226562, -0.2013690173625946, 1.8270690441131592], [0.08496659249067307, -0.1870395690202713, 0.9786708950996399, -1.611899733543396], [0.0, 0.0, 0.0, 1.0]]}, "metacarpals": {"matrix": [[-0.006148588377982378, -0.7303088307380676, 0.6830893158912659, -0.18119359016418457], [0.6747896075248718, -0.5071584582328796, -0.5361427664756775, 1.0561119318008423], [0.7379844784736633, 0.4576449394226074, 0.4959231913089752, -1.7940751314163208], [0.0, 0.0, 0.0, 1.0]]}, "finger5joint1": {"matrix": [[-0.1192694902420044, -0.6399781703948975, 0.7590799927711487, -0.8778804540634155], [0.5807931423187256, -0.6650540232658386, -0.46944886445999146, 0.8688414096832275], [0.8052663803100586, 0.38487738370895386, 0.4510157108306885, -1.8664088249206543], [0.0, 0.0, 0.0, 1.0]]}, "finger5joint2": {"matrix": [[0.8103319406509399, -0.5774826407432556, 0.09937490522861481, -1.5538716316223145], [-0.4421924650669098, -0.7139209508895874, -0.5429385304450989, 0.16636326909065247], [0.38448366522789, 0.3960173428058624, -0.8338717222213745, -1.4598735570907593], [0.0, 0.0, 0.0, 1.0]]}, "finger5joint3": {"matrix": [[0.746176540851593, -0.6655735373497009, 0.015224639326334, -1.9507956504821777], [-0.476345032453537, -0.5497285723686218, -0.6862167119979858, -0.3243396282196045], [0.4650973081588745, 0.504786491394043, -0.7272375822067261, -1.1876769065856934], [0.0, 0.0, 0.0, 1.0]]}, "Bone": {"matrix": [[0.6601758003234863, -0.2364431470632553, 0.712925136089325, -1.3214083909988403], [0.6488054990768433, 0.6577407717704773, -0.3826594352722168, 0.2642967104911804], [-0.3784426152706146, 0.7151724696159363, 0.5876302719116211, -1.0795643329620361], [0.0, 0.0, 0.0, 1.0]]}, "finger1joint1": {"matrix": [[0.11952587217092514, -0.9527005553245544, 0.27941903471946716, -1.5181734561920166], [0.7257450222969055, -0.10821010172367096, -0.6794000267982483, 0.8116604685783386], [0.6775010228157043, 0.2839927673339844, 0.678483784198761, -0.48440665006637573], [0.0, 0.0, 0.0, 1.0]]}, "finger1joint2": {"matrix": [[0.04780946299433708, -0.3398503065109253, -0.9392634630203247, -2.056619167327881], [0.900151252746582, 0.4222407937049866, -0.10695905983448029, 0.7505024671554565], [0.4329456388950348, -0.8403655886650085, 0.32610365748405457, -0.32390010356903076], [0.0, 0.0, 0.0, 1.0]]}, "finger1joint3": {"matrix": [[-0.03512262925505638, 0.09751687198877335, -0.9946138262748718, -2.2023074626922607], [0.8685914278030396, 0.49520620703697205, 0.017880238592624664, 0.9315101504325867], [0.4942827820777893, -0.8632849454879761, -0.10209541022777557, -0.6841510534286499], [0.0, 0.0, 0.0, 1.0]]}, "Bone.001": {"matrix": [[0.6204297542572021, -0.20107799768447876, 0.7580463290214539, -1.3214082717895508], [0.7831318378448486, 0.2107100933790207, -0.5850687623023987, 0.2642967700958252], [-0.042083412408828735, 0.9566444754600525, 0.2882014811038971, -1.0795644521713257], [0.0, 0.0, 0.0, 1.0]]}, "finger2joint1": {"matrix": [[0.44930553436279297, -0.4092189371585846, 0.7941436171531677, -1.4488683938980103], [0.8147664070129395, -0.17691613733768463, -0.5521377325057983, 0.39786243438720703], [0.3664422333240509, 0.8951201438903809, 0.2539285719394684, -0.4731631278991699], [0.0, 0.0, 0.0, 1.0]]}, "finger2joint2": {"matrix": [[0.335138738155365, -0.9181596636772156, -0.21133993566036224, -1.8029038906097412], [0.8429528474807739, 0.39240148663520813, -0.3680371344089508, 0.24480360746383667], [0.42084717750549316, -0.05480625107884407, 0.9054742455482483, 0.3012491762638092], [0.0, 0.0, 0.0, 1.0]]}, "finger2joint3": {"matrix": [[0.24515078961849213, -0.06226416304707527, -0.9674832820892334, -2.1514523029327393], [0.911888062953949, 0.3536514937877655, 0.208303764462471, 0.3937656581401825], [0.3291822671890259, -0.9333024024963379, 0.143475741147995, 0.28044378757476807], [0.0, 0.0, 0.0, 1.0]]}, "Bone.002": {"matrix": [[0.29249557852745056, -0.48456886410713196, 0.8244022727012634, -1.3214083909988403], [0.7173523306846619, -0.4588872194290161, -0.5242404341697693, 0.2642967700958252], [0.6323384642601013, 0.7447248101234436, 0.2133842408657074, -1.0795643329620361], [0.0, 0.0, 0.0, 1.0]]}, "finger3joint1": {"matrix": [[0.06966108828783035, 0.15820829570293427, 0.9849452972412109, -1.5256589651107788], [0.7208118438720703, -0.6905343532562256, 0.059937965124845505, 0.07087123394012451], [0.6896214485168457, 0.705784797668457, -0.1621415615081787, -0.7656553983688354], [0.0, 0.0, 0.0, 1.0]]}, "finger3joint2": {"matrix": [[0.05553899705410004, -0.9324172735214233, 0.3570901155471802, -1.3868815898895264], [0.5996800065040588, -0.2547997534275055, -0.7585914134979248, -0.5348527431488037], [0.7983103394508362, 0.2562709152698517, 0.5450006127357483, -0.14655397832393646], [0.0, 0.0, 0.0, 1.0]]}, "finger3joint3": {"matrix": [[-0.05163215473294258, -0.6682626605033875, -0.7421314716339111, -1.9902304410934448], [0.705316960811615, 0.5016951560974121, -0.5008291006088257, -0.6997286677360535], [0.7070092558860779, -0.5492968559265137, 0.4454330801963806, 0.019273892045021057], [0.0, 0.0, 0.0, 1.0]]}, "Bone.003": {"matrix": [[0.3898046314716339, -0.019651338458061218, 0.9206878542900085, -1.3214083909988403], [-0.03933996707201004, -0.9992149472236633, -0.0046716853976249695, 0.2642967700958252], [0.9200568795204163, -0.03439890593290329, -0.39027154445648193, -1.0795643329620361], [0.0, 0.0, 0.0, 1.0]]}, "finger4joint1": {"matrix": [[0.18757152557373047, -0.7155214548110962, 0.6729380488395691, -1.3298313617706299], [0.7834902405738831, -0.3042105436325073, -0.5418474674224854, -0.16398614645004272], [0.5924186110496521, 0.6288754343986511, 0.503542959690094, -1.0943084955215454], [0.0, 0.0, 0.0, 1.0]]}, "finger4joint2": {"matrix": [[0.18407978117465973, -0.6057794690132141, -0.7740448713302612, -2.0406010150909424], [0.7657015323638916, 0.5821486115455627, -0.2735026478767395, -0.46617645025253296], [0.6162917017936707, -0.5423412322998047, 0.5710079073905945, -0.4696093797683716], [0.0, 0.0, 0.0, 1.0]]}, "finger4joint3": {"matrix": [[0.2451021373271942, 0.25275930762290955, -0.9359686374664307, -2.2932491302490234], [0.718578577041626, 0.6007201075553894, 0.3503994643688202, -0.22338388860225677], [0.650822103023529, -0.7584506869316101, -0.034389838576316833, -0.6957998275756836], [0.0, 0.0, 0.0, 1.0]]}}