{"root": {"matrix": [[0.550035834312439, -0.03954131528735161, 0.8342044353485107, -3.725290298461914e-09], [0.5112425088882446, 0.8057869672775269, -0.29889532923698425, 5.960464477539063e-08], [-0.6603723168373108, 0.5908839702606201, 0.4634268879890442, 0.0], [0.0, 0.0, 0.0, 1.0]]}, "carpals": {"matrix": [[-0.6347180008888245, -0.75864577293396, -0.14693287014961243, 1.1114014387130737], [0.7726884484291077, -0.6208195090293884, -0.13242177665233612, 1.978482723236084], [0.009242409840226173, -0.19758397340774536, 0.9802423119544983, -0.9671494364738464], [0.0, 0.0, 0.0, 1.0]]}, "metacarpals": {"matrix": [[-0.30744171142578125, -0.7969763278961182, 0.519911527633667, 0.37248504161834717], [0.6937288045883179, -0.5617019534111023, -0.4508115351200104, 1.3738082647323608], [0.6513215899467468, 0.22207924723625183, 0.7255762219429016, -1.159595012664795], [0.0, 0.0, 0.0, 1.0]]}, "finger5joint1": {"matrix": [[-0.23579776287078857, -0.9117338061332703, 0.33636364340782166, -0.2422541379928589], [0.6550185084342957, -0.4047941565513611, -0.6380378603935242, 1.11698579788208], [0.7178788185119629, 0.06987637281417847, 0.69265216588974, -1.4456241130828857], [0.0, 0.0, 0.0, 1.0]]}, "finger5joint2": {"matrix": [[0.38615962862968445, -0.922132134437561, -0.023499416187405586, -1.2052934169769287], [-0.6349942684173584, -0.2472643107175827, -0.7318758368492126, 0.6894129514694214], [0.6690759658813477, 0.2975427806377411, -0.6810324788093567, -1.3718156814575195], [0.0, 0.0, 0.0, 1.0]]}, "finger5joint3": {"matrix": [[0.29909273982048035, -0.8856943845748901, -0.3550889194011688, -1.8391069173812866], [-0.6140444874763489, 0.10619565099477768, -0.7820942401885986, 0.5194594860076904], [0.7304056286811829, 0.45195913314819336, -0.5120937824249268, -1.1673041582107544], [0.0, 0.0, 0.0, 1.0]]}, "Bone": {"matrix": [[0.693062961101532, -0.5146932005882263, 0.5047318935394287, -0.8718161582946777], [0.6982054114341736, 0.6534854173660278, -0.2923452854156494, 0.4968356490135193], [-0.17936672270298004, 0.5550203323364258, 0.8122683167457581, -0.8128676414489746], [0.0, 0.0, 0.0, 1.0]]}, "finger1joint1": {"matrix": [[-0.19001048803329468, -0.9622368812561035, 0.19492508471012115, -1.3001375198364258], [0.7484931349754333, -0.2704585790634155, -0.6054832339286804, 1.0406579971313477], [0.6353376507759094, 0.03085179813206196, 0.7716178297996521, -0.3509865403175354], [0.0, 0.0, 0.0, 1.0]]}, "finger1joint2": {"matrix": [[-0.221051424741745, -0.5814358592033386, -0.7829868197441101, -1.8439730405807495], [0.9025551676750183, 0.18221478164196014, -0.3901177942752838, 0.8878006935119629], [0.3695003390312195, -0.7929250001907349, 0.4844990074634552, -0.3335497975349426], [0.0, 0.0, 0.0, 1.0]]}, "finger1joint3": {"matrix": [[-0.2777296304702759, -0.2074551284313202, -0.9379916191101074, -2.0932250022888184], [0.8511108160018921, 0.3996724784374237, -0.34040021896362305, 0.9659132957458496], [0.44550734758377075, -0.8928741216659546, 0.06556627154350281, -0.6734637022018433], [0.0, 0.0, 0.0, 1.0]]}, "Bone.001": {"matrix": [[0.5324509739875793, -0.5254201889038086, 0.6636484265327454, -0.8718162775039673], [0.8384625911712646, 0.21985945105552673, -0.49864014983177185, 0.49683552980422974], [0.11608634144067764, 0.8219459056854248, 0.5576097369194031, -0.8128676414489746], [0.0, 0.0, 0.0, 1.0]]}, "finger2joint1": {"matrix": [[0.5429199934005737, -0.69349604845047, 0.4736039936542511, -1.2048715353012085], [0.765178382396698, 0.17613433301448822, -0.6192563772201538, 0.6362009048461914], [0.34603407979011536, 0.6985982656478882, 0.6262751817703247, -0.2918495237827301], [0.0, 0.0, 0.0, 1.0]]}, "finger2joint2": {"matrix": [[0.4318816661834717, -0.8756123781204224, -0.2162884920835495, -1.8048487901687622], [0.8319106101989746, 0.4793705344200134, -0.2795146107673645, 0.7885833382606506], [0.34842899441719055, -0.05921560525894165, 0.9354627132415771, 0.31254202127456665], [0.0, 0.0, 0.0, 1.0]]}, "finger2joint3": {"matrix": [[0.34618791937828064, -0.06409481912851334, -0.9359729290008545, -2.1372456550598145], [0.9030285477638245, 0.29324451088905334, 0.313921719789505, 0.9705601334571838], [0.2543483078479767, -0.9538863897323608, 0.15939705073833466, 0.2900627851486206], [0.0, 0.0, 0.0, 1.0]]}, "Bone.002": {"matrix": [[0.0047799162566661835, -0.6659892797470093, 0.7459457516670227, -0.8718162775039673], [0.7620244026184082, -0.48060786724090576, -0.43397560715675354, 0.4968355596065521], [0.6475306749343872, 0.5705031752586365, 0.5052030086517334, -0.8128676414489746], [0.0, 0.0, 0.0, 1.0]]}, "finger3joint1": {"matrix": [[-0.22388231754302979, -0.25329357385635376, 0.94112628698349, -1.15253746509552], [0.745421290397644, -0.6665904521942139, -0.002079012105241418, 0.29425451159477234], [0.6278725862503052, 0.7010700106620789, 0.33804842829704285, -0.5723947882652283], [0.0, 0.0, 0.0, 1.0]]}, "finger3joint2": {"matrix": [[-0.2974555194377899, -0.9015026688575745, 0.3143450617790222, -1.3747217655181885], [0.6301529407501221, -0.43272700905799866, -0.6447128057479858, -0.2904663383960724], [0.7172360420227051, 0.006311838980764151, 0.6968017220497131, 0.04257087782025337], [0.0, 0.0, 0.0, 1.0]]}, "finger3joint3": {"matrix": [[-0.39043664932250977, -0.7667927742004395, -0.5094975829124451, -1.9580663442611694], [0.707339882850647, 0.10437188297510147, -0.6991257071495056, -0.5704754590988159], [0.5892618298530579, -0.633352518081665, 0.5016323328018188, 0.04665517807006836], [0.0, 0.0, 0.0, 1.0]]}, "Bone.003": {"matrix": [[0.06218259036540985, 0.07497517764568329, 0.9952446222305298, -0.8718162775039673], [0.027900196611881256, -0.996915340423584, 0.07335768640041351, 0.4968355596065521], [0.9976747035980225, 0.023205913603305817, -0.06408243626356125, -0.8128676414489746], [0.0, 0.0, 0.0, 1.0]]}, "finger4joint1": {"matrix": [[-0.1475570648908615, -0.8556719422340393, 0.49603626132011414, -0.8396803736686707], [0.7881565690040588, -0.40471893548965454, -0.46369341015815735, 0.06953826546669006], [0.597524881362915, 0.3225328326225281, 0.7341228127479553, -0.8029211163520813], [0.0, 0.0, 0.0, 1.0]]}, "finger4joint2": {"matrix": [[-0.1575269252061844, -0.7473960518836975, -0.6454330682754517, -1.6896697282791138], [0.7695709466934204, 0.31666335463523865, -0.5545128583908081, -0.3324929475784302], [0.6188259124755859, -0.5840575695037842, 0.5252912640571594, -0.48253023624420166], [0.0, 0.0, 0.0, 1.0]]}, "finger4joint3": {"matrix": [[-0.0853949785232544, -0.49233561754226685, -0.8662059307098389, -2.0013811588287354], [0.748613715171814, 0.5419950485229492, -0.38186198472976685, -0.2004244327545166], [0.6574837565422058, -0.6810630559921265, 0.32228541374206543, -0.7261189222335815], [0.0, 0.0, 0.0, 1.0]]}}