{"root": {"matrix": [[0.30092132091522217, -0.7136436700820923, -0.6325812935829163, 0.0], [-0.7136871218681335, 0.27144357562065125, -0.6457314491271973, 0.0], [0.6325322389602661, 0.6457794904708862, -0.42763516306877136, 5.960464477539063e-08], [0.0, 0.0, 0.0, 1.0]]}, "carpals": {"matrix": [[0.7774263024330139, -0.5869107842445374, -0.22615033388137817, 0.05311852693557739], [0.46688154339790344, 0.29755452275276184, 0.832755982875824, -1.2756941318511963], [-0.4214613437652588, -0.7529919147491455, 0.5053447484970093, 2.1106319427490234], [0.0, 0.0, 0.0, 1.0]]}, "metacarpals": {"matrix": [[0.5219897031784058, -0.6967134475708008, 0.49205389618873596, -0.5185290575027466], [-0.21369729936122894, 0.4516613483428955, 0.8662188649177551, -0.9858778715133667], [-0.8257482051849365, -0.5573079586029053, 0.08687695860862732, 1.3772225379943848], [0.0, 0.0, 0.0, 1.0]]}, "finger5joint1": {"matrix": [[0.27130669355392456, -0.9594810009002686, 0.07608405500650406, -1.2101281881332397], [0.0013967027189210057, 0.07944130152463913, 0.9968383312225342, -1.046966314315796], [-0.9624918103218079, -0.2703426778316498, 0.02289324812591076, 1.168336033821106], [0.0, 0.0, 0.0, 1.0]]}, "finger5joint2": {"matrix": [[0.07721620798110962, -0.14553795754909515, -0.9863345623016357, -2.223601818084717], [0.9941003918647766, -0.06433840841054916, 0.08731754124164581, -0.9630545973777771], [-0.07616706192493439, -0.9872581958770752, 0.13971161842346191, 0.8827805519104004], [0.0, 0.0, 0.0, 1.0]]}, "finger5joint3": {"matrix": [[0.1174764409661293, 0.2658311724662781, -0.956834614276886, -2.3236348628997803], [0.9774311184883118, -0.2012995481491089, 0.0640794187784195, -1.0072766542434692], [-0.17557594180107117, -0.9427682757377625, -0.2834795415401459, 0.20420335233211517], [0.0, 0.0, 0.0, 1.0]]}, "Bone": {"matrix": [[0.7248396277427673, 0.31353306770324707, 0.6134365200996399, -1.6062922477722168], [-0.5508690476417542, -0.27093881368637085, 0.7893890142440796, -0.28070908784866333], [0.4137032926082611, -0.9101039171218872, -0.023671399801969528, 0.5071101188659668], [0.0, 0.0, 0.0, 1.0]]}, "finger1joint1": {"matrix": [[0.761493980884552, -0.6448436975479126, 0.06559979915618896, -1.3453738689422607], [-0.24380925297737122, -0.19119003415107727, 0.9507907032966614, -0.506181001663208], [-0.6005695462226868, -0.74001544713974, -0.3028087913990021, -0.25026723742485046], [0.0, 0.0, 0.0, 1.0]]}, "finger1joint2": {"matrix": [[0.7181076407432556, -0.6921265721321106, 0.07267846167087555, -1.7098255157470703], [-0.5178349614143372, -0.4616439640522003, 0.7202301621437073, -0.6142374873161316], [-0.46493905782699585, -0.5548384189605713, -0.6899173259735107, -0.6685079336166382], [0.0, 0.0, 0.0, 1.0]]}, "finger1joint3": {"matrix": [[0.7466821670532227, -0.5998153686523438, -0.28755390644073486, -2.006528854370117], [-0.42494598031044006, -0.7627177238464355, 0.48752671480178833, -0.8121365308761597], [-0.511748731136322, -0.24183279275894165, -0.8243967890739441, -0.906358003616333], [0.0, 0.0, 0.0, 1.0]]}, "Bone.001": {"matrix": [[0.855129063129425, 0.2207690179347992, 0.4690576195716858, -1.6062922477722168], [-0.5128790140151978, 0.2283996194601059, 0.8275193572044373, -0.28070908784866333], [0.07555802911520004, -0.948205828666687, 0.30853918194770813, 0.507110059261322], [0.0, 0.0, 0.0, 1.0]]}, "finger2joint1": {"matrix": [[0.6169323921203613, -0.2699669301509857, 0.7392644882202148, -1.4663503170013428], [-0.3022763431072235, 0.7859992384910583, 0.5392900109291077, -0.13593029975891113], [-0.7266519665718079, -0.5561676621437073, 0.40330401062965393, -0.09394213557243347], [0.0, 0.0, 0.0, 1.0]]}, "finger2joint2": {"matrix": [[0.5190228223800659, -0.4277592897415161, 0.7400250434875488, -1.6999118328094482], [-0.2784970998764038, 0.7338970303535461, 0.6195434331893921, 0.5440760850906372], [-0.8081179261207581, -0.5276519656181335, 0.2617797553539276, -0.5751100182533264], [0.0, 0.0, 0.0, 1.0]]}, "finger2joint3": {"matrix": [[0.3983213007450104, -0.647239089012146, 0.6499395966529846, -1.8622963428497314], [-0.24671964347362518, 0.6068617105484009, 0.7555446624755859, 0.8226754069328308], [-0.8834417462348938, -0.46130239963531494, 0.08203950524330139, -0.775415301322937], [0.0, 0.0, 0.0, 1.0]]}, "Bone.002": {"matrix": [[0.7593764066696167, -0.3794359564781189, 0.5285601019859314, -1.6062921285629272], [-0.2213175743818283, 0.613284707069397, 0.7582216262817383, -0.28070908784866333], [-0.6118545532226562, -0.6927551627159119, 0.3817382752895355, 0.507110059261322], [0.0, 0.0, 0.0, 1.0]]}, "finger3joint1": {"matrix": [[0.5953547954559326, -0.16152964532375336, 0.7870583534240723, -1.766228199005127], [-0.2614724636077881, 0.8873080015182495, 0.3798898160457611, -0.022203385829925537], [-0.759726881980896, -0.43196314573287964, 0.4860275983810425, 0.215106800198555], [0.0, 0.0, 0.0, 1.0]]}, "finger3joint2": {"matrix": [[0.531337320804596, -0.6007853746414185, -0.5972751975059509, -1.9079190492630005], [-0.13241741061210632, -0.7552644610404968, 0.6419041752815247, 0.7561267614364624], [-0.8367474675178528, -0.2619781494140625, -0.48085442185401917, -0.16380329430103302], [0.0, 0.0, 0.0, 1.0]]}, "finger3joint3": {"matrix": [[0.5937395691871643, 0.31480103731155396, -0.740522563457489, -2.296675443649292], [-0.2757833003997803, -0.7849434614181519, -0.5548036694526672, 0.2674100399017334], [-0.7559212446212769, 0.5336323380470276, -0.3792352080345154, -0.3333241939544678], [0.0, 0.0, 0.0, 1.0]]}, "Bone.003": {"matrix": [[0.5963085293769836, -0.46863770484924316, 0.6517629027366638, -1.6062922477722168], [0.575852632522583, 0.8153901696205139, 0.05943388119339943, -0.28070908784866333], [-0.5592938661575317, 0.3398786187171936, 0.7560904622077942, 0.507110059261322], [0.0, 0.0, 0.0, 1.0]]}, "finger4joint1": {"matrix": [[0.8507270216941833, -0.0923604890704155, 0.5174291729927063, -1.807159423828125], [-0.48676183819770813, 0.2329801321029663, 0.8418923020362854, 0.06878301501274109], [-0.19830848276615143, -0.9680854082107544, 0.15324515104293823, 0.6527886986732483], [0.0, 0.0, 0.0, 1.0]]}, "finger4joint2": {"matrix": [[0.8582191467285156, -0.35007309913635254, 0.37537774443626404, -1.8989064693450928], [-0.46494540572166443, -0.2203810065984726, 0.8574715256690979, 0.3002159297466278], [-0.21745175123214722, -0.9104288816452026, -0.3518999516963959, -0.30886775255203247], [0.0, 0.0, 0.0, 1.0]]}, "finger4joint3": {"matrix": [[0.8787656426429749, -0.3810844123363495, 0.2873070538043976, -2.0449092388153076], [-0.4575105607509613, -0.50130695104599, 0.7344214916229248, 0.20830318331718445], [-0.13584770262241364, -0.7768306136131287, -0.6148813962936401, -0.6885737776756287], [0.0, 0.0, 0.0, 1.0]]}}