{"root": {"matrix": [[0.48083028197288513, -0.5905813574790955, 0.6480863094329834, -5.960464477539063e-08], [0.40359988808631897, -0.5071024894714355, -0.7615472078323364, 0.0], [0.7784018516540527, 0.6277424693107605, -0.005471701733767986, 5.960464477539063e-08], [0.0, 0.0, 0.0, 1.0]]}, "carpals": {"matrix": [[-0.8689254522323608, -0.48619168996810913, 0.09266010671854019, 0.4364524781703949], [-0.03123946487903595, -0.13296590745449066, -0.9906281232833862, 0.501988410949707], [0.49395591020584106, -0.8636766672134399, 0.10034897178411484, 2.3753952980041504], [0.0, 0.0, 0.0, 1.0]]}, "metacarpals": {"matrix": [[-0.27740293741226196, -0.520121157169342, 0.8077878952026367, -0.03709530830383301], [-0.837090253829956, -0.28179144859313965, -0.4689065217971802, 0.37248045206069946], [0.4715158939361572, -0.8062674403190613, -0.35721877217292786, 1.5341793298721313], [0.0, 0.0, 0.0, 1.0]]}, "finger5joint1": {"matrix": [[-0.4348295331001282, -0.6590920686721802, 0.613612711429596, -0.6175355911254883], [-0.8951810002326965, 0.2423315942287445, -0.37406712770462036, 0.5514442324638367], [0.09784695506095886, -0.7119498252868652, -0.6953798532485962, 1.1382806301116943], [0.0, 0.0, 0.0, 1.0]]}, "finger5joint2": {"matrix": [[0.5994876623153687, -0.7883285284042358, 0.1383906751871109, -1.313716173171997], [-0.37817224860191345, -0.12659697234630585, 0.9170379638671875, 0.807412326335907], [-0.7054077386856079, -0.6020883321762085, -0.3740173876285553, 0.38626769185066223], [0.0, 0.0, 0.0, 1.0]]}, "finger5joint3": {"matrix": [[0.5147426724433899, -0.8430975675582886, -0.1556461900472641, -1.8555620908737183], [-0.4382498860359192, -0.4147830009460449, 0.7974281907081604, 0.7203978300094604], [-0.7368694543838501, -0.3422582745552063, -0.5829939842224121, -0.027568712830543518], [0.0, 0.0, 0.0, 1.0]]}, "Bone": {"matrix": [[0.4008280634880066, -0.4853081703186035, 0.7770537734031677, -0.8491488695144653], [0.18774425983428955, -0.786657989025116, -0.588150680065155, -0.06747424602508545], [0.8967097997665405, 0.3816347122192383, -0.22420096397399902, 0.2753719985485077], [0.0, 0.0, 0.0, 1.0]]}, "finger1joint1": {"matrix": [[-0.10862963646650314, -0.5387623906135559, 0.8354247212409973, -1.2530162334442139], [-0.7777235507965088, -0.47736889123916626, -0.4089803099632263, -0.7221212387084961], [0.6191489100456238, -0.6941567659378052, -0.36715200543403625, 0.592963695526123], [0.0, 0.0, 0.0, 1.0]]}, "finger1joint2": {"matrix": [[-0.34702563285827637, -0.7514526844024658, 0.5611523389816284, -1.5575129985809326], [-0.6065739393234253, -0.27650782465934753, -0.7453934550285339, -0.9919198751449585], [0.715290904045105, -0.5990508794784546, -0.3598564565181732, 0.20064131915569305], [0.0, 0.0, 0.0, 1.0]]}, "finger1joint3": {"matrix": [[-0.2606085240840912, -0.9547080993652344, 0.14358089864253998, -1.8796484470367432], [-0.6683889031410217, 0.07109992206096649, -0.7404059767723083, -1.1104543209075928], [0.6966630220413208, -0.2889237403869629, -0.6566455960273743, -0.056161925196647644], [0.0, 0.0, 0.0, 1.0]]}, "Bone.001": {"matrix": [[0.30166739225387573, -0.3031141757965088, 0.9039459228515625, -0.8491487503051758], [-0.1602015197277069, -0.9507506489753723, -0.2653459906578064, -0.06747418642044067], [0.9398573040962219, -0.06476736813783646, -0.3353700041770935, 0.2753720283508301], [0.0, 0.0, 0.0, 1.0]]}, "finger2joint1": {"matrix": [[-0.17027011513710022, -0.6633952856063843, 0.728638768196106, -1.041287899017334], [-0.7684621810913086, -0.3734678328037262, -0.5196031332015991, -0.6701395511627197], [0.6168254017829895, -0.6484041810035706, -0.4462040066719055, 0.23431703448295593], [0.0, 0.0, 0.0, 1.0]]}, "finger2joint2": {"matrix": [[-0.2961682081222534, -0.9523180723190308, -0.07331009954214096, -1.6152236461639404], [-0.7477669715881348, 0.27893638610839844, -0.6025271415710449, -0.9932448267936707], [0.5942463278770447, -0.12363027036190033, -0.7947241067886353, -0.32664918899536133], [0.0, 0.0, 0.0, 1.0]]}, "finger2joint3": {"matrix": [[-0.3956989645957947, -0.4898875951766968, -0.7768089175224304, -1.9767392873764038], [-0.6539902091026306, 0.7441495060920715, -0.1361548751592636, -0.8873559832572937], [0.6447625756263733, 0.4541492760181427, -0.6148407459259033, -0.3735812306404114], [0.0, 0.0, 0.0, 1.0]]}, "Bone.002": {"matrix": [[-0.009385040029883385, -0.3200693428516388, 0.9473475217819214, -0.8491487503051758], [-0.773554801940918, -0.5980252027511597, -0.2097112536430359, -0.06747421622276306], [0.6336597800254822, -0.7347933053970337, -0.24197888374328613, 0.2753719985485077], [0.0, 0.0, 0.0, 1.0]]}, "finger3joint1": {"matrix": [[-0.22101449966430664, -0.6900790929794312, 0.6891612410545349, -0.9840612411499023], [-0.8058699369430542, -0.2687731981277466, -0.5275743007659912, -0.3195478320121765], [0.5492961406707764, -0.6719757318496704, -0.4967113733291626, -0.034350693225860596], [0.0, 0.0, 0.0, 1.0]]}, "finger3joint2": {"matrix": [[-0.35391709208488464, -0.7415347695350647, -0.5699724555015564, -1.5893858671188354], [-0.8171502351760864, 0.5416237711906433, -0.1972540318965912, -0.5553107261657715], [0.45498141646385193, 0.39594176411628723, -0.7976351976394653, -0.6237954497337341], [0.0, 0.0, 0.0, 1.0]]}, "finger3joint3": {"matrix": [[-0.28937646746635437, -0.38427919149398804, -0.8766929507255554, -2.069218397140503], [-0.7444490790367126, 0.6660766005516052, -0.04623422026634216, -0.2048366665840149], [0.6017115712165833, 0.6392742991447449, -0.4788229465484619, -0.3675893247127533], [0.0, 0.0, 0.0, 1.0]]}, "Bone.003": {"matrix": [[0.3390674591064453, 0.33932292461395264, 0.877435564994812, -0.8491488099098206], [-0.9368976354598999, 0.2062467634677887, 0.2822853624820709, -0.06747423857450485], [-0.08518248796463013, -0.9177811145782471, 0.3878422677516937, 0.2753720283508301], [0.0, 0.0, 0.0, 1.0]]}, "finger4joint1": {"matrix": [[-0.284551739692688, -0.7319112420082092, 0.6191412806510925, -0.703708291053772], [-0.8365291953086853, -0.1258780062198639, -0.5332667231559753, 0.020927131175994873], [0.46824026107788086, -0.6696716547012329, -0.5764464735984802, -0.11800676584243774], [0.0, 0.0, 0.0, 1.0]]}, "finger4joint2": {"matrix": [[-0.2892458736896515, -0.9134200215339661, 0.28635698556900024, -1.4307589530944824], [-0.8493362665176392, 0.10690075159072876, -0.5169137120246887, -0.10411491990089417], [0.44154760241508484, -0.39272838830947876, -0.806721568107605, -0.7832311987876892], [0.0, 0.0, 0.0, 1.0]]}, "finger4joint3": {"matrix": [[-0.21647383272647858, -0.9762298464775085, 0.010673773474991322, -1.811712622642517], [-0.8476300239562988, 0.1825103610754013, -0.49820971488952637, -0.0595305860042572], [0.48441916704177856, -0.11689657717943192, -0.8669906258583069, -0.9470236301422119], [0.0, 0.0, 0.0, 1.0]]}}