{"root": {"matrix": [[0.5050152540206909, -0.8618208765983582, 0.047162678092718124, 0.0], [-0.8110021948814392, -0.4925159215927124, -0.31575867533683777, 0.0], [0.29535573720932007, 0.1212138831615448, -0.9476667046546936, 0.0], [0.0, 0.0, 0.0, 1.0]]}, "carpals": {"matrix": [[-0.3422545790672302, -0.4961026608943939, -0.7979622483253479, 0.29321223497390747], [0.5042492151260376, 0.6196186542510986, -0.6015023589134216, -2.2806432247161865], [0.7928394079208374, -0.608238935470581, 0.03809203952550888, 0.8931281566619873], [0.0, 0.0, 0.0, 1.0]]}, "metacarpals": {"matrix": [[-0.29373690485954285, -0.7955806851387024, -0.5298771262168884, -0.18998873233795166], [0.3412318229675293, 0.4305339753627777, -0.8355842232704163, -1.6771384477615356], [0.8929049968719482, -0.42625296115875244, 0.1450137048959732, 0.30070704221725464], [0.0, 0.0, 0.0, 1.0]]}, "finger5joint1": {"matrix": [[-0.38180235028266907, -0.8056915402412415, -0.4528661370277405, -0.37448740005493164], [0.37693527340888977, 0.31164687871932983, -0.8722359538078308, -1.1475881338119507], [0.8438878059387207, -0.50372314453125, 0.18470606207847595, -0.15887057781219482], [0.0, 0.0, 0.0, 1.0]]}, "finger5joint2": {"matrix": [[-0.29088056087493896, -0.9130337834358215, 0.28593185544013977, -1.22551691532135], [-0.9343011379241943, 0.20669925212860107, -0.29044121503829956, -0.8184041976928711], [0.20608080923557281, -0.3516303598880768, -0.9131739139556885, -0.6909393668174744], [0.0, 0.0, 0.0, 1.0]]}, "finger5joint3": {"matrix": [[-0.3901454508304596, -0.9188668727874756, 0.05890274420380592, -1.8530771732330322], [-0.893511176109314, 0.3623807728290558, -0.26517388224601746, -0.6763325333595276], [0.22231434285640717, -0.156086727976799, -0.9623996019363403, -0.9326272010803223], [0.0, 0.0, 0.0, 1.0]]}, "Bone": {"matrix": [[0.7825886011123657, -0.3337004780769348, -0.525546133518219, -1.4321110248565674], [-0.30043095350265503, 0.5369449853897095, -0.7883089184761047, -1.0049552917480469], [0.5452485084533691, 0.7748122215270996, 0.3199531137943268, -0.36479219794273376], [0.0, 0.0, 0.0, 1.0]]}, "finger1joint1": {"matrix": [[-0.18060381710529327, -0.6174702048301697, -0.7655798196792603, -1.7098125219345093], [0.23354671895503998, 0.7291946411132812, -0.6432190537452698, -0.5581163763999939], [0.9554256200790405, -0.294966459274292, 0.012512795627117157, 0.27999693155288696], [0.0, 0.0, 0.0, 1.0]]}, "finger1joint2": {"matrix": [[0.0734441801905632, -0.3542514145374298, -0.93226158618927, -2.058793306350708], [0.40365901589393616, 0.8653523325920105, -0.2970260679721832, -0.14599137008190155], [0.9119569063186646, -0.354500949382782, 0.2065519094467163, 0.11328829824924469], [0.0, 0.0, 0.0, 1.0]]}, "finger1joint3": {"matrix": [[-0.00839961413294077, 0.08351726084947586, -0.9964708089828491, -2.2106549739837646], [0.3394826352596283, 0.9375596642494202, 0.075717993080616, 0.22497093677520752], [0.9405748844146729, -0.33764851093292236, -0.036227770149707794, -0.03868042677640915], [0.0, 0.0, 0.0, 1.0]]}, "Bone.001": {"matrix": [[0.5557765364646912, -0.7483671307563782, -0.3620204031467438, -1.4321110248565674], [-0.19179289042949677, 0.3082982003688812, -0.9317549467086792, -1.0049554109573364], [0.8089052438735962, 0.5872806310653687, 0.027813386172056198, -0.36479219794273376], [0.0, 0.0, 0.0, 1.0]]}, "finger2joint1": {"matrix": [[-0.1805335134267807, -0.9787713885307312, -0.09702536463737488, -1.9064885377883911], [0.3032439947128296, 0.03845188021659851, -0.9521366357803345, -0.8095301985740662], [0.9356551170349121, -0.2013149857521057, 0.289864718914032, 0.007475405931472778], [0.0, 0.0, 0.0, 1.0]]}, "finger2joint2": {"matrix": [[-0.2585635781288147, 0.2745584547519684, -0.9261544942855835, -2.7532715797424316], [0.39216527342796326, 0.9060301780700684, 0.15910787880420685, -0.7762635946273804], [0.8828086853027344, -0.32206618785858154, -0.34193873405456543, -0.16669204831123352], [0.0, 0.0, 0.0, 1.0]]}, "finger2joint3": {"matrix": [[-0.1415702849626541, 0.9358377456665039, 0.3227463364601135, -2.6490447521209717], [0.4777005910873413, -0.2209738790988922, 0.8502777814865112, -0.43231964111328125], [0.8670408129692078, 0.274550199508667, -0.41576698422431946, -0.28895366191864014], [0.0, 0.0, 0.0, 1.0]]}, "Bone.002": {"matrix": [[-0.11781816929578781, -0.9598748087882996, -0.25447770953178406, -1.4321110248565674], [0.09217808395624161, 0.24458475410938263, -0.9652363657951355, -1.0049552917480469], [0.9887477159500122, -0.1371796876192093, 0.05966286361217499, -0.36479219794273376], [0.0, 0.0, 0.0, 1.0]]}, "finger3joint1": {"matrix": [[0.5667314529418945, -0.8101277947425842, -0.15002693235874176, -1.8367078304290771], [-0.054699305444955826, 0.14469461143016815, -0.9879631400108337, -0.9018604159355164], [0.8220848441123962, 0.5681164264678955, 0.037689488381147385, -0.42261481285095215], [0.0, 0.0, 0.0, 1.0]]}, "finger3joint2": {"matrix": [[0.43689024448394775, 0.19033795595169067, -0.8791462779045105, -2.547337055206299], [0.007235969416797161, 0.976580798625946, 0.21502850949764252, -0.7749369740486145], [0.89948570728302, -0.10030534118413925, 0.4252815842628479, 0.07572642713785172], [0.0, 0.0, 0.0, 1.0]]}, "finger3joint3": {"matrix": [[0.5874069929122925, 0.7060986757278442, -0.3954458236694336, -2.42417311668396], [0.019416000694036484, 0.4761959910392761, 0.879124641418457, -0.14301079511642456], [0.809058666229248, -0.5240821838378906, 0.2660113573074341, 0.010820835828781128], [0.0, 0.0, 0.0, 1.0]]}, "Bone.003": {"matrix": [[-0.7093561887741089, -0.46430066227912903, 0.5303192138671875, -1.4321110248565674], [-0.33225175738334656, -0.44329121708869934, -0.8325271606445312, -1.0049552917480469], [0.6216288208961487, -0.7667580246925354, 0.16018669307231903, -0.364792138338089], [0.0, 0.0, 0.0, 1.0]]}, "finger4joint1": {"matrix": [[-0.09110119938850403, -0.8466456532478333, -0.5243006944656372, -1.6311193704605103], [0.227530375123024, 0.49486708641052246, -0.8386513590812683, -1.1949586868286133], [0.9695000648498535, -0.19569656252861023, 0.1475546509027481, -0.6934396028518677], [0.0, 0.0, 0.0, 1.0]]}, "finger4joint2": {"matrix": [[-0.12059237062931061, 0.0921093299984932, -0.9884193539619446, -2.4721426963806152], [0.2225775569677353, 0.9728444218635559, 0.06350208818912506, -0.703377902507782], [0.9674277305603027, -0.21234217286109924, -0.13781915605068207, -0.8878365159034729], [0.0, 0.0, 0.0, 1.0]]}, "finger4joint3": {"matrix": [[-0.11335950344800949, 0.6112965941429138, -0.7832404375076294, -2.4337270259857178], [0.13998574018478394, 0.7902851104736328, 0.5965341329574585, -0.2976406216621399], [0.9836428761482239, -0.042019668966531754, -0.17515921592712402, -0.9763965606689453], [0.0, 0.0, 0.0, 1.0]]}}