{"root": {"matrix": [[0.4850826561450958, -0.07051599025726318, 0.8716204762458801, 0.0], [0.5707474946975708, 0.7806973457336426, -0.2544777989387512, 0.0], [-0.6625270247459412, 0.6209180355072021, 0.41894957423210144, 0.0], [0.0, 0.0, 0.0, 1.0]]}, "carpals": {"matrix": [[-0.6651473045349121, -0.744733452796936, 0.054321371018886566, 0.9299864768981934], [0.7306556701660156, -0.6641251444816589, -0.15836648643016815, 2.0834996700286865], [0.15401701629161835, -0.06564696133136749, 0.9858849048614502, -0.937623918056488], [0.0, 0.0, 0.0, 1.0]]}, "metacarpals": {"matrix": [[-0.3422918915748596, -0.7161176204681396, 0.608285665512085, 0.2046205997467041], [0.37962448596954346, -0.6976026892662048, -0.6076475977897644, 1.4366459846496582], [0.8594890236854553, 0.022927168756723404, 0.5106396079063416, -1.001563549041748], [0.0, 0.0, 0.0, 1.0]]}, "finger5joint1": {"matrix": [[-0.3378554582595825, -0.8543200492858887, 0.3949563801288605, -0.39421433210372925], [0.25638487935066223, -0.48730000853538513, -0.8347486257553101, 1.2219009399414062], [0.905604898929596, -0.18076372146606445, 0.38367176055908203, -1.349351167678833], [0.0, 0.0, 0.0, 1.0]]}, "finger5joint2": {"matrix": [[0.4234783947467804, -0.8719266653060913, -0.24578258395195007, -1.2966089248657227], [-0.8184283375740051, -0.25191810727119446, -0.5164415836334229, 0.7071793675422668], [0.3883822560310364, 0.41985729336738586, -0.8202918767929077, -1.540286898612976], [0.0, 0.0, 0.0, 1.0]]}, "finger5joint3": {"matrix": [[0.3531162440776825, -0.7383307814598083, -0.5746092200279236, -1.8959145545959473], [-0.8086930513381958, 0.06795987486839294, -0.5842914581298828, 0.5340272188186646], [0.47045087814331055, 0.6710054874420166, -0.5730856657028198, -1.251704216003418], [0.0, 0.0, 0.0, 1.0]]}, "Bone": {"matrix": [[0.6006108522415161, -0.5492450594902039, 0.5810301899909973, -0.9134377241134644], [0.7967286109924316, 0.35023775696754456, -0.49250051379203796, 0.347494512796402], [0.06700487434864044, 0.7587246894836426, 0.6479560136795044, -0.9657679200172424], [0.0, 0.0, 0.0, 1.0]]}, "finger1joint1": {"matrix": [[-0.2115931212902069, -0.9749031066894531, -0.06922435015439987, -1.3705129623413086], [0.46731996536254883, -0.0387112982571125, -0.8832401633262634, 0.6389580965042114], [0.8583940267562866, -0.21923761069774628, 0.46378272771835327, -0.3343666195869446], [0.0, 0.0, 0.0, 1.0]]}, "finger1joint2": {"matrix": [[-0.16092930734157562, -0.4948726296424866, -0.853933572769165, -1.9215067625045776], [0.7147195935249329, 0.538245439529419, -0.4466179311275482, 0.6170792579650879], [0.6806450486183167, -0.682197093963623, 0.2670755982398987, -0.4582749605178833], [0.0, 0.0, 0.0, 1.0]]}, "finger1joint3": {"matrix": [[-0.22831805050373077, -0.09458588063716888, -0.9689809679985046, -2.133650779724121], [0.6455844044685364, 0.7302821278572083, -0.2234024703502655, 0.8478162288665771], [0.7287604212760925, -0.6765658259391785, -0.10567353665828705, -0.7507215738296509], [0.0, 0.0, 0.0, 1.0]]}, "Bone.001": {"matrix": [[0.44344374537467957, -0.4965844452381134, 0.7461643218994141, -0.9134377241134644], [0.8042539358139038, -0.14702242612838745, -0.5758122801780701, 0.347494512796402], [0.3956424593925476, 0.8554459810256958, 0.334183931350708, -0.9657679200172424], [0.0, 0.0, 0.0, 1.0]]}, "finger2joint1": {"matrix": [[-0.26369017362594604, -0.517659604549408, 0.813938319683075, -1.2282145023345947], [0.4769143760204315, -0.8034206628799438, -0.35646548867225647, 0.25429943203926086], [0.8384628295898438, 0.2941824197769165, 0.45873361825942993, -0.423514723777771], [0.0, 0.0, 0.0, 1.0]]}, "finger2joint2": {"matrix": [[-0.38350775837898254, -0.5917772054672241, 0.7090283036231995, -1.6760671138763428], [0.4331984221935272, -0.7933005690574646, -0.4278002381324768, -0.4407791495323181], [0.8156352043151855, 0.14308515191078186, 0.5605940222740173, -0.16900311410427094], [0.0, 0.0, 0.0, 1.0]]}, "finger2joint3": {"matrix": [[-0.5106615424156189, -0.6794129610061646, 0.5268988013267517, -1.9007155895233154], [0.37583082914352417, -0.727572500705719, -0.5739243030548096, -0.7419290542602539], [0.7732888460159302, -0.09505639970302582, 0.6268877983093262, -0.11468563973903656], [0.0, 0.0, 0.0, 1.0]]}, "Bone.002": {"matrix": [[-0.04019880294799805, -0.5743348002433777, 0.8176327347755432, -0.9134377837181091], [0.4829103648662567, -0.7275463342666626, -0.48731285333633423, 0.347494512796402], [0.8747466206550598, 0.375253826379776, 0.30659884214401245, -0.9657679796218872], [0.0, 0.0, 0.0, 1.0]]}, "finger3joint1": {"matrix": [[0.26649510860443115, -0.21415364742279053, 0.93974369764328, -1.1555256843566895], [0.9007701277732849, -0.2915540933609009, -0.3218839466571808, 0.04082643985748291], [0.3429190516471863, 0.9322736859321594, 0.1152055412530899, -0.8075947165489197], [0.0, 0.0, 0.0, 1.0]]}, "finger3joint2": {"matrix": [[0.1926214098930359, -0.9809709787368774, -0.024344081059098244, -1.3433773517608643], [0.8551368713378906, 0.17997777462005615, -0.48615720868110657, -0.21491941809654236], [0.48128774762153625, 0.07282662391662598, 0.8735321760177612, 0.010178569704294205], [0.0, 0.0, 0.0, 1.0]]}, "finger3joint3": {"matrix": [[0.1450614184141159, -0.6639853715896606, -0.7335395812988281, -1.9781442880630493], [0.9325741529464722, 0.3394378125667572, -0.1228303536772728, -0.09845936298370361], [0.33054888248443604, -0.6662623286247253, 0.6684548854827881, 0.05730324983596802], [0.0, 0.0, 0.0, 1.0]]}, "Bone.003": {"matrix": [[0.1178879663348198, 0.18486736714839935, 0.9756671190261841, -0.9134378433227539], [-0.3141571879386902, -0.9251112937927246, 0.21324697136878967, 0.347494512796402], [0.9420230984687805, -0.3316521942615509, -0.05098192021250725, -0.9657679796218872], [0.0, 0.0, 0.0, 1.0]]}, "finger4joint1": {"matrix": [[0.06513150781393051, -0.8109256625175476, 0.5815126299858093, -0.8342001438140869], [0.6670634746551514, -0.3980247676372528, -0.629763662815094, -0.04902613162994385], [0.7421482801437378, 0.42892318964004517, 0.5150150656700134, -1.107920527458191], [0.0, 0.0, 0.0, 1.0]]}, "finger4joint2": {"matrix": [[0.05774236097931862, -0.8596117496490479, -0.507673978805542, -1.6397403478622437], [0.6454789042472839, 0.42008039355278015, -0.6378785371780396, -0.4444076418876648], [0.7615920901298523, -0.29086047410964966, 0.5791177153587341, -0.6818457841873169], [0.0, 0.0, 0.0, 1.0]]}, "finger4joint3": {"matrix": [[0.13641895353794098, -0.5003246665000916, -0.8550231456756592, -1.9982526302337646], [0.6175873279571533, 0.717795729637146, -0.3214884400367737, -0.2692076861858368], [0.7745808362960815, -0.4841945171356201, 0.4069150388240814, -0.8031529784202576], [0.0, 0.0, 0.0, 1.0]]}}