{"root": {"matrix": [[0.5276328921318054, 0.12871409952640533, 0.8396643400192261, 0.0], [0.4217630624771118, 0.8183199763298035, -0.3904719650745392, 0.0], [-0.7373732924461365, 0.560165286064148, 0.3774856626987457, 5.960464477539063e-08], [0.0, 0.0, 0.0, 1.0]]}, "carpals": {"matrix": [[-0.2764800488948822, -0.9418195486068726, -0.19113954901695251, 1.2248151302337646], [0.9507701396942139, -0.239096000790596, -0.19715245068073273, 1.7986904382705688], [0.13998137414455414, -0.23623865842819214, 0.9615592956542969, -1.1616909503936768], [0.0, 0.0, 0.0, 1.0]]}, "metacarpals": {"matrix": [[-0.24569621682167053, -0.7317929863929749, 0.6356980204582214, 0.30748850107192993], [0.5084317326545715, -0.6556398272514343, -0.5582414269447327, 1.565812349319458], [0.825306236743927, 0.1860511600971222, 0.5331551432609558, -1.391785979270935], [0.0, 0.0, 0.0, 1.0]]}, "finger5joint1": {"matrix": [[-0.04337003082036972, -0.8880720138549805, 0.4576535224914551, -0.3285175561904907], [0.5344801545143127, -0.40764307975769043, -0.740376889705658, 1.332088828086853], [0.8440674543380737, 0.21249641478061676, 0.4923364222049713, -1.6497478485107422], [0.0, 0.0, 0.0, 1.0]]}, "finger5joint2": {"matrix": [[0.5237036943435669, -0.8464892506599426, -0.09586212038993835, -1.2665634155273438], [-0.728762686252594, -0.3868844211101532, -0.565000057220459, 0.9015066623687744], [0.441179096698761, 0.365753173828125, -0.8195029497146606, -1.4252938032150269], [0.0, 0.0, 0.0, 1.0]]}, "finger5joint3": {"matrix": [[0.44687214493751526, -0.8614336252212524, -0.24132266640663147, -1.8483850955963135], [-0.7294820547103882, -0.19473521411418915, -0.6556932926177979, 0.6355875134468079], [0.5178424119949341, 0.4690515697002411, -0.715422511100769, -1.1738988161087036], [0.0, 0.0, 0.0, 1.0]]}, "Bone": {"matrix": [[0.6286434531211853, -0.4622301757335663, 0.625420093536377, -0.8350434303283691], [0.7711392045021057, 0.47467994689941406, -0.42429134249687195, 0.5421764850616455], [-0.10075400769710541, 0.7490140795707703, 0.6548483967781067, -1.1013084650039673], [0.0, 0.0, 0.0, 1.0]]}, "finger1joint1": {"matrix": [[-0.13478988409042358, -0.9506357908248901, 0.2795047163963318, -1.2197057008743286], [0.5755041837692261, -0.30473172664642334, -0.7589026689529419, 0.9371993541717529], [0.8066142201423645, 0.05856361985206604, 0.5881696939468384, -0.47798818349838257], [0.0, 0.0, 0.0, 1.0]]}, "finger1joint2": {"matrix": [[-0.1944468766450882, -0.6854873895645142, -0.7016388773918152, -1.7569844722747803], [0.7852101922035217, 0.319934219121933, -0.5301764011383057, 0.7649714946746826], [0.5879076719284058, -0.6540252566337585, 0.47604137659072876, -0.4448893666267395], [0.0, 0.0, 0.0, 1.0]]}, "finger1joint3": {"matrix": [[-0.23922418057918549, -0.32601505517959595, -0.914595901966095, -2.0508415699005127], [0.7152118682861328, 0.5778998732566833, -0.3930695950984955, 0.9021221399307251], [0.6566916108131409, -0.7481616139411926, 0.09492208063602448, -0.7252592444419861], [0.0, 0.0, 0.0, 1.0]]}, "Bone.001": {"matrix": [[0.5042873620986938, -0.41588157415390015, 0.7567934393882751, -0.8350435495376587], [0.8305054903030396, -0.006491032894700766, -0.5569723844528198, 0.5421765446662903], [0.23654705286026, 0.9093953967094421, 0.3421187400817871, -1.1013084650039673], [0.0, 0.0, 0.0, 1.0]]}, "finger2joint1": {"matrix": [[-0.1665218621492386, -0.4777674973011017, 0.8625591397285461, -1.0986639261245728], [0.598366379737854, -0.7442540526390076, -0.2967210114002228, 0.5380619764328003], [0.7837269306182861, 0.46671584248542786, 0.4098147749900818, -0.5248575806617737], [0.0, 0.0, 0.0, 1.0]]}, "finger2joint2": {"matrix": [[-0.28804075717926025, -0.7259559631347656, 0.6245158314704895, -1.512004017829895], [0.5534602999687195, -0.6584054231643677, -0.5100821256637573, -0.10582864284515381], [0.7814819812774658, 0.19872018694877625, 0.5914355516433716, -0.12107886373996735], [0.0, 0.0, 0.0, 1.0]]}, "finger2joint3": {"matrix": [[-0.4240474998950958, -0.8913914561271667, 0.16001391410827637, -1.7875888347625732], [0.5176390409469604, -0.38354068994522095, -0.7648176550865173, -0.35577017068862915], [0.7431239485740662, -0.24148978292942047, 0.6240586638450623, -0.045641422271728516], [0.0, 0.0, 0.0, 1.0]]}, "Bone.002": {"matrix": [[0.05950821191072464, -0.5576126575469971, 0.8279653191566467, -0.8350434303283691], [0.5994141697883606, -0.6432896852493286, -0.4763202667236328, 0.5421765446662903], [0.7982239127159119, 0.5246390104293823, 0.29596006870269775, -1.1013084650039673], [0.0, 0.0, 0.0, 1.0]]}, "finger3joint1": {"matrix": [[0.1771961897611618, -0.23716188967227936, 0.9551729559898376, -1.0700829029083252], [0.8767774701118469, -0.40282195806503296, -0.26267051696777344, 0.2710234820842743], [0.44706034660339355, 0.8840183615684509, 0.13655981421470642, -0.8801678419113159], [0.0, 0.0, 0.0, 1.0]]}, "finger3joint2": {"matrix": [[0.10027732700109482, -0.9888330698013306, 0.11024157702922821, -1.2781168222427368], [0.8115732669830322, 0.017193760722875595, -0.5839975476264954, -0.08232449740171432], [0.575580894947052, 0.14803063869476318, 0.8042348027229309, -0.10472327470779419], [0.0, 0.0, 0.0, 1.0]]}, "finger3joint3": {"matrix": [[0.03112521395087242, -0.8488484621047974, -0.5277189612388611, -1.9179712533950806], [0.8980622291564941, 0.2555200457572937, -0.3580414056777954, -0.07119876146316528], [0.43876585364341736, -0.46278053522109985, 0.7702717781066895, -0.008935555815696716], [0.0, 0.0, 0.0, 1.0]]}, "Bone.003": {"matrix": [[0.19861383736133575, 0.12322421371936798, 0.9723004102706909, -0.8350434899330139], [-0.1871260553598404, -0.9690465331077576, 0.16103634238243103, 0.5421765446662903], [0.9620479345321655, -0.21392685174942017, -0.1694074273109436, -1.1013084650039673], [0.0, 0.0, 0.0, 1.0]]}, "finger4joint1": {"matrix": [[0.018014205619692802, -0.757664144039154, 0.6523956656455994, -0.7822271585464478], [0.7034722566604614, -0.45406922698020935, -0.5467610955238342, 0.12682434916496277], [0.710494339466095, 0.46879154443740845, 0.5248161554336548, -1.193001627922058], [0.0, 0.0, 0.0, 1.0]]}, "finger4joint2": {"matrix": [[0.013235919177532196, -0.9400092959403992, -0.3408912420272827, -1.5348596572875977], [0.682189404964447, 0.2577435076236725, -0.6842409372329712, -0.3242294192314148], [0.731055498123169, -0.22349607944488525, 0.6446758508682251, -0.7273232936859131], [0.0, 0.0, 0.0, 1.0]]}, "finger4joint3": {"matrix": [[0.09631464630365372, -0.6824128031730652, -0.724593460559845, -1.9269027709960938], [0.6683394312858582, 0.5837995409965515, -0.4609774649143219, -0.2167341560125351], [0.7375944256782532, -0.4398757219314575, 0.5123117566108704, -0.8205352425575256], [0.0, 0.0, 0.0, 1.0]]}}