{"root": {"matrix": [[0.29390621185302734, -0.8376694321632385, 0.46035757660865784, 0.0], [0.6291110515594482, -0.1930706948041916, -0.7529561519622803, -1.4901161193847656e-08], [0.7196099162101746, 0.5109145045280457, 0.47024235129356384, 5.960464477539063e-08], [0.0, 0.0, 0.0, 1.0]]}, "carpals": {"matrix": [[-0.7127900719642639, -0.4258100092411041, -0.5573292374610901, -0.20701950788497925], [0.6919085383415222, -0.2967672049999237, -0.6581730246543884, 1.3183897733688354], [0.1148597002029419, -0.8547599911689758, 0.5061542987823486, 2.0746030807495117], [0.0, 0.0, 0.0, 1.0]]}, "metacarpals": {"matrix": [[-0.8827020525932312, -0.46633780002593994, 0.05801641568541527, -0.621755838394165], [0.2745828926563263, -0.6120088696479797, -0.7416530847549438, 1.029340147972107], [0.3813675045967102, -0.6387283205986023, 0.6682698130607605, 1.2420718669891357], [0.0, 0.0, 0.0, 1.0]]}, "finger5joint1": {"matrix": [[-0.7545618414878845, -0.6531798243522644, -0.063184455037117, -0.7568626999855042], [0.22236713767051697, -0.16391192376613617, -0.9610856175422668, 0.9369975924491882], [0.6174051761627197, -0.7392486333847046, 0.26892736554145813, 0.535747766494751], [0.0, 0.0, 0.0, 1.0]]}, "finger5joint2": {"matrix": [[0.017414411529898643, -0.6363862156867981, 0.7711735367774963, -1.44679856300354], [-0.9551795125007629, -0.23855046927928925, -0.1752866953611374, 0.7638619542121887], [0.2955138683319092, -0.7335566282272339, -0.6120176315307617, -0.24510008096694946], [0.0, 0.0, 0.0, 1.0]]}, "finger5joint3": {"matrix": [[-0.08455454558134079, -0.7687968611717224, 0.6338779330253601, -1.8842090368270874], [-0.9621727466583252, -0.10235081613063812, -0.25248265266418457, 0.5998978614807129], [0.25898581743240356, -0.6312485933303833, -0.7310614585876465, -0.7492992877960205], [0.0, 0.0, 0.0, 1.0]]}, "Bone": {"matrix": [[0.31779834628105164, -0.9457848072052002, -0.06704593449831009, -1.3498387336730957], [0.7075805068016052, 0.28363820910453796, -0.6472086906433105, 0.0738244503736496], [0.6311368346214294, 0.15824155509471893, 0.7593585848808289, 0.2448395937681198], [0.0, 0.0, 0.0, 1.0]]}, "finger1joint1": {"matrix": [[-0.42155197262763977, -0.7630075216293335, -0.4900135397911072, -2.136909008026123], [0.3111150562763214, 0.38587963581085205, -0.8685068488121033, 0.3098646402359009], [0.8517635464668274, -0.5185712575912476, 0.07471488416194916, 0.37652623653411865], [0.0, 0.0, 0.0, 1.0]]}, "finger1joint2": {"matrix": [[-0.23700203001499176, 0.2966024577617645, -0.9251253604888916, -2.5681443214416504], [0.5529855489730835, 0.8241279721260071, 0.12255614995956421, 0.5279554128646851], [0.7987720966339111, -0.48253488540649414, -0.3593367338180542, 0.08344099670648575], [0.0, 0.0, 0.0, 1.0]]}, "finger1joint3": {"matrix": [[-0.34019485116004944, 0.7647933959960938, -0.5471365451812744, -2.440995931625366], [0.5319451689720154, 0.6363124847412109, 0.5586955547332764, 0.8812455534934998], [0.775436520576477, -0.10098130255937576, -0.6232982277870178, -0.12341377139091492], [0.0, 0.0, 0.0, 1.0]]}, "Bone.001": {"matrix": [[-0.03116634488105774, -0.9595860242843628, 0.2796837389469147, -1.3498387336730957], [0.6802497506141663, -0.22538025677204132, -0.6974695920944214, 0.0738244354724884], [0.732317328453064, 0.16851729154586792, 0.6597824096679688, 0.24483956396579742], [0.0, 0.0, 0.0, 1.0]]}, "finger2joint1": {"matrix": [[-0.7830702662467957, -0.6219228506088257, 0.0035391293931752443, -1.9581046104431152], [0.38349536061286926, -0.4873276650905609, -0.7845016717910767, -0.069040447473526], [0.4896243214607239, -0.6129626631736755, 0.6201164126396179, 0.35165995359420776], [0.0, 0.0, 0.0, 1.0]]}, "finger2joint2": {"matrix": [[-0.8330656290054321, 0.02980247512459755, -0.552370548248291, -2.4961605072021484], [0.40870434045791626, 0.7060679197311401, -0.5782980918884277, -0.4906514585018158], [0.3727765381336212, -0.7075164914131165, -0.6003811955451965, -0.178644061088562], [0.0, 0.0, 0.0, 1.0]]}, "finger2joint3": {"matrix": [[-0.7714390754699707, 0.6164007782936096, 0.1578969955444336, -2.484847068786621], [0.5370181202888489, 0.49759891629219055, 0.6811803579330444, -0.22261649370193481], [0.3413108289241791, 0.6102825999259949, -0.7148857116699219, -0.44722893834114075], [0.0, 0.0, 0.0, 1.0]]}, "Bone.002": {"matrix": [[-0.6958188414573669, -0.6304283738136292, 0.34408724308013916, -1.3498386144638062], [0.34132179617881775, -0.7117853760719299, -0.6138899922370911, 0.0738244354724884], [0.6319300532341003, -0.30971163511276245, 0.7104525566101074, 0.24483957886695862], [0.0, 0.0, 0.0, 1.0]]}, "finger3joint1": {"matrix": [[-0.830992579460144, -0.5148200988769531, 0.21074043214321136, -1.6155706644058228], [0.33257749676704407, -0.7634596824645996, -0.5536438226699829, -0.22620028257369995], [0.4459189772605896, -0.3899862766265869, 0.8056467771530151, 0.11429300904273987], [0.0, 0.0, 0.0, 1.0]]}, "finger3joint2": {"matrix": [[-0.9094845652580261, -0.3248084485530853, -0.2594938576221466, -2.0671610832214355], [0.2288973182439804, 0.12982840836048126, -0.9647542238235474, -0.8958929777145386], [0.34705018997192383, -0.9368263483047485, -0.04372910037636757, -0.22779572010040283], [0.0, 0.0, 0.0, 1.0]]}, "finger3joint3": {"matrix": [[-0.8678738474845886, 0.2139636129140854, -0.44834619760513306, -2.2773385047912598], [0.39403003454208374, 0.8461078405380249, -0.3589455485343933, -0.8118836283683777], [0.3025481104850769, -0.4881814122200012, -0.8186228275299072, -0.8339976072311401], [0.0, 0.0, 0.0, 1.0]]}, "Bone.003": {"matrix": [[-0.6035566329956055, 0.41111132502555847, 0.683159351348877, -1.3498386144638062], [-0.46870970726013184, -0.8760803937911987, 0.11311206966638565, 0.07382440567016602], [0.645004153251648, -0.2519339323043823, 0.7214559316635132, 0.2448395937681198], [0.0, 0.0, 0.0, 1.0]]}, "finger4joint1": {"matrix": [[-0.8024457693099976, -0.5861096382141113, 0.1120530366897583, -1.173628330230713], [0.3718191385269165, -0.6379799246788025, -0.674338161945343, -0.30168062448501587], [0.46672385931015015, -0.49945634603500366, 0.7298710942268372, 0.1368558406829834], [0.0, 0.0, 0.0, 1.0]]}, "finger4joint2": {"matrix": [[-0.8133569359779358, -0.5717350840568542, -0.10755906999111176, -1.7558456659317017], [0.3440059721469879, -0.32356008887290955, -0.8814581632614136, -0.935423731803894], [0.46915891766548157, -0.7539411187171936, 0.4598502516746521, -0.3592836856842041], [0.0, 0.0, 0.0, 1.0]]}, "finger4joint3": {"matrix": [[-0.7613551020622253, -0.5787566304206848, -0.29219621419906616, -1.9942950010299683], [0.38256922364234924, -0.03718617931008339, -0.9231780767440796, -1.0703686475753784], [0.5234299302101135, -0.8146516680717468, 0.24972647428512573, -0.6737244725227356], [0.0, 0.0, 0.0, 1.0]]}}