{"root": {"matrix": [[0.5336868762969971, -0.3917797803878784, 0.7494577765464783, 2.9802322387695312e-08], [0.8250926733016968, 0.046858541667461395, -0.5630509257316589, 0.0], [0.18547353148460388, 0.9188650250434875, 0.34826236963272095, 0.0], [0.0, 0.0, 0.0, 1.0]]}, "carpals": {"matrix": [[-0.6376346349716187, -0.757178008556366, -0.14178557693958282, 0.7391796708106995], [0.5120723247528076, -0.2791132926940918, -0.8123284578323364, 1.9750932455062866], [0.5755031704902649, -0.5905733108520508, 0.5657022595405579, 1.2796897888183594], [0.0, 0.0, 0.0, 1.0]]}, "metacarpals": {"matrix": [[-0.5403704047203064, -0.5481852293014526, 0.638351321220398, 0.0016928911209106445], [-0.3170941472053528, -0.5700494647026062, -0.7579543590545654, 1.7032384872436523], [0.779391348361969, -0.6119936108589172, 0.134211465716362, 0.7044748663902283], [0.0, 0.0, 0.0, 1.0]]}, "finger5joint1": {"matrix": [[-0.23950499296188354, -0.7834143042564392, 0.5734971761703491, -0.4789201021194458], [-0.1857067048549652, -0.5428181290626526, -0.8190612196922302, 1.7453656196594238], [0.9529691338539124, -0.30267152190208435, -0.015477724373340607, 0.1632622331380844], [0.0, 0.0, 0.0, 1.0]]}, "finger5joint2": {"matrix": [[0.6029414534568787, -0.7965923547744751, 0.04360457882285118, -1.3064188957214355], [-0.7973337769508362, -0.5998607873916626, 0.06652352958917618, 1.1720019578933716], [-0.026835551485419273, -0.07487720251083374, -0.9968314170837402, -0.156441330909729], [0.0, 0.0, 0.0, 1.0]]}, "finger5joint3": {"matrix": [[0.5226230621337891, -0.8471519947052002, -0.0959053710103035, -1.8539447784423828], [-0.852299690246582, -0.5163461565971375, -0.08349445462226868, 0.7596966028213501], [0.021212058141827583, 0.125376358628273, -0.9918822646141052, -0.2079070508480072], [0.0, 0.0, 0.0, 1.0]]}, "Bone": {"matrix": [[0.4021643400192261, -0.7188429236412048, 0.5670347213745117, -0.8541764616966248], [0.5762630701065063, -0.2825273871421814, -0.7668761014938354, 0.8132330179214478], [0.711466372013092, 0.6351715922355652, 0.3006201386451721, -0.25101715326309204], [0.0, 0.0, 0.0, 1.0]]}, "finger1joint1": {"matrix": [[-0.45036032795906067, -0.8187400698661804, 0.3561460077762604, -1.4523885250091553], [-0.2589428722858429, -0.2619718015193939, -0.9296876788139343, 0.578117311000824], [0.8544729351997375, -0.5109158754348755, -0.09402523189783096, 0.2775648236274719], [0.0, 0.0, 0.0, 1.0]]}, "finger1joint2": {"matrix": [[-0.5209416151046753, -0.54701828956604, -0.6552789807319641, -1.9151227474212646], [0.04169445112347603, 0.7504491806030273, -0.6596115827560425, 0.43005645275115967], [0.8525733947753906, -0.37094059586524963, -0.3681325316429138, -0.01119375228881836], [0.0, 0.0, 0.0, 1.0]]}, "finger1joint3": {"matrix": [[-0.5642043948173523, -0.049871500581502914, -0.8241274356842041, -2.149620532989502], [-0.052880723029375076, 0.9983072876930237, -0.02420908212661743, 0.7517616748809814], [0.8239399790763855, 0.029921600595116615, -0.5658864974975586, -0.1702098846435547], [0.0, 0.0, 0.0, 1.0]]}, "Bone.001": {"matrix": [[0.1991441547870636, -0.577860414981842, 0.7914660573005676, -0.85417640209198], [0.35200196504592896, -0.7115620374679565, -0.6080902814865112, 0.8132330179214478], [0.9145686626434326, 0.3996953070163727, 0.061704523861408234, -0.25101709365844727], [0.0, 0.0, 0.0, 1.0]]}, "finger2joint1": {"matrix": [[-0.4817693829536438, -0.5291551947593689, 0.6984931230545044, -1.220472812652588], [-0.22678568959236145, -0.6946495771408081, -0.6826638579368591, 0.3621854782104492], [0.846443235874176, -0.48729485273361206, 0.2146560549736023, 0.0023432374000549316], [0.0, 0.0, 0.0, 1.0]]}, "finger2joint2": {"matrix": [[-0.5901273488998413, -0.583534836769104, 0.5578857064247131, -1.6782708168029785], [-0.2246134877204895, -0.5450800657272339, -0.8077352643013, -0.23878982663154602], [0.7754343152046204, -0.6019753217697144, 0.190596804022789, -0.4192393720149994], [0.0, 0.0, 0.0, 1.0]]}, "finger2joint3": {"matrix": [[-0.7006351351737976, -0.6532022953033447, 0.28711795806884766, -1.8997901678085327], [-0.21257245540618896, -0.19303523004055023, -0.9578883647918701, -0.4457111954689026], [0.6811189651489258, -0.732163667678833, -0.0036055902019143105, -0.6477590799331665], [0.0, 0.0, 0.0, 1.0]]}, "Bone.002": {"matrix": [[-0.27265802025794983, -0.45815718173980713, 0.8460196852684021, -0.8541765213012695], [-0.23431739211082458, -0.8212378025054932, -0.5202535390853882, 0.8132330775260925], [0.9331414103507996, -0.340088427066803, 0.11656279861927032, -0.2510170638561249], [0.0, 0.0, 0.0, 1.0]]}, "finger3joint1": {"matrix": [[0.06743254512548447, -0.333193838596344, 0.940443754196167, -1.0472943782806396], [0.46812278032302856, -0.8218316435813904, -0.32473623752593994, 0.46707308292388916], [0.8810867667198181, 0.46214112639427185, 0.10055729746818542, -0.3943677544593811], [0.0, 0.0, 0.0, 1.0]]}, "finger3joint2": {"matrix": [[-0.022635173052549362, -0.9944344758987427, -0.10289520770311356, -1.3395657539367676], [0.3445241451263428, 0.08885844796895981, -0.9345625638961792, -0.2538224458694458], [0.9385045170783997, -0.05660373717546463, 0.3405955135822296, 0.011013897135853767], [0.0, 0.0, 0.0, 1.0]]}, "finger3joint3": {"matrix": [[-0.05431926250457764, -0.6489168405532837, -0.7589177489280701, -1.9830446243286133], [0.5007559061050415, 0.6398529410362244, -0.58295077085495, -0.19632388651371002], [0.8638824224472046, -0.41169804334640503, 0.29019275307655334, -0.025613248348236084], [0.0, 0.0, 0.0, 1.0]]}, "Bone.003": {"matrix": [[0.03773948922753334, 0.42348650097846985, 0.9051159024238586, -0.8541764616966248], [-0.8588889241218567, -0.44921860098838806, 0.24599263072013855, 0.8132331371307373], [0.5107694268226624, -0.7866777777671814, 0.34677454829216003, -0.2510170340538025], [0.0, 0.0, 0.0, 1.0]]}, "finger4joint1": {"matrix": [[-0.2516671121120453, -0.7461032867431641, 0.6164358258247375, -0.6726619601249695], [-0.05478024482727051, -0.6249334812164307, -0.7787534594535828, 0.620689332485199], [0.96626216173172, -0.22975511848926544, 0.11640346050262451, -0.5882024765014648], [0.0, 0.0, 0.0, 1.0]]}, "finger4joint2": {"matrix": [[-0.2567535936832428, -0.9568085074424744, 0.1363617330789566, -1.4138103723526], [-0.08411891758441925, -0.1184324324131012, -0.9893924593925476, -9.402260184288025e-05], [0.9628090262413025, -0.26550066471099854, -0.050077758729457855, -0.8164318203926086], [0.0, 0.0, 0.0, 1.0]]}, "finger4joint3": {"matrix": [[-0.1782965511083603, -0.9733601212501526, -0.14415240287780762, -1.8128597736358643], [-0.059500474482774734, 0.15689717233181, -0.9858207702636719, -0.04948779568076134], [0.9821759462356567, -0.167191281914711, -0.08588961511850357, -0.9271622896194458], [0.0, 0.0, 0.0, 1.0]]}}