{"root": {"matrix": [[0.39450803399086, -0.9121207594871521, 0.11135127395391464, 0.0], [-0.15904290974140167, -0.1871296614408493, -0.96937495470047, 0.0], [0.9050241708755493, 0.3647165894508362, -0.21889057755470276, 0.0], [0.0, 0.0, 0.0, 1.0]]}, "carpals": {"matrix": [[-0.19853422045707703, -0.5464939475059509, -0.8135897517204285, -0.013147830963134766], [0.9582103490829468, 0.06620744615793228, -0.27829697728157043, -0.4338536858558655], [0.20595356822013855, -0.8348416686058044, 0.5105117559432983, 2.428287982940674], [0.0, 0.0, 0.0, 1.0]]}, "metacarpals": {"matrix": [[-0.19703274965286255, -0.6533219218254089, -0.7309913635253906, -0.5454295873641968], [0.9377351999282837, 0.09196729958057404, -0.33495453000068665, -0.3693680167198181], [0.2860606908798218, -0.7514733076095581, 0.5945224165916443, 1.6151573657989502], [0.0, 0.0, 0.0, 1.0]]}, "finger5joint1": {"matrix": [[-0.5010451078414917, -0.6573064923286438, -0.5629401803016663, -0.5829818844795227], [0.8572551608085632, -0.4661118686199188, -0.2187536358833313, -0.34363603591918945], [-0.11860465258359909, -0.5921889543533325, 0.7970225214958191, 0.8915536403656006], [0.0, 0.0, 0.0, 1.0]]}, "finger5joint2": {"matrix": [[-0.3277045488357544, -0.8712193965911865, 0.3654939532279968, -1.2772765159606934], [-0.18165223300457, -0.32153651118278503, -0.929309606552124, -0.8359770774841309], [0.9271524548530579, -0.3709317445755005, -0.05289032310247421, 0.2660408020019531], [0.0, 0.0, 0.0, 1.0]]}, "finger5joint3": {"matrix": [[-0.4272291660308838, -0.8939949870109558, 0.13508345186710358, -1.8760961294174194], [-0.15943700075149536, -0.07257150858640671, -0.9845368266105652, -1.0569804906845093], [0.8899744153022766, -0.44216009974479675, -0.11153154075145721, 0.01108640432357788], [0.0, 0.0, 0.0, 1.0]]}, "Bone": {"matrix": [[0.6744989156723022, -0.18385456502437592, -0.7150163650512695, -1.565446376800537], [0.08264335244894028, 0.9812108874320984, -0.1743418425321579, -0.22578150033950806], [0.733635425567627, 0.058502282947301865, 0.6770201325416565, 0.4418989419937134], [0.0, 0.0, 0.0, 1.0]]}, "finger1joint1": {"matrix": [[0.19080102443695068, -0.920978307723999, -0.3396962881088257, -1.7184480428695679], [0.7103242874145508, 0.3683830499649048, -0.5997775793075562, 0.5907700061798096], [0.6775206923484802, -0.12685614824295044, 0.7244811058044434, 0.4905838072299957], [0.0, 0.0, 0.0, 1.0]]}, "finger1joint2": {"matrix": [[0.3035457730293274, -0.3884815573692322, -0.8700240254402161, -2.2389652729034424], [0.8516921997070312, 0.5200005173683167, 0.06496015936136246, 0.7989722490310669], [0.4271772503852844, -0.7607108950614929, 0.48871079087257385, 0.4188874363899231], [0.0, 0.0, 0.0, 1.0]]}, "finger1joint3": {"matrix": [[0.22792205214500427, 0.6655733585357666, -0.7106781005859375, -2.405500888824463], [0.8342385292053223, 0.2428915947675705, 0.49502503871917725, 1.0218878984451294], [0.5020933747291565, -0.7057021856307983, -0.4998863935470581, 0.09278316795825958], [0.0, 0.0, 0.0, 1.0]]}, "Bone.001": {"matrix": [[0.48321351408958435, -0.6433250308036804, -0.5938326716423035, -1.5654466152191162], [0.38854748010635376, 0.7654004096984863, -0.5130231380462646, -0.22578155994415283], [0.7845605611801147, 0.017167745158076286, 0.6198141574859619, 0.4418989419937134], [0.0, 0.0, 0.0, 1.0]]}, "finger2joint1": {"matrix": [[-0.04241260513663292, -0.24224480986595154, -0.9692875146865845, -1.9732396602630615], [0.8078124523162842, 0.5625675916671753, -0.1759442538022995, 0.25939321517944336], [0.5879116058349609, -0.7904647588729858, 0.1718285083770752, 0.4527812898159027], [0.0, 0.0, 0.0, 1.0]]}, "finger2joint2": {"matrix": [[0.025611290708184242, -0.1053064838051796, -0.9941098093986511, -2.1828176975250244], [0.8681649565696716, 0.49536144733428955, -0.03010733053088188, 0.7460980415344238], [0.4956144690513611, -0.8622801303863525, 0.10411033779382706, -0.23108848929405212], [0.0, 0.0, 0.0, 1.0]]}, "finger2joint3": {"matrix": [[0.1020873561501503, 0.11736428737640381, -0.9878276586532593, -2.2227938175201416], [0.9184464812278748, 0.370347797870636, 0.13891831040382385, 0.9341452717781067], [0.38214409351348877, -0.9214486479759216, -0.06998487561941147, -0.558424174785614], [0.0, 0.0, 0.0, 1.0]]}, "Bone.002": {"matrix": [[-0.09293071925640106, -0.8616348505020142, -0.49894794821739197, -1.565446376800537], [0.8202069401741028, 0.2178456336259842, -0.5289648175239563, -0.22578155994415283], [0.5644684433937073, -0.4583974778652191, 0.6864742636680603, 0.441898912191391], [0.0, 0.0, 0.0, 1.0]]}, "finger3joint1": {"matrix": [[-0.1324327439069748, -0.9883213043212891, -0.07538120448589325, -1.9286341667175293], [0.9226300716400146, -0.09512203186750412, -0.3737720847129822, -0.1339574158191681], [0.3622368574142456, -0.11904852837324142, 0.9244521260261536, 0.2486797720193863], [0.0, 0.0, 0.0, 1.0]]}, "finger3joint2": {"matrix": [[-0.2840172350406647, 0.5162992477416992, -0.8079412579536438, -2.7955715656280518], [0.909778356552124, 0.41115137934684753, -0.0570780448615551, -0.21739672124385834], [0.3027171492576599, -0.7512586116790771, -0.5864918231964111, 0.14425259828567505], [0.0, 0.0, 0.0, 1.0]]}, "finger3joint3": {"matrix": [[-0.11813519150018692, 0.8207189440727234, 0.5589849948883057, -2.461484432220459], [0.9256829619407654, -0.11271142214536667, 0.3611193597316742, 0.04865124076604843], [0.3593818247318268, 0.5601035356521606, -0.7464104294776917, -0.34187203645706177], [0.0, 0.0, 0.0, 1.0]]}, "Bone.003": {"matrix": [[-0.7738111019134521, -0.5616651177406311, 0.29282835125923157, -1.565446376800537], [0.37486156821250916, -0.7787238359451294, -0.5030586123466492, -0.22578150033950806], [0.5105830430984497, -0.27950236201286316, 0.8131317496299744, 0.4418989419937134], [0.0, 0.0, 0.0, 1.0]]}, "finger4joint1": {"matrix": [[-0.08907396346330643, -0.6913905143737793, -0.7169689536094666, -1.8061871528625488], [0.9128022789955139, 0.23138286173343658, -0.3365319073200226, -0.5595577359199524], [0.39856967329978943, -0.6844270825386047, 0.6104927659034729, 0.3220987617969513], [0.0, 0.0, 0.0, 1.0]]}, "finger4joint2": {"matrix": [[-0.11872756481170654, 0.1439925879240036, -0.9824303984642029, -2.4929862022399902], [0.9111976623535156, 0.40890058875083923, -0.05018754303455353, -0.3297114372253418], [0.3944900631904602, -0.9011470079421997, -0.1797533482313156, -0.3577830493450165], [0.0, 0.0, 0.0, 1.0]]}, "finger4joint3": {"matrix": [[-0.11590180546045303, 0.6092780828475952, -0.784440279006958, -2.432932138442993], [0.874690055847168, 0.43680906295776367, 0.21003496646881104, -0.15917420387268066], [0.47062063217163086, -0.6617988348007202, -0.5835564136505127, -0.7336180210113525], [0.0, 0.0, 0.0, 1.0]]}}