{"root": {"matrix": [[0.43268272280693054, -0.721210241317749, -0.5409634709358215, -5.960464477539063e-08], [-0.7331702709197998, 0.06769488751888275, -0.6766673922538757, 0.0], [0.5246398448944092, 0.6894006133079529, -0.4994795322418213, 0.0], [0.0, 0.0, 0.0, 1.0]]}, "carpals": {"matrix": [[0.6396259665489197, -0.7425777912139893, -0.1986372023820877, 0.33338692784309387], [0.49087366461753845, 0.19572395086288452, 0.8489609956741333, -1.515709400177002], [-0.5915415287017822, -0.640523374080658, 0.4897021949291229, 1.9174106121063232], [0.0, 0.0, 0.0, 1.0]]}, "metacarpals": {"matrix": [[0.39576926827430725, -0.5490323901176453, 0.7361589670181274, -0.38987940549850464], [-0.4900890290737152, 0.5516501665115356, 0.6749032139778137, -1.325075387954712], [-0.7766461968421936, -0.6278894543647766, -0.050748493522405624, 1.2935446500778198], [0.0, 0.0, 0.0, 1.0]]}, "finger5joint1": {"matrix": [[0.2668761909008026, -0.6419857740402222, 0.7187706232070923, -1.0754711627960205], [-0.32403165102005005, 0.642626166343689, 0.6942871809005737, -1.2019050121307373], [-0.9076235294342041, -0.41819313168525696, -0.03652200102806091, 1.0923783779144287], [0.0, 0.0, 0.0, 1.0]]}, "finger5joint2": {"matrix": [[0.7685626149177551, -0.42258894443511963, -0.4803433120250702, -1.7535828351974487], [0.637649416923523, 0.5671114921569824, 0.5213320255279541, -0.5231167674064636], [0.05209911987185478, -0.7069668769836426, 0.7053247094154358, 0.6506525874137878], [0.0, 0.0, 0.0, 1.0]]}, "finger5joint3": {"matrix": [[0.751029372215271, -0.38938114047050476, -0.5332323908805847, -2.0440430641174316], [0.6581347584724426, 0.37660154700279236, 0.6519426107406616, -0.133321151137352], [-0.05303797870874405, -0.8405669927597046, 0.5391044616699219, 0.16472946107387543], [0.0, 0.0, 0.0, 1.0]]}, "Bone": {"matrix": [[0.5393256545066833, 0.1763530820608139, 0.8234241008758545, -1.2470712661743164], [-0.6758077144622803, -0.4927399456501007, 0.5481704473495483, -0.4637962877750397], [0.5024055242538452, -0.8521190285682678, -0.1465664803981781, 0.31323492527008057], [0.0, 0.0, 0.0, 1.0]]}, "finger1joint1": {"matrix": [[0.5207310318946838, -0.7595208287239075, 0.3898296356201172, -1.1003124713897705], [-0.5513464212417603, 0.04943995550274849, 0.8328099250793457, -0.8738483786582947], [-0.6518098711967468, -0.6486012935638428, -0.393014132976532, -0.3958880603313446], [0.0, 0.0, 0.0, 1.0]]}, "finger1joint2": {"matrix": [[0.39240458607673645, -0.8815082907676697, 0.2626056671142578, -1.5295772552490234], [-0.7796000242233276, -0.16724449396133423, 0.6035335063934326, -0.8459059596061707], [-0.48810067772865295, -0.44155681133270264, -0.7528513669967651, -0.7624634504318237], [0.0, 0.0, 0.0, 1.0]]}, "finger1joint3": {"matrix": [[0.44905638694763184, -0.8764250874519348, -0.17386029660701752, -1.9074652194976807], [-0.7078070044517517, -0.4676836431026459, 0.5294156670570374, -0.9176008701324463], [-0.545305073261261, -0.1146780252456665, -0.8303561210632324, -0.9517515897750854], [0.0, 0.0, 0.0, 1.0]]}, "Bone.001": {"matrix": [[0.6602822542190552, 0.23881980776786804, 0.7120338678359985, -1.247071385383606], [-0.7330044507980347, -0.0014700416941195726, 0.6802218556404114, -0.4637962579727173], [0.1634971648454666, -0.9710626602172852, 0.17408548295497894, 0.31323492527008057], [0.0, 0.0, 0.0, 1.0]]}, "finger2joint1": {"matrix": [[0.5431817173957825, -0.49647560715675354, 0.6771007180213928, -1.0956873893737793], [-0.5995612740516663, 0.33519259095191956, 0.7267541885375977, -0.46472811698913574], [-0.5877750515937805, -0.800723135471344, -0.11559701710939407, -0.3023058772087097], [0.0, 0.0, 0.0, 1.0]]}, "finger2joint2": {"matrix": [[0.4311523735523224, -0.8942043781280518, 0.12044072151184082, -1.5252127647399902], [-0.6313778162002563, -0.20364397764205933, 0.7482584714889526, -0.17473655939102173], [-0.6445692777633667, -0.39865708351135254, -0.6523824334144592, -0.9950506687164307], [0.0, 0.0, 0.0, 1.0]]}, "finger2joint3": {"matrix": [[0.3132462203502655, -0.7278950810432434, -0.6099551916122437, -1.8646674156188965], [-0.7148851156234741, -0.6035373210906982, 0.35310250520706177, -0.2520431876182556], [-0.625152587890625, 0.3254398703575134, -0.7094172835350037, -1.1463874578475952], [0.0, 0.0, 0.0, 1.0]]}, "Bone.002": {"matrix": [[0.6285037398338318, -0.20372173190116882, 0.7506533861160278, -1.2470712661743164], [-0.5370308756828308, 0.584475040435791, 0.6082651019096375, -0.4637962877750397], [-0.5626551508903503, -0.7854208946228027, 0.25793999433517456, 0.3132348954677582], [0.0, 0.0, 0.0, 1.0]]}, "finger3joint1": {"matrix": [[0.45660120248794556, -0.021557822823524475, 0.8894102573394775, -1.332942008972168], [-0.551331639289856, 0.77774977684021, 0.30189138650894165, -0.21743416786193848], [-0.6982470154762268, -0.6282038688659668, 0.3432359993457794, -0.017827868461608887], [0.0, 0.0, 0.0, 1.0]]}, "finger3joint2": {"matrix": [[0.4125972390174866, -0.800438404083252, 0.4348124563694, -1.351852297782898], [-0.4327068626880646, 0.24781885743141174, 0.8668046593666077, 0.4647935926914215], [-0.8015786409378052, -0.5457874536514282, -0.24410568177700043, -0.5688767433166504], [0.0, 0.0, 0.0, 1.0]]}, "finger3joint3": {"matrix": [[0.2933730185031891, -0.9554363489151001, -0.03276738524436951, -1.8698002099990845], [-0.5594742298126221, -0.19938154518604279, 0.8045093417167664, 0.6251522898674011], [-0.7751908302307129, -0.21768884360790253, -0.5930350422859192, -0.9220449924468994], [0.0, 0.0, 0.0, 1.0]]}, "Bone.003": {"matrix": [[0.7188735604286194, -0.18237844109535217, 0.6707897782325745, -1.247071385383606], [0.26954707503318787, 0.962604284286499, -0.027149975299835205, -0.4637962877750397], [-0.6407535076141357, 0.20032699406147003, 0.741150438785553, 0.3132348954677582], [0.0, 0.0, 0.0, 1.0]]}, "finger4joint1": {"matrix": [[0.5933716297149658, -0.2932369112968445, 0.7496145963668823, -1.325242280960083], [-0.6859434247016907, 0.3030797243118286, 0.661531388759613, -0.051205381751060486], [-0.4211786091327667, -0.9067272543907166, -0.021304909139871597, 0.3990989327430725], [0.0, 0.0, 0.0, 1.0]]}, "finger4joint2": {"matrix": [[0.6008582711219788, -0.6881981492042542, 0.40663549304008484, -1.6165318489074707], [-0.6659134030342102, -0.14954286813735962, 0.7308869361877441, 0.24986161291599274], [-0.44218581914901733, -0.7099435925483704, -0.548134446144104, -0.501606822013855], [0.0, 0.0, 0.0, 1.0]]}, "finger4joint3": {"matrix": [[0.6499727964401245, -0.7424086928367615, 0.1623714417219162, -1.9035537242889404], [-0.6617981791496277, -0.4479207694530487, 0.6011568903923035, 0.18749283254146576], [-0.37357473373413086, -0.4981928765773773, -0.7824610471725464, -0.797697901725769], [0.0, 0.0, 0.0, 1.0]]}}