{"root": {"matrix": [[0.12597720324993134, -0.761857807636261, -0.6353757977485657, -5.960464477539063e-08], [-0.9919900894165039, -0.0907779261469841, -0.08783505856990814, 0.0], [0.009239654056727886, 0.6413516998291016, -0.7671914100646973, 0.0], [0.0, 0.0, 0.0, 1.0]]}, "carpals": {"matrix": [[0.07933911681175232, -0.9960528612136841, -0.039797283709049225, -0.3893917202949524], [0.9885180592536926, 0.0734633058309555, 0.13204115629196167, -2.3223397731781006], [-0.12859638035297394, -0.04981639236211777, 0.9904448986053467, 0.7349132299423218], [0.0, 0.0, 0.0, 1.0]]}, "metacarpals": {"matrix": [[0.7486281394958496, -0.47597795724868774, 0.46151992678642273, -1.3595411777496338], [0.19653144478797913, 0.8241515159606934, 0.5311773419380188, -2.250786781311035], [-0.6331911683082581, -0.30695122480392456, 0.710527777671814, 0.6863923668861389], [0.0, 0.0, 0.0, 1.0]]}, "finger5joint1": {"matrix": [[0.5227917432785034, -0.6685194969177246, 0.5289331674575806, -1.9523801803588867], [0.49188584089279175, 0.7433331608772278, 0.4533252716064453, -2.0334625244140625], [-0.6962304711341858, 0.023180000483989716, 0.7174438238143921, 0.33003997802734375], [0.0, 0.0, 0.0, 1.0]]}, "finger5joint2": {"matrix": [[0.5747933983802795, 0.2682414948940277, -0.7730838656425476, -2.6585185527801514], [0.15962323546409607, 0.8898422122001648, 0.4274347722530365, -1.248300313949585], [0.8025786876678467, -0.36908894777297974, 0.46865805983543396, 0.3545243442058563], [0.0, 0.0, 0.0, 1.0]]}, "finger5joint3": {"matrix": [[0.6390108466148376, 0.6905418634414673, -0.3388460576534271, -2.474146842956543], [0.21822243928909302, 0.25966876745224, 0.9407179951667786, -0.6366804838180542], [0.7375931143760681, -0.6750730872154236, 0.015239441767334938, 0.10083656013011932], [0.0, 0.0, 0.0, 1.0]]}, "Bone": {"matrix": [[0.5451434254646301, 0.5756681561470032, 0.6094461679458618, -2.102674961090088], [-0.8258376121520996, 0.24365875124931335, 0.508549153804779, -0.9640575051307678], [0.1442587673664093, -0.7805359363555908, 0.6082375049591064, 0.207156240940094], [0.0, 0.0, 0.0, 1.0]]}, "finger1joint1": {"matrix": [[0.8147062063217163, -0.5048319697380066, 0.28530383110046387, -1.6236109733581543], [0.10299433767795563, 0.6101650595664978, 0.7855510115623474, -0.7612876892089844], [-0.5706537961959839, -0.6106087565422058, 0.5491001605987549, -0.4423961043357849], [0.0, 0.0, 0.0, 1.0]]}, "finger1joint2": {"matrix": [[0.6990916132926941, -0.5401723384857178, -0.4684918224811554, -1.9089311361312866], [-0.15328720211982727, -0.7531903982162476, 0.6396928429603577, -0.4164356589317322], [-0.6984080672264099, -0.3753901720046997, -0.6093507409095764, -0.787498950958252], [0.0, 0.0, 0.0, 1.0]]}, "finger1joint3": {"matrix": [[0.667396068572998, -0.22519473731517792, -0.709837794303894, -2.1404941082000732], [-0.05997944995760918, -0.9663404226303101, 0.2501765489578247, -0.7393160462379456], [-0.7422835826873779, -0.12439116090536118, -0.6584389805793762, -0.9484225511550903], [0.0, 0.0, 0.0, 1.0]]}, "Bone.001": {"matrix": [[0.7755721211433411, 0.5119005441665649, 0.3693852126598358, -2.102674961090088], [-0.6286203861236572, 0.6797420382499695, 0.3778713643550873, -0.9640575647354126], [-0.05765403062105179, -0.5252696871757507, 0.8489802479743958, 0.20715628564357758], [0.0, 0.0, 0.0, 1.0]]}, "finger2joint1": {"matrix": [[0.7917597889900208, -0.08352302014827728, 0.6050950288772583, -1.7781895399093628], [0.0805201455950737, 0.9962340593338013, 0.032153330743312836, -0.5331802368164062], [-0.6055018901824951, 0.023264586925506592, 0.7955036163330078, -0.12580356001853943], [0.0, 0.0, 0.0, 1.0]]}, "finger2joint2": {"matrix": [[0.7216421365737915, -0.2439756542444229, 0.6478490233421326, -1.8504494428634644], [0.16696390509605408, 0.9695513248443604, 0.1791447550058365, 0.3287107050418854], [-0.6718299984931946, -0.021111037582159042, 0.7404043674468994, -0.10567624121904373], [0.0, 0.0, 0.0, 1.0]]}, "finger2joint3": {"matrix": [[0.6281031966209412, -0.4759216010570526, 0.6156173348426819, -1.9430665969848633], [0.2603875994682312, 0.8740919828414917, 0.41007447242736816, 0.6967682838439941], [-0.7332696318626404, -0.09727002680301666, 0.672944188117981, -0.1136903315782547], [0.0, 0.0, 0.0, 1.0]]}, "Bone.002": {"matrix": [[0.9069256782531738, -0.1283453106880188, 0.4012645184993744, -2.102674961090088], [0.017515992745757103, 0.9631287455558777, 0.26846957206726074, -0.9640575647354126], [-0.4209262430667877, -0.23645342886447906, 0.8757343888282776, 0.20715630054473877], [0.0, 0.0, 0.0, 1.0]]}, "finger3joint1": {"matrix": [[0.8321611881256104, 0.334936261177063, 0.44195646047592163, -2.156773805618286], [-0.44419005513191223, 0.8797193765640259, 0.16967231035232544, -0.5580891370773315], [-0.3319683372974396, -0.337507426738739, 0.8808436989784241, 0.10748879611492157], [0.0, 0.0, 0.0, 1.0]]}, "finger3joint2": {"matrix": [[0.8568739295005798, -0.2123682051897049, 0.46975186467170715, -1.862973928451538], [-0.3057420253753662, 0.524317741394043, 0.7947404980659485, 0.21358445286750793], [-0.4150769114494324, -0.8246152997016907, 0.3843443989753723, -0.1885664463043213], [0.0, 0.0, 0.0, 1.0]]}, "finger3joint3": {"matrix": [[0.7540687918663025, -0.5546032190322876, 0.351845920085907, -2.0003931522369385], [-0.40863925218582153, 0.023227784782648087, 0.9124001860618591, 0.5528601408004761], [-0.5141927599906921, -0.8317906856536865, -0.2091173380613327, -0.7221587896347046], [0.0, 0.0, 0.0, 1.0]]}, "Bone.003": {"matrix": [[0.7554357051849365, -0.5310509204864502, 0.3837990462779999, -2.102674961090088], [0.6516017317771912, 0.5473940372467041, -0.5251425504684448, -0.9640575051307678], [0.06878815591335297, 0.6467956304550171, 0.7595548629760742, 0.20715630054473877], [0.0, 0.0, 0.0, 1.0]]}, "finger4joint1": {"matrix": [[0.861847996711731, 0.2351338416337967, 0.44936609268188477, -2.330293655395508], [-0.47505083680152893, 0.6845548748970032, 0.552911102771759, -0.7294337749481201], [-0.1776076704263687, -0.6899972558021545, 0.701682984828949, 0.48438549041748047], [0.0, 0.0, 0.0, 1.0]]}, "finger4joint2": {"matrix": [[0.8755280375480652, -0.09005701541900635, 0.4746999442577362, -2.0967214107513428], [-0.448468416929245, 0.21412762999534607, 0.8677700161933899, -0.04942503198981285], [-0.17979516088962555, -0.9726452231407166, 0.14708712697029114, -0.20102950930595398], [0.0, 0.0, 0.0, 1.0]]}, "finger4joint3": {"matrix": [[0.8729457259178162, -0.1526024341583252, 0.46333345770835876, -2.1342806816101074], [-0.4773619771003723, -0.07163981348276138, 0.8757811784744263, 0.039879653602838516], [-0.1004531979560852, -0.9856875538825989, -0.1353842318058014, -0.6066837310791016], [0.0, 0.0, 0.0, 1.0]]}}