{"root": {"matrix": [[0.5467883944511414, -0.8371713161468506, 0.012908941134810448, 0.0], [-0.8311607241630554, -0.5445928573608398, -0.11220726370811462, 0.0], [0.10096675902605057, 0.05062418058514595, -0.9936009645462036, 0.0], [0.0, 0.0, 0.0, 1.0]]}, "carpals": {"matrix": [[-0.6426785588264465, -0.7325272560119629, -0.22442777454853058, 0.41565942764282227], [0.026989437639713287, 0.27110564708709717, -0.9621709585189819, -2.400089740753174], [0.7656602263450623, -0.6244240403175354, -0.15446330606937408, 0.38959237933158875], [0.0, 0.0, 0.0, 1.0]]}, "metacarpals": {"matrix": [[-0.7974334359169006, -0.5918920636177063, -0.11731792986392975, -0.29781776666641235], [-0.39983153343200684, 0.6639305353164673, -0.6319261193275452, -2.1360344886779785], [0.45192310214042664, -0.45701175928115845, -0.7660976648330688, -0.2185928225517273], [0.0, 0.0, 0.0, 1.0]]}, "finger5joint1": {"matrix": [[-0.7032876014709473, -0.7107635736465454, -0.014193096198141575, -0.4474095106124878], [-0.4841747581958771, 0.4935096204280853, -0.7225114107131958, -1.4270389080047607], [0.5205393433570862, -0.5012615323066711, -0.691213071346283, -0.24354475736618042], [0.0, 0.0, 0.0, 1.0]]}, "finger5joint2": {"matrix": [[0.2982757091522217, -0.9422103762626648, 0.1525464951992035, -1.198169231414795], [-0.7467292547225952, -0.1308095008134842, 0.652137815952301, -0.9057583808898926], [-0.5944967865943909, -0.3084278702735901, -0.7425937652587891, -0.7730134725570679], [0.0, 0.0, 0.0, 1.0]]}, "finger5joint3": {"matrix": [[0.20016001164913177, -0.9726507067680359, -0.11783858388662338, -1.8457834720611572], [-0.7904453277587891, -0.2313760668039322, 0.5671513676643372, -0.9956684112548828], [-0.5789054036140442, -0.02037600241601467, -0.8151398301124573, -0.9850067496299744], [0.0, 0.0, 0.0, 1.0]]}, "Bone": {"matrix": [[0.4693897068500519, -0.8557401299476624, -0.21767383813858032, -1.2219254970550537], [-0.6618708372116089, -0.17781123518943787, -0.7282236814498901, -1.099454402923584], [0.584465503692627, 0.48589277267456055, -0.6498523354530334, -0.9321151375770569], [0.0, 0.0, 0.0, 1.0]]}, "finger1joint1": {"matrix": [[0.3675787150859833, -0.9291107654571533, -0.040482647716999054, -1.9340617656707764], [-0.8419355750083923, -0.31396999955177307, -0.4388245642185211, -1.2474267482757568], [0.39500635862350464, 0.19538640975952148, -0.8976602554321289, -0.5277611613273621], [0.0, 0.0, 0.0, 1.0]]}, "finger1joint2": {"matrix": [[0.38095882534980774, -0.2411428987979889, -0.8925919532775879, -2.4591753482818604], [-0.6619057655334473, 0.6029188632965088, -0.4453866481781006, -1.4248758554458618], [0.645562469959259, 0.7604858875274658, 0.07007341831922531, -0.4173329472541809], [0.0, 0.0, 0.0, 1.0]]}, "finger1joint3": {"matrix": [[0.2971937656402588, 0.9548118710517883, -0.0031717815436422825, -2.562549114227295], [-0.7252797484397888, 0.2279079407453537, 0.6496360301971436, -1.166414499282837], [0.6210032105445862, -0.19076737761497498, 0.7602386474609375, -0.09132517129182816], [0.0, 0.0, 0.0, 1.0]]}, "Bone.001": {"matrix": [[0.12306312471628189, -0.9864383935928345, 0.10860200226306915, -1.2219254970550537], [-0.7639603614807129, -0.16401495039463043, -0.6240699291229248, -1.0994545221328735], [0.6334190368652344, -0.006167668383568525, -0.7737842202186584, -0.9321151375770569], [0.0, 0.0, 0.0, 1.0]]}, "finger2joint1": {"matrix": [[-0.7142938375473022, -0.6740576028823853, 0.18822936713695526, -1.847212791442871], [-0.46578288078308105, 0.25714346766471863, -0.846713125705719, -1.2034207582473755], [0.5223315358161926, -0.692476212978363, -0.4976406395435333, -0.9360246658325195], [0.0, 0.0, 0.0, 1.0]]}, "finger2joint2": {"matrix": [[-0.7866488695144653, -0.12034015357494354, -0.6055588722229004, -2.430372953414917], [-0.3603721261024475, 0.8858981728553772, 0.29208892583847046, -0.9809534549713135], [0.5013136267662048, 0.4479980766773224, -0.7402582168579102, -1.5351197719573975], [0.0, 0.0, 0.0, 1.0]]}, "finger2joint3": {"matrix": [[-0.7379840016365051, 0.5691274404525757, -0.36259230971336365, -2.4760560989379883], [-0.2810314893722534, 0.22930476069450378, 0.9319013953208923, -0.6446520090103149], [0.6135149598121643, 0.7896283864974976, -0.009280449710786343, -1.3650522232055664], [0.0, 0.0, 0.0, 1.0]]}, "Bone.002": {"matrix": [[-0.6013225317001343, -0.776014506816864, 0.19029557704925537, -1.2219256162643433], [-0.6520293951034546, 0.338934063911438, -0.6782190799713135, -1.099454402923584], [0.46181029081344604, -0.5319068431854248, -0.7097931504249573, -0.9321150779724121], [0.0, 0.0, 0.0, 1.0]]}, "finger3joint1": {"matrix": [[-0.7340463995933533, -0.6306085586547852, -0.2520090639591217, -1.5490235090255737], [-0.4667165279388428, 0.738024115562439, -0.48733553290367126, -0.9565903544425964], [0.4933069050312042, -0.2401101291179657, -0.8360594511032104, -1.1563191413879395], [0.0, 0.0, 0.0, 1.0]]}, "finger3joint2": {"matrix": [[-0.8141893148422241, -0.19792033731937408, -0.545823335647583, -2.1021816730499268], [-0.32488587498664856, 0.9344496726989746, 0.14578309655189514, -0.3092092275619507], [0.48119115829467773, 0.2960253059864044, -0.8251206874847412, -1.3669394254684448], [0.0, 0.0, 0.0, 1.0]]}, "finger3joint3": {"matrix": [[-0.7196089625358582, 0.1517000049352646, -0.6776059865951538, -2.2302517890930176], [-0.2980068624019623, 0.8139349222183228, 0.4987000524997711, 0.2954547107219696], [0.6271800994873047, 0.560800313949585, -0.5405072569847107, -1.1753871440887451], [0.0, 0.0, 0.0, 1.0]]}, "Bone.003": {"matrix": [[-0.6981422901153564, 0.19942669570446014, 0.6876235604286194, -1.2219256162643433], [-0.6260400414466858, 0.2959486246109009, -0.7214486002922058, -1.099454402923584], [-0.34737738966941833, -0.9341538548469543, -0.08176518231630325, -0.9321150779724121], [0.0, 0.0, 0.0, 1.0]]}, "finger4joint1": {"matrix": [[-0.4528742730617523, -0.8828882575035095, -0.12414813041687012, -1.1364473104476929], [-0.6566358804702759, 0.42448073625564575, -0.6234140396118164, -0.9726051092147827], [0.6031036376953125, -0.2008080780506134, -0.7719727158546448, -1.3325116634368896], [0.0, 0.0, 0.0, 1.0]]}, "finger4joint2": {"matrix": [[-0.4753066897392273, -0.32359620928764343, -0.8181494474411011, -2.013472557067871], [-0.6586486101150513, 0.7474003434181213, 0.0870305746793747, -0.5509433746337891], [0.5833225846290588, 0.5802394151687622, -0.5683807730674744, -1.5319859981536865], [0.0, 0.0, 0.0, 1.0]]}, "finger4joint3": {"matrix": [[-0.4347429573535919, -0.11697792261838913, -0.8929244875907898, -2.148432493209839], [-0.7196998000144958, 0.6411369442939758, 0.26641157269477844, -0.2392304241657257], [0.5413227677345276, 0.7584584951400757, -0.362918883562088, -1.289989709854126], [0.0, 0.0, 0.0, 1.0]]}}