{"root": {"matrix": [[0.2388933002948761, -0.8671253323554993, 0.43706247210502625, -5.960464477539063e-08], [0.3977643549442291, -0.32321658730506897, -0.8586702346801758, 0.0], [0.8858405947685242, 0.3789784014225006, 0.26769721508026123, 0.0], [0.0, 0.0, 0.0, 1.0]]}, "carpals": {"matrix": [[-0.6776492595672607, -0.18564602732658386, -0.7115664482116699, -0.35764279961586], [0.7277854681015015, -0.30805203318595886, -0.6127251386642456, 0.6797011494636536], [-0.10544934123754501, -0.9330804944038391, 0.34386172890663147, 2.3441596031188965], [0.0, 0.0, 0.0, 1.0]]}, "metacarpals": {"matrix": [[-0.789223313331604, -0.5449625849723816, -0.28309381008148193, -0.5384610295295715], [0.5820581912994385, -0.5168399214744568, -0.6277616024017334, 0.37966036796569824], [0.1957925707101822, -0.6602211594581604, 0.7251020073890686, 1.4353446960449219], [0.0, 0.0, 0.0, 1.0]]}, "finger5joint1": {"matrix": [[-0.6658974885940552, -0.6630616188049316, -0.3419496715068817, -0.5945172905921936], [0.601060152053833, -0.20530183613300323, -0.7723844647407532, 0.24082517623901367], [0.4419357180595398, -0.7198610901832581, 0.5352498292922974, 0.7259383797645569], [0.0, 0.0, 0.0, 1.0]]}, "finger5joint2": {"matrix": [[-0.46331506967544556, -0.8858364224433899, -0.025144679471850395, -1.2948908805847168], [-0.7240277528762817, 0.3947412371635437, -0.56565260887146, 0.02397054433822632], [0.511001467704773, -0.24386967718601227, -0.8242599368095398, -0.034430891275405884], [0.0, 0.0, 0.0, 1.0]]}, "finger5joint3": {"matrix": [[-0.5418991446495056, -0.7182780504226685, -0.4363727867603302, -1.9037573337554932], [-0.6517701148986816, 0.6869627237319946, -0.32136839628219604, 0.2952899932861328], [0.53060382604599, 0.11026577651500702, -0.8404167294502258, -0.2020510882139206], [0.0, 0.0, 0.0, 1.0]]}, "Bone": {"matrix": [[0.43848180770874023, -0.8135037422180176, -0.3820277452468872, -1.3892987966537476], [0.651760458946228, 0.5805068612098694, -0.48807787895202637, -0.4272702634334564], [0.6188228726387024, -0.03497718274593353, 0.7847511768341064, 0.40455615520477295], [0.0, 0.0, 0.0, 1.0]]}, "finger1joint1": {"matrix": [[-0.7192582488059998, -0.6907072067260742, -0.07477259635925293, -2.066286563873291], [0.6172659993171692, -0.585944414138794, -0.5250254273414612, 0.055820345878601074], [0.3188263475894928, -0.42378339171409607, 0.8477953672409058, 0.3754485845565796], [0.0, 0.0, 0.0, 1.0]]}, "finger1joint2": {"matrix": [[-0.6483817100524902, 0.060276612639427185, -0.7589253783226013, -2.4566593170166016], [0.7593992352485657, 0.12188895046710968, -0.639105498790741, -0.275342732667923], [0.053981587290763855, -0.9907116293907166, -0.1248045265674591, 0.13593539595603943], [0.0, 0.0, 0.0, 1.0]]}, "finger1joint3": {"matrix": [[-0.7236794829368591, 0.6614561080932617, 0.19688500463962555, -2.4308197498321533], [0.6857852339744568, 0.6572478413581848, 0.3126082122325897, -0.22309091687202454], [0.07737445086240768, 0.3612489104270935, -0.9292535185813904, -0.28876638412475586], [0.0, 0.0, 0.0, 1.0]]}, "Bone.001": {"matrix": [[0.0891154408454895, -0.9941921830177307, -0.06033245846629143, -1.3892987966537476], [0.7473313212394714, 0.10678587853908539, -0.6558143496513367, -0.42727023363113403], [0.6584482192993164, 0.013354935683310032, 0.752507209777832, 0.40455615520477295], [0.0, 0.0, 0.0, 1.0]]}, "finger2joint1": {"matrix": [[-0.6012111306190491, -0.2482854723930359, -0.7595387697219849, -2.019500970840454], [0.5744185447692871, 0.5264855623245239, -0.6267823576927185, -0.35958045721054077], [0.555507242679596, -0.8131216764450073, -0.17390917241573334, 0.41302165389060974], [0.0, 0.0, 0.0, 1.0]]}, "finger2joint2": {"matrix": [[-0.5484263300895691, -0.08203420042991638, -0.8321650624275208, -2.2343051433563232], [0.6751303672790527, 0.5437461137771606, -0.4985368549823761, 0.09590800106525421], [0.4933837652206421, -0.8352305293083191, -0.2428208738565445, -0.29044973850250244], [0.0, 0.0, 0.0, 1.0]]}, "finger2joint3": {"matrix": [[-0.47765135765075684, 0.17946259677410126, -0.8600244522094727, -2.265446424484253], [0.7748682498931885, 0.5473942160606384, -0.3161305785179138, 0.30232301354408264], [0.41403892636299133, -0.8174058198928833, -0.4005233943462372, -0.607516884803772], [0.0, 0.0, 0.0, 1.0]]}, "Bone.002": {"matrix": [[-0.6283993124961853, -0.7776347994804382, 0.019955776631832123, -1.3892987966537476], [0.6203468441963196, -0.5164446234703064, -0.5903005003929138, -0.4272702932357788], [0.4693444073200226, -0.3585648238658905, 0.8069366812705994, 0.40455615520477295], [0.0, 0.0, 0.0, 1.0]]}, "finger3joint1": {"matrix": [[-0.7290818095207214, -0.5828247666358948, 0.3588242828845978, -1.7170798778533936], [0.6312689781188965, -0.7752075791358948, 0.023511206731200218, -0.6449568867683411], [0.26446059346199036, 0.2436562180519104, 0.9331087470054626, 0.2534174919128418], [0.0, 0.0, 0.0, 1.0]]}, "finger3joint2": {"matrix": [[-0.8254312872886658, -0.3116573393344879, -0.4706725776195526, -2.228322744369507], [0.4993562698364258, -0.014279548078775406, -0.866279125213623, -1.3249545097351074], [0.26326143741607666, -0.9500870704650879, 0.16741487383842468, 0.4671482443809509], [0.0, 0.0, 0.0, 1.0]]}, "finger3joint3": {"matrix": [[-0.7489573955535889, 0.6419672966003418, -0.16413573920726776, -2.429990291595459], [0.6365897059440613, 0.7658576965332031, 0.09063965827226639, -1.334194540977478], [0.18389248847961426, -0.0366019606590271, -0.9822645783424377, -0.1476343870162964], [0.0, 0.0, 0.0, 1.0]]}, "Bone.003": {"matrix": [[-0.8087464570999146, 0.13364377617835999, 0.5727725028991699, -1.389298915863037], [-0.16926458477973938, -0.9855291247367859, -0.009047851897776127, -0.42727020382881165], [0.5632748007774353, -0.10426758974790573, 0.8196642398834229, 0.40455615520477295], [0.0, 0.0, 0.0, 1.0]]}, "finger4joint1": {"matrix": [[-0.6782212257385254, -0.6790950894355774, -0.28079426288604736, -1.3320165872573853], [0.6665413975715637, -0.40760138630867004, -0.6241662502288818, -0.8496871590614319], [0.3094162940979004, -0.6104837656021118, 0.7290889620780945, 0.35986506938934326], [0.0, 0.0, 0.0, 1.0]]}, "finger4joint2": {"matrix": [[-0.6989056468009949, -0.3593871295452118, -0.61836177110672, -2.006601572036743], [0.6448456645011902, 0.05733117088675499, -0.7621594071388245, -1.2545816898345947], [0.30936187505722046, -0.9314254522323608, 0.19168023765087128, -0.24656453728675842], [0.0, 0.0, 0.0, 1.0]]}, "finger4joint3": {"matrix": [[-0.6574915051460266, -0.16482718288898468, -0.7352117896080017, -2.1564888954162598], [0.6489282846450806, 0.3719744086265564, -0.6637219786643982, -1.2306710481643677], [0.3828795850276947, -0.9134913682937622, -0.13760891556739807, -0.6350275278091431], [0.0, 0.0, 0.0, 1.0]]}}