{"root": {"matrix": [[0.45255690813064575, -0.7971863746643066, 0.39960747957229614, 0.0], [0.25496914982795715, -0.313737690448761, -0.9146361947059631, -2.9802322387695312e-08], [0.8545074462890625, 0.5158124566078186, 0.06127370521426201, 5.960464477539063e-08], [0.0, 0.0, 0.0, 1.0]]}, "carpals": {"matrix": [[-0.5420721769332886, -0.617211103439331, -0.5702700614929199, 0.19822019338607788], [0.8183554410934448, -0.23354773223400116, -0.5251187682151794, 0.3723437190055847], [0.1909240335226059, -0.751335859298706, 0.6316977739334106, 2.430443286895752], [0.0, 0.0, 0.0, 1.0]]}, "metacarpals": {"matrix": [[-0.7230639457702637, -0.5921949148178101, -0.355645090341568, -0.4029395580291748], [0.6272469758987427, -0.34718284010887146, -0.6971550583839417, 0.14486965537071228], [0.28937801718711853, -0.7271650433540344, 0.6224877834320068, 1.6986465454101562], [0.0, 0.0, 0.0, 1.0]]}, "finger5joint1": {"matrix": [[-0.4678979218006134, -0.7568020820617676, -0.4564228355884552, -0.4677134156227112], [0.5842573642730713, 0.1226128488779068, -0.8022526502609253, 0.12346968054771423], [0.6631100177764893, -0.6420406103134155, 0.3847968578338623, 0.9768286347389221], [0.0, 0.0, 0.0, 1.0]]}, "finger5joint2": {"matrix": [[-0.4263375997543335, -0.8539950847625732, 0.2982078194618225, -1.2671024799346924], [-0.8171964287757874, 0.22227580845355988, -0.531773567199707, 0.2529822587966919], [0.3878476321697235, -0.4704092741012573, -0.7926467061042786, 0.29865893721580505], [0.0, 0.0, 0.0, 1.0]]}, "finger5joint3": {"matrix": [[-0.5199688673019409, -0.8468025326728821, 0.11205852031707764, -1.8540832996368408], [-0.7623557448387146, 0.40088579058647156, -0.5080392360687256, 0.4057602286338806], [0.3852863013744354, -0.3495928645133972, -0.8540132641792297, -0.02466985583305359], [0.0, 0.0, 0.0, 1.0]]}, "Bone": {"matrix": [[0.5013309121131897, -0.7454139590263367, -0.43934619426727295, -1.3275201320648193], [0.49760347604751587, 0.6637758612632751, -0.558383584022522, -0.39717918634414673], [0.7078543305397034, 0.06131497398018837, 0.7036918997764587, 0.5633401274681091], [0.0, 0.0, 0.0, 1.0]]}, "finger1joint1": {"matrix": [[-0.320171594619751, -0.5581040382385254, -0.7655127644538879, -1.9478447437286377], [0.47059476375579834, 0.6076087355613708, -0.6398062705993652, 0.15520688891410828], [0.8222107887268066, -0.5650939345359802, 0.06810180842876434, 0.6143656969070435], [0.0, 0.0, 0.0, 1.0]]}, "finger1joint2": {"matrix": [[-0.060676198452711105, -0.07218652963638306, -0.9955437183380127, -2.263273000717163], [0.6307963728904724, 0.7701979279518127, -0.09429238736629486, 0.49861425161361694], [0.7735724449157715, -0.6337065100669861, -0.001197552541270852, 0.2949868142604828], [0.0, 0.0, 0.0, 1.0]]}, "finger1joint3": {"matrix": [[-0.15849658846855164, 0.3544597923755646, -0.9215404987335205, -2.294218063354492], [0.5893208980560303, 0.782817542552948, 0.19974385201931, 0.8287854194641113], [0.7921993732452393, -0.5114242434501648, -0.3329642713069916, 0.02332727611064911], [0.0, 0.0, 0.0, 1.0]]}, "Bone.001": {"matrix": [[0.16406883299350739, -0.9768214225769043, -0.13748088479042053, -1.3275203704833984], [0.6232873797416687, 0.21067914366722107, -0.753078281879425, -0.39717918634414673], [0.7645874619483948, 0.03786671906709671, 0.643406331539154, 0.5633401274681091], [0.0, 0.0, 0.0, 1.0]]}, "finger2joint1": {"matrix": [[-0.5024595856666565, -0.8103727102279663, -0.3013802468776703, -1.9467113018035889], [0.6834746599197388, -0.15880034863948822, -0.7124918103218079, -0.2636330723762512], [0.5295248031616211, -0.5639840960502625, 0.6336600184440613, 0.5873432159423828], [0.0, 0.0, 0.0, 1.0]]}, "finger2joint2": {"matrix": [[-0.5436738133430481, 0.08957942575216293, -0.8345022201538086, -2.6478044986724854], [0.7292202115058899, 0.5426694750785828, -0.4168303906917572, -0.40101903676986694], [0.41551971435546875, -0.8351556062698364, -0.36035823822021484, 0.09941297769546509], [0.0, 0.0, 0.0, 1.0]]}, "finger2joint3": {"matrix": [[-0.4530569016933441, 0.8899969458580017, -0.05142451822757721, -2.6137988567352295], [0.8209591507911682, 0.439008504152298, 0.3650991916656494, -0.19501280784606934], [0.3475131690502167, 0.1231931746006012, -0.9295469522476196, -0.21762579679489136], [0.0, 0.0, 0.0, 1.0]]}, "Bone.002": {"matrix": [[-0.5613585114479065, -0.825998067855835, -0.05102427676320076, -1.3275203704833984], [0.6054227948188782, -0.3678537607192993, -0.7057952284812927, -0.39717918634414673], [0.5642162561416626, -0.42709529399871826, 0.7065758109092712, 0.5633401274681091], [0.0, 0.0, 0.0, 1.0]]}, "finger3joint1": {"matrix": [[-0.660770833492279, -0.6989943981170654, -0.27347487211227417, -1.6756867170333862], [0.6568768620491028, -0.3622344434261322, -0.661285936832428, -0.5522332191467285], [0.3631734848022461, -0.6165976524353027, 0.6985070705413818, 0.38331514596939087], [0.0, 0.0, 0.0, 1.0]]}, "finger3joint2": {"matrix": [[-0.7518720626831055, -0.12171011418104172, -0.6479774713516235, -2.2888317108154297], [0.6164880394935608, 0.21863539516925812, -0.7564001679420471, -0.8699785470962524], [0.2337326556444168, -0.9681863784790039, -0.08935300260782242, -0.15755289793014526], [0.0, 0.0, 0.0, 1.0]]}, "finger3joint3": {"matrix": [[-0.6372972130775452, 0.490736186504364, -0.594163179397583, -2.3675880432128906], [0.7449852228164673, 0.5895426273345947, -0.31214839220046997, -0.728503942489624], [0.19710230827331543, -0.6415741443634033, -0.7413049936294556, -0.7840472459793091], [0.0, 0.0, 0.0, 1.0]]}, "Bone.003": {"matrix": [[-0.8270759582519531, 0.026838166639208794, 0.5614488124847412, -1.3275203704833984], [-0.16497059166431427, -0.9664605855941772, -0.19682154059410095, -0.39717915654182434], [0.5373358726501465, -0.25540903210639954, 0.803763747215271, 0.5633401274681091], [0.0, 0.0, 0.0, 1.0]]}, "finger4joint1": {"matrix": [[-0.7057484984397888, -0.6163053512573242, -0.3494083881378174, -1.3160169124603271], [0.6392351984977722, -0.34131884574890137, -0.6891151070594788, -0.8114229440689087], [0.30544593930244446, -0.7096961736679077, 0.6348494291305542, 0.4538668990135193], [0.0, 0.0, 0.0, 1.0]]}, "finger4joint2": {"matrix": [[-0.7263062000274658, -0.41794267296791077, -0.5457130074501038, -1.9282294511795044], [0.6178169250488281, -0.048929739743471146, -0.7847979664802551, -1.1504751443862915], [0.30129924416542053, -0.9071544408798218, 0.2937501072883606, -0.25111624598503113], [0.0, 0.0, 0.0, 1.0]]}, "finger4joint3": {"matrix": [[-0.6809895634651184, -0.3024611175060272, -0.666910707950592, -2.1025376319885254], [0.6311601996421814, 0.21938402950763702, -0.7439806461334229, -1.1708818674087524], [0.3713350296020508, -0.927570641040802, 0.04150326922535896, -0.6294566988945007], [0.0, 0.0, 0.0, 1.0]]}}