{"root": {"matrix": [[0.3933354914188385, -0.6571786999702454, 0.6429644823074341, 0.0], [0.8158026337623596, -0.07301834970712662, -0.573702335357666, 0.0], [0.4239732325077057, 0.7501896023750305, 0.5074073672294617, 5.960464477539063e-08], [0.0, 0.0, 0.0, 1.0]]}, "carpals": {"matrix": [[-0.6676416397094727, -0.6183390617370605, -0.4146217107772827, 0.1739746332168579], [0.6942574977874756, -0.31601616740226746, -0.6466375589370728, 1.8379440307617188], [0.26881417632102966, -0.7195764183998108, 0.6402721405029297, 1.6360561847686768], [0.0, 0.0, 0.0, 1.0]]}, "metacarpals": {"matrix": [[-0.90456622838974, -0.39361387491226196, 0.16379177570343018, -0.4282838702201843], [0.13758887350559235, -0.6331538558006287, -0.7616990208625793, 1.5301462411880493], [0.403520792722702, -0.6664712429046631, 0.6268865466117859, 0.9351931214332581], [0.0, 0.0, 0.0, 1.0]]}, "finger5joint1": {"matrix": [[-0.8000250458717346, -0.5594971179962158, 0.21661609411239624, -0.5615655779838562], [0.24641644954681396, -0.6356092691421509, -0.7316280603408813, 1.4580209255218506], [0.5470271706581116, -0.5319429636001587, 0.6463726758956909, 0.22617360949516296], [0.0, 0.0, 0.0, 1.0]]}, "finger5joint2": {"matrix": [[0.30204489827156067, -0.948430597782135, 0.09616418927907944, -1.1525468826293945], [-0.6751492619514465, -0.2840418815612793, -0.6808033585548401, 0.7866443395614624], [0.6730095744132996, 0.14070828258991241, -0.7261258959770203, -0.33570295572280884], [0.0, 0.0, 0.0, 1.0]]}, "finger5joint3": {"matrix": [[0.20643039047718048, -0.9753517508506775, -0.07794134318828583, -1.804436445236206], [-0.6602081060409546, -0.08005298674106598, -0.7468040585517883, 0.591412365436554], [0.72215735912323, 0.2056208848953247, -0.6604605913162231, -0.2389892339706421], [0.0, 0.0, 0.0, 1.0]]}, "Bone": {"matrix": [[0.23388808965682983, -0.9718290567398071, 0.029058193787932396, -1.0428245067596436], [0.7089298367500305, 0.15001115202903748, -0.6891407370567322, 0.5416172742843628], [0.6653679609298706, 0.18178215622901917, 0.7240444421768188, -0.10535353422164917], [0.0, 0.0, 0.0, 1.0]]}, "finger1joint1": {"matrix": [[-0.8418635725975037, -0.5294913649559021, -0.10442396998405457, -1.8515686988830566], [0.20447532832622528, -0.13386981189250946, -0.9696744084358215, 0.6664546728134155], [0.49945515394210815, -0.8376857042312622, 0.2209681272506714, 0.045923322439193726], [0.0, 0.0, 0.0, 1.0]]}, "finger1joint2": {"matrix": [[-0.7593374848365784, -0.1239609569311142, -0.6387801170349121, -2.1508257389068604], [0.49262720346450806, 0.5318450927734375, -0.6888099908828735, 0.5907943844795227], [0.42511770129203796, -0.837719738483429, -0.34278324246406555, -0.42751848697662354], [0.0, 0.0, 0.0, 1.0]]}, "finger1joint3": {"matrix": [[-0.8150631189346313, 0.10221382230520248, -0.5702844262123108, -2.203965663909912], [0.4004914462566376, 0.8106788992881775, -0.4270903766155243, 0.8187875747680664], [0.4186631441116333, -0.5764997005462646, -0.701690137386322, -0.786635160446167], [0.0, 0.0, 0.0, 1.0]]}, "Bone.001": {"matrix": [[-0.10698511451482773, -0.9197070002555847, 0.3777470588684082, -1.0428242683410645], [0.6313583254814148, -0.3563394844532013, -0.6887732744216919, 0.5416173338890076], [0.7680758833885193, 0.1648053526878357, 0.6187877655029297, -0.10535353422164917], [0.0, 0.0, 0.0, 1.0]]}, "finger2joint1": {"matrix": [[-0.8518412709236145, -0.387455552816391, 0.3524829149246216, -1.6258115768432617], [0.23218820989131927, -0.8825207948684692, -0.4089565575122833, 0.31573957204818726], [0.469526082277298, -0.26652368903160095, 0.8417303562164307, -0.000886082649230957], [0.0, 0.0, 0.0, 1.0]]}, "finger2joint2": {"matrix": [[-0.9123029708862305, -0.40947601199150085, 0.005698067136108875, -1.961018443107605], [0.1882242113351822, -0.4316348731517792, -0.8821920156478882, -0.44777238368988037], [0.3636960983276367, -0.8037537932395935, 0.47085514664649963, -0.2314687967300415], [0.0, 0.0, 0.0, 1.0]]}, "finger2joint3": {"matrix": [[-0.9500835537910461, -0.19367820024490356, -0.24460090696811676, -2.116462230682373], [0.21554312109947205, 0.15936356782913208, -0.9634023904800415, -0.6116280555725098], [0.22557063400745392, -0.9680349230766296, -0.10966262966394424, -0.5365869402885437], [0.0, 0.0, 0.0, 1.0]]}, "Bone.002": {"matrix": [[-0.7238907217979431, -0.538215696811676, 0.4316316545009613, -1.0428245067596436], [0.2148343324661255, -0.7703750133514404, -0.6003069877624512, 0.5416172742843628], [0.6556130051612854, -0.34182724356651306, 0.6732944846153259, -0.10535353422164917], [0.0, 0.0, 0.0, 1.0]]}, "finger3joint1": {"matrix": [[-0.358336478471756, -0.9241849184036255, 0.13220104575157166, -1.2696876525878906], [0.4921019971370697, -0.30731329321861267, -0.8144900798797607, 0.21689651906490326], [0.7933666706085205, -0.22680488228797913, 0.5649147629737854, -0.2494371384382248], [0.0, 0.0, 0.0, 1.0]]}, "finger3joint2": {"matrix": [[-0.5048180818557739, -0.45148080587387085, -0.7357470393180847, -2.0803656578063965], [0.4685392677783966, 0.572537899017334, -0.6728084683418274, -0.052673012018203735], [0.7250032424926758, -0.6843721270561218, -0.07749078422784805, -0.44838619232177734], [0.0, 0.0, 0.0, 1.0]]}, "finger3joint3": {"matrix": [[-0.3956718146800995, 0.5888694524765015, -0.7047526836395264, -2.3725101947784424], [0.6028296947479248, 0.7454511523246765, 0.28442734479904175, 0.3178049325942993], [0.692849338054657, -0.31230616569519043, -0.6499418616294861, -0.8912299275398254], [0.0, 0.0, 0.0, 1.0]]}, "Bone.003": {"matrix": [[-0.5277413129806519, 0.5166001915931702, 0.6742501258850098, -1.042824387550354], [-0.5759745836257935, -0.8010637164115906, 0.1629422903060913, 0.5416172742843628], [0.624293327331543, -0.30235958099365234, 0.720302939414978, -0.10535351932048798], [0.0, 0.0, 0.0, 1.0]]}, "finger4joint1": {"matrix": [[-0.4856225848197937, -0.8461672067642212, 0.21947963535785675, -0.8213995099067688], [0.5065029263496399, -0.47699496150016785, -0.7182828783988953, 0.19826582074165344], [0.7124783396720886, -0.23764722049236298, 0.6602258086204529, -0.2349507361650467], [0.0, 0.0, 0.0, 1.0]]}, "finger4joint2": {"matrix": [[-0.5005630254745483, -0.7251964211463928, -0.47278568148612976, -1.66194748878479], [0.4814709424972534, 0.22066347301006317, -0.8482293486595154, -0.2755613923072815], [0.719459593296051, -0.6522248983383179, 0.23870523273944855, -0.4710197448730469], [0.0, 0.0, 0.0, 1.0]]}, "finger4joint3": {"matrix": [[-0.4315779507160187, -0.5867010354995728, -0.6852166056632996, -1.964399814605713], [0.47381845116615295, 0.4989429712295532, -0.7256388068199158, -0.18353085219860077], [0.7676172256469727, -0.6378381252288818, 0.0626571848988533, -0.743038535118103], [0.0, 0.0, 0.0, 1.0]]}}