{"root": {"matrix": [[0.24674105644226074, -0.9649834632873535, 0.08902684599161148, 0.0], [0.1078416183590889, -0.06395483762025833, -0.9921088218688965, -7.450580596923828e-09], [0.9630623459815979, 0.2543947994709015, 0.08828501403331757, 0.0], [0.0, 0.0, 0.0, 1.0]]}, "carpals": {"matrix": [[-0.20371250808238983, -0.46300625801086426, -0.8626275062561035, -0.39655202627182007], [0.977920651435852, -0.0542854405939579, -0.20180226862430573, 0.29282012581825256], [0.04660780355334282, -0.8846908807754517, 0.4638420045375824, 2.417020559310913], [0.0, 0.0, 0.0, 1.0]]}, "metacarpals": {"matrix": [[-0.32283157110214233, -0.6329506635665894, -0.7036710977554321, -0.8475174307823181], [0.9393042922019958, -0.12303714454174042, -0.32026422023773193, 0.23994643986225128], [0.11613398790359497, -0.7643526196479797, 0.6342535614967346, 1.5553369522094727], [0.0, 0.0, 0.0, 1.0]]}, "finger5joint1": {"matrix": [[-0.6315941214561462, -0.49662935733795166, -0.5953552722930908, -0.8626096248626709], [0.7045434713363647, -0.6881528496742249, -0.17338991165161133, 0.136663556098938], [-0.3235846757888794, -0.5289658308029175, 0.7845302224159241, 0.8378554582595825], [0.0, 0.0, 0.0, 1.0]]}, "finger5joint2": {"matrix": [[-0.39213794469833374, -0.7551509737968445, 0.525332510471344, -1.3871853351593018], [-0.07111925631761551, -0.5444754958152771, -0.8357560634613037, -0.5902132987976074], [0.9171528220176697, -0.3650928735733032, 0.15980349481105804, 0.27912357449531555], [0.0, 0.0, 0.0, 1.0]]}, "finger5joint3": {"matrix": [[-0.48924720287323, -0.8159180283546448, 0.30808180570602417, -1.9062272310256958], [-0.0755181834101677, -0.31228700280189514, -0.9469812512397766, -0.9644504189491272], [0.8688691258430481, -0.4865736663341522, 0.09116867184638977, 0.028182461857795715], [0.0, 0.0, 0.0, 1.0]]}, "Bone": {"matrix": [[0.6327041983604431, -0.307233989238739, -0.7108392119407654, -1.8357291221618652], [0.2932877242565155, 0.9446197152137756, -0.1472272127866745, 0.04785126447677612], [0.7167059183120728, -0.11532894521951675, 0.687772810459137, 0.36197030544281006], [0.0, 0.0, 0.0, 1.0]]}, "finger1joint1": {"matrix": [[-0.23637966811656952, -0.3434928357601166, -0.9089208245277405, -2.0914053916931152], [0.9315923452377319, 0.1857386827468872, -0.3124687671661377, 0.8339521884918213], [0.27615270018577576, -0.9206048846244812, 0.27609050273895264, 0.26599496603012085], [0.0, 0.0, 0.0, 1.0]]}, "finger1joint2": {"matrix": [[0.058489564806222916, -0.04719403013586998, -0.9971717596054077, -2.2855401039123535], [0.9785889387130737, 0.2001669853925705, 0.04792609438300133, 0.9389276504516602], [0.19733917713165283, -0.9786242842674255, 0.0578913576900959, -0.2543110251426697], [0.0, 0.0, 0.0, 1.0]]}, "finger1joint3": {"matrix": [[-0.04110589623451233, 0.3868185877799988, -0.9212390780448914, -2.305771589279175], [0.970405638217926, 0.2350420504808426, 0.055391956120729446, 1.024735927581787], [0.2379567176103592, -0.8916985392570496, -0.3850323557853699, -0.6738311052322388], [0.0, 0.0, 0.0, 1.0]]}, "Bone.001": {"matrix": [[0.4029459059238434, -0.7343243360519409, -0.5462619066238403, -1.8357290029525757], [0.576027512550354, 0.667298436164856, -0.4721280038356781, 0.04785126447677612], [0.7112149000167847, -0.1244196817278862, 0.6918761730194092, 0.3619702458381653], [0.0, 0.0, 0.0, 1.0]]}, "finger2joint1": {"matrix": [[-0.22583353519439697, -0.48952651023864746, -0.8422367572784424, -2.3012051582336426], [0.954144299030304, 0.06323227286338806, -0.29259192943573, 0.4708408713340759], [0.19648823142051697, -0.8696924448013306, 0.4527990221977234, 0.2831026613712311], [0.0, 0.0, 0.0, 1.0]]}, "finger2joint2": {"matrix": [[-0.19037315249443054, 0.9275886416435242, -0.3214609622955322, -2.7247185707092285], [0.9788925051689148, 0.20415934920310974, 0.009397894144058228, 0.5255461931228638], [0.07434684038162231, -0.31288665533065796, -0.9468758702278137, -0.46931082010269165], [0.0, 0.0, 0.0, 1.0]]}, "finger2joint3": {"matrix": [[-0.05323473736643791, 0.4071422219276428, 0.9118119478225708, -2.3725905418395996], [0.9910673499107361, -0.09026757627725601, 0.09816822409629822, 0.6030484437942505], [0.12227564305067062, 0.9088929295539856, -0.398700088262558, -0.5880877375602722], [0.0, 0.0, 0.0, 1.0]]}, "Bone.002": {"matrix": [[-0.21465282142162323, -0.8655326962471008, -0.45252305269241333, -1.8357291221618652], [0.8855170607566833, 0.02300170436501503, -0.46403712034225464, 0.04785129427909851], [0.4120483100414276, -0.5003235936164856, 0.7615064978599548, 0.36197027564048767], [0.0, 0.0, 0.0, 1.0]]}, "finger3joint1": {"matrix": [[-0.019069520756602287, -0.7222400903701782, -0.6913793087005615, -2.2005598545074463], [0.8877223134040833, 0.30590853095054626, -0.34404826164245605, 0.057546764612197876], [0.45998451113700867, -0.6203134059906006, 0.6353150606155396, 0.15107885003089905], [0.0, 0.0, 0.0, 1.0]]}, "finger3joint2": {"matrix": [[-0.106196828186512, 0.5295388102531433, -0.8416119813919067, -2.8340957164764404], [0.9375951886177063, 0.335176944732666, 0.09258369356393814, 0.32588404417037964], [0.33111581206321716, -0.7792591452598572, -0.5320875644683838, -0.3930485248565674], [0.0, 0.0, 0.0, 1.0]]}, "finger3joint3": {"matrix": [[0.06324978917837143, 0.9543828368186951, -0.29180946946144104, -2.491441249847412], [0.9241317510604858, 0.05438735708594322, 0.3781832158565521, 0.5427704453468323], [0.3768025040626526, -0.29359057545661926, -0.8785352110862732, -0.8972918391227722], [0.0, 0.0, 0.0, 1.0]]}, "Bone.003": {"matrix": [[-0.8320848345756531, -0.44956743717193604, 0.32484424114227295, -1.8357290029525757], [0.3531935214996338, -0.8810560703277588, -0.3146341145038605, 0.0478513240814209], [0.42765533924102783, -0.14706949889659882, 0.8918975591659546, 0.36197030544281006], [0.0, 0.0, 0.0, 1.0]]}, "finger4joint1": {"matrix": [[-0.20958788692951202, -0.6569316983222961, -0.7242328524589539, -2.0284223556518555], [0.9460875988006592, 0.0508299395442009, -0.3198975622653961, -0.3297864496707916], [0.24696384370326996, -0.7522342801094055, 0.6108616590499878, 0.29893338680267334], [0.0, 0.0, 0.0, 1.0]]}, "finger4joint2": {"matrix": [[-0.23853769898414612, 0.44482189416885376, -0.8632686734199524, -2.6809916496276855], [0.9406503438949585, 0.32680192589759827, -0.09152653813362122, -0.27929407358169556], [0.24140512943267822, -0.8338665962219238, -0.4963763952255249, -0.44830530881881714], [0.0, 0.0, 0.0, 1.0]]}, "finger4joint3": {"matrix": [[-0.2620343267917633, 0.7688460946083069, -0.5832780599594116, -2.4954726696014404], [0.9114669561386108, 0.39577212929725647, 0.11221430450677872, -0.14299710094928741], [0.3171209990978241, -0.5022347569465637, -0.8044836521148682, -0.7960801124572754], [0.0, 0.0, 0.0, 1.0]]}}