{"root": {"matrix": [[0.29070955514907837, -0.9485509395599365, 0.12545524537563324, -5.960464477539063e-08], [-0.5823683142662048, -0.2794479727745056, -0.7633845806121826, 0.0], [0.7591673135757446, 0.14886200428009033, -0.6336442828178406, -1.4901161193847656e-08], [0.0, 0.0, 0.0, 1.0]]}, "carpals": {"matrix": [[-0.3294937312602997, -0.38740772008895874, -0.8610162138938904, -0.28512951731681824], [0.7885472774505615, 0.3886221647262573, -0.4766189754009247, -1.5047143697738647], [0.5192561149597168, -0.835995078086853, 0.17744070291519165, 1.933784008026123], [0.0, 0.0, 0.0, 1.0]]}, "metacarpals": {"matrix": [[-0.3836701512336731, -0.6748263835906982, -0.6304017305374146, -0.6624623537063599], [0.6663495302200317, 0.270317018032074, -0.6949148774147034, -1.1261987686157227], [0.639355480670929, -0.6866860389709473, 0.3459576368331909, 1.1195298433303833], [0.0, 0.0, 0.0, 1.0]]}, "finger5joint1": {"matrix": [[-0.5239582061767578, -0.6191295981407166, -0.5849325656890869, -0.7209173440933228], [0.6982945203781128, 0.08097773790359497, -0.7112151384353638, -0.8029931783676147], [0.4877011775970459, -0.7811023592948914, 0.38990581035614014, 0.47315841913223267], [0.0, 0.0, 0.0, 1.0]]}, "finger5joint2": {"matrix": [[-0.46928274631500244, -0.7682387232780457, 0.4354104697704315, -1.3748867511749268], [-0.7546179890632629, 0.0928107276558876, -0.6495669484138489, -0.7174586653709412], [0.45861178636550903, -0.633399248123169, -0.6232818365097046, -0.3518983721733093], [0.0, 0.0, 0.0, 1.0]]}, "finger5joint3": {"matrix": [[-0.5622088313102722, -0.7898053526878357, 0.2452104389667511, -1.9029240608215332], [-0.7057471871376038, 0.3036436438560486, -0.6400943398475647, -0.6536666750907898], [0.43109339475631714, -0.5329232811927795, -0.7281145453453064, -0.7872558832168579], [0.0, 0.0, 0.0, 1.0]]}, "Bone": {"matrix": [[0.6583316922187805, -0.3850876986980438, -0.6467662453651428, -1.7160536050796509], [-0.10439573228359222, 0.8042159080505371, -0.585096538066864, -0.7041589021682739], [0.7454532980918884, 0.45270752906799316, 0.48923930525779724, 0.04742226004600525], [0.0, 0.0, 0.0, 1.0]]}, "finger1joint1": {"matrix": [[-0.16979557275772095, -0.38359564542770386, -0.9077574610710144, -2.0365190505981445], [0.3802976608276367, 0.8242768049240112, -0.41945335268974304, -0.03490036725997925], [0.9091441631317139, -0.4164392054080963, 0.00592197198420763, 0.42415985465049744], [0.0, 0.0, 0.0, 1.0]]}, "finger1joint2": {"matrix": [[0.12234652042388916, -0.09063731878995895, -0.9883400201797485, -2.2533187866210938], [0.47338345646858215, 0.8805776834487915, -0.02215476706624031, 0.43096300959587097], [0.8723184466362, -0.46515315771102905, 0.15064193308353424, 0.1887974590063095], [0.0, 0.0, 0.0, 1.0]]}, "finger1joint3": {"matrix": [[0.024867765605449677, 0.3487901985645294, -0.9368707537651062, -2.2921738624572754], [0.43607988953590393, 0.8395122289657593, 0.32411929965019226, 0.8084522485733032], [0.8995643854141235, -0.4166104793548584, -0.13122345507144928, -0.010606050491333008], [0.0, 0.0, 0.0, 1.0]]}, "Bone.001": {"matrix": [[0.408089280128479, -0.789589524269104, -0.4582698345184326, -1.7160537242889404], [0.10561070591211319, 0.5394301414489746, -0.8353807926177979, -0.7041589617729187], [0.9068126678466797, 0.2925119400024414, 0.3035247027873993, 0.04742227494716644], [0.0, 0.0, 0.0, 1.0]]}, "finger2joint1": {"matrix": [[-0.2825784385204315, -0.727307140827179, -0.6254385709762573, -2.2165615558624268], [0.6426154971122742, 0.34054359793663025, -0.6863489747047424, -0.3622229993343353], [0.7121759057044983, -0.5958639979362488, 0.37114858627319336, 0.23284077644348145], [0.0, 0.0, 0.0, 1.0]]}, "finger2joint2": {"matrix": [[-0.28817951679229736, 0.7376731038093567, -0.6105659008026123, -2.8457906246185303], [0.7314445972442627, 0.5810883045196533, 0.3568260967731476, -0.06760206818580627], [0.6180140972137451, -0.34376510977745056, -0.7070246934890747, -0.2826703190803528], [0.0, 0.0, 0.0, 1.0]]}, "finger2joint3": {"matrix": [[-0.1459522247314453, 0.7880472540855408, 0.5980628132820129, -2.5657577514648438], [0.7584379315376282, -0.29902127385139465, 0.5791008472442627, 0.15298858284950256], [0.6351926326751709, 0.5381145477294922, -0.5540421605110168, -0.4131692051887512], [0.0, 0.0, 0.0, 1.0]]}, "Bone.002": {"matrix": [[-0.2508856952190399, -0.8983144164085388, -0.36067619919776917, -1.7160537242889404], [0.46495363116264343, 0.2149721086025238, -0.858839213848114, -0.7041589617729187], [0.8490433096885681, -0.38316813111305237, 0.36374104022979736, 0.047422267496585846], [0.0, 0.0, 0.0, 1.0]]}, "finger3joint1": {"matrix": [[-0.16071337461471558, -0.6501888036727905, -0.7425802946090698, -2.0947022438049316], [0.5128934383392334, 0.5877862572669983, -0.6256575584411621, -0.6135460138320923], [0.8432744741439819, -0.48141592741012573, 0.23901240527629852, -0.11408695578575134], [0.0, 0.0, 0.0, 1.0]]}, "finger3joint2": {"matrix": [[-0.2325715869665146, 0.34398460388183594, -0.9097169637680054, -2.6650357246398926], [0.6232632398605347, 0.7707725167274475, 0.13210752606391907, -0.09795078635215759], [0.7466281056404114, -0.5362685918807983, -0.39365270733833313, -0.5363761186599731], [0.0, 0.0, 0.0, 1.0]]}, "finger3joint3": {"matrix": [[-0.058920688927173615, 0.8039277195930481, -0.5918009877204895, -2.4424500465393066], [0.6296341419219971, 0.4899666905403137, 0.6029040217399597, 0.40080100297927856], [0.7746543884277344, -0.33709460496902466, -0.5350493788719177, -0.8833850026130676], [0.0, 0.0, 0.0, 1.0]]}, "Bone.003": {"matrix": [[-0.8236930966377258, -0.3911535143852234, 0.41052213311195374, -1.7160537242889404], [-0.04135048761963844, -0.6806163191795349, -0.7314720749855042, -0.7041589021682739], [0.5655260682106018, -0.619484007358551, 0.5444445013999939, 0.04742226004600525], [0.0, 0.0, 0.0, 1.0]]}, "finger4joint1": {"matrix": [[-0.20623496174812317, -0.7479043006896973, -0.6309562921524048, -1.8837096691131592], [0.579871416091919, 0.42597877979278564, -0.6944715976715088, -0.9958842992782593], [0.788172721862793, -0.5090978145599365, 0.3458366394042969, -0.2181006669998169], [0.0, 0.0, 0.0, 1.0]]}, "finger4joint2": {"matrix": [[-0.2354704737663269, 0.3269830644130707, -0.9152241349220276, -2.6266472339630127], [0.5759652256965637, 0.8054684996604919, 0.13958504796028137, -0.5727344155311584], [0.7828266024589539, -0.4942692220211029, -0.37799495458602905, -0.7238175868988037], [0.0, 0.0, 0.0, 1.0]]}, "finger4joint3": {"matrix": [[-0.2484225332736969, 0.7557058334350586, -0.6059657335281372, -2.490274667739868], [0.5049127340316772, 0.634892463684082, 0.5847856402397156, -0.23680342733860016], [0.8266493678092957, -0.16068589687347412, -0.5392870903015137, -0.9299589395523071], [0.0, 0.0, 0.0, 1.0]]}}