{"root": {"matrix": [[0.26325806975364685, -0.766038179397583, 0.5864133834838867, 0.0], [0.7387802600860596, -0.2308226227760315, -0.6331861019134521, -1.4901161193847656e-08], [0.6204022765159607, 0.5999219417572021, 0.5051679015159607, 0.0], [0.0, 0.0, 0.0, 1.0]]}, "carpals": {"matrix": [[-0.8182013034820557, -0.3374954164028168, -0.4654494822025299, -0.2203877568244934], [0.574906587600708, -0.48785197734832764, -0.6568734645843506, 1.5159862041473389], [-0.00537858996540308, -0.8050446510314941, 0.593189537525177, 1.9334428310394287], [0.0, 0.0, 0.0, 1.0]]}, "metacarpals": {"matrix": [[-0.867327868938446, -0.4871666431427002, 0.1020335778594017, -0.549106240272522], [0.2770291566848755, -0.6427919268608093, -0.7141941785812378, 1.0408211946487427], [0.4135180115699768, -0.5911741256713867, 0.6924706697463989, 1.1493340730667114], [0.0, 0.0, 0.0, 1.0]]}, "finger5joint1": {"matrix": [[-0.8474640846252441, -0.5252218842506409, -0.07711266726255417, -0.71690434217453], [0.0907827839255333, -0.0002680209872778505, -0.9958705902099609, 0.9191867709159851], [0.5230324864387512, -0.8509650230407715, 0.047908246517181396, 0.45455101132392883], [0.0, 0.0, 0.0, 1.0]]}, "finger5joint2": {"matrix": [[-0.16204805672168732, -0.8090114593505859, 0.5650134682655334, -1.271681785583496], [-0.9867666959762573, 0.13611096143722534, -0.0881190150976181, 0.918903648853302], [-0.005615195259451866, -0.5718158483505249, -0.820362389087677, -0.44429969787597656], [0.0, 0.0, 0.0, 1.0]]}, "finger5joint3": {"matrix": [[-0.26772540807724, -0.8801872730255127, 0.3919092118740082, -1.8277437686920166], [-0.9633961319923401, 0.2503777742385864, -0.09580401331186295, 1.0124574899673462], [-0.013799821957945824, -0.40321287512779236, -0.9150018095970154, -0.8373287916183472], [0.0, 0.0, 0.0, 1.0]]}, "Bone": {"matrix": [[0.3369538187980652, -0.9413103461265564, -0.019920941442251205, -1.3097083568572998], [0.7359380722045898, 0.27651727199554443, -0.6180074214935303, 0.03724457323551178], [0.5872451663017273, 0.19357946515083313, 0.7859196662902832, 0.2263471931219101], [0.0, 0.0, 0.0, 1.0]]}, "finger1joint1": {"matrix": [[-0.42756739258766174, -0.7061969637870789, -0.5643330812454224, -2.093055486679077], [0.3120286762714386, 0.4706125855445862, -0.8253251910209656, 0.2673588693141937], [0.8484244346618652, -0.5289701819419861, 0.019135210663080215, 0.38744160532951355], [0.0, 0.0, 0.0, 1.0]]}, "finger1joint2": {"matrix": [[-0.22123968601226807, 0.09204335510730743, -0.9708660244941711, -2.492182731628418], [0.5390139222145081, 0.8411943912506104, -0.043079864233732224, 0.5333389043807983], [0.812721848487854, -0.5328413248062134, -0.23571813106536865, 0.08847911655902863], [0.0, 0.0, 0.0, 1.0]]}, "finger1joint3": {"matrix": [[-0.3216518461704254, 0.7976303696632385, -0.5102213025093079, -2.4527251720428467], [0.5006542205810547, 0.6006389856338501, 0.623360276222229, 0.893945038318634], [0.8036699295043945, -0.05493955314159393, -0.5925335884094238, -0.13994120061397552], [0.0, 0.0, 0.0, 1.0]]}, "Bone.001": {"matrix": [[-0.006211824249476194, -0.946614682674408, 0.32230690121650696, -1.309708595275879], [0.7077592015266418, -0.23185673356056213, -0.6673223376274109, 0.03724460303783417], [0.706426203250885, 0.2239704728126526, 0.6714155673980713, 0.2263471931219101], [0.0, 0.0, 0.0, 1.0]]}, "finger2joint1": {"matrix": [[-0.6964364051818848, -0.7105866074562073, 0.10021301358938217, -1.9097521305084229], [0.425998330116272, -0.5217522978782654, -0.7391209006309509, -0.10972562432289124], [0.5774958729743958, -0.47206011414527893, 0.666076123714447, 0.3683184087276459], [0.0, 0.0, 0.0, 1.0]]}, "finger2joint2": {"matrix": [[-0.7641109228134155, -0.008769311010837555, -0.6450251340866089, -2.524515390396118], [0.4435437023639679, 0.718904972076416, -0.535205066204071, -0.5611190795898438], [0.46840524673461914, -0.6950528621673584, -0.5454334020614624, -0.04008391499519348], [0.0, 0.0, 0.0, 1.0]]}, "finger2joint3": {"matrix": [[-0.6993622183799744, 0.7075918316841125, -0.10102453082799911, -2.5278444290161133], [0.5691091418266296, 0.6367651224136353, 0.5202352404594421, -0.288210928440094], [0.43244317173957825, 0.30633872747421265, -0.8480265140533447, -0.3039373755455017], [0.0, 0.0, 0.0, 1.0]]}, "Bone.002": {"matrix": [[-0.6695615649223328, -0.6334946155548096, 0.3877778649330139, -1.309708595275879], [0.3560461401939392, -0.7319324016571045, -0.5809527039527893, 0.03724461793899536], [0.6518576741218567, -0.2509166896343231, 0.7156270742416382, 0.2263471782207489], [0.0, 0.0, 0.0, 1.0]]}, "finger3joint1": {"matrix": [[-0.8134588599205017, -0.5372436046600342, 0.22283154726028442, -1.5767327547073364], [0.3382011950016022, -0.748609721660614, -0.5702660083770752, -0.2712722420692444], [0.47318580746650696, -0.38852593302726746, 0.7906596064567566, 0.12058328092098236], [0.0, 0.0, 0.0, 1.0]]}, "finger3joint2": {"matrix": [[-0.8961995244026184, -0.3352406620979309, -0.2905854284763336, -2.0479931831359863], [0.23743891716003418, 0.19085191190242767, -0.9524695873260498, -0.9279388785362244], [0.3747655153274536, -0.9225990176200867, -0.09144213050603867, -0.22022444009780884], [0.0, 0.0, 0.0, 1.0]]}, "finger3joint3": {"matrix": [[-0.8500837087631226, 0.17571543157100677, -0.496469110250473, -2.264920711517334], [0.40340110659599304, 0.82328200340271, -0.3993423283100128, -0.8044424057006836], [0.33856359124183655, -0.5397506952285767, -0.7707422971725464, -0.817220151424408], [0.0, 0.0, 0.0, 1.0]]}, "Bone.003": {"matrix": [[-0.5640860199928284, 0.4120696187019348, 0.7155455946922302, -1.309708595275879], [-0.4515123665332794, -0.8794751167297363, 0.15053266286849976, 0.037244588136672974], [0.6913344860076904, -0.23816432058811188, 0.6821540594100952, 0.2263471782207489], [0.0, 0.0, 0.0, 1.0]]}, "finger4joint1": {"matrix": [[-0.7844299077987671, -0.6084119081497192, 0.12043371796607971, -1.1330876350402832], [0.3743310272693634, -0.6192542910575867, -0.6902174353599548, -0.33971554040908813], [0.4945158064365387, -0.4963451027870178, 0.7135091423988342, 0.12426531314849854], [0.0, 0.0, 0.0, 1.0]]}, "finger4joint2": {"matrix": [[-0.7956985235214233, -0.5957720279693604, -0.1091742143034935, -1.7374590635299683], [0.34663936495780945, -0.3001113533973694, -0.888692319393158, -0.9548574090003967], [0.49669376015663147, -0.7449753284454346, 0.445316344499588, -0.36878353357315063], [0.0, 0.0, 0.0, 1.0]]}, "finger4joint3": {"matrix": [[-0.7417380213737488, -0.5999739766120911, -0.2997589707374573, -1.9859334230422974], [0.38334983587265015, -0.01252070628106594, -0.923518180847168, -1.0800225734710693], [0.5503337979316711, -0.7999211549758911, 0.23928715288639069, -0.6794850826263428], [0.0, 0.0, 0.0, 1.0]]}}