{"root": {"matrix": [[0.3396897614002228, -0.9405239224433899, -0.005066117737442255, 0.0], [-0.5724336504936218, -0.2024664282798767, -0.7945609092712402, 0.0], [0.7462777495384216, 0.2728042006492615, -0.6071633696556091, 0.0], [0.0, 0.0, 0.0, 1.0]]}, "carpals": {"matrix": [[-0.10991159826517105, -0.54123455286026, -0.8336572051048279, -0.15183109045028687], [0.8822247982025146, 0.3332079350948334, -0.3326432704925537, -1.403391718864441], [0.45781952142715454, -0.7720345258712769, 0.44086718559265137, 2.0229740142822266], [0.0, 0.0, 0.0, 1.0]]}, "metacarpals": {"matrix": [[-0.008255379274487495, -0.7811133861541748, -0.624334454536438, -0.6789902448654175], [0.8242764472961426, 0.34816110134124756, -0.4464883506298065, -1.078849196434021], [0.5661273002624512, -0.5183101296424866, 0.6409792304039001, 1.271017074584961], [0.0, 0.0, 0.0, 1.0]]}, "finger5joint1": {"matrix": [[-0.3334070146083832, -0.6068105697631836, -0.7215403318405151, -0.8664683699607849], [0.8852577805519104, 0.061744291335344315, -0.4609837234020233, -0.8411257266998291], [0.32428109645843506, -0.7924445271492004, 0.5165978074073792, 0.6122194528579712], [0.0, 0.0, 0.0, 1.0]]}, "finger5joint2": {"matrix": [[-0.6930801272392273, -0.6638420820236206, 0.28098589181900024, -1.5074255466461182], [-0.4867059290409088, 0.14340201020240784, -0.8617148995399475, -0.7759069204330444], [0.5317488312721252, -0.7339950799942017, -0.42248544096946716, -0.22481781244277954], [0.0, 0.0, 0.0, 1.0]]}, "finger5joint3": {"matrix": [[-0.7664401531219482, -0.6323770880699158, 0.11255218088626862, -1.9637073278427124], [-0.4230106472969055, 0.3650830388069153, -0.8293224573135376, -0.6773416996002197], [0.48335376381874084, -0.6832369565963745, -0.5473170876502991, -0.729318380355835], [0.0, 0.0, 0.0, 1.0]]}, "Bone": {"matrix": [[0.8204323053359985, -0.038433369249105453, -0.5704501867294312, -1.8985251188278198], [-0.17763927578926086, 0.9312235713005066, -0.3182242810726166, -0.5352730751037598], [0.5434471368789673, 0.36241614818573, 0.7571786642074585, 0.4617910385131836], [0.0, 0.0, 0.0, 1.0]]}, "finger1joint1": {"matrix": [[0.12597595155239105, -0.4487828016281128, -0.8847167491912842, -1.9305088520050049], [0.6973106861114502, 0.67439204454422, -0.24280227720737457, 0.2396797239780426], [0.7056117057800293, -0.5863351225852966, 0.39789828658103943, 0.7633892893791199], [0.0, 0.0, 0.0, 1.0]]}, "finger1joint2": {"matrix": [[0.3983033299446106, -0.17495866119861603, -0.9004130363464355, -2.1841511726379395], [0.724494993686676, 0.6620444655418396, 0.19184334576129913, 0.6208314895629883], [0.5625491142272949, -0.7287566065788269, 0.3904513716697693, 0.432005375623703], [0.0, 0.0, 0.0, 1.0]]}, "finger1joint3": {"matrix": [[0.31121718883514404, 0.25647321343421936, -0.9150765538215637, -2.259153127670288], [0.7154200673103333, 0.5705912113189697, 0.4032364785671234, 0.9046390056610107], [0.6255543231964111, -0.7801582217216492, -0.005908143240958452, 0.11959940195083618], [0.0, 0.0, 0.0, 1.0]]}, "Bone.001": {"matrix": [[0.6857032775878906, -0.520131528377533, -0.5091894268989563, -1.8985252380371094], [0.1116652861237526, 0.7664396166801453, -0.6325351595878601, -0.5352730751037598], [0.7192646265029907, 0.3768728971481323, 0.5836308598518372, 0.4617910385131836], [0.0, 0.0, 0.0, 1.0]]}, "finger2joint1": {"matrix": [[0.14560890197753906, -0.6284623742103577, -0.7640895247459412, -2.2282278537750244], [0.7307640910148621, 0.5889449715614319, -0.34514811635017395, -0.04943948984146118], [0.6669195294380188, -0.5081125497817993, 0.5450134873390198, 0.700684666633606], [0.0, 0.0, 0.0, 1.0]]}, "finger2joint2": {"matrix": [[0.1581653505563736, 0.3754957616329193, -0.9132285118103027, -2.771941661834717], [0.8097853064537048, 0.4798908233642578, 0.33756813406944275, 0.46008557081222534], [0.5650057196617126, -0.7929106950759888, -0.22816874086856842, 0.26109158992767334], [0.0, 0.0, 0.0, 1.0]]}, "finger2joint3": {"matrix": [[0.2811526656150818, 0.9514525532722473, -0.1252630352973938, -2.62939715385437], [0.8260598182678223, -0.1735047996044159, 0.5362096428871155, 0.6422600746154785], [0.48844459652900696, -0.254231721162796, -0.8347381949424744, -0.03991030901670456], [0.0, 0.0, 0.0, 1.0]]}, "Bone.002": {"matrix": [[0.13674868643283844, -0.9039666056632996, -0.4051468074321747, -1.8985252380371094], [0.6243861317634583, 0.39617180824279785, -0.6731935739517212, -0.5352730751037598], [0.7690525650978088, -0.16090960800647736, 0.6186001896858215, 0.461791068315506], [0.0, 0.0, 0.0, 1.0]]}, "finger3joint1": {"matrix": [[0.08533701300621033, -0.3585568368434906, -0.9295990467071533, -2.2795562744140625], [0.7662605047225952, 0.6199647784233093, -0.1687849909067154, -0.36828264594078064], [0.6368380784988403, -0.6979113221168518, 0.3276539146900177, 0.3939659893512726], [0.0, 0.0, 0.0, 1.0]]}, "finger3joint2": {"matrix": [[0.06356435269117355, 0.3281343877315521, -0.9424899220466614, -2.5940756797790527], [0.8606143593788147, 0.46012479066848755, 0.21823793649673462, 0.1755390167236328], [0.5052747130393982, -0.8249925374984741, -0.2531496286392212, -0.21822893619537354], [0.0, 0.0, 0.0, 1.0]]}, "finger3joint3": {"matrix": [[0.23735284805297852, 0.6171984076499939, -0.7501530647277832, -2.381746292114258], [0.8334120512008667, 0.26736435294151306, 0.4836738407611847, 0.4732767343521118], [0.49908724427223206, -0.7399880886077881, -0.45092082023620605, -0.7520653605461121], [0.0, 0.0, 0.0, 1.0]]}, "Bone.003": {"matrix": [[-0.5917609930038452, -0.7044143080711365, 0.3919428884983063, -1.8985249996185303], [0.25821882486343384, -0.62623530626297, -0.7356305122375488, -0.535273015499115], [0.7636372447013855, -0.3341105580329895, 0.5524746179580688, 0.46179109811782837], [0.0, 0.0, 0.0, 1.0]]}, "finger4joint1": {"matrix": [[-0.053768742829561234, -0.43089425563812256, -0.9007988572120667, -2.2004506587982178], [0.857988715171814, 0.44156792759895325, -0.2624361515045166, -0.80368971824646], [0.5108464956283569, -0.7869862914085388, 0.34595993161201477, 0.31858476996421814], [0.0, 0.0, 0.0, 1.0]]}, "finger4joint2": {"matrix": [[-0.08101660013198853, 0.3378434181213379, -0.9377087354660034, -2.628483533859253], [0.8626576066017151, 0.49501875042915344, 0.10381589829921722, -0.365054190158844], [0.49925729632377625, -0.8005109429359436, -0.3315480053424835, -0.4631751477718353], [0.0, 0.0, 0.0, 1.0]]}, "finger4joint3": {"matrix": [[-0.09509366005659103, 0.7487748265266418, -0.6559672355651855, -2.487581491470337], [0.8169116973876953, 0.4352627396583557, 0.37841904163360596, -0.15860022604465485], [0.5688691139221191, -0.49988219141960144, -0.6530738472938538, -0.7970385551452637], [0.0, 0.0, 0.0, 1.0]]}}