{"root": {"matrix": [[0.4748196601867676, -0.8508169054985046, 0.22507089376449585, 5.960464477539063e-08], [-0.04888443648815155, -0.28084033727645874, -0.9585087299346924, 0.0], [0.8787243962287903, 0.4441163241863251, -0.174940288066864, 0.0], [0.0, 0.0, 0.0, 1.0]]}, "carpals": {"matrix": [[-0.4298006594181061, -0.5701327919960022, -0.7001569271087646, 0.21569496393203735], [0.8307448625564575, 0.054100893437862396, -0.5540179014205933, -0.277680367231369], [0.35374313592910767, -0.819769024848938, 0.4503823220729828, 2.4415884017944336], [0.0, 0.0, 0.0, 1.0]]}, "metacarpals": {"matrix": [[-0.5352640151977539, -0.7241851687431335, -0.434796541929245, -0.3396109342575073], [0.646889865398407, -0.02044716291129589, -0.7623091340065002, -0.22498641908168793], [0.5431628823280334, -0.6893020868301392, 0.47941258549690247, 1.6431384086608887], [0.0, 0.0, 0.0, 1.0]]}, "finger5joint1": {"matrix": [[-0.6098796129226685, -0.6832337379455566, -0.4015447199344635, -0.48009955883026123], [0.6239719390869141, -0.10161420702934265, -0.7748118042945862, -0.036572717130184174], [0.4885752201080322, -0.723094642162323, 0.48829105496406555, 0.957253634929657], [0.0, 0.0, 0.0, 1.0]]}, "finger5joint2": {"matrix": [[-0.27784010767936707, -0.9241803288459778, 0.262097030878067, -1.2017805576324463], [-0.7908604741096497, 0.0651850551366806, -0.6085147857666016, -0.14390498399734497], [0.5452926158905029, -0.37635183334350586, -0.7490091919898987, 0.19346877932548523], [0.0, 0.0, 0.0, 1.0]]}, "finger5joint3": {"matrix": [[-0.3769102096557617, -0.9259183406829834, 0.02476384863257408, -1.837001919746399], [-0.7466152310371399, 0.2878817319869995, -0.5997410416603088, -0.09910102188587189], [0.5481821894645691, -0.2445373833179474, -0.7998107075691223, -0.06521102041006088], [0.0, 0.0, 0.0, 1.0]]}, "Bone": {"matrix": [[0.6669606566429138, -0.5720090270042419, -0.4774608612060547, -1.4702651500701904], [0.18451829254627228, 0.7476474046707153, -0.6379468441009521, -0.256910115480423], [0.7218837141990662, 0.3373854458332062, 0.6041975021362305, 0.5669463872909546], [0.0, 0.0, 0.0, 1.0]]}, "finger1joint1": {"matrix": [[-0.43961042165756226, -0.47784942388534546, -0.7605276703834534, -1.9462840557098389], [0.6248816251754761, 0.4455134868621826, -0.641124427318573, 0.3652728796005249], [0.6451864838600159, -0.7570846080780029, 0.10274694114923477, 0.8477144241333008], [0.0, 0.0, 0.0, 1.0]]}, "finger1joint2": {"matrix": [[-0.177542582154274, -0.1511363387107849, -0.9724382758140564, -2.2163538932800293], [0.7813695073127747, 0.5790782570838928, -0.23265862464904785, 0.6170674562454224], [0.5982812643051147, -0.801140308380127, 0.015282374806702137, 0.41982659697532654], [0.0, 0.0, 0.0, 1.0]]}, "finger1joint3": {"matrix": [[-0.26944664120674133, 0.31788909435272217, -0.9090350866317749, -2.2811436653137207], [0.7320168614387512, 0.6809580326080322, 0.021153921261429787, 0.8653087615966797], [0.6257396340370178, -0.65972900390625, -0.41618186235427856, 0.07639090716838837], [0.0, 0.0, 0.0, 1.0]]}, "Bone.001": {"matrix": [[0.3728732466697693, -0.8981034159660339, -0.2331855446100235, -1.4702651500701904], [0.34997713565826416, 0.3688740134239197, -0.8610736131668091, -0.256910115480423], [0.8593493103981018, 0.23946188390254974, 0.4518588185310364, 0.5669464468955994], [0.0, 0.0, 0.0, 1.0]]}, "finger2joint1": {"matrix": [[-0.4105393886566162, -0.7469268441200256, -0.5230271220207214, -2.039557933807373], [0.6503971219062805, 0.16215337812900543, -0.7420846819877625, -0.023086927831172943], [0.6390937566757202, -0.6448302865028381, 0.4192286729812622, 0.7187374234199524], [0.0, 0.0, 0.0, 1.0]]}, "finger2joint2": {"matrix": [[-0.42630472779273987, 0.2047581523656845, -0.8811004757881165, -2.685760974884033], [0.728179395198822, 0.6555657982826233, -0.19997026026248932, 0.11719991266727448], [0.5366740822792053, -0.7268474102020264, -0.4285713732242584, 0.16086317598819733], [0.0, 0.0, 0.0, 1.0]]}, "finger2joint3": {"matrix": [[-0.31956058740615845, 0.9061542749404907, -0.2770651876926422, -2.6080315113067627], [0.8135011792182922, 0.4122951626777649, 0.41015636920928955, 0.3660634160041809], [0.48589783906936646, -0.09432312846183777, -0.8689107894897461, -0.11506001651287079], [0.0, 0.0, 0.0, 1.0]]}, "Bone.002": {"matrix": [[-0.35532721877098083, -0.9252963066101074, -0.13254833221435547, -1.4702650308609009], [0.5215592384338379, -0.07858315855264664, -0.8495885133743286, -0.256910115480423], [0.7757052779197693, -0.3710136115550995, 0.5105193853378296, 0.5669463872909546], [0.0, 0.0, 0.0, 1.0]]}, "finger3joint1": {"matrix": [[-0.4608667492866516, -0.5767006278038025, -0.6745501756668091, -1.8602867126464844], [0.6432684063911438, 0.30656275153160095, -0.7015874981880188, -0.2900336980819702], [0.6113982796669006, -0.7572550177574158, 0.22968865931034088, 0.4105604588985443], [0.0, 0.0, 0.0, 1.0]]}, "finger3joint2": {"matrix": [[-0.519739031791687, 0.07851739227771759, -0.8507091999053955, -2.3661577701568604], [0.7103764414787292, 0.5928830504417419, -0.379282146692276, -0.021122515201568604], [0.4745911657810211, -0.8014513850212097, -0.3639214038848877, -0.25368964672088623], [0.0, 0.0, 0.0, 1.0]]}, "finger3joint3": {"matrix": [[-0.3647336959838867, 0.41370338201522827, -0.834157407283783, -2.3153505325317383], [0.7925695180892944, 0.6081226468086243, -0.04494895413517952, 0.36252039670944214], [0.4886747896671295, -0.6775221228599548, -0.5496914386749268, -0.7722930312156677], [0.0, 0.0, 0.0, 1.0]]}, "Bone.003": {"matrix": [[-0.7844923138618469, -0.21122686564922333, 0.5830563902854919, -1.4702649116516113], [-0.14957338571548462, -0.8479973673820496, -0.5084567666053772, -0.2569100856781006], [0.6018300652503967, -0.4860903024673462, 0.6336534023284912, 0.5669464468955994], [0.0, 0.0, 0.0, 1.0]]}, "finger4joint1": {"matrix": [[-0.537472128868103, -0.6315076351165771, -0.5588571429252625, -1.5608010292053223], [0.6504298448562622, 0.11134523153305054, -0.7513607740402222, -0.6203782558441162], [0.5367165207862854, -0.7673328518867493, 0.35090646147727966, 0.35859864950180054], [0.0, 0.0, 0.0, 1.0]]}, "finger4joint2": {"matrix": [[-0.5624983906745911, -0.17156252264976501, -0.8088024258613586, -2.188114643096924], [0.6381810903549194, 0.5318490266799927, -0.556651771068573, -0.5097724199295044], [0.5256617069244385, -0.8292781710624695, -0.18967629969120026, -0.4036383628845215], [0.0, 0.0, 0.0, 1.0]]}, "finger4joint3": {"matrix": [[-0.5343981981277466, 0.16691824793815613, -0.8285869359970093, -2.259667158126831], [0.5998364090919495, 0.7655535340309143, -0.2326452136039734, -0.2879579961299896], [0.5954952239990234, -0.6213418245315552, -0.5092341303825378, -0.749499499797821], [0.0, 0.0, 0.0, 1.0]]}}