{"root": {"matrix": [[0.5083482265472412, -0.20834757387638092, -0.8355676531791687, -1.4901161193847656e-08], [-0.776913046836853, -0.5295053124427795, -0.3406321704387665, 0.0], [-0.3714676797389984, 0.8223231434822083, -0.43104106187820435, 0.0], [0.0, 0.0, 0.0, 1.0]]}, "carpals": {"matrix": [[0.4927663207054138, -0.8637621998786926, 0.10533810406923294, 1.0396220684051514], [0.7938997149467468, 0.49583253264427185, 0.35195598006248474, -2.2369608879089355], [-0.35623639822006226, -0.08980420231819153, 0.9300702214241028, 0.013299159705638885], [0.0, 0.0, 0.0, 1.0]]}, "metacarpals": {"matrix": [[0.09669502824544907, -0.7992317080497742, 0.5931935906410217, 0.19832301139831543], [0.11663464456796646, 0.6009788513183594, 0.7907087802886963, -1.7540229558944702], [-0.9884564876556396, -0.007270727306604385, 0.15132975578308105, -0.0741695910692215], [0.0, 0.0, 0.0, 1.0]]}, "finger5joint1": {"matrix": [[-0.2626846432685852, -0.8945839405059814, 0.3615470230579376, -0.5187612771987915], [0.3872658610343933, 0.24545063078403473, 0.8886950016021729, -1.7568000555038452], [-0.883754312992096, 0.37346139550209045, 0.2819657027721405, 0.03286924958229065], [0.0, 0.0, 0.0, 1.0]]}, "finger5joint2": {"matrix": [[0.3520410656929016, -0.805677592754364, -0.47639280557632446, -1.4636855125427246], [0.9017185568809509, 0.4283933937549591, -0.058156099170446396, -1.49753737449646], [0.25093865394592285, -0.4090990424156189, 0.8773068785667419, 0.42734619975090027], [0.0, 0.0, 0.0, 1.0]]}, "finger5joint3": {"matrix": [[0.30098044872283936, -0.5276516079902649, -0.7943512797355652, -2.0174560546875], [0.9396015405654907, 0.3064357042312622, 0.15246441960334778, -1.203087568283081], [0.16296949982643127, -0.792262852191925, 0.5880136489868164, 0.14615806937217712], [0.0, 0.0, 0.0, 1.0]]}, "Bone": {"matrix": [[0.7515097856521606, -0.13349975645542145, 0.6460732817649841, -1.0494996309280396], [-0.6404428482055664, 0.08738753944635391, 0.7630176544189453, -0.8157281875610352], [-0.15832138061523438, -0.987188458442688, -0.01982642337679863, -0.0855211615562439], [0.0, 0.0, 0.0, 1.0]]}, "finger1joint1": {"matrix": [[0.2129497528076172, -0.9343478083610535, 0.2857384979724884, -1.1605963706970215], [0.05886996537446976, 0.30418455600738525, 0.950792133808136, -0.7430053353309631], [-0.975287914276123, -0.18564963340759277, 0.1197810024023056, -0.9070472717285156], [0.0, 0.0, 0.0, 1.0]]}, "finger1joint2": {"matrix": [[0.13448745012283325, -0.8971954584121704, -0.42065832018852234, -1.6886695623397827], [-0.23949675261974335, -0.44135963916778564, 0.8647789359092712, -0.5710868239402771], [-0.9615374207496643, -0.015555640682578087, -0.27423280477523804, -1.011972427368164], [0.0, 0.0, 0.0, 1.0]]}, "finger1joint3": {"matrix": [[0.12401911616325378, -0.413269966840744, -0.9021236300468445, -2.073282480239868], [-0.13433243334293365, -0.9077653884887695, 0.3973870873451233, -0.7602903842926025], [-0.9831449389457703, 0.07190088927745819, -0.1680958867073059, -1.0186408758163452], [0.0, 0.0, 0.0, 1.0]]}, "Bone.001": {"matrix": [[0.7326441407203674, -0.16679759323596954, 0.6598567962646484, -1.04949951171875], [-0.4783931374549866, 0.5634076595306396, 0.6735810041427612, -0.8157281875610352], [-0.48412004113197327, -0.8091662526130676, 0.33298251032829285, -0.08552122116088867], [0.0, 0.0, 0.0, 1.0]]}, "finger2joint1": {"matrix": [[0.46254611015319824, -0.6878882050514221, 0.5593395829200745, -1.1552298069000244], [-0.09247848391532898, 0.5900096893310547, 0.8020822405815125, -0.4585932493209839], [-0.8817586898803711, -0.42272698879241943, 0.20929183065891266, -0.5984384417533875], [0.0, 0.0, 0.0, 1.0]]}, "finger2joint2": {"matrix": [[0.3447665572166443, -0.8857155442237854, -0.31087589263916016, -1.7503557205200195], [-0.11246926337480545, -0.36777257919311523, 0.9230891466140747, 0.0518529936671257], [-0.9319261908531189, -0.28328627347946167, -0.22641152143478394, -0.9641602039337158], [0.0, 0.0, 0.0, 1.0]]}, "finger2joint3": {"matrix": [[0.267291396856308, -0.2567442059516907, -0.9287828207015991, -2.08658766746521], [-0.23593738675117493, -0.9519511461257935, 0.19524890184402466, -0.08775949478149414], [-0.9342849850654602, 0.16694632172584534, -0.3150239586830139, -1.0717003345489502], [0.0, 0.0, 0.0, 1.0]]}, "Bone.002": {"matrix": [[0.3983606994152069, -0.5490692257881165, 0.7347323894500732, -1.0494996309280396], [0.039407044649124146, 0.8105404376983643, 0.5843551754951477, -0.8157281875610352], [-0.9163818359375, -0.2038305401802063, 0.34452465176582336, -0.08552121371030807], [0.0, 0.0, 0.0, 1.0]]}, "finger3joint1": {"matrix": [[0.17864905297756195, -0.011988729238510132, 0.9838398098945618, -1.280937910079956], [0.05790967121720314, 0.9983202815055847, 0.001649837358854711, -0.4740772247314453], [-0.9822072386741638, 0.05667908489704132, 0.17904318869113922, -0.1714378297328949], [0.0, 0.0, 0.0, 1.0]]}, "finger3joint2": {"matrix": [[0.13620367646217346, -0.9050254821777344, 0.40296077728271484, -1.2914540767669678], [0.21492981910705566, 0.4240579903125763, 0.8797611594200134, 0.40163087844848633], [-0.9670851230621338, -0.033218346536159515, 0.2522752285003662, -0.12171997129917145], [0.0, 0.0, 0.0, 1.0]]}, "finger3joint3": {"matrix": [[0.02142821066081524, -0.9334307312965393, -0.3581172227859497, -1.8770781755447388], [0.08469545096158981, -0.3552170395851135, 0.9309388399124146, 0.6760304570198059], [-0.9961764216423035, -0.05027920380234718, 0.07144571095705032, -0.14321491122245789], [0.0, 0.0, 0.0, 1.0]]}, "Bone.003": {"matrix": [[0.37903255224227905, -0.17184336483478546, 0.9092877507209778, -1.0494996309280396], [0.7577741146087646, 0.6216246485710144, -0.19839584827423096, -0.8157281875610352], [-0.5311426520347595, 0.7642332315444946, 0.36583447456359863, -0.08552120625972748], [0.0, 0.0, 0.0, 1.0]]}, "finger4joint1": {"matrix": [[0.6232208013534546, -0.4977068603038788, 0.6032276153564453, -1.1231549978256226], [-0.3308350741863251, 0.5311363935470581, 0.7800267338752747, -0.549287736415863], [-0.7086209654808044, -0.6856978535652161, 0.1663563847541809, 0.24204406142234802], [0.0, 0.0, 0.0, 1.0]]}, "finger4joint2": {"matrix": [[0.6231801509857178, -0.7042616605758667, 0.34009069204330444, -1.6175565719604492], [-0.3034486472606659, 0.1830502450466156, 0.9350994825363159, -0.0216786228120327], [-0.7208085060119629, -0.6859356164932251, -0.09963402897119522, -0.43910014629364014], [0.0, 0.0, 0.0, 1.0]]}, "finger4joint3": {"matrix": [[0.6745238304138184, -0.7219527363777161, 0.15427769720554352, -1.9112780094146729], [-0.3312613070011139, -0.10922526568174362, 0.9371954202651978, 0.054664839059114456], [-0.6597598791122437, -0.6832669973373413, -0.3128301203250885, -0.7251783609390259], [0.0, 0.0, 0.0, 1.0]]}}