{"root": {"matrix": [[0.37771153450012207, -0.8020248413085938, 0.4626988172531128, 0.0], [0.3393450081348419, -0.34504055976867676, -0.8750954270362854, 2.9802322387695312e-08], [0.8614981174468994, 0.4875481426715851, 0.1418372541666031, 0.0], [0.0, 0.0, 0.0, 1.0]]}, "carpals": {"matrix": [[-0.7033472657203674, -0.5855100750923157, -0.40308842062950134, 0.01713031530380249], [0.5576968193054199, -0.10290955007076263, -0.8236405849456787, 0.5280722975730896], [0.44076836109161377, -0.8041064143180847, 0.3989182114601135, 2.409529209136963], [0.0, 0.0, 0.0, 1.0]]}, "metacarpals": {"matrix": [[-0.9148407578468323, -0.3688089847564697, 0.16445688903331757, -0.5531529784202576], [-0.07619044929742813, -0.2422974556684494, -0.9672057032585144, 0.4278390407562256], [0.39656174182891846, -0.8973692059516907, 0.19356371462345123, 1.6263344287872314], [0.0, 0.0, 0.0, 1.0]]}, "finger5joint1": {"matrix": [[-0.8201737999916077, -0.52840256690979, 0.21932931244373322, -0.670750081539154], [-0.044379010796546936, -0.3234509527683258, -0.9452036023139954, 0.7008130550384521], [0.5703904628753662, -0.7849647998809814, 0.24183586239814758, 0.9650245904922485], [0.0, 0.0, 0.0, 1.0]]}, "finger5joint2": {"matrix": [[0.28370943665504456, -0.8686893582344055, 0.4060628414154053, -1.2288870811462402], [-0.9161514043807983, -0.3705980181694031, -0.1527199000120163, 0.35916081070899963], [0.28315213322639465, -0.32868677377700806, -0.9009934663772583, 0.135888010263443], [0.0, 0.0, 0.0, 1.0]]}, "finger5joint3": {"matrix": [[0.1785859912633896, -0.9540400505065918, 0.24065326154232025, -1.825967788696289], [-0.9369442462921143, -0.23956847190856934, -0.254444420337677, 0.10443580150604248], [0.30040299892425537, -0.1800382435321808, -0.9366661906242371, -0.09002994000911713], [0.0, 0.0, 0.0, 1.0]]}, "Bone": {"matrix": [[0.20782755315303802, -0.9778056740760803, 0.02652451954782009, -1.1289660930633545], [0.3085406720638275, 0.039798252284526825, -0.9503781199455261, 0.04954543337225914], [0.9282295107841492, 0.20569880306720734, 0.3099638819694519, 0.22529202699661255], [0.0, 0.0, 0.0, 1.0]]}, "finger1joint1": {"matrix": [[-0.8528695702552795, -0.4775986671447754, -0.210980623960495, -1.9426839351654053], [-0.055942196398973465, 0.48534247279167175, -0.8725325465202332, 0.08266505599021912], [0.5191183090209961, -0.7323535680770874, -0.4406517446041107, 0.3964720070362091], [0.0, 0.0, 0.0, 1.0]]}, "finger1joint2": {"matrix": [[-0.7384145855903625, -0.05084903910756111, -0.6724270582199097, -2.2126123905181885], [0.20266743004322052, 0.9343202114105225, -0.2932092249393463, 0.35697007179260254], [0.6431716680526733, -0.35278886556625366, -0.6796100735664368, -0.017438381910324097], [0.0, 0.0, 0.0, 1.0]]}, "finger1joint3": {"matrix": [[-0.8003517389297485, 0.18726396560668945, -0.5695342421531677, -2.234410524368286], [0.13751670718193054, 0.9819804430007935, 0.129628524184227, 0.7574977874755859], [0.5835463404655457, 0.02542802132666111, -0.8116814494132996, -0.16867315769195557], [0.0, 0.0, 0.0, 1.0]]}, "Bone.001": {"matrix": [[-0.13363641500473022, -0.9164336919784546, 0.3772137463092804, -1.128966212272644], [0.18945717811584473, -0.3972322642803192, -0.8979489803314209, 0.04954543709754944], [0.9727522134780884, -0.04853278771042824, 0.2267094850540161, 0.22529202699661255], [0.0, 0.0, 0.0, 1.0]]}, "finger2joint1": {"matrix": [[-0.8651395440101624, -0.325094610452652, 0.3818988800048828, -1.7098785638809204], [-0.024058116599917412, -0.7336889505386353, -0.6790593266487122, -0.2022535800933838], [0.5009536147117615, -0.5966688990592957, 0.626922070980072, 0.19452786445617676], [0.0, 0.0, 0.0, 1.0]]}, "finger2joint2": {"matrix": [[-0.9225685596466064, -0.3808523416519165, 0.0617944560945034, -1.9911339282989502], [-0.027451135218143463, -0.0949612632393837, -0.9951023459434509, -0.8370038270950317], [0.3848552703857422, -0.9197463393211365, 0.07715333998203278, -0.32167956233024597], [0.0, 0.0, 0.0, 1.0]]}, "finger2joint3": {"matrix": [[-0.9619693756103516, -0.1528620570898056, -0.2263796180486679, -2.135711431503296], [0.050864044576883316, 0.7140175104141235, -0.6982775926589966, -0.873052716255188], [0.2683793306350708, -0.6832361817359924, -0.6790878772735596, -0.6708303689956665], [0.0, 0.0, 0.0, 1.0]]}, "Bone.002": {"matrix": [[-0.7406994700431824, -0.5175175666809082, 0.42841529846191406, -1.128966212272644], [-0.12707306444644928, -0.5182496905326843, -0.8457362055778503, 0.04954543709754944], [0.6597095131874084, -0.6808763146400452, 0.31810450553894043, 0.22529205679893494], [0.0, 0.0, 0.0, 1.0]]}, "finger3joint1": {"matrix": [[0.08496633172035217, -0.9755563139915466, 0.20265869796276093, -1.3471051454544067], [0.16041813790798187, -0.18734709918498993, -0.9691063165664673, -0.16890199482440948], [0.9833852052688599, 0.11485181748867035, 0.14057855308055878, -0.06170416623353958], [0.0, 0.0, 0.0, 1.0]]}, "finger3joint2": {"matrix": [[-0.07828641682863235, -0.21117764711380005, -0.9743075370788574, -2.2028448581695557], [0.1662483662366867, 0.9608568549156189, -0.22162048518657684, -0.33323943614959717], [0.9829712510108948, -0.17932675778865814, -0.04011379927396774, 0.039041727781295776], [0.0, 0.0, 0.0, 1.0]]}, "finger3joint3": {"matrix": [[0.0762924775481224, 0.48745569586753845, -0.8698081374168396, -2.339493751525879], [0.24861383438110352, 0.8354984521865845, 0.4900343120098114, 0.28851214051246643], [0.9655932188034058, -0.2536323368549347, -0.057445671409368515, -0.0769970715045929], [0.0, 0.0, 0.0, 1.0]]}, "Bone.003": {"matrix": [[-0.5300477743148804, 0.5366591215133667, 0.6565410494804382, -1.128966212272644], [-0.806659996509552, -0.5578228235244751, -0.19527755677700043, 0.04954545199871063], [0.2614360749721527, -0.6331120133399963, 0.7285740375518799, 0.22529202699661255], [0.0, 0.0, 0.0, 1.0]]}, "finger4joint1": {"matrix": [[-0.5976085066795349, -0.7820417881011963, 0.17684553563594818, -0.8989436030387878], [0.05775749683380127, -0.26197993755340576, -0.9633433222770691, -0.18954825401306152], [0.799704909324646, -0.5654879212379456, 0.2017301321029663, -0.04607200622558594], [0.0, 0.0, 0.0, 1.0]]}, "finger4joint2": {"matrix": [[-0.6118519306182861, -0.7076840400695801, -0.3532988429069519, -1.6757919788360596], [0.03312383592128754, 0.4233476221561432, -0.9053614735603333, -0.4497883915901184], [0.7902782559394836, -0.5656496286392212, -0.23558485507965088, -0.607804536819458], [0.0, 0.0, 0.0, 1.0]]}, "finger4joint3": {"matrix": [[-0.5456734299659729, -0.5700733661651611, -0.6142119765281677, -1.9709405899047852], [0.011058660224080086, 0.7279894351959229, -0.6854990124702454, -0.2732257843017578], [0.8379247188568115, -0.38085082173347473, -0.39094018936157227, -0.843716025352478], [0.0, 0.0, 0.0, 1.0]]}}