{"root": {"matrix": [[0.13486473262310028, -0.8881491422653198, 0.43932056427001953, -5.960464477539063e-08], [0.5361141562461853, -0.30746349692344666, -0.7861601710319519, -2.9802322387695312e-08], [0.8333026170730591, 0.3415512442588806, 0.43468326330184937, 0.0], [0.0, 0.0, 0.0, 1.0]]}, "carpals": {"matrix": [[-0.7555111050605774, -0.29544132947921753, -0.5847368240356445, -0.6137329339981079], [0.6520628929138184, -0.2527637481689453, -0.7147897481918335, 0.9998430013656616], [0.06337825953960419, -0.9213167428970337, 0.38361212611198425, 2.169938087463379], [0.0, 0.0, 0.0, 1.0]]}, "metacarpals": {"matrix": [[-0.9178179502487183, -0.3954086899757385, -0.035524237900972366, -0.901491105556488], [0.2434505671262741, -0.4898875057697296, -0.8371033072471619, 0.7536525726318359], [0.31359511613845825, -0.7769567966461182, 0.5458899140357971, 1.2725812196731567], [0.0, 0.0, 0.0, 1.0]]}, "finger5joint1": {"matrix": [[-0.825879693031311, -0.5634829998016357, -0.020235951989889145, -0.9514795541763306], [0.2669479250907898, -0.35914117097854614, -0.8942909836769104, 0.775728702545166], [0.4966502785682678, -0.7439785599708557, 0.44702792167663574, 0.5496091842651367], [0.0, 0.0, 0.0, 1.0]]}, "finger5joint2": {"matrix": [[0.04076214134693146, -0.5498878359794617, 0.8342428803443909, -1.5466710329055786], [-0.883732259273529, -0.4094245135784149, -0.22669044137001038, 0.396377831697464], [0.46621382236480713, -0.728006899356842, -0.5026429295539856, -0.23623478412628174], [0.0, 0.0, 0.0, 1.0]]}, "finger5joint3": {"matrix": [[-0.056741487234830856, -0.6985920071601868, 0.7132664322853088, -1.9246282577514648], [-0.9042683839797974, -0.26685261726379395, -0.3332986831665039, 0.1149660050868988], [0.4231768250465393, -0.6638961434364319, -0.6165732741355896, -0.7366194725036621], [0.0, 0.0, 0.0, 1.0]]}, "Bone": {"matrix": [[0.2504644989967346, -0.9532349109649658, -0.16914670169353485, -1.5188336372375488], [0.5906312465667725, 0.28888699412345886, -0.7534579634666443, -0.01119782030582428], [0.7670866250991821, 0.0888112261891365, 0.6353661417961121, 0.0595359280705452], [0.0, 0.0, 0.0, 1.0]]}, "finger1joint1": {"matrix": [[-0.573574960231781, -0.5580518245697021, -0.5996580719947815, -2.3121042251586914], [0.16504614055156708, 0.6383036375045776, -0.7518830299377441, 0.22921037673950195], [0.8023536205291748, -0.5302324295043945, -0.2740105986595154, 0.13344351947307587], [0.0, 0.0, 0.0, 1.0]]}, "finger1joint2": {"matrix": [[-0.352493017911911, 0.3444075882434845, -0.8701332807540894, -2.6275031566619873], [0.37332624197006226, 0.9043739438056946, 0.20672515034675598, 0.5899657011032104], [0.8581235408782959, -0.2519744038581848, -0.4473617672920227, -0.16623236238956451], [0.0, 0.0, 0.0, 1.0]]}, "finger1joint3": {"matrix": [[-0.451198548078537, 0.8731551766395569, -0.18444477021694183, -2.47986102104187], [0.3589111268520355, 0.3667701184749603, 0.8582903742790222, 0.9776560068130493], [0.8170695304870605, 0.3210600018501282, -0.4788711369037628, -0.2742496430873871], [0.0, 0.0, 0.0, 1.0]]}, "Bone.001": {"matrix": [[-0.10859043896198273, -0.97648686170578, 0.18622899055480957, -1.518833875656128], [0.5603106021881104, -0.21486623585224152, -0.7999277114868164, -0.01119782030582428], [0.8211331963539124, 0.01748163253068924, 0.5704683065414429, 0.0595359280705452], [0.0, 0.0, 0.0, 1.0]]}, "finger2joint1": {"matrix": [[-0.8189117312431335, -0.22612032294273376, -0.5274968147277832, -2.137812852859497], [0.2743419408798218, 0.6530753374099731, -0.7058533430099487, -0.14739805459976196], [0.5041029453277588, -0.7227460741996765, -0.47277671098709106, 0.07061725854873657], [0.0, 0.0, 0.0, 1.0]]}, "finger2joint2": {"matrix": [[-0.7837387323379517, 0.013495804741978645, -0.6209439039230347, -2.3334403038024902], [0.39632752537727356, 0.7806259989738464, -0.4832673966884613, 0.41760939359664917], [0.4782029390335083, -0.6248524188995361, -0.6171554923057556, -0.554665744304657], [0.0, 0.0, 0.0, 1.0]]}, "finger2joint3": {"matrix": [[-0.7183794379234314, 0.3411445915699005, -0.6062599420547485, -2.328317403793335], [0.5248331427574158, 0.8378017544746399, -0.15045981109142303, 0.7139478921890259], [0.45659714937210083, -0.42627251148223877, -0.7809034585952759, -0.7918699979782104], [0.0, 0.0, 0.0, 1.0]]}, "Bone.002": {"matrix": [[-0.7616181969642639, -0.5997751951217651, 0.2453717291355133, -1.518833875656128], [0.2643113434314728, -0.6332301497459412, -0.7274332046508789, -0.011197805404663086], [0.5916732549667358, -0.48917168378829956, 0.6408068537712097, 0.05953593552112579], [0.0, 0.0, 0.0, 1.0]]}, "finger3joint1": {"matrix": [[-0.8733740448951721, -0.3685493469238281, 0.3184164762496948, -1.7716450691223145], [0.28899112343788147, -0.9183778762817383, -0.2703075408935547, -0.27811068296432495], [0.39204850792884827, -0.14406000077724457, 0.9085947275161743, -0.14665482938289642], [0.0, 0.0, 0.0, 1.0]]}, "finger3joint2": {"matrix": [[-0.9323489665985107, -0.24535366892814636, -0.2655688524246216, -2.0949296951293945], [0.15040503442287445, 0.4047480523586273, -0.9019742012023926, -1.0836948156356812], [0.3287912905216217, -0.8808974623680115, -0.34046387672424316, -0.2730215787887573], [0.0, 0.0, 0.0, 1.0]]}, "finger3joint3": {"matrix": [[-0.8854204416275024, 0.14124006032943726, -0.4428112208843231, -2.253693103790283], [0.31983616948127747, 0.876424252986908, -0.35997968912124634, -0.821790337562561], [0.3372470736503601, -0.46036049723625183, -0.8211774230003357, -0.843032956123352], [0.0, 0.0, 0.0, 1.0]]}, "Bone.003": {"matrix": [[-0.6848556399345398, 0.42426079511642456, 0.5924317836761475, -1.5188337564468384], [-0.5408361554145813, -0.8408113718032837, -0.02307700179517269, -0.011197805404663086], [0.48833268880844116, -0.33621299266815186, 0.8052898645401001, 0.05953594297170639], [0.0, 0.0, 0.0, 1.0]]}, "finger4joint1": {"matrix": [[-0.8051022887229919, -0.5352530479431152, 0.25556620955467224, -1.3369873762130737], [0.40270721912384033, -0.8096194267272949, -0.42701640725135803, -0.3715859055519104], [0.43547338247299194, -0.24087348580360413, 0.8673767447471619, -0.0845714807510376], [0.0, 0.0, 0.0, 1.0]]}, "finger4joint2": {"matrix": [[-0.8120751976966858, -0.5406422019004822, -0.2196347564458847, -1.8686857223510742], [0.3757214844226837, -0.1964254379272461, -0.9056766033172607, -1.1758286952972412], [0.44650527834892273, -0.817999005317688, 0.3626432418823242, -0.3238453269004822], [0.0, 0.0, 0.0, 1.0]]}, "finger4joint3": {"matrix": [[-0.7610230445861816, -0.3240336775779724, -0.5620014071464539, -2.094167709350586], [0.40395763516426086, 0.4411601722240448, -0.8013710975646973, -1.257750391960144], [0.5076040029525757, -0.8368867635726929, -0.20483709871768951, -0.6650023460388184], [0.0, 0.0, 0.0, 1.0]]}}