{"root": {"matrix": [[0.20891237258911133, -0.8382101058959961, -0.503745436668396, 0.0], [-0.4420171082019806, 0.3785562813282013, -0.8132134079933167, 2.9802322387695312e-08], [0.8723396062850952, 0.39255449175834656, -0.2914181649684906, 0.0], [0.0, 0.0, 0.0, 1.0]]}, "carpals": {"matrix": [[0.31670692563056946, -0.937232494354248, -0.1459171622991562, -0.2913694977760315], [0.4166290760040283, -0.0007474177982658148, 0.9090760946273804, -0.5376465320587158], [-0.8521246910095215, -0.34870412945747375, 0.3902418315410614, 2.389775037765503], [0.0, 0.0, 0.0, 1.0]]}, "metacarpals": {"matrix": [[0.7025347352027893, -0.407181054353714, 0.5836508870124817, -1.204228162765503], [-0.4879998564720154, 0.32130134105682373, 0.8115548491477966, -0.5383745431900024], [-0.5179777145385742, -0.8549671173095703, 0.027021249756217003, 2.0501394271850586], [0.0, 0.0, 0.0, 1.0]]}, "finger5joint1": {"matrix": [[0.6192594170570374, -0.5241838097572327, 0.5845929384231567, -1.7999598979949951], [-0.398115336894989, 0.4321143925189972, 0.8091853857040405, -0.6032377481460571], [-0.6767730712890625, -0.7338311076164246, 0.0589054673910141, 1.6420074701309204], [0.0, 0.0, 0.0, 1.0]]}, "finger5joint2": {"matrix": [[0.6088194251060486, 0.06045510247349739, -0.7910017371177673, -2.3536407947540283], [0.752454400062561, 0.2718445658683777, 0.5999269485473633, -0.14680729806423187], [0.25129836797714233, -0.960439920425415, 0.12001476436853409, 0.8668820261955261], [0.0, 0.0, 0.0, 1.0]]}, "finger5joint3": {"matrix": [[0.6544249057769775, 0.30529776215553284, -0.691752016544342, -2.3120880126953125], [0.7403717637062073, -0.07294517755508423, 0.6682275533676147, 0.0400410033762455], [0.15354856848716736, -0.949458658695221, -0.273770809173584, 0.20673802495002747], [0.0, 0.0, 0.0, 1.0]]}, "Bone": {"matrix": [[0.4599730670452118, 0.5227851271629333, 0.7177188396453857, -1.8399510383605957], [-0.46029290556907654, -0.5508291721343994, 0.6962164044380188, -0.03673389554023743], [0.7593120336532593, -0.6506019234657288, -0.012732147239148617, 0.7152984142303467], [0.0, 0.0, 0.0, 1.0]]}, "finger1joint1": {"matrix": [[0.7669291496276855, -0.5067393779754639, 0.39374440908432007, -1.4048957824707031], [-0.5055497288703918, -0.09916441887617111, 0.8570796847343445, -0.4951271414756775], [-0.39527082443237305, -0.8563768863677979, -0.33223387598991394, 0.17387545108795166], [0.0, 0.0, 0.0, 1.0]]}, "finger1joint2": {"matrix": [[0.6206153631210327, -0.7639085054397583, -0.17686210572719574, -1.691293716430664], [-0.7404040694236755, -0.6451740860939026, 0.1885523796081543, -0.5511727333068848], [-0.2581438422203064, 0.013930737040936947, -0.9660059809684753, -0.31013017892837524], [0.0, 0.0, 0.0, 1.0]]}, "finger1joint3": {"matrix": [[0.6271188259124756, -0.5656716227531433, -0.5354787111282349, -2.018768787384033], [-0.6933316588401794, -0.7186830043792725, -0.05278029292821884, -0.82774817943573], [-0.354983389377594, 0.4043636620044708, -0.8428977727890015, -0.3041583299636841], [0.0, 0.0, 0.0, 1.0]]}, "Bone.001": {"matrix": [[0.6909320950508118, 0.5329879522323608, 0.488401859998703, -1.8399509191513062], [-0.533990204334259, -0.07913043349981308, 0.8417792916297913, -0.03673391416668892], [0.4873057007789612, -0.842414379119873, 0.22993682324886322, 0.7152984142303467], [0.0, 0.0, 0.0, 1.0]]}, "finger2joint1": {"matrix": [[0.8401628732681274, -0.1793183535337448, 0.5118309855461121, -1.5020986795425415], [-0.5168009400367737, 0.021451402455568314, 0.8558365702629089, -0.08689340204000473], [-0.16444680094718933, -0.9835570454597473, -0.07464904338121414, 0.18130576610565186], [0.0, 0.0, 0.0, 1.0]]}, "finger2joint2": {"matrix": [[0.7695947289466858, -0.539739191532135, 0.34118226170539856, -1.6572357416152954], [-0.5896130800247192, -0.3955760896205902, 0.704184353351593, -0.06833472847938538], [-0.24511252343654633, -0.7431022524833679, -0.6226705312728882, -0.6696176528930664], [0.0, 0.0, 0.0, 1.0]]}, "finger2joint3": {"matrix": [[0.6690245270729065, -0.7329705357551575, -0.12312622368335724, -1.8621296882629395], [-0.6916401982307434, -0.6746238470077515, 0.25790706276893616, -0.21850192546844482], [-0.27210238575935364, -0.08738726377487183, -0.9582919478416443, -0.9517114162445068], [0.0, 0.0, 0.0, 1.0]]}, "Bone.002": {"matrix": [[0.8590997457504272, -0.04100975766777992, 0.5101624727249146, -1.8399509191513062], [-0.45110023021698, 0.4102064371109009, 0.7926152944564819, -0.03673391044139862], [-0.2417769879102707, -0.911069929599762, 0.33390894532203674, 0.7152984142303467], [0.0, 0.0, 0.0, 1.0]]}, "finger3joint1": {"matrix": [[0.7418343424797058, 0.17619386315345764, 0.6470221281051636, -1.8572371006011963], [-0.5153726935386658, 0.7671180963516235, 0.3819955587387085, 0.13617229461669922], [-0.4290372431278229, -0.6168347001075745, 0.6598801016807556, 0.33127325773239136], [0.0, 0.0, 0.0, 1.0]]}, "finger3joint2": {"matrix": [[0.7346964478492737, -0.3989560306072235, 0.5486850142478943, -1.7026829719543457], [-0.402016282081604, 0.39544352889060974, 0.825837254524231, 0.8090740442276001], [-0.5464467406272888, -0.827319860458374, 0.13014434278011322, -0.2098027467727661], [0.0, 0.0, 0.0, 1.0]]}, "finger3joint3": {"matrix": [[0.6112527251243591, -0.63463294506073, 0.47287535667419434, -1.9608395099639893], [-0.5150455236434937, 0.13468167185783386, 0.8465156555175781, 1.0649577379226685], [-0.600914478302002, -0.7609873414039612, -0.24454012513160706, -0.7451450824737549], [0.0, 0.0, 0.0, 1.0]]}, "Bone.003": {"matrix": [[0.827049732208252, -0.4023342430591583, 0.3925759196281433, -1.8399509191513062], [0.3365136682987213, 0.913773238658905, 0.22754520177841187, -0.036733925342559814], [-0.4502744674682617, -0.05608385056257248, 0.8911270499229431, 0.7152984142303467], [0.0, 0.0, 0.0, 1.0]]}, "finger4joint1": {"matrix": [[0.8162644505500793, 0.02328210510313511, 0.5772088766098022, -2.012399196624756], [-0.577444314956665, 0.004458196461200714, 0.8164176344871521, 0.35492706298828125], [0.016434503719210625, -0.9997187852859497, 0.017083439975976944, 0.6912597417831421], [0.0, 0.0, 0.0, 1.0]]}, "finger4joint2": {"matrix": [[0.8275773525238037, -0.21822890639305115, 0.5171958804130554, -1.9892717599868774], [-0.561317503452301, -0.3115968704223633, 0.7667004466056824, 0.359355628490448], [-0.0061597018502652645, -0.9248152375221252, -0.38036608695983887, -0.30181989073753357], [0.0, 0.0, 0.0, 1.0]]}, "finger4joint3": {"matrix": [[0.8351988792419434, -0.2907925546169281, 0.4667784869670868, -2.080286979675293], [-0.5446285009384155, -0.5551146864891052, 0.628670871257782, 0.229400172829628], [0.0763026773929596, -0.7792863249778748, -0.6220049858093262, -0.6875259876251221], [0.0, 0.0, 0.0, 1.0]]}}