{"root": {"matrix": [[0.4550566077232361, -0.5088940858840942, -0.7307190299034119, 0.0], [-0.8802037835121155, -0.13286252319812775, -0.4556191861629486, 0.0], [0.13477666676044464, 0.8505141735076904, -0.508390486240387, 5.960464477539063e-08], [0.0, 0.0, 0.0, 1.0]]}, "carpals": {"matrix": [[0.6357631683349609, -0.7617210149765015, -0.12484438717365265, 0.613136887550354], [0.6673154830932617, 0.4611104130744934, 0.5848647952079773, -2.069382429122925], [-0.3879368007183075, -0.4551461935043335, 0.8014653921127319, 1.1944475173950195], [0.0, 0.0, 0.0, 1.0]]}, "metacarpals": {"matrix": [[0.3944244086742401, -0.7592310905456543, 0.5176846981048584, -0.12877464294433594], [0.017914241179823875, 0.5696026682853699, 0.8217247128486633, -1.6202635765075684], [-0.9187536835670471, -0.3148343861103058, 0.23826630413532257, 0.7511378526687622], [0.0, 0.0, 0.0, 1.0]]}, "finger5joint1": {"matrix": [[-0.03449881449341774, -0.9616006016731262, 0.27227556705474854, -0.8442114591598511], [0.3045458197593689, 0.24936535954475403, 0.9192759990692139, -1.6363829374313354], [-0.9518725872039795, 0.11463437229394913, 0.2842487096786499, 0.6346662640571594], [0.0, 0.0, 0.0, 1.0]]}, "finger5joint2": {"matrix": [[0.2716391086578369, -0.5284059047698975, -0.8043623566627502, -1.8599236011505127], [0.9339087605476379, 0.3465850055217743, 0.0877072736620903, -1.3729851245880127], [0.23243503272533417, -0.7750260233879089, 0.5876293182373047, 0.7557513117790222], [0.0, 0.0, 0.0, 1.0]]}, "finger5joint3": {"matrix": [[0.26499298214912415, 0.005404450464993715, -0.9642348885536194, -2.2231152057647705], [0.9559345245361328, 0.12957194447517395, 0.26343798637390137, -1.1347651481628418], [0.12636160850524902, -0.9915550947189331, 0.029169442132115364, 0.22304876148700714], [0.0, 0.0, 0.0, 1.0]]}, "Bone": {"matrix": [[0.7645084857940674, 0.17491205036640167, 0.6204292178153992, -1.3141453266143799], [-0.6274287700653076, -0.01884230598807335, 0.7784456610679626, -0.7309556603431702], [0.14784987270832062, -0.984403669834137, 0.09533978253602982, 0.2595939636230469], [0.0, 0.0, 0.0, 1.0]]}, "finger1joint1": {"matrix": [[0.5007773041725159, -0.842471182346344, 0.19865599274635315, -1.1685856580734253], [-0.03573610633611679, 0.20918823778629303, 0.9772219657897949, -0.7466359734535217], [-0.8648380637168884, -0.4964699149131775, 0.07465013861656189, -0.5596145987510681], [0.0, 0.0, 0.0, 1.0]]}, "finger1joint2": {"matrix": [[0.4332655966281891, -0.8755221366882324, -0.21387341618537903, -1.6447322368621826], [-0.3357384204864502, -0.37701255083084106, 0.863215446472168, -0.62840735912323], [-0.8363973498344421, -0.30219611525535583, -0.4572930335998535, -0.8402086496353149], [0.0, 0.0, 0.0, 1.0]]}, "finger1joint3": {"matrix": [[0.44120559096336365, -0.5619756579399109, -0.699657678604126, -2.0200541019439697], [-0.23253323137760162, -0.824608564376831, 0.5157020688056946, -0.7900263667106628], [-0.866756021976471, -0.0648370310664177, -0.49449998140335083, -0.9697551727294922], [0.0, 0.0, 0.0, 1.0]]}, "Bone.001": {"matrix": [[0.8460931777954102, 0.08828727155923843, 0.525672435760498, -1.3141453266143799], [-0.5003616809844971, 0.47151291370391846, 0.726163387298584, -0.7309556603431702], [-0.18375034630298615, -0.877428412437439, 0.4431195557117462, 0.2595939636230469], [0.0, 0.0, 0.0, 1.0]]}, "finger2joint1": {"matrix": [[0.6841809749603271, -0.5569353699684143, 0.470870703458786, -1.2581814527511597], [-0.1543412059545517, 0.5204449892044067, 0.8398305773735046, -0.43207135796546936], [-0.7127937078475952, -0.6472709774971008, 0.2701205611228943, -0.29659348726272583], [0.0, 0.0, 0.0, 1.0]]}, "finger2joint2": {"matrix": [[0.58455890417099, -0.7975828647613525, -0.1488366276025772, -1.7400134801864624], [-0.18359197676181793, -0.3087138533592224, 0.9332680702209473, 0.018191076815128326], [-0.7903067469596863, -0.5182250142097473, -0.3268912434577942, -0.8565793633460999], [0.0, 0.0, 0.0, 1.0]]}, "finger2joint3": {"matrix": [[0.5001655220985413, -0.34963458776474, -0.7922056913375854, -2.0427889823913574], [-0.3004399538040161, -0.9280993342399597, 0.2199249565601349, -0.09900179505348206], [-0.812139093875885, 0.12801137566566467, -0.5692476034164429, -1.053305983543396], [0.0, 0.0, 0.0, 1.0]]}, "Bone.002": {"matrix": [[0.6596355438232422, -0.4611172676086426, 0.5935080051422119, -1.3141453266143799], [-0.04123866930603981, 0.7662791013717651, 0.6411827802658081, -0.7309556603431702], [-0.7504533529281616, -0.44742244482040405, 0.4864491820335388, 0.2595939636230469], [0.0, 0.0, 0.0, 1.0]]}, "finger3joint1": {"matrix": [[0.470589816570282, 0.02667178586125374, 0.8819488883018494, -1.5085108280181885], [-0.037046194076538086, 0.9992586970329285, -0.010452283546328545, -0.40796127915382385], [-0.8815740942955017, -0.027754029259085655, 0.47122901678085327, 0.07100091874599457], [0.0, 0.0, 0.0, 1.0]]}, "finger3joint2": {"matrix": [[0.4343148171901703, -0.626279890537262, 0.647413432598114, -1.4851149320602417], [0.12185879796743393, 0.7529844045639038, 0.6466564536094666, 0.46856993436813354], [-0.8924802541732788, -0.20195932686328888, 0.4033501148223877, 0.04665559530258179], [0.0, 0.0, 0.0, 1.0]]}, "finger3joint3": {"matrix": [[0.28764307498931885, -0.851414680480957, 0.4385824203491211, -1.8903683423995972], [0.04858539626002312, 0.47031810879707336, 0.8811582922935486, 0.9558113813400269], [-0.9565045237541199, -0.23215030133724213, 0.17665015161037445, -0.08402828872203827], [0.0, 0.0, 0.0, 1.0]]}, "Bone.003": {"matrix": [[0.5226718783378601, -0.39804747700691223, 0.7539047598838806, -1.3141452074050903], [0.7117609977722168, 0.6904959082603455, -0.12888532876968384, -0.7309557199478149], [-0.46926558017730713, 0.6039648056030273, 0.6442175507545471, 0.25959399342536926], [0.0, 0.0, 0.0, 1.0]]}, "finger4joint1": {"matrix": [[0.7919399738311768, -0.30232131481170654, 0.5305023789405823, -1.4847562313079834], [-0.3604775071144104, 0.46976959705352783, 0.8058361411094666, -0.43499571084976196], [-0.49283549189567566, -0.8294081687927246, 0.2630494236946106, 0.5184650421142578], [0.0, 0.0, 0.0, 1.0]]}, "finger4joint2": {"matrix": [[0.7948980331420898, -0.49833163619041443, 0.34612488746643066, -1.7850697040557861], [-0.3339861035346985, 0.11688297241926193, 0.9353026747703552, 0.03165416046977043], [-0.5065471529960632, -0.8590713143348694, -0.07352572679519653, -0.30543503165245056], [0.0, 0.0, 0.0, 1.0]]}, "finger4joint3": {"matrix": [[0.8284225463867188, -0.5135321617126465, 0.22360798716545105, -1.9929053783416748], [-0.35619252920150757, -0.1749255657196045, 0.9178928732872009, 0.0804017037153244], [-0.4322529137134552, -0.8400508761405945, -0.32782861590385437, -0.6637217998504639], [0.0, 0.0, 0.0, 1.0]]}}