{"root": {"matrix": [[0.5832905769348145, 0.08313068002462387, 0.8079983592033386, 0.0], [0.6633797287940979, 0.5252708196640015, -0.5329333543777466, 0.0], [-0.46872103214263916, 0.8468647599220276, 0.25123828649520874, 0.0], [0.0, 0.0, 0.0, 1.0]]}, "carpals": {"matrix": [[-0.41310399770736694, -0.9104639887809753, 0.019999314099550247, 1.3096257448196411], [0.4318038523197174, -0.21516256034374237, -0.8759282827377319, 2.074275255203247], [0.8018044233322144, -0.3532138466835022, 0.4820263981819153, -0.2593211829662323], [0.0, 0.0, 0.0, 1.0]]}, "metacarpals": {"matrix": [[0.1511068493127823, -0.8524035215377808, 0.5005742311477661, 0.42283934354782104], [-0.7348276972770691, -0.4355776607990265, -0.5199040174484253, 1.8647081851959229], [0.6612070202827454, -0.2892748713493347, -0.6921886801719666, -0.6033494472503662], [0.0, 0.0, 0.0, 1.0]]}, "finger5joint1": {"matrix": [[0.0925251692533493, -0.9380893707275391, 0.3338069021701813, -0.29603511095046997], [-0.8095206022262573, -0.26606762409210205, -0.5233395099639893, 1.9589459896087646], [0.5797544717788696, -0.22180162370204926, -0.7840207815170288, -0.5997048616409302], [0.0, 0.0, 0.0, 1.0]]}, "finger5joint2": {"matrix": [[0.46184223890304565, -0.8468825817108154, -0.2636111378669739, -1.2869131565093994], [-0.42581841349601746, -0.4724210798740387, 0.7716842293739319, 1.6779061555862427], [-0.7780616879463196, -0.24414612352848053, -0.5788024663925171, -0.8339877128601074], [0.0, 0.0, 0.0, 1.0]]}, "finger5joint3": {"matrix": [[0.3945736289024353, -0.7735286355018616, -0.495947927236557, -1.8690052032470703], [-0.5098975896835327, -0.6333364248275757, 0.582141637802124, 1.3531945943832397], [-0.7644054293632507, 0.02318480610847473, -0.6443185806274414, -1.0017980337142944], [0.0, 0.0, 0.0, 1.0]]}, "Bone": {"matrix": [[0.820088267326355, -0.07462897151708603, 0.567349374294281, -0.9079992175102234], [0.3592359125614166, -0.7046042680740356, -0.6119495034217834, 1.1846505403518677], [0.4454260766506195, 0.7056649923324585, -0.5510284304618835, -1.0549877882003784], [0.0, 0.0, 0.0, 1.0]]}, "finger1joint1": {"matrix": [[0.2714683711528778, -0.9424701929092407, 0.19507531821727753, -0.9701045155525208], [-0.6864076852798462, -0.33166730403900146, -0.647179365158081, 0.5982875823974609], [0.6746475100517273, 0.04178754612803459, -0.7369561791419983, -0.46774205565452576], [0.0, 0.0, 0.0, 1.0]]}, "finger1joint2": {"matrix": [[0.217981219291687, -0.9722940325737, -0.08442813903093338, -1.5027682781219482], [-0.4500049948692322, -0.023369235917925835, -0.8927201628684998, 0.41083642840385437], [0.8660136461257935, 0.23258936405181885, -0.442631334066391, -0.44412463903427124], [0.0, 0.0, 0.0, 1.0]]}, "finger1joint3": {"matrix": [[0.2438332885503769, -0.7304866313934326, -0.6379139423370361, -1.9195746183395386], [-0.5369380116462708, 0.4460727572441101, -0.7160423398017883, 0.40081843733787537], [0.8076155781745911, 0.5171152949333191, -0.2834587097167969, -0.34441739320755005], [0.0, 0.0, 0.0, 1.0]]}, "Bone.001": {"matrix": [[0.8073036670684814, -0.1667403280735016, 0.5660901069641113, -0.9079991579055786], [0.024859249591827393, -0.9487935900688171, -0.3149166703224182, 1.1846506595611572], [0.5896121263504028, 0.2683059275150299, -0.7618196606636047, -1.0549876689910889], [0.0, 0.0, 0.0, 1.0]]}, "finger2joint1": {"matrix": [[0.52641361951828, -0.5395047068595886, 0.6571323275566101, -1.0136932134628296], [-0.4789543151855469, -0.826756477355957, -0.2950867712497711, 0.5832258462905884], [0.7024892568588257, -0.15939883887767792, -0.69361412525177, -0.8849130272865295], [0.0, 0.0, 0.0, 1.0]]}, "finger2joint2": {"matrix": [[0.4124791622161865, -0.7485595941543579, 0.5191522240638733, -1.4804450273513794], [-0.5224290490150452, -0.6612422466278076, -0.5383552312850952, -0.13204166293144226], [0.7462764978408813, -0.04915999993681908, -0.6638181209564209, -1.022816777229309], [0.0, 0.0, 0.0, 1.0]]}, "finger2joint3": {"matrix": [[0.27585047483444214, -0.9398225545883179, 0.20159266889095306, -1.7646105289459229], [-0.5446167588233948, -0.3256368041038513, -0.7728861570358276, -0.383060097694397], [0.7920219302177429, 0.10341022163629532, -0.6016703844070435, -1.0414786338806152], [0.0, 0.0, 0.0, 1.0]]}, "Bone.002": {"matrix": [[0.4533802568912506, -0.611501157283783, 0.6484692096710205, -0.9079992771148682], [-0.6387876272201538, -0.7303110361099243, -0.24206630885601044, 1.1846506595611572], [0.6216081380844116, -0.30448612570762634, -0.7217281460762024, -1.0549877882003784], [0.0, 0.0, 0.0, 1.0]]}, "finger3joint1": {"matrix": [[0.6276273727416992, -0.7748435735702515, 0.07550487667322159, -1.1657531261444092], [-0.47619879245758057, -0.4588213562965393, -0.7501450777053833, 0.8768171668052673], [0.6158885359764099, 0.43485626578330994, -0.6569485068321228, -1.1833316087722778], [0.0, 0.0, 0.0, 1.0]]}, "finger3joint2": {"matrix": [[0.49380382895469666, -0.40900036692619324, -0.7673826813697815, -1.8454315662384033], [-0.5132945775985718, 0.5752377510070801, -0.6368910074234009, 0.47434762120246887], [0.7019162774085999, 0.7083926796913147, 0.07411687076091766, -0.8018838167190552], [0.0, 0.0, 0.0, 1.0]]}, "finger3joint3": {"matrix": [[0.5949087142944336, -0.17661158740520477, -0.784150242805481, -2.1100876331329346], [-0.3697012960910797, 0.8061259984970093, -0.46204090118408203, 0.8465725779533386], [0.7137258648872375, 0.564773678779602, 0.4142778217792511, -0.3434968888759613], [0.0, 0.0, 0.0, 1.0]]}, "Bone.003": {"matrix": [[0.3372145891189575, -0.28357216715812683, 0.8977042436599731, -0.9079992175102234], [-0.9323880672454834, 0.0312267504632473, 0.3601072132587433, 1.1846506595611572], [-0.13014885783195496, -0.9584423303604126, -0.2538692057132721, -1.0549876689910889], [0.0, 0.0, 0.0, 1.0]]}, "finger4joint1": {"matrix": [[0.6119381785392761, -0.565986692905426, 0.5524402856826782, -1.0295436382293701], [-0.3336213529109955, -0.8180286884307861, -0.46853551268577576, 1.1980350017547607], [0.7170971035957336, 0.10240885615348816, -0.6894084215164185, -1.4657948017120361], [0.0, 0.0, 0.0, 1.0]]}, "finger4joint2": {"matrix": [[0.609356701374054, -0.7466775178909302, 0.26675185561180115, -1.5917716026306152], [-0.3612707257270813, -0.5609361529350281, -0.7448716163635254, 0.38543882966041565], [0.7058098316192627, 0.3575229346752167, -0.6115632057189941, -1.3640661239624023], [0.0, 0.0, 0.0, 1.0]]}, "finger4joint3": {"matrix": [[0.6653483510017395, -0.7430923581123352, 0.07158727943897247, -1.903183102607727], [-0.3024567663669586, -0.35599279403686523, -0.8841881155967712, 0.15149317681789398], [0.6825181245803833, 0.5666412711143494, -0.4616127908229828, -1.2149564027786255], [0.0, 0.0, 0.0, 1.0]]}}