{"root": {"matrix": [[0.5829876661300659, -0.04919809848070145, 0.8109900951385498, 0.0], [0.3159707486629486, 0.9333196878433228, -0.17051932215690613, 0.0], [-0.7485237717628479, 0.3556598722934723, 0.5596590042114258, 0.0], [0.0, 0.0, 0.0, 1.0]]}, "carpals": {"matrix": [[-0.28875821828842163, -0.8889322876930237, -0.355552613735199, 1.1790788173675537], [0.9550285935401917, -0.2935759127140045, -0.04163433983922005, 1.647278904914856], [-0.06737155467271805, -0.35158535838127136, 0.9337283372879028, -1.4075616598129272], [0.0, 0.0, 0.0, 1.0]]}, "metacarpals": {"matrix": [[-0.14605173468589783, -0.7369281649589539, 0.6600040793418884, 0.31326407194137573], [0.6975271105766296, -0.5498060584068298, -0.45953136682510376, 1.3613379001617432], [0.7015159726142883, 0.393255352973938, 0.5943276882171631, -1.7500038146972656], [0.0, 0.0, 0.0, 1.0]]}, "finger5joint1": {"matrix": [[0.04068952426314354, -0.8829123377799988, 0.4677709937095642, -0.3531554341316223], [0.7061818838119507, -0.305785208940506, -0.6385940909385681, 1.1142246723175049], [0.7068603038787842, 0.35631540417671204, 0.611054539680481, -1.8931641578674316], [0.0, 0.0, 0.0, 1.0]]}, "finger5joint2": {"matrix": [[0.5331431031227112, -0.838075578212738, -0.11570211499929428, -1.285751223564148], [-0.6422234773635864, -0.3118842542171478, -0.7001977562904358, 0.7912321090698242], [0.5507332682609558, 0.44761204719543457, -0.7045110464096069, -1.5167977809906006], [0.0, 0.0, 0.0, 1.0]]}, "finger5joint3": {"matrix": [[0.45813363790512085, -0.8270310163497925, -0.3257797360420227, -1.8617900609970093], [-0.6290077567100525, -0.042671434581279755, -0.776226818561554, 0.576863169670105], [0.6280624270439148, 0.5605335831642151, -0.5397584438323975, -1.2091385126113892], [0.0, 0.0, 0.0, 1.0]]}, "Bone": {"matrix": [[0.6470341682434082, -0.36999931931495667, 0.6666684746742249, -0.8372852802276611], [0.6878195405006409, 0.6605515480041504, -0.3009580075740814, 0.5029379725456238], [-0.3290145993232727, 0.6532779335975647, 0.6818923950195312, -1.1360230445861816], [0.0, 0.0, 0.0, 1.0]]}, "finger1joint1": {"matrix": [[-0.033928755670785904, -0.9286220073699951, 0.36947202682495117, -1.145194172859192], [0.7500932216644287, -0.2679634690284729, -0.604611873626709, 1.0526407957077026], [0.6604611277580261, 0.25662463903427124, 0.7056449055671692, -0.5923731327056885], [0.0, 0.0, 0.0, 1.0]]}, "finger1joint2": {"matrix": [[-0.12622670829296112, -0.7815721035003662, -0.6109104156494141, -1.670031189918518], [0.9037637114524841, 0.163301020860672, -0.39565619826316833, 0.9011936783790588], [0.4089962840080261, -0.6020612120628357, 0.685743510723114, -0.44733449816703796], [0.0, 0.0, 0.0, 1.0]]}, "finger1joint3": {"matrix": [[-0.1586875170469284, -0.453912615776062, -0.8768017292022705, -2.0050783157348633], [0.8524453639984131, 0.38507550954818726, -0.3536294400691986, 0.9711980223655701], [0.49815189838409424, -0.8035421967506409, 0.3258289098739624, -0.7054282426834106], [0.0, 0.0, 0.0, 1.0]]}, "Bone.001": {"matrix": [[0.5575233101844788, -0.32824915647506714, 0.7625088691711426, -0.8372853398323059], [0.8301410675048828, 0.22681543231010437, -0.5093332529067993, 0.502937912940979], [-0.005760484375059605, 0.916955292224884, 0.39894813299179077, -1.1360230445861816], [0.0, 0.0, 0.0, 1.0]]}, "finger2joint1": {"matrix": [[-0.06757453829050064, -0.4652478098869324, 0.8825971484184265, -1.04535710811615], [0.7705739736557007, -0.5862561464309692, -0.2500385344028473, 0.6467125415802002], [0.633758008480072, 0.6632102131843567, 0.3981240391731262, -0.5547800660133362], [0.0, 0.0, 0.0, 1.0]]}, "finger2joint2": {"matrix": [[-0.1906435787677765, -0.9048477411270142, 0.38066402077674866, -1.4478658437728882], [0.7341963052749634, -0.38883233070373535, -0.5565653443336487, 0.13951365649700165], [0.6516216397285461, 0.17337636649608612, 0.7384644746780396, 0.018995583057403564], [0.0, 0.0, 0.0, 1.0]]}, "finger2joint3": {"matrix": [[-0.3264148533344269, -0.8544119000434875, -0.40426865220069885, -1.791360855102539], [0.7315272092819214, 0.04250619560480118, -0.680485725402832, -0.008093470707535744], [0.5985991954803467, -0.5178544521331787, 0.6111509799957275, 0.08481208980083466], [0.0, 0.0, 0.0, 1.0]]}, "Bone.002": {"matrix": [[0.1586722582578659, -0.5312578082084656, 0.8322186470031738, -0.8372853994369507], [0.7610791921615601, -0.47113198041915894, -0.44586217403411865, 0.502937912940979], [0.6289528012275696, 0.704130232334137, 0.3295738399028778, -1.1360230445861816], [0.0, 0.0, 0.0, 1.0]]}, "finger3joint1": {"matrix": [[0.6184104084968567, -0.3200133442878723, 0.7177461981773376, -1.061215877532959], [0.778971254825592, 0.3702462315559387, -0.5060845613479614, 0.3043510615825653], [-0.10378876328468323, 0.8720717430114746, 0.47824540734291077, -0.8392250537872314], [0.0, 0.0, 0.0, 1.0]]}, "finger3joint2": {"matrix": [[0.5317143201828003, -0.846825897693634, 0.012859939597547054, -1.3419256210327148], [0.846754252910614, 0.5312432050704956, -0.028068505227565765, 0.6291242837905884], [0.016937650740146637, 0.02581353671848774, 0.9995232820510864, -0.07425980269908905], [0.0, 0.0, 0.0, 1.0]]}, "finger3joint3": {"matrix": [[0.47930076718330383, -0.8525757193565369, -0.20829075574874878, -1.8898899555206299], [0.864715039730072, 0.41814813017845154, 0.27824461460113525, 0.9728812575340271], [-0.15012800693511963, -0.31347519159317017, 0.9376538991928101, -0.057556360960006714], [0.0, 0.0, 0.0, 1.0]]}, "Bone.003": {"matrix": [[0.28065937757492065, 0.06320562213659286, 0.9577239155769348, -0.8372853398323059], [0.025744572281837463, -0.9979661107063293, 0.0583169162273407, 0.502937912940979], [0.95946204662323, 0.008288959972560406, -0.28171563148498535, -1.136022925376892], [0.0, 0.0, 0.0, 1.0]]}, "finger4joint1": {"matrix": [[-0.0011103847064077854, -0.7713268995285034, 0.6364378333091736, -0.810194194316864], [0.7890822291374207, -0.39163145422935486, -0.47325873374938965, 0.07519027590751648], [0.614286482334137, 0.5016761422157288, 0.6090753674507141, -1.1324701309204102], [0.0, 0.0, 0.0, 1.0]]}, "finger4joint2": {"matrix": [[-0.00650141853839159, -0.9078461527824402, -0.41925233602523804, -1.5763987302780151], [0.7706115245819092, 0.2626405954360962, -0.5806698799133301, -0.3138403594493866], [0.6372717618942261, -0.3268561363220215, 0.6978892087936401, -0.6341256499290466], [0.0, 0.0, 0.0, 1.0]]}, "finger4joint3": {"matrix": [[0.0751204639673233, -0.610413670539856, -0.7885122299194336, -1.9550275802612305], [0.7545238733291626, 0.5517898797988892, -0.3552764058113098, -0.20430271327495575], [0.6519588232040405, -0.5682629942893982, 0.5020223259925842, -0.7704451680183411], [0.0, 0.0, 0.0, 1.0]]}}