{"root": {"matrix": [[0.452879935503006, -0.5578810572624207, -0.6954628229141235, -5.960464477539063e-08], [-0.6240088939666748, -0.7554759383201599, 0.19967225193977356, -5.960464477539063e-08], [-0.6367988586425781, 0.34354734420776367, -0.6902626156806946, 0.0], [0.0, 0.0, 0.0, 1.0]]}, "carpals": {"matrix": [[0.5039636492729187, -0.7885679602622986, -0.3523932695388794, 0.5563014149665833], [0.8211463689804077, 0.5639483332633972, -0.08763972669839859, -2.173100233078003], [0.2678414583206177, -0.24519924819469452, 0.9317391514778137, -1.0262305736541748], [0.0, 0.0, 0.0, 1.0]]}, "metacarpals": {"matrix": [[0.09310168027877808, -0.6837786436080933, 0.7237255573272705, -0.21175909042358398], [0.8937692642211914, 0.3777124583721161, 0.2418876737356186, -1.6238179206848145], [-0.4387578070163727, 0.6243234276771545, 0.6463059782981873, -1.2650530338287354], [0.0, 0.0, 0.0, 1.0]]}, "finger5joint1": {"matrix": [[0.5731252431869507, -0.6721014380455017, 0.4688358008861542, -0.9160239100456238], [0.6101338267326355, 0.7319124341011047, 0.3033820390701294, -1.6645996570587158], [-0.5470502376556396, 0.11217661201953888, 0.8295493125915527, -1.0976532697677612], [0.0, 0.0, 0.0, 1.0]]}, "finger5joint2": {"matrix": [[0.4735865294933319, -0.5627956390380859, -0.6774780750274658, -1.625946044921875], [0.2669995129108429, 0.8247508406639099, -0.49849432706832886, -0.8915008306503296], [0.8393012285232544, 0.05519389733672142, 0.540857195854187, -0.979164183139801], [0.0, 0.0, 0.0, 1.0]]}, "finger5joint3": {"matrix": [[0.45555487275123596, -0.47030946612358093, -0.7558295726776123, -2.012775182723999], [0.3698658347129822, 0.8722922205924988, -0.31985142827033997, -0.32462063431739807], [0.8097335696220398, -0.1338457316160202, 0.5713284611701965, -0.9412274956703186], [0.0, 0.0, 0.0, 1.0]]}, "Bone": {"matrix": [[0.6262666583061218, -0.1386035680770874, 0.7671890258789062, -1.279327392578125], [-0.25421202182769775, 0.8939774632453918, 0.3690263628959656, -1.0341041088104248], [-0.7369979619979858, -0.4261375665664673, 0.524633526802063, -0.29031091928482056], [0.0, 0.0, 0.0, 1.0]]}, "finger1joint1": {"matrix": [[0.19721367955207825, -0.891999363899231, 0.40674781799316406, -1.3946715593338013], [0.8433913588523865, 0.3658868670463562, 0.3934687077999115, -0.290147066116333], [-0.499797523021698, 0.26545006036758423, 0.8244624137878418, -0.64493727684021], [0.0, 0.0, 0.0, 1.0]]}, "finger1joint2": {"matrix": [[0.08181256055831909, -0.675173819065094, -0.7331076860427856, -1.8988103866577148], [0.6760627627372742, -0.5028676986694336, 0.5385750532150269, -0.08335572481155396], [-0.7322880029678345, -0.5396890044212341, 0.4153188467025757, -0.49491065740585327], [0.0, 0.0, 0.0, 1.0]]}, "finger1joint3": {"matrix": [[0.03186267241835594, -0.05428089573979378, -0.9980171918869019, -2.188246250152588], [0.7451213002204895, -0.6642321348190308, 0.05991548299789429, -0.2989268898963928], [-0.6661674380302429, -0.7455527782440186, 0.0192815400660038, -0.7262665033340454], [0.0, 0.0, 0.0, 1.0]]}, "Bone.001": {"matrix": [[0.6282696723937988, -0.08543571829795837, 0.77329021692276, -1.279327392578125], [0.10861394554376602, 0.99385005235672, 0.021559083834290504, -1.0341041088104248], [-0.7703763842582703, 0.07044518738985062, 0.6336854100227356, -0.29031091928482056], [0.0, 0.0, 0.0, 1.0]]}, "finger2joint1": {"matrix": [[0.5728784799575806, -0.2095920890569687, 0.7923895716667175, -1.3334835767745972], [0.4151061475276947, 0.9077925086021423, -0.059994786977767944, -0.4041188061237335], [-0.7067508101463318, 0.3632954955101013, 0.6070578098297119, -0.2456568479537964], [0.0, 0.0, 0.0, 1.0]]}, "finger2joint2": {"matrix": [[0.47588905692100525, -0.7068990468978882, 0.5232812166213989, -1.5148119926452637], [0.4992590844631195, 0.7069451808929443, 0.5009676814079285, 0.38125693798065186], [-0.7240647077560425, 0.02284783311188221, 0.6893532276153564, 0.06864786148071289], [0.0, 0.0, 0.0, 1.0]]}, "finger2joint3": {"matrix": [[0.34299594163894653, -0.8435642123222351, -0.41322270035743713, -1.7831625938415527], [0.5302757024765015, -0.1892223358154297, 0.8264394998550415, 0.6496249437332153], [-0.7753457427024841, -0.5025874376296997, 0.38241907954216003, 0.07732129096984863], [0.0, 0.0, 0.0, 1.0]]}, "Bone.002": {"matrix": [[0.37850719690322876, -0.4057501256465912, 0.8319249153137207, -1.279327392578125], [0.7704722881317139, 0.6362009644508362, -0.04025677964091301, -1.0341039896011353], [-0.5129372477531433, 0.6562125086784363, 0.5534259080886841, -0.29031091928482056], [0.0, 0.0, 0.0, 1.0]]}, "finger3joint1": {"matrix": [[0.48713573813438416, -0.8730823993682861, -0.020636117085814476, -1.450355052947998], [0.6909852027893066, 0.370868980884552, 0.6204801797866821, -0.765938937664032], [-0.5340770483016968, -0.3165173828601837, 0.7839503884315491, -0.013710767030715942], [0.0, 0.0, 0.0, 1.0]]}, "finger3joint2": {"matrix": [[0.3433825671672821, -0.12089377641677856, -0.9313823580741882, -2.2162067890167236], [0.7163379192352295, -0.6076430082321167, 0.34297212958335876, -0.440619558095932], [-0.6074111461639404, -0.7849550247192383, -0.12205324321985245, -0.2913540005683899], [0.0, 0.0, 0.0, 1.0]]}, "finger3joint3": {"matrix": [[0.4886905550956726, 0.22524605691432953, -0.8428793549537659, -2.2944347858428955], [0.6174182891845703, -0.7718687057495117, 0.15170149505138397, -0.8338134288787842], [-0.6164219975471497, -0.5945441722869873, -0.516275942325592, -0.7992829084396362], [0.0, 0.0, 0.0, 1.0]]}, "Bone.003": {"matrix": [[0.4918147623538971, -0.04503341019153595, 0.8695344924926758, -1.2793272733688354], [0.8199166655540466, -0.3121183514595032, -0.4799152612686157, -1.0341041088104248], [0.293009877204895, 0.9489752054214478, -0.11658068001270294, -0.29031091928482056], [0.0, 0.0, 0.0, 1.0]]}, "finger4joint1": {"matrix": [[0.5555415749549866, -0.2712743878364563, 0.7859920859336853, -1.2986295223236084], [0.2632525563240051, 0.954038679599762, 0.14320577681064606, -1.1678839921951294], [-0.7887149453163147, 0.12735754251480103, 0.6014218926429749, 0.11643829941749573], [0.0, 0.0, 0.0, 1.0]]}, "finger4joint2": {"matrix": [[0.5642511248588562, -0.7732841968536377, 0.28922659158706665, -1.568102478981018], [0.2877691388130188, 0.5125619769096375, 0.8089923858642578, -0.22018107771873474], [-0.7738275527954102, -0.3732445240020752, 0.5117409825325012, 0.24295005202293396], [0.0, 0.0, 0.0, 1.0]]}, "finger4joint3": {"matrix": [[0.6222866773605347, -0.7748328447341919, -0.11132421344518661, -1.890610694885254], [0.23230062425136566, 0.04698443040251732, 0.9715083241462708, -0.0064105074852705], [-0.7475260496139526, -0.63041752576828, 0.20923186838626862, 0.08728362619876862], [0.0, 0.0, 0.0, 1.0]]}}