{"root": {"matrix": [[0.5568920969963074, -0.5119914412498474, -0.6540152430534363, -5.960464477539063e-08], [-0.819207489490509, -0.46846282482147217, -0.3308197855949402, 0.0], [-0.13700498640537262, 0.7200050354003906, -0.6803104877471924, 5.960464477539063e-08], [0.0, 0.0, 0.0, 1.0]]}, "carpals": {"matrix": [[0.6156238317489624, -0.7069065570831299, -0.348267525434494, 0.8317798376083374], [0.7880385518074036, 0.553077757358551, 0.27036982774734497, -2.2739624977111816], [0.0014928170712664723, -0.4408944845199585, 0.8975575566291809, 0.4714042544364929], [0.0, 0.0, 0.0, 1.0]]}, "metacarpals": {"matrix": [[0.32515162229537964, -0.8278710842132568, 0.4570620656013489, 0.14325714111328125], [0.5784347057342529, 0.5564769506454468, 0.5964447855949402, -1.7352681159973145], [-0.7481240034103394, 0.07044551521539688, 0.6598088145256042, 0.04197567701339722], [0.0, 0.0, 0.0, 1.0]]}, "finger5joint1": {"matrix": [[0.23641441762447357, -0.9015510678291321, 0.36237233877182007, -0.5742570161819458], [0.6722967028617859, 0.4210355579853058, 0.6088890433311462, -1.764557123184204], [-0.701516330242157, 0.09967155009508133, 0.7056487798690796, -0.057977061718702316], [0.0, 0.0, 0.0, 1.0]]}, "finger5joint2": {"matrix": [[0.44495734572410583, -0.6974747180938721, -0.5617308020591736, -1.5265403985977173], [0.5260616540908813, 0.7111846804618835, -0.46634188294410706, -1.319828987121582], [0.7247563004493713, -0.08800278604030609, 0.683361828327179, 0.04730323329567909], [0.0, 0.0, 0.0, 1.0]]}, "finger5joint3": {"matrix": [[0.40814894437789917, -0.5228691101074219, -0.7483460903167725, -2.005939245223999], [0.6150298714637756, 0.7632746696472168, -0.19786186516284943, -0.8310067653656006], [0.6746496558189392, -0.3794982135295868, 0.6331101059913635, -0.013184159994125366], [0.0, 0.0, 0.0, 1.0]]}, "Bone": {"matrix": [[0.8265026807785034, 0.10575144737958908, 0.5529102683067322, -1.1492794752120972], [-0.5088759660720825, 0.5603316426277161, 0.6535084843635559, -0.8664531707763672], [-0.24070358276367188, -0.8214894533157349, 0.5169300436973572, 0.15196073055267334], [0.0, 0.0, 0.0, 1.0]]}, "finger1joint1": {"matrix": [[0.5252085328102112, -0.7988343238830566, 0.29329097270965576, -1.0612744092941284], [0.47558513283729553, 0.5613451600074768, 0.677281379699707, -0.4001520276069641], [-0.7056731581687927, -0.21622927486896515, 0.6747370362281799, -0.5316726565361023], [0.0, 0.0, 0.0, 1.0]]}, "finger1joint2": {"matrix": [[0.4268467426300049, -0.8854884505271912, 0.18360817432403564, -1.5127583742141724], [0.23547688126564026, 0.3048611581325531, 0.9228271842002869, -0.08289192616939545], [-0.8731279373168945, -0.3506704568862915, 0.33864107728004456, -0.653880774974823], [0.0, 0.0, 0.0, 1.0]]}, "finger1joint3": {"matrix": [[0.47544386982917786, -0.8437129259109497, -0.249201700091362, -1.892352819442749], [0.3163799047470093, -0.10033512860536575, 0.943311333656311, 0.04779703915119171], [-0.8208878636360168, -0.5273341536521912, 0.2192300707101822, -0.8042073845863342], [0.0, 0.0, 0.0, 1.0]]}, "Bone.001": {"matrix": [[0.8726131319999695, -0.01693456433713436, 0.48811814188957214, -1.1492795944213867], [-0.20847369730472565, 0.8908687233924866, 0.4035978317260742, -0.8664530515670776], [-0.44168391823768616, -0.4539446532726288, 0.7738534808158875, 0.15196071565151215], [0.0, 0.0, 0.0, 1.0]]}, "finger2joint1": {"matrix": [[0.512178361415863, -0.3622671067714691, 0.7787397503852844, -1.160014033317566], [0.40710195899009705, 0.9007670283317566, 0.15128225088119507, -0.3017460107803345], [-0.7562677264213562, 0.23954299092292786, 0.6088332533836365, -0.13578739762306213], [0.0, 0.0, 0.0, 1.0]]}, "finger2joint2": {"matrix": [[0.40315327048301697, -0.8090556263923645, 0.4276636838912964, -1.4734289646148682], [0.4711621105670929, 0.584132194519043, 0.6609050035476685, 0.4775516986846924], [-0.784521222114563, -0.06494716554880142, 0.6166912913322449, 0.07145299017429352], [0.0, 0.0, 0.0, 1.0]]}, "finger2joint3": {"matrix": [[0.26785969734191895, -0.8494166731834412, -0.4546891748905182, -1.7805598974227905], [0.4741000831127167, -0.294635146856308, 0.829710066318512, 0.6992978453636169], [-0.8387371301651001, -0.43781420588493347, 0.3237876296043396, 0.046797975897789], [0.0, 0.0, 0.0, 1.0]]}, "Bone.002": {"matrix": [[0.6058646440505981, -0.5588423609733582, 0.5662359595298767, -1.1492794752120972], [0.4654173254966736, 0.8262101411819458, 0.31743210554122925, -0.8664531111717224], [-0.6452245116233826, 0.07121513038873672, 0.76066654920578, 0.15196068584918976], [0.0, 0.0, 0.0, 1.0]]}, "finger3joint1": {"matrix": [[0.7307307720184326, -0.6663169860839844, -0.14850644767284393, -1.3848371505737305], [0.36335185170173645, 0.1954549252986908, 0.9109184741973877, -0.518197238445282], [-0.5779342651367188, -0.7195963859558105, 0.38493242859840393, 0.18197858333587646], [0.0, 0.0, 0.0, 1.0]]}, "finger3joint2": {"matrix": [[0.6213821172714233, -0.3450133800506592, -0.7034558057785034, -1.969318151473999], [0.35407233238220215, -0.6772701144218445, 0.6449323296546936, -0.34674781560897827], [-0.6989399790763855, -0.6498236060142517, -0.29868394136428833, -0.4492380619049072], [0.0, 0.0, 0.0, 1.0]]}, "finger3joint3": {"matrix": [[0.712935209274292, -0.08821747452020645, -0.6956586837768555, -2.1925694942474365], [0.20653095841407776, -0.9216346144676208, 0.32853367924690247, -0.7849959135055542], [-0.6701256036758423, -0.37789827585220337, -0.6388461589813232, -0.8697260618209839], [0.0, 0.0, 0.0, 1.0]]}, "Bone.003": {"matrix": [[0.4218292832374573, -0.41490691900253296, 0.8061714172363281, -1.1492795944213867], [0.9065450429916382, 0.17794428765773773, -0.38276830315589905, -0.8664531111717224], [0.01535966619849205, 0.8922936320304871, 0.45119404792785645, 0.15196073055267334], [0.0, 0.0, 0.0, 1.0]]}, "finger4joint1": {"matrix": [[0.6742407083511353, -0.3504956066608429, 0.6500400900840759, -1.32711660861969], [0.14465318620204926, 0.9258302450180054, 0.3491607904434204, -0.7901827692985535], [-0.7242062091827393, -0.14138813316822052, 0.6749328970909119, 0.5344151258468628], [0.0, 0.0, 0.0, 1.0]]}, "finger4joint2": {"matrix": [[0.678455650806427, -0.7345510125160217, -0.011510712094604969, -1.675284743309021], [0.17255347967147827, 0.14410658180713654, 0.9744013547897339, 0.12949906289577484], [-0.7140887975692749, -0.6630745530128479, 0.22451934218406677, 0.3939659297466278], [0.0, 0.0, 0.0, 1.0]]}, "finger4joint3": {"matrix": [[0.7372633218765259, -0.5428644418716431, -0.40217000246047974, -1.9816386699676514], [0.14570458233356476, -0.45350348949432373, 0.8792634010314941, 0.18960058689117432], [-0.6597063541412354, -0.7068469524383545, -0.25525376200675964, 0.11742213368415833], [0.0, 0.0, 0.0, 1.0]]}}