{"root": {"matrix": [[0.46029460430145264, -0.5628700852394104, -0.6865174174308777, 0.0], [-0.8120564818382263, -0.5794389843940735, -0.06938840448856354, 0.0], [-0.35873833298683167, 0.5894299745559692, -0.7237949371337891, 0.0], [0.0, 0.0, 0.0, 1.0]]}, "carpals": {"matrix": [[0.7481306195259094, -0.5887126326560974, -0.30613377690315247, 0.5671803951263428], [0.6434295773506165, 0.7563781142234802, 0.11785700917243958, -2.3958077430725098], [0.1621689647436142, -0.2851480543613434, 0.9446647763252258, -0.1529601514339447], [0.0, 0.0, 0.0, 1.0]]}, "metacarpals": {"matrix": [[0.2617836594581604, -0.7984768152236938, 0.5421290993690491, -0.006222128868103027], [0.6892980337142944, 0.5478503704071045, 0.474054753780365, -1.65910005569458], [-0.6755274534225464, 0.24958866834640503, 0.6938068270683289, -0.4306926131248474], [0.0, 0.0, 0.0, 1.0]]}, "finger5joint1": {"matrix": [[-0.02332376502454281, -0.8905661702156067, 0.45425519347190857, -0.730836808681488], [0.8489027619361877, 0.22235018014907837, 0.4795040488243103, -1.6624175310134888], [-0.5280339121818542, 0.3968023359775543, 0.7508180737495422, -0.4551377296447754], [0.0, 0.0, 0.0, 1.0]]}, "finger5joint2": {"matrix": [[0.5644636750221252, -0.5890827775001526, -0.5782402157783508, -1.6715171337127686], [0.3934578597545624, 0.8078191876411438, -0.4388831853866577, -1.4275550842285156], [0.725652277469635, 0.020220356062054634, 0.687764048576355, -0.036006420850753784], [0.0, 0.0, 0.0, 1.0]]}, "finger5joint3": {"matrix": [[0.5379791855812073, -0.34006452560424805, -0.7713196277618408, -2.0764143466949463], [0.4907167851924896, 0.8703321218490601, -0.041453391313552856, -0.8723127245903015], [0.6854012608528137, -0.35619866847991943, 0.6350961327552795, -0.022108256816864014], [0.0, 0.0, 0.0, 1.0]]}, "Bone": {"matrix": [[0.7805854678153992, 0.035413727164268494, 0.6240448951721191, -1.2528661489486694], [-0.472909152507782, 0.6862940192222595, 0.5525913238525391, -0.8037534952163696], [-0.4087089002132416, -0.7264614105224609, 0.552458643913269, -0.0410153865814209], [0.0, 0.0, 0.0, 1.0]]}, "finger1joint1": {"matrix": [[0.6499043107032776, -0.5972967147827148, 0.4699583649635315, -1.2233953475952148], [0.41207945346832275, 0.7965047359466553, 0.44245946407318115, -0.23262809216976166], [-0.638603687286377, -0.09389628469944, 0.7637856602668762, -0.6455675959587097], [0.0, 0.0, 0.0, 1.0]]}, "finger1joint2": {"matrix": [[0.48777803778648376, -0.7534183859825134, 0.4409458637237549, -1.560974359512329], [0.24178944528102875, 0.6019501686096191, 0.7610476613044739, 0.21753913164138794], [-0.8388147950172424, -0.26460644602775574, 0.4757867157459259, -0.6986358165740967], [0.0, 0.0, 0.0, 1.0]]}, "finger1joint3": {"matrix": [[0.5572367906570435, -0.8296363949775696, 0.03450514376163483, -1.8839523792266846], [0.29537254571914673, 0.2368851602077484, 0.9255486130714417, 0.47558528184890747], [-0.776042640209198, -0.5055579543113708, 0.3770528733730316, -0.8120682239532471], [0.0, 0.0, 0.0, 1.0]]}, "Bone.001": {"matrix": [[0.814336359500885, -0.03765236958861351, 0.5791704058647156, -1.2528660297393799], [-0.14418064057826996, 0.9534882307052612, 0.26471078395843506, -0.8037535548210144], [-0.5621991157531738, -0.2990688383579254, 0.7710314989089966, -0.041015416383743286], [0.0, 0.0, 0.0, 1.0]]}, "finger2joint1": {"matrix": [[0.6232413649559021, -0.2919010519981384, 0.7255092859268188, -1.2767333984375], [0.3318801522254944, 0.9387649893760681, 0.09260400384664536, -0.19935303926467896], [-0.7081139087677002, 0.1830674558877945, 0.681953489780426, -0.23059025406837463], [0.0, 0.0, 0.0, 1.0]]}, "finger2joint2": {"matrix": [[0.5245664715766907, -0.5727562308311462, 0.6299048662185669, -1.529271125793457], [0.40543052554130554, 0.8186478614807129, 0.4067448079586029, 0.6128185987472534], [-0.74863600730896, 0.04201790317893028, 0.661648154258728, -0.07220964878797531], [0.0, 0.0, 0.0, 1.0]]}, "finger2joint3": {"matrix": [[0.3970148265361786, -0.8929243087768555, 0.21228553354740143, -1.7466988563537598], [0.4586752653121948, 0.3933684527873993, 0.796792209148407, 0.9235907196998596], [-0.7949816584587097, -0.21896830201148987, 0.5657354593276978, -0.05625896900892258], [0.0, 0.0, 0.0, 1.0]]}, "Bone.002": {"matrix": [[0.548222541809082, -0.5227856636047363, 0.6527994275093079, -1.2528661489486694], [0.5573400259017944, 0.8103389739990234, 0.1808937042951584, -0.8037535548210144], [-0.6235575079917908, 0.26466119289398193, 0.7356155514717102, -0.041015416383743286], [0.0, 0.0, 0.0, 1.0]]}, "finger3joint1": {"matrix": [[0.5996816754341125, -0.7725376486778259, -0.20872829854488373, -1.4732255935668945], [0.5145268440246582, 0.1724580079317093, 0.8399524688720703, -0.4621875286102295], [-0.6128981113433838, -0.611100435256958, 0.5009111762046814, 0.07054191827774048], [0.0, 0.0, 0.0, 1.0]]}, "finger3joint2": {"matrix": [[0.477621853351593, -0.20821958780288696, -0.853534996509552, -2.150881052017212], [0.5023468136787415, -0.7323094606399536, 0.4597502648830414, -0.31091055274009705], [-0.7207807898521423, -0.6483572721481323, -0.24516859650611877, -0.46550410985946655], [0.0, 0.0, 0.0, 1.0]]}, "finger3joint3": {"matrix": [[0.6034266948699951, 0.19797267019748688, -0.7724525928497314, -2.285616159439087], [0.3809188902378082, -0.9225862622261047, 0.061116576194763184, -0.7847734689712524], [-0.7005547881126404, -0.3311211168766022, -0.6321247220039368, -0.8850432634353638], [0.0, 0.0, 0.0, 1.0]]}, "Bone.003": {"matrix": [[0.4484919309616089, -0.31274527311325073, 0.8372845649719238, -1.2528661489486694], [0.8862483501434326, 0.03419679403305054, -0.4619460701942444, -0.8037535548210144], [0.11583900451660156, 0.949221134185791, 0.2925070822238922, -0.041015416383743286], [0.0, 0.0, 0.0, 1.0]]}, "finger4joint1": {"matrix": [[0.6297861933708191, -0.2827381193637848, 0.7234835028648376, -1.386914849281311], [0.18377432227134705, 0.9591939449310303, 0.21488018333911896, -0.7890961170196533], [-0.7547159194946289, -0.0023709686938673258, 0.6560471653938293, 0.3658392131328583], [0.0, 0.0, 0.0, 1.0]]}, "finger4joint2": {"matrix": [[0.6369925141334534, -0.770084798336029, -0.03478159010410309, -1.667775273323059], [0.20982886850833893, 0.12979476153850555, 0.9690843820571899, 0.163727805018425], [-0.7417627573013306, -0.6245979070663452, 0.24426430463790894, 0.3634839653968811], [0.0, 0.0, 0.0, 1.0]]}, "finger4joint3": {"matrix": [[0.699242353439331, -0.5238414406776428, -0.4864668846130371, -1.988948941230774], [0.18411442637443542, -0.5255676507949829, 0.8305901288986206, 0.2178603708744049], [-0.690768837928772, -0.6703495383262634, -0.2710525393486023, 0.10298740863800049], [0.0, 0.0, 0.0, 1.0]]}}