{"root": {"matrix": [[0.31679046154022217, -0.9471648335456848, 0.05022558569908142, -5.960464477539063e-08], [-0.914379358291626, -0.2908931374549866, 0.2815876007080078, 0.0], [-0.2520996630191803, -0.13512951135635376, -0.9582201242446899, -1.4901161193847656e-08], [0.0, 0.0, 0.0, 1.0]]}, "carpals": {"matrix": [[0.7666722536087036, -0.079123355448246, -0.6371443271636963, -0.21633365750312805], [0.21243292093276978, 0.9677436947822571, 0.1354406774044037, -2.3842339515686035], [0.6058759689331055, -0.23918916285037994, 0.7587506771087646, -0.5946545600891113], [0.0, 0.0, 0.0, 1.0]]}, "metacarpals": {"matrix": [[0.21788077056407928, -0.6481856107711792, 0.7296459078788757, -0.2933993339538574], [0.5879908800125122, 0.6838777661323547, 0.431946337223053, -1.441657304763794], [-0.7789701223373413, 0.3349123001098633, 0.5301311612129211, -0.8276233673095703], [0.0, 0.0, 0.0, 1.0]]}, "finger5joint1": {"matrix": [[-0.5498950481414795, -0.7573289275169373, 0.35223305225372314, -1.0016822814941406], [0.8141106367111206, -0.3917526602745056, 0.4286646544933319, -1.3322502374649048], [-0.1866520494222641, 0.5224772691726685, 0.8319724798202515, -0.7178953886032104], [0.0, 0.0, 0.0, 1.0]]}, "finger5joint2": {"matrix": [[0.6293595433235168, -0.7366169691085815, -0.24759109318256378, -1.8016281127929688], [0.36150023341178894, 0.5595429539680481, -0.7458074688911438, -1.7460476160049438], [0.6879125833511353, 0.3798767328262329, 0.6184411644935608, -0.16601714491844177], [0.0, 0.0, 0.0, 1.0]]}, "finger5joint3": {"matrix": [[0.570516049861908, 0.2247726321220398, -0.7899290919303894, -2.3079307079315186], [0.4526669681072235, 0.7164764404296875, 0.5308046936988831, -1.3614541292190552], [0.685276210308075, -0.6604076623916626, 0.3070141077041626, 0.09508545696735382], [0.0, 0.0, 0.0, 1.0]]}, "Bone": {"matrix": [[0.6100029349327087, -0.012205732055008411, 0.7923049926757812, -1.3053971529006958], [-0.6188977956771851, 0.6170640587806702, 0.48600128293037415, -0.3739343285560608], [-0.494834840297699, -0.7868182063102722, 0.36885684728622437, -0.3047323226928711], [0.0, 0.0, 0.0, 1.0]]}, "finger1joint1": {"matrix": [[0.4918971061706543, -0.43808773159980774, 0.7524069547653198, -1.3155546188354492], [0.3286149203777313, 0.8936862945556641, 0.30551066994667053, 0.13957875967025757], [-0.8062562942504883, 0.09697216004133224, 0.5835639834403992, -0.9595127105712891], [0.0, 0.0, 0.0, 1.0]]}, "finger1joint2": {"matrix": [[0.24812743067741394, -0.6718728542327881, 0.6978678703308105, -1.5631521940231323], [0.20205625891685486, 0.7404464483261108, 0.6410242915153503, 0.6446709036827087], [-0.9474206566810608, -0.018047340214252472, 0.31948122382164, -0.9047061204910278], [0.0, 0.0, 0.0, 1.0]]}, "finger1joint3": {"matrix": [[0.3420080244541168, -0.8839718699455261, 0.3187853693962097, -1.8511731624603271], [0.2386343777179718, 0.40982338786125183, 0.8803966045379639, 0.9620881676673889], [-0.9088916778564453, -0.22502975165843964, 0.3511089086532593, -0.912442684173584], [0.0, 0.0, 0.0, 1.0]]}, "Bone.001": {"matrix": [[0.658808171749115, 0.038885604590177536, 0.7513051629066467, -1.3053970336914062], [-0.31175142526626587, 0.922993004322052, 0.22559848427772522, -0.3739343583583832], [-0.6846768260002136, -0.3828466832637787, 0.620198130607605, -0.3047323226928711], [0.0, 0.0, 0.0, 1.0]]}, "finger2joint1": {"matrix": [[0.44174689054489136, -0.8015447854995728, 0.4029707610607147, -1.2807481288909912], [0.39641013741493225, 0.5773374438285828, 0.7138208150863647, 0.2111358344554901], [-0.8048094511032104, -0.1555865854024887, 0.5727775692939758, -0.5474125742912292], [0.0, 0.0, 0.0, 1.0]]}, "finger2joint2": {"matrix": [[0.32831424474716187, -0.5821491479873657, -0.7438493371009827, -1.9742037057876587], [0.37932607531547546, -0.6399520039558411, 0.6682610511779785, 0.7106187343597412], [-0.8650556802749634, -0.5015611052513123, 0.01071886159479618, -0.6820181608200073], [0.0, 0.0, 0.0, 1.0]]}, "finger2joint3": {"matrix": [[0.3245196044445038, 0.0017640250734984875, -0.9458771347999573, -2.195197105407715], [0.2421833574771881, -0.966819167137146, 0.08128713816404343, 0.467682421207428], [-0.9143489003181458, -0.255454957485199, -0.3141791522502899, -0.872418999671936], [0.0, 0.0, 0.0, 1.0]]}, "Bone.002": {"matrix": [[0.4874228537082672, -0.34074485301971436, 0.803935170173645, -1.3053970336914062], [0.4166037142276764, 0.8999119400978088, 0.1288391500711441, -0.3739343285560608], [-0.7673722505569458, 0.27212315797805786, 0.5805933475494385, -0.3047323226928711], [0.0, 0.0, 0.0, 1.0]]}, "finger3joint1": {"matrix": [[0.28441184759140015, -0.8519477248191833, -0.4396531879901886, -1.4490244388580322], [0.5173802375793457, -0.24968235194683075, 0.818520724773407, 0.005387589335441589], [-0.8071106672286987, -0.4602649211883545, 0.3697682321071625, -0.19002968072891235], [0.0, 0.0, 0.0, 1.0]]}, "finger3joint2": {"matrix": [[0.16296035051345825, -0.13243122398853302, -0.9777044057846069, -2.1963374614715576], [0.43924373388290405, -0.8775926828384399, 0.1920825093984604, -0.21362918615341187], [-0.8834640979766846, -0.4607522785663605, -0.08484330028295517, -0.5937656164169312], [0.0, 0.0, 0.0, 1.0]]}, "finger3joint3": {"matrix": [[0.318280428647995, 0.18753460049629211, -0.9292622208595276, -2.2820308208465576], [0.35659730434417725, -0.9319285154342651, -0.06593509763479233, -0.7815021276473999], [-0.8783711791038513, -0.3103864789009094, -0.36348897218704224, -0.8919093012809753], [0.0, 0.0, 0.0, 1.0]]}, "Bone.003": {"matrix": [[0.5828937292098999, -0.11134067177772522, 0.8048838973045349, -1.3053970336914062], [0.810346245765686, 0.1525329351425171, -0.5657494068145752, -0.3739342987537384], [-0.059780362993478775, 0.9820065498352051, 0.17913514375686646, -0.3047323524951935], [0.0, 0.0, 0.0, 1.0]]}, "finger4joint1": {"matrix": [[0.3741970658302307, -0.5115963816642761, 0.7734633088111877, -1.3531198501586914], [0.38159680366516113, 0.8451182842254639, 0.37437739968299866, -0.3085557222366333], [-0.8451982736587524, 0.15506009757518768, 0.5114644765853882, 0.11617475748062134], [0.0, 0.0, 0.0, 1.0]]}, "finger4joint2": {"matrix": [[0.3772372007369995, -0.71169513463974, -0.5926059484481812, -1.861318826675415], [0.40802738070487976, -0.4467093050479889, 0.7962185144424438, 0.530950129032135], [-0.8313875794410706, -0.5421628952026367, 0.12187565863132477, 0.2702051103115082], [0.0, 0.0, 0.0, 1.0]]}, "finger4joint3": {"matrix": [[0.4437204599380493, -0.09235966950654984, -0.8913930654525757, -2.1581404209136963], [0.4320569634437561, -0.8493936657905579, 0.3030785322189331, 0.3446442782878876], [-0.7851359844207764, -0.5196148157119751, -0.3369889259338379, 0.044089093804359436], [0.0, 0.0, 0.0, 1.0]]}}