{"root": {"matrix": [[0.21030963957309723, 0.2723865807056427, 0.9389224648475647, 0.0], [-0.5453163385391235, 0.8297999501228333, -0.11858389526605606, 0.0], [-0.8114185333251953, -0.48707035183906555, 0.323051780462265, -2.9802322387695312e-08], [0.0, 0.0, 0.0, 1.0]]}, "carpals": {"matrix": [[-0.7243340611457825, -0.6637153029441833, 0.18660634756088257, 0.6366665959358215], [0.39859282970428467, -0.18228775262832642, 0.8988295793533325, -0.40766507387161255], [-0.5625510811805725, 0.7254328727722168, 0.3965894877910614, -2.348073720932007], [0.0, 0.0, 0.0, 1.0]]}, "metacarpals": {"matrix": [[-0.3055773079395294, -0.659665048122406, 0.6866325736045837, -0.009788155555725098], [0.7801117897033691, 0.24001669883728027, 0.5777692198753357, -0.585212230682373], [-0.5459375977516174, 0.712203323841095, 0.44126901030540466, -1.6415064334869385], [0.0, 0.0, 0.0, 1.0]]}, "finger5joint1": {"matrix": [[0.2054864913225174, -0.7573515176773071, 0.6198335886001587, -0.6150788068771362], [0.5628796815872192, 0.6095687747001648, 0.5582042932510376, -0.82280033826828], [-0.8005881905555725, 0.23418819904327393, 0.5515561103820801, -1.3208043575286865], [0.0, 0.0, 0.0, 1.0]]}, "finger5joint2": {"matrix": [[0.627509355545044, -0.7170258164405823, -0.3034887909889221, -1.4150482416152954], [0.534946620464325, 0.680251955986023, -0.5010875463485718, -0.17892974615097046], [0.5657418966293335, 0.1520867794752121, 0.8104352951049805, -1.0734378099441528], [0.0, 0.0, 0.0, 1.0]]}, "finger5joint3": {"matrix": [[0.5735831260681152, -0.7072101831436157, -0.4133467376232147, -1.9078850746154785], [0.6228876113891602, 0.70427006483078, -0.34060829877853394, 0.28863129019737244], [0.5319896936416626, -0.06210155040025711, 0.844470202922821, -0.9689031839370728], [0.0, 0.0, 0.0, 1.0]]}, "Bone": {"matrix": [[0.5440856218338013, -0.5166207551956177, 0.6611154079437256, -1.0397083759307861], [-0.16463017463684082, 0.7069006562232971, 0.6878867149353027, -0.2104795277118683], [-0.8227194547653198, -0.4831089973449707, 0.29956328868865967, -0.5295593738555908], [0.0, 0.0, 0.0, 1.0]]}, "finger1joint1": {"matrix": [[0.4358012080192566, -0.23702338337898254, 0.8682724237442017, -1.4696338176727295], [0.18297475576400757, 0.9678872227668762, 0.1723783314228058, 0.3777945041656494], [-0.8812474608421326, 0.08374916762113571, 0.46517592668533325, -0.9315967559814453], [0.0, 0.0, 0.0, 1.0]]}, "finger1joint2": {"matrix": [[0.15540894865989685, -0.6055387258529663, 0.7804939150810242, -1.6035943031311035], [0.10240988433361053, 0.7957121133804321, 0.5969541668891907, 0.9248234033584595], [-0.9825273752212524, -0.012841896153986454, 0.18567411601543427, -0.8842635154724121], [0.0, 0.0, 0.0, 1.0]]}, "finger1joint3": {"matrix": [[0.2557631731033325, -0.8508543372154236, -0.4589465260505676, -1.8631787300109863], [0.13307709991931915, -0.4392302632331848, 0.8884633183479309, 1.2659320831298828], [-0.9575361609458923, -0.2883116602897644, 0.0008901716792024672, -0.8897686004638672], [0.0, 0.0, 0.0, 1.0]]}, "Bone.001": {"matrix": [[0.41115108132362366, -0.4208689332008362, 0.80859375, -1.0397083759307861], [0.16655966639518738, 0.9067888259887695, 0.3872873783111572, -0.2104795277118683], [-0.8962210416793823, -0.02455456554889679, 0.44292721152305603, -0.5295593738555908], [0.0, 0.0, 0.0, 1.0]]}, "finger2joint1": {"matrix": [[-0.07526442408561707, -0.4505135118961334, 0.8895912170410156, -1.3064903020858765], [0.660391628742218, 0.6459156274795532, 0.38298243284225464, 0.3643191456794739], [-0.7471397519111633, 0.6163036227226257, 0.24890108406543732, -0.5451241135597229], [0.0, 0.0, 0.0, 1.0]]}, "finger2joint2": {"matrix": [[-0.19758282601833344, -0.9550195932388306, 0.2211296558380127, -1.6962517499923706], [0.6778669357299805, 0.02984451688826084, 0.7345784306526184, 0.9231323003768921], [-0.7081364393234253, 0.2950363755226135, 0.6414795517921448, -0.011929698288440704], [0.0, 0.0, 0.0, 1.0]]}, "finger2joint3": {"matrix": [[-0.32478007674217224, -0.25891920924186707, -0.9096583724021912, -2.05879282951355], [0.608450174331665, -0.7935449481010437, 0.00863118376582861, 0.9344618320465088], [-0.7240898013114929, -0.5506786704063416, 0.41526690125465393, 0.10007093846797943], [0.0, 0.0, 0.0, 1.0]]}, "Bone.002": {"matrix": [[-0.011529872193932533, -0.4907819330692291, 0.8712060451507568, -1.0397084951400757], [0.7455397248268127, 0.5763958096504211, 0.33457157015800476, -0.2104795128107071], [-0.6663613319396973, 0.6533762216567993, 0.35925188660621643, -0.5295593738555908], [0.0, 0.0, 0.0, 1.0]]}, "finger3joint1": {"matrix": [[-0.23535248637199402, -0.8837507367134094, -0.4044671356678009, -1.2465779781341553], [0.7537349462509155, -0.4286944270133972, 0.49810099601745605, 0.032477110624313354], [-0.6135901808738708, -0.18763186037540436, 0.7670080661773682, -0.2541547119617462], [0.0, 0.0, 0.0, 1.0]]}, "finger3joint2": {"matrix": [[-0.35626256465911865, -0.32291221618652344, -0.8768150210380554, -2.0217878818511963], [0.6565690040588379, -0.7541859745979309, 0.010976981371641159, -0.3435657322406769], [-0.6648263931274414, -0.5717788338661194, 0.48070228099823, -0.41874194145202637], [0.0, 0.0, 0.0, 1.0]]}, "finger3joint3": {"matrix": [[-0.21931608021259308, 0.02963116765022278, -0.9752036929130554, -2.2307376861572266], [0.6071342825889587, -0.7782850861549377, -0.16018801927566528, -0.8315845131874084], [-0.7637332081794739, -0.6272113919258118, 0.15270018577575684, -0.7887287735939026], [0.0, 0.0, 0.0, 1.0]]}, "Bone.003": {"matrix": [[0.2088414430618286, 0.22729793190956116, 0.9511681795120239, -1.0397083759307861], [0.9742830395698547, -0.13249889016151428, -0.1822536140680313, -0.2104794979095459], [0.08460289239883423, 0.9647692441940308, -0.24912360310554504, -0.5295593738555908], [0.0, 0.0, 0.0, 1.0]]}, "finger4joint1": {"matrix": [[0.11218623071908951, -0.6819493770599365, 0.7227440476417542, -0.9422840476036072], [0.5041949152946472, 0.6658187508583069, 0.5499749183654785, -0.2672710716724396], [-0.8562718033790588, 0.3027041256427765, 0.41853129863739014, -0.11604049801826477], [0.0, 0.0, 0.0, 1.0]]}, "finger4joint2": {"matrix": [[0.11045968532562256, -0.9065131545066833, -0.4074705243110657, -1.6197046041488647], [0.5298511385917664, -0.29314959049224854, 0.7958144545555115, 0.39412596821784973], [-0.840866208076477, -0.3038043975830078, 0.4479357600212097, 0.1846533715724945], [0.0, 0.0, 0.0, 1.0]]}, "finger4joint3": {"matrix": [[0.1913810521364212, -0.5015634298324585, -0.843686580657959, -1.9977775812149048], [0.540687084197998, -0.6635203957557678, 0.5171051025390625, 0.2718641459941864], [-0.8191643953323364, -0.5551347732543945, 0.14420345425605774, 0.05794781446456909], [0.0, 0.0, 0.0, 1.0]]}}