{"root": {"matrix": [[0.2517419159412384, -0.9169319272041321, -0.3096156716346741, 0.0], [-0.36739814281463623, 0.2054252177476883, -0.9070937633514404, 1.4901161193847656e-08], [0.8953460454940796, 0.34210577607154846, -0.285165011882782, 0.0], [0.0, 0.0, 0.0, 1.0]]}, "carpals": {"matrix": [[0.8815732598304749, -0.21908125281333923, -0.4181289076805115, -0.2933911383152008], [0.42097997665405273, -0.03583742305636406, 0.9063615202903748, -0.5278065204620361], [-0.21355140209197998, -0.9750481247901917, 0.06063571944832802, 2.3917205333709717], [0.0, 0.0, 0.0, 1.0]]}, "metacarpals": {"matrix": [[0.5729655027389526, -0.6492374539375305, 0.5002010464668274, -0.5067750215530396], [-0.4762320816516876, 0.23297125101089478, 0.8478956818580627, -0.5627119541168213], [-0.6670182943344116, -0.7240267992019653, -0.1757030338048935, 1.4420294761657715], [0.0, 0.0, 0.0, 1.0]]}, "finger5joint1": {"matrix": [[0.40182241797447205, -0.5477602481842041, 0.7338237166404724, -1.183577060699463], [-0.43503227829933167, 0.5909693241119385, 0.6793392896652222, -0.69499671459198], [-0.8057825565338135, -0.5922106504440308, -0.0008285277872346342, 1.2181668281555176], [0.0, 0.0, 0.0, 1.0]]}, "finger5joint2": {"matrix": [[0.7788794636726379, -0.39771851897239685, -0.4849396049976349, -1.762161135673523], [0.6128737330436707, 0.6468307375907898, 0.4538670480251312, -0.07077226042747498], [0.13316261768341064, -0.6507142186164856, 0.7475546598434448, 0.5926312208175659], [0.0, 0.0, 0.0, 1.0]]}, "finger5joint3": {"matrix": [[0.7638602256774902, -0.37657830119132996, -0.5241239070892334, -2.035526990890503], [0.6446614265441895, 0.4835606813430786, 0.59209805727005, 0.37381723523139954], [0.03047456406056881, -0.7901625633239746, 0.612138569355011, 0.14537250995635986], [0.0, 0.0, 0.0, 1.0]]}, "Bone": {"matrix": [[0.685290515422821, 0.36973679065704346, 0.6274324655532837, -1.5204148292541504], [-0.3745989501476288, -0.55987149477005, 0.7390664219856262, -0.19897916913032532], [0.6245415806770325, -0.7415109872817993, -0.2451714724302292, 0.31162264943122864], [0.0, 0.0, 0.0, 1.0]]}, "finger1joint1": {"matrix": [[0.6639383435249329, -0.6947540640830994, 0.2765907347202301, -1.2127245664596558], [-0.479696124792099, -0.11195641756057739, 0.870262622833252, -0.6648973822593689], [-0.5736526250839233, -0.7104803323745728, -0.40760281682014465, -0.30545365810394287], [0.0, 0.0, 0.0, 1.0]]}, "finger1joint2": {"matrix": [[0.5619642734527588, -0.7913971543312073, 0.24059630930423737, -1.6053845882415771], [-0.7195411324501038, -0.32424259185791016, 0.6141067743301392, -0.7281726598739624], [-0.40799105167388916, -0.5182250738143921, -0.7516553997993469, -0.7070017457008362], [0.0, 0.0, 0.0, 1.0]]}, "finger1joint3": {"matrix": [[0.6120947003364563, -0.7728186845779419, -0.16760443150997162, -1.944643497467041], [-0.641266942024231, -0.6091070175170898, 0.4666532278060913, -0.8671700954437256], [-0.4627276360988617, -0.17815692722797394, -0.8684141039848328, -0.9291563630104065], [0.0, 0.0, 0.0, 1.0]]}, "Bone.001": {"matrix": [[0.838869571685791, 0.288577675819397, 0.46154147386550903, -1.52041494846344], [-0.45199093222618103, -0.10319408029317856, 0.8860331773757935, -0.19897915422916412], [0.30331769585609436, -0.9518789649009705, 0.04386833682656288, 0.31162264943122864], [0.0, 0.0, 0.0, 1.0]]}, "finger2joint1": {"matrix": [[0.7052285075187683, -0.39402633905410767, 0.5894029140472412, -1.337490200996399], [-0.5190911889076233, 0.2792801260948181, 0.8078035116195679, -0.264392226934433], [-0.4829045534133911, -0.8756399750709534, -0.00757913663983345, -0.29175788164138794], [0.0, 0.0, 0.0, 1.0]]}, "finger2joint2": {"matrix": [[0.6092079877853394, -0.7930101156234741, 0.0006123170023784041, -1.6783816814422607], [-0.5641294717788696, -0.43283388018608093, 0.7031447291374207, -0.02277331054210663], [-0.5573360919952393, -0.4287068545818329, -0.7110460996627808, -1.0493168830871582], [0.0, 0.0, 0.0, 1.0]]}, "finger2joint3": {"matrix": [[0.5117234587669373, -0.48393794894218445, -0.7098893523216248, -1.9794213771820068], [-0.6706078052520752, -0.7414835095405579, 0.022068418562412262, -0.1870841383934021], [-0.537051260471344, 0.4647643268108368, -0.7039670944213867, -1.2120610475540161], [0.0, 0.0, 0.0, 1.0]]}, "Bone.002": {"matrix": [[0.7951228022575378, -0.3207053244113922, 0.514711320400238, -1.52041494846344], [-0.40981096029281616, 0.3414783775806427, 0.8458411693572998, -0.19897915422916412], [-0.4470286965370178, -0.8834818601608276, 0.14008887112140656, 0.311622679233551], [0.0, 0.0, 0.0, 1.0]]}, "finger3joint1": {"matrix": [[0.8822689056396484, -0.3867962956428528, 0.26830998063087463, -1.655595302581787], [-0.42125409841537476, -0.3943185806274414, 0.8167359828948975, -0.05504262447357178], [-0.21011105179786682, -0.8336074352264404, -0.5108343362808228, -0.06077378988265991], [0.0, 0.0, 0.0, 1.0]]}, "finger3joint2": {"matrix": [[0.7989272475242615, -0.2707796096801758, -0.5370230078697205, -1.9948859214782715], [-0.5096675157546997, -0.7788746953010559, -0.36550372838974, -0.40093159675598145], [-0.31930285692214966, 0.5657139420509338, -0.7602718472480774, -0.7919988632202148], [0.0, 0.0, 0.0, 1.0]]}, "finger3joint3": {"matrix": [[0.863425076007843, -0.15654583275318146, -0.47957322001457214, -2.170102119445801], [-0.47895118594169617, -0.5529362559318542, -0.6818115711212158, -0.904926061630249], [-0.15843886137008667, 0.8183853626251221, -0.5523968935012817, -0.4259365499019623], [0.0, 0.0, 0.0, 1.0]]}, "Bone.003": {"matrix": [[0.6429257392883301, -0.47618740797042847, 0.5999100208282471, -1.5204148292541504], [0.35737884044647217, 0.8792628645896912, 0.31492382287979126, -0.19897916913032532], [-0.6774412393569946, 0.011922725476324558, 0.7354801297187805, 0.31162264943122864], [0.0, 0.0, 0.0, 1.0]]}, "finger4joint1": {"matrix": [[0.6597803831100464, -0.34438207745552063, 0.6679002046585083, -1.7245181798934937], [-0.5353338718414307, 0.4083414077758789, 0.7393744587898254, 0.17789000272750854], [-0.5273587703704834, -0.8453742265701294, 0.08505646884441376, 0.3167330026626587], [0.0, 0.0, 0.0, 1.0]]}, "finger4joint2": {"matrix": [[0.6644868850708008, -0.5332227945327759, -0.5235746502876282, -2.06661319732666], [-0.5114554166793823, -0.8353239297866821, 0.20161066949367523, 0.5835195779800415], [-0.5448580384254456, 0.13381725549697876, -0.8277814388275146, -0.5230271220207214], [0.0, 0.0, 0.0, 1.0]]}, "finger4joint3": {"matrix": [[0.7140995860099792, 0.24216577410697937, -0.6568236351013184, -2.2890005111694336], [-0.44314253330230713, -0.569965660572052, -0.6919273734092712, 0.23513701558113098], [-0.5419281125068665, 0.785171389579773, -0.29969844222068787, -0.4672169089317322], [0.0, 0.0, 0.0, 1.0]]}}