{"root": {"matrix": [[0.5095472931861877, -0.44420158863067627, -0.7369168996810913, 0.0], [-0.8232820630073547, -0.0027194609865546227, -0.5676259398460388, 0.0], [0.25013625621795654, 0.8959227204322815, -0.3670889437198639, 5.960464477539063e-08], [0.0, 0.0, 0.0, 1.0]]}, "carpals": {"matrix": [[0.7247627973556519, -0.6867057681083679, -0.05616048350930214, 0.8003849983215332], [0.30723854899406433, 0.24915355443954468, 0.9184370040893555, -1.8006768226623535], [-0.616703450679779, -0.6829037666320801, 0.3915598690509796, 1.4838908910751343], [0.0, 0.0, 0.0, 1.0]]}, "metacarpals": {"matrix": [[0.09234268218278885, -0.6507053971290588, 0.7536943554878235, 0.13153761625289917], [-0.5101013779640198, 0.619144856929779, 0.5970391631126404, -1.5580027103424072], [-0.8551427721977234, -0.43959277868270874, -0.27475225925445557, 0.8187466859817505], [0.0, 0.0, 0.0, 1.0]]}, "finger5joint1": {"matrix": [[0.1048675924539566, -0.814217209815979, 0.5710105299949646, -0.566048264503479], [-0.4093106687068939, 0.48795151710510254, 0.7709524631500244, -1.360772967338562], [-0.9063484072685242, -0.3145686089992523, -0.2820974588394165, 0.8309569358825684], [0.0, 0.0, 0.0, 1.0]]}, "finger5joint2": {"matrix": [[0.580176591873169, -0.7366588711738586, -0.3474597930908203, -1.4260833263397217], [0.7690712213516235, 0.3550088405609131, 0.5315049886703491, -0.8453632593154907], [-0.2681865990161896, -0.575588047504425, 0.77251136302948, 0.49868685007095337], [0.0, 0.0, 0.0, 1.0]]}, "finger5joint3": {"matrix": [[0.527117133140564, -0.7132575511932373, -0.4619639813899994, -1.9324148893356323], [0.7684214115142822, 0.16793011128902435, 0.6175169944763184, -0.6013532280921936], [-0.36287105083465576, -0.6804869174957275, 0.6366016268730164, 0.10306499898433685], [0.0, 0.0, 0.0, 1.0]]}, "Bone": {"matrix": [[0.5910584926605225, -0.13861854374408722, 0.7946286201477051, -0.884394109249115], [-0.738753616809845, -0.48856478929519653, 0.4642704129219055, -0.5913456678390503], [0.32387107610702515, -0.8614460229873657, -0.39117535948753357, 0.1324203610420227], [0.0, 0.0, 0.0, 1.0]]}, "finger1joint1": {"matrix": [[0.34289488196372986, -0.8494290113449097, 0.40111517906188965, -0.9997507929801941], [-0.6086645722389221, 0.12433714419603348, 0.7836244106292725, -0.9979233145713806], [-0.7155070304870605, -0.512845516204834, -0.47438278794288635, -0.5844643712043762], [0.0, 0.0, 0.0, 1.0]]}, "finger1joint2": {"matrix": [[0.2214105874300003, -0.9517838954925537, 0.21233180165290833, -1.4798296689987183], [-0.8207080960273743, -0.06426694989204407, 0.567721426486969, -0.9276506304740906], [-0.526702344417572, -0.29996201395988464, -0.7953661680221558, -0.8743135929107666], [0.0, 0.0, 0.0, 1.0]]}, "finger1joint3": {"matrix": [[0.2765440344810486, -0.9314625263214111, -0.23643378913402557, -1.8878438472747803], [-0.7560806274414062, -0.3627493381500244, 0.5447519421577454, -0.9552007913589478], [-0.5931824445724487, 0.028115086257457733, -0.8045769333839417, -1.0029023885726929], [0.0, 0.0, 0.0, 1.0]]}, "Bone.001": {"matrix": [[0.5986292362213135, -0.06356246024370193, 0.7985002398490906, -0.884394109249115], [-0.8002527952194214, -0.0036696461029350758, 0.5996510982513428, -0.5913456678390503], [-0.03518512845039368, -0.9979709982872009, -0.053062766790390015, 0.1324203610420227], [0.0, 0.0, 0.0, 1.0]]}, "finger2joint1": {"matrix": [[0.15609052777290344, -0.5351953506469727, 0.8301816582679749, -0.9246852397918701], [-0.5963290929794312, 0.6189637184143066, 0.5111506581306458, -0.5936717987060547], [-0.7874179482460022, -0.5748473405838013, -0.22253817319869995, -0.5001771450042725], [0.0, 0.0, 0.0, 1.0]]}, "finger2joint2": {"matrix": [[0.02966240607202053, -0.9179798364639282, 0.395516037940979, -1.3877090215682983], [-0.5825863480567932, 0.3056541681289673, 0.7531057000160217, -0.05817601457238197], [-0.8122273087501526, -0.2527611553668976, -0.5257361531257629, -0.9975056648254395], [0.0, 0.0, 0.0, 1.0]]}, "finger2joint3": {"matrix": [[-0.11128319799900055, -0.9721301794052124, -0.2063460499048233, -1.7361892461776733], [-0.6086300611495972, -0.09747227281332016, 0.7874439358711243, 0.05785532295703888], [-0.7856113314628601, 0.21321776509284973, -0.5808207392692566, -1.0934579372406006], [0.0, 0.0, 0.0, 1.0]]}, "Bone.002": {"matrix": [[0.37212029099464417, -0.3667396008968353, 0.8526597023010254, -0.8843941688537598], [-0.5854899287223816, 0.6200696229934692, 0.5222210884094238, -0.5913456678390503], [-0.7202277183532715, -0.6935527324676514, 0.016018128022551537, 0.1324203610420227], [0.0, 0.0, 0.0, 1.0]]}, "finger3joint1": {"matrix": [[0.509038507938385, -0.8131190538406372, 0.2823423445224762, -1.0389784574508667], [-0.6473715901374817, -0.1454891413450241, 0.7481595277786255, -0.32998013496398926], [-0.5672652721405029, -0.5636224150657654, -0.6004496812820435, -0.1599191129207611], [0.0, 0.0, 0.0, 1.0]]}, "finger3joint2": {"matrix": [[0.3627212345600128, -0.6438481211662292, -0.6737157106399536, -1.7522315979003906], [-0.6907621622085571, -0.6710294485092163, 0.269382119178772, -0.45760053396224976], [-0.6255245208740234, 0.36766669154167175, -0.6881426572799683, -0.6543182730674744], [0.0, 0.0, 0.0, 1.0]]}, "finger3joint3": {"matrix": [[0.43845343589782715, -0.15997813642024994, -0.8844012022018433, -2.1688530445098877], [-0.7586550116539001, -0.5934728384017944, -0.26876065135002136, -0.8918104767799377], [-0.4818724989891052, 0.7887945175170898, -0.3815784156322479, -0.4164084196090698], [0.0, 0.0, 0.0, 1.0]]}, "Bone.003": {"matrix": [[0.5187778472900391, -0.012646866030991077, 0.8548156023025513, -0.884394109249115], [0.20918692648410797, 0.9713732004165649, -0.112581767141819, -0.5913457274436951], [-0.8289211392402649, 0.23722128570079803, 0.5065724849700928, 0.13242033123970032], [0.0, 0.0, 0.0, 1.0]]}, "finger4joint1": {"matrix": [[0.14107199013233185, -0.6514219641685486, 0.7454850673675537, -0.8898148536682129], [-0.5588184595108032, 0.5691859126091003, 0.6031159162521362, -0.1749962866306305], [-0.8172028064727783, -0.5016735196113586, -0.2837304174900055, 0.23409801721572876], [0.0, 0.0, 0.0, 1.0]]}, "finger4joint2": {"matrix": [[0.14047138392925262, -0.9711028933525085, -0.19294238090515137, -1.5369107723236084], [-0.5338735580444336, -0.23840944468975067, 0.8112578988075256, 0.3904096484184265], [-0.8338143825531006, -0.010951634496450424, -0.5519358515739441, -0.2642439007759094], [0.0, 0.0, 0.0, 1.0]]}, "finger4joint3": {"matrix": [[0.22351649403572083, -0.6440979242324829, -0.731558620929718, -1.9419217109680176], [-0.5240181088447571, -0.7122601866722107, 0.46700090169906616, 0.29097795486450195], [-0.8218545913696289, 0.27896758913993835, -0.4967208504676819, -0.26881143450737], [0.0, 0.0, 0.0, 1.0]]}}