{"root": {"matrix": [[0.2372739315032959, -0.8999095559120178, -0.3658740818500519, 0.0], [-0.4148121178150177, 0.24670995771884918, -0.8758225440979004, 0.0], [0.8784258365631104, 0.3595788776874542, -0.3147556185722351, 0.0], [0.0, 0.0, 0.0, 1.0]]}, "carpals": {"matrix": [[0.8660840392112732, -0.2520468831062317, -0.4317066967487335, -0.303123414516449], [0.45724955201148987, 0.050387270748615265, 0.8879097104072571, -0.5981375575065613], [-0.20204223692417145, -0.9664022326469421, 0.15888814628124237, 2.3738856315612793], [0.0, 0.0, 0.0, 1.0]]}, "metacarpals": {"matrix": [[0.6038792133331299, -0.6822013258934021, 0.41222700476646423, -0.548615574836731], [-0.3444162905216217, 0.2430708408355713, 0.906804084777832, -0.5490607023239136], [-0.7188234925270081, -0.6895778179168701, -0.08817564696073532, 1.4326155185699463], [0.0, 0.0, 0.0, 1.0]]}, "finger5joint1": {"matrix": [[0.4795271158218384, -0.5683916807174683, 0.6685689687728882, -1.2134639024734497], [-0.33869561553001404, 0.582961916923523, 0.7385393381118774, -0.7229440808296204], [-0.8095300197601318, -0.5805909037590027, 0.08703446388244629, 1.2014961242675781], [0.0, 0.0, 0.0, 1.0]]}, "finger5joint2": {"matrix": [[0.7274608016014099, -0.3579029440879822, -0.5854108929634094, -1.8138402700424194], [0.6342039704322815, 0.6763674020767212, 0.37458235025405884, -0.10717752575874329], [0.2618888318538666, -0.6437636613845825, 0.7190145254135132, 0.588234007358551], [0.0, 0.0, 0.0, 1.0]]}, "finger5joint3": {"matrix": [[0.7219928503036499, -0.3134872317314148, -0.6168076395988464, -2.0598394870758057], [0.6729884147644043, 0.5251837372779846, 0.5208340287208557, 0.357713520526886], [0.1606626659631729, -0.7911427617073059, 0.5901524424552917, 0.1457527130842209], [0.0, 0.0, 0.0, 1.0]]}, "Bone": {"matrix": [[0.7299543619155884, 0.4083636403083801, 0.5480926632881165, -1.6137213706970215], [-0.369161993265152, -0.43931910395622253, 0.8189736008644104, -0.16955959796905518], [0.5752266049385071, -0.800148606300354, -0.1699303835630417, 0.3559931516647339], [0.0, 0.0, 0.0, 1.0]]}, "finger1joint1": {"matrix": [[0.7159274220466614, -0.6869889497756958, 0.12447457760572433, -1.2738862037658691], [-0.3466503918170929, -0.1950124055147171, 0.9174984097480774, -0.5351555347442627], [-0.606037437915802, -0.7000115513801575, -0.37775951623916626, -0.3098806142807007], [0.0, 0.0, 0.0, 1.0]]}, "finger1joint2": {"matrix": [[0.6576318740844727, -0.7436730265617371, 0.12029416859149933, -1.6621575355529785], [-0.6055596470832825, -0.4268568456172943, 0.6716327667236328, -0.6453723311424255], [-0.44812697172164917, -0.5145325064659119, -0.7310528755187988, -0.7055119276046753], [0.0, 0.0, 0.0, 1.0]]}, "finger1joint3": {"matrix": [[0.6932715177536011, -0.6712055802345276, -0.2624073624610901, -1.9809578657150269], [-0.5183581709861755, -0.7173786759376526, 0.46548086404800415, -0.8283588290214539], [-0.500679075717926, -0.1866838037967682, -0.8452629446983337, -0.9260835647583008], [0.0, 0.0, 0.0, 1.0]]}, "Bone.001": {"matrix": [[0.8842807412147522, 0.2793715298175812, 0.37416428327560425, -1.6137213706970215], [-0.39670899510383606, 0.02679828554391861, 0.9175529479980469, -0.16955959796905518], [0.24631117284297943, -0.959808886051178, 0.13452664017677307, 0.3559931814670563], [0.0, 0.0, 0.0, 1.0]]}, "finger2joint1": {"matrix": [[0.6749652028083801, -0.27499476075172424, 0.6846894025802612, -1.4366322755813599], [-0.3919307291507721, 0.6525936126708984, 0.648468554019928, -0.1525726020336151], [-0.6251495480537415, -0.7060444951057434, 0.33269932866096497, -0.2524139881134033], [0.0, 0.0, 0.0, 1.0]]}, "finger2joint2": {"matrix": [[0.5811572670936584, -0.77626633644104, 0.24426743388175964, -1.6745436191558838], [-0.38955244421958923, -0.001829876215197146, 0.9210022687911987, 0.4120181202888489], [-0.7144963145256042, -0.6304022073745728, -0.30345970392227173, -0.8632475733757019], [0.0, 0.0, 0.0, 1.0]]}, "finger2joint3": {"matrix": [[0.4641200304031372, -0.4774000644683838, -0.7461109161376953, -1.9692270755767822], [-0.4679170846939087, -0.8473477363586426, 0.25110751390457153, 0.4113234579563141], [-0.7520943880081177, 0.23257386684417725, -0.6166547536849976, -1.1025586128234863], [0.0, 0.0, 0.0, 1.0]]}, "Bone.002": {"matrix": [[0.8226221203804016, -0.3687830865383148, 0.4327722191810608, -1.6137211322784424], [-0.28005069494247437, 0.3996168076992035, 0.8728561401367188, -0.16955959796905518], [-0.4948377311229706, -0.8392288088798523, 0.2254558652639389, 0.3559931814670563], [0.0, 0.0, 0.0, 1.0]]}, "finger3joint1": {"matrix": [[0.9153445959091187, -0.3730180263519287, 0.15166360139846802, -1.769167184829712], [-0.2992948591709137, -0.37827885150909424, 0.875972330570221, -0.0011170804500579834], [-0.2693825364112854, -0.8472086787223816, -0.4578976333141327, 0.0022497177124023438], [0.0, 0.0, 0.0, 1.0]]}, "finger3joint2": {"matrix": [[0.8382652997970581, -0.16093288362026215, -0.5209720730781555, -2.096371650695801], [-0.38909730315208435, -0.8459006547927856, -0.36476725339889526, -0.33293628692626953], [-0.38198772072792053, 0.508480429649353, -0.7717077732086182, -0.7409060001373291], [0.0, 0.0, 0.0, 1.0]]}, "finger3joint3": {"matrix": [[0.9049045443534851, -0.06323305517435074, -0.42089104652404785, -2.200507879257202], [-0.36369788646698, -0.6285297870635986, -0.6875128746032715, -0.8803019523620605], [-0.22106917202472687, 0.7752106785774231, -0.5917572379112244, -0.4118783473968506], [0.0, 0.0, 0.0, 1.0]]}, "Bone.003": {"matrix": [[0.5924465656280518, -0.5589191317558289, 0.5801865458488464, -1.6137213706970215], [0.4884506165981293, 0.8219212889671326, 0.2930208444595337, -0.16955958306789398], [-0.6406424641609192, 0.10979349166154861, 0.7599489688873291, 0.3559931516647339], [0.0, 0.0, 0.0, 1.0]]}, "finger4joint1": {"matrix": [[0.7928116917610168, -0.20207692682743073, 0.5749907493591309, -1.8532849550247192], [-0.4762948155403137, 0.38318905234336853, 0.7913968563079834, 0.18273189663887024], [-0.3802533745765686, -0.9012937545776367, 0.20754879713058472, 0.4030528664588928], [0.0, 0.0, 0.0, 1.0]]}, "finger4joint2": {"matrix": [[0.7989263534545898, -0.49580124020576477, -0.34043723344802856, -2.0540199279785156], [-0.4520149230957031, -0.8683888912200928, 0.2039186656475067, 0.5633761286735535], [-0.39673519134521484, -0.009033530950546265, -0.917888343334198, -0.49225544929504395], [0.0, 0.0, 0.0, 1.0]]}, "finger4joint3": {"matrix": [[0.8422695994377136, 0.16997316479682922, -0.5115571618080139, -2.2608001232147217], [-0.38119933009147644, -0.483174592256546, -0.7881807684898376, 0.2012033611536026], [-0.38114112615585327, 0.8588659167289734, -0.342169851064682, -0.4960229992866516], [0.0, 0.0, 0.0, 1.0]]}}