{"root": {"matrix": [[0.52690190076828, -0.48204538226127625, -0.7000047564506531, -2.9802322387695312e-08], [-0.8120905160903931, -0.04253504425287247, -0.5819791555404663, 0.0], [0.2507655918598175, 0.8751131296157837, -0.41387632489204407, 5.960464477539063e-08], [0.0, 0.0, 0.0, 1.0]]}, "carpals": {"matrix": [[0.7148086428642273, -0.6920231580734253, -0.10075919330120087, 0.7984399199485779], [0.4367341697216034, 0.3292192220687866, 0.8371843099594116, -1.8127256631851196], [-0.5461791157722473, -0.6424316763877869, 0.5375590920448303, 1.470205307006836], [0.0, 0.0, 0.0, 1.0]]}, "metacarpals": {"matrix": [[0.1672051101922989, -0.7206208109855652, 0.6728655099868774, 0.12441360950469971], [-0.35037723183631897, 0.5944907665252686, 0.7237513661384583, -1.4920681715011597], [-0.9215628504753113, -0.35677170753479004, -0.15308718383312225, 0.8444808721542358], [0.0, 0.0, 0.0, 1.0]]}, "finger5joint1": {"matrix": [[0.22122317552566528, -0.8209274411201477, 0.5264393091201782, -0.5929564237594604], [-0.29270198941230774, 0.4590338170528412, 0.8388164639472961, -1.3890591859817505], [-0.9302610754966736, -0.33965548872947693, -0.13873812556266785, 0.8655599355697632], [0.0, 0.0, 0.0, 1.0]]}, "finger5joint2": {"matrix": [[0.552243709564209, -0.7141354084014893, -0.430159330368042, -1.460079312324524], [0.827202558517456, 0.4051702618598938, 0.3893229365348816, -0.9041944742202759], [-0.10374151170253754, -0.5708300471305847, 0.8144877552986145, 0.5067912340164185], [0.0, 0.0, 0.0, 1.0]]}, "finger5joint3": {"matrix": [[0.5060044527053833, -0.6652581691741943, -0.5489905476570129, -1.9509295225143433], [0.8387208580970764, 0.2309839278459549, 0.49314597249031067, -0.6257067322731018], [-0.20126140117645264, -0.7099840044975281, 0.6748451590538025, 0.1144397109746933], [0.0, 0.0, 0.0, 1.0]]}, "Bone": {"matrix": [[0.6782805919647217, -0.0645141527056694, 0.7319653034210205, -1.0006755590438843], [-0.7005296349525452, -0.35745173692703247, 0.6176455020904541, -0.5639030337333679], [0.22179539501667023, -0.9317006468772888, -0.28764668107032776, 0.28746119141578674], [0.0, 0.0, 0.0, 1.0]]}, "finger1joint1": {"matrix": [[0.47664105892181396, -0.8303608894348145, 0.2886415421962738, -1.054363489151001], [-0.44345730543136597, 0.05639162287116051, 0.8945194482803345, -0.8613699078559875], [-0.7590512037277222, -0.5543650388717651, -0.3413510322570801, -0.4878886044025421], [0.0, 0.0, 0.0, 1.0]]}, "finger1joint2": {"matrix": [[0.3826412856578827, -0.910700261592865, 0.1555977463722229, -1.5236655473709106], [-0.695782482624054, -0.1732475608587265, 0.6970449090003967, -0.8294985890388489], [-0.6078422665596008, -0.3749804198741913, -0.6999409794807434, -0.801203727722168], [0.0, 0.0, 0.0, 1.0]]}, "finger1joint3": {"matrix": [[0.4295838177204132, -0.8578940033912659, -0.2819140553474426, -1.9140677452087402], [-0.614786684513092, -0.5065124034881592, 0.6045511960983276, -0.9037669897079468], [-0.6614340543746948, -0.0863884836435318, -0.7450113892555237, -0.9619516730308533], [0.0, 0.0, 0.0, 1.0]]}, "Bone.001": {"matrix": [[0.6977422833442688, -0.05149190127849579, 0.7144957184791565, -1.0006756782531738], [-0.7021243572235107, 0.14861813187599182, 0.6963716149330139, -0.5639030337333679], [-0.1420445591211319, -0.9875530004501343, 0.06754349172115326, 0.28746119141578674], [0.0, 0.0, 0.0, 1.0]]}, "finger2joint1": {"matrix": [[0.24084676802158356, -0.5482112169265747, 0.8009101748466492, -1.0333154201507568], [-0.4376097023487091, 0.675223171710968, 0.5937768220901489, -0.4696964621543884], [-0.8663083910942078, -0.493495374917984, -0.07727722823619843, -0.33853256702423096], [0.0, 0.0, 0.0, 1.0]]}, "finger2joint2": {"matrix": [[0.11523518711328506, -0.6828425526618958, 0.7214199304580688, -1.5075998306274414], [-0.42774736881256104, 0.6213619112968445, 0.6564610004425049, 0.11447218060493469], [-0.8965227007865906, -0.38423287868499756, -0.22048135101795197, -0.7654796242713928], [0.0, 0.0, 0.0, 1.0]]}, "finger2joint3": {"matrix": [[-0.028770552948117256, -0.8783086538314819, 0.4772273004055023, -1.7668180465698242], [-0.41059011220932007, 0.4456728398799896, 0.7954815626144409, 0.35035139322280884], [-0.9113658666610718, -0.1730583757162094, -0.3734471797943115, -0.9113406538963318], [0.0, 0.0, 0.0, 1.0]]}, "Bone.002": {"matrix": [[0.45288708806037903, -0.4363795220851898, 0.7774742245674133, -1.0006755590438843], [-0.41050419211387634, 0.6720360517501831, 0.6163225769996643, -0.5639030337333679], [-0.7914414405822754, -0.5982809066772461, 0.1252208650112152, 0.28746116161346436], [0.0, 0.0, 0.0, 1.0]]}, "finger3joint1": {"matrix": [[0.5980275273323059, -0.7445234060287476, 0.2967287003993988, -1.1846139430999756], [-0.5029230713844299, -0.06032797694206238, 0.8622230291366577, -0.2806330919265747], [-0.6240444779396057, -0.6648648977279663, -0.41051575541496277, 0.03527975082397461], [0.0, 0.0, 0.0, 1.0]]}, "finger3joint2": {"matrix": [[0.4608113169670105, -0.5451956987380981, -0.7002959847450256, -1.8376960754394531], [-0.5392000079154968, -0.7987262606620789, 0.2670194208621979, -0.33355164527893066], [-0.7049229145050049, 0.25455403327941895, -0.6620317101478577, -0.5479274392127991], [0.0, 0.0, 0.0, 1.0]]}, "finger3joint3": {"matrix": [[0.544388473033905, -0.0943208783864975, -0.8335134387016296, -2.190481662750244], [-0.6153787970542908, -0.7201641201972961, -0.3204251825809479, -0.8503917455673218], [-0.5700439214706421, 0.6873623728752136, -0.4500921070575714, -0.38321053981781006], [0.0, 0.0, 0.0, 1.0]]}, "Bone.003": {"matrix": [[0.4964040517807007, -0.14118599891662598, 0.8565334677696228, -1.0006756782531738], [0.4033889174461365, 0.9112026691436768, -0.08358662575483322, -0.5639030337333679], [-0.7686743140220642, 0.38700899481773376, 0.5092776417732239, 0.28746116161346436], [0.0, 0.0, 0.0, 1.0]]}, "finger4joint1": {"matrix": [[0.3232164680957794, -0.5214660167694092, 0.7896860837936401, -1.0611906051635742], [-0.5031305551528931, 0.612068772315979, 0.6101073026657104, -0.17334383726119995], [-0.8014926910400391, -0.5945119261741638, -0.0645347535610199, 0.4533407390117645], [0.0, 0.0, 0.0, 1.0]]}, "finger4joint2": {"matrix": [[0.3263665437698364, -0.9392334818840027, -0.10641981661319733, -1.5791935920715332], [-0.4770926535129547, -0.2608715295791626, 0.8392425179481506, 0.4346601963043213], [-0.8160067796707153, -0.2231285721063614, -0.5332410931587219, -0.1372230350971222], [0.0, 0.0, 0.0, 1.0]]}, "finger4joint3": {"matrix": [[0.4048334062099457, -0.5705721974372864, -0.714532732963562, -1.970913052558899], [-0.46598199009895325, -0.8010812997817993, 0.3756713271141052, 0.3258603811264038], [-0.786746621131897, 0.18087507784366608, -0.5901808738708496, -0.23028168082237244], [0.0, 0.0, 0.0, 1.0]]}}