{"root": {"matrix": [[-0.053108327090740204, -0.9506131410598755, -0.30580076575279236, -5.960464477539063e-08], [-0.002445332705974579, 0.3063558340072632, -0.9519139528274536, 0.0], [0.9985857605934143, -0.04980674758553505, -0.018594682216644287, 0.0], [0.0, 0.0, 0.0, 1.0]]}, "carpals": {"matrix": [[0.9718490242958069, 0.11245936155319214, -0.20703183114528656, -1.0161986351013184], [0.23459109663963318, -0.3804941475391388, 0.8945339918136597, 0.40135619044303894], [0.021824421361088753, -0.9179198741912842, -0.3961646556854248, 2.2116146087646484], [0.0, 0.0, 0.0, 1.0]]}, "metacarpals": {"matrix": [[0.5042701363563538, -0.3510722815990448, 0.7889611721038818, -0.9066639542579651], [-0.826968789100647, 0.06676033139228821, 0.5582700371742249, 0.030757196247577667], [-0.24866458773612976, -0.9339652061462402, -0.2566604018211365, 1.317566156387329], [0.0, 0.0, 0.0, 1.0]]}, "finger5joint1": {"matrix": [[0.44319072365760803, -0.38832318782806396, 0.8079522848129272, -1.520045280456543], [-0.7925981879234314, 0.25130054354667664, 0.5555500984191895, -0.015694260597229004], [-0.4187719523906708, -0.886596143245697, -0.19641004502773285, 0.9337946176528931], [0.0, 0.0, 0.0, 1.0]]}, "finger5joint2": {"matrix": [[0.8334141969680786, -0.23871035873889923, -0.498435378074646, -1.930220365524292], [0.5526441335678101, 0.3635941743850708, 0.7499222755432129, 0.24974755942821503], [0.002214075531810522, -0.9004530310630798, 0.4349465072154999, -0.0026923418045043945], [0.0, 0.0, 0.0, 1.0]]}, "finger5joint3": {"matrix": [[0.8336610198020935, -0.2242974042892456, -0.5046777129173279, -2.0942940711975098], [0.5420458912849426, 0.15723396837711334, 0.8255078792572021, 0.49965861439704895], [-0.10580670088529587, -0.96175217628479, 0.252659410238266, -0.6216052770614624], [0.0, 0.0, 0.0, 1.0]]}, "Bone": {"matrix": [[0.35675308108329773, 0.30645081400871277, 0.882504940032959, -1.4547852277755737], [-0.24066729843616486, -0.8826308846473694, 0.4037843942642212, 0.1349886655807495], [0.9026660919189453, -0.3564416170120239, -0.24112842977046967, -0.1406128704547882], [0.0, 0.0, 0.0, 1.0]]}, "finger1joint1": {"matrix": [[0.5624018311500549, -0.599440336227417, 0.5695395469665527, -1.1997606754302979], [-0.8163910508155823, -0.2932725250720978, 0.49749040603637695, -0.5995259284973145], [-0.13118572533130646, -0.7447565793991089, -0.6543145179748535, -0.4372391402721405], [0.0, 0.0, 0.0, 1.0]]}, "finger1joint2": {"matrix": [[0.3741726577281952, -0.845281720161438, 0.38143613934516907, -1.5385513305664062], [-0.9230613708496094, -0.3790280520915985, 0.06553879380226135, -0.7652771472930908], [0.08917604386806488, -0.3766118884086609, -0.92206871509552, -0.8581595420837402], [0.0, 0.0, 0.0, 1.0]]}, "finger1joint3": {"matrix": [[0.4416358172893524, -0.8949776291847229, -0.06302984803915024, -1.9009097814559937], [-0.8971483707427979, -0.43980997800827026, -0.04113474115729332, -0.9277602434158325], [0.00909331999719143, 0.0747135579586029, -0.9971633553504944, -1.0196068286895752], [0.0, 0.0, 0.0, 1.0]]}, "Bone.001": {"matrix": [[0.5408082008361816, 0.43739765882492065, 0.7184772491455078, -1.4547852277755737], [-0.4756763279438019, -0.5454315543174744, 0.6900986433029175, 0.13498862087726593], [0.6937276124954224, -0.7149738073348999, -0.08691396564245224, -0.14061281085014343], [0.0, 0.0, 0.0, 1.0]]}, "finger2joint1": {"matrix": [[0.7345672249794006, -0.6629405617713928, 0.14463943243026733, -1.1775259971618652], [-0.6784229874610901, -0.7214500904083252, 0.13875049352645874, -0.21075153350830078], [0.012366680428385735, -0.20004847645759583, -0.9797077178955078, -0.5938230752944946], [0.0, 0.0, 0.0, 1.0]]}, "finger2joint2": {"matrix": [[0.6550838947296143, -0.6810200810432434, -0.32722553610801697, -1.7510685920715332], [-0.750792384147644, -0.5381802916526794, -0.38297849893569946, -0.8349132537841797], [0.08470959216356277, 0.49656131863594055, -0.8638580441474915, -0.7668948173522949], [0.0, 0.0, 0.0, 1.0]]}, "finger2joint3": {"matrix": [[0.5992501378059387, -0.44827187061309814, -0.6632882952690125, -2.009594678878784], [-0.7703219056129456, -0.09730730950832367, -0.6301865577697754, -1.039215326309204], [0.2179519534111023, 0.8885849118232727, -0.4036252498626709, -0.578391969203949], [0.0, 0.0, 0.0, 1.0]]}, "Bone.002": {"matrix": [[0.681242823600769, 0.021244792267680168, 0.7317491769790649, -1.4547852277755737], [-0.7320574522018433, 0.01977146975696087, 0.6809558272361755, 0.13498860597610474], [-1.100327381209354e-06, -0.999578595161438, 0.0290217325091362, -0.14061284065246582], [0.0, 0.0, 0.0, 1.0]]}, "finger3joint1": {"matrix": [[0.6254863142967224, -0.06440607458353043, 0.7775723338127136, -1.4458303451538086], [-0.7533864378929138, -0.30904093384742737, 0.5804330706596375, 0.14332248270511627], [0.20291809737682343, -0.9488652944564819, -0.24182333052158356, -0.5619451999664307], [0.0, 0.0, 0.0, 1.0]]}, "finger3joint2": {"matrix": [[0.5767921805381775, -0.8046427965164185, -0.14092808961868286, -1.502326250076294], [-0.8147171139717102, -0.5540547966957092, -0.17105326056480408, -0.12776252627372742], [0.05955474078655243, 0.21347862482070923, -0.9751306176185608, -1.3942724466323853], [0.0, 0.0, 0.0, 1.0]]}, "finger3joint3": {"matrix": [[0.5516349077224731, -0.5669376850128174, -0.611784815788269, -2.0229947566986084], [-0.8008207678794861, -0.1549217253923416, -0.578519880771637, -0.4862804412841797], [0.23320579528808594, 0.809061586856842, -0.5394756197929382, -1.2561345100402832], [0.0, 0.0, 0.0, 1.0]]}, "Bone.003": {"matrix": [[0.8596176505088806, -0.13155674934387207, 0.4937107563018799, -1.4547852277755737], [-0.1119774878025055, 0.8942838311195374, 0.43326371908187866, 0.13498863577842712], [-0.49851617217063904, -0.4277254045009613, 0.754010796546936, -0.1406128704547882], [0.0, 0.0, 0.0, 1.0]]}, "finger4joint1": {"matrix": [[0.49834945797920227, -0.7846217751502991, 0.3688039481639862, -1.5111730098724365], [-0.8292416930198669, -0.3072470724582672, 0.4668588936328888, 0.5182960629463196], [-0.25299379229545593, -0.5384865999221802, -0.8037572503089905, -0.3239442706108093], [0.0, 0.0, 0.0, 1.0]]}, "finger4joint2": {"matrix": [[0.48726117610931396, -0.24177946150302887, -0.8391179442405701, -2.290584087371826], [-0.8268970251083374, -0.436670184135437, -0.3543446362018585, 0.21308940649032593], [-0.2807445824146271, 0.8665224313735962, -0.41269928216934204, -0.8588547706604004], [0.0, 0.0, 0.0, 1.0]]}, "finger4joint3": {"matrix": [[0.5178957581520081, 0.5031848549842834, -0.6918010115623474, -2.391421318054199], [-0.7824641466140747, -0.048200685530900955, -0.6208270192146301, 0.030970484018325806], [-0.3457360863685608, 0.8628332614898682, 0.3687610626220703, -0.49746042490005493], [0.0, 0.0, 0.0, 1.0]]}}