{"root": {"matrix": [[-0.19762775301933289, -0.9661190509796143, -0.1660037487745285, -5.960464477539063e-08], [0.19795385003089905, 0.12652309238910675, -0.972011387348175, 0.0], [0.9600820541381836, -0.22495749592781067, 0.16624243557453156, -1.4901161193847656e-08], [0.0, 0.0, 0.0, 1.0]]}, "carpals": {"matrix": [[0.910607635974884, 0.3320172131061554, -0.24608562886714935, -1.3739198446273804], [0.39472851157188416, -0.5223798155784607, 0.7558495998382568, 0.6807900071144104], [0.1224050223827362, -0.7854194641113281, -0.6067395210266113, 1.9323184490203857], [0.0, 0.0, 0.0, 1.0]]}, "metacarpals": {"matrix": [[0.5218886733055115, -0.2955077886581421, 0.8001919388771057, -1.050537109375], [-0.8397215604782104, -0.01302234549075365, 0.5428609848022461, 0.17199522256851196], [-0.14999936521053314, -0.9552513957023621, -0.25494030117988586, 1.1673246622085571], [0.0, 0.0, 0.0, 1.0]]}, "finger5joint1": {"matrix": [[0.2959583103656769, -0.41479751467704773, 0.8604367971420288, -1.6399208307266235], [-0.7169426083564758, 0.49877431988716125, 0.4870496392250061, 0.08859074115753174], [-0.631190836429596, -0.7610300779342651, -0.14976944029331207, 0.7533857822418213], [0.0, 0.0, 0.0, 1.0]]}, "finger5joint2": {"matrix": [[0.9062903523445129, -0.07888636738061905, -0.41522812843322754, -2.0780601501464844], [0.39098289608955383, 0.5296168923377991, 0.7527536153793335, 0.6154322624206543], [0.16052988171577454, -0.8445602059364319, 0.5108299851417542, -0.05046921968460083], [0.0, 0.0, 0.0, 1.0]]}, "finger5joint3": {"matrix": [[0.9164474010467529, -0.09133175015449524, -0.38959234952926636, -2.132281541824341], [0.39668017625808716, 0.335375040769577, 0.8544987440109253, 0.9794564247131348], [0.05261674150824547, -0.9376466274261475, 0.34358319640159607, -0.630964994430542], [0.0, 0.0, 0.0, 1.0]]}, "Bone": {"matrix": [[0.30382853746414185, 0.3310494124889374, 0.8933612704277039, -1.5119068622589111], [-0.16279809176921844, -0.9058579802513123, 0.39104723930358887, 0.15166372060775757], [0.938714325428009, -0.26424896717071533, -0.2213311344385147, -0.32408803701400757], [0.0, 0.0, 0.0, 1.0]]}, "finger1joint1": {"matrix": [[0.5748770833015442, -0.49637091159820557, 0.6504860520362854, -1.2364115715026855], [-0.8175859451293945, -0.31668880581855774, 0.48089632391929626, -0.6021801233291626], [-0.03270145133137703, -0.8082845211029053, -0.5878828167915344, -0.5439927577972412], [0.0, 0.0, 0.0, 1.0]]}, "finger1joint2": {"matrix": [[0.359346866607666, -0.9019152522087097, 0.2396218627691269, -1.5169496536254883], [-0.9186788201332092, -0.387020468711853, -0.07902155816555023, -0.7811657786369324], [0.16400913894176483, -0.19173946976661682, -0.9676448702812195, -1.0008176565170288], [0.0, 0.0, 0.0, 1.0]]}, "finger1joint3": {"matrix": [[0.4146120250225067, -0.8875619769096375, -0.20082449913024902, -1.9035857915878296], [-0.9071381092071533, -0.3856350779533386, -0.16848188638687134, -0.9470750689506531], [0.07209298759698868, 0.25202998518943787, -0.9650300741195679, -1.0830131769180298], [0.0, 0.0, 0.0, 1.0]]}, "Bone.001": {"matrix": [[0.5009987950325012, 0.481427937746048, 0.7191849946975708, -1.5119068622589111], [-0.41233590245246887, -0.5978363156318665, 0.6874377131462097, 0.15166376531124115], [0.7609065771102905, -0.64095139503479, -0.10100506246089935, -0.3240879774093628], [0.0, 0.0, 0.0, 1.0]]}, "finger2joint1": {"matrix": [[0.7661246657371521, -0.6278300285339355, 0.13741272687911987, -1.2067373991012573], [-0.632270336151123, -0.7746201157569885, -0.014058306813240051, -0.22729486227035522], [0.11526881158351898, -0.07611175626516342, -0.9904138445854187, -0.7303766012191772], [0.0, 0.0, 0.0, 1.0]]}, "finger2joint2": {"matrix": [[0.6902193427085876, -0.6539639830589294, -0.30972278118133545, -1.749903917312622], [-0.695713996887207, -0.4820738732814789, -0.5325285196304321, -0.8974566459655762], [0.19894513487815857, 0.5830398201942444, -0.7877086400985718, -0.7962245941162109], [0.0, 0.0, 0.0, 1.0]]}, "finger2joint3": {"matrix": [[0.6355515718460083, -0.47317662835121155, -0.6100637912750244, -1.9981592893600464], [-0.6960307955741882, -0.009228408336639404, -0.7179524302482605, -1.0804598331451416], [0.3340882956981659, 0.8809189796447754, -0.33521080017089844, -0.5748931169509888], [0.0, 0.0, 0.0, 1.0]]}, "Bone.002": {"matrix": [[0.6834031939506531, 0.08025060594081879, 0.7256168723106384, -1.5119068622589111], [-0.7231629490852356, -0.061701178550720215, 0.6879159212112427, 0.15166373550891876], [0.09997700899839401, -0.994862973690033, 0.01586761698126793, -0.32408803701400757], [0.0, 0.0, 0.0, 1.0]]}, "finger3joint1": {"matrix": [[0.6245937943458557, -0.09378427267074585, 0.7752981185913086, -1.47808039188385], [-0.7351139783859253, -0.40571269392967224, 0.5431433916091919, 0.12565606832504272], [0.2636098563671112, -0.909176230430603, -0.3223475515842438, -0.7434327006340027], [0.0, 0.0, 0.0, 1.0]]}, "finger3joint2": {"matrix": [[0.5713544487953186, -0.7791351675987244, -0.2578808069229126, -1.5603461265563965], [-0.8105278015136719, -0.48636332154273987, -0.3263362646102905, -0.23022761940956116], [0.12883619964122772, 0.3954731225967407, -0.9093964099884033, -1.540945291519165], [0.0, 0.0, 0.0, 1.0]]}, "finger3joint3": {"matrix": [[0.5672141313552856, -0.4394473433494568, -0.6965301036834717, -2.064509153366089], [-0.767224907875061, 0.025498472154140472, -0.6408711075782776, -0.5449437499046326], [0.29938942193984985, 0.8979062438011169, -0.32269176840782166, -1.2850425243377686], [0.0, 0.0, 0.0, 1.0]]}, "Bone.003": {"matrix": [[0.8881087303161621, -0.11012651771306992, 0.446245402097702, -1.5119068622589111], [-0.14419884979724884, 0.8550996780395508, 0.49800732731819153, 0.15166372060775757], [-0.4364279508590698, -0.5066325664520264, 0.7435413599014282, -0.3240880072116852], [0.0, 0.0, 0.0, 1.0]]}, "finger4joint1": {"matrix": [[0.5162450075149536, -0.8288326263427734, 0.21570207178592682, -1.559109091758728], [-0.8423959612846375, -0.44598525762557983, 0.3024335205554962, 0.5181760787963867], [-0.15446686744689941, -0.33783647418022156, -0.9284427165985107, -0.5412405133247375], [0.0, 0.0, 0.0, 1.0]]}, "finger4joint2": {"matrix": [[0.5011788010597229, -0.09258981049060822, -0.8603758811950684, -2.3824377059936523], [-0.8464007377624512, -0.2593473792076111, -0.4651283323764801, 0.07515259087085724], [-0.18007010221481323, 0.9613352417945862, -0.20834766328334808, -0.876833438873291], [0.0, 0.0, 0.0, 1.0]]}, "finger4joint3": {"matrix": [[0.5196731686592102, 0.5786864757537842, -0.6285391449928284, -2.421053171157837], [-0.815017819404602, 0.11509067565202713, -0.5678906440734863, -0.03301157057285309], [-0.25629162788391113, 0.8073882460594177, 0.5314491391181946, -0.4758962094783783], [0.0, 0.0, 0.0, 1.0]]}}