{"root": {"matrix": [[0.47370198369026184, -0.4250275790691376, -0.7713351845741272, -2.9802322387695312e-08], [-0.8688961267471313, -0.08272670209407806, -0.48803257942199707, -7.450580596923828e-09], [0.14361721277236938, 0.9013921618461609, -0.40849265456199646, 5.960464477539063e-08], [0.0, 0.0, 0.0, 1.0]]}, "carpals": {"matrix": [[0.6478701829910278, -0.7602989077568054, -0.04700719565153122, 0.7419591546058655], [0.6223678588867188, 0.4927341341972351, 0.6081700921058655, -1.9910924434661865], [-0.43922901153564453, -0.423271119594574, 0.7924135327339172, 1.25300931930542], [0.0, 0.0, 0.0, 1.0]]}, "metacarpals": {"matrix": [[0.25330808758735657, -0.8176381587982178, 0.5170132517814636, 0.0014325380325317383], [0.06603876501321793, 0.547812283039093, 0.8339905142784119, -1.5111722946166992], [-0.9651288390159607, -0.17711365222930908, 0.19276118278503418, 0.840745747089386], [0.0, 0.0, 0.0, 1.0]]}, "finger5joint1": {"matrix": [[0.13590560853481293, -0.9700729846954346, 0.2012162208557129, -0.7222977876663208], [0.23373012244701385, 0.22876203060150146, 0.9450067281723022, -1.553216814994812], [-0.9627562761306763, -0.08140139281749725, 0.25782540440559387, 0.8297236561775208], [0.0, 0.0, 0.0, 1.0]]}, "finger5joint2": {"matrix": [[0.17397929728031158, -0.5859724879264832, -0.7914334535598755, -1.7469590902328491], [0.9648164510726929, 0.26231467723846436, 0.01787738874554634, -1.3115818500518799], [0.19712908565998077, -0.76669842004776, 0.6109936237335205, 0.7437416315078735], [0.0, 0.0, 0.0, 1.0]]}, "finger5joint3": {"matrix": [[0.16182251274585724, -0.18500661849975586, -0.969322144985199, -2.1497185230255127], [0.9826374650001526, 0.1205456480383873, 0.1410377323627472, -1.1312837600708008], [0.09075475484132767, -0.9753157496452332, 0.20130164921283722, 0.21676290035247803], [0.0, 0.0, 0.0, 1.0]]}, "Bone": {"matrix": [[0.8002623319625854, 0.027983617037534714, 0.598996639251709, -1.275127649307251], [-0.5995827913284302, 0.022404586896300316, 0.7999987602233887, -0.6558853387832642], [0.008966592140495777, -0.9993572235107422, 0.03470808267593384, 0.5642222166061401], [0.0, 0.0, 0.0, 1.0]]}, "finger1joint1": {"matrix": [[0.6515880227088928, -0.7574635744094849, -0.04101012647151947, -1.2518399953842163], [-0.017687758430838585, -0.06921858340501785, 0.9974444508552551, -0.6372405290603638], [-0.7583666443824768, -0.6491976976394653, -0.05849981680512428, -0.2674306035041809], [0.0, 0.0, 0.0, 1.0]]}, "finger1joint2": {"matrix": [[0.6481530070304871, -0.7582917809486389, -0.06993689388036728, -1.6799418926239014], [-0.31913936138153076, -0.3538704812526703, 0.8791617155075073, -0.6763613224029541], [-0.6914098858833313, -0.547511875629425, -0.47136300802230835, -0.6343430876731873], [0.0, 0.0, 0.0, 1.0]]}, "finger1joint3": {"matrix": [[0.6651188731193542, -0.604056179523468, -0.43901368975639343, -2.005009412765503], [-0.21526482701301575, -0.7180517315864563, 0.6618627905845642, -0.8280597925186157], [-0.7150370478630066, -0.3457133173942566, -0.6076218485832214, -0.8690523505210876], [0.0, 0.0, 0.0, 1.0]]}, "Bone.001": {"matrix": [[0.8272398114204407, -0.05963509902358055, 0.5586749911308289, -1.2751275300979614], [-0.45786866545677185, 0.5047279000282288, 0.7318507432937622, -0.6558853387832642], [-0.32562288641929626, -0.8612160086631775, 0.3902260959148407, 0.5642221570014954], [0.0, 0.0, 0.0, 1.0]]}, "finger2joint1": {"matrix": [[0.34179872274398804, -0.3720768690109253, 0.8629786968231201, -1.3129292726516724], [-0.021164821460843086, 0.91500324010849, 0.40289029479026794, -0.33594658970832825], [-0.9395346641540527, -0.1559721976518631, 0.3048721253871918, 0.018311403691768646], [0.0, 0.0, 0.0, 1.0]]}, "finger2joint2": {"matrix": [[0.2255319207906723, -0.516751229763031, 0.8258954882621765, -1.6348313093185425], [0.024525867775082588, 0.8504794239997864, 0.525435745716095, 0.45566749572753906], [-0.9739269614219666, -0.098246730864048, 0.20448410511016846, -0.1166277825832367], [0.0, 0.0, 0.0, 1.0]]}, "finger2joint3": {"matrix": [[0.09006918966770172, -0.7136014699935913, 0.6947375535964966, -1.830998420715332], [0.07486380636692047, 0.7004501819610596, 0.7097636461257935, 0.7785235643386841], [-0.99311763048172, -0.011917132884263992, 0.11651195585727692, -0.1539238542318344], [0.0, 0.0, 0.0, 1.0]]}, "Bone.002": {"matrix": [[0.5424644947052002, -0.549757182598114, 0.6352159380912781, -1.275127649307251], [0.01228376291692257, 0.7612482905387878, 0.6483438611030579, -0.6558853387832642], [-0.8399888873100281, -0.3439006507396698, 0.4197033643722534, 0.5642221570014954], [0.0, 0.0, 0.0, 1.0]]}, "finger3joint1": {"matrix": [[0.8715564012527466, -0.14204685389995575, 0.4692675769329071, -1.506855845451355], [-0.4083210825920105, 0.3195347487926483, 0.8550853729248047, -0.3350115418434143], [-0.27140969038009644, -0.9368671774864197, 0.2204919010400772, 0.4192645251750946], [0.0, 0.0, 0.0, 1.0]]}, "finger3joint2": {"matrix": [[0.8192623257637024, -0.5651781558990479, 0.0968649759888649, -1.6314566135406494], [-0.3855185806751251, -0.4178382158279419, 0.8226702213287354, -0.05472159385681152], [-0.4244815409183502, -0.7113260626792908, -0.5602059364318848, -0.4025380313396454], [0.0, 0.0, 0.0, 1.0]]}, "finger3joint3": {"matrix": [[0.7622416019439697, -0.6470432877540588, -0.017962835729122162, -1.997172236442566], [-0.5386210680007935, -0.6494184136390686, 0.5367892384529114, -0.3250964283943176], [-0.35899144411087036, -0.39948803186416626, -0.8435249924659729, -0.8628230690956116], [0.0, 0.0, 0.0, 1.0]]}, "Bone.003": {"matrix": [[0.4213096797466278, -0.3291894793510437, 0.8450635671615601, -1.275127649307251], [0.748758852481842, 0.6520165205001831, -0.11930735409259796, -0.6558853387832642], [-0.5117206573486328, 0.6830143332481384, 0.521184504032135, 0.5642221570014954], [0.0, 0.0, 0.0, 1.0]]}, "finger4joint1": {"matrix": [[0.6350100636482239, -0.22598384320735931, 0.7387106418609619, -1.4162245988845825], [-0.3916139304637909, 0.7301024198532104, 0.5599895715713501, -0.3764183521270752], [-0.6658832430839539, -0.6448884606361389, 0.3751240670681, 0.8569753170013428], [0.0, 0.0, 0.0, 1.0]]}, "finger4joint2": {"matrix": [[0.6438090205192566, -0.7475000023841858, 0.1635647863149643, -1.6407077312469482], [-0.3638882339000702, -0.11105048656463623, 0.9247986078262329, 0.3488354980945587], [-0.6731232404708862, -0.6549131870269775, -0.3435017466545105, 0.2163695991039276], [0.0, 0.0, 0.0, 1.0]]}, "finger4joint3": {"matrix": [[0.7012556195259094, -0.6170125007629395, -0.3571215867996216, -1.9524623155593872], [-0.3668871223926544, -0.7418515086174011, 0.5612927675247192, 0.3025204539299011], [-0.6112560033798218, -0.2625865638256073, -0.7466015815734863, -0.05677036941051483], [0.0, 0.0, 0.0, 1.0]]}}