{"root": {"matrix": [[0.5505578517913818, -0.3609384596347809, 0.7527346611022949, 0.0], [0.7939342856407166, 0.5050470232963562, -0.3385201394557953, 0.0], [-0.25798138976097107, 0.7839968204498291, 0.5646190047264099, 0.0], [0.0, 0.0, 0.0, 1.0]]}, "carpals": {"matrix": [[-0.5431392788887024, -0.7934055924415588, -0.27478522062301636, 0.807152509689331], [0.8313879370689392, -0.5539610981941223, -0.043828848749399185, 2.3278684616088867], [-0.11744627356529236, -0.2522583603858948, 0.9605060815811157, 0.1204925924539566], [0.0, 0.0, 0.0, 1.0]]}, "metacarpals": {"matrix": [[-0.7937853932380676, -0.5606325268745422, 0.23578724265098572, 0.034380316734313965], [0.5304822325706482, -0.8278290629386902, -0.18244844675064087, 1.7883137464523315], [0.2974781095981598, -0.019743982702493668, 0.9545243978500366, -0.12520553171634674], [0.0, 0.0, 0.0, 1.0]]}, "finger5joint1": {"matrix": [[-0.48448869585990906, -0.8734351992607117, 0.048798561096191406, -0.24326872825622559], [0.724665105342865, -0.4319634437561035, -0.536905825138092, 1.2978689670562744], [0.49003174901008606, -0.22476226091384888, 0.8422295451164246, -0.5813303589820862], [0.0, 0.0, 0.0, 1.0]]}, "finger5joint2": {"matrix": [[0.04855728894472122, -0.9263108968734741, 0.37361663579940796, -1.1658540964126587], [-0.5511110424995422, -0.3368118405342102, -0.7634356617927551, 0.8415979743003845], [0.8330176472663879, -0.16883397102355957, -0.5268551111221313, -0.8187404274940491], [0.0, 0.0, 0.0, 1.0]]}, "finger5joint3": {"matrix": [[-0.05877397209405899, -0.9801761507987976, 0.18920743465423584, -1.8025399446487427], [-0.5372775793075562, -0.12868298590183258, -0.8335304856300354, 0.6100953817367554], [0.8413547873497009, -0.15064691007137299, -0.5190637707710266, -0.9347859621047974], [0.0, 0.0, 0.0, 1.0]]}, "Bone": {"matrix": [[0.40931937098503113, -0.9033036231994629, 0.1284518539905548, -0.8409227728843689], [0.912261962890625, 0.40755268931388855, -0.04097161814570427, 0.49584269523620605], [-0.015341061167418957, 0.13395226001739502, 0.9908689260482788, -0.15603137016296387], [0.0, 0.0, 0.0, 1.0]]}, "finger1joint1": {"matrix": [[-0.2359670251607895, -0.8910899758338928, -0.38765692710876465, -1.5926408767700195], [0.8093253374099731, 0.04059739410877228, -0.5859557390213013, 0.8350030183792114], [0.5378772616386414, -0.45200690627098083, 0.7116021513938904, -0.04455795884132385], [0.0, 0.0, 0.0, 1.0]]}, "finger1joint2": {"matrix": [[-0.08886805921792984, -0.39049914479255676, -0.9163037538528442, -2.0962655544281006], [0.9483200907707214, 0.2481720894575119, -0.19773589074611664, 0.8579477071762085], [0.304616779088974, -0.8865218162536621, 0.34826362133026123, -0.30002254247665405], [0.0, 0.0, 0.0, 1.0]]}, "finger1joint3": {"matrix": [[-0.16682161390781403, 0.2690333425998688, -0.9485732913017273, -2.2636661529541016], [0.9136728048324585, 0.4038216769695282, -0.046152111142873764, 0.964335024356842], [0.3706381022930145, -0.874384880065918, -0.31317469477653503, -0.6800597906112671], [0.0, 0.0, 0.0, 1.0]]}, "Bone.001": {"matrix": [[0.09170369803905487, -0.8892743587493896, 0.44808608293533325, -0.8409225940704346], [0.9847512245178223, 0.01418288704007864, -0.1733885258436203, 0.49584269523620605], [0.1478348672389984, 0.4571537971496582, 0.8770148158073425, -0.15603137016296387], [0.0, 0.0, 0.0, 1.0]]}, "finger2joint1": {"matrix": [[-0.7227212190628052, -0.5339277386665344, 0.43885624408721924, -1.4046190977096558], [0.6334177851676941, -0.7657325267791748, 0.111513651907444, 0.5048329830169678], [0.27650633454322815, 0.35857269167900085, 0.8916106820106506, 0.13375094532966614], [0.0, 0.0, 0.0, 1.0]]}, "finger2joint2": {"matrix": [[-0.8054944276809692, -0.5869901776313782, -0.08136910200119019, -1.8665462732315063], [0.5485491156578064, -0.6866001486778259, -0.4771518111228943, -0.15763971209526062], [0.22421546280384064, -0.42897817492485046, 0.8750457167625427, 0.4439697265625], [0.0, 0.0, 0.0, 1.0]]}, "finger2joint3": {"matrix": [[-0.8569906949996948, -0.25121787190437317, -0.4499512016773224, -2.0893774032592773], [0.5066037178039551, -0.2506827414035797, -0.8249306082725525, -0.41828441619873047], [0.09444233775138855, -0.9349050521850586, 0.34210073947906494, 0.2811225652694702], [0.0, 0.0, 0.0, 1.0]]}, "Bone.002": {"matrix": [[-0.5613887906074524, -0.6457311511039734, 0.5175650119781494, -0.8409226536750793], [0.7183330655097961, -0.6907697916030884, -0.08267109096050262, 0.49584269523620605], [0.4109016954898834, 0.32537347078323364, 0.8516407012939453, -0.15603137016296387], [0.0, 0.0, 0.0, 1.0]]}, "finger3joint1": {"matrix": [[-0.6233711242675781, -0.7775495648384094, 0.08261236548423767, -1.1131048202514648], [0.7133322358131409, -0.6087760329246521, -0.347201406955719, 0.2046763002872467], [0.32025882601737976, -0.1575053334236145, 0.9341446757316589, -0.018883198499679565], [0.0, 0.0, 0.0, 1.0]]}, "finger3joint2": {"matrix": [[-0.7412064075469971, -0.5193232297897339, -0.4253423810005188, -1.7951569557189941], [0.6210221648216248, -0.28994306921958923, -0.7281926274299622, -0.3293307423591614], [0.2548423409461975, -0.8038881421089172, 0.5374190211296082, -0.15704399347305298], [0.0, 0.0, 0.0, 1.0]]}, "finger3joint3": {"matrix": [[-0.6839632987976074, -0.23471364378929138, -0.6907266974449158, -2.1312007904052734], [0.7194729447364807, -0.0604562982916832, -0.6918841600418091, -0.5169472694396973], [0.12063592672348022, -0.9701827168464661, 0.21021997928619385, -0.6772241592407227], [0.0, 0.0, 0.0, 1.0]]}, "Bone.003": {"matrix": [[-0.42830055952072144, 0.3910749852657318, 0.8146279454231262, -0.8409227132797241], [0.07974383980035782, -0.8816252946853638, 0.4651641547679901, 0.49584269523620605], [0.9001107811927795, 0.2641916871070862, 0.3464149236679077, -0.15603137016296387], [0.0, 0.0, 0.0, 1.0]]}, "finger4joint1": {"matrix": [[-0.09964791685342789, -0.9155738949775696, 0.389607697725296, -0.6733003258705139], [0.9848604202270508, -0.14657297730445862, -0.09255300462245941, 0.11796095222234726], [0.1418452113866806, 0.3744865357875824, 0.9163184762001038, -0.042793720960617065], [0.0, 0.0, 0.0, 1.0]]}, "finger4joint2": {"matrix": [[-0.11306759715080261, -0.9016251564025879, -0.4174771308898926, -1.582793951034546], [0.9792706966400146, -0.030054155737161636, -0.20031265914440155, -0.027638636529445648], [0.16806013882160187, -0.4314722716808319, 0.8863335847854614, 0.3292059004306793], [0.0, 0.0, 0.0, 1.0]]}, "finger4joint3": {"matrix": [[-0.03160854056477547, -0.600780189037323, -0.7987887263298035, -1.958828330039978], [0.9812049269676208, 0.13355901837348938, -0.13927815854549408, -0.040173113346099854], [0.1903611272573471, -0.7881782054901123, 0.5852670669555664, 0.14925481379032135], [0.0, 0.0, 0.0, 1.0]]}}