{"root": {"matrix": [[0.49831628799438477, -0.8291578888893127, 0.25333383679389954, -5.960464477539063e-08], [0.4584847092628479, 0.0040213363245129585, -0.8886932134628296, 0.0], [0.7358483076095581, 0.5590000152587891, 0.3821600377559662, 0.0], [0.0, 0.0, 0.0, 1.0]]}, "carpals": {"matrix": [[-0.009715531021356583, -0.6016061305999756, -0.7987335920333862, 0.28685462474823], [0.8671860694885254, -0.4027877151966095, 0.29283154010772705, 1.140699863433838], [-0.49788928031921387, -0.6898056268692017, 0.5256178975105286, 2.168295383453369], [0.0, 0.0, 0.0, 1.0]]}, "metacarpals": {"matrix": [[0.24794892966747284, -0.7616395950317383, -0.5986870527267456, -0.2991061210632324], [0.7487888336181641, -0.24143974483013153, 0.6172698736190796, 0.7483870387077332], [-0.614683985710144, -0.6013414859771729, 0.5104426145553589, 1.4964287281036377], [0.0, 0.0, 0.0, 1.0]]}, "finger5joint1": {"matrix": [[0.3232385516166687, -0.8508076667785645, -0.41429805755615234, -0.5309765934944153], [0.7479507923126221, -0.03850741684436798, 0.6626362204551697, 0.22529327869415283], [-0.5797294974327087, -0.5240640044212341, 0.6239151954650879, 1.051137924194336], [0.0, 0.0, 0.0, 1.0]]}, "finger5joint2": {"matrix": [[-0.2936490774154663, -0.7610408663749695, -0.578434407711029, -1.4296612739562988], [0.6036470532417297, 0.32156243920326233, -0.7295255661010742, 0.1846189796924591], [0.7412017583847046, -0.5633944869041443, 0.36497369408607483, 0.49758362770080566], [0.0, 0.0, 0.0, 1.0]]}, "finger5joint3": {"matrix": [[-0.3311213552951813, -0.5913181900978088, -0.7353236079216003, -1.9527512788772583], [0.6702743172645569, 0.40110158920288086, -0.6243793368339539, 0.4056401252746582], [0.6641464829444885, -0.6996137499809265, 0.26353222131729126, 0.1103428453207016], [0.0, 0.0, 0.0, 1.0]]}, "Bone": {"matrix": [[0.8386679291725159, 0.21002301573753357, -0.5025196671485901, -1.4882370233535767], [0.3011232614517212, 0.5900103449821472, 0.7491411566734314, 0.3714325726032257], [0.4538286328315735, -0.7796010971069336, 0.4315800666809082, 0.5575676560401917], [0.0, 0.0, 0.0, 1.0]]}, "finger1joint1": {"matrix": [[0.570844829082489, -0.7717947363853455, -0.2801226079463959, -1.3134584426879883], [0.7893872857093811, 0.4220536947250366, 0.4458007514476776, 0.8624319434165955], [-0.22583995759487152, -0.4756081700325012, 0.850172221660614, -0.09120672941207886], [0.0, 0.0, 0.0, 1.0]]}, "finger1joint2": {"matrix": [[0.6443462371826172, -0.679652988910675, -0.35055598616600037, -1.7496600151062012], [0.6075775623321533, 0.17660100758075714, 0.7743781805038452, 1.1009676456451416], [-0.4644000232219696, -0.7119575142860413, 0.5267342329025269, -0.3600102365016937], [0.0, 0.0, 0.0, 1.0]]}, "finger1joint3": {"matrix": [[0.6300300359725952, -0.35296350717544556, -0.691721498966217, -2.041016101837158], [0.6759873628616333, -0.1891602873802185, 0.7122215032577515, 1.1766735315322876], [-0.3822346031665802, -0.9163159132003784, 0.11942237615585327, -0.6652146577835083], [0.0, 0.0, 0.0, 1.0]]}, "Bone.001": {"matrix": [[0.7947925925254822, -0.28745710849761963, -0.5344836711883545, -1.4882370233535767], [0.5690746903419495, 0.659000039100647, 0.49180570244789124, 0.3714325726032257], [0.21085166931152344, -0.6950445771217346, 0.6873530149459839, 0.5575676560401917], [0.0, 0.0, 0.0, 1.0]]}, "finger2joint1": {"matrix": [[0.3540818989276886, -0.6965354681015015, -0.6240704655647278, -1.6704511642456055], [0.7592532634735107, -0.17551806569099426, 0.6266799569129944, 0.7891619205474854], [-0.546040415763855, -0.6957235336303711, 0.4666992127895355, 0.11699026823043823], [0.0, 0.0, 0.0, 1.0]]}, "finger2joint2": {"matrix": [[0.3457929193973541, -0.19012507796287537, -0.9188467264175415, -2.2730581760406494], [0.6790944337844849, -0.6250467896461487, 0.38489893078804016, 0.637312650680542], [-0.6475012302398682, -0.757079005241394, -0.08702371269464493, -0.48491421341896057], [0.0, 0.0, 0.0, 1.0]]}, "finger2joint3": {"matrix": [[0.4024132192134857, 0.3204742670059204, -0.8575310111045837, -2.3452329635620117], [0.5657951235771179, -0.823463499546051, -0.04223213344812393, 0.400034636259079], [-0.7196798920631409, -0.4681922197341919, -0.5126953125, -0.7723138928413391], [0.0, 0.0, 0.0, 1.0]]}, "Bone.002": {"matrix": [[0.3775598704814911, -0.8163753151893616, -0.4370121657848358, -1.4882370233535767], [0.8595812916755676, 0.13350003957748413, 0.4932522773742676, 0.3714325726032257], [-0.3443378508090973, -0.561879575252533, 0.7521452307701111, 0.5575676560401917], [0.0, 0.0, 0.0, 1.0]]}, "finger3joint1": {"matrix": [[0.3302403390407562, -0.5653175115585327, -0.7558817267417908, -1.8323473930358887], [0.7749582529067993, -0.2947947382926941, 0.559049129486084, 0.42770418524742126], [-0.5388702154159546, -0.7703971862792969, 0.3407444655895233, 0.3207298517227173], [0.0, 0.0, 0.0, 1.0]]}, "finger3joint2": {"matrix": [[0.2657674551010132, 0.025530075654387474, -0.9636989831924438, -2.328233480453491], [0.6963173151016235, -0.6964282989501953, 0.17357967793941498, 0.16911566257476807], [-0.666715681552887, -0.7171720266342163, -0.20286482572555542, -0.35504838824272156], [0.0, 0.0, 0.0, 1.0]]}, "finger3joint3": {"matrix": [[0.4249769151210785, 0.319934606552124, -0.8467799425125122, -2.311713457107544], [0.6217885613441467, -0.7830173969268799, 0.016215981915593147, -0.28152933716773987], [-0.6578552722930908, -0.5334095358848572, -0.5316957235336304, -0.8191162347793579], [0.0, 0.0, 0.0, 1.0]]}, "Bone.003": {"matrix": [[-0.4030998647212982, -0.8608360886573792, 0.3105987310409546, -1.4882370233535767], [0.9080283045768738, -0.3339439034461975, 0.25291529297828674, 0.3714326024055481], [-0.11399587243795395, 0.38398265838623047, 0.916276216506958, 0.5575676560401917], [0.0, 0.0, 0.0, 1.0]]}, "finger4joint1": {"matrix": [[0.5125093460083008, -0.7955338358879089, -0.3232021927833557, -1.857208013534546], [0.7504773139953613, 0.2320787012577057, 0.6188079118728638, 0.22829771041870117], [-0.4172743260860443, -0.5597005486488342, 0.7159727215766907, 0.7221500873565674], [0.0, 0.0, 0.0, 1.0]]}, "finger4joint2": {"matrix": [[0.48780179023742676, 0.2809614837169647, -0.8265044093132019, -2.647458791732788], [0.7674093246459961, -0.5893027186393738, 0.2525967061519623, 0.4588351845741272], [-0.4160913825035095, -0.757484495639801, -0.5030751824378967, 0.16616646945476532], [0.0, 0.0, 0.0, 1.0]]}, "finger4joint3": {"matrix": [[0.4747965931892395, 0.8577651381492615, -0.19699391722679138, -2.530280113220215], [0.8099621534347534, -0.5134342908859253, -0.2834543287754059, 0.21305888891220093], [-0.3442806601524353, -0.02497476153075695, -0.9385342597961426, -0.1497521996498108], [0.0, 0.0, 0.0, 1.0]]}}