{"root": {"matrix": [[0.3406575620174408, -0.9395931363105774, -0.03342399746179581, 0.0], [0.08936402201652527, 0.06774815171957016, -0.9936922192573547, 0.0], [0.9359308481216431, 0.3355218768119812, 0.10704466700553894, 2.9802322387695312e-08], [0.0, 0.0, 0.0, 1.0]]}, "carpals": {"matrix": [[0.2109786421060562, -0.30496057868003845, -0.9287016987800598, -0.14554309844970703], [0.9505980610847473, -0.15731403231620789, 0.2676106095314026, 0.380124568939209], [-0.22770832479000092, -0.9392821788787842, 0.2567051351070404, 2.432962656021118], [0.0, 0.0, 0.0, 1.0]]}, "metacarpals": {"matrix": [[0.30907607078552246, -0.8197969794273376, -0.4820837080478668, -0.44257283210754395], [0.8189425468444824, -0.028304364532232285, 0.5731770396232605, 0.22690163552761078], [-0.48353371024131775, -0.571954071521759, 0.6626185178756714, 1.518107533454895], [0.0, 0.0, 0.0, 1.0]]}, "finger5joint1": {"matrix": [[-0.1521676778793335, -0.6994258761405945, -0.6983181238174438, -0.7663245797157288], [0.692970335483551, -0.5792884826660156, 0.42920491099357605, -0.16873347759246826], [-0.7047244906425476, -0.41860267519950867, 0.5728304982185364, 1.0039747953414917], [0.0, 0.0, 0.0, 1.0]]}, "finger5joint2": {"matrix": [[-0.7012321949005127, -0.7113204002380371, -0.047918181866407394, -1.5051087141036987], [0.42296215891838074, -0.3609734773635864, -0.8311443328857422, -0.7806198596954346], [0.5739129185676575, -0.603092610836029, 0.5539877414703369, 0.5618163347244263], [0.0, 0.0, 0.0, 1.0]]}, "finger5joint3": {"matrix": [[-0.7608690857887268, -0.5884645581245422, -0.27347224950790405, -1.9940241575241089], [0.43252983689308167, -0.1457592099905014, -0.8897594213485718, -1.0287296772003174], [0.4837310314178467, -0.7952753305435181, 0.36543211340904236, 0.14728964865207672], [0.0, 0.0, 0.0, 1.0]]}, "Bone": {"matrix": [[0.8954969644546509, 0.2412310540676117, -0.3740220069885254, -1.7225035429000854], [0.10588391870260239, 0.7007715702056885, 0.7054839730262756, 0.1827107071876526], [0.43228858709335327, -0.6713616251945496, 0.6019964814186096, 0.625128448009491], [0.0, 0.0, 0.0, 1.0]]}, "finger1joint1": {"matrix": [[0.6377559304237366, -0.6241346597671509, -0.4513568580150604, -1.5217540264129639], [0.7673699855804443, 0.4643312394618988, 0.442198783159256, 0.7658841609954834], [-0.06641241908073425, -0.6283724904060364, 0.7750723361968994, 0.06642961502075195], [0.0, 0.0, 0.0, 1.0]]}, "finger1joint2": {"matrix": [[0.7572469711303711, -0.5022440552711487, -0.41752564907073975, -1.874501347541809], [0.5868611931800842, 0.24265511333942413, 0.7724716067314148, 1.0283141136169434], [-0.2866545617580414, -0.8299813270568848, 0.47849759459495544, -0.28871288895606995], [0.0, 0.0, 0.0, 1.0]]}, "finger1joint3": {"matrix": [[0.7289831042289734, -0.216781884431839, -0.649298906326294, -2.0898051261901855], [0.6527751088142395, -0.06540609896183014, 0.7547229528427124, 1.1323363780975342], [-0.20607836544513702, -0.9740263819694519, 0.09383008629083633, -0.6445122957229614], [0.0, 0.0, 0.0, 1.0]]}, "Bone.001": {"matrix": [[0.8735592365264893, -0.2371915727853775, -0.42501071095466614, -1.7225035429000854], [0.4191184639930725, 0.8105419874191284, 0.4090980291366577, 0.1827107071876526], [0.2474544793367386, -0.5355010628700256, 0.8074679374694824, 0.6251285076141357], [0.0, 0.0, 0.0, 1.0]]}, "finger2joint1": {"matrix": [[0.41939592361450195, -0.9065321683883667, -0.04802229627966881, -1.8728554248809814], [0.8032494783401489, 0.3459266722202301, 0.484896719455719, 0.6964999437332153], [-0.42296215891838074, -0.24193747341632843, 0.8732518553733826, 0.28568312525749207], [0.0, 0.0, 0.0, 1.0]]}, "finger2joint2": {"matrix": [[0.33833417296409607, 0.1556139886379242, -0.9280700087547302, -2.6571409702301025], [0.7829789519309998, -0.593618631362915, 0.18590527772903442, 0.9957780838012695], [-0.5219901204109192, -0.7895575165748596, -0.32268381118774414, 0.0763711929321289], [0.0, 0.0, 0.0, 1.0]]}, "finger2joint3": {"matrix": [[0.4355132281780243, 0.885077953338623, -0.16420978307724, -2.598067045211792], [0.6899611353874207, -0.44537022709846497, -0.5706126689910889, 0.7704306840896606], [-0.5781707763671875, 0.1352107971906662, -0.804634153842926, -0.22335779666900635], [0.0, 0.0, 0.0, 1.0]]}, "Bone.002": {"matrix": [[0.46733328700065613, -0.8223068714141846, -0.32467028498649597, -1.722503662109375], [0.8590819239616394, 0.33567294478416443, 0.38639599084854126, 0.182710662484169], [-0.20875291526317596, -0.45949387550354004, 0.8633002042770386, 0.625128448009491], [0.0, 0.0, 0.0, 1.0]]}, "finger3joint1": {"matrix": [[0.39033088088035583, -0.43178901076316833, -0.8131420016288757, -2.0691142082214355], [0.8197705149650574, -0.23901325464248657, 0.5204316973686218, 0.32420018315315247], [-0.41906824707984924, -0.8697301745414734, 0.2606738209724426, 0.43144717812538147], [0.0, 0.0, 0.0, 1.0]]}, "finger3joint2": {"matrix": [[0.3483913540840149, 0.15869764983654022, -0.9238173365592957, -2.447871685028076], [0.7508499622344971, -0.6372236013412476, 0.17369626462459564, 0.114542156457901], [-0.5611128211021423, -0.7541624903678894, -0.34116116166114807, -0.33146408200263977], [0.0, 0.0, 0.0, 1.0]]}, "finger3joint3": {"matrix": [[0.5062212944030762, 0.4225423336029053, -0.7517964243888855, -2.345181465148926], [0.6783942580223083, -0.7333415150642395, 0.04462593421339989, -0.2977926731109619], [-0.5324670076370239, -0.5326051115989685, -0.6578831672668457, -0.8194677829742432], [0.0, 0.0, 0.0, 1.0]]}, "Bone.003": {"matrix": [[-0.28574544191360474, -0.8740744590759277, 0.39286553859710693, -1.7225035429000854], [0.9541622400283813, -0.2975834310054779, 0.03191305696964264, 0.1827106773853302], [0.08901611715555191, 0.38397645950317383, 0.9190418720245361, 0.6251285076141357], [0.0, 0.0, 0.0, 1.0]]}, "finger4joint1": {"matrix": [[0.691069483757019, -0.6002786755561829, -0.40260159969329834, -2.097148895263672], [0.7077147960662842, 0.44880419969558716, 0.5456320643424988, 0.05516067147254944], [-0.14684192836284637, -0.6619966626167297, 0.7349812388420105, 0.7897082567214966], [0.0, 0.0, 0.0, 1.0]]}, "finger4joint2": {"matrix": [[0.6692243814468384, 0.47518283128738403, -0.5712613463401794, -2.6934409141540527], [0.72822105884552, -0.5722947716712952, 0.377057820558548, 0.5009843111038208], [-0.1477583944797516, -0.6683411002159119, -0.7290315628051758, 0.1321079134941101], [0.0, 0.0, 0.0, 1.0]]}, "finger4joint3": {"matrix": [[0.6356930732727051, 0.7680903077125549, -0.07701392471790314, -2.4952597618103027], [0.7676792144775391, -0.639498770236969, -0.04134892299771309, 0.2623014450073242], [-0.0810098946094513, -0.03283706679940224, -0.9961719512939453, -0.1466323584318161], [0.0, 0.0, 0.0, 1.0]]}}