{"root": {"matrix": [[0.2662270963191986, -0.7936198711395264, -0.5470746159553528, -5.960464477539063e-08], [-0.5698858499526978, 0.3281475007534027, -0.7533587217330933, 0.0], [0.7774015665054321, 0.5123345851898193, -0.3649110496044159, 0.0], [0.0, 0.0, 0.0, 1.0]]}, "carpals": {"matrix": [[0.949263870716095, -0.31365451216697693, 0.022775834426283836, -0.11323687434196472], [-0.04425152391195297, -0.06152007356286049, 0.997124195098877, -0.8828884959220886], [-0.31135135889053345, -0.9475420713424683, -0.07227828353643417, 2.3005802631378174], [0.0, 0.0, 0.0, 1.0]]}, "metacarpals": {"matrix": [[0.1240701749920845, -0.37803760170936584, 0.9174388647079468, -0.4187345504760742], [-0.8785727024078369, 0.38789671659469604, 0.2786498963832855, -0.9428086280822754], [-0.4612118899822235, -0.8406088948249817, -0.28400707244873047, 1.3776800632476807], [0.0, 0.0, 0.0, 1.0]]}, "finger5joint1": {"matrix": [[-0.04051912575960159, -0.5442529320716858, 0.8379420042037964, -1.0336434841156006], [-0.6141922473907471, 0.6750478148460388, 0.4087516963481903, -0.6819160580635071], [-0.7881154417991638, -0.49809515476226807, -0.3616282343864441, 1.0957286357879639], [0.0, 0.0, 0.0, 1.0]]}, "finger5joint2": {"matrix": [[0.8557887077331543, -0.5114251375198364, -0.0779075175523758, -1.608522891998291], [0.40152600407600403, 0.5616948008537292, 0.7233777046203613, 0.031118184328079224], [-0.32619333267211914, -0.65034019947052, 0.6860429048538208, 0.5696043968200684], [0.0, 0.0, 0.0, 1.0]]}, "finger5joint3": {"matrix": [[0.8072925806045532, -0.5722605586051941, -0.14420852065086365, -1.9600434303283691], [0.41177308559417725, 0.37115979194641113, 0.8322756290435791, 0.4171907901763916], [-0.4227541387081146, -0.7312711477279663, 0.5352764129638672, 0.12260280549526215], [0.0, 0.0, 0.0, 1.0]]}, "Bone": {"matrix": [[0.3137044608592987, -0.08848991990089417, 0.9453882575035095, -1.0089561939239502], [-0.5411079525947571, -0.8348156213760376, 0.10141359269618988, -0.33719420433044434], [0.7802507281303406, -0.5433712601661682, -0.3097679615020752, 0.065256267786026], [0.0, 0.0, 0.0, 1.0]]}, "finger1joint1": {"matrix": [[0.25903555750846863, -0.7138017416000366, 0.6506823897361755, -1.0825963020324707], [-0.9230268001556396, 0.015468157827854156, 0.3844240605831146, -1.0319173336029053], [-0.2844677269458771, -0.7001768350601196, -0.6548512578010559, -0.38693058490753174], [0.0, 0.0, 0.0, 1.0]]}, "finger1joint2": {"matrix": [[0.06285480409860611, -0.8885970711708069, 0.45436161756515503, -1.486021637916565], [-0.9963633418083191, -0.02962951548397541, 0.07988694310188293, -1.0231752395629883], [-0.05752504616975784, -0.45773059129714966, -0.8872278928756714, -0.7826554179191589], [0.0, 0.0, 0.0, 1.0]]}, "finger1joint3": {"matrix": [[0.14110367000102997, -0.9897845387458801, 0.020403509959578514, -1.8669484853744507], [-0.9813891053199768, -0.13713589310646057, 0.13442079722881317, -1.0358768701553345], [-0.13024982810020447, -0.038991086184978485, -0.9907141327857971, -0.9788769483566284], [0.0, 0.0, 0.0, 1.0]]}, "Bone.001": {"matrix": [[0.3744220435619354, 0.13035966455936432, 0.9180492162704468, -1.0089561939239502], [-0.7756523489952087, -0.49849098920822144, 0.38713008165359497, -0.33719417452812195], [0.5081053376197815, -0.8570373058319092, -0.08553214371204376, 0.065256267786026], [0.0, 0.0, 0.0, 1.0]]}, "finger2joint1": {"matrix": [[0.17257817089557648, -0.5943374633789062, 0.7854804992675781, -0.9263232946395874], [-0.930245578289032, 0.1638183444738388, 0.32833850383758545, -0.6531794667243958], [-0.32382023334503174, -0.7873539328575134, -0.524608314037323, -0.4780055284500122], [0.0, 0.0, 0.0, 1.0]]}, "finger2joint2": {"matrix": [[0.04479428380727768, -0.9743378758430481, 0.22058770060539246, -1.4405138492584229], [-0.9379652738571167, 0.03497599810361862, 0.34496009349823, -0.5114521980285645], [-0.34382325410842896, -0.22235582768917084, -0.9123284220695496, -1.1591840982437134], [0.0, 0.0, 0.0, 1.0]]}, "finger2joint3": {"matrix": [[-0.08714587986469269, -0.8430006504058838, -0.5308062434196472, -1.810388207435608], [-0.9548097252845764, -0.08130395412445068, 0.2858802080154419, -0.4981747567653656], [-0.28415414690971375, 0.5317323207855225, -0.7978200316429138, -1.2435940504074097], [0.0, 0.0, 0.0, 1.0]]}, "Bone.002": {"matrix": [[0.3447771370410919, -0.059590037912130356, 0.936791181564331, -1.0089561939239502], [-0.9095364809036255, 0.22555789351463318, 0.3490942120552063, -0.33719420433044434], [-0.2321033924818039, -0.9724054336547852, 0.02356795221567154, 0.065256267786026], [0.0, 0.0, 0.0, 1.0]]}, "finger3joint1": {"matrix": [[0.25253525376319885, -0.7802521586418152, 0.5722172260284424, -1.034073829650879], [-0.9288805723190308, -0.02989984303712845, 0.3691703677177429, -0.24211928248405457], [-0.2709369957447052, -0.6247499585151672, -0.7323116660118103, -0.34462231397628784], [0.0, 0.0, 0.0, 1.0]]}, "finger3joint2": {"matrix": [[0.10359237343072891, -0.6992462277412415, -0.707335352897644, -1.7184967994689941], [-0.9355356693267822, -0.30996057391166687, 0.1694025993347168, -0.268346905708313], [-0.33770039677619934, 0.6441885828971863, -0.6862793564796448, -0.8926414847373962], [0.0, 0.0, 0.0, 1.0]]}, "finger3joint3": {"matrix": [[0.18624365329742432, -0.11261848360300064, -0.97602778673172, -2.1709651947021484], [-0.9649097919464111, -0.2081208974123001, -0.16010817885398865, -0.46891623735427856], [-0.18510083854198456, 0.9715979695320129, -0.14742782711982727, -0.4757997393608093], [0.0, 0.0, 0.0, 1.0]]}, "Bone.003": {"matrix": [[0.7037962675094604, 0.1856871098279953, 0.6857048273086548, -1.0089561939239502], [-0.30325499176979065, 0.951399564743042, 0.05361950770020485, -0.33719420433044434], [-0.6424228549003601, -0.24568045139312744, 0.7259020805358887, 0.065256267786026], [0.0, 0.0, 0.0, 1.0]]}, "finger4joint1": {"matrix": [[0.060759905725717545, -0.764374852180481, 0.6419028043746948, -0.929366946220398], [-0.8444854617118835, 0.3034692108631134, 0.4413052201271057, 0.07059410214424133], [-0.5321205258369446, -0.5688912272453308, -0.62706458568573, -0.04004710912704468], [0.0, 0.0, 0.0, 1.0]]}, "finger4joint2": {"matrix": [[0.05560596287250519, -0.8656225800514221, -0.4975995719432831, -1.688665747642517], [-0.82862788438797, -0.3180467188358307, 0.4606751799583435, 0.372048020362854], [-0.5570309162139893, 0.3867085576057434, -0.7349643111228943, -0.6051603555679321], [0.0, 0.0, 0.0, 1.0]]}, "finger4joint3": {"matrix": [[0.13464246690273285, -0.3689590394496918, -0.9196414351463318, -2.049684762954712], [-0.805972158908844, -0.5806812644004822, 0.11496817320585251, 0.23940254747867584], [-0.57643723487854, 0.7257258296012878, -0.3755550682544708, -0.4438785910606384], [0.0, 0.0, 0.0, 1.0]]}}