{"root": {"matrix": [[0.08478352427482605, -0.8389517664909363, -0.5375609397888184, 0.0], [0.20098859071731567, 0.542813241481781, -0.8154491782188416, 0.0], [0.9759176969528198, -0.03890691697597504, 0.2146412879228592, 0.0], [0.0, 0.0, 0.0, 1.0]]}, "carpals": {"matrix": [[0.9867121577262878, -0.13479846715927124, 0.09071006625890732, -0.5690078735351562], [-0.1514597237110138, -0.5610219240188599, 0.8138269186019897, 1.077522873878479], [-0.05881224200129509, -0.8167518973350525, -0.5739835500717163, 2.1447982788085938], [0.0, 0.0, 0.0, 1.0]]}, "metacarpals": {"matrix": [[0.2194734513759613, -0.2850131094455719, 0.9330588579177856, -0.7003008127212524], [-0.9338667392730713, -0.3381580412387848, 0.11636941134929657, 0.5310908555984497], [0.2823543846607208, -0.8968926668167114, -0.3403809070587158, 1.3492870330810547], [0.0, 0.0, 0.0, 1.0]]}, "finger5joint1": {"matrix": [[0.08681031316518784, -0.41659462451934814, 0.9049379825592041, -1.2852891683578491], [-0.9865544438362122, 0.09030940383672714, 0.13621431589126587, 0.4541053771972656], [-0.1384706348180771, -0.9045953750610352, -0.4031533896923065, 0.9279359579086304], [0.0, 0.0, 0.0, 1.0]]}, "finger5joint2": {"matrix": [[0.9081576466560364, -0.40230637788772583, -0.11575360596179962, -1.7253265380859375], [0.16230082511901855, 0.0834822878241539, 0.9832032918930054, 0.5494967103004456], [-0.3858855962753296, -0.9116904139518738, 0.14110973477363586, -0.027563095092773438], [0.0, 0.0, 0.0, 1.0]]}, "finger5joint3": {"matrix": [[0.8716233968734741, -0.46389585733413696, -0.15834401547908783, -2.0018458366394043], [0.1150088757276535, -0.12047474086284637, 0.9860315918922424, 0.6068770885467529], [-0.47649240493774414, -0.877659261226654, -0.05165644735097885, -0.6541998386383057], [0.0, 0.0, 0.0, 1.0]]}, "Bone": {"matrix": [[0.23554901778697968, 0.01733226329088211, 0.971707820892334, -1.1452854871749878], [0.17878365516662598, -0.9835501313209534, -0.025794947519898415, 0.0031322240829467773], [0.9552762508392334, 0.17980128526687622, -0.2347729206085205, -0.05101144313812256], [0.0, 0.0, 0.0, 1.0]]}, "finger1joint1": {"matrix": [[0.27602916955947876, -0.5997855067253113, 0.7510427236557007, -1.1308616399765015], [-0.8797037601470947, -0.47244793176651, -0.053982917219400406, -0.8153659105300903], [0.3872065544128418, -0.6457942128181458, -0.658042848110199, 0.09861695766448975], [0.0, 0.0, 0.0, 1.0]]}, "finger1joint2": {"matrix": [[0.04620230942964554, -0.9909733533859253, 0.1258455067873001, -1.4698474407196045], [-0.811871349811554, -0.11065073311328888, -0.5732550024986267, -1.082383394241333], [0.5820051431655884, -0.07568468898534775, -0.8096551299095154, -0.2663719356060028], [0.0, 0.0, 0.0, 1.0]]}, "finger1joint3": {"matrix": [[0.09503412246704102, -0.9124667048454285, -0.3979610204696655, -1.8946614265441895], [-0.8611437678337097, 0.12519781291484833, -0.49270376563072205, -1.1298174858093262], [0.49939948320388794, 0.3895252048969269, -0.7738668322563171, -0.2988167107105255], [0.0, 0.0, 0.0, 1.0]]}, "Bone.001": {"matrix": [[0.34035825729370117, 0.2593427002429962, 0.9038237929344177, -1.1452853679656982], [-0.1688651442527771, -0.9287261962890625, 0.33007875084877014, 0.003132343292236328], [0.9250082969665527, -0.26496949791908264, -0.27230557799339294, -0.051011428236961365], [0.0, 0.0, 0.0, 1.0]]}, "finger2joint1": {"matrix": [[0.24027234315872192, -0.5002760291099548, 0.831861138343811, -0.9808923006057739], [-0.881089985370636, -0.4720345139503479, -0.02938707545399666, -0.5855720043182373], [0.40736865997314453, -0.7258836627006531, -0.5542049407958984, -0.21897119283676147], [0.0, 0.0, 0.0, 1.0]]}, "finger2joint2": {"matrix": [[0.11614017933607101, -0.8854750990867615, 0.44993898272514343, -1.413705587387085], [-0.9136651158332825, -0.27290287613868713, -0.3012308180332184, -0.993952214717865], [0.38952189683914185, -0.3761085271835327, -0.8407226204872131, -0.8469687104225159], [0.0, 0.0, 0.0, 1.0]]}, "finger2joint3": {"matrix": [[-0.026858992874622345, -0.999626100063324, -0.005103165749460459, -1.7498464584350586], [-0.908341646194458, 0.026537053287029266, -0.41738590598106384, -1.0975505113601685], [0.41736507415771484, -0.006575159728527069, -0.908714771270752, -0.9897457361221313], [0.0, 0.0, 0.0, 1.0]]}, "Bone.002": {"matrix": [[0.4105243384838104, 0.05430116504430771, 0.910231351852417, -1.1452853679656982], [-0.7737753391265869, -0.5073864459991455, 0.37925004959106445, 0.0031323134899139404], [0.48243266344070435, -0.8600058555603027, -0.16627749800682068, -0.05101141333580017], [0.0, 0.0, 0.0, 1.0]]}, "finger3joint1": {"matrix": [[0.4031082093715668, -0.5660403966903687, 0.7190980315208435, -1.1223969459533691], [-0.708528459072113, -0.6903634667396545, -0.1462387889623642, -0.21073615550994873], [0.5792160034179688, -0.4505513310432434, -0.6793466806411743, -0.41351255774497986], [0.0, 0.0, 0.0, 1.0]]}, "finger3joint2": {"matrix": [[0.28033000230789185, -0.7725175619125366, -0.5697645545005798, -1.6189171075820923], [-0.8025635480880737, 0.13700079917907715, -0.5806224942207336, -0.8163102269172668], [0.5265991687774658, 0.6200380325317383, -0.5815890431404114, -0.8087278604507446], [0.0, 0.0, 0.0, 1.0]]}, "finger3joint3": {"matrix": [[0.3334737718105316, -0.27274394035339355, -0.9024444222450256, -2.118798017501831], [-0.6856945157051086, 0.5867742300033569, -0.43071919679641724, -0.7276597023010254], [0.6470070481300354, 0.762434720993042, 0.008654771372675896, -0.40751343965530396], [0.0, 0.0, 0.0, 1.0]]}, "Bone.003": {"matrix": [[0.7919712066650391, 0.17385371029376984, 0.5852832794189453, -1.1452853679656982], [-0.5733835697174072, 0.5411626696586609, 0.6151212453842163, 0.0031322985887527466], [-0.2097923457622528, -0.8227499723434448, 0.5282701253890991, -0.05101141333580017], [0.0, 0.0, 0.0, 1.0]]}, "finger4joint1": {"matrix": [[0.2132597118616104, -0.8336117267608643, 0.509520947933197, -1.0707683563232422], [-0.9364200234413147, -0.32313963770866394, -0.1367408186197281, 0.23508517444133759], [0.2786351144313812, -0.4479643702507019, -0.8495233058929443, -0.40365809202194214], [0.0, 0.0, 0.0, 1.0]]}, "finger4joint2": {"matrix": [[0.20389381051063538, -0.6795368790626526, -0.7047387361526489, -1.8988440036773682], [-0.9460470676422119, 0.04841383174061775, -0.3203912675380707, -0.08590850979089737], [0.25183674693107605, 0.7320418357849121, -0.6330026984214783, -0.8486474752426147], [0.0, 0.0, 0.0, 1.0]]}, "finger4joint3": {"matrix": [[0.26996275782585144, -0.03066255711019039, -0.9623822569847107, -2.18225359916687], [-0.9420087933540344, 0.19851776957511902, -0.2705727517604828, -0.06571690738201141], [0.1993463784456253, 0.9796172380447388, 0.024707911536097527, -0.5433400273323059], [0.0, 0.0, 0.0, 1.0]]}}