{"root": {"matrix": [[0.04968111962080002, -0.8808700442314148, -0.4707438349723816, 0.0], [0.2895950973033905, 0.4637829065322876, -0.8372814059257507, 0.0], [0.9558590650558472, -0.0947280004620552, 0.27813684940338135, 0.0], [0.0, 0.0, 0.0, 1.0]]}, "carpals": {"matrix": [[0.9960670471191406, -0.08746363967657089, 0.014153428375720978, -0.696933388710022], [-0.06518888473510742, -0.6152649521827698, 0.7856203317642212, 1.2030024528503418], [-0.060005053877830505, -0.7834532260894775, -0.6185466647148132, 2.037659168243408], [0.0, 0.0, 0.0, 1.0]]}, "metacarpals": {"matrix": [[0.3029138147830963, -0.2903250753879547, 0.9077193737030029, -0.7821223735809326], [-0.9154267907142639, -0.35350850224494934, 0.19241967797279358, 0.6037381291389465], [0.2650221288204193, -0.8892372250556946, -0.3728538751602173, 1.2745803594589233], [0.0, 0.0, 0.0, 1.0]]}, "finger5joint1": {"matrix": [[0.04807695746421814, -0.3730473220348358, 0.9265657663345337, -1.374359369277954], [-0.9280484318733215, 0.32633069157600403, 0.1795388162136078, 0.48347237706184387], [-0.3693433701992035, -0.8685295581817627, -0.33051690459251404, 0.8739976286888123], [0.0, 0.0, 0.0, 1.0]]}, "finger5joint2": {"matrix": [[0.9352136850357056, -0.34557172656059265, -0.07716970890760422, -1.7683987617492676], [0.19946783781051636, 0.3341052234172821, 0.9211872220039368, 0.8281664848327637], [-0.29255345463752747, -0.8768996596336365, 0.381390243768692, -0.043406128883361816], [0.0, 0.0, 0.0, 1.0]]}, "finger5joint3": {"matrix": [[0.9016923904418945, -0.4185228645801544, -0.10857738554477692, -2.005922555923462], [0.17876820266246796, 0.13221395015716553, 0.9749671816825867, 1.057808756828308], [-0.3936905860900879, -0.8985306024551392, 0.19403493404388428, -0.6461299657821655], [0.0, 0.0, 0.0, 1.0]]}, "Bone": {"matrix": [[0.2558094561100006, 0.10168350487947464, 0.9613645672798157, -1.2354004383087158], [0.19031082093715668, -0.9802896976470947, 0.05304542928934097, 0.05181318521499634], [0.9478095173835754, 0.16938841342926025, -0.27011874318122864, -0.11376579850912094], [0.0, 0.0, 0.0, 1.0]]}, "finger1joint1": {"matrix": [[0.35922330617904663, -0.5732375979423523, 0.7364490032196045, -1.1507806777954102], [-0.8576700091362, -0.5138723850250244, 0.018363919109106064, -0.7639718651771545], [0.36791378259658813, -0.6382269263267517, -0.6762434840202332, 0.02719709277153015], [0.0, 0.0, 0.0, 1.0]]}, "finger1joint2": {"matrix": [[0.12934158742427826, -0.9909418821334839, 0.036122873425483704, -1.474762201309204], [-0.812086284160614, -0.12676048278808594, -0.5696030259132385, -1.0544013977050781], [0.5690222978591919, 0.0443384125828743, -0.8211256265640259, -0.33351489901542664], [0.0, 0.0, 0.0, 1.0]]}, "finger1joint3": {"matrix": [[0.16860206425189972, -0.8987400531768799, -0.40477100014686584, -1.8995627164840698], [-0.8603965640068054, 0.06617104262113571, -0.5053110122680664, -1.1087415218353271], [0.4809272289276123, 0.43345990777015686, -0.7621161937713623, -0.31450775265693665], [0.0, 0.0, 0.0, 1.0]]}, "Bone.001": {"matrix": [[0.38659054040908813, 0.32200127840042114, 0.8642122149467468, -1.2354004383087158], [-0.14770345389842987, -0.9033547639846802, 0.40265825390815735, 0.05181318521499634], [0.9103466272354126, -0.283311128616333, -0.30166757106781006, -0.11376580595970154], [0.0, 0.0, 0.0, 1.0]]}, "finger2joint1": {"matrix": [[0.32387930154800415, -0.4444175064563751, 0.8352215886116028, -1.0312891006469727], [-0.8619852066040039, -0.5025022625923157, 0.06687856465578079, -0.5208085775375366], [0.3899785578250885, -0.7416092753410339, -0.5458313226699829, -0.29335206747055054], [0.0, 0.0, 0.0, 1.0]]}, "finger2joint2": {"matrix": [[0.20378616452217102, -0.8902623057365417, 0.40731316804885864, -1.4157764911651611], [-0.9063721299171448, -0.32883220911026, -0.2652525007724762, -0.9555479288101196], [0.3700818717479706, -0.31512251496315, -0.8739203214645386, -0.9349545240402222], [0.0, 0.0, 0.0, 1.0]]}, "finger2joint3": {"matrix": [[0.06311529874801636, -0.9913281798362732, -0.1152593195438385, -1.7537345886230469], [-0.9107558727264404, -0.0099874222651124, -0.4128241240978241, -1.0803779363632202], [0.4080928564071655, 0.13102860748767853, -0.903488278388977, -1.0545802116394043], [0.0, 0.0, 0.0, 1.0]]}, "Bone.002": {"matrix": [[0.48796913027763367, 0.06243887543678284, 0.8706247806549072, -1.2354005575180054], [-0.7420613765716553, -0.4955185055732727, 0.4514490067958832, 0.05181318521499634], [0.459598571062088, -0.8663501143455505, -0.19546416401863098, -0.11376577615737915], [0.0, 0.0, 0.0, 1.0]]}, "finger3joint1": {"matrix": [[0.4846441447734833, -0.5233976244926453, 0.7008388042449951, -1.2090818881988525], [-0.6686675548553467, -0.7382254004478455, -0.08892149478197098, -0.15705281496047974], [0.5639182329177856, -0.42553281784057617, -0.7077553868293762, -0.47894105315208435], [0.0, 0.0, 0.0, 1.0]]}, "finger3joint2": {"matrix": [[0.36822912096977234, -0.7210385203361511, -0.5869503617286682, -1.6681965589523315], [-0.7730260491371155, 0.11331827938556671, -0.6241711974143982, -0.804610550403595], [0.5165635347366333, 0.6835657954216003, -0.5156545042991638, -0.852210521697998], [0.0, 0.0, 0.0, 1.0]]}, "finger3joint3": {"matrix": [[0.4254554510116577, -0.22370502352714539, -0.8768943548202515, -2.1347663402557373], [-0.6504662036895752, 0.5980859398841858, -0.4681739807128906, -0.731284499168396], [0.6291909217834473, 0.7695772647857666, 0.1089463159441948, -0.4098885953426361], [0.0, 0.0, 0.0, 1.0]]}, "Bone.003": {"matrix": [[0.8265372514724731, 0.0999980941414833, 0.5539283156394958, -1.2354004383087158], [-0.5072425007820129, 0.5589293837547302, 0.655974805355072, 0.05181315541267395], [-0.24401052296161652, -0.8231634497642517, 0.5126992464065552, -0.11376580595970154], [0.0, 0.0, 0.0, 1.0]]}, "finger4joint1": {"matrix": [[0.2967882752418518, -0.820344865322113, 0.4888259470462799, -1.1925392150878906], [-0.918439507484436, -0.3853885531425476, -0.08913078904151917, 0.29138118028640747], [0.2615059018135071, -0.42250415682792664, -0.8678157925605774, -0.4665895998477936], [0.0, 0.0, 0.0, 1.0]]}, "finger4joint2": {"matrix": [[0.2872893214225769, -0.5522519946098328, -0.7826125025749207, -2.0074362754821777], [-0.9285822510719299, 0.03983383625745773, -0.3689822256565094, -0.09144802391529083], [0.234945610165596, 0.8327246904373169, -0.5013676881790161, -0.8862879276275635], [0.0, 0.0, 0.0, 1.0]]}, "finger4joint3": {"matrix": [[0.3436191976070404, 0.11102845519781113, -0.9325225353240967, -2.237760066986084], [-0.9231822490692139, 0.22203725576400757, -0.31374120712280273, -0.07483480870723724], [0.17222051322460175, 0.9686958193778992, 0.1787956804037094, -0.5389893651008606], [0.0, 0.0, 0.0, 1.0]]}}