{"root": {"matrix": [[0.3440869450569153, -0.7672507762908936, -0.5412304997444153, 0.0], [-0.1008990928530693, 0.5428758263587952, -0.8337296843528748, 0.0], [0.9335007071495056, 0.34148523211479187, 0.10938151925802231, 0.0], [0.0, 0.0, 0.0, 1.0]]}, "carpals": {"matrix": [[0.8876782059669495, -0.46046411991119385, 0.00026079267263412476, 0.08799469470977783], [-0.17227885127067566, -0.33159223198890686, 0.9275593757629395, 0.39692819118499756], [-0.4270213544368744, -0.8234192132949829, -0.37367522716522217, 2.4330413341522217], [0.0, 0.0, 0.0, 1.0]]}, "metacarpals": {"matrix": [[0.2046348601579666, -0.4411734640598297, 0.8737794160842896, -0.36049461364746094], [-0.9785118699073792, -0.06915020942687988, 0.19424861669540405, 0.0739593580365181], [-0.02527550794184208, -0.8947535753250122, -0.44584396481513977, 1.6310360431671143], [0.0, 0.0, 0.0, 1.0]]}, "finger5joint1": {"matrix": [[-0.11684685200452805, -0.5971702337265015, 0.7935580611228943, -1.0076096057891846], [-0.8188183307647705, 0.5101069211959839, 0.26330065727233887, 0.1262851357460022], [-0.5620349049568176, -0.6190139055252075, -0.5485782623291016, 1.3082683086395264], [0.0, 0.0, 0.0, 1.0]]}, "finger5joint2": {"matrix": [[0.8861913681030273, -0.4627523124217987, 0.022907471284270287, -1.6383839845657349], [0.23052428662776947, 0.4832729399204254, 0.8445740938186646, 0.6650969982147217], [-0.4018993079662323, -0.743173360824585, 0.5349481105804443, 0.6544210314750671], [0.0, 0.0, 0.0, 1.0]]}, "finger5joint3": {"matrix": [[0.8365097045898438, -0.5468421578407288, -0.034852877259254456, -1.9564499855041504], [0.22778518497943878, 0.2891860604286194, 0.9297767877578735, 0.9972674250602722], [-0.4983622431755066, -0.7857062220573425, 0.36646968126296997, 0.14361190795898438], [0.0, 0.0, 0.0, 1.0]]}, "Bone": {"matrix": [[0.3919902741909027, -0.01363667193800211, 0.9198682308197021, -1.0492888689041138], [-0.09950259327888489, -0.9946528077125549, 0.027656493708491325, -0.034003257751464844], [0.9145722389221191, -0.10237058252096176, -0.3912510871887207, 0.2340773046016693], [0.0, 0.0, 0.0, 1.0]]}, "finger1joint1": {"matrix": [[0.28044620156288147, -0.7074497938156128, 0.6487407684326172, -1.0606372356414795], [-0.9566201567649841, -0.26156261563301086, 0.12830717861652374, -0.8617410659790039], [0.07891520112752914, -0.656581699848175, -0.750114917755127, 0.14888574182987213], [0.0, 0.0, 0.0, 1.0]]}, "finger1joint2": {"matrix": [[0.08370860666036606, -0.9847124218940735, 0.15275558829307556, -1.4604724645614624], [-0.9448373913764954, -0.12714484333992004, -0.3018549084663391, -1.009570598602295], [0.31666213274002075, -0.11906130611896515, -0.9410361647605896, -0.22220002114772797], [0.0, 0.0, 0.0, 1.0]]}, "finger1joint3": {"matrix": [[0.13481777906417847, -0.9463182687759399, -0.2937786281108856, -1.8826024532318115], [-0.9652456045150757, -0.05843564495444298, -0.254727840423584, -1.0640755891799927], [0.22388623654842377, 0.3179103434085846, -0.9213075041770935, -0.2732396125793457], [0.0, 0.0, 0.0, 1.0]]}, "Bone.001": {"matrix": [[0.4698251485824585, 0.158842533826828, 0.8683508634567261, -1.0492887496948242], [-0.42613184452056885, -0.8206666111946106, 0.38068053126335144, -0.034003257751464844], [0.7730947136878967, -0.5488854646682739, -0.31788188219070435, 0.2340773344039917], [0.0, 0.0, 0.0, 1.0]]}, "finger2joint1": {"matrix": [[0.3666665256023407, -0.583567202091217, 0.7245721817016602, -0.9486011266708374], [-0.9066559672355652, -0.39879047870635986, 0.13762523233890533, -0.5542104244232178], [0.20863868296146393, -0.707400381565094, -0.6753178238868713, -0.11385214328765869], [0.0, 0.0, 0.0, 1.0]]}, "finger2joint2": {"matrix": [[0.24385610222816467, -0.8104806542396545, 0.5325928330421448, -1.4534735679626465], [-0.9478269815444946, -0.3154413402080536, -0.04604966193437576, -0.8992236852645874], [0.2053239494562149, -0.4935763478279114, -0.8451177477836609, -0.7258589267730713], [0.0, 0.0, 0.0, 1.0]]}, "finger2joint3": {"matrix": [[0.10071608424186707, -0.9756305813789368, 0.19493858516216278, -1.7611454725265503], [-0.9698207378387451, -0.14000138640403748, -0.19961702823638916, -1.0189703702926636], [0.2220439314842224, -0.16895082592964172, -0.9602872729301453, -0.9132285118103027], [0.0, 0.0, 0.0, 1.0]]}, "Bone.002": {"matrix": [[0.43378913402557373, -0.11098799109458923, 0.8941524624824524, -1.0492887496948242], [-0.8835942149162292, -0.24659982323646545, 0.39805737137794495, -0.03400331735610962], [0.17631806433200836, -0.9627408385276794, -0.20504063367843628, 0.2340773195028305], [0.0, 0.0, 0.0, 1.0]]}, "finger3joint1": {"matrix": [[0.37953028082847595, -0.529321014881134, 0.7587990760803223, -1.0960713624954224], [-0.888856053352356, -0.4361719489097595, 0.14031746983528137, -0.13794761896133423], [0.2566937208175659, -0.7277177572250366, -0.6360304951667786, -0.17172765731811523], [0.0, 0.0, 0.0, 1.0]]}, "finger3joint2": {"matrix": [[0.2613327205181122, -0.8271073698997498, -0.4975927472114563, -1.5603818893432617], [-0.9514080286026001, -0.13373564183712006, -0.2773759663105011, -0.5205495953559875], [0.16287365555763245, 0.5459011197090149, -0.8218660950660706, -0.8100681304931641], [0.0, 0.0, 0.0, 1.0]]}, "finger3joint3": {"matrix": [[0.29992562532424927, -0.3442629277706146, -0.8896783590316772, -2.0955867767333984], [-0.8966608643531799, 0.2166212648153305, -0.38610154390335083, -0.6070873141288757], [0.32564350962638855, 0.9135415554046631, -0.24371673166751862, -0.4568263292312622], [0.0, 0.0, 0.0, 1.0]]}, "Bone.003": {"matrix": [[0.713829755783081, 0.07536470144987106, 0.6962522864341736, -1.0492887496948242], [-0.5024358630180359, 0.7476890683174133, 0.43418797850608826, -0.03400331735610962], [-0.48785778880119324, -0.6597582101821899, 0.5715886354446411, 0.2340773046016693], [0.0, 0.0, 0.0, 1.0]]}, "finger4joint1": {"matrix": [[0.19777551293373108, -0.7041589617729187, 0.6819419860839844, -1.0169860124588013], [-0.9798338413238525, -0.1218111589550972, 0.1583898961544037, 0.2864707410335541], [-0.02846365235745907, -0.6995154023170471, -0.7140499949455261, -0.04870790243148804], [0.0, 0.0, 0.0, 1.0]]}, "finger4joint2": {"matrix": [[0.19471348822116852, -0.8214272856712341, -0.5360444188117981, -1.7164688110351562], [-0.9791273474693298, -0.19524456560611725, -0.056469403207302094, 0.1654685139656067], [-0.058274369686841965, 0.5358511209487915, -0.842298686504364, -0.7435778379440308], [0.0, 0.0, 0.0, 1.0]]}, "finger4joint3": {"matrix": [[0.27014222741127014, -0.3451244831085205, -0.8988392949104309, -2.0590555667877197], [-0.9585775136947632, -0.18394902348518372, -0.21746601164340973, 0.08403926342725754], [-0.09028788655996323, 0.920353889465332, -0.38052093982696533, -0.5200942158699036], [0.0, 0.0, 0.0, 1.0]]}}