{"root": {"matrix": [[0.5002923607826233, -0.4401519000530243, -0.745636522769928, 0.0], [-0.8375421762466431, -0.02758130617439747, -0.545676052570343, 0.0], [0.2196146547794342, 0.8974996209144592, -0.3824445605278015, 0.0], [0.0, 0.0, 0.0, 1.0]]}, "carpals": {"matrix": [[0.7561632990837097, -0.6543272733688354, 0.00852985493838787, 0.7843993902206421], [0.334127813577652, 0.3972717225551605, 0.8547124266624451, -1.859728455543518], [-0.5626503825187683, -0.6434522271156311, 0.5190314054489136, 1.4181368350982666], [0.0, 0.0, 0.0, 1.0]]}, "metacarpals": {"matrix": [[0.07393419742584229, -0.675355851650238, 0.7337766289710999, 0.14708858728408813], [-0.42320284247398376, 0.6450043320655823, 0.6362926363945007, -1.4727882146835327], [-0.9030132293701172, -0.35758015513420105, -0.23812462389469147, 0.7914183139801025], [0.0, 0.0, 0.0, 1.0]]}, "finger5joint1": {"matrix": [[0.10649853944778442, -0.9367666244506836, 0.3333560824394226, -0.5531409978866577], [-0.2720622718334198, 0.29501500725746155, 0.9159409403800964, -1.2921966314315796], [-0.9563681483268738, -0.1882399469614029, -0.22344012558460236, 0.8437628149986267], [0.0, 0.0, 0.0, 1.0]]}, "finger5joint2": {"matrix": [[0.27150964736938477, -0.7149393558502197, -0.6443164348602295, -1.5426218509674072], [0.9155071377754211, -0.014642287977039814, 0.40203431248664856, -0.9805803298950195], [-0.29686444997787476, -0.6990326642990112, 0.6505569815635681, 0.6449301838874817], [0.0, 0.0, 0.0, 1.0]]}, "finger5joint3": {"matrix": [[0.2386392205953598, -0.4848751127719879, -0.8413957953453064, -2.034024477005005], [0.8866137862205505, -0.24469776451587677, 0.3924770951271057, -0.9906445145606995], [-0.3961900770664215, -0.8396539092063904, 0.3715027868747711, 0.16446055471897125], [0.0, 0.0, 0.0, 1.0]]}, "Bone": {"matrix": [[0.6141647696495056, -0.15745648741722107, 0.7733104228973389, -0.9073293805122375], [-0.7541061043739319, -0.405963271856308, 0.5162531137466431, -0.4657573699951172], [0.23264822363853455, -0.9002228379249573, -0.36806726455688477, 0.23313641548156738], [0.0, 0.0, 0.0, 1.0]]}, "finger1joint1": {"matrix": [[0.27355214953422546, -0.7534732222557068, 0.5978688597679138, -1.038362741470337], [-0.5212567448616028, 0.4062609076499939, 0.7504951357841492, -0.8035950064659119], [-0.8083690404891968, -0.5169427990913391, -0.28161942958831787, -0.5160179138183594], [0.0, 0.0, 0.0, 1.0]]}, "finger1joint2": {"matrix": [[0.09355209767818451, -0.9122030138969421, 0.3989155888557434, -1.4642094373703003], [-0.7330203056335449, 0.20803208649158478, 0.6476136445999146, -0.5739851593971252], [-0.6737425923347473, -0.35299888253211975, -0.649201512336731, -0.8081827759742737], [0.0, 0.0, 0.0, 1.0]]}, "finger1joint3": {"matrix": [[0.16687321662902832, -0.9850856065750122, -0.041947729885578156, -1.8552558422088623], [-0.6708019375801086, -0.14460855722427368, 0.7274013757705688, -0.48480522632598877], [-0.7226189374923706, -0.09324521571397781, -0.6849285960197449, -0.9595075845718384], [0.0, 0.0, 0.0, 1.0]]}, "Bone.001": {"matrix": [[0.6113149523735046, -0.09544003754854202, 0.7856112718582153, -0.9073293209075928], [-0.7805120348930359, 0.09129486978054047, 0.6184380650520325, -0.46575742959976196], [-0.13074608147144318, -0.9912397265434265, -0.018682148307561874, 0.23313641548156738], [0.0, 0.0, 0.0, 1.0]]}, "finger2joint1": {"matrix": [[0.14134156703948975, -0.5760488510131836, 0.8051025867462158, -0.9678272008895874], [-0.5142177939414978, 0.6522248983383179, 0.5569400191307068, -0.4078870713710785], [-0.8459327816963196, -0.4927169382572174, -0.20402809977531433, -0.3951942026615143], [0.0, 0.0, 0.0, 1.0]]}, "finger2joint2": {"matrix": [[0.013660426251590252, -0.7512710690498352, 0.6598522663116455, -1.4661953449249268], [-0.5023880004882812, 0.5654144287109375, 0.654150128364563, 0.15638457238674164], [-0.864534318447113, -0.3404378294944763, -0.36970579624176025, -0.8214677572250366], [0.0, 0.0, 0.0, 1.0]]}, "finger2joint3": {"matrix": [[-0.13161328434944153, -0.9113662838935852, 0.38998621702194214, -1.7513900995254517], [-0.4906481206417084, 0.40172964334487915, 0.7732251286506653, 0.3710251748561859], [-0.8613606095314026, -0.08957929164171219, -0.5000331997871399, -0.9507035613059998], [0.0, 0.0, 0.0, 1.0]]}, "Bone.002": {"matrix": [[0.35918715596199036, -0.3997367322444916, 0.843323826789856, -0.9073294401168823], [-0.5054233074188232, 0.6763239502906799, 0.5358477234840393, -0.4657573997974396], [-0.7845583558082581, -0.618705153465271, 0.0408906564116478, 0.23313643038272858], [0.0, 0.0, 0.0, 1.0]]}, "finger3joint1": {"matrix": [[0.3362888991832733, -0.7294506430625916, 0.5956605672836304, -1.075822353363037], [-0.595003068447113, 0.32569995522499084, 0.7347725033760071, -0.1806800812482834], [-0.7299871444702148, -0.6015156507492065, -0.3244960308074951, -0.027653992176055908], [0.0, 0.0, 0.0, 1.0]]}, "finger3joint2": {"matrix": [[0.19335193932056427, -0.7316789627075195, -0.6536518931388855, -1.715682864189148], [-0.5640674829483032, -0.6280110478401184, 0.5361247062683105, 0.10501793026924133], [-0.8027719855308533, 0.26504307985305786, -0.5341434478759766, -0.5552924275398254], [0.0, 0.0, 0.0, 1.0]]}, "finger3joint3": {"matrix": [[0.2639760673046112, -0.05694122985005379, -0.9628469347953796, -2.189138174057007], [-0.6766451001167297, -0.7223305106163025, -0.14279301464557648, -0.30135565996170044], [-0.6873630881309509, 0.6891996264457703, -0.2292068600654602, -0.3837882876396179], [0.0, 0.0, 0.0, 1.0]]}, "Bone.003": {"matrix": [[0.4881461560726166, -0.022290479391813278, 0.8724772334098816, -0.9073293805122375], [0.2989080548286438, 0.9434864521026611, -0.14313267171382904, -0.4657573997974396], [-0.8199799656867981, 0.33066025376319885, 0.46722212433815, 0.23313641548156738], [0.0, 0.0, 0.0, 1.0]]}, "finger4joint1": {"matrix": [[0.2599236071109772, -0.6314163208007812, 0.7305840253829956, -0.9168835282325745], [-0.5856087803840637, 0.49850404262542725, 0.6391834616661072, -0.06136074662208557], [-0.7677902579307556, -0.5939752459526062, -0.24018996953964233, 0.37486380338668823], [0.0, 0.0, 0.0, 1.0]]}, "finger4joint2": {"matrix": [[0.25944045186042786, -0.9394225478172302, -0.2239992618560791, -1.5441066026687622], [-0.5615755915641785, -0.33544427156448364, 0.7563791275024414, 0.43383270502090454], [-0.7856991291046143, -0.07044278085231781, -0.6145846247673035, -0.2151668518781662], [0.0, 0.0, 0.0, 1.0]]}, "finger4joint3": {"matrix": [[0.33988189697265625, -0.6593633890151978, -0.6706116795539856, -1.935904860496521], [-0.5427523851394653, -0.7198541760444641, 0.43269991874694824, 0.29393139481544495], [-0.7680492997169495, 0.216909259557724, -0.6025364398956299, -0.24454590678215027], [0.0, 0.0, 0.0, 1.0]]}}