{"root": {"matrix": [[0.41305938363075256, -0.14826472103595734, 0.8985541462898254, 0.0], [-0.1119404286146164, 0.9709111452102661, 0.2116621732711792, 0.0], [-0.9037982821464539, -0.18801350891590118, 0.3844471573829651, -1.4901161193847656e-08], [0.0, 0.0, 0.0, 1.0]]}, "carpals": {"matrix": [[-0.2470443695783615, -0.9415264129638672, -0.2291218489408493, 0.6879779696464539], [0.18419936299324036, -0.2777688801288605, 0.9428228139877319, 0.6733968257904053], [-0.951335608959198, 0.19071482121944427, 0.24204988777637482, -2.2711687088012695], [0.0, 0.0, 0.0, 1.0]]}, "metacarpals": {"matrix": [[-0.7886252999305725, -0.5593498945236206, 0.25533807277679443, -0.22906309366226196], [0.29928046464920044, 0.013569111004471779, 0.9540686011314392, 0.4028516411781311], [-0.5371230840682983, 0.8288203477859497, 0.1567017138004303, -2.085413694381714], [0.0, 0.0, 0.0, 1.0]]}, "finger5joint1": {"matrix": [[-0.6691660284996033, -0.6663845181465149, 0.32885873317718506, -0.5149281620979309], [0.300429105758667, 0.1621633917093277, 0.9399176239967346, -0.03439114987850189], [-0.6796756982803345, 0.7277597188949585, 0.09168721735477448, -1.5826467275619507], [0.0, 0.0, 0.0, 1.0]]}, "finger5joint2": {"matrix": [[0.42979696393013, -0.8973397612571716, -0.10027479380369186, -1.2188117504119873], [0.9017999768257141, 0.43214887380599976, -0.0019301024731248617, 0.13689753413200378], [0.045065782964229584, -0.08959858864545822, 0.994957685470581, -0.813934326171875], [0.0, 0.0, 0.0, 1.0]]}, "finger5joint3": {"matrix": [[0.3490143120288849, -0.8946396112442017, -0.27894124388694763, -1.8355847597122192], [0.9369376301765442, 0.3273048400878906, 0.1225518137216568, 0.43392860889434814], [-0.01834074966609478, -0.3041233420372009, 0.9524558782577515, -0.8755185604095459], [0.0, 0.0, 0.0, 1.0]]}, "Bone": {"matrix": [[0.4072003960609436, -0.9011870622634888, 0.14849023520946503, -1.1023637056350708], [-0.047816600650548935, 0.1413218379020691, 0.9888080954551697, 0.42403680086135864], [-0.9120860695838928, -0.40974360704421997, 0.014454708434641361, -0.7913950085639954], [0.0, 0.0, 0.0, 1.0]]}, "finger1joint1": {"matrix": [[-0.7014626860618591, -0.6775027513504028, -0.22122345864772797, -1.8523203134536743], [0.3094210922718048, -0.5691177845001221, 0.7618157863616943, 0.5416430830955505], [-0.6420347690582275, 0.46593400835990906, 0.6088485717773438, -1.1323786973953247], [0.0, 0.0, 0.0, 1.0]]}, "finger1joint2": {"matrix": [[-0.587110698223114, -0.10462991148233414, -0.8027161955833435, -2.2352302074432373], [0.07410864531993866, -0.9943947792053223, 0.07541074603796005, 0.21999001502990723], [-0.8061072826385498, -0.01521384809166193, 0.5915737152099609, -0.8690428733825684], [0.0, 0.0, 0.0, 1.0]]}, "finger1joint3": {"matrix": [[-0.6611498594284058, 0.20269373059272766, -0.7223544120788574, -2.280083417892456], [0.11779594421386719, -0.9228270053863525, -0.36676186323165894, -0.20629066228866577], [-0.7409487962722778, -0.32757502794265747, 0.5862503051757812, -0.875564694404602], [0.0, 0.0, 0.0, 1.0]]}, "Bone.001": {"matrix": [[0.09280429780483246, -0.8798971772193909, 0.46601271629333496, -1.1023635864257812], [0.11976522952318192, 0.4744992256164551, 0.8720702528953552, 0.42403680086135864], [-0.9884549975395203, -0.02511983923614025, 0.14941683411598206, -0.7913950681686401], [0.0, 0.0, 0.0, 1.0]]}, "finger2joint1": {"matrix": [[-0.7181934118270874, -0.4199691414833069, 0.5548186302185059, -1.6601159572601318], [0.27415210008621216, 0.5620654821395874, 0.780335009098053, 0.7248141169548035], [-0.6395612359046936, 0.7125362753868103, -0.2885362207889557, -0.8073181509971619], [0.0, 0.0, 0.0, 1.0]]}, "finger2joint2": {"matrix": [[-0.8014155626296997, -0.5722846388816833, -0.17384777963161469, -2.023451805114746], [0.2505664527416229, -0.5851704478263855, 0.7712274789810181, 1.2110844850540161], [-0.5430924892425537, 0.5745131969451904, 0.6123600602149963, -0.19086813926696777], [0.0, 0.0, 0.0, 1.0]]}, "finger2joint3": {"matrix": [[-0.8430052399635315, 0.12671849131584167, -0.5227658152580261, -2.2407004833221436], [0.11187493056058884, -0.9092993140220642, -0.40082231163978577, 0.9889441728591919], [-0.526142418384552, -0.3963797986507416, 0.7523674964904785, 0.027226507663726807], [0.0, 0.0, 0.0, 1.0]]}, "Bone.002": {"matrix": [[-0.5543438196182251, -0.6377288103103638, 0.5347939729690552, -1.1023634672164917], [0.40295785665512085, 0.3565773665904999, 0.8428982496261597, 0.42403680086135864], [-0.7282361388206482, 0.6827548146247864, 0.05931156873703003, -0.7913950681686401], [0.0, 0.0, 0.0, 1.0]]}, "finger3joint1": {"matrix": [[-0.5935850739479065, -0.8046999573707581, 0.010697556659579277, -1.3711726665496826], [0.32606202363967896, -0.22832360863685608, 0.917361319065094, 0.5743377208709717], [-0.7357584834098816, 0.5480198860168457, 0.3979116678237915, -0.5036070942878723], [0.0, 0.0, 0.0, 1.0]]}, "finger3joint2": {"matrix": [[-0.7133210301399231, -0.3078279495239258, -0.6296147704124451, -2.077040433883667], [0.25002121925354004, -0.9510358572006226, 0.18171440064907074, 0.37405651807785034], [-0.6547232866287231, -0.02779647894203663, 0.7553573846817017, -0.02289418876171112], [0.0, 0.0, 0.0, 1.0]]}, "finger3joint3": {"matrix": [[-0.6116654276847839, 0.2108173668384552, -0.7625097036361694, -2.2762300968170166], [0.16840562224388123, -0.9070519804954529, -0.38587072491645813, -0.2413400411605835], [-0.772984504699707, -0.36443477869033813, 0.5193093419075012, -0.04088073968887329], [0.0, 0.0, 0.0, 1.0]]}, "Bone.003": {"matrix": [[-0.41020697355270386, 0.3979913890361786, 0.8205686211585999, -1.1023635864257812], [0.9061514139175415, 0.27953603863716125, 0.31741011142730713, 0.42403680086135864], [-0.1030520349740982, 0.8737634420394897, -0.47530797123908997, -0.7913950681686401], [0.0, 0.0, 0.0, 1.0]]}, "finger4joint1": {"matrix": [[-0.32118791341781616, -0.9149858951568604, 0.24421021342277527, -0.9317767024040222], [0.24816754460334778, 0.16754038631916046, 0.9541188478469849, 0.543851375579834], [-0.9139207005500793, 0.36705636978149414, 0.1732579618692398, -0.41688311100006104], [0.0, 0.0, 0.0, 1.0]]}, "finger4joint2": {"matrix": [[-0.33730220794677734, -0.5976367592811584, -0.7273629903793335, -1.840686321258545], [0.2703207731246948, -0.8015918135643005, 0.5332700610160828, 0.710279107093811], [-0.9017503261566162, -0.016748327761888504, 0.4319323003292084, -0.05226435884833336], [0.0, 0.0, 0.0, 1.0]]}, "finger4joint3": {"matrix": [[-0.275779128074646, -0.26635903120040894, -0.9235789775848389, -2.0899384021759033], [0.3281882405281067, -0.9291924238204956, 0.16998140513896942, 0.3759649395942688], [-0.9034588932991028, -0.2562306225299835, 0.3436676561832428, -0.059249475598335266], [0.0, 0.0, 0.0, 1.0]]}}