{"root": {"matrix": [[0.32005953788757324, -0.6631590723991394, -0.6765958666801453, 0.0], [-0.9473795890808105, -0.21965163946151733, -0.2328626811504364, 0.0], [0.005809537600725889, 0.7155230045318604, -0.6985650062561035, 5.960464477539063e-08], [0.0, 0.0, 0.0, 1.0]]}, "carpals": {"matrix": [[0.8678873777389526, -0.4458925127983093, -0.21897761523723602, 0.1507626175880432], [0.49381551146507263, 0.7264668345451355, 0.4779035151004791, -2.3312931060791016], [-0.054013606160879135, -0.5229011178016663, 0.8506801724433899, 0.7920408248901367], [0.0, 0.0, 0.0, 1.0]]}, "metacarpals": {"matrix": [[0.2963620126247406, -0.6782822012901306, 0.6723858118057251, -0.2835341691970825], [0.257880836725235, 0.7346938848495483, 0.6274726986885071, -1.6237186193466187], [-0.9196014404296875, -0.012563686817884445, 0.39265143871307373, 0.28273826837539673], [0.0, 0.0, 0.0, 1.0]]}, "finger5joint1": {"matrix": [[0.2956021726131439, -0.9536727070808411, -0.055924978107213974, -0.9992079734802246], [0.4762258231639862, 0.09635739028453827, 0.8740273118019104, -1.5078225135803223], [-0.8281473517417908, -0.2849973440170288, 0.4826471209526062, 0.2754029631614685], [0.0, 0.0, 0.0, 1.0]]}, "finger5joint2": {"matrix": [[-0.10086788982152939, -0.3778460919857025, -0.9203572869300842, -2.0065460205078125], [0.9227192401885986, 0.31040120124816895, -0.22855983674526215, -1.4060428142547607], [0.37204059958457947, -0.8722859621047974, 0.3173365890979767, -0.02563178539276123], [0.0, 0.0, 0.0, 1.0]]}, "finger5joint3": {"matrix": [[-0.08487818390130997, 0.11690468341112137, -0.9895092248916626, -2.2662527561187744], [0.958844780921936, 0.2796322703361511, -0.04921102523803711, -1.1926932334899902], [0.27094584703445435, -0.95296311378479, -0.13582804799079895, -0.6251845955848694], [0.0, 0.0, 0.0, 1.0]]}, "Bone": {"matrix": [[0.6565942764282227, 0.06828676909208298, 0.7511462569236755, -1.342520833015442], [-0.7364456653594971, 0.2731137275695801, 0.6189153790473938, -0.47665756940841675], [-0.16288459300994873, -0.95955491065979, 0.22961445152759552, 0.2631228566169739], [0.0, 0.0, 0.0, 1.0]]}, "finger1joint1": {"matrix": [[0.5501740574836731, -0.4926259219646454, 0.6742610931396484, -1.2856934070587158], [0.04623624309897423, 0.8241822719573975, 0.5644335746765137, -0.24937565624713898], [-0.8337688446044922, -0.2793615758419037, 0.4762210249900818, -0.5354068279266357], [0.0, 0.0, 0.0, 1.0]]}, "finger1joint2": {"matrix": [[0.3285083770751953, -0.705501914024353, 0.6279723644256592, -1.5641149282455444], [-0.14429840445518494, 0.619577944278717, 0.7715573310852051, 0.2164342999458313], [-0.9334131479263306, -0.34407860040664673, 0.10173379629850388, -0.693295955657959], [0.0, 0.0, 0.0, 1.0]]}, "finger1joint3": {"matrix": [[0.41607654094696045, -0.87834233045578, 0.23536144196987152, -1.8665521144866943], [-0.08805141597986221, 0.21869699656963348, 0.9718117713928223, 0.482037216424942], [-0.9050564765930176, -0.4250721335411072, 0.013655407354235649, -0.8407968282699585], [0.0, 0.0, 0.0, 1.0]]}, "Bone.001": {"matrix": [[0.7246843576431274, 0.07833670824766159, 0.6846135854721069, -1.3425209522247314], [-0.5221834182739258, 0.710690438747406, 0.4714266061782837, -0.47665753960609436], [-0.4496183395385742, -0.6991295218467712, 0.5559325218200684, 0.2631228566169739], [0.0, 0.0, 0.0, 1.0]]}, "finger2joint1": {"matrix": [[0.3636983633041382, -0.1669549196958542, 0.9164329767227173, -1.2928645610809326], [0.15040352940559387, 0.981423556804657, 0.1191052719950676, -0.02616250514984131], [-0.9192942380905151, 0.0945163369178772, 0.3820528984069824, -0.18004387617111206], [0.0, 0.0, 0.0, 1.0]]}, "finger2joint2": {"matrix": [[0.26085740327835083, -0.6905442476272583, 0.6746124029159546, -1.4373053312301636], [0.2268858700990677, 0.723086953163147, 0.6524320244789124, 0.8229151368141174], [-0.9383368492126465, -0.01713176630437374, 0.3452973961830139, -0.09827316552400589], [0.0, 0.0, 0.0, 1.0]]}, "finger2joint3": {"matrix": [[0.11860328167676926, -0.9929258823394775, -0.005592933855950832, -1.6994473934173584], [0.24911442399024963, 0.02430274710059166, 0.9681687951087952, 1.097410798072815], [-0.9611841440200806, -0.1162213459610939, 0.25023454427719116, -0.10477666556835175], [0.0, 0.0, 0.0, 1.0]]}, "Bone.002": {"matrix": [[0.5631897449493408, -0.36587461829185486, 0.7409136891365051, -1.342520833015442], [0.11390049755573273, 0.9224476218223572, 0.36893993616104126, -0.47665756940841675], [-0.8184399008750916, -0.123392753303051, 0.5611864328384399, 0.2631228566169739], [0.0, 0.0, 0.0, 1.0]]}, "finger3joint1": {"matrix": [[0.40535303950309753, -0.8318865895271301, 0.3790167272090912, -1.4967405796051025], [0.15466591715812683, 0.47103819251060486, 0.868447482585907, -0.0878366231918335], [-0.9009813666343689, -0.2934068441390991, 0.31960129737854004, 0.21111159026622772], [0.0, 0.0, 0.0, 1.0]]}, "finger3joint2": {"matrix": [[0.2537013590335846, -0.2609706223011017, -0.9314128756523132, -2.2264561653137207], [0.19339433312416077, -0.9297894239425659, 0.313193142414093, 0.3253493905067444], [-0.9477521777153015, -0.25958752632141113, -0.18541856110095978, -0.046259477734565735], [0.0, 0.0, 0.0, 1.0]]}, "finger3joint3": {"matrix": [[0.3934538662433624, 0.5766779780387878, -0.7159863710403442, -2.395325183868408], [0.09160002321004868, -0.7995160818099976, -0.5936188101768494, -0.27629905939102173], [-0.9147696495056152, 0.16797716915607452, -0.36739641427993774, -0.21423347294330597], [0.0, 0.0, 0.0, 1.0]]}, "Bone.003": {"matrix": [[0.586624026298523, -0.21038022637367249, 0.7820565700531006, -1.342520833015442], [0.7491055727005005, 0.5079216361045837, -0.4252718389034271, -0.47665756940841675], [-0.30775460600852966, 0.8353177309036255, 0.45555612444877625, 0.2631228566169739], [0.0, 0.0, 0.0, 1.0]]}, "finger4joint1": {"matrix": [[0.6238741874694824, -0.2989671230316162, 0.7220799922943115, -1.4326939582824707], [-0.2460738718509674, 0.8017977476119995, 0.5445800423622131, -0.2589524984359741], [-0.7417738437652588, -0.5174345374107361, 0.42665302753448486, 0.6211562752723694], [0.0, 0.0, 0.0, 1.0]]}, "finger4joint2": {"matrix": [[0.6306840777397156, -0.7535245418548584, -0.18557539582252502, -1.729675531387329], [-0.2170676440000534, -0.40087804198265076, 0.8900436758995056, 0.5375205278396606], [-0.7450630068778992, -0.5210541486740112, -0.4163932502269745, 0.10715799778699875], [0.0, 0.0, 0.0, 1.0]]}, "finger4joint3": {"matrix": [[0.6937857270240784, -0.3839995563030243, -0.6092663407325745, -2.043942928314209], [-0.19598981738090515, -0.9147318005561829, 0.35334551334381104, 0.3703291714191437], [-0.6929999589920044, -0.12573616206645966, -0.7098880410194397, -0.11015433073043823], [0.0, 0.0, 0.0, 1.0]]}}