{"root": {"matrix": [[0.39494484663009644, -0.18256333470344543, 0.9003828167915344, 0.0], [0.7232618927955627, 0.6661070585250854, -0.18219120800495148, 0.0], [-0.5664898157119751, 0.7231680750846863, 0.3951166272163391, 0.0], [0.0, 0.0, 0.0, 1.0]]}, "carpals": {"matrix": [[-0.2607441544532776, -0.9592580795288086, -0.1087936982512474, 0.6132346987724304], [0.9342092871665955, -0.27912768721580505, 0.22212722897529602, 2.308117389678955], [-0.24344466626644135, -0.04371783137321472, 0.9689289331436157, -0.6176748275756836], [0.0, 0.0, 0.0, 1.0]]}, "metacarpals": {"matrix": [[-0.8020063042640686, -0.515962541103363, 0.3009454011917114, -0.3210769295692444], [0.5778378248214722, -0.7977979183197021, 0.17210957407951355, 2.0362486839294434], [0.15129150450229645, 0.3119305670261383, 0.937981903553009, -0.6602556705474854], [0.0, 0.0, 0.0, 1.0]]}, "finger5joint1": {"matrix": [[-0.6614833474159241, -0.7360337972640991, 0.14385287463665009, -0.5985954999923706], [0.6963726282119751, -0.6740171909332275, -0.24650709331035614, 1.4087789058685303], [0.2783969044685364, -0.06288526952266693, 0.9584051370620728, -0.8946482539176941], [0.0, 0.0, 0.0, 1.0]]}, "finger5joint2": {"matrix": [[0.2089560478925705, -0.7154585719108582, 0.6666749715805054, -1.3760476112365723], [-0.2361724078655243, -0.698464572429657, -0.6755512356758118, 0.6968331933021545], [0.9489781856536865, -0.016289863735437393, -0.3149200975894928, -0.9610722064971924], [0.0, 0.0, 0.0, 1.0]]}, "finger5joint3": {"matrix": [[0.10423007607460022, -0.8458897471427917, 0.5230733752250671, -1.867807388305664], [-0.26279473304748535, -0.5306697487831116, -0.805808961391449, 0.2167539894580841], [0.959205150604248, -0.053471580147743225, -0.2776072323322296, -0.97226881980896], [0.0, 0.0, 0.0, 1.0]]}, "Bone": {"matrix": [[0.35856714844703674, -0.9142621755599976, 0.18855755031108856, -1.1266376972198486], [0.8600292205810547, 0.4020839035511017, 0.31413066387176514, 0.7906646728515625], [-0.36301371455192566, 0.049528028815984726, 0.9304664134979248, -0.17324548959732056], [0.0, 0.0, 0.0, 1.0]]}, "finger1joint1": {"matrix": [[-0.26612547039985657, -0.8856738805770874, -0.38047170639038086, -1.8874754905700684], [0.9301239848136902, -0.1323138028383255, -0.3425815999507904, 1.1252739429473877], [0.253074049949646, -0.44505575299263, 0.8589986562728882, -0.13202887773513794], [0.0, 0.0, 0.0, 1.0]]}, "finger1joint2": {"matrix": [[-0.11988434195518494, -0.17560862004756927, -0.9771330952644348, -2.3880393505096436], [0.9927197694778442, -0.03272498399019241, -0.1159152239561081, 1.0504930019378662], [-0.011620878241956234, -0.9839159846305847, 0.17825324833393097, -0.3835647404193878], [0.0, 0.0, 0.0, 1.0]]}, "finger1joint3": {"matrix": [[-0.21170151233673096, 0.8272079229354858, -0.5204894542694092, -2.4633195400238037], [0.976405680179596, 0.2022230178117752, -0.07574769854545593, 1.0364644527435303], [0.04259592294692993, -0.5242447257041931, -0.850501537322998, -0.8053533434867859], [0.0, 0.0, 0.0, 1.0]]}, "Bone.001": {"matrix": [[0.04770061373710632, -0.8603127002716064, 0.5075295567512512, -1.1266376972198486], [0.976008415222168, 0.148211270570755, 0.15950147807598114, 0.7906646728515625], [-0.21244271099567413, 0.48774483799934387, 0.8467424511909485, -0.17324550449848175], [0.0, 0.0, 0.0, 1.0]]}, "finger2joint1": {"matrix": [[-0.45113471150398254, -0.7720997333526611, 0.44759249687194824, -1.6719759702682495], [0.8916577100753784, -0.4111504852771759, 0.18947690725326538, 0.8846133947372437], [0.037732839584350586, 0.4845789074897766, 0.8739331960678101, 0.13592800498008728], [0.0, 0.0, 0.0, 1.0]]}, "finger2joint2": {"matrix": [[-0.558533251285553, -0.3147995173931122, -0.7674251794815063, -2.3399572372436523], [0.8294819593429565, -0.21144118905067444, -0.516964316368103, 0.5289069414138794], [0.0004748314095195383, -0.9253073930740356, 0.37921738624572754, 0.5551609396934509], [0.0, 0.0, 0.0, 1.0]]}, "finger2joint3": {"matrix": [[-0.5201331377029419, 0.5910109281539917, -0.6165769100189209, -2.4594602584838867], [0.8426081538200378, 0.23713573813438416, -0.4835056960582733, 0.4486404061317444], [-0.13954472541809082, -0.771020233631134, -0.621333122253418, 0.2038990557193756], [0.0, 0.0, 0.0, 1.0]]}, "Bone.002": {"matrix": [[-0.5736647844314575, -0.5877719521522522, 0.5704668760299683, -1.1266376972198486], [0.8002827167510986, -0.5505950450897217, 0.23747123777866364, 0.7906647324562073], [0.17451733350753784, 0.5927636623382568, 0.7862409949302673, -0.17324550449848175], [0.0, 0.0, 0.0, 1.0]]}, "finger3joint1": {"matrix": [[-0.7449451088905334, -0.545222818851471, 0.3844328820705414, -1.374389410018921], [0.6558762788772583, -0.7039351463317871, 0.2725832462310791, 0.5585833191871643], [0.12199719250202179, 0.45519980788230896, 0.8819918632507324, 0.07661032676696777], [0.0, 0.0, 0.0, 1.0]]}, "finger3joint2": {"matrix": [[-0.8361306190490723, -0.5298073887825012, -0.14208930730819702, -1.8526488542556763], [0.5252427458763123, -0.6986296772956848, -0.485835999250412, -0.05889555811882019], [0.1581316739320755, -0.4808539152145386, 0.8624232411384583, 0.475903183221817], [0.0, 0.0, 0.0, 1.0]]}, "finger3joint3": {"matrix": [[-0.825570285320282, -0.03770684450864792, -0.5630378127098083, -2.195476770401001], [0.5641448497772217, -0.07849601656198502, -0.8219360709190369, -0.5109650492668152], [-0.013203680515289307, -0.9962010383605957, 0.08607589453458786, 0.16475211083889008], [0.0, 0.0, 0.0, 1.0]]}, "Bone.003": {"matrix": [[-0.37820687890052795, 0.45232102274894714, 0.8076911568641663, -1.1266376972198486], [0.37888580560684204, -0.7204383015632629, 0.5808736085891724, 0.7906646728515625], [0.8446330428123474, 0.5257132053375244, 0.10109692066907883, -0.17324550449848175], [0.0, 0.0, 0.0, 1.0]]}, "finger4joint1": {"matrix": [[-0.3646448254585266, -0.8457397222518921, 0.3895612359046936, -0.9327640533447266], [0.9271897673606873, -0.2912631928920746, 0.23555192351341248, 0.4818708300590515], [-0.08575072884559631, 0.44708988070487976, 0.8903691172599792, 0.05208536982536316], [0.0, 0.0, 0.0, 1.0]]}, "finger4joint2": {"matrix": [[-0.37634551525115967, -0.6138074398040771, -0.693976879119873, -1.7728874683380127], [0.924644947052002, -0.2959522306919098, -0.23967388272285461, 0.1925419121980667], [-0.058270324021577835, -0.7318828105926514, 0.6789343357086182, 0.496206134557724], [0.0, 0.0, 0.0, 1.0]]}, "finger4joint3": {"matrix": [[-0.3138273060321808, -0.42196881771087646, -0.8505610823631287, -2.028883457183838], [0.9494529366493225, -0.1462189108133316, -0.2777746021747589, 0.06911122053861618], [-0.007155808620154858, -0.894741415977478, 0.44652697443962097, 0.19096501171588898], [0.0, 0.0, 0.0, 1.0]]}}