{"root": {"matrix": [[-0.10867814719676971, -0.9919326901435852, -0.0652579739689827, -5.960464477539063e-08], [-0.13000072538852692, 0.07926478981971741, -0.9883404970169067, 7.450580596923828e-09], [0.9855398535728455, -0.09892742335796356, -0.13756640255451202, 0.0], [0.0, 0.0, 0.0, 1.0]]}, "carpals": {"matrix": [[0.8928995132446289, 0.22386129200458527, -0.39066141843795776, -1.2093559503555298], [0.4398837983608246, -0.24855446815490723, 0.862973153591156, -0.10529208183288574], [0.09608577936887741, -0.9423940777778625, -0.3204069435596466, 2.147407054901123], [0.0, 0.0, 0.0, 1.0]]}, "metacarpals": {"matrix": [[0.617610514163971, -0.3761450946331024, 0.6907039880752563, -0.9913163185119629], [-0.6057758331298828, 0.33258336782455444, 0.7227888703346252, -0.34738266468048096], [-0.5015902519226074, -0.8648136854171753, -0.022452421486377716, 1.2295207977294922], [0.0, 0.0, 0.0, 1.0]]}, "finger5joint1": {"matrix": [[0.6044625043869019, -0.3165215849876404, 0.731053352355957, -1.5984735488891602], [-0.5888205170631409, 0.4405915141105652, 0.6776203513145447, -0.3486265242099762], [-0.5365774631500244, -0.8400551676750183, 0.07994681596755981, 0.8332462310791016], [0.0, 0.0, 0.0, 1.0]]}, "finger5joint2": {"matrix": [[0.7262948155403137, -0.2499377727508545, -0.6403332352638245, -1.9328066110610962], [0.6671931743621826, 0.48044759035110474, 0.5692301392555237, 0.11675810813903809], [0.16537463665008545, -0.8406546115875244, 0.5157034993171692, -0.0540807843208313], [0.0, 0.0, 0.0, 1.0]]}, "finger5joint3": {"matrix": [[0.7339365482330322, -0.19755743443965912, -0.6498521566390991, -2.104597568511963], [0.6767769455909729, 0.29374295473098755, 0.6750463247299194, 0.4469866156578064], [0.0575292594730854, -0.9352460503578186, 0.3492911756038666, -0.6318921446800232], [0.0, 0.0, 0.0, 1.0]]}, "Bone": {"matrix": [[0.4072507917881012, 0.4282382130622864, 0.8066961169242859, -1.5785832405090332], [-0.48208358883857727, -0.6494001746177673, 0.5881109833717346, 0.1718723177909851], [0.7757201194763184, -0.6284038424491882, -0.05802196264266968, -0.1206933856010437], [0.0, 0.0, 0.0, 1.0]]}, "finger1joint1": {"matrix": [[0.6750209331512451, -0.7092844247817993, 0.2031310796737671, -1.222208857536316], [-0.6375028491020203, -0.4221249520778656, 0.6445156335830688, -0.36855047941207886], [-0.371398389339447, -0.5645583271980286, -0.7371138334274292, -0.6436433792114258], [0.0, 0.0, 0.0, 1.0]]}, "finger1joint2": {"matrix": [[0.5951743125915527, -0.7943347692489624, 0.12165429443120956, -1.6230809688568115], [-0.7948891520500183, -0.5597145557403564, 0.23424500226974487, -0.6071263551712036], [-0.11797748506069183, -0.23611845076084137, -0.964535653591156, -0.9627195000648499], [0.0, 0.0, 0.0, 1.0]]}, "finger1joint3": {"matrix": [[0.6331737041473389, -0.7194417119026184, -0.28547266125679016, -1.9635992050170898], [-0.7460075616836548, -0.6655512452125549, 0.022674715146422386, -0.8470667600631714], [-0.20631004869937897, 0.19860751926898956, -0.9581184387207031, -1.0639395713806152], [0.0, 0.0, 0.0, 1.0]]}, "Bone.001": {"matrix": [[0.620215892791748, 0.49967139959335327, 0.604698657989502, -1.5785834789276123], [-0.6004289388656616, -0.1936723291873932, 0.7758709788322449, 0.1718723475933075], [0.5047938823699951, -0.8442862033843994, 0.17989875376224518, -0.12069344520568848], [0.0, 0.0, 0.0, 1.0]]}, "finger2joint1": {"matrix": [[0.6719778776168823, -0.5675048828125, 0.47579798102378845, -1.2618498802185059], [-0.6511856913566589, -0.1468016356229782, 0.7445845603942871, 0.04910662770271301], [-0.35270756483078003, -0.8101773262023926, -0.46819832921028137, -0.6558725237846375], [0.0, 0.0, 0.0, 1.0]]}, "finger2joint2": {"matrix": [[0.5710470676422119, -0.7978297472000122, -0.1933201551437378, -1.7528259754180908], [-0.7278041243553162, -0.6009729504585266, 0.33035197854042053, -0.07789865136146545], [-0.3797450661659241, -0.04794745519757271, -0.9238475561141968, -1.3567967414855957], [0.0, 0.0, 0.0, 1.0]]}, "finger2joint3": {"matrix": [[0.4907436966896057, -0.3222936987876892, -0.8095042109489441, -2.0556952953338623], [-0.8185182213783264, -0.48899009823799133, -0.3015231788158417, -0.3060378134250641], [-0.2986607551574707, 0.8105645179748535, -0.5037721991539001, -1.3749983310699463], [0.0, 0.0, 0.0, 1.0]]}, "Bone.002": {"matrix": [[0.7833611965179443, -0.002415255643427372, 0.6215620040893555, -1.5785833597183228], [-0.5775418281555176, 0.3668185770511627, 0.7293074727058411, 0.1718723326921463], [-0.22976207733154297, -0.930289089679718, 0.2859567105770111, -0.1206933856010437], [0.0, 0.0, 0.0, 1.0]]}, "finger3joint1": {"matrix": [[0.6545484066009521, -0.1559443473815918, 0.739762008190155, -1.5796014070510864], [-0.6339629292488098, 0.4198876917362213, 0.6494500041007996, 0.3264901041984558], [-0.41189512610435486, -0.8940778374671936, 0.175974041223526, -0.5128195881843567], [0.0, 0.0, 0.0, 1.0]]}, "finger3joint2": {"matrix": [[0.5924590229988098, -0.6603423357009888, -0.4614545702934265, -1.716392993927002], [-0.5843043923377991, -0.7465688586235046, 0.3181561231613159, 0.6948078274726868], [-0.5545995831489563, 0.0811353400349617, -0.8281521201133728, -1.2970881462097168], [0.0, 0.0, 0.0, 1.0]]}, "finger3joint3": {"matrix": [[0.6281194090843201, -0.155284583568573, -0.7624648809432983, -2.1436874866485596], [-0.665796160697937, -0.6143994331359863, -0.42335429787635803, 0.21171781420707703], [-0.4027176797389984, 0.7735629081726074, -0.48930397629737854, -1.2445870637893677], [0.0, 0.0, 0.0, 1.0]]}, "Bone.003": {"matrix": [[0.8563061356544495, -0.2731555700302124, 0.4383215010166168, -1.5785833597183228], [0.1957077533006668, 0.9570140242576599, 0.21406204998493195, 0.1718723177909851], [-0.47795188426971436, -0.09751949459314346, 0.8729557394981384, -0.1206934005022049], [0.0, 0.0, 0.0, 1.0]]}, "finger4joint1": {"matrix": [[0.6120112538337708, -0.750244140625, 0.25015148520469666, -1.695663332939148], [-0.6072626709938049, -0.2431802600622177, 0.7563697099685669, 0.5820671319961548], [-0.5066301226615906, -0.6148145198822021, -0.6044240593910217, -0.16249215602874756], [0.0, 0.0, 0.0, 1.0]]}, "finger4joint2": {"matrix": [[0.5993687510490417, 0.0046995170414447784, -0.800459086894989, -2.440924882888794], [-0.5979586243629456, -0.662176251411438, -0.4516278803348541, 0.3405018448829651], [-0.5321674942970276, 0.7493329048156738, -0.3940778076648712, -0.7732236385345459], [0.0, 0.0, 0.0, 1.0]]}, "finger4joint3": {"matrix": [[0.6085489392280579, 0.6245813965797424, -0.4894547760486603, -2.43896484375], [-0.5341741442680359, -0.1336817443370819, -0.8347375392913818, 0.06433271616697311], [-0.5867927670478821, 0.7694328427314758, 0.25228312611579895, -0.4607047438621521], [0.0, 0.0, 0.0, 1.0]]}}