{"root": {"matrix": [[0.325059175491333, -0.7006930708885193, -0.6351107954978943, 0.0], [-0.7594807147979736, 0.2067418396472931, -0.616803765296936, 0.0], [0.5634940266609192, 0.6828521490097046, -0.46495959162712097, 0.0], [0.0, 0.0, 0.0, 1.0]]}, "carpals": {"matrix": [[0.8752312660217285, -0.46693331003189087, -0.12626709043979645, 0.12066623568534851], [0.34176430106163025, 0.4122302830219269, 0.8445489406585693, -1.445838451385498], [-0.34229689836502075, -0.7823293805122375, 0.5203781723976135, 1.9949876070022583], [0.0, 0.0, 0.0, 1.0]]}, "metacarpals": {"matrix": [[0.3052498996257782, -0.6960858106613159, 0.6498360633850098, -0.3341240882873535], [-0.34458428621292114, 0.5554215312004089, 0.7568144798278809, -1.0443288087844849], [-0.887740969657898, -0.45494088530540466, -0.07031776010990143, 1.2330034971237183], [0.0, 0.0, 0.0, 1.0]]}, "finger5joint1": {"matrix": [[0.2288258969783783, -0.8659718036651611, 0.4446699917316437, -1.0522410869598389], [-0.19601373374462128, 0.4064461886882782, 0.8924010992050171, -0.9782329201698303], [-0.9535288214683533, -0.2913658618927002, -0.07673682272434235, 1.1580772399902344], [0.0, 0.0, 0.0, 1.0]]}, "finger5joint2": {"matrix": [[0.48544201254844666, -0.36543169617652893, -0.7942324876785278, -1.9669432640075684], [0.8719624876976013, 0.13643334805965424, 0.4701772928237915, -0.5489150881767273], [-0.06345780193805695, -0.9207849502563477, 0.38487356901168823, 0.8503154516220093], [0.0, 0.0, 0.0, 1.0]]}, "finger5joint3": {"matrix": [[0.492193341255188, 0.027050280943512917, -0.8700652122497559, -2.2181172370910645], [0.8536777496337891, -0.21046626567840576, 0.47637954354286194, -0.4551396369934082], [-0.1702331006526947, -0.9772266149520874, -0.1266821324825287, 0.21742770075798035], [0.0, 0.0, 0.0, 1.0]]}, "Bone": {"matrix": [[0.6773995757102966, 0.07756929099559784, 0.7315139770507812, -1.4209072589874268], [-0.6639723777770996, -0.3635886609554291, 0.6534091234207153, -0.1771615445613861], [0.31665465235710144, -0.9283244013786316, -0.19479086995124817, 0.5227144956588745], [0.0, 0.0, 0.0, 1.0]]}, "finger1joint1": {"matrix": [[0.7793236374855042, -0.6033490300178528, 0.1691875457763672, -1.3563549518585205], [-0.38699600100517273, -0.2510738968849182, 0.8872404098510742, -0.47973552346229553], [-0.49283725023269653, -0.7569226026535034, -0.42916139960289, -0.2498255968093872], [0.0, 0.0, 0.0, 1.0]]}, "finger1joint2": {"matrix": [[0.7027191519737244, -0.6814174652099609, 0.20458745956420898, -1.697354793548584], [-0.6336479187011719, -0.46865737438201904, 0.6155081391334534, -0.6216369867324829], [-0.3235367238521576, -0.5621659159660339, -0.7611132264137268, -0.6776218414306641], [0.0, 0.0, 0.0, 1.0]]}, "finger1joint3": {"matrix": [[0.7443491220474243, -0.6475456357002258, -0.16318407654762268, -1.9894672632217407], [-0.550433337688446, -0.7332987189292908, 0.39911869168281555, -0.8225428462028503], [-0.37811043858528137, -0.2072618454694748, -0.9022610187530518, -0.9186131358146667], [0.0, 0.0, 0.0, 1.0]]}, "Bone.001": {"matrix": [[0.7449339032173157, 0.07232647389173508, 0.6632059812545776, -1.4209072589874268], [-0.6658527255058289, 0.1422811597585678, 0.7323903441429138, -0.1771615445613861], [-0.041390560567379, -0.9871801733970642, 0.15414899587631226, 0.5227145552635193], [0.0, 0.0, 0.0, 1.0]]}, "finger2joint1": {"matrix": [[0.409674733877182, -0.3300152122974396, 0.8504447937011719, -1.3750605583190918], [-0.44935062527656555, 0.7383160591125488, 0.5029640793800354, -0.08697181940078735], [-0.7938830852508545, -0.5881996750831604, 0.15417702496051788, -0.1030428409576416], [0.0, 0.0, 0.0, 1.0]]}, "finger2joint2": {"matrix": [[0.2978001832962036, -0.4805622398853302, 0.8248483538627625, -1.6605730056762695], [-0.42529189586639404, 0.7067803740501404, 0.5653209686279297, 0.5517815351486206], [-0.854658842086792, -0.5191540122032166, 0.0061001828871667385, -0.6119232177734375], [0.0, 0.0, 0.0, 1.0]]}, "finger2joint3": {"matrix": [[0.1658138483762741, -0.6879720687866211, 0.7065408229827881, -1.8430023193359375], [-0.3902198374271393, 0.6122088432312012, 0.6876977682113647, 0.8200870156288147], [-0.9056677222251892, -0.3897360861301422, -0.166947603225708, -0.8090025186538696], [0.0, 0.0, 0.0, 1.0]]}, "Bone.002": {"matrix": [[0.5738475918769836, -0.38663923740386963, 0.7219480872154236, -1.4209071397781372], [-0.3894956111907959, 0.646610677242279, 0.6558867692947388, -0.1771615743637085], [-0.7204110622406006, -0.6575745940208435, 0.22046180069446564, 0.5227144956588745], [0.0, 0.0, 0.0, 1.0]]}, "finger3joint1": {"matrix": [[0.6544692516326904, 0.10907407850027084, 0.7481796741485596, -1.5838795900344849], [-0.7346647381782532, 0.3256288468837738, 0.5951749682426453, 0.09539130330085754], [-0.17871101200580597, -0.9391850233078003, 0.2932470738887787, 0.24554020166397095], [0.0, 0.0, 0.0, 1.0]]}, "finger3joint2": {"matrix": [[0.6339597702026367, -0.6763458251953125, 0.3750351071357727, -1.4882017374038696], [-0.69646155834198, -0.2884761691093445, 0.6570559144020081, 0.3810269236564636], [-0.33620861172676086, -0.6777445673942566, -0.6539311408996582, -0.5782955884933472], [0.0, 0.0, 0.0, 1.0]]}, "finger3joint3": {"matrix": [[0.527515709400177, -0.8251014351844788, -0.20232360064983368, -1.925851821899414], [-0.8104788661003113, -0.5601668357849121, 0.1712799221277237, 0.194359689950943], [-0.2546585500240326, 0.0736260712146759, -0.964224100112915, -1.0168507099151611], [0.0, 0.0, 0.0, 1.0]]}, "Bone.003": {"matrix": [[0.5728493332862854, -0.2369879186153412, 0.7846530675888062, -1.4209071397781372], [0.42563384771347046, 0.9041107296943665, -0.037673600018024445, -0.1771615743637085], [-0.7004849910736084, 0.3555563688278198, 0.6187894344329834, 0.5227144956588745], [0.0, 0.0, 0.0, 1.0]]}, "finger4joint1": {"matrix": [[0.6325547099113464, -0.19304966926574707, 0.7500708103179932, -1.5224847793579102], [-0.6685843467712402, 0.3527778089046478, 0.6546313762664795, 0.2103579044342041], [-0.3909849524497986, -0.9155758619308472, 0.09408141672611237, 0.6751129031181335], [0.0, 0.0, 0.0, 1.0]]}, "finger4joint2": {"matrix": [[0.6423291563987732, -0.7635295987129211, -0.06660017371177673, -1.7142525911331177], [-0.6475561261177063, -0.5871346592903137, 0.485740065574646, 0.5607929229736328], [-0.4099804162979126, -0.2688778042793274, -0.8715620040893555, -0.23438262939453125], [0.0, 0.0, 0.0, 1.0]]}, "finger4joint3": {"matrix": [[0.7044805288314819, -0.4121409058570862, -0.5777948498725891, -2.0326924324035645], [-0.6035449504852295, -0.77623450756073, -0.1821889877319336, 0.3159208297729492], [-0.3734169602394104, 0.47707369923591614, -0.7955878376960754, -0.3465215563774109], [0.0, 0.0, 0.0, 1.0]]}}