{"root": {"matrix": [[0.4738742411136627, -0.4681934416294098, -0.7458137273788452, 0.0], [-0.8721656203269958, -0.13264882564544678, -0.47088366746902466, 0.0], [0.12153326719999313, 0.8736127018928528, -0.4712011218070984, 5.960464477539063e-08], [0.0, 0.0, 0.0, 1.0]]}, "carpals": {"matrix": [[0.5641311407089233, -0.8219299912452698, -0.07865718752145767, 0.697227954864502], [0.7153207659721375, 0.43892431259155273, 0.5437474250793457, -2.049278974533081], [-0.4123978018760681, -0.36301007866859436, 0.8355546593666077, 1.182926058769226], [0.0, 0.0, 0.0, 1.0]]}, "metacarpals": {"matrix": [[0.29693105816841125, -0.7931234836578369, 0.5317771434783936, -0.10332703590393066], [0.1227191761136055, 0.5839707851409912, 0.8024448752403259, -1.6217693090438843], [-0.946980357170105, -0.17301157116889954, 0.270730584859848, 0.8293564319610596], [0.0, 0.0, 0.0, 1.0]]}, "finger5joint1": {"matrix": [[0.31585633754730225, -0.8467997908592224, 0.4279775619506836, -0.8267953395843506], [0.18002338707447052, 0.49636179208755493, 0.8492444157600403, -1.6401478052139282], [-0.931571900844574, -0.19119325280189514, 0.30922287702560425, 0.785416841506958], [0.0, 0.0, 0.0, 1.0]]}, "finger5joint2": {"matrix": [[0.48646146059036255, -0.5195940136909485, -0.7024078965187073, -1.721246361732483], [0.7970369458198547, 0.5932328701019287, 0.11316411942243576, -1.1158545017242432], [0.3578921854496002, -0.6148951053619385, 0.7027209401130676, 0.5834646821022034], [0.0, 0.0, 0.0, 1.0]]}, "finger5joint3": {"matrix": [[0.47375956177711487, -0.33522406220436096, -0.8143563270568848, -2.0783815383911133], [0.8414933681488037, 0.44500523805618286, 0.30636337399482727, -0.7081048488616943], [0.25969257950782776, -0.8304182887077332, 0.492914617061615, 0.160825714468956], [0.0, 0.0, 0.0, 1.0]]}, "Bone": {"matrix": [[0.7816202640533447, 0.07215655595064163, 0.619566798210144, -1.3416128158569336], [-0.6237532496452332, 0.08860651403665543, 0.7765824198722839, -0.7100288271903992], [0.0011378778144717216, -0.9934496283531189, 0.114264577627182, 0.5592373609542847], [0.0, 0.0, 0.0, 1.0]]}, "finger1joint1": {"matrix": [[0.6699914932250977, -0.7421956062316895, -0.016027633100748062, -1.2815651893615723], [0.015922021120786667, -0.007218664977699518, 0.9998469352722168, -0.63629150390625], [-0.7421978712081909, -0.6701443791389465, 0.006980822887271643, -0.26749908924102783], [0.0, 0.0, 0.0, 1.0]]}, "finger1joint2": {"matrix": [[0.6577674746513367, -0.7423228621482849, -0.12766624987125397, -1.701038122177124], [-0.2891037166118622, -0.4053252935409546, 0.8672543168067932, -0.6403713226318359], [-0.6955291628837585, -0.533543050289154, -0.4812181293964386, -0.6462502479553223], [0.0, 0.0, 0.0, 1.0]]}, "finger1joint3": {"matrix": [[0.6682450771331787, -0.5643267631530762, -0.48475122451782227, -2.019259452819824], [-0.18472209572792053, -0.7570583820343018, 0.6266896724700928, -0.8141276836395264], [-0.7206429243087769, -0.3292381465435028, -0.6101442575454712, -0.8749713897705078], [0.0, 0.0, 0.0, 1.0]]}, "Bone.001": {"matrix": [[0.827204704284668, -0.007559908088296652, 0.5618496537208557, -1.3416129350662231], [-0.4607994854450226, 0.5630796551704407, 0.6860063076019287, -0.7100287675857544], [-0.32155224680900574, -0.8263678550720215, 0.4622986614704132, 0.5592373609542847], [0.0, 0.0, 0.0, 1.0]]}, "finger2joint1": {"matrix": [[0.4147147536277771, -0.3479737937450409, 0.840788722038269, -1.346405029296875], [0.005139202810823917, 0.9248737692832947, 0.38023892045021057, -0.35310178995132446], [-0.909936785697937, -0.15336973965168, 0.38534724712371826, 0.03541630506515503], [0.0, 0.0, 0.0, 1.0]]}, "finger2joint2": {"matrix": [[0.30206623673439026, -0.4974946081638336, 0.8131757974624634, -1.6474541425704956], [0.05359497293829918, 0.8605364561080933, 0.5065609812736511, 0.4470518231391907], [-0.9517790675163269, -0.10943284630775452, 0.28660228848457336, -0.09727136790752411], [0.0, 0.0, 0.0, 1.0]]}, "finger2joint3": {"matrix": [[0.1691354364156723, -0.7022746801376343, 0.6915223598480225, -1.8363114595413208], [0.10646405071020126, 0.7105434536933899, 0.6955522298812866, 0.7737255096435547], [-0.9798256754875183, -0.04402027279138565, 0.19494515657424927, -0.13881386816501617], [0.0, 0.0, 0.0, 1.0]]}, "Bone.002": {"matrix": [[0.5786994099617004, -0.5122262835502625, 0.6346110105514526, -1.3416129350662231], [0.051591210067272186, 0.79958176612854, 0.5983368158340454, -0.7100287675857544], [-0.8139073848724365, -0.3135168254375458, 0.4891439974308014, 0.5592373609542847], [0.0, 0.0, 0.0, 1.0]]}, "finger3joint1": {"matrix": [[0.7941027879714966, -0.027768224477767944, 0.6071487665176392, -1.5575214624404907], [-0.47559255361557007, 0.5936059951782227, 0.6491866111755371, -0.3729970455169678], [-0.37843409180641174, -0.8042764663696289, 0.4581778943538666, 0.42708688974380493], [0.0, 0.0, 0.0, 1.0]]}, "finger3joint2": {"matrix": [[0.7555633783340454, -0.5754518508911133, 0.3130161762237549, -1.5818791389465332], [-0.4005681872367859, -0.027769915759563446, 0.9158458709716797, 0.1477031707763672], [-0.5183328986167908, -0.817363977432251, -0.25148969888687134, -0.2784096598625183], [0.0, 0.0, 0.0, 1.0]]}, "finger3joint3": {"matrix": [[0.6626707911491394, -0.73764568567276, 0.1294071227312088, -1.9542427062988281], [-0.5497534871101379, -0.3617907464504242, 0.7529131174087524, 0.12973380088806152], [-0.5085650086402893, -0.5700756311416626, -0.6452715396881104, -0.8073098063468933], [0.0, 0.0, 0.0, 1.0]]}, "Bone.003": {"matrix": [[0.464478075504303, -0.3398565351963043, 0.817776083946228, -1.3416129350662231], [0.7677978277206421, 0.6147024631500244, -0.18062955141067505, -0.7100287675857544], [-0.44130077958106995, 0.7117852568626404, 0.546457052230835, 0.5592373609542847], [0.0, 0.0, 0.0, 1.0]]}, "finger4joint1": {"matrix": [[0.6575726270675659, -0.16679412126541138, 0.7346957325935364, -1.4872820377349854], [-0.376032292842865, 0.7723674774169922, 0.5119057893753052, -0.44655531644821167], [-0.6528381705284119, -0.6128846406936646, 0.4451678693294525, 0.8643223643302917], [0.0, 0.0, 0.0, 1.0]]}, "finger4joint2": {"matrix": [[0.667640745639801, -0.7176920771598816, 0.19792340695858002, -1.652968406677246], [-0.34827324748039246, -0.06611712276935577, 0.935058057308197, 0.3206828236579895], [-0.6579978466033936, -0.6932145357131958, -0.2940954267978668, 0.2555078864097595], [0.0, 0.0, 0.0, 1.0]]}, "finger4joint3": {"matrix": [[0.7220218777656555, -0.6175676584243774, -0.3119203448295593, -1.9522912502288818], [-0.35521307587623596, -0.7177658081054688, 0.5988616347312927, 0.29310786724090576], [-0.5937235355377197, -0.3215932250022888, -0.7376108765602112, -0.033606186509132385], [0.0, 0.0, 0.0, 1.0]]}}