{"root": {"matrix": [[0.4509594440460205, -0.3196691870689392, -0.8333349823951721, 0.0], [-0.8870636820793152, -0.26383176445961, -0.3788282871246338, 0.0], [-0.09876057505607605, 0.9100573658943176, -0.40254437923431396, 0.0], [0.0, 0.0, 0.0, 1.0]]}, "carpals": {"matrix": [[0.38751280307769775, -0.9003588557243347, 0.197958841919899, 0.800624430179596], [0.753259003162384, 0.43304571509361267, 0.49504736065864563, -2.221724033355713], [-0.5314455628395081, -0.04272294044494629, 0.8460142612457275, 0.7126911282539368], [0.0, 0.0, 0.0, 1.0]]}, "metacarpals": {"matrix": [[0.04111706465482712, -0.6820315718650818, 0.7301658391952515, -0.07631969451904297], [-0.08274197578430176, 0.7259493470191956, 0.6827524304389954, -1.7999398708343506], [-0.9957223534584045, -0.08848818391561508, -0.02658374235033989, 0.671079158782959], [0.0, 0.0, 0.0, 1.0]]}, "finger5joint1": {"matrix": [[0.20910298824310303, -0.7771971821784973, 0.5934984087944031, -0.773115336894989], [-0.11677761375904083, 0.582726240158081, 0.8042342662811279, -1.6520068645477295], [-0.9708958268165588, -0.23747514188289642, 0.031090565025806427, 0.8062324523925781], [0.0, 0.0, 0.0, 1.0]]}, "finger5joint2": {"matrix": [[0.6255387663841248, -0.5914681553840637, -0.5087889432907104, -1.5940473079681396], [0.7776901125907898, 0.5248947739601135, 0.3459521532058716, -1.0364892482757568], [0.062440987676382065, -0.6120866537094116, 0.788321316242218, 0.5553939938545227], [0.0, 0.0, 0.0, 1.0]]}, "finger5joint3": {"matrix": [[0.5946482419967651, -0.5367624759674072, -0.5985641479492188, -2.000584125518799], [0.80306476354599, 0.3609260618686676, 0.4741504192352295, -0.6757105588912964], [-0.03846876323223114, -0.7626386880874634, 0.6456794142723083, 0.13468538224697113], [0.0, 0.0, 0.0, 1.0]]}, "Bone": {"matrix": [[0.6159725189208984, -0.18992501497268677, 0.7645300626754761, -1.1411603689193726], [-0.7851266264915466, -0.06860966980457306, 0.6155228614807129, -0.6665314435958862], [-0.0644490048289299, -0.9793983101844788, -0.19137690961360931, 0.5329245328903198], [0.0, 0.0, 0.0, 1.0]]}, "finger1joint1": {"matrix": [[0.14568454027175903, -0.897121250629425, 0.4170723557472229, -1.2992136478424072], [-0.15881457924842834, 0.39489611983299255, 0.9048947691917419, -0.7236275672912598], [-0.9765007495880127, -0.19806642830371857, -0.08494570851325989, -0.2821185886859894], [0.0, 0.0, 0.0, 1.0]]}, "finger1joint2": {"matrix": [[0.029699595645070076, -0.7463653683662415, -0.6648734211921692, -1.8062471151351929], [-0.43464168906211853, -0.6086329817771912, 0.6638163328170776, -0.5004408359527588], [-0.900113582611084, 0.26926663517951965, -0.3424777090549469, -0.39406147599220276], [0.0, 0.0, 0.0, 1.0]]}, "finger1joint3": {"matrix": [[-0.010425002314150333, -0.2652694284915924, -0.9641179442405701, -2.126201629638672], [-0.3425573408603668, -0.904880940914154, 0.2526748478412628, -0.7613518238067627], [-0.939439058303833, 0.3328998386859894, -0.0814366564154625, -0.2786312997341156], [0.0, 0.0, 0.0, 1.0]]}, "Bone.001": {"matrix": [[0.6009830832481384, -0.1273140013217926, 0.7890565991401672, -1.141160249710083], [-0.6836395263671875, 0.4295719861984253, 0.5900037288665771, -0.6665314435958862], [-0.4140723645687103, -0.8940127491950989, 0.17112863063812256, 0.5329245328903198], [0.0, 0.0, 0.0, 1.0]]}, "finger2joint1": {"matrix": [[0.1097000315785408, -0.20523856580257416, 0.9725445508956909, -1.221862554550171], [-0.1876082867383957, 0.9565871953964233, 0.22303272783756256, -0.394232839345932], [-0.9760987162590027, -0.2069242000579834, 0.06643321365118027, -0.03377547860145569], [0.0, 0.0, 0.0, 1.0]]}, "finger2joint2": {"matrix": [[0.000343692721799016, -0.8485187888145447, 0.5291649699211121, -1.3994245529174805], [-0.12013883143663406, 0.5252971053123474, 0.8423948287963867, 0.4333575963973999], [-0.9927569627761841, -0.06386283040046692, -0.10175956040620804, -0.21279571950435638], [0.0, 0.0, 0.0, 1.0]]}, "finger2joint3": {"matrix": [[-0.144265279173851, -0.9743760228157043, -0.17256493866443634, -1.7215361595153809], [-0.13388241827487946, -0.15356604754924774, 0.9790262579917908, 0.632768988609314], [-0.980440080165863, 0.1643429398536682, -0.10829765349626541, -0.23703910410404205], [0.0, 0.0, 0.0, 1.0]]}, "Bone.002": {"matrix": [[0.32950419187545776, -0.41492676734924316, 0.848093569278717, -1.1411603689193726], [-0.1996850073337555, 0.8473116159439087, 0.49212658405303955, -0.6665314435958862], [-0.9227961897850037, -0.3315093517303467, 0.19633808732032776, 0.5329245328903198], [0.0, 0.0, 0.0, 1.0]]}, "finger3joint1": {"matrix": [[0.5828512907028198, -0.14673638343811035, 0.799220085144043, -1.3160561323165894], [-0.6993657350540161, 0.41019731760025024, 0.5853421092033386, -0.3093811273574829], [-0.41372910141944885, -0.9001147150993347, 0.13646166026592255, 0.39319005608558655], [0.0, 0.0, 0.0, 1.0]]}, "finger3joint2": {"matrix": [[0.5208680033683777, -0.7153795957565308, 0.46575576066970825, -1.4447706937789917], [-0.6478798985481262, 0.0239733699709177, 0.7613649368286133, 0.050436392426490784], [-0.5558308362960815, -0.6983245015144348, -0.45099329948425293, -0.3963739573955536], [0.0, 0.0, 0.0, 1.0]]}, "finger3joint3": {"matrix": [[0.3989832103252411, -0.880588948726654, 0.25568631291389465, -1.9076786041259766], [-0.7646889090538025, -0.16565167903900146, 0.6227439641952515, 0.06594909727573395], [-0.5060266852378845, -0.4439849555492401, -0.7394689917564392, -0.8482459783554077], [0.0, 0.0, 0.0, 1.0]]}, "Bone.003": {"matrix": [[0.4630848169326782, -0.004532079678028822, 0.8863024115562439, -1.1411603689193726], [0.5674266815185547, 0.7697060704231262, -0.2925392985343933, -0.6665314435958862], [-0.680866539478302, 0.6383821964263916, 0.35901084542274475, 0.5329245328903198], [0.0, 0.0, 0.0, 1.0]]}, "finger4joint1": {"matrix": [[0.4287007749080658, -0.36244887113571167, 0.8275544047355652, -1.1431028842926025], [-0.565240740776062, 0.6069687604904175, 0.5586512684822083, -0.3366204798221588], [-0.7047824263572693, -0.7072618007659912, 0.055337127298116684, 0.8065475821495056], [0.0, 0.0, 0.0, 1.0]]}, "finger4joint2": {"matrix": [[0.43617987632751465, -0.8837795853614807, 0.16935338079929352, -1.5031447410583496], [-0.5402854681015015, -0.10670585930347443, 0.8346884846687317, 0.26631736755371094], [-0.719609797000885, -0.45557355880737305, -0.5240362882614136, 0.10398268699645996], [0.0, 0.0, 0.0, 1.0]]}, "finger4joint3": {"matrix": [[0.5056110620498657, -0.8232616186141968, -0.25806498527526855, -1.8717364072799683], [-0.5416978597640991, -0.5357294678688049, 0.6477319598197937, 0.2218143343925476], [-0.6715060472488403, -0.18770723044872284, -0.7168299555778503, -0.08602011948823929], [0.0, 0.0, 0.0, 1.0]]}}