{"root": {"matrix": [[0.5006374716758728, -0.4285122752189636, -0.7521564364433289, 0.0], [-0.8535737991333008, -0.09969432651996613, -0.5113441348075867, 0.0], [0.14413143694400787, 0.8980190753936768, -0.41567760705947876, 5.960464477539063e-08], [0.0, 0.0, 0.0, 1.0]]}, "carpals": {"matrix": [[0.7529664635658264, -0.6580204367637634, -0.0071073127910494804, 0.7973060011863708], [0.403258353471756, 0.4528559446334839, 0.795175313949585, -1.970428705215454], [-0.5200230479240417, -0.601606547832489, 0.6063377261161804, 1.2516783475875854], [0.0, 0.0, 0.0, 1.0]]}, "metacarpals": {"matrix": [[0.11763603240251541, -0.675203263759613, 0.728191077709198, 0.15639811754226685], [-0.33608731627464294, 0.6629410982131958, 0.6689947843551636, -1.5293498039245605], [-0.934455394744873, -0.32343369722366333, -0.14894147217273712, 0.6657171249389648], [0.0, 0.0, 0.0, 1.0]]}, "finger5joint1": {"matrix": [[0.019727027043700218, -0.9478376507759094, 0.3181423246860504, -0.5491150617599487], [-0.10660837590694427, 0.3143959045410156, 0.9432864785194397, -1.3672605752944946], [-0.9941052794456482, -0.05252482742071152, -0.09484528750181198, 0.7063779830932617], [0.0, 0.0, 0.0, 1.0]]}, "finger5joint2": {"matrix": [[0.22404402494430542, -0.7254825234413147, -0.6507525444030762, -1.5502896308898926], [0.9552294611930847, 0.031073622405529022, 0.29422855377197266, -1.035172939300537], [-0.19323644042015076, -0.6875382661819458, 0.6999645233154297, 0.6508974432945251], [0.0, 0.0, 0.0, 1.0]]}, "finger5joint3": {"matrix": [[0.1908232420682907, -0.44629809260368347, -0.8743019700050354, -2.0489392280578613], [0.936305046081543, -0.18474926054477692, 0.29866331815719604, -1.0138148069381714], [-0.29481953382492065, -0.8756056427955627, 0.3826170265674591, 0.1783282607793808], [0.0, 0.0, 0.0, 1.0]]}, "Bone": {"matrix": [[0.6212372779846191, -0.11401506513357162, 0.7752836346626282, -0.8977816700935364], [-0.7610720992088318, -0.3234241008758545, 0.5622860789299011, -0.4943147301673889], [0.18663634359836578, -0.9393600225448608, -0.28769680857658386, 0.16074734926223755], [0.0, 0.0, 0.0, 1.0]]}, "finger1joint1": {"matrix": [[0.25198766589164734, -0.8134039640426636, 0.5242862701416016, -0.9926636815071106], [-0.4110313653945923, 0.40051165223121643, 0.8189280033111572, -0.7634642124176025], [-0.8761023283004761, -0.42185795307159424, -0.2334105223417282, -0.6209765076637268], [0.0, 0.0, 0.0, 1.0]]}, "finger1joint2": {"matrix": [[0.09661733359098434, -0.9465027451515198, 0.30789223313331604, -1.45238196849823], [-0.6487708687782288, 0.17470641434192657, 0.7406575679779053, -0.5371037125587463], [-0.7548253536224365, -0.2713119089603424, -0.5971837639808655, -0.8594014644622803], [0.0, 0.0, 0.0, 1.0]]}, "finger1joint3": {"matrix": [[0.16196075081825256, -0.9769860506057739, -0.13880528509616852, -1.858132243156433], [-0.576397180557251, -0.20783443748950958, 0.7902979254722595, -0.4622099995613098], [-0.8009588122367859, -0.047990307211875916, -0.596792995929718, -0.9757084250450134], [0.0, 0.0, 0.0, 1.0]]}, "Bone.001": {"matrix": [[0.6328470706939697, -0.05949806049466133, 0.7719873189926147, -0.8977816700935364], [-0.7536641359329224, 0.1811901479959488, 0.6317910552024841, -0.49431470036506653], [-0.17746686935424805, -0.9816464781761169, 0.06982414424419403, 0.16074737906455994], [0.0, 0.0, 0.0, 1.0]]}, "finger2joint1": {"matrix": [[0.1847960203886032, -0.5993018746376038, 0.7789015173912048, -0.9354965090751648], [-0.43075940012931824, 0.6629720330238342, 0.6123021245002747, -0.37946122884750366], [-0.8833438754081726, -0.44867023825645447, -0.13564032316207886, -0.4615022838115692], [0.0, 0.0, 0.0, 1.0]]}, "finger2joint2": {"matrix": [[0.057068608701229095, -0.7286549806594849, 0.6824989914894104, -1.453981876373291], [-0.4237744212150574, 0.6012935042381287, 0.6773926615715027, 0.1941082775592804], [-0.903968095779419, -0.3278835117816925, -0.27447038888931274, -0.8496688604354858], [0.0, 0.0, 0.0, 1.0]]}, "finger2joint3": {"matrix": [[-0.08809591084718704, -0.9552876353263855, 0.28224894404411316, -1.7305912971496582], [-0.410831481218338, 0.2929733395576477, 0.8633559942245483, 0.42236918210983276], [-0.907444953918457, -0.03989861160516739, -0.41827207803726196, -0.9741388559341431], [0.0, 0.0, 0.0, 1.0]]}, "Bone.002": {"matrix": [[0.3998933732509613, -0.3905673027038574, 0.8291817903518677, -0.8977817296981812], [-0.42371246218681335, 0.7234203219413757, 0.5450966954231262, -0.4943147301673889], [-0.8127440810203552, -0.5693151950836182, 0.1238028034567833, 0.16074734926223755], [0.0, 0.0, 0.0, 1.0]]}, "finger3joint1": {"matrix": [[0.4569259285926819, -0.28463855385780334, 0.8427333831787109, -1.06240975856781], [-0.6761061549186707, 0.5045093297958374, 0.5369827747344971, -0.1893858015537262], [-0.5780131220817566, -0.815138578414917, 0.03807752951979637, -0.07922470569610596], [0.0, 0.0, 0.0, 1.0]]}, "finger3joint2": {"matrix": [[0.37312939763069153, -0.9197166562080383, 0.12204773724079132, -1.312089443206787], [-0.6081418395042419, -0.14310723543167114, 0.7808223366737366, 0.2531604766845703], [-0.7006695866584778, -0.365570068359375, -0.6127157211303711, -0.7942492961883545], [0.0, 0.0, 0.0, 1.0]]}, "finger3joint3": {"matrix": [[0.3011944890022278, -0.8821302056312561, -0.3621163070201874, -1.9072198867797852], [-0.737127959728241, -0.45629388093948364, 0.4984354078769684, 0.16055861115455627], [-0.6049166321754456, 0.11680008471012115, -0.7876760363578796, -1.0308023691177368], [0.0, 0.0, 0.0, 1.0]]}, "Bone.003": {"matrix": [[0.5124245285987854, -0.055605921894311905, 0.8569300770759583, -0.8977817296981812], [0.38265982270240784, 0.9081340432167053, -0.16989317536354065, -0.49431470036506653], [-0.7687603235244751, 0.4149702489376068, 0.48662835359573364, 0.16074734926223755], [0.0, 0.0, 0.0, 1.0]]}, "finger4joint1": {"matrix": [[0.26102960109710693, -0.6508516073226929, 0.7129204869270325, -0.921615481376648], [-0.4694400429725647, 0.5597312450408936, 0.6828809380531311, -0.1050707995891571], [-0.8434982895851135, -0.5129255056381226, -0.15942935645580292, 0.3386116027832031], [0.0, 0.0, 0.0, 1.0]]}, "finger4joint2": {"matrix": [[0.2597593367099762, -0.9416194558143616, -0.2141907513141632, -1.5681447982788086], [-0.44321173429489136, -0.3133143186569214, 0.8398790955543518, 0.450943261384964], [-0.8579557538032532, -0.12323456257581711, -0.4987231194972992, -0.17090752720832825], [0.0, 0.0, 0.0, 1.0]]}, "finger4joint3": {"matrix": [[0.3402387797832489, -0.595670223236084, -0.7276086807250977, -1.9608592987060547], [-0.4278719425201416, -0.7871000170707703, 0.4442955553531647, 0.3202715218067169], [-0.8373546004295349, 0.16015677154064178, -0.5226725339889526, -0.222304105758667], [0.0, 0.0, 0.0, 1.0]]}}