{"root": {"matrix": [[0.362962007522583, -0.9297816753387451, 0.061356689780950546, -5.960464477539063e-08], [0.21666333079338074, 0.020170431584119797, -0.9760379791259766, 0.0], [0.9062646627426147, 0.36755844950675964, 0.20877061784267426, 0.0], [0.0, 0.0, 0.0, 1.0]]}, "carpals": {"matrix": [[0.14904959499835968, -0.5696254968643188, -0.8082764148712158, -0.09615445137023926], [0.9445153474807739, -0.15994633734226227, 0.2868933081626892, 0.619454026222229], [-0.29270243644714355, -0.8061908483505249, 0.5141801834106445, 2.3857946395874023], [0.0, 0.0, 0.0, 1.0]]}, "metacarpals": {"matrix": [[0.38405758142471313, -0.8004509806632996, -0.46019312739372253, -0.6509662866592407], [0.8347052931785583, 0.08795161545276642, 0.5436280965805054, 0.46366721391677856], [-0.39467281103134155, -0.5929100513458252, 0.7019192576408386, 1.600569725036621], [0.0, 0.0, 0.0, 1.0]]}, "finger5joint1": {"matrix": [[-0.1562269777059555, -0.6042406558990479, -0.7813360691070557, -0.9858394265174866], [0.7081206440925598, -0.6199994087219238, 0.3378843367099762, 0.143765389919281], [-0.6885911822319031, -0.500493586063385, 0.5247360467910767, 1.0427188873291016], [0.0, 0.0, 0.0, 1.0]]}, "finger5joint2": {"matrix": [[-0.8037989139556885, -0.5824511647224426, 0.12106747925281525, -1.624082088470459], [0.3061562776565552, -0.5794962644577026, -0.7552828192710876, -0.5111227035522461], [0.5100737810134888, -0.5700298547744751, 0.6441195011138916, 0.5140613913536072], [0.0, 0.0, 0.0, 1.0]]}, "finger5joint3": {"matrix": [[-0.8601043820381165, -0.5096058249473572, -0.02284168265759945, -2.024421215057373], [0.2918352484703064, -0.4548414945602417, -0.841398298740387, -0.9094309210777283], [0.4183923602104187, -0.7303563952445984, 0.5399320125579834, 0.12225987017154694], [0.0, 0.0, 0.0, 1.0]]}, "Bone": {"matrix": [[0.8861839175224304, 0.31392166018486023, -0.3407799005508423, -1.9006924629211426], [-0.003621457377448678, 0.7401667237281799, 0.6724135875701904, 0.6009840965270996], [0.4633190333843231, -0.5946479439735413, 0.6570608019828796, 0.674872636795044], [0.0, 0.0, 0.0, 1.0]]}, "finger1joint1": {"matrix": [[0.5050802230834961, -0.5842999815940857, -0.635206401348114, -1.6394507884979248], [0.8287437558174133, 0.12283244729042053, 0.5459816455841064, 1.2169417142868042], [-0.24099305272102356, -0.8021878004074097, 0.5462753772735596, 0.18001392483711243], [0.0, 0.0, 0.0, 1.0]]}, "finger1joint2": {"matrix": [[0.6860755085945129, -0.41017815470695496, -0.6008777618408203, -1.9696846008300781], [0.6205410361289978, -0.10120920836925507, 0.7776152491569519, 1.286363959312439], [-0.37977516651153564, -0.9063720107078552, 0.1850954294204712, -0.2733652591705322], [0.0, 0.0, 0.0, 1.0]]}, "finger1joint3": {"matrix": [[0.6362794637680054, -0.06112447753548622, -0.7690331935882568, -2.1455211639404297], [0.6993952989578247, -0.3749852776527405, 0.6084672212600708, 1.242977261543274], [-0.32556840777397156, -0.9250133037567139, -0.19584503769874573, -0.6619120836257935], [0.0, 0.0, 0.0, 1.0]]}, "Bone.001": {"matrix": [[0.8933757543563843, -0.15935258567333221, -0.4201025366783142, -1.9006924629211426], [0.32631006836891174, 0.8728551268577576, 0.36282992362976074, 0.6009842157363892], [0.30887076258659363, -0.4612269997596741, 0.831786036491394, 0.674872636795044], [0.0, 0.0, 0.0, 1.0]]}, "finger2joint1": {"matrix": [[0.5094591379165649, -0.40738222002983093, -0.7579516768455505, -2.0017032623291016], [0.8098095655441284, -0.07085461914539337, 0.5823983550071716, 1.1542726755142212], [-0.2909630239009857, -0.9105047583580017, 0.29380467534065247, 0.3825083374977112], [0.0, 0.0, 0.0, 1.0]]}, "finger2joint2": {"matrix": [[0.5383868217468262, -0.014144756831228733, -0.8425789475440979, -2.35414981842041], [0.7427834868431091, -0.4642730951309204, 0.4824139177799225, 1.092972993850708], [-0.3980103135108948, -0.885578989982605, -0.2394518405199051, -0.4052138924598694], [0.0, 0.0, 0.0, 1.0]]}, "finger2joint3": {"matrix": [[0.6063302755355835, 0.37890729308128357, -0.6991369128227234, -2.3595194816589355], [0.638534426689148, -0.7559911012649536, 0.14405222237110138, 0.9167272448539734], [-0.4739588499069214, -0.5337663888931274, -0.700325608253479, -0.7413941621780396], [0.0, 0.0, 0.0, 1.0]]}, "Bone.002": {"matrix": [[0.5357316136360168, -0.7799254655838013, -0.3235856592655182, -1.9006925821304321], [0.836747944355011, 0.4389194846153259, 0.3274179697036743, 0.6009840965270996], [-0.11333347856998444, -0.44616758823394775, 0.887744128704071, 0.6748725771903992], [0.0, 0.0, 0.0, 1.0]]}, "finger3joint1": {"matrix": [[0.47432151436805725, -0.3114604949951172, -0.8234144449234009, -2.2294387817382812], [0.8240751028060913, -0.17196491360664368, 0.5397484302520752, 0.7859930992126465], [-0.3097085952758789, -0.9345694780349731, 0.17510037124156952, 0.4868084788322449], [0.0, 0.0, 0.0, 1.0]]}, "finger3joint2": {"matrix": [[0.4506864547729492, 0.24143031239509583, -0.8594143390655518, -2.5026462078094482], [0.7649496793746948, -0.6007030606269836, 0.2323959320783615, 0.6351486444473267], [-0.4601452648639679, -0.7621464133262634, -0.45541059970855713, -0.33297863602638245], [0.0, 0.0, 0.0, 1.0]]}, "finger3joint3": {"matrix": [[0.600206196308136, 0.46764472126960754, -0.6488919854164124, -2.346421480178833], [0.684216320514679, -0.7203562259674072, 0.11373229324817657, 0.24644552171230316], [-0.41424694657325745, -0.5122454166412354, -0.7523322105407715, -0.826148509979248], [0.0, 0.0, 0.0, 1.0]]}, "Bone.003": {"matrix": [[-0.21770092844963074, -0.9056890606880188, 0.3637767732143402, -1.9006924629211426], [0.9606096744537354, -0.2647869288921356, -0.0843619704246521, 0.6009841561317444], [0.1727292388677597, 0.3310818374156952, 0.9276579022407532, 0.6748725771903992], [0.0, 0.0, 0.0, 1.0]]}, "finger4joint1": {"matrix": [[0.378421813249588, -0.5510345101356506, -0.7437456250190735, -2.288888454437256], [0.8323853015899658, -0.14887931942939758, 0.5338253378868103, 0.48749130964279175], [-0.404884397983551, -0.8210940957069397, 0.4023340344429016, 0.8167807459831238], [0.0, 0.0, 0.0, 1.0]]}, "finger4joint2": {"matrix": [[0.3512584865093231, 0.6465726494789124, -0.6771712303161621, -2.836263418197632], [0.8389067053794861, -0.538507878780365, -0.07902203500270844, 0.33960068225860596], [-0.41575539112091064, -0.5403265953063965, -0.7315695881843567, 0.0011395066976547241], [0.0, 0.0, 0.0, 1.0]]}, "finger4joint3": {"matrix": [[0.3061642050743103, 0.9506004452705383, 0.051204368472099304, -2.5666019916534424], [0.8818331956863403, -0.2629300653934479, -0.39145588874816895, 0.11500903218984604], [-0.35865479707717896, 0.16500329971313477, -0.918770968914032, -0.22421064972877502], [0.0, 0.0, 0.0, 1.0]]}}