{"root": {"matrix": [[0.10087497532367706, -0.8929241895675659, 0.43876028060913086, -5.960464477539063e-08], [0.6246853470802307, -0.28639334440231323, -0.7264620065689087, -2.9802322387695312e-08], [0.7743335962295532, 0.34736892580986023, 0.5289067029953003, 0.0], [0.0, 0.0, 0.0, 1.0]]}, "carpals": {"matrix": [[-0.27116867899894714, -0.2977839410305023, -0.9153098464012146, -0.6952108144760132], [0.8350297808647156, -0.5457552671432495, -0.06983070820569992, 1.2140566110610962], [-0.4787406027317047, -0.7832468152046204, 0.3966502249240875, 2.0316824913024902], [0.0, 0.0, 0.0, 1.0]]}, "metacarpals": {"matrix": [[0.09351103007793427, -0.8492909669876099, -0.5195770859718323, -0.9852504730224609], [0.9389875531196594, -0.09826423227787018, 0.3296155333518982, 0.6824942827224731], [-0.3309953212738037, -0.518699049949646, 0.7882848381996155, 1.268804907798767], [0.0, 0.0, 0.0, 1.0]]}, "finger5joint1": {"matrix": [[-0.19017286598682404, -0.43019071221351624, -0.8824794292449951, -1.2725857496261597], [0.9017261266708374, -0.4320013225078583, 0.01627134531736374, 0.3260646462440491], [-0.38823202252388, -0.7926603555679321, 0.47006916999816895, 0.7066027522087097], [0.0, 0.0, 0.0, 1.0]]}, "finger5joint2": {"matrix": [[-0.8540169596672058, -0.4677053987979889, 0.2278292030096054, -1.7269845008850098], [0.0033791987225413322, -0.44290468096733093, -0.8965622186660767, -0.1302463412284851], [0.5202337503433228, -0.7649093270301819, 0.3798285126686096, -0.13066238164901733], [0.0, 0.0, 0.0, 1.0]]}, "finger5joint3": {"matrix": [[-0.9051921367645264, -0.41253533959388733, 0.10218201577663422, -2.048454523086548], [0.011371253058314323, -0.26384976506233215, -0.9644966125488281, -0.43467026948928833], [0.4248497784137726, -0.8718928098678589, 0.24352572858333588, -0.6564114093780518], [0.0, 0.0, 0.0, 1.0]]}, "Bone": {"matrix": [[0.8944040536880493, 0.032541751861572266, -0.44607415795326233, -2.3112294673919678], [0.21389147639274597, 0.8447880148887634, 0.4904932379722595, 0.5290765166282654], [0.3927995264530182, -0.5341106057167053, 0.74862140417099, 0.45897170901298523], [0.0, 0.0, 0.0, 1.0]]}, "finger1joint1": {"matrix": [[0.40409812331199646, -0.44892728328704834, -0.7969747185707092, -2.284148693084717], [0.9089162945747375, 0.2950226366519928, 0.29467400908470154, 1.2320986986160278], [0.10283832252025604, -0.8434605002403259, 0.5272554755210876, 0.014491468667984009], [0.0, 0.0, 0.0, 1.0]]}, "finger1joint2": {"matrix": [[0.6364526748657227, 0.21785348653793335, -0.7399105429649353, -2.537872791290283], [0.7699592709541321, -0.23631148040294647, 0.5927221775054932, 1.3988391160964966], [-0.045722845941782, -0.9469406008720398, -0.31813931465148926, -0.4622141718864441], [0.0, 0.0, 0.0, 1.0]]}, "finger1joint3": {"matrix": [[0.5498244762420654, 0.7741632461547852, -0.3136306405067444, -2.4444825649261475], [0.8341760039329529, -0.528221070766449, 0.15853384137153625, 1.2975362539291382], [-0.0429353266954422, -0.34878894686698914, -0.9362171292304993, -0.8681520223617554], [0.0, 0.0, 0.0, 1.0]]}, "Bone.001": {"matrix": [[0.7934421300888062, -0.4427887797355652, -0.4175972044467926, -2.311229705810547], [0.5433266162872314, 0.8245019316673279, 0.15809036791324615, 0.5290764570236206], [0.2743090093135834, -0.3523271977901459, 0.894773542881012, 0.45897170901298523], [0.0, 0.0, 0.0, 1.0]]}, "finger2joint1": {"matrix": [[0.2492409348487854, -0.19419297575950623, -0.9487717151641846, -2.5919058322906494], [0.9543179273605347, -0.1174553781747818, 0.274738609790802, 1.0517147779464722], [-0.16479064524173737, -0.9739059805870056, 0.15604723989963531, 0.23563730716705322], [0.0, 0.0, 0.0, 1.0]]}, "finger2joint2": {"matrix": [[0.3172661364078522, 0.48161831498146057, -0.8169367909431458, -2.7599120140075684], [0.9102962613105774, -0.3961983919143677, 0.1199478805065155, 0.9500983953475952], [-0.26589998602867126, -0.7817098498344421, -0.564115583896637, -0.6069364547729492], [0.0, 0.0, 0.0, 1.0]]}, "finger2joint3": {"matrix": [[0.44213083386421204, 0.8404613733291626, -0.31328052282333374, -2.5770819187164307], [0.8444626331329346, -0.5077699422836304, -0.1704477071762085, 0.7996950149536133], [-0.3023291826248169, -0.18919356167316437, -0.9342389106750488, -0.9036864042282104], [0.0, 0.0, 0.0, 1.0]]}, "Bone.002": {"matrix": [[0.266446053981781, -0.9126874804496765, -0.3098513185977936, -2.3112294673919678], [0.9617781043052673, 0.23069436848163605, 0.14752282202243805, 0.5290765166282654], [-0.06316129118204117, -0.3373149335384369, 0.9392704367637634, 0.45897170901298523], [0.0, 0.0, 0.0, 1.0]]}, "finger3joint1": {"matrix": [[0.17705073952674866, -0.2388058602809906, -0.9547903537750244, -2.695936679840088], [0.9451360702514648, -0.2293546348810196, 0.23262514173984528, 0.626316487789154], [-0.2745378315448761, -0.9435930252075195, 0.18509672582149506, 0.31679004430770874], [0.0, 0.0, 0.0, 1.0]]}, "finger3joint2": {"matrix": [[0.1739669144153595, 0.6610531806945801, -0.729893147945404, -2.9054126739501953], [0.8872349262237549, -0.4268032908439636, -0.17508067190647125, 0.42513084411621094], [-0.42725837230682373, -0.6171284317970276, -0.6607590317726135, -0.510912299156189], [0.0, 0.0, 0.0, 1.0]]}, "finger3joint3": {"matrix": [[0.3268115520477295, 0.8709149956703186, -0.36701658368110657, -2.4776580333709717], [0.8817581534385681, -0.4207465946674347, -0.21324855089187622, 0.1489548534154892], [-0.34014227986335754, -0.2539278566837311, -0.9054410457611084, -0.9102439284324646], [0.0, 0.0, 0.0, 1.0]]}, "Bone.003": {"matrix": [[-0.458364874124527, -0.7571297883987427, 0.46546319127082825, -2.3112294673919678], [0.8401376008987427, -0.5399702787399292, -0.05099881812930107, 0.5290765166282654], [0.28994905948638916, 0.36767712235450745, 0.8835965394973755, 0.45897167921066284], [0.0, 0.0, 0.0, 1.0]]}, "finger4joint1": {"matrix": [[0.09094686061143875, -0.27074071764945984, -0.9583463668823242, -2.6357500553131104], [0.9367815256118774, -0.30325666069984436, 0.17457284033298492, 0.29763472080230713], [-0.3378888666629791, -0.9136379957199097, 0.22604475915431976, 0.6165652275085449], [0.0, 0.0, 0.0, 1.0]]}, "finger4joint2": {"matrix": [[0.06619394570589066, 0.9613287448883057, -0.2673294246196747, -2.9046928882598877], [0.9327799677848816, -0.15475375950336456, -0.3255341649055481, -0.003608003258705139], [-0.35431554913520813, -0.22781124711036682, -0.9069520235061646, -0.2910052537918091], [0.0, 0.0, 0.0, 1.0]]}, "finger4joint3": {"matrix": [[-0.010042975656688213, 0.7899575233459473, 0.6130790114402771, -2.503758430480957], [0.9470776915550232, 0.20423877239227295, -0.24764908850193024, -0.06815005838871002], [-0.32084670662879944, 0.5781462788581848, -0.7502024173736572, -0.3860168755054474], [0.0, 0.0, 0.0, 1.0]]}}