{"root": {"matrix": [[0.3224833607673645, -0.8795933723449707, 0.3497427701950073, 0.0], [0.5771980881690979, -0.1101147010922432, -0.8091459274291992, 0.0], [0.7502312660217285, 0.46280694007873535, 0.47218936681747437, 0.0], [0.0, 0.0, 0.0, 1.0]]}, "carpals": {"matrix": [[-0.5313756465911865, -0.36626216769218445, -0.7638662457466125, -0.170992910861969], [0.8332377672195435, -0.38863882422447205, -0.3932868540287018, 1.2885055541992188], [-0.15282189846038818, -0.8454653024673462, 0.5116967558860779, 2.0965447425842285], [0.0, 0.0, 0.0, 1.0]]}, "metacarpals": {"matrix": [[-0.7232546210289001, -0.5658694505691528, -0.39584630727767944, -0.5277300477027893], [0.6897192001342773, -0.5632680654525757, -0.45499059557914734, 0.9099737405776978], [0.034497786313295364, -0.6020967960357666, 0.797677218914032, 1.273066759109497], [0.0, 0.0, 0.0, 1.0]]}, "finger5joint1": {"matrix": [[-0.7399706840515137, -0.6097574830055237, -0.2839699685573578, -0.5609097480773926], [0.6725783944129944, -0.6764049530029297, -0.30019092559814453, 0.6546802520751953], [-0.009034888818860054, -0.4131244719028473, 0.9106295108795166, 0.5952768921852112], [0.0, 0.0, 0.0, 1.0]]}, "finger5joint2": {"matrix": [[-0.2742924392223358, -0.9426218867301941, 0.19033366441726685, -1.204979658126831], [-0.280050128698349, -0.11104676127433777, -0.9535409212112427, -0.0597875639796257], [0.9199646711349487, -0.314851850271225, -0.2335222065448761, 0.15890496969223022], [0.0, 0.0, 0.0, 1.0]]}, "finger5joint3": {"matrix": [[-0.37115418910980225, -0.8846771717071533, -0.2821173369884491, -1.852876901626587], [-0.23627091944217682, 0.3837938904762268, -0.8926802277565002, -0.13611391186714172], [0.8980088829994202, -0.26466572284698486, -0.3514702022075653, -0.05750374495983124], [0.0, 0.0, 0.0, 1.0]]}, "Bone": {"matrix": [[0.4787873327732086, -0.7348076701164246, -0.4804374873638153, -1.4112093448638916], [0.6994811296463013, 0.649989664554596, -0.29705125093460083, 0.03055596351623535], [0.5305548906326294, -0.19383250176906586, 0.8251909017562866, 0.3330265283584595], [0.0, 0.0, 0.0, 1.0]]}, "finger1joint1": {"matrix": [[-0.47437363862991333, -0.3795323371887207, -0.7943076491355896, -2.022707223892212], [0.7463979721069336, 0.30499911308288574, -0.5914942622184753, 0.5714693069458008], [0.46675437688827515, -0.8734588623046875, 0.13859869539737701, 0.17172151803970337], [0.0, 0.0, 0.0, 1.0]]}, "finger1joint2": {"matrix": [[-0.20232994854450226, -0.09752339124679565, -0.9744493961334229, -2.237210750579834], [0.8847914934158325, 0.408300518989563, -0.2245766520500183, 0.7438481450080872], [0.41976964473724365, -0.9076230525970459, 0.003676549531519413, -0.32193854451179504], [0.0, 0.0, 0.0, 1.0]]}, "finger1joint3": {"matrix": [[-0.29626038670539856, 0.3117722272872925, -0.9027888178825378, -2.279017210006714], [0.8419209718704224, 0.5315771102905273, -0.09270907938480377, 0.9188799262046814], [0.4509977698326111, -0.7875427603721619, -0.41997265815734863, -0.7110216021537781], [0.0, 0.0, 0.0, 1.0]]}, "Bone.001": {"matrix": [[0.14176447689533234, -0.9734143018722534, -0.17990857362747192, -1.4112093448638916], [0.8379160761833191, 0.21476885676383972, -0.501767635345459, 0.030555933713912964], [0.5270665884017944, -0.07961536943912506, 0.8460861444473267, 0.3330265283584595], [0.0, 0.0, 0.0, 1.0]]}, "finger2joint1": {"matrix": [[-0.04593730717897415, -0.8678759932518005, -0.4946520924568176, -2.02824068069458], [0.683390736579895, 0.3338657319545746, -0.6492384672164917, 0.16669440269470215], [0.7286059260368347, -0.36786484718322754, 0.5777615904808044, 0.28255969285964966], [0.0, 0.0, 0.0, 1.0]]}, "finger2joint2": {"matrix": [[-0.07832298427820206, 0.4289654791355133, -0.899918794631958, -2.7790825366973877], [0.7678441405296326, 0.601685106754303, 0.2199779748916626, 0.45553797483444214], [0.635830819606781, -0.6737680435180664, -0.37650424242019653, -0.03569820523262024], [0.0, 0.0, 0.0, 1.0]]}, "finger2joint3": {"matrix": [[0.0521208718419075, 0.9235602617263794, 0.3798939883708954, -2.6162405014038086], [0.8090408444404602, -0.2620604634284973, 0.526095986366272, 0.6839475035667419], [0.5854366421699524, 0.2799290120601654, -0.7608569264411926, -0.29147160053253174], [0.0, 0.0, 0.0, 1.0]]}, "Bone.002": {"matrix": [[-0.5742995738983154, -0.8130605816841125, -0.09545795619487762, -1.411209225654602], [0.7581324577331543, -0.4842226803302765, -0.4367649257183075, 0.030555933713912964], [0.3088935315608978, -0.32320356369018555, 0.8944964408874512, 0.33302655816078186], [0.0, 0.0, 0.0, 1.0]]}, "finger3joint1": {"matrix": [[-0.6637407541275024, -0.682449221611023, 0.3061226010322571, -1.753922462463379], [0.7415769696235657, -0.6538006663322449, 0.15036092698574066, -0.17354881763458252], [0.09752961248159409, 0.3268141746520996, 0.9400426149368286, 0.19679298996925354], [0.0, 0.0, 0.0, 1.0]]}, "finger3joint2": {"matrix": [[-0.7746704816818237, -0.150502011179924, -0.6141942143440247, -2.3525543212890625], [0.6224687099456787, -0.01032500620931387, -0.7825766205787659, -0.7470507025718689], [0.11143795400857925, -0.9885556101799011, 0.10168139636516571, 0.48346832394599915], [0.0, 0.0, 0.0, 1.0]]}, "finger3joint3": {"matrix": [[-0.6668521165847778, 0.7442768812179565, -0.036875829100608826, -2.449941396713257], [0.7439155578613281, 0.6677889823913574, 0.025448646396398544, -0.7537317872047424], [0.04356624558568001, -0.01046219002455473, -0.9989956617355347, -0.15620650351047516], [0.0, 0.0, 0.0, 1.0]]}, "Bone.003": {"matrix": [[-0.8529796004295349, 0.019964372739195824, 0.5215620398521423, -1.411209225654602], [0.021941229701042175, -0.9970133900642395, 0.07404700666666031, 0.030555903911590576], [0.5214827060699463, 0.07460428029298782, 0.8499940037727356, 0.33302655816078186], [0.0, 0.0, 0.0, 1.0]]}, "finger4joint1": {"matrix": [[-0.7043987512588501, -0.5795586109161377, -0.40979722142219543, -1.4026522636413574], [0.7080764174461365, -0.5334847569465637, -0.462624728679657, -0.39678335189819336], [0.04949772730469704, -0.6160399913787842, 0.7861579060554504, 0.36500340700149536], [0.0, 0.0, 0.0, 1.0]]}, "finger4joint2": {"matrix": [[-0.72528076171875, -0.360300749540329, -0.5866435170173645, -1.9783620834350586], [0.6865957379341125, -0.3160024881362915, -0.6547735929489136, -0.9267252683639526], [0.05053473263978958, -0.8776817321777344, 0.4765716791152954, -0.2469455599784851], [0.0, 0.0, 0.0, 1.0]]}, "finger4joint3": {"matrix": [[-0.684160590171814, -0.23576901853084564, -0.6901715397834778, -2.1286301612854004], [0.7199922204017639, -0.06738259643316269, -0.6907029747962952, -1.0585181713104248], [0.11634095758199692, -0.9694699645042419, 0.2158525437116623, -0.6129939556121826], [0.0, 0.0, 0.0, 1.0]]}}