{"root": {"matrix": [[0.4793504476547241, -0.7798842191696167, 0.402496874332428, 0.0], [0.6831215023994446, 0.04364052042365074, -0.7289996147155762, 0.0], [0.550970196723938, 0.6244006156921387, 0.5536747574806213, 0.0], [0.0, 0.0, 0.0, 1.0]]}, "carpals": {"matrix": [[-0.2947036623954773, -0.5158670544624329, -0.8043821454048157, 0.27542394399642944], [0.8464463353157043, -0.5315823554992676, 0.03080012835562229, 1.6695363521575928], [-0.4434841275215149, -0.6717894077301025, 0.5933131575584412, 1.7949305772781372], [0.0, 0.0, 0.0, 1.0]]}, "metacarpals": {"matrix": [[-0.14438018202781677, -0.8903618454933167, -0.43175211548805237, -0.22702741622924805], [0.916998565196991, -0.2843526601791382, 0.2797447741031647, 1.1517783403396606], [-0.37184393405914307, -0.3555263578891754, 0.8575154542922974, 1.1406116485595703], [0.0, 0.0, 0.0, 1.0]]}, "finger5joint1": {"matrix": [[-0.39053717255592346, -0.7839595079421997, -0.48258450627326965, -0.5321872234344482], [0.8150275945663452, -0.5381768941879272, 0.2146988809108734, 0.7135273218154907], [-0.4280310273170471, -0.3094716966152191, 0.8491268157958984, 0.6502156257629395], [0.0, 0.0, 0.0, 1.0]]}, "finger5joint2": {"matrix": [[-0.3633368909358978, -0.8775261044502258, -0.31294313073158264, -1.3602619171142578], [0.23080945014953613, 0.24064487218856812, -0.9427708387374878, 0.14506596326828003], [0.902614414691925, -0.41477352380752563, 0.11510630697011948, 0.32332924008369446], [0.0, 0.0, 0.0, 1.0]]}, "finger5joint3": {"matrix": [[-0.42588961124420166, -0.563681423664093, -0.7077291011810303, -1.9634164571762085], [0.30381882190704346, 0.6476992964744568, -0.6986984014511108, 0.3104695677757263], [0.852239191532135, -0.5125898718833923, -0.10459120571613312, 0.038240864872932434], [0.0, 0.0, 0.0, 1.0]]}, "Bone": {"matrix": [[0.8906601071357727, -0.21978524327278137, -0.398018479347229, -1.6171294450759888], [0.39789292216300964, 0.8003808259963989, 0.4484102129936218, 0.7078248858451843], [0.22001232206821442, -0.55774986743927, 0.8003183007240295, 0.5855364203453064], [0.0, 0.0, 0.0, 1.0]]}, "finger1joint1": {"matrix": [[0.10818637162446976, -0.6992504596710205, -0.7066428661346436, -1.800032138824463], [0.9827569127082825, -0.03198912739753723, 0.18211382627487183, 1.373891830444336], [-0.1499481201171875, -0.7141603827476501, 0.6837325692176819, 0.12138387560844421], [0.0, 0.0, 0.0, 1.0]]}, "finger1joint2": {"matrix": [[0.3321555256843567, -0.22327254712581635, -0.9164178967475891, -2.195233106613159], [0.8810890316963196, -0.273357629776001, 0.3859504759311676, 1.3558123111724854], [-0.3366820812225342, -0.935641348361969, 0.10592583566904068, -0.28224411606788635], [0.0, 0.0, 0.0, 1.0]]}, "finger1joint3": {"matrix": [[0.24560587108135223, 0.34530147910118103, -0.9057838320732117, -2.2909464836120605], [0.9250779151916504, -0.3627120554447174, 0.1125650629401207, 1.2386283874511719], [-0.2896699607372284, -0.8655672669410706, -0.4085148572921753, -0.6833381056785583], [0.0, 0.0, 0.0, 1.0]]}, "Bone.001": {"matrix": [[0.7102499604225159, -0.6447978615760803, -0.28245410323143005, -1.6171294450759888], [0.6951284408569336, 0.705737292766571, 0.1368616819381714, 0.7078248858451843], [0.11109021306037903, -0.2935478687286377, 0.9494673609733582, 0.5855364203453064], [0.0, 0.0, 0.0, 1.0]]}, "finger2joint1": {"matrix": [[0.013074563816189766, -0.4900851845741272, -0.8715762495994568, -2.0258562564849854], [0.9579254388809204, -0.24380096793174744, 0.15145868062973022, 1.1551802158355713], [-0.28671881556510925, -0.836885392665863, 0.4662776291370392, 0.3994612991809845], [0.0, 0.0, 0.0, 1.0]]}, "finger2joint2": {"matrix": [[0.04919033497571945, 0.032284967601299286, -0.9982672929763794, -2.4498531818389893], [0.9138404726982117, -0.40481534600257874, 0.0319381058216095, 0.9442560076713562], [-0.4030829071998596, -0.9138281345367432, -0.0494161881506443, -0.3245692253112793], [0.0, 0.0, 0.0, 1.0]]}, "finger2joint3": {"matrix": [[0.14156870543956757, 0.5446019768714905, -0.8266598582267761, -2.4375970363616943], [0.8548447489738464, -0.48836198449134827, -0.1753363460302353, 0.7905815243721008], [-0.4991978406906128, -0.6818438172340393, -0.5346868634223938, -0.6714733839035034], [0.0, 0.0, 0.0, 1.0]]}, "Bone.002": {"matrix": [[0.06384721398353577, -0.9835939407348633, -0.16871921718120575, -1.6171295642852783], [0.9880898594856262, 0.038587287068367004, 0.14896124601364136, 0.7078248858451843], [-0.14000697433948517, -0.1762203425168991, 0.974342942237854, 0.5855364203453064], [0.0, 0.0, 0.0, 1.0]]}, "finger3joint1": {"matrix": [[-0.055210720747709274, -0.512855052947998, -0.8566977977752686, -2.031724214553833], [0.9418681859970093, -0.3115418553352356, 0.1258023977279663, 0.7240897417068481], [-0.33141565322875977, -0.7999505996704102, 0.5002424120903015, 0.5112577676773071], [0.0, 0.0, 0.0, 1.0]]}, "finger3joint2": {"matrix": [[-0.10233414173126221, 0.18617993593215942, -0.9771717190742493, -2.48159122467041], [0.875158965587616, -0.45013439655303955, -0.1774147003889084, 0.4508109986782074], [-0.47288960218429565, -0.8733360767364502, -0.11687278747558594, -0.19044411182403564], [0.0, 0.0, 0.0, 1.0]]}, "finger3joint3": {"matrix": [[0.07281346619129181, 0.5133264064788818, -0.8550987839698792, -2.3611178398132324], [0.8691042065620422, -0.45323655009269714, -0.19807742536067963, 0.1595379263162613], [-0.4892403781414032, -0.7287473082542419, -0.4791356921195984, -0.7555626630783081], [0.0, 0.0, 0.0, 1.0]]}, "Bone.003": {"matrix": [[-0.5541152954101562, -0.567102313041687, 0.6093857288360596, -1.6171294450759888], [0.7596659660339355, -0.6438285112380981, 0.09161009639501572, 0.7078248262405396], [0.3403876721858978, 0.5136922597885132, 0.7875635623931885, 0.5855364203453064], [0.0, 0.0, 0.0, 1.0]]}, "finger4joint1": {"matrix": [[-0.15101538598537445, -0.83733731508255, -0.5254141092300415, -1.8602006435394287], [0.9126841425895691, -0.3222799301147461, 0.25128307938575745, 0.43186745047569275], [-0.3797391355037689, -0.44158947467803955, 0.8128939270973206, 0.8057149052619934], [0.0, 0.0, 0.0, 1.0]]}, "finger4joint2": {"matrix": [[-0.18028774857521057, 0.33175113797187805, -0.9259788990020752, -2.691977024078369], [0.9097386598587036, -0.3017052114009857, -0.28521791100502014, 0.1117277666926384], [-0.37399402260780334, -0.8938203454017639, -0.24741294980049133, 0.3670579791069031], [0.0, 0.0, 0.0, 1.0]]}, "finger4joint3": {"matrix": [[-0.19367574155330658, 0.9173256158828735, -0.3478546738624573, -2.5536160469055176], [0.9357442855834961, 0.06620431691408157, -0.3464091718196869, -0.014102274551987648], [-0.2947404980659485, -0.3925943672657013, -0.8712044954299927, -0.005721300840377808], [0.0, 0.0, 0.0, 1.0]]}}