{"root": {"matrix": [[0.5444710850715637, -0.3922390341758728, 0.741417407989502, 0.0], [0.7823588252067566, 0.5561955571174622, -0.2802876830101013, 5.960464477539063e-08], [-0.3024332523345947, 0.7326630353927612, 0.6097040772438049, 0.0], [0.0, 0.0, 0.0, 1.0]]}, "carpals": {"matrix": [[-0.6779611110687256, -0.5864378809928894, -0.44323694705963135, 0.7640224695205688], [0.5208340287208557, -0.8087128400802612, 0.2733408212661743, 2.3452088832855225], [-0.518748939037323, -0.04553847014904022, 0.8537128567695618, -0.03534922003746033], [0.0, 0.0, 0.0, 1.0]]}, "metacarpals": {"matrix": [[-0.4193792939186096, -0.9077727198600769, -0.008328634314239025, 0.19283545017242432], [0.8412531018257141, -0.39206334948539734, 0.37226250767707825, 1.5575275421142578], [-0.34119516611099243, 0.14911268651485443, 0.9280900359153748, -0.07970339059829712], [0.0, 0.0, 0.0, 1.0]]}, "finger5joint1": {"matrix": [[-0.2966254949569702, -0.8968245387077332, -0.3282051682472229, -0.2481898069381714], [0.9360613822937012, -0.34112802147865295, 0.08614275604486465, 1.0330413579940796], [-0.18921497464179993, -0.28166812658309937, 0.9406703114509583, -0.31652745604515076], [0.0, 0.0, 0.0, 1.0]]}, "finger5joint2": {"matrix": [[-0.3289475440979004, -0.9289632439613342, 0.16976426541805267, -1.1954807043075562], [0.07099005579948425, -0.20358531177043915, -0.9764799475669861, 0.6727172136306763], [0.9416759014129639, -0.30915918946266174, 0.13291609287261963, -0.6140456199645996], [0.0, 0.0, 0.0, 1.0]]}, "finger5joint3": {"matrix": [[-0.42307981848716736, -0.8994235992431641, -0.10972612351179123, -1.8339897394180298], [0.10532540082931519, 0.07145995646715164, -0.9918667078018188, 0.5327858924865723], [0.8999497294425964, -0.4311959147453308, 0.0644989088177681, -0.8265416622161865], [0.0, 0.0, 0.0, 1.0]]}, "Bone": {"matrix": [[0.8295118808746338, -0.5578068494796753, -0.027589844539761543, -1.224449872970581], [0.4843960404396057, 0.6939972639083862, 0.5326613187789917, 0.9454078078269958], [-0.27797484397888184, -0.45521342754364014, 0.845878541469574, 0.15310288965702057], [0.0, 0.0, 0.0, 1.0]]}, "finger1joint1": {"matrix": [[-0.06333837658166885, -0.9471172094345093, -0.3145740330219269, -1.6886495351791382], [0.9623399376869202, -0.14146001636981964, 0.23214370012283325, 1.5229437351226807], [-0.2643669843673706, -0.2880237102508545, 0.9204087853431702, -0.2257201075553894], [0.0, 0.0, 0.0, 1.0]]}, "finger1joint2": {"matrix": [[0.05439888313412666, -0.3554484248161316, -0.9331113696098328, -2.2239396572113037], [0.8486030697822571, -0.476027250289917, 0.23080459237098694, 1.4429936408996582], [-0.5262256860733032, -0.8043968677520752, 0.27573925256729126, -0.38850486278533936], [0.0, 0.0, 0.0, 1.0]]}, "finger1joint3": {"matrix": [[-0.02737625688314438, 0.5839953422546387, -0.8112950325012207, -2.376314640045166], [0.8845041990280151, -0.36397483944892883, -0.29184675216674805, 1.2389286756515503], [-0.4657282829284668, -0.7255836129188538, -0.5065822005271912, -0.7333366274833679], [0.0, 0.0, 0.0, 1.0]]}, "Bone.001": {"matrix": [[0.582486629486084, -0.7918156385421753, 0.1836761236190796, -1.224449872970581], [0.7498341202735901, 0.6106682419776917, 0.25462275743484497, 0.9454078674316406], [-0.31377947330474854, -0.010587744414806366, 0.9494367241859436, 0.15310290455818176], [0.0, 0.0, 0.0, 1.0]]}, "finger2joint1": {"matrix": [[-0.1255401074886322, -0.984092652797699, 0.12570175528526306, -1.7263684272766113], [0.9267075061798096, -0.0710858628153801, 0.3689981997013092, 1.3325004577636719], [-0.354192852973938, 0.16281282901763916, 0.9208904504776001, 0.14639152586460114], [0.0, 0.0, 0.0, 1.0]]}, "finger2joint2": {"matrix": [[-0.22509580850601196, -0.1249726265668869, -0.9662883877754211, -2.5777554512023926], [0.8784000873565674, -0.45515763759613037, -0.1457553654909134, 1.271000623703003], [-0.4215982258319855, -0.8815969228744507, 0.21223004162311554, 0.2872488498687744], [0.0, 0.0, 0.0, 1.0]]}, "finger2joint3": {"matrix": [[-0.1506972461938858, 0.971057653427124, -0.18530191481113434, -2.625196933746338], [0.8298842310905457, 0.02240648679435253, -0.5574852228164673, 1.0982153415679932], [-0.5371984839439392, -0.23779064416885376, -0.8092423677444458, -0.04741979390382767], [0.0, 0.0, 0.0, 1.0]]}, "Bone.002": {"matrix": [[-0.137557715177536, -0.9461436867713928, 0.29306933283805847, -1.2244497537612915], [0.959153413772583, -0.05339992046356201, 0.27780044078826904, 0.9454079270362854], [-0.24718929827213287, 0.31931203603744507, 0.9148427248001099, 0.15310288965702057], [0.0, 0.0, 0.0, 1.0]]}, "finger3joint1": {"matrix": [[-0.32572755217552185, -0.706661581993103, -0.6281166672706604, -1.6232588291168213], [0.8776596784591675, -0.47304779291152954, 0.07706686109304428, 0.9228992462158203], [-0.35158953070640564, -0.526170015335083, 0.7742931842803955, 0.2876961827278137], [0.0, 0.0, 0.0, 1.0]]}, "finger3joint2": {"matrix": [[-0.40875399112701416, -0.06798358261585236, -0.9101088643074036, -2.243129253387451], [0.7881600856781006, -0.5290717482566833, -0.31446266174316406, 0.507950484752655], [-0.46013468503952026, -0.8458493947982788, 0.26984214782714844, -0.17385047674179077], [0.0, 0.0, 0.0, 1.0]]}, "finger3joint3": {"matrix": [[-0.252747505903244, 0.28492850065231323, -0.9246264696121216, -2.2871203422546387], [0.8025830984115601, -0.47197526693344116, -0.36482831835746765, 0.1655985563993454], [-0.5403509140014648, -0.8342991471290588, -0.10938827693462372, -0.7211829423904419], [0.0, 0.0, 0.0, 1.0]]}, "Bone.003": {"matrix": [[-0.42072397470474243, -0.1696024090051651, 0.8911936283111572, -1.2244497537612915], [0.7623892426490784, -0.5985327959060669, 0.2460101842880249, 0.9454078674316406], [0.49168479442596436, 0.7829389572143555, 0.38112032413482666, 0.15310290455818176], [0.0, 0.0, 0.0, 1.0]]}, "finger4joint1": {"matrix": [[-0.4247462749481201, -0.9020849466323853, -0.07637281715869904, -1.2971445322036743], [0.8370898962020874, -0.4234659671783447, 0.3463478088378906, 0.688865065574646], [-0.34477657079696655, 0.08317895978689194, 0.9349920749664307, 0.4886857271194458], [0.0, 0.0, 0.0, 1.0]]}, "finger4joint2": {"matrix": [[-0.4467088282108307, -0.23703043162822723, -0.8627091646194458, -2.1932387351989746], [0.8336946368217468, -0.4601929187774658, -0.3052464425563812, 0.26821133494377136], [-0.3246600925922394, -0.855592668056488, 0.40318334102630615, 0.5713123083114624], [0.0, 0.0, 0.0, 1.0]]}, "finger4joint3": {"matrix": [[-0.4127911627292633, 0.24959668517112732, -0.875959038734436, -2.292095422744751], [0.8734390139579773, -0.16423404216766357, -0.45840051770210266, 0.07628194987773895], [-0.25827762484550476, -0.9543209075927734, -0.15021325647830963, 0.21447637677192688], [0.0, 0.0, 0.0, 1.0]]}}