{"root": {"matrix": [[0.0391240194439888, -0.9862580895423889, -0.16051258146762848, 0.0], [-0.6431701183319092, 0.09808021038770676, -0.759415864944458, 7.450580596923828e-09], [0.7647231221199036, 0.13294830918312073, -0.6304945349693298, 0.0], [0.0, 0.0, 0.0, 1.0]]}, "carpals": {"matrix": [[0.8897997736930847, 0.09454357624053955, -0.4464501142501831, -0.8588417172431946], [0.4172981381416321, 0.22740931808948517, 0.8798561692237854, -1.2731316089630127], [0.18471179902553558, -0.9691987633705139, 0.1628960818052292, 1.930417537689209], [0.0, 0.0, 0.0, 1.0]]}, "metacarpals": {"matrix": [[0.558057427406311, -0.5368014574050903, 0.6327843070030212, -0.7667568325996399], [-0.33447450399398804, 0.5523655414581299, 0.7635565996170044, -1.0516363382339478], [-0.7594067454338074, -0.6377586722373962, 0.12870550155639648, 0.9864237308502197], [0.0, 0.0, 0.0, 1.0]]}, "finger5joint1": {"matrix": [[0.6764760613441467, -0.45262980461120605, 0.5809528827667236, -1.4313197135925293], [-0.380743145942688, 0.460298091173172, 0.801972508430481, -0.9918318390846252], [-0.6304083466529846, -0.7637090682983398, 0.1390451341867447, 0.7027789354324341], [0.0, 0.0, 0.0, 1.0]]}, "finger5joint2": {"matrix": [[0.5979181528091431, -0.2964320182800293, -0.744729220867157, -1.909420132637024], [0.7479459643363953, 0.5404141545295715, 0.38539430499076843, -0.505631685256958], [0.28821924328804016, -0.7874513864517212, 0.5448387861251831, -0.10390585660934448], [0.0, 0.0, 0.0, 1.0]]}, "finger5joint3": {"matrix": [[0.60772305727005, -0.21016451716423035, -0.7658349275588989, -2.113168239593506], [0.7727731466293335, 0.3787349462509155, 0.5092943906784058, -0.13418611884117126], [0.18301305174827576, -0.9013267159461975, 0.3925756812095642, -0.645148754119873], [0.0, 0.0, 0.0, 1.0]]}, "Bone": {"matrix": [[0.5610960125923157, 0.35279369354248047, 0.7488041520118713, -1.6048529148101807], [-0.6599727869033813, -0.3553348183631897, 0.6619461178779602, -0.18924033641815186], [0.49960657954216003, -0.8656060099601746, 0.03345742076635361, -0.009294629096984863], [0.0, 0.0, 0.0, 1.0]]}, "finger1joint1": {"matrix": [[0.6353635191917419, -0.7435852885246277, 0.20831206440925598, -1.3112623691558838], [-0.39330223202705383, -0.07945626229047775, 0.91596919298172, -0.4849455952644348], [-0.6645497679710388, -0.6639032363891602, -0.3429372012615204, -0.7296411991119385], [0.0, 0.0, 0.0, 1.0]]}, "finger1joint2": {"matrix": [[0.5565165877342224, -0.7845026254653931, -0.2735777795314789, -1.7315207719802856], [-0.6518325209617615, -0.6164411902427673, 0.4417174160480499, -0.5298525094985962], [-0.5151733160018921, -0.06749637424945831, -0.8544241189956665, -1.1048649549484253], [0.0, 0.0, 0.0, 1.0]]}, "finger1joint3": {"matrix": [[0.5543538331985474, -0.42829495668411255, -0.7136211395263672, -2.067823886871338], [-0.5806907415390015, -0.8132820129394531, 0.037017446011304855, -0.7941106557846069], [-0.5962299704551697, 0.39387229084968567, -0.6995530128479004, -1.1337995529174805], [0.0, 0.0, 0.0, 1.0]]}, "Bone.001": {"matrix": [[0.7314991354942322, 0.359346866607666, 0.5794640779495239, -1.6048530340194702], [-0.6583197116851807, 0.15091931819915771, 0.7374537587165833, -0.18924036622047424], [0.177549347281456, -0.9209195971488953, 0.34696272015571594, -0.009294629096984863], [0.0, 0.0, 0.0, 1.0]]}, "finger2joint1": {"matrix": [[0.6635614633560181, -0.6025758385658264, 0.4433828294277191, -1.3770687580108643], [-0.42651766538619995, 0.18219919502735138, 0.8859377503395081, -0.09357506781816483], [-0.6146288514137268, -0.7769849300384521, -0.13610871136188507, -0.593050479888916], [0.0, 0.0, 0.0, 1.0]]}, "finger2joint2": {"matrix": [[0.5625253319740295, -0.7299805879592896, -0.38819238543510437, -1.8983865976333618], [-0.48833274841308594, -0.6722255349159241, 0.5564562082290649, 0.06405435502529144], [-0.667155385017395, -0.12345379590988159, -0.7346173524856567, -1.2652581930160522], [0.0, 0.0, 0.0, 1.0]]}, "finger2joint3": {"matrix": [[0.5075070261955261, -0.06828539818525314, -0.8589373826980591, -2.1754989624023438], [-0.6099671125411987, -0.7325548529624939, -0.3021639287471771, -0.1911334991455078], [-0.6085856556892395, 0.6772738695144653, -0.41342875361442566, -1.31212317943573], [0.0, 0.0, 0.0, 1.0]]}, "Bone.002": {"matrix": [[0.7656657099723816, -0.18234965205192566, 0.6168505549430847, -1.6048527956008911], [-0.3781536817550659, 0.6481494903564453, 0.6609854102134705, -0.18924036622047424], [-0.5203419923782349, -0.7393580675125122, 0.4273098409175873, -0.009294629096984863], [0.0, 0.0, 0.0, 1.0]]}, "finger3joint1": {"matrix": [[0.6113184094429016, 0.25487515330314636, 0.7492185831069946, -1.6817151308059692], [-0.3860807418823242, 0.9224640130996704, 0.0012080101296305656, 0.0839611291885376], [-0.6908195614814758, -0.2899971306324005, 0.6623216271400452, -0.3209414780139923], [0.0, 0.0, 0.0, 1.0]]}, "finger3joint2": {"matrix": [[0.6143987774848938, -0.7880554795265198, 0.03850647062063217, -1.4581434726715088], [-0.2351139336824417, -0.13628028333187103, 0.9623662829399109, 0.8931295871734619], [-0.753150463104248, -0.600330114364624, -0.2690129578113556, -0.5753215551376343], [0.0, 0.0, 0.0, 1.0]]}, "finger3joint3": {"matrix": [[0.5593073964118958, -0.6536898016929626, -0.5097694993019104, -1.96807861328125], [-0.40006887912750244, -0.7514511942863464, 0.5246576070785522, 0.8049452900886536], [-0.7260304093360901, -0.08950227499008179, -0.6818130016326904, -0.9637833833694458], [0.0, 0.0, 0.0, 1.0]]}, "Bone.003": {"matrix": [[0.749406635761261, -0.34195083379745483, 0.5669738054275513, -1.6048529148101807], [0.4367416203022003, 0.8989006876945496, -0.03512894734740257, -0.18924033641815186], [-0.4976406693458557, 0.273947149515152, 0.8229864239692688, -0.009294643998146057], [0.0, 0.0, 0.0, 1.0]]}, "finger4joint1": {"matrix": [[0.5517804622650146, -0.7225682735443115, 0.41645315289497375, -1.7514194250106812], [-0.3348540663719177, 0.2653864324092865, 0.9041251540184021, 0.19604596495628357], [-0.7638133764266968, -0.6383296847343445, -0.09551961719989777, 0.10812443494796753], [0.0, 0.0, 0.0, 1.0]]}, "finger4joint2": {"matrix": [[0.5430107712745667, -0.0835595354437828, -0.8355578184127808, -2.469189405441284], [-0.3111613094806671, -0.9442242383956909, -0.10779033601284027, 0.45966997742652893], [-0.7799471616744995, 0.31852439045906067, -0.5387245416641235, -0.5259661078453064], [0.0, 0.0, 0.0, 1.0]]}, "finger4joint3": {"matrix": [[0.5602421760559082, 0.7907089591026306, -0.24679499864578247, -2.5040390491485596], [-0.2299846112728119, -0.13774272799491882, -0.9633968472480774, 0.06586909294128418], [-0.7957608699798584, 0.5964946746826172, 0.10468138754367828, -0.3931214213371277], [0.0, 0.0, 0.0, 1.0]]}}