{"root": {"matrix": [[0.23827339708805084, -0.783064603805542, -0.5744872093200684, -5.960464477539063e-08], [-0.9036082625389099, 0.03806563466787338, -0.4266650974750519, 0.0], [0.3559744954109192, 0.6207743287086487, -0.6985136866569519, 5.960464477539063e-08], [0.0, 0.0, 0.0, 1.0]]}, "carpals": {"matrix": [[0.918669581413269, -0.3930404782295227, -0.03956352919340134, -0.16303986310958862], [0.23506517708301544, 0.4634244740009308, 0.8543896675109863, -1.9582587480545044], [-0.31747502088546753, -0.7942019701004028, 0.5181242823600769, 1.4911824464797974], [0.0, 0.0, 0.0, 1.0]]}, "metacarpals": {"matrix": [[0.2077590972185135, -0.3360677659511566, 0.9186372756958008, -0.5458589196205139], [-0.4538467526435852, 0.7988103032112122, 0.39487311244010925, -1.5068861246109009], [-0.8665212988853455, -0.49895909428596497, 0.013436892069876194, 0.7176345586776733], [0.0, 0.0, 0.0, 1.0]]}, "finger5joint1": {"matrix": [[0.15018047392368317, -0.5016278624534607, 0.8519479036331177, -1.1519945859909058], [-0.2186545431613922, 0.8235296010971069, 0.5234392881393433, -1.1338331699371338], [-0.9641762375831604, -0.2648926079273224, 0.013994922861456871, 0.5794110894203186], [0.0, 0.0, 0.0, 1.0]]}, "finger5joint2": {"matrix": [[0.8632548451423645, -0.45224839448928833, -0.2241920381784439, -1.6818501949310303], [0.50232994556427, 0.813299834728241, 0.29361072182655334, -0.2639615833759308], [0.04955042526125908, -0.3660791516304016, 0.9292632937431335, 0.2996123731136322], [0.0, 0.0, 0.0, 1.0]]}, "finger5joint3": {"matrix": [[0.8282927870750427, -0.48763638734817505, -0.27593737840652466, -1.9926964044570923], [0.5591323971748352, 0.6876735687255859, 0.46311476826667786, 0.2950478494167328], [-0.03607671707868576, -0.5378801822662354, 0.8422486782073975, 0.04799333214759827], [0.0, 0.0, 0.0, 1.0]]}, "Bone": {"matrix": [[0.2852160334587097, -0.00026183054433204234, 0.9584631323814392, -1.0705538988113403], [-0.8898245096206665, -0.3716873526573181, 0.26468923687934875, -0.2597215473651886], [0.3561793565750122, -0.9283578991889954, -0.10624416172504425, -0.06137913465499878], [0.0, 0.0, 0.0, 1.0]]}, "finger1joint1": {"matrix": [[0.4450181722640991, -0.8882203698158264, 0.11411944031715393, -1.0707719326019287], [-0.6045911312103271, -0.20398670434951782, 0.7699730396270752, -0.5690352320671082], [-0.6606271266937256, -0.411647766828537, -0.6277880072593689, -0.8339471220970154], [0.0, 0.0, 0.0, 1.0]]}, "finger1joint2": {"matrix": [[0.40681806206703186, -0.9056511521339417, -0.11956192553043365, -1.5727747678756714], [-0.8061060309410095, -0.4174726605415344, 0.41941532492637634, -0.6843240261077881], [-0.4297579526901245, -0.07424621284008026, -0.899886429309845, -1.0666013956069946], [0.0, 0.0, 0.0, 1.0]]}, "finger1joint3": {"matrix": [[0.42556846141815186, -0.7268532514572144, -0.539050817489624, -1.961012601852417], [-0.7436248660087585, -0.6203429102897644, 0.24939203262329102, -0.8632876873016357], [-0.5156679749488831, 0.2947181761264801, -0.8045046329498291, -1.098429560661316], [0.0, 0.0, 0.0, 1.0]]}, "Bone.001": {"matrix": [[0.37921440601348877, 0.22176720201969147, 0.8983404636383057, -1.0705540180206299], [-0.925289511680603, 0.08465101569890976, 0.3696931302547455, -0.2597215473651886], [0.005940364673733711, -0.9714181423187256, 0.2372998595237732, -0.06137913465499878], [0.0, 0.0, 0.0, 1.0]]}, "finger2joint1": {"matrix": [[0.2277265191078186, -0.6212454438209534, 0.7497963905334473, -0.9299793243408203], [-0.5584641098976135, 0.5474638938903809, 0.6232179403305054, -0.2060626745223999], [-0.7976579070091248, -0.5606577396392822, -0.22227123379707336, -0.6771451234817505], [0.0, 0.0, 0.0, 1.0]]}, "finger2joint2": {"matrix": [[0.10034403949975967, -0.9947163462638855, 0.0216867346316576, -1.4674491882324219], [-0.561861515045166, -0.03866343945264816, 0.8263269662857056, 0.26757514476776123], [-0.8211227655410767, -0.09510194510221481, -0.5627725124359131, -1.1621975898742676], [0.0, 0.0, 0.0, 1.0]]}, "finger2joint3": {"matrix": [[-0.016751378774642944, -0.7406359314918518, -0.6716975569725037, -1.8450597524642944], [-0.6341603398323059, -0.5115112662315369, 0.5798243880271912, 0.25289788842201233], [-0.7730199098587036, 0.4356769025325775, -0.46111351251602173, -1.1982998847961426], [0.0, 0.0, 0.0, 1.0]]}, "Bone.002": {"matrix": [[0.41225665807724, 4.902498403680511e-06, 0.9110677242279053, -1.0705538988113403], [-0.6098958253860474, 0.7428766489028931, 0.2759728729724884, -0.259721577167511], [-0.6768097877502441, -0.6694280505180359, 0.3062589168548584, -0.06137913465499878], [0.0, 0.0, 0.0, 1.0]]}, "finger3joint1": {"matrix": [[0.2698286771774292, -0.21622781455516815, 0.9383165836334229, -1.070551872253418], [-0.5906745195388794, 0.732412576675415, 0.3386371433734894, 0.05340838432312012], [-0.7604578733444214, -0.6456136107444763, 0.06990570574998856, -0.3435497283935547], [0.0, 0.0, 0.0, 1.0]]}, "finger3joint2": {"matrix": [[0.19563789665699005, -0.9749079346656799, 0.10620904713869095, -1.2602229118347168], [-0.48011907935142517, -0.000782268587499857, 0.8772028088569641, 0.6958671808242798], [-0.8551090359687805, -0.22260704636573792, -0.4682248532772064, -0.9098701477050781], [0.0, 0.0, 0.0, 1.0]]}, "finger3joint3": {"matrix": [[0.1263776272535324, -0.8903663754463196, -0.4373517334461212, -1.8910666704177856], [-0.6202347874641418, -0.4150024652481079, 0.6656436324119568, 0.6953609585762024], [-0.7741689085960388, 0.18713825941085815, -0.6046830415725708, -1.0539147853851318], [0.0, 0.0, 0.0, 1.0]]}, "Bone.003": {"matrix": [[0.7656503319740295, 0.1489604115486145, 0.6257718205451965, -1.0705540180206299], [0.12350372970104218, 0.9206769466400146, -0.37027087807655334, -0.259721577167511], [-0.6312893629074097, 0.36078330874443054, 0.6865195035934448, -0.06137915700674057], [0.0, 0.0, 0.0, 1.0]]}, "finger4joint1": {"matrix": [[0.20131054520606995, -0.7660357356071472, 0.610461413860321, -1.0067065954208374], [-0.4509711265563965, 0.4807586967945099, 0.7519943714141846, 0.13489842414855957], [-0.8695394396781921, -0.4266848862171173, -0.24867813289165497, 0.09325960278511047], [0.0, 0.0, 0.0, 1.0]]}, "finger4joint2": {"matrix": [[0.19544823467731476, -0.8086399435997009, -0.5548884272575378, -1.7676552534103394], [-0.4252268671989441, -0.5797238945960999, 0.6950551867485046, 0.612464427947998], [-0.8837317228317261, 0.10010610520839691, -0.45716145634651184, -0.33059167861938477], [0.0, 0.0, 0.0, 1.0]]}, "finger4joint3": {"matrix": [[0.27008703351020813, -0.22822923958301544, -0.9353951811790466, -2.1049089431762695], [-0.38568708300590515, -0.9157959222793579, 0.11208344995975494, 0.37068313360214233], [-0.8822119832038879, 0.33049753308296204, -0.3353697657585144, -0.2888411283493042], [0.0, 0.0, 0.0, 1.0]]}}