{"root": {"matrix": [[0.4384055435657501, -0.23086246848106384, -0.8686214089393616, -1.4901161193847656e-08], [-0.7479977011680603, -0.6295333504676819, -0.2102074921131134, 0.0], [-0.49829715490341187, 0.741882860660553, -0.4486755132675171, 0.0], [0.0, 0.0, 0.0, 1.0]]}, "carpals": {"matrix": [[0.420103520154953, -0.9025668501853943, -0.09426583349704742, 0.8631266951560974], [0.8667216300964355, 0.3682859539985657, 0.33639082312583923, -2.284142017364502], [-0.26889848709106445, -0.2230212390422821, 0.9369924664497375, -0.35027605295181274], [0.0, 0.0, 0.0, 1.0]]}, "metacarpals": {"matrix": [[0.022385194897651672, -0.7126845121383667, 0.7011273503303528, -0.015967965126037598], [0.396685928106308, 0.6500657796859741, 0.6481161117553711, -1.92543363571167], [-0.9176812767982483, 0.2636191248893738, 0.2972637414932251, -0.5674974322319031], [0.0, 0.0, 0.0, 1.0]]}, "finger5joint1": {"matrix": [[0.3912658393383026, -0.7680908441543579, 0.5068997144699097, -0.7150241136550903], [0.22211244702339172, 0.6133450269699097, 0.7579403519630432, -1.8906797170639038], [-0.8930715918540955, -0.1839674860239029, 0.41058349609375, -0.3783210813999176], [0.0, 0.0, 0.0, 1.0]]}, "finger5joint2": {"matrix": [[0.5308113694190979, -0.6570853590965271, -0.535236120223999, -1.5263371467590332], [0.7211719751358032, 0.6819338202476501, -0.12196966260671616, -1.2428202629089355], [0.44514018297195435, -0.3212544023990631, 0.8358500599861145, -0.5726408958435059], [0.0, 0.0, 0.0, 1.0]]}, "finger5joint3": {"matrix": [[0.4958091676235199, -0.5950779318809509, -0.632499098777771, -1.9779748916625977], [0.7873010635375977, 0.6153849363327026, 0.038180261850357056, -0.7741032838821411], [0.3665102422237396, -0.5168973803520203, 0.7736192345619202, -0.7934502363204956], [0.0, 0.0, 0.0, 1.0]]}, "Bone": {"matrix": [[0.6457088589668274, -0.2086218148469925, 0.7345317602157593, -1.1286664009094238], [-0.633445680141449, 0.3908078968524933, 0.6678438782691956, -0.9105005264282227], [-0.4263875484466553, -0.8965187668800354, 0.12019748240709305, -0.15591472387313843], [0.0, 0.0, 0.0, 1.0]]}, "finger1joint1": {"matrix": [[0.1292019784450531, -0.9594342708587646, 0.25058454275131226, -1.3022788763046265], [0.3209696114063263, 0.2795616090297699, 0.9048886299133301, -0.5852750539779663], [-0.9382351040840149, -0.03648345172405243, 0.34406909346580505, -0.9019865989685059], [0.0, 0.0, 0.0, 1.0]]}, "finger1joint2": {"matrix": [[0.06593772768974304, -0.6811041235923767, -0.7292114496231079, -1.8445303440093994], [0.024573057889938354, -0.729471743106842, 0.6835691928863525, -0.42727285623550415], [-0.9975210428237915, -0.0629919171333313, -0.03136298432946205, -0.9226062893867493], [0.0, 0.0, 0.0, 1.0]]}, "finger1joint3": {"matrix": [[0.016692349687218666, -0.23627188801765442, -0.971543550491333, -2.1365084648132324], [0.12041934579610825, -0.9641309976577759, 0.2365381419658661, -0.7399853467941284], [-0.9925827383995056, -0.12094095349311829, 0.012358037754893303, -0.9496098756790161], [0.0, 0.0, 0.0, 1.0]]}, "Bone.001": {"matrix": [[0.6188830137252808, -0.16437815129756927, 0.7680907845497131, -1.1286664009094238], [-0.38043463230133057, 0.7927846312522888, 0.47619497776031494, -0.9105005264282227], [-0.6872066259384155, -0.5869174003601074, 0.42810577154159546, -0.1559147834777832], [0.0, 0.0, 0.0, 1.0]]}, "finger2joint1": {"matrix": [[0.10231015831232071, -0.211297407746315, 0.9720523953437805, -1.2328630685806274], [0.29144319891929626, 0.9406667947769165, 0.17380017042160034, -0.40796732902526855], [-0.9511010050773621, 0.2655164897441864, 0.15782098472118378, -0.5279520750045776], [0.0, 0.0, 0.0, 1.0]]}, "finger2joint2": {"matrix": [[-0.0074865808710455894, -0.7927010655403137, 0.6095643639564514, -1.4156668186187744], [0.3580014407634735, 0.567051887512207, 0.7418131828308105, 0.40584954619407654], [-0.9336909055709839, 0.22377850115299225, 0.27954280376434326, -0.2982407808303833], [0.0, 0.0, 0.0, 1.0]]}, "finger2joint3": {"matrix": [[-0.15279412269592285, -0.9851248860359192, -0.07862988114356995, -1.7165889739990234], [0.3529534339904785, -0.1287137269973755, 0.9267449975013733, 0.6211118102073669], [-0.9230804443359375, 0.11384850740432739, 0.3673698604106903, -0.21329079568386078], [0.0, 0.0, 0.0, 1.0]]}, "Bone.002": {"matrix": [[0.316818505525589, -0.45616286993026733, 0.8315896987915039, -1.1286664009094238], [0.27265000343322754, 0.8835495114326477, 0.38079115748405457, -0.9105005264282227], [-0.9084535837173462, 0.10609120875597, 0.4042976498603821, -0.15591475367546082], [0.0, 0.0, 0.0, 1.0]]}, "finger3joint1": {"matrix": [[0.5147038698196411, -0.10687002539634705, 0.8506813049316406, -1.3209437131881714], [-0.365749329328537, 0.870019257068634, 0.33059582114219666, -0.5380755066871643], [-0.7754400372505188, -0.48129522800445557, 0.40871462225914, -0.11119627952575684], [0.0, 0.0, 0.0, 1.0]]}, "finger3joint2": {"matrix": [[0.4579373002052307, -0.7248933911323547, 0.5146094560623169, -1.4146881103515625], [-0.2361244112253189, 0.4588981866836548, 0.8565381169319153, 0.22508931159973145], [-0.857052206993103, -0.5137526392936707, 0.03898145630955696, -0.5333795547485352], [0.0, 0.0, 0.0, 1.0]]}, "finger3joint3": {"matrix": [[0.3283398747444153, -0.9131550192832947, 0.24153843522071838, -1.8837522268295288], [-0.3537379205226898, 0.1182308942079544, 0.9278419613838196, 0.5220332741737366], [-0.8758208751678467, -0.39008885622024536, -0.28419777750968933, -0.8658187985420227], [0.0, 0.0, 0.0, 1.0]]}, "Bone.003": {"matrix": [[0.42452195286750793, -0.021591132506728172, 0.9051601886749268, -1.1286665201187134], [0.8414561748504639, 0.37848541140556335, -0.3856164813041687, -0.9105004668235779], [-0.33426403999328613, 0.9253553152084351, 0.1788433939218521, -0.155914768576622], [0.0, 0.0, 0.0, 1.0]]}, "finger4joint1": {"matrix": [[0.3133823275566101, -0.36283525824546814, 0.8775773048400879, -1.1379207372665405], [-0.02228209748864174, 0.9210642576217651, 0.38877198100090027, -0.7482743859291077], [-0.9493654370307922, -0.14138861000537872, 0.28056052327156067, 0.2407105267047882], [0.0, 0.0, 0.0, 1.0]]}, "finger4joint2": {"matrix": [[0.3218703269958496, -0.9383663535118103, 0.12596774101257324, -1.4983465671539307], [0.006348854396492243, 0.13518407940864563, 0.9907999038696289, 0.16667313873767853], [-0.946762204170227, -0.318109393119812, 0.04946925863623619, 0.10026085376739502], [0.0, 0.0, 0.0, 1.0]]}, "finger4joint3": {"matrix": [[0.39688166975975037, -0.7772513628005981, -0.48822638392448425, -1.8897042274475098], [-0.01940516196191311, -0.5388988852500916, 0.8421465754508972, 0.22305339574813843], [-0.9176643490791321, -0.32475847005844116, -0.22896185517311096, -0.03241075575351715], [0.0, 0.0, 0.0, 1.0]]}}