{"root": {"matrix": [[0.4958159327507019, -0.21074560284614563, -0.8424683213233948, 0.0], [-0.7219158411026001, -0.6392452120780945, -0.26495862007141113, -5.960464477539063e-08], [-0.4827050268650055, 0.7395618557929993, -0.4690885841846466, 0.0], [0.0, 0.0, 0.0, 1.0]]}, "carpals": {"matrix": [[0.460629403591156, -0.8874505162239075, -0.015875758603215218, 1.009709119796753], [0.8580427765846252, 0.44064611196517944, 0.2638053894042969, -2.2285091876983643], [-0.22711867094039917, -0.1351386308670044, 0.9644451141357422, -0.3149917721748352], [0.0, 0.0, 0.0, 1.0]]}, "metacarpals": {"matrix": [[0.023091571405529976, -0.7638312578201294, 0.6450027227401733, 0.14533782005310059], [0.3696635961532593, 0.6059724688529968, 0.7043762803077698, -1.7993223667144775], [-0.9288785457611084, 0.22216884791851044, 0.29635345935821533, -0.446615993976593], [0.0, 0.0, 0.0, 1.0]]}, "finger5joint1": {"matrix": [[0.031220192089676857, -0.8282488584518433, 0.559489905834198, -0.5599423050880432], [0.4331267774105072, 0.5156865119934082, 0.7392349243164062, -1.8081333637237549], [-0.9007920026779175, 0.21925102174282074, 0.37483659386634827, -0.27875494956970215], [0.0, 0.0, 0.0, 1.0]]}, "finger5joint2": {"matrix": [[0.6274959444999695, -0.7239798307418823, -0.2865335941314697, -1.4347985982894897], [0.6731424927711487, 0.6893704533576965, -0.2676694989204407, -1.263427972793579], [0.39131519198417664, -0.024916380643844604, 0.9199190735816956, -0.04716615378856659], [0.0, 0.0, 0.0, 1.0]]}, "finger5joint3": {"matrix": [[0.5719871520996094, -0.7132250666618347, -0.4051421880722046, -1.932415246963501], [0.7482700943946838, 0.6560412049293518, -0.09849443286657333, -0.7895994782447815], [0.3360386788845062, -0.24681828916072845, 0.9089324474334717, -0.0642920583486557], [0.0, 0.0, 0.0, 1.0]]}, "Bone": {"matrix": [[0.7009119391441345, -0.20749391615390778, 0.6823991537094116, -1.0472147464752197], [-0.5989733934402466, 0.3482036888599396, 0.7210996747016907, -0.8532311916351318], [-0.38723763823509216, -0.9141664505004883, 0.11977674067020416, -0.09974867105484009], [0.0, 0.0, 0.0, 1.0]]}, "finger1joint1": {"matrix": [[0.13558650016784668, -0.9845136404037476, 0.1111263707280159, -1.219888687133789], [0.29870936274528503, 0.14756345748901367, 0.9428665637969971, -0.5634604096412659], [-0.9446633458137512, -0.09464557468891144, 0.3140909969806671, -0.8605067729949951], [0.0, 0.0, 0.0, 1.0]]}, "finger1joint2": {"matrix": [[0.11497849225997925, -0.7762374877929688, -0.6198670864105225, -1.776314616203308], [-0.005548395216464996, -0.6244975924491882, 0.7810068130493164, -0.48006072640419006], [-0.9933524131774902, -0.08635971695184708, -0.07611075788736343, -0.9139983654022217], [0.0, 0.0, 0.0, 1.0]]}, "finger1joint3": {"matrix": [[0.08001159131526947, -0.31303611397743225, -0.9463648796081543, -2.109074831008911], [0.09648975729942322, -0.9425177574157715, 0.3199213445186615, -0.7477725744247437], [-0.9921128153800964, -0.116911880671978, -0.04520764574408531, -0.9510194063186646], [0.0, 0.0, 0.0, 1.0]]}, "Bone.001": {"matrix": [[0.664655864238739, -0.20079287886619568, 0.7196628451347351, -1.0472149848937988], [-0.3563840687274933, 0.7613720297813416, 0.541574239730835, -0.8532311916351318], [-0.656675398349762, -0.6164369583129883, 0.43449103832244873, -0.09974876046180725], [0.0, 0.0, 0.0, 1.0]]}, "finger2joint1": {"matrix": [[0.10389222204685211, -0.2849201560020447, 0.9529044032096863, -1.1744941473007202], [0.27563589811325073, 0.9288094639778137, 0.24766403436660767, -0.37060993909835815], [-0.9556311368942261, 0.23692424595355988, 0.17503033578395844, -0.49049806594848633], [0.0, 0.0, 0.0, 1.0]]}, "finger2joint2": {"matrix": [[-0.010806096717715263, -0.7893233895301819, 0.6138824224472046, -1.4209926128387451], [0.334428608417511, 0.5757123231887817, 0.7461316585540771, 0.4329485297203064], [-0.9423590302467346, 0.21336254477500916, 0.25775107741355896, -0.28552329540252686], [0.0, 0.0, 0.0, 1.0]]}, "finger2joint3": {"matrix": [[-0.15607677400112152, -0.9765452146530151, -0.14832141995429993, -1.720632553100586], [0.33023855090141296, -0.19311091303825378, 0.9239319562911987, 0.6514983773231506], [-0.930903971195221, 0.09522287547588348, 0.35263293981552124, -0.2045273780822754], [0.0, 0.0, 0.0, 1.0]]}, "Bone.002": {"matrix": [[0.32499271631240845, -0.519385576248169, 0.7903279662132263, -1.0472149848937988], [0.2669541835784912, 0.8520892262458801, 0.4501989483833313, -0.8532312512397766], [-0.9072569012641907, 0.06466993689537048, 0.41557496786117554, -0.09974875301122665], [0.0, 0.0, 0.0, 1.0]]}, "finger3joint1": {"matrix": [[0.5564266443252563, -0.16682560741901398, 0.8139770030975342, -1.2661410570144653], [-0.3357729911804199, 0.8509377837181091, 0.40393200516700745, -0.4940670132637024], [-0.7600300908088684, -0.4980701506137848, 0.4174689054489136, -0.07248973846435547], [0.0, 0.0, 0.0, 1.0]]}, "finger3joint2": {"matrix": [[0.4910469055175781, -0.7361233830451965, 0.46582746505737305, -1.4124774932861328], [-0.21241015195846558, 0.4174209535121918, 0.8835391998291016, 0.25235986709594727], [-0.8448400497436523, -0.5328057408332825, 0.04861307516694069, -0.5093876719474792], [0.0, 0.0, 0.0, 1.0]]}, "finger3joint3": {"matrix": [[0.3685828149318695, -0.8969114422798157, 0.24432866275310516, -1.8888083696365356], [-0.33698949217796326, 0.11603713035583496, 0.9343303442001343, 0.5224647521972656], [-0.8663628697395325, -0.42671436071395874, -0.2594805657863617, -0.8541557788848877], [0.0, 0.0, 0.0, 1.0]]}, "Bone.003": {"matrix": [[0.37524864077568054, -0.07628960907459259, 0.9237794280052185, -1.0472148656845093], [0.8588345646858215, 0.4035295844078064, -0.3155421316623688, -0.8532312512397766], [-0.34869974851608276, 0.9117804169654846, 0.2169441133737564, -0.09974876046180725], [0.0, 0.0, 0.0, 1.0]]}, "finger4joint1": {"matrix": [[0.337958425283432, -0.4261646866798401, 0.8391469717025757, -1.0799140930175781], [-0.020391548052430153, 0.8880831599235535, 0.45922979712486267, -0.6802706122398376], [-0.9409399628639221, -0.1723121553659439, 0.2914450168609619, 0.2910580635070801], [0.0, 0.0, 0.0, 1.0]]}, "finger4joint2": {"matrix": [[0.34424155950546265, -0.937721848487854, 0.046639081090688705, -1.5032485723495483], [0.0088430754840374, 0.052911095321178436, 0.9985597729682922, 0.20191480219364166], [-0.9388391971588135, -0.3433334231376648, 0.026506511494517326, 0.1198902428150177], [0.0, 0.0, 0.0, 1.0]]}, "finger4joint3": {"matrix": [[0.42027997970581055, -0.76529461145401, -0.48753324151039124, -1.8943376541137695], [-0.010194336995482445, -0.5412376523017883, 0.8408075571060181, 0.223982036113739], [-0.907336950302124, -0.34840455651283264, -0.2352730929851532, -0.0233013778924942], [0.0, 0.0, 0.0, 1.0]]}}