{"root": {"matrix": [[0.5095516443252563, 0.17365583777427673, 0.8427340984344482, 1.4901161193847656e-08], [0.34911689162254333, 0.8534536361694336, -0.3869551420211792, 0.0], [-0.7864314913749695, 0.49138641357421875, 0.37425246834754944, 0.0], [0.0, 0.0, 0.0, 1.0]]}, "carpals": {"matrix": [[-0.6282313466072083, -0.7746375799179077, 0.07253727316856384, 1.2275694608688354], [0.7760977745056152, -0.6305050849914551, -0.011636147275567055, 1.6683969497680664], [0.05474888160824776, 0.048985693603754044, 0.9972977042198181, -1.3395930528640747], [0.0, 0.0, 0.0, 1.0]]}, "metacarpals": {"matrix": [[-0.2551463842391968, -0.7798416614532471, 0.571617841720581, 0.47307705879211426], [0.6868270039558411, -0.5622885823249817, -0.4605432152748108, 1.0542888641357422], [0.6805650591850281, 0.2750965654850006, 0.6790823340415955, -1.2918813228607178], [0.0, 0.0, 0.0, 1.0]]}, "finger5joint1": {"matrix": [[-0.02797054499387741, -0.9581127762794495, 0.2850213646888733, -0.16233015060424805], [0.6848463416099548, -0.2260683923959732, -0.692732572555542, 0.8023459911346436], [0.7281504273414612, 0.17581957578659058, 0.6624833941459656, -1.5336602926254272], [0.0, 0.0, 0.0, 1.0]]}, "finger5joint2": {"matrix": [[0.2737889885902405, -0.9474232792854309, -0.16561366617679596, -1.1743583679199219], [-0.7009738683700562, -0.07866182178258896, -0.7088354229927063, 0.5635561347007751], [0.6585399508476257, 0.3101619780063629, -0.6856560707092285, -1.3479470014572144], [0.0, 0.0, 0.0, 1.0]]}, "finger5joint3": {"matrix": [[0.19284690916538239, -0.9205302000045776, -0.33975493907928467, -1.825555682182312], [-0.6651639342308044, 0.13191215693950653, -0.7349528670310974, 0.509489119052887], [0.7213643193244934, 0.36772602796554565, -0.5868650078773499, -1.1347618103027344], [0.0, 0.0, 0.0, 1.0]]}, "Bone": {"matrix": [[0.6799008846282959, -0.46920108795166016, 0.5635465979576111, -0.7444721460342407], [0.6985398530960083, 0.648223876953125, -0.30306389927864075, 0.17640024423599243], [-0.22310636937618256, 0.5997132658958435, 0.7684838175773621, -0.8623793125152588], [0.0, 0.0, 0.0, 1.0]]}, "finger1joint1": {"matrix": [[-0.014931469224393368, -0.9631855487823486, -0.26842185854911804, -1.1349356174468994], [0.759767472743988, 0.16359029710292816, -0.6292784214019775, 0.7158441543579102], [0.6500232815742493, -0.21333441138267517, 0.7293544411659241, -0.3633052706718445], [0.0, 0.0, 0.0, 1.0]]}, "finger1joint2": {"matrix": [[0.08676755428314209, -0.7801868319511414, -0.6194994449615479, -1.6793073415756226], [0.9118553996086121, 0.3126479387283325, -0.2660280168056488, 0.8083018064498901], [0.4012369215488434, -0.541811466217041, 0.7385452389717102, -0.4838773012161255], [0.0, 0.0, 0.0, 1.0]]}, "finger1joint3": {"matrix": [[0.05214690789580345, -0.429707795381546, -0.9014608263969421, -2.013760566711426], [0.8681387305259705, 0.4656577408313751, -0.1717499941587448, 0.9423288106918335], [0.49357467889785767, -0.7736368775367737, 0.3973284661769867, -0.7161428928375244], [0.0, 0.0, 0.0, 1.0]]}, "Bone.001": {"matrix": [[0.5424880385398865, -0.4612259566783905, 0.7021231651306152, -0.744472324848175], [0.8357308506965637, 0.21153585612773895, -0.5067604780197144, 0.17640022933483124], [0.085207000374794, 0.8616976141929626, 0.5002166032791138, -0.8623791933059692], [0.0, 0.0, 0.0, 1.0]]}, "finger2joint1": {"matrix": [[0.36031457781791687, -0.7188751101493835, 0.5944674611091614, -1.0368359088897705], [0.8277357816696167, -0.047470107674598694, -0.5591062307357788, 0.31048935651779175], [0.4301471710205078, 0.6935161352157593, 0.5779346823692322, -0.31616324186325073], [0.0, 0.0, 0.0, 1.0]]}, "finger2joint2": {"matrix": [[0.23734469711780548, -0.946677029132843, -0.21787534654140472, -1.658769965171814], [0.8681634068489075, 0.30733951926231384, -0.3896596431732178, 0.26942068338394165], [0.43584370613098145, -0.09666794538497925, 0.8948158025741577, 0.28383153676986694], [0.0, 0.0, 0.0, 1.0]]}, "finger2joint3": {"matrix": [[0.14570902287960052, -0.34507232904434204, -0.9271965622901917, -2.018144130706787], [0.9290063381195068, 0.3699703514575958, 0.008302620612084866, 0.38609179854393005], [0.34017038345336914, -0.8625814914703369, 0.37448230385780334, 0.24713478982448578], [0.0, 0.0, 0.0, 1.0]]}, "Bone.002": {"matrix": [[0.05612776055932045, -0.6226915121078491, 0.7804515361785889, -0.7444722652435303], [0.7543907761573792, -0.4855957329273224, -0.44169139862060547, 0.17640025913715363], [0.6540216207504272, 0.6135565042495728, 0.44249749183654785, -0.8623793125152588], [0.0, 0.0, 0.0, 1.0]]}, "finger3joint1": {"matrix": [[-0.0594438835978508, -0.34140893816947937, 0.9380330443382263, -1.0069431066513062], [0.8307880163192749, -0.5378739833831787, -0.1431184560060501, -0.028283268213272095], [0.5534057021141052, 0.7707989811897278, 0.31561195850372314, -0.6037590503692627], [0.0, 0.0, 0.0, 1.0]]}, "finger3joint2": {"matrix": [[-0.14902417361736298, -0.9881488084793091, 0.03678833320736885, -1.3064205646514893], [0.740204930305481, -0.13614517450332642, -0.6584535837173462, -0.5000963807106018], [0.6556587815284729, -0.07089487463235855, 0.7517216205596924, 0.07237161695957184], [0.0, 0.0, 0.0, 1.0]]}, "finger3joint3": {"matrix": [[-0.20192836225032806, -0.8050732016563416, -0.5577470660209656, -1.9458322525024414], [0.8327124714851379, 0.15865665674209595, -0.5304884314537048, -0.5881932377815247], [0.5155723690986633, -0.5715638399124146, 0.6383570432662964, 0.026496946811676025], [0.0, 0.0, 0.0, 1.0]]}, "Bone.003": {"matrix": [[0.1373065710067749, 0.07317669689655304, 0.9878218173980713, -0.7444722652435303], [0.01608513668179512, -0.9973006248474121, 0.0716429352760315, 0.17640024423599243], [0.9903979301452637, 0.006052167620509863, -0.13811281323432922, -0.862379252910614], [0.0, 0.0, 0.0, 1.0]]}, "finger4joint1": {"matrix": [[-0.39930346608161926, -0.7712481021881104, 0.4957142472267151, -0.7131073474884033], [0.5827495455741882, -0.630919873714447, -0.5121942162513733, -0.25106215476989746], [0.70778489112854, 0.08435606956481934, 0.7013731598854065, -0.8597851991653442], [0.0, 0.0, 0.0, 1.0]]}, "finger4joint2": {"matrix": [[-0.4072311520576477, -0.8991004228591919, 0.16056346893310547, -1.4792336225509644], [0.5581344366073608, -0.38413944840431213, -0.7354743480682373, -0.8777920603752136], [0.7229441404342651, -0.2098923921585083, 0.6582525968551636, -0.7759893536567688], [0.0, 0.0, 0.0, 1.0]]}, "finger4joint3": {"matrix": [[-0.33338823914527893, -0.9362902045249939, -0.11050967127084732, -1.8542150259017944], [0.5988337993621826, -0.11976523697376251, -0.7918674945831299, -1.0380024909973145], [0.7281826138496399, -0.33017659187316895, 0.600610613822937, -0.8635276556015015], [0.0, 0.0, 0.0, 1.0]]}}