{"root": {"matrix": [[0.46597573161125183, -0.5879644751548767, -0.6611840724945068, 0.0], [-0.5820776224136353, 0.35908910632133484, -0.7295482754707336, 2.9802322387695312e-08], [0.6663724184036255, 0.7248122692108154, -0.17491421103477478, 0.0], [0.0, 0.0, 0.0, 1.0]]}, "carpals": {"matrix": [[0.6723276972770691, -0.7381367087364197, -0.05594215914607048, 0.5526172518730164], [0.20681563019752502, 0.11473869532346725, 0.9716284871101379, -0.882850706577301], [-0.7107759714126587, -0.6648225784301758, 0.22980041801929474, 2.2361068725585938], [0.0, 0.0, 0.0, 1.0]]}, "metacarpals": {"matrix": [[0.2853381037712097, -0.6135812997817993, 0.7362744212150574, -0.16632354259490967], [-0.6929894089698792, 0.39859676361083984, 0.6007378101348877, -0.7710959315299988], [-0.662078320980072, -0.6816437840461731, -0.31147047877311707, 1.588573694229126], [0.0, 0.0, 0.0, 1.0]]}, "finger5joint1": {"matrix": [[0.4174627363681793, -0.7192210555076599, 0.5553790330886841, -0.8694218397140503], [-0.6583946943283081, 0.18183712661266327, 0.7303775548934937, -0.669157087802887], [-0.6262916326522827, -0.6705639958381653, -0.3976210057735443, 1.4438812732696533], [0.0, 0.0, 0.0, 1.0]]}, "finger5joint2": {"matrix": [[0.5654573440551758, -0.5638227462768555, -0.6019646525382996, -1.629115343093872], [0.736958920955658, 0.017678948119282722, 0.6757058501243591, -0.4770875871181488], [-0.37033626437187195, -0.8257061243057251, 0.4255112111568451, 0.7355830669403076], [0.0, 0.0, 0.0, 1.0]]}, "finger5joint3": {"matrix": [[0.5426313281059265, -0.49494072794914246, -0.6786637306213379, -2.016650438308716], [0.69706791639328, -0.18546392023563385, 0.6926029324531555, -0.46493619680404663], [-0.46866506338119507, -0.8489029407501221, 0.2443690448999405, 0.16804634034633636], [0.0, 0.0, 0.0, 1.0]]}, "Bone": {"matrix": [[0.5857985615730286, 0.05813619866967201, 0.8083688020706177, -1.1242942810058594], [-0.5502145290374756, -0.7038163542747498, 0.4493396282196045, -0.1487756371498108], [0.5950660109519958, -0.707999050617218, -0.3803071975708008, 0.52433842420578], [0.0, 0.0, 0.0, 1.0]]}, "finger1joint1": {"matrix": [[0.3953906297683716, -0.8499104380607605, 0.34830784797668457, -1.0759140253067017], [-0.7270585894584656, -0.05786927789449692, 0.6841319799423218, -0.734483003616333], [-0.5612948536872864, -0.5237396359443665, -0.6408156156539917, -0.0648496150970459], [0.0, 0.0, 0.0, 1.0]]}, "finger1joint2": {"matrix": [[0.2874903380870819, -0.9414072632789612, -0.17635653913021088, -1.5562649965286255], [-0.8995212316513062, -0.32862576842308044, 0.2878653109073639, -0.7671893835067749], [-0.3289540410041809, 0.07587791979312897, -0.9412925243377686, -0.36085590720176697], [0.0, 0.0, 0.0, 1.0]]}, "finger1joint3": {"matrix": [[0.30249500274658203, -0.730094313621521, -0.612747073173523, -1.9598307609558105], [-0.8530785441398621, -0.49412670731544495, 0.16761736571788788, -0.9080657958984375], [-0.4251514673233032, 0.47201788425445557, -0.7722986340522766, -0.32832828164100647], [0.0, 0.0, 0.0, 1.0]]}, "Bone.001": {"matrix": [[0.6619016528129578, 0.114203542470932, 0.7408397793769836, -1.1242942810058594], [-0.6988101601600647, -0.26356327533721924, 0.664979875087738, -0.14877569675445557], [0.27120113372802734, -0.9578579068183899, -0.09464626759290695, 0.5243384838104248], [0.0, 0.0, 0.0, 1.0]]}, "finger2joint1": {"matrix": [[0.7409667372703552, -0.5812322497367859, 0.3363587558269501, -1.0519025325775146], [-0.6249783039093018, -0.4135933518409729, 0.6620741486549377, -0.3158441185951233], [-0.24570326507091522, -0.7007920145988464, -0.669716477394104, -0.08283191919326782], [0.0, 0.0, 0.0, 1.0]]}, "finger2joint2": {"matrix": [[0.6511014103889465, -0.7133967876434326, 0.2590981423854828, -1.5547549724578857], [-0.7183181047439575, -0.46894383430480957, 0.5139166712760925, -0.6736639738082886], [-0.2451242357492447, -0.5207268595695496, -0.8177758455276489, -0.6891214847564697], [0.0, 0.0, 0.0, 1.0]]}, "finger2joint3": {"matrix": [[0.5392066836357117, -0.8393323421478271, 0.06911669671535492, -1.82557213306427], [-0.8103916645050049, -0.49477505683898926, 0.3137873113155365, -0.851682722568512], [-0.22917485237121582, -0.22520792484283447, -0.9469740986824036, -0.8867979049682617], [0.0, 0.0, 0.0, 1.0]]}, "Bone.002": {"matrix": [[0.5423207879066467, -0.29037994146347046, 0.7883955836296082, -1.1242942810058594], [-0.695033609867096, 0.3721500337123871, 0.6151685118675232, -0.14877568185329437], [-0.4720342755317688, -0.8815800547599792, 9.471420412410225e-07, 0.5243384838104248], [0.0, 0.0, 0.0, 1.0]]}, "finger3joint1": {"matrix": [[0.3729025423526764, -0.09491576254367828, 0.923003077507019, -1.2466922998428345], [-0.7542340159416199, 0.5483883619308472, 0.3611108958721161, 0.008089274168014526], [-0.5404394865036011, -0.830819308757782, 0.1329067200422287, 0.1527436375617981], [0.0, 0.0, 0.0, 1.0]]}, "finger3joint2": {"matrix": [[0.31711268424987793, -0.8239208459854126, 0.46967431902885437, -1.3299506902694702], [-0.6714664101600647, 0.15468403697013855, 0.7247106432914734, 0.48912543058395386], [-0.6697555184364319, -0.5451853275299072, -0.5041828155517578, -0.576035737991333], [0.0, 0.0, 0.0, 1.0]]}, "finger3joint3": {"matrix": [[0.19233998656272888, -0.9762848019599915, 0.0993649959564209, -1.863093614578247], [-0.7752610445022583, -0.089090995490551, 0.6253262758255005, 0.5892184376716614], [-0.6016441583633423, -0.1973089873790741, -0.7740111351013184, -0.9288143515586853], [0.0, 0.0, 0.0, 1.0]]}, "Bone.003": {"matrix": [[0.6370830535888672, -0.13769182562828064, 0.758397102355957, -1.1242941617965698], [0.05857294425368309, 0.9897183179855347, 0.13048622012138367, -0.14877566695213318], [-0.768566370010376, -0.038708824664354324, 0.638597846031189, 0.5243384838104248], [0.0, 0.0, 0.0, 1.0]]}, "finger4joint1": {"matrix": [[0.4517396092414856, -0.46240589022636414, 0.7629626393318176, -1.1833117008209229], [-0.7850608825683594, 0.20021580159664154, 0.5861677527427673, 0.2754368185997009], [-0.4238048493862152, -0.8637672662734985, -0.27257126569747925, 0.5077471733093262], [0.0, 0.0, 0.0, 1.0]]}, "finger4joint2": {"matrix": [[0.45566973090171814, -0.8763191103935242, -0.1562999188899994, -1.6426465511322021], [-0.7687995433807373, -0.47594153881073, 0.4271140396595001, 0.47432297468185425], [-0.44867804646492004, -0.07445965707302094, -0.8905858993530273, -0.3502838909626007], [0.0, 0.0, 0.0, 1.0]]}, "finger4joint3": {"matrix": [[0.5291751027107239, -0.47506698966026306, -0.7030539512634277, -2.008126974105835], [-0.7327411770820618, -0.6736562252044678, -0.09631788730621338, 0.27582547068595886], [-0.42785942554473877, 0.5661256313323975, -0.7045832872390747, -0.3813382387161255], [0.0, 0.0, 0.0, 1.0]]}}