{"root": {"matrix": [[0.40053680539131165, -0.7973288893699646, -0.45148301124572754, -5.960464477539063e-08], [-0.13048513233661652, 0.43807801604270935, -0.8894162774085999, -2.9802322387695312e-08], [0.9069420695304871, 0.4151557981967926, 0.07142672687768936, 0.0], [0.0, 0.0, 0.0, 1.0]]}, "carpals": {"matrix": [[0.7793704867362976, -0.5588572025299072, -0.28330206871032715, 0.17612364888191223], [0.17648163437843323, -0.2380450963973999, 0.9550856351852417, 0.23370294272899628], [-0.6011951565742493, -0.794363260269165, -0.08689708262681961, 2.4493567943573], [0.0, 0.0, 0.0, 1.0]]}, "metacarpals": {"matrix": [[0.45764580368995667, -0.6578201055526733, 0.5981913208961487, -0.3681999444961548], [-0.7197972536087036, 0.120855413377285, 0.6835829615592957, 0.001848459243774414], [-0.5219694972038269, -0.7434152960777283, -0.41818803548812866, 1.6756517887115479], [0.0, 0.0, 0.0, 1.0]]}, "finger5joint1": {"matrix": [[0.3437260389328003, -0.594763994216919, 0.7267104387283325, -1.0699753761291504], [-0.6971127986907959, 0.3568935990333557, 0.621820330619812, -0.08408716320991516], [-0.6291947960853577, -0.7203348278999329, -0.29194387793540955, 1.515024185180664], [0.0, 0.0, 0.0, 1.0]]}, "finger5joint2": {"matrix": [[0.7674953937530518, -0.4559442698955536, -0.4506276845932007, -1.6982080936431885], [0.6145666837692261, 0.32334354519844055, 0.7195528745651245, 0.29288968443870544], [-0.1823684424161911, -0.8291940689086914, 0.5283730626106262, 0.7541544437408447], [0.0, 0.0, 0.0, 1.0]]}, "finger5joint3": {"matrix": [[0.7452185153961182, -0.4387039542198181, -0.5021829605102539, -2.011594533920288], [0.6015180945396423, 0.11723791807889938, 0.7902093529701233, 0.5151350498199463], [-0.28779304027557373, -0.8909507393836975, 0.35125648975372314, 0.18422026932239532], [0.0, 0.0, 0.0, 1.0]]}, "Bone": {"matrix": [[0.6676391363143921, 0.24046586453914642, 0.7045806646347046, -1.3952398300170898], [-0.28796085715293884, -0.7893291115760803, 0.5422526001930237, 0.19053736329078674], [0.6865391731262207, -0.564920961856842, -0.4577421545982361, 0.5149741172790527], [0.0, 0.0, 0.0, 1.0]]}, "finger1joint1": {"matrix": [[0.6200346946716309, -0.7309854030609131, 0.2849862575531006, -1.1951271295547485], [-0.6881576180458069, -0.33223357796669006, 0.6450269222259521, -0.4663326144218445], [-0.3768234848976135, -0.5960545539855957, -0.7090293765068054, 0.04485383629798889], [0.0, 0.0, 0.0, 1.0]]}, "finger1joint2": {"matrix": [[0.5183227062225342, -0.854741632938385, -0.027536142617464066, -1.6082642078399658], [-0.8450819849967957, -0.516868531703949, 0.1366865485906601, -0.6541038155555725], [-0.1310644894838333, -0.04757748916745186, -0.9902313351631165, -0.292023241519928], [0.0, 0.0, 0.0, 1.0]]}, "finger1joint3": {"matrix": [[0.5438763499259949, -0.6890316605567932, -0.4789924621582031, -1.9746780395507812], [-0.8073603510856628, -0.5853028297424316, -0.07476535439491272, -0.8756768107414246], [-0.2288401871919632, 0.4273824989795685, -0.8746290802955627, -0.31241893768310547], [0.0, 0.0, 0.0, 1.0]]}, "Bone.001": {"matrix": [[0.7877541184425354, 0.20848259329795837, 0.57963627576828, -1.3952398300170898], [-0.47193828225135803, -0.4004705846309662, 0.7854280471801758, 0.19053733348846436], [0.3958752453327179, -0.8922768831253052, -0.21708132326602936, 0.5149741172790527], [0.0, 0.0, 0.0, 1.0]]}, "finger2joint1": {"matrix": [[0.8456279635429382, -0.46193674206733704, 0.2674463987350464, -1.2630860805511475], [-0.5165281295776367, -0.5818505883216858, 0.6282103657722473, -0.06331437826156616], [-0.13457974791526794, -0.6693759560585022, -0.7306323647499084, -0.05062556266784668], [0.0, 0.0, 0.0, 1.0]]}, "finger2joint2": {"matrix": [[0.7720405459403992, -0.577531635761261, 0.26534971594810486, -1.6627302169799805], [-0.6228646039962769, -0.6044378280639648, 0.4966832995414734, -0.5667018294334412], [-0.12646310031414032, -0.5487366318702698, -0.8263744711875916, -0.62973552942276], [0.0, 0.0, 0.0, 1.0]]}, "finger2joint3": {"matrix": [[0.6738855242729187, -0.719092071056366, 0.16966058313846588, -1.8819705247879028], [-0.729953408241272, -0.6124932169914246, 0.3033474385738373, -0.7961564064025879], [-0.11421897262334824, -0.32826587557792664, -0.9376540184020996, -0.8380449414253235], [0.0, 0.0, 0.0, 1.0]]}, "Bone.002": {"matrix": [[0.7007858157157898, -0.3288152515888214, 0.6330716013908386, -1.3952398300170898], [-0.6298027634620667, 0.13160836696624756, 0.7655243873596191, 0.19053730368614197], [-0.3350337743759155, -0.9351787567138672, -0.11485938727855682, 0.5149741172790527], [0.0, 0.0, 0.0, 1.0]]}, "finger3joint1": {"matrix": [[0.5299904942512512, 0.1630115956068039, 0.8321882486343384, -1.5338387489318848], [-0.7331920862197876, 0.5811598896980286, 0.35310402512550354, 0.24601155519485474], [-0.4260745644569397, -0.7972953915596008, 0.42752793431282043, 0.12078690528869629], [0.0, 0.0, 0.0, 1.0]]}, "finger3joint2": {"matrix": [[0.5164117217063904, -0.7742913961410522, 0.3657756447792053, -1.39084792137146], [-0.6452127695083618, -0.07096818089485168, 0.7606996893882751, 0.7557942271232605], [-0.5630448460578918, -0.6288371086120605, -0.536231279373169, -0.5785859227180481], [0.0, 0.0, 0.0, 1.0]]}, "finger3joint3": {"matrix": [[0.40848615765571594, -0.8882644772529602, -0.21006032824516296, -1.8918765783309937], [-0.7666616439819336, -0.45878440141677856, 0.4491622745990753, 0.7098721861839294], [-0.49534741044044495, -0.02243141271173954, -0.8684050440788269, -0.9854940176010132], [0.0, 0.0, 0.0, 1.0]]}, "Bone.003": {"matrix": [[0.63949054479599, -0.3503473103046417, 0.6843307614326477, -1.3952398300170898], [0.05933348834514618, 0.9099656343460083, 0.4104169011116028, 0.19053733348846436], [-0.7665058374404907, -0.22185379266738892, 0.6027017831802368, 0.5149741172790527], [0.0, 0.0, 0.0, 1.0]]}, "finger4joint1": {"matrix": [[0.681729257106781, -0.25814080238342285, 0.6845498085021973, -1.5454055070877075], [-0.7233148217201233, -0.09736213833093643, 0.6836197972297668, 0.5805662870407104], [-0.1098211407661438, -0.961188554763794, -0.25309157371520996, 0.4198833107948303], [0.0, 0.0, 0.0, 1.0]]}, "finger4joint2": {"matrix": [[0.6887242794036865, -0.7057230472564697, -0.16617344319820404, -1.8018319606781006], [-0.7120208144187927, -0.7015796899795532, 0.028493298217654228, 0.4838506877422333], [-0.13669249415397644, 0.09869489073753357, -0.9856844544410706, -0.5349220037460327], [0.0, 0.0, 0.0, 1.0]]}, "finger4joint3": {"matrix": [[0.7473614811897278, -0.250539630651474, -0.6153702139854431, -2.096163034439087], [-0.6515774130821228, -0.45757195353507996, -0.6050408482551575, 0.1912478506565094], [-0.1299896091222763, 0.8531454801559448, -0.5052176117897034, -0.49376004934310913], [0.0, 0.0, 0.0, 1.0]]}}