{"root": {"matrix": [[0.4210204482078552, -0.7703245878219604, -0.47889643907546997, -5.960464477539063e-08], [0.034635186195373535, 0.5412387251853943, -0.8401553630828857, 5.960464477539063e-08], [0.9063896536827087, 0.3371359407901764, 0.25455284118652344, 2.9802322387695312e-08], [0.0, 0.0, 0.0, 1.0]]}, "carpals": {"matrix": [[0.6439940333366394, -0.7470394968986511, -0.1649349182844162, 0.2519610822200775], [-0.10304848849773407, -0.2983330190181732, 0.9488826394081116, 0.7025554180145264], [-0.7580583095550537, -0.5940784811973572, -0.26910579204559326, 2.351152181625366], [0.0, 0.0, 0.0, 1.0]]}, "metacarpals": {"matrix": [[0.35579913854599, -0.5900576710700989, 0.7247335314750671, -0.47565096616744995], [-0.8794034123420715, 0.05108928680419922, 0.4733279347419739, 0.41198086738586426], [-0.3163171112537384, -0.8057428002357483, -0.5007211565971375, 1.7725234031677246], [0.0, 0.0, 0.0, 1.0]]}, "finger5joint1": {"matrix": [[0.1830797791481018, -0.489296555519104, 0.8526843190193176, -1.1729412078857422], [-0.8378771543502808, 0.3760315477848053, 0.3956790566444397, 0.40072935819625854], [-0.5142407417297363, -0.7868854403495789, -0.34112662076950073, 1.5741939544677734], [0.0, 0.0, 0.0, 1.0]]}, "finger5joint2": {"matrix": [[0.8710975050926208, -0.43247562646865845, -0.23270927369594574, -1.6897715330123901], [0.4049699306488037, 0.3644889295101166, 0.8385385274887085, 0.7979211211204529], [-0.27782759070396423, -0.8246888518333435, 0.49264517426490784, 0.7430285811424255], [0.0, 0.0, 0.0, 1.0]]}, "finger5joint3": {"matrix": [[0.8384039998054504, -0.46751874685287476, -0.28018659353256226, -1.9870271682739258], [0.39044639468193054, 0.15648238360881805, 0.9072290062904358, 1.0484471321105957], [-0.3803023397922516, -0.870022177696228, 0.3137366473674774, 0.176191046833992], [0.0, 0.0, 0.0, 1.0]]}, "Bone": {"matrix": [[0.5745022296905518, 0.13245493173599243, 0.8077145218849182, -1.3968946933746338], [-0.22615666687488556, -0.922714352607727, 0.31217172741889954, 0.4917454421520233], [0.7866383790969849, -0.362013578414917, -0.5001458525657654, 0.5145352482795715], [0.0, 0.0, 0.0, 1.0]]}, "finger1joint1": {"matrix": [[0.6993317604064941, -0.5995126962661743, 0.38925501704216003, -1.2866674661636353], [-0.7147821187973022, -0.5830069184303284, 0.3862502872943878, -0.27612602710723877], [-0.004623826127499342, -0.5483496785163879, -0.8362361192703247, 0.21327199041843414], [0.0, 0.0, 0.0, 1.0]]}, "finger1joint2": {"matrix": [[0.559463620185852, -0.7357315421104431, 0.38170596957206726, -1.6254990100860596], [-0.7866349220275879, -0.6164160370826721, -0.0351659320294857, -0.6056289672851562], [0.2611621618270874, -0.28058922290802, -0.9236144423484802, -0.09664336591959], [0.0, 0.0, 0.0, 1.0]]}, "finger1joint3": {"matrix": [[0.6218569874763489, -0.7829559445381165, -0.01654556579887867, -1.9408950805664062], [-0.7630051970481873, -0.6009818315505981, -0.23799969255924225, -0.8698763847351074], [0.17639948427677155, 0.16062606871128082, -0.9711241722106934, -0.21692736446857452], [0.0, 0.0, 0.0, 1.0]]}, "Bone.001": {"matrix": [[0.6764203906059265, 0.18270693719387054, 0.713493824005127, -1.3968946933746338], [-0.4864920973777771, -0.616492748260498, 0.619081437587738, 0.4917454421520233], [0.5529741048812866, -0.7658685445785522, -0.32812273502349854, 0.5145351886749268], [0.0, 0.0, 0.0, 1.0]]}, "finger2joint1": {"matrix": [[0.6375973224639893, -0.2831721603870392, 0.7164376974105835, -1.2810797691345215], [-0.7672973275184631, -0.31640660762786865, 0.5578004717826843, 0.10096077620983124], [0.06873185932636261, -0.9053729176521301, -0.4190172255039215, 0.029063701629638672], [0.0, 0.0, 0.0, 1.0]]}, "finger2joint2": {"matrix": [[0.5404295921325684, -0.6654520034790039, 0.5148876309394836, -1.5260659456253052], [-0.8410175442695618, -0.44542041420936584, 0.30706673860549927, -0.17277806997299194], [0.025003112852573395, -0.5989774465560913, -0.8003751635551453, -0.7542187571525574], [0.0, 0.0, 0.0, 1.0]]}, "finger2joint3": {"matrix": [[0.41235455870628357, -0.9104089736938477, 0.03345079720020294, -1.7786824703216553], [-0.9106065034866333, -0.4129984974861145, -0.015089030377566814, -0.34186697006225586], [0.02755211666226387, -0.0242384672164917, -0.999326229095459, -0.9816004037857056], [0.0, 0.0, 0.0, 1.0]]}, "Bone.002": {"matrix": [[0.6009206175804138, -0.25472843647003174, 0.7576329708099365, -1.3968948125839233], [-0.7882394194602966, -0.031653352081775665, 0.6145539879798889, 0.4917454421520233], [-0.13256293535232544, -0.9664942026138306, -0.21980811655521393, 0.5145351886749268], [0.0, 0.0, 0.0, 1.0]]}, "finger3joint1": {"matrix": [[0.4157496988773346, 0.17510393261909485, 0.8924633264541626, -1.504265308380127], [-0.8785889148712158, 0.33090201020240784, 0.3443623483181, 0.478403240442276], [-0.23501884937286377, -0.9272766709327698, 0.2914166748523712, 0.1071481704711914], [0.0, 0.0, 0.0, 1.0]]}, "finger3joint2": {"matrix": [[0.4032690227031708, -0.8245751857757568, 0.3967995047569275, -1.3506674766540527], [-0.8279017806053162, -0.1440476030111313, 0.5420598387718201, 0.7686643600463867], [-0.3898111879825592, -0.5471067428588867, -0.7407571077346802, -0.7062417268753052], [0.0, 0.0, 0.0, 1.0]]}, "finger3joint3": {"matrix": [[0.2893841862678528, -0.9119398593902588, -0.2908996641635895, -1.8842337131500244], [-0.9133791327476501, -0.353983998298645, 0.20108166337013245, 0.6754539608955383], [-0.28634828329086304, 0.2075118124485016, -0.9353839159011841, -1.060263752937317], [0.0, 0.0, 0.0, 1.0]]}, "Bone.003": {"matrix": [[0.6779811382293701, -0.18092383444309235, 0.7124661803245544, -1.3968948125839233], [-0.2116786539554596, 0.8801273703575134, 0.4249328076839447, 0.4917454719543457], [-0.7039414644241333, -0.4389101564884186, 0.5584120154380798, 0.5145351886749268], [0.0, 0.0, 0.0, 1.0]]}, "finger4joint1": {"matrix": [[0.6366469264030457, -0.19194439053535461, 0.7468854188919067, -1.4744423627853394], [-0.7241747379302979, -0.4816981554031372, 0.49349525570869446, 0.8689851760864258], [0.2650494873523712, -0.8550577759742737, -0.445672869682312, 0.32640981674194336], [0.0, 0.0, 0.0, 1.0]]}, "finger4joint2": {"matrix": [[0.6463833451271057, -0.7609131932258606, 0.05656358227133751, -1.665112018585205], [-0.7253619432449341, -0.6357963681221008, -0.26384225487709045, 0.390485942363739], [0.23672376573085785, 0.1295142024755478, -0.9629056453704834, -0.5229695439338684], [0.0, 0.0, 0.0, 1.0]]}, "finger4joint3": {"matrix": [[0.7065010666847229, -0.5405247807502747, -0.4568248689174652, -1.9824604988098145], [-0.6660627126693726, -0.28967368602752686, -0.6873494386672974, 0.12531888484954834], [0.23919905722141266, 0.7898871302604675, -0.5646781921386719, -0.46895402669906616], [0.0, 0.0, 0.0, 1.0]]}}