{"root": {"matrix": [[0.3653351366519928, -0.4371004104614258, -0.8218719363212585, 0.0], [-0.9306930303573608, -0.18901954591274261, -0.3131805956363678, 0.0], [-0.01845856010913849, 0.879326343536377, -0.4758618175983429, 0.0], [0.0, 0.0, 0.0, 1.0]]}, "carpals": {"matrix": [[0.7588915824890137, -0.6231649518013, 0.18907366693019867, 0.4907549321651459], [0.43876656889915466, 0.7038334608078003, 0.5586608052253723, -2.2545437812805176], [-0.4812142848968506, -0.3410038650035858, 0.8075574040412903, 0.8724547624588013], [0.0, 0.0, 0.0, 1.0]]}, "metacarpals": {"matrix": [[-0.04986419528722763, -0.6705871224403381, 0.740152895450592, -0.1162041425704956], [-0.12080266326665878, 0.7396833896636963, 0.6620232462882996, -1.569014072418213], [-0.9914232492446899, -0.05640120059251785, -0.11789245158433914, 0.5403190851211548], [0.0, 0.0, 0.0, 1.0]]}, "finger5joint1": {"matrix": [[0.010669603943824768, -0.8401232361793518, 0.5422905087471008, -0.7946128249168396], [-0.03838985040783882, 0.5415773391723633, 0.8397736549377441, -1.3980376720428467], [-0.9992057681083679, -0.02977846749126911, -0.02647378295660019, 0.7305904626846313], [0.0, 0.0, 0.0, 1.0]]}, "finger5joint2": {"matrix": [[0.574437141418457, -0.5776617527008057, -0.5799382328987122, -1.6820117235183716], [0.8180993795394897, 0.3817039430141449, 0.4301334023475647, -0.8259844779968262], [-0.02710689604282379, -0.7215319275856018, 0.6918500661849976, 0.6991363167762756], [0.0, 0.0, 0.0, 1.0]]}, "finger5joint3": {"matrix": [[0.5490536093711853, -0.3331337571144104, -0.7665255665779114, -2.079058885574341], [0.8252338767051697, 0.07080161571502686, 0.5603350400924683, -0.5636259913444519], [-0.13239532709121704, -0.9402173161506653, 0.31378740072250366, 0.20320212841033936], [0.0, 0.0, 0.0, 1.0]]}, "Bone": {"matrix": [[0.589809000492096, -0.2781452536582947, 0.7581295371055603, -1.1631766557693481], [-0.8027719259262085, -0.10005442053079605, 0.5878314971923828, -0.4141629934310913], [-0.08764833956956863, -0.9553136825561523, -0.28230026364326477, 0.45226114988327026], [0.0, 0.0, 0.0, 1.0]]}, "finger1joint1": {"matrix": [[0.1994522362947464, -0.9718877077102661, 0.12511169910430908, -1.3946456909179688], [-0.24904340505599976, 0.0732087790966034, 0.9657211303710938, -0.4974270462989807], [-0.9477320313453674, -0.22377356886863708, -0.22744064033031464, -0.3427391052246094], [0.0, 0.0, 0.0, 1.0]]}, "finger1joint2": {"matrix": [[0.1712883859872818, -0.5964852571487427, -0.7841336727142334, -1.9439356327056885], [-0.532653272151947, -0.7256157398223877, 0.43561673164367676, -0.4560510516166687], [-0.8288187980651855, 0.34305527806282043, -0.44200944900512695, -0.46921107172966003], [0.0, 0.0, 0.0, 1.0]]}, "finger1joint3": {"matrix": [[0.11276353895664215, -0.059974510222673416, -0.991810142993927, -2.199639081954956], [-0.45881739258766174, -0.8885290026664734, 0.0015640042256563902, -0.7671105861663818], [-0.8813461065292358, 0.4548834264278412, -0.12771105766296387, -0.3221489191055298], [0.0, 0.0, 0.0, 1.0]]}, "Bone.001": {"matrix": [[0.5459563136100769, -0.1968882977962494, 0.8143503665924072, -1.1631766557693481], [-0.7140166759490967, 0.3991594612598419, 0.5751968026161194, -0.4141629934310913], [-0.43830522894859314, -0.8954922556877136, 0.07734209299087524, 0.45226114988327026], [0.0, 0.0, 0.0, 1.0]]}, "finger2joint1": {"matrix": [[0.01780395396053791, -0.17666080594062805, 0.9841106534004211, -1.2879810333251953], [-0.2266177386045456, 0.9579383730888367, 0.17606239020824432, -0.16114234924316406], [-0.9738208651542664, -0.22615161538124084, -0.022979386150836945, -0.11537677049636841], [0.0, 0.0, 0.0, 1.0]]}, "finger2joint2": {"matrix": [[-0.08926552534103394, -0.9396742582321167, 0.33021780848503113, -1.4408189058303833], [-0.15435799956321716, 0.34058722853660583, 0.9274553656578064, 0.6676170229911804], [-0.9839741587638855, 0.03181803226470947, -0.17544898390769958, -0.31103160977363586], [0.0, 0.0, 0.0, 1.0]]}, "finger2joint3": {"matrix": [[-0.22560107707977295, -0.8130576014518738, -0.5366948246955872, -1.797534704208374], [-0.19652411341667175, -0.5015909671783447, 0.8424869179725647, 0.7969095706939697], [-0.9541918635368347, 0.2955394983291626, -0.04662599787116051, -0.29895293712615967], [0.0, 0.0, 0.0, 1.0]]}, "Bone.002": {"matrix": [[0.2411600798368454, -0.4235743582248688, 0.8731703758239746, -1.1631767749786377], [-0.24242712557315826, 0.8449088335037231, 0.4768204689025879, -0.4141629934310913], [-0.93971848487854, -0.32667025923728943, 0.10107236355543137, 0.45226114988327026], [0.0, 0.0, 0.0, 1.0]]}, "finger3joint1": {"matrix": [[0.42528611421585083, -0.09061306715011597, 0.9005115032196045, -1.3417176008224487], [-0.7519526481628418, 0.5183495283126831, 0.4072844088077545, -0.05802544951438904], [-0.5036852359771729, -0.8503545522689819, 0.15231013298034668, 0.31456631422042847], [0.0, 0.0, 0.0, 1.0]]}, "finger3joint2": {"matrix": [[0.3703501522541046, -0.7169860005378723, 0.5905690789222717, -1.4212015867233276], [-0.6757565140724182, 0.22825945913791656, 0.7008925676345825, 0.3966611623764038], [-0.637333333492279, -0.658656656742096, -0.399972140789032, -0.4313489496707916], [0.0, 0.0, 0.0, 1.0]]}, "finger3joint3": {"matrix": [[0.2297281175851822, -0.9082937836647034, 0.349610298871994, -1.8851492404937744], [-0.7718288898468018, 0.04880150407552719, 0.6339543461799622, 0.5443633794784546], [-0.5928784608840942, -0.41547656059265137, -0.6898365020751953, -0.857552707195282], [0.0, 0.0, 0.0, 1.0]]}, "Bone.003": {"matrix": [[0.4131588637828827, 0.06994111090898514, 0.9079691767692566, -1.1631766557693481], [0.5294175148010254, 0.7927980422973633, -0.3019735813140869, -0.4141629934310913], [-0.7409565448760986, 0.6054579615592957, 0.290523499250412, 0.4522610902786255], [0.0, 0.0, 0.0, 1.0]]}, "finger4joint1": {"matrix": [[0.43288764357566833, -0.4145403802394867, 0.8004776239395142, -1.133198618888855], [-0.6464070677757263, 0.476177453994751, 0.5961646437644958, -0.07435435056686401], [-0.6283039450645447, -0.775506854057312, -0.06183050945401192, 0.7117722034454346], [0.0, 0.0, 0.0, 1.0]]}, "finger4joint2": {"matrix": [[0.43864789605140686, -0.8974767327308655, 0.046080030500888824, -1.5449860095977783], [-0.6236890554428101, -0.2671143114566803, 0.7346163392066956, 0.398660808801651], [-0.6469926238059998, -0.3509775698184967, -0.67691570520401, -0.05858452618122101], [0.0, 0.0, 0.0, 1.0]]}, "finger4joint3": {"matrix": [[0.5110121965408325, -0.7018029093742371, -0.4963254928588867, -1.9192900657653809], [-0.6100058555603027, -0.7028931975364685, 0.3658323884010315, 0.2872573435306549], [-0.6056062579154968, 0.11581671237945557, -0.7872910499572754, -0.20496425032615662], [0.0, 0.0, 0.0, 1.0]]}}