{"root": {"matrix": [[0.30706438422203064, -0.3675057590007782, -0.8778672814369202, 0.0], [-0.8676680326461792, -0.487065851688385, -0.09959416836500168, -2.9802322387695312e-08], [-0.3909778296947479, 0.7922791838645935, -0.46843358874320984, 5.960464477539063e-08], [0.0, 0.0, 0.0, 1.0]]}, "carpals": {"matrix": [[0.3540673553943634, -0.8719783425331116, 0.33806800842285156, 0.4333929121494293], [0.8397097587585449, 0.4555548429489136, 0.2955620288848877, -2.4277596473693848], [-0.4117322862148285, 0.17923013865947723, 0.8935059309005737, -0.05602608621120453], [0.0, 0.0, 0.0, 1.0]]}, "metacarpals": {"matrix": [[-0.22488942742347717, -0.5758695602416992, 0.7860018610954285, -0.4159086346626282], [-0.022392606362700462, 0.8095065355300903, 0.586683452129364, -1.9840519428253174], [-0.9741268157958984, 0.1143382340669632, -0.19494475424289703, 0.11854298412799835], [0.0, 0.0, 0.0, 1.0]]}, "finger5joint1": {"matrix": [[0.25288912653923035, -0.6890097856521606, 0.6791998147964478, -1.0284149646759033], [-0.3847488462924957, 0.5725004076957703, 0.7240243554115295, -1.7595046758651733], [-0.8877021670341492, -0.4444192945957184, -0.12031664699316025, 0.4349120259284973], [0.0, 0.0, 0.0, 1.0]]}, "finger5joint2": {"matrix": [[0.6402571797370911, -0.4554218053817749, -0.6185962557792664, -1.756197214126587], [0.737239420413971, 0.13813090324401855, 0.6613602042198181, -1.1547883749008179], [-0.21575070917606354, -0.8794942498207092, 0.42419442534446716, -0.03451573848724365], [0.0, 0.0, 0.0, 1.0]]}, "finger5joint3": {"matrix": [[0.6280259490013123, -0.3935681879520416, -0.6713322401046753, -2.0692243576049805], [0.7093813419342041, -0.06513852626085281, 0.701807975769043, -1.05984628200531], [-0.319938987493515, -0.9169844388961792, 0.23828142881393433, -0.6390230059623718], [0.0, 0.0, 0.0, 1.0]]}, "Bone": {"matrix": [[0.46565914154052734, -0.44001010060310364, 0.7678232789039612, -1.3150008916854858], [-0.8499314785003662, 0.01933968998491764, 0.5265378355979919, -0.7201875448226929], [-0.24653136730194092, -0.897784411907196, -0.3649728000164032, 0.2970566749572754], [0.0, 0.0, 0.0, 1.0]]}, "finger1joint1": {"matrix": [[-0.13045768439769745, -0.8587703108787537, 0.4954737424850464, -1.6811720132827759], [-0.11222241073846817, 0.509323239326477, 0.8532266020774841, -0.7040932774543762], [-0.9850820899009705, 0.05570665001869202, -0.16281850636005402, -0.4500683844089508], [0.0, 0.0, 0.0, 1.0]]}, "finger1joint2": {"matrix": [[-0.2579119801521301, -0.41175568103790283, -0.8740358352661133, -2.166530132293701], [-0.37682902812957764, -0.7901281118392944, 0.48342233896255493, -0.4162348210811615], [-0.8896522521972656, 0.45404255390167236, 0.048621974885463715, -0.4185842275619507], [0.0, 0.0, 0.0, 1.0]]}, "finger1joint3": {"matrix": [[-0.3298216164112091, 0.341031014919281, -0.8802928924560547, -2.343043088912964], [-0.29669156670570374, -0.9226685762405396, -0.24628543853759766, -0.7549498081207275], [-0.8962096571922302, 0.17994527518749237, 0.4054970443248749, -0.22394362092018127], [0.0, 0.0, 0.0, 1.0]]}, "Bone.001": {"matrix": [[0.37643101811408997, -0.29002684354782104, 0.8798772096633911, -1.3150010108947754], [-0.7248818278312683, 0.49922725558280945, 0.47467678785324097, -0.7201875448226929], [-0.5769277215003967, -0.8164902329444885, -0.022310618311166763, 0.29705673456192017], [0.0, 0.0, 0.0, 1.0]]}, "finger2joint1": {"matrix": [[-0.16358819603919983, -0.24815596640110016, 0.954807460308075, -1.4988442659378052], [-0.14178389310836792, 0.9637117385864258, 0.22617818415164948, -0.403735488653183], [-0.9762867093086243, -0.09837634116411209, -0.1928364485502243, -0.2205030620098114], [0.0, 0.0, 0.0, 1.0]]}, "finger2joint2": {"matrix": [[-0.27289247512817383, -0.3719784915447235, 0.8872212171554565, -1.7135361433029175], [-0.07434548437595367, 0.9276207685470581, 0.36604925990104675, 0.43001866340637207], [-0.95916748046875, 0.03393111005425453, -0.28079572319984436, -0.30561327934265137], [0.0, 0.0, 0.0, 1.0]]}, "finger2joint3": {"matrix": [[-0.391933411359787, -0.6632225513458252, 0.6375921964645386, -1.8547451496124268], [0.00013264174049254507, 0.6929990649223328, 0.7209382057189941, 0.7821587324142456], [-0.9199934005737305, 0.2826443314552307, -0.271521657705307, -0.29273247718811035], [0.0, 0.0, 0.0, 1.0]]}, "Bone.002": {"matrix": [[0.0536978654563427, -0.3652104437351227, 0.9293749332427979, -1.3150008916854858], [-0.1788584589958191, 0.9121481776237488, 0.3687751293182373, -0.7201875448226929], [-0.9824082851409912, -0.18602904677391052, -0.016340622678399086, 0.2970567047595978], [0.0, 0.0, 0.0, 1.0]]}, "finger3joint1": {"matrix": [[0.19220474362373352, 0.01039862260222435, 0.9812996983528137, -1.4689408540725708], [-0.799027681350708, 0.5821976661682129, 0.1503341794013977, -0.33570796251296997], [-0.5697472095489502, -0.8129807114601135, 0.12020993232727051, 0.21864357590675354], [0.0, 0.0, 0.0, 1.0]]}, "finger3joint2": {"matrix": [[0.15321697294712067, -0.6661643981933594, 0.7298969030380249, -1.4598194360733032], [-0.7021397352218628, 0.4463527798652649, 0.554768979549408, 0.1749851107597351], [-0.6953589916229248, -0.5974897146224976, -0.3993518650531769, -0.49448809027671814], [0.0, 0.0, 0.0, 1.0]]}, "finger3joint3": {"matrix": [[-0.004950082395225763, -0.8910173773765564, 0.45394212007522583, -1.8908812999725342], [-0.7624102234840393, 0.29710447788238525, 0.5748558640480042, 0.46381115913391113], [-0.6470748782157898, -0.34324461221694946, -0.6807916164398193, -0.8811119198799133], [0.0, 0.0, 0.0, 1.0]]}, "Bone.003": {"matrix": [[0.3482872545719147, 0.2634076774120331, 0.8996179103851318, -1.3150008916854858], [0.5482783913612366, 0.7211796045303345, -0.42342713475227356, -0.7201875448226929], [-0.7603200674057007, 0.6407153606414795, 0.10675691813230515, 0.2970567047595978], [0.0, 0.0, 0.0, 1.0]]}, "finger4joint1": {"matrix": [[0.18783995509147644, -0.2887241244316101, 0.9388047456741333, -1.2020992040634155], [-0.693303108215332, 0.6380719542503357, 0.3349544107913971, -0.41107597947120667], [-0.6957345604896545, -0.7137941718101501, -0.08031799644231796, 0.5716797113418579], [0.0, 0.0, 0.0, 1.0]]}, "finger4joint2": {"matrix": [[0.19926555454730988, -0.955780565738678, 0.2162788063287735, -1.4889060258865356], [-0.6718969345092773, 0.02740168757736683, 0.7401371598243713, 0.22275857627391815], [-0.7133352756500244, -0.2928008735179901, -0.6367260217666626, -0.137374147772789], [0.0, 0.0, 0.0, 1.0]]}, "finger4joint3": {"matrix": [[0.2748408317565918, -0.7828070521354675, -0.5582789778709412, -1.8875266313552856], [-0.6826043725013733, -0.5677801370620728, 0.4600830078125, 0.2341867983341217], [-0.6771360635757446, 0.25463420152664185, -0.690396785736084, -0.2594905197620392], [0.0, 0.0, 0.0, 1.0]]}}