{"root": {"matrix": [[0.3184518814086914, -0.9228202700614929, -0.21677447855472565, 0.0], [-0.1701090782880783, 0.16933520138263702, -0.9707669615745544, 0.0], [0.9325509667396545, 0.34601789712905884, -0.10305505990982056, 0.0], [0.0, 0.0, 0.0, 1.0]]}, "carpals": {"matrix": [[0.693244457244873, -0.4427900016307831, -0.5686377882957458, -0.15872973203659058], [0.5196521282196045, -0.23959629237651825, 0.8200945258140564, -0.10980944335460663], [-0.49937307834625244, -0.8640199303627014, 0.06399815529584885, 2.4592137336730957], [0.0, 0.0, 0.0, 1.0]]}, "metacarpals": {"matrix": [[0.630230724811554, -0.672143280506134, 0.3886289596557617, -0.590004563331604], [-0.2982282042503357, 0.2525777518749237, 0.9204695224761963, -0.3431747555732727], [-0.7168465852737427, -0.6960082650184631, -0.041269633919000626, 1.6176635026931763], [0.0, 0.0, 0.0, 1.0]]}, "finger5joint1": {"matrix": [[0.5588544607162476, -0.5891458988189697, 0.5835997462272644, -1.2440292835235596], [-0.3015132248401642, 0.5112309455871582, 0.8048182725906372, -0.5253587961196899], [-0.772509753704071, -0.6257391571998596, 0.1080685555934906, 1.3632317781448364], [0.0, 0.0, 0.0, 1.0]]}, "finger5joint2": {"matrix": [[0.6334965825080872, -0.3201928734779358, -0.704384982585907, -1.8663278818130493], [0.723948061466217, 0.5665955543518066, 0.393532931804657, 0.01464030146598816], [0.27309510111808777, -0.7592397332191467, 0.5907396078109741, 0.7022808790206909], [0.0, 0.0, 0.0, 1.0]]}, "finger5joint3": {"matrix": [[0.6386525630950928, -0.24461622536182404, -0.7295788526535034, -2.086407423019409], [0.7509127855300903, 0.4052238166332245, 0.5214625000953674, 0.4040812849998474], [0.16808466613292694, -0.8808833956718445, 0.44248297810554504, 0.18042883276939392], [0.0, 0.0, 0.0, 1.0]]}, "Bone": {"matrix": [[0.7261195778846741, 0.43944284319877625, 0.5288101434707642, -1.6394068002700806], [-0.3725416958332062, -0.3949720859527588, 0.8397675156593323, 0.051169246435165405], [0.5778949856758118, -0.8067756295204163, -0.12308602780103683, 0.5310013294219971], [0.0, 0.0, 0.0, 1.0]]}, "finger1joint1": {"matrix": [[0.7265483736991882, -0.6347745060920715, 0.26303714513778687, -1.2737078666687012], [-0.2981489896774292, 0.053652603179216385, 0.9530101418495178, -0.27752164006233215], [-0.6190593838691711, -0.7708322405815125, -0.15027594566345215, -0.1403874158859253], [0.0, 0.0, 0.0, 1.0]]}, "finger1joint2": {"matrix": [[0.6245156526565552, -0.7347760796546936, 0.264734148979187, -1.6324687004089355], [-0.5751561522483826, -0.20336662232875824, 0.7923617959022522, -0.24719834327697754], [-0.5283706784248352, -0.647105872631073, -0.5496164560317993, -0.576045036315918], [0.0, 0.0, 0.0, 1.0]]}, "finger1joint3": {"matrix": [[0.6746494770050049, -0.7272677421569824, -0.12621265649795532, -1.9474549293518066], [-0.4841041564941406, -0.5650272965431213, 0.6681221127510071, -0.33437830209732056], [-0.557217538356781, -0.3896482288837433, -0.7332684397697449, -0.8534486889839172], [0.0, 0.0, 0.0, 1.0]]}, "Bone.001": {"matrix": [[0.8889409303665161, 0.3012721836566925, 0.34499096870422363, -1.639406681060791], [-0.38240960240364075, 0.07363561540842056, 0.921053946018219, 0.051169253885746], [0.25208425521850586, -0.950690507888794, 0.18066729605197906, 0.5310013294219971], [0.0, 0.0, 0.0, 1.0]]}, "finger2joint1": {"matrix": [[0.9110287427902222, -0.3943071961402893, -0.12061602622270584, -1.4484351873397827], [-0.17080970108509064, -0.6271169781684875, 0.7599658370018005, 0.09784570336341858], [-0.37530043721199036, -0.6717485189437866, -0.638672947883606, -0.07162582874298096], [0.0, 0.0, 0.0, 1.0]]}, "finger2joint2": {"matrix": [[0.8788700699806213, -0.46504589915275574, -0.1063934937119484, -1.789569616317749], [-0.29631757736206055, -0.7069261074066162, 0.6422235369682312, -0.4447038471698761], [-0.3738759160041809, -0.532904863357544, -0.7590973973274231, -0.6527883410453796], [0.0, 0.0, 0.0, 1.0]]}, "finger2joint3": {"matrix": [[0.8256979584693909, -0.540848433971405, -0.16032949090003967, -1.966108798980713], [-0.43163594603538513, -0.7887256145477295, 0.4377235770225525, -0.7130646705627441], [-0.36319825053215027, -0.29222366213798523, -0.8846988081932068, -0.8550878167152405], [0.0, 0.0, 0.0, 1.0]]}, "Bone.002": {"matrix": [[0.8416913747787476, -0.35976365208625793, 0.40264827013015747, -1.639406681060791], [-0.2372003048658371, 0.42353975772857666, 0.8742710947990417, 0.05116923153400421], [-0.4850686192512512, -0.8313745856285095, 0.27115386724472046, 0.5310013294219971], [0.0, 0.0, 0.0, 1.0]]}, "finger3joint1": {"matrix": [[0.7962402701377869, 0.20022131502628326, 0.5708878040313721, -1.791050672531128], [-0.5099455714225769, 0.7298536896705627, 0.4552680552005768, 0.22969543933868408], [-0.3255104124546051, -0.6536242365837097, 0.6832408308982849, 0.18056857585906982], [0.0, 0.0, 0.0, 1.0]]}, "finger3joint2": {"matrix": [[0.7951292395591736, -0.5348491668701172, 0.28584232926368713, -1.6154203414916992], [-0.40539637207984924, -0.11823377013206482, 0.9064626097679138, 0.8699096441268921], [-0.45102474093437195, -0.8366342186927795, -0.3108367919921875, -0.39277851581573486], [0.0, 0.0, 0.0, 1.0]]}, "finger3joint3": {"matrix": [[0.708207905292511, -0.6742352247238159, -0.20940016210079193, -1.9615106582641602], [-0.5574172139167786, -0.7160196900367737, 0.42024001479148865, 0.793402910232544], [-0.4332754611968994, -0.18089419603347778, -0.8829209208488464, -0.9341480731964111], [0.0, 0.0, 0.0, 1.0]]}, "Bone.003": {"matrix": [[0.5936001539230347, -0.5841923356056213, 0.553496241569519, -1.639406681060791], [0.5301233530044556, 0.8013204336166382, 0.27722683548927307, 0.051169246435165405], [-0.6054814457893372, 0.12885959446430206, 0.7853580117225647, 0.5310012698173523], [0.0, 0.0, 0.0, 1.0]]}, "finger4joint1": {"matrix": [[0.8714936375617981, -0.04682831093668938, 0.4881657063961029, -1.8898029327392578], [-0.46183469891548157, 0.2564394176006317, 0.8490861058235168, 0.3946307301521301], [-0.16494640707969666, -0.9654248952865601, 0.20185858011245728, 0.5862330198287964], [0.0, 0.0, 0.0, 1.0]]}, "finger4joint2": {"matrix": [[0.8794551491737366, -0.46609047055244446, -0.09653012454509735, -1.936320424079895], [-0.43935278058052063, -0.8729246258735657, 0.2120644897222519, 0.649367094039917], [-0.18310494720935822, -0.14409060776233673, -0.9724761247634888, -0.3727804720401764], [0.0, 0.0, 0.0, 1.0]]}, "finger4joint3": {"matrix": [[0.9164732694625854, -0.16166134178638458, -0.36598095297813416, -2.130709171295166], [-0.36832451820373535, -0.6981292963027954, -0.6139643788337708, 0.28530269861221313], [-0.15624789893627167, 0.6974815130233765, -0.6993607878684998, -0.4328753352165222], [0.0, 0.0, 0.0, 1.0]]}}