{"root": {"matrix": [[0.6289957761764526, -0.744491457939148, -0.2238232046365738, 0.0], [-0.7766842842102051, -0.6142277717590332, -0.13959145545959473, 0.0], [-0.0335538424551487, 0.26164233684539795, -0.9645814895629883, 0.0], [0.0, 0.0, 0.0, 1.0]]}, "carpals": {"matrix": [[0.0020245409104973078, -0.547939121723175, -0.8365156650543213, 0.718900740146637], [0.5608388185501099, 0.6931950449943542, -0.45270317792892456, -2.3419737815856934], [0.8279223442077637, -0.4682340919971466, 0.30870890617370605, 0.28866302967071533], [0.0, 0.0, 0.0, 1.0]]}, "metacarpals": {"matrix": [[0.09279977530241013, -0.9722208976745605, -0.2148825228214264, 0.1852114200592041], [0.6770223379135132, 0.21985875070095062, -0.7023550271987915, -1.6668058633804321], [0.7300881743431091, -0.08030198514461517, 0.6786182522773743, -0.16739416122436523], [0.0, 0.0, 0.0, 1.0]]}, "finger5joint1": {"matrix": [[0.0821755975484848, -0.8699951767921448, -0.48616382479667664, -0.2974928617477417], [0.5908740758895874, 0.43536219000816345, -0.6792107224464417, -1.371207356452942], [0.8025676012039185, -0.23144720494747162, 0.5498338341712952, -0.6204869747161865], [0.0, 0.0, 0.0, 1.0]]}, "finger5joint2": {"matrix": [[-0.32516682147979736, -0.9452793002128601, -0.02670184336602688, -1.216444730758667], [-0.785096287727356, 0.2855900526046753, -0.549601137638092, -0.9113463163375854], [0.5271525382995605, -0.1577487587928772, -0.8350000977516174, -0.8649582266807556], [0.0, 0.0, 0.0, 1.0]]}, "finger5joint3": {"matrix": [[-0.41002824902534485, -0.8850205540657043, -0.2204878181219101, -1.8661682605743408], [-0.7235525250434875, 0.46280911564826965, -0.5121315717697144, -0.7150503396987915], [0.555290937423706, -0.050454072654247284, -0.8301240801811218, -0.9733844995498657], [0.0, 0.0, 0.0, 1.0]]}, "Bone": {"matrix": [[0.9895343780517578, -0.037198979407548904, -0.139418825507164, -1.332695484161377], [-0.05244824290275574, 0.8073921203613281, -0.5876792669296265, -1.3235454559326172], [0.13442683219909668, 0.5888412594795227, 0.7969913482666016, -0.29276788234710693], [0.0, 0.0, 0.0, 1.0]]}, "finger1joint1": {"matrix": [[0.29505157470703125, -0.9392090439796448, -0.1755865216255188, -1.3636518716812134], [0.571141242980957, 0.3206871449947357, -0.755617082118988, -0.6516436338424683], [0.7659909129142761, 0.12266125530004501, 0.6310403943061829, 0.19725853204727173], [0.0, 0.0, 0.0, 1.0]]}, "finger1joint2": {"matrix": [[0.3532254099845886, -0.7273267507553101, -0.5884108543395996, -1.8944724798202515], [0.7675463557243347, 0.5849010348320007, -0.26222729682922363, -0.4703981876373291], [0.5348871946334839, -0.3590073883533478, 0.7648590207099915, 0.26658400893211365], [0.0, 0.0, 0.0, 1.0]]}, "finger1joint3": {"matrix": [[0.3182636797428131, 0.03353440389037132, -0.9474087953567505, -2.206265687942505], [0.7150660157203674, 0.647641658782959, 0.2631363868713379, -0.2196607142686844], [0.6224057078361511, -0.7612066268920898, 0.18214145302772522, 0.11268343031406403], [0.0, 0.0, 0.0, 1.0]]}, "Bone.001": {"matrix": [[0.8948241472244263, -0.4338463246822357, -0.10519879311323166, -1.3326953649520874], [0.1548798680305481, 0.5227199792861938, -0.8383171558380127, -1.3235453367233276], [0.4186904728412628, 0.7338533997535706, 0.5349366664886475, -0.2927679121494293], [0.0, 0.0, 0.0, 1.0]]}, "finger2joint1": {"matrix": [[0.5006307363510132, -0.39385393261909485, -0.770874559879303, -1.6077033281326294], [0.2610999345779419, 0.9177330732345581, -0.2993200123310089, -0.9922017455101013], [0.8253456354141235, -0.05142658203840256, 0.5622807145118713, 0.1724097728729248], [0.0, 0.0, 0.0, 1.0]]}, "finger2joint2": {"matrix": [[0.5320501327514648, -0.33676254749298096, -0.7768612504005432, -1.9484456777572632], [0.36956125497817993, 0.9178575277328491, -0.14478133618831635, -0.1982259303331375], [0.7618051171302795, -0.21006695926189423, 0.612800657749176, 0.12791812419891357], [0.0, 0.0, 0.0, 1.0]]}, "finger2joint3": {"matrix": [[0.5571854710578918, -0.22167855501174927, -0.8002516031265259, -2.0762863159179688], [0.4838466942310333, 0.8698802590370178, 0.09591794013977051, 0.15020787715911865], [0.6748603582382202, -0.4406433403491974, 0.5919432044029236, 0.04817326366901398], [0.0, 0.0, 0.0, 1.0]]}, "Bone.002": {"matrix": [[0.3404206931591034, -0.9402292370796204, 0.009084844030439854, -1.332695484161377], [0.4886569380760193, 0.1686524897813797, -0.8560201525688171, -1.323545217514038], [0.8033231496810913, 0.29584628343582153, 0.5168624520301819, -0.29276788234710693], [0.0, 0.0, 0.0, 1.0]]}, "finger3joint1": {"matrix": [[0.18969160318374634, -0.7151626944541931, 0.6727251410484314, -1.7290115356445312], [0.6492025852203369, -0.4226546585559845, -0.6323755979537964, -1.2524566650390625], [0.7365821003913879, 0.5566911697387695, 0.38411158323287964, -0.16806569695472717], [0.0, 0.0, 0.0, 1.0]]}, "finger3joint2": {"matrix": [[0.047980327159166336, -0.26047369837760925, -0.9642878770828247, -2.3563389778137207], [0.598240852355957, 0.7805867791175842, -0.18108564615249634, -1.6232013702392578], [0.7998785972595215, -0.5681880116462708, 0.1932787001132965, 0.32025352120399475], [0.0, 0.0, 0.0, 1.0]]}, "finger3joint3": {"matrix": [[0.19647258520126343, 0.933261513710022, -0.3007010519504547, -2.524886131286621], [0.6581541299819946, 0.10179852694272995, 0.7459692358970642, -1.1180990934371948], [0.726795494556427, -0.3444700539112091, -0.5942295789718628, -0.047409750521183014], [0.0, 0.0, 0.0, 1.0]]}, "Bone.003": {"matrix": [[-0.251461923122406, -0.6648136973381042, 0.7034127712249756, -1.332695484161377], [-0.04783375933766365, -0.7173413038253784, -0.6950778365135193, -1.3235453367233276], [0.9666843414306641, -0.20843257009983063, 0.14858365058898926, -0.29276788234710693], [0.0, 0.0, 0.0, 1.0]]}, "finger4joint1": {"matrix": [[-0.10867882519960403, -0.9723696708679199, -0.20660527050495148, -1.617647409439087], [0.7130569815635681, 0.06855793297290802, -0.6977457404136658, -1.631011724472046], [0.6926314234733582, -0.2231517881155014, 0.6859043836593628, -0.38210606575012207], [0.0, 0.0, 0.0, 1.0]]}, "finger4joint2": {"matrix": [[-0.13490934669971466, 0.06983745843172073, -0.9883934855461121, -2.583559513092041], [0.7008345723152161, 0.7118798494338989, -0.04535987973213196, -1.5629091262817383], [0.7004497647285461, -0.6988201141357422, -0.1449839472770691, -0.6037759780883789], [0.0, 0.0, 0.0, 1.0]]}, "finger4joint3": {"matrix": [[-0.12577439844608307, 0.8509681224822998, -0.5099348425865173, -2.5544331073760986], [0.6398215889930725, 0.462408185005188, 0.613845705986023, -1.2660104036331177], [0.7581613063812256, -0.2490612417459488, -0.6026272773742676, -0.8952279090881348], [0.0, 0.0, 0.0, 1.0]]}}