{"root": {"matrix": [[0.695071280002594, -0.5664276480674744, 0.44275909662246704, 0.0], [0.6919721961021423, 0.35998547077178955, -0.6257674694061279, 0.0], [0.1950652301311493, 0.7413300275802612, 0.6421676874160767, 0.0], [0.0, 0.0, 0.0, 1.0]]}, "carpals": {"matrix": [[-0.2274329662322998, -0.7829517722129822, -0.5790168046951294, 0.9676791429519653], [0.81244957447052, -0.4803599417209625, 0.3304237425327301, 1.9875893592834473], [-0.5368423461914062, -0.3952726721763611, 0.7453586459159851, 1.0945641994476318], [0.0, 0.0, 0.0, 1.0]]}, "metacarpals": {"matrix": [[-0.1746252477169037, -0.9517763257026672, -0.25224485993385315, 0.20508885383605957], [0.833292543888092, -0.27932387590408325, 0.47707611322402954, 1.5197217464447021], [-0.5245278477668762, -0.12688414752483368, 0.8418852090835571, 0.7095710635185242], [0.0, 0.0, 0.0, 1.0]]}, "finger5joint1": {"matrix": [[-0.22154656052589417, -0.9145122766494751, -0.3385024964809418, -0.20365464687347412], [0.8498306274414062, -0.35130733251571655, 0.392900675535202, 1.0178523063659668], [-0.4782309830188751, -0.20062391459941864, 0.8550116419792175, 0.3828745484352112], [0.0, 0.0, 0.0, 1.0]]}, "finger5joint2": {"matrix": [[-0.28125739097595215, -0.9594752192497253, 0.017341027036309242, -1.169628620147705], [0.38514479994773865, -0.1294143944978714, -0.9137369394302368, 0.6467761397361755], [0.8789524435997009, -0.2503162920475006, 0.4059358239173889, 0.17096105217933655], [0.0, 0.0, 0.0, 1.0]]}, "finger5joint3": {"matrix": [[-0.37012749910354614, -0.911678671836853, -0.17845676839351654, -1.8291096687316895], [0.42109960317611694, 0.006579153705388308, -0.9069903492927551, 0.5578250288963318], [0.828058123588562, -0.4108501076698303, 0.3814725875854492, -0.0010901093482971191], [0.0, 0.0, 0.0, 1.0]]}, "Bone": {"matrix": [[0.9312617778778076, -0.28806349635124207, -0.2230929732322693, -1.2808982133865356], [0.36332452297210693, 0.688293993473053, 0.6278905868530273, 1.083619475364685], [-0.02731889858841896, -0.6657857894897461, 0.7456424832344055, 0.5114697217941284], [0.0, 0.0, 0.0, 1.0]]}, "finger1joint1": {"matrix": [[0.013882005587220192, -0.7566628456115723, -0.6536575555801392, -1.5206212997436523], [0.8992691040039062, -0.27637025713920593, 0.33901986479759216, 1.6564093828201294], [-0.43717533349990845, -0.5925203561782837, 0.676607072353363, -0.042589038610458374], [0.0, 0.0, 0.0, 1.0]]}, "finger1joint2": {"matrix": [[0.2273644655942917, -0.49717918038368225, -0.837327778339386, -1.9482706785202026], [0.7586987018585205, -0.44859498739242554, 0.47237569093704224, 1.5002108812332153], [-0.610476553440094, -0.7426810264587402, 0.2752147316932678, -0.3774687349796295], [0.0, 0.0, 0.0, 1.0]]}, "finger1joint3": {"matrix": [[0.15948298573493958, -0.016939178109169006, -0.9870551228523254, -2.161403179168701], [0.8185811638832092, -0.5566090941429138, 0.14181411266326904, 1.3079055547714233], [-0.5518062710762024, -0.8306017518043518, -0.07490351051092148, -0.6958438158035278], [0.0, 0.0, 0.0, 1.0]]}, "Bone.001": {"matrix": [[0.7456844449043274, -0.6596044898033142, -0.09421353787183762, -1.2808982133865356], [0.6460991501808167, 0.6812606453895569, 0.3441505432128906, 1.0836195945739746], [-0.16281932592391968, -0.3174990117549896, 0.9341755509376526, 0.5114697217941284], [0.0, 0.0, 0.0, 1.0]]}, "finger2joint1": {"matrix": [[-0.04903136193752289, -0.9959514141082764, -0.07534122467041016, -1.6990106105804443], [0.8508893847465515, -0.0811537355184555, 0.5190386176109314, 1.515459656715393], [-0.5230515599250793, -0.03865779936313629, 0.8514237403869629, 0.31021225452423096], [0.0, 0.0, 0.0, 1.0]]}, "finger2joint2": {"matrix": [[-0.13172277808189392, -0.11833079159259796, -0.9841983914375305, -2.560657024383545], [0.7884423136711121, -0.6142929792404175, -0.03166626766324043, 1.4452495574951172], [-0.6008391976356506, -0.7801548838615417, 0.17421351373195648, 0.2767674922943115], [0.0, 0.0, 0.0, 1.0]]}, "finger2joint3": {"matrix": [[-0.055954303592443466, 0.9293455481529236, -0.36494576930999756, -2.6055774688720703], [0.712435781955719, -0.21891888976097107, -0.6667155027389526, 1.2120537757873535], [-0.6995027661323547, -0.2973061800003052, -0.6498497128486633, -0.01939210295677185], [0.0, 0.0, 0.0, 1.0]]}, "Bone.002": {"matrix": [[0.07595521956682205, -0.9968557953834534, 0.02255774661898613, -1.2808982133865356], [0.9326251745223999, 0.07902856916189194, 0.3520863652229309, 1.0836195945739746], [-0.3527621328830719, -0.005704754497855902, 0.9356955885887146, 0.5114696621894836], [0.0, 0.0, 0.0, 1.0]]}, "finger3joint1": {"matrix": [[0.22458966076374054, -0.6372718811035156, -0.7371863126754761, -1.7010829448699951], [0.9252427220344543, -0.0979112982749939, 0.36652350425720215, 1.1169309616088867], [-0.305754154920578, -0.7643936276435852, 0.5676413774490356, 0.5090650916099548], [0.0, 0.0, 0.0, 1.0]]}, "finger3joint2": {"matrix": [[0.14942362904548645, -0.024868348613381386, -0.98846036195755, -2.2600860595703125], [0.8831968307495117, -0.4461112916469574, 0.14473479986190796, 1.0310449600219727], [-0.44456273317337036, -0.8946318030357361, -0.044695835560560226, -0.16144686937332153], [0.0, 0.0, 0.0, 1.0]]}, "finger3joint3": {"matrix": [[0.31209877133369446, 0.29324644804000854, -0.903659462928772, -2.2761778831481934], [0.823043167591095, -0.5585620999336243, 0.1029973030090332, 0.7423751950263977], [-0.4745464622974396, -0.7758961915969849, -0.41568097472190857, -0.7403454780578613], [0.0, 0.0, 0.0, 1.0]]}, "Bone.003": {"matrix": [[-0.4498881697654724, -0.48628807067871094, 0.7490822672843933, -1.2808982133865356], [0.8527831435203552, -0.4830331802368164, 0.19859468936920166, 1.0836197137832642], [0.26525741815567017, 0.7281502485275269, 0.6320092082023621, 0.5114696025848389], [0.0, 0.0, 0.0, 1.0]]}, "finger4joint1": {"matrix": [[-0.25371432304382324, -0.8157202005386353, -0.5198355317115784, -1.489330768585205], [0.7960662245750427, -0.48136958479881287, 0.3668265640735626, 0.8765822649002075], [-0.5494609475135803, -0.32075434923171997, 0.771497905254364, 0.8235690593719482], [0.0, 0.0, 0.0, 1.0]]}, "finger4joint2": {"matrix": [[-0.2823373079299927, -0.11861203610897064, -0.9519538879394531, -2.299633502960205], [0.7917575240135193, -0.5891204476356506, -0.16142156720161438, 0.3984094262123108], [-0.5416690111160278, -0.7992921471595764, 0.26024287939071655, 0.5049448013305664], [0.0, 0.0, 0.0, 1.0]]}, "finger4joint3": {"matrix": [[-0.25754430890083313, 0.3951551616191864, -0.8817724585533142, -2.349102258682251], [0.8402647972106934, -0.3589928448200226, -0.40629899501800537, 0.15270915627479553], [-0.47710123658180237, -0.8455626964569092, -0.23957835137844086, 0.1715897172689438], [0.0, 0.0, 0.0, 1.0]]}}