{"root": {"matrix": [[0.4383368194103241, -0.8786846399307251, 0.1891404688358307, -5.960464477539063e-08], [0.2702387273311615, -0.07185708731412888, -0.9601081013679504, 0.0], [0.857223391532898, 0.4719638228416443, 0.20595693588256836, -2.9802322387695312e-08], [0.0, 0.0, 0.0, 1.0]]}, "carpals": {"matrix": [[-0.21461381018161774, -0.5682491064071655, -0.7943761944770813, 0.10995206236839294], [0.976306676864624, -0.14786189794540405, -0.15799380838871002, 0.6487443447113037], [-0.02767796441912651, -0.8094624280929565, 0.5865186452865601, 2.377399206161499], [0.0, 0.0, 0.0, 1.0]]}, "metacarpals": {"matrix": [[-0.20982256531715393, -0.8023730516433716, -0.5587233304977417, -0.44351911544799805], [0.9729731678962708, -0.11499406397342682, -0.20024867355823517, 0.5047277212142944], [0.09642443060874939, -0.5856394171714783, 0.8048157691955566, 1.5889877080917358], [0.0, 0.0, 0.0, 1.0]]}, "finger5joint1": {"matrix": [[-0.5434987545013428, -0.6515722274780273, -0.5292091965675354, -0.634751558303833], [0.8240123987197876, -0.5343398451805115, -0.18837307393550873, 0.35075658559799194], [-0.16003867983818054, -0.5384554862976074, 0.8273167014122009, 0.9067869186401367], [0.0, 0.0, 0.0, 1.0]]}, "finger5joint2": {"matrix": [[-0.40197980403900146, -0.8141060471534729, 0.4190976619720459, -1.3229893445968628], [-0.16325002908706665, -0.3866518437862396, -0.9076615571975708, -0.21365180611610413], [0.9009778499603271, -0.43327921628952026, 0.022523146122694016, 0.3380313217639923], [0.0, 0.0, 0.0, 1.0]]}, "finger5joint3": {"matrix": [[-0.49868619441986084, -0.8426247835159302, 0.2032114863395691, -1.8825528621673584], [-0.14841388165950775, -0.14797402918338776, -0.9777917861938477, -0.47941115498542786], [0.8539817333221436, -0.5177705883979797, -0.051264818757772446, 0.04022333025932312], [0.0, 0.0, 0.0, 1.0]]}, "Bone": {"matrix": [[0.8046761155128479, -0.2485750913619995, -0.5391720533370972, -1.6962462663650513], [0.28042101860046387, 0.9595798254013062, -0.02388760633766651, 0.32519006729125977], [0.5233163833618164, -0.13197322189807892, 0.8418566584587097, 0.6746419072151184], [0.0, 0.0, 0.0, 1.0]]}, "finger1joint1": {"matrix": [[-0.1249997466802597, -0.910511314868927, -0.39413687586784363, -1.9031074047088623], [0.9696398973464966, -0.02795741893351078, -0.24293379485607147, 1.123740553855896], [0.2101750522851944, -0.4125373661518097, 0.8863627910614014, 0.5648154616355896], [0.0, 0.0, 0.0, 1.0]]}, "finger1joint2": {"matrix": [[0.019169146195054054, -0.23005624115467072, -0.9729883670806885, -2.4177086353302], [0.9979257583618164, -0.05541546642780304, 0.0327630490064621, 1.107939600944519], [-0.0614558607339859, -0.9715981483459473, 0.22851690649986267, 0.331658273935318], [0.0, 0.0, 0.0, 1.0]]}, "finger1joint3": {"matrix": [[-0.07103975862264633, 0.9754590392112732, -0.20840509235858917, -2.5163300037384033], [0.9974709153175354, 0.06898769736289978, -0.017108004540205002, 1.084183931350708], [-0.0023106771986931562, -0.20909346640110016, -0.9778927564620972, -0.08484987914562225], [0.0, 0.0, 0.0, 1.0]]}, "Bone.001": {"matrix": [[0.6035894155502319, -0.6867991089820862, -0.4049524664878845, -1.6962461471557617], [0.5836198925971985, 0.7266351580619812, -0.3624761700630188, 0.32519006729125977], [0.5432010293006897, -0.017551366239786148, 0.8394189476966858, 0.6746419072151184], [0.0, 0.0, 0.0, 1.0]]}, "finger2joint1": {"matrix": [[-0.056989774107933044, -0.15084321796894073, -0.9869134426116943, -2.1315970420837402], [0.9577406048774719, 0.27088767290115356, -0.09670858085155487, 0.7857922315597534], [0.28193068504333496, -0.9507185220718384, 0.1290309727191925, 0.6635164618492126], [0.0, 0.0, 0.0, 1.0]]}, "finger2joint2": {"matrix": [[0.021050939336419106, -0.011363849975168705, -0.999713659286499, -2.262098789215088], [0.9831351637840271, 0.18192872405052185, 0.018633844330906868, 1.0201504230499268], [0.18166501820087433, -0.9832457900047302, 0.015002083033323288, -0.15899667143821716], [0.0, 0.0, 0.0, 1.0]]}, "finger2joint3": {"matrix": [[0.10885116457939148, 0.2099360078573227, -0.9716367125511169, -2.2664127349853516], [0.9918898344039917, 0.041583385318517685, 0.12010479718446732, 1.0892136096954346], [0.06561840325593948, -0.9768301844596863, -0.20370689034461975, -0.5322529077529907], [0.0, 0.0, 0.0, 1.0]]}, "Bone.002": {"matrix": [[-0.03994882479310036, -0.9539920687675476, -0.29715806245803833, -1.6962461471557617], [0.9306060075759888, 0.07276666164398193, -0.3587163984775543, 0.32519009709358215], [0.3638359606266022, -0.2908672094345093, 0.8848838210105896, 0.6746419668197632], [0.0, 0.0, 0.0, 1.0]]}, "finger3joint1": {"matrix": [[-0.06848257780075073, -0.5813395380973816, -0.8107737898826599, -2.0983633995056152], [0.9720678925514221, 0.14398376643657684, -0.18534542620182037, 0.35586196184158325], [0.22448711097240448, -0.8008198738098145, 0.5552411675453186, 0.5520384907722473], [0.0, 0.0, 0.0, 1.0]]}, "finger3joint2": {"matrix": [[-0.1280393749475479, 0.3056670129299164, -0.9434900283813477, -2.6083037853240967], [0.9890548586845398, 0.10968832671642303, -0.09868670254945755, 0.48216187953948975], [0.0733247920870781, -0.9457990527153015, -0.3163657486438751, -0.15042591094970703], [0.0, 0.0, 0.0, 1.0]]}, "finger3joint3": {"matrix": [[0.04777061194181442, 0.7056427001953125, -0.7069554924964905, -2.410512685775757], [0.9957717061042786, 0.02195507101714611, 0.08920079469680786, 0.5531389713287354], [0.07846534997224808, -0.7082275748252869, -0.7016100287437439, -0.7624338269233704], [0.0, 0.0, 0.0, 1.0]]}, "Bone.003": {"matrix": [[-0.677321195602417, -0.5410076975822449, 0.4985443353652954, -1.6962462663650513], [0.4655856490135193, -0.8399069309234619, -0.2789020538330078, 0.32519006729125977], [0.5696191191673279, 0.0432087704539299, 0.820772111415863, 0.6746419072151184], [0.0, 0.0, 0.0, 1.0]]}, "finger4joint1": {"matrix": [[-0.21809737384319305, -0.8494489192962646, -0.4804888367652893, -1.9281327724456787], [0.9722371697425842, -0.14634272456169128, -0.18258854746818542, -0.034810349345207214], [0.08478382229804993, -0.5069711208343506, 0.8577829003334045, 0.6931620836257935], [0.0, 0.0, 0.0, 1.0]]}, "finger4joint2": {"matrix": [[-0.24674972891807556, 0.4821249544620514, -0.8406363725662231, -2.7719404697418213], [0.9649198651313782, 0.20251640677452087, -0.16708244383335114, -0.18018122017383575], [0.0896882638335228, -0.8523744940757751, -0.5151827931404114, 0.18955768644809723], [0.0, 0.0, 0.0, 1.0]]}, "finger4joint3": {"matrix": [[-0.2736489772796631, 0.9613399505615234, -0.030679602175951004, -2.570863962173462], [0.9470864534378052, 0.27488088607788086, 0.16573289036750793, -0.09571913629770279], [0.16775910556316376, 0.016296250745654106, -0.985693097114563, -0.16593606770038605], [0.0, 0.0, 0.0, 1.0]]}}