{"root": {"matrix": [[0.15783122181892395, -0.08294031023979187, -0.9839767217636108, -7.450580596923828e-09], [-0.6929715275764465, -0.7191919088363647, -0.05053223669528961, 5.960464477539063e-08], [-0.7034769654273987, 0.6898433566093445, -0.17098622024059296, 5.960464477539063e-08], [0.0, 0.0, 0.0, 1.0]]}, "carpals": {"matrix": [[0.0346725694835186, -0.9661256074905396, 0.2557321786880493, 0.38637274503707886], [0.794433057308197, 0.18189674615859985, 0.5794734358787537, -2.2654125690460205], [-0.6063610315322876, 0.1830703318119049, 0.77382892370224, -0.8964415192604065], [0.0, 0.0, 0.0, 1.0]]}, "metacarpals": {"matrix": [[-0.7470464706420898, -0.42802175879478455, 0.5086440443992615, -0.5546277761459351], [-0.2881642282009125, 0.8980185389518738, 0.3324512243270874, -2.0882461071014404], [-0.5990681052207947, 0.10178346186876297, -0.7942022681236267, -0.7181321978569031], [0.0, 0.0, 0.0, 1.0]]}, "finger5joint1": {"matrix": [[-0.6545567512512207, -0.4976769685745239, 0.5690982937812805, -0.8770453333854675], [-0.44296351075172424, 0.8624821305274963, 0.24476033449172974, -1.6619712114334106], [-0.6126486659049988, -0.09188023209571838, -0.7849963903427124, -0.2282225787639618], [0.0, 0.0, 0.0, 1.0]]}, "finger5joint2": {"matrix": [[0.6823028922080994, -0.724395751953125, 0.09855479747056961, -1.402727723121643], [0.1515657603740692, 0.2720441520214081, 0.9502732157707214, -0.7509552836418152], [-0.7151854634284973, -0.6334367394447327, 0.2954102158546448, -0.3252730667591095], [0.0, 0.0, 0.0, 1.0]]}, "finger5joint3": {"matrix": [[0.6052317023277283, -0.7958321571350098, -0.018580712378025055, -1.9006304740905762], [0.12375324219465256, 0.07100576907396317, 0.9897689819335938, -0.5639697909355164], [-0.7863709330558777, -0.6013391613960266, 0.14146184921264648, -0.7606564164161682], [0.0, 0.0, 0.0, 1.0]]}, "Bone": {"matrix": [[0.262924462556839, -0.8792739510536194, 0.3971749246120453, -1.2228885889053345], [-0.9566113352775574, -0.18400271236896515, 0.22591474652290344, -0.6861900091171265], [-0.12555965781211853, -0.4393405318260193, -0.8895023465156555, -0.5592198967933655], [0.0, 0.0, 0.0, 1.0]]}, "finger1joint1": {"matrix": [[-0.6723037958145142, -0.7264854311943054, 0.1422196924686432, -1.9546095132827759], [-0.40032073855400085, 0.5183942317962646, 0.7556522488594055, -0.8393147587776184], [-0.6226962208747864, 0.45109444856643677, -0.6393457055091858, -0.9248336553573608], [0.0, 0.0, 0.0, 1.0]]}, "finger1joint2": {"matrix": [[-0.6690155863761902, 0.033986806869506836, -0.7424708604812622, -2.365203380584717], [-0.6216638684272766, -0.573111355304718, 0.5339261293411255, -0.5463295578956604], [-0.40737199783325195, 0.8187723159790039, 0.40454885363578796, -0.6698848605155945], [0.0, 0.0, 0.0, 1.0]]}, "finger1joint3": {"matrix": [[-0.7415624260902405, 0.36259809136390686, -0.5644535422325134, -2.3506338596343994], [-0.5429490208625793, -0.8185728192329407, 0.18746910989284515, -0.7920130491256714], [-0.3940703570842743, 0.4454895257949829, 0.803895115852356, -0.31889063119888306], [0.0, 0.0, 0.0, 1.0]]}, "Bone.001": {"matrix": [[-0.005156907718628645, -0.7250673770904541, 0.6886584758758545, -1.2228885889053345], [-0.9287206530570984, 0.25879549980163574, 0.26552310585975647, -0.6861899495124817], [-0.3707438111305237, -0.6382020711898804, -0.6747197508811951, -0.5592198371887207], [0.0, 0.0, 0.0, 1.0]]}, "finger2joint1": {"matrix": [[-0.6859821081161499, -0.6812448501586914, 0.25560471415519714, -1.6824967861175537], [-0.41641518473625183, 0.6556394100189209, 0.6298690438270569, -0.5221437811851501], [-0.5966795086860657, 0.3256412744522095, -0.7334377765655518, -0.9637657999992371], [0.0, 0.0, 0.0, 1.0]]}, "finger2joint2": {"matrix": [[-0.7654510736465454, -0.25895562767982483, -0.589089572429657, -2.2718753814697266], [-0.411837100982666, -0.5062689781188965, 0.7576817274093628, 0.0450819730758667], [-0.49444371461868286, 0.8225772976875305, 0.2808765470981598, -0.6820375323295593], [0.0, 0.0, 0.0, 1.0]]}, "finger2joint3": {"matrix": [[-0.7343818545341492, 0.3447682559490204, -0.5846519470214844, -2.3701789379119873], [-0.533229649066925, -0.8260074257850647, 0.1826951652765274, -0.14710605144500732], [-0.4199392795562744, 0.4459218680858612, 0.7904456257820129, -0.3697736859321594], [0.0, 0.0, 0.0, 1.0]]}, "Bone.002": {"matrix": [[-0.5200933218002319, -0.4338022768497467, 0.7357434630393982, -1.2228885889053345], [-0.48929131031036377, 0.8573839068412781, 0.15964527428150177, -0.6861900091171265], [-0.7000690698623657, -0.27696242928504944, -0.6581754684448242, -0.5592198967933655], [0.0, 0.0, 0.0, 1.0]]}, "finger3joint1": {"matrix": [[-0.6984841823577881, -0.33327317237854004, 0.6332841515541077, -1.4057406187057495], [-0.3762093782424927, 0.9237936735153198, 0.07121510058641434, -0.32479405403137207], [-0.6087580323219299, -0.18850478529930115, -0.7706357836723328, -0.6759623289108276], [0.0, 0.0, 0.0, 1.0]]}, "finger3joint2": {"matrix": [[-0.7664293050765991, -0.6354849338531494, 0.09351427853107452, -1.6980817317962646], [-0.22787980735301971, 0.4051264524459839, 0.8854056596755981, 0.4855406880378723], [-0.6005470752716064, 0.6572908759117126, -0.4553150534629822, -0.8413152694702148], [0.0, 0.0, 0.0, 1.0]]}, "finger3joint3": {"matrix": [[-0.8018118143081665, -0.22015142440795898, -0.5555457472801208, -2.1092915534973145], [-0.3531433641910553, -0.5753964185714722, 0.737704873085022, 0.7476900219917297], [-0.4820657968521118, 0.7876878976821899, 0.38361474871635437, -0.4159952998161316], [0.0, 0.0, 0.0, 1.0]]}, "Bone.003": {"matrix": [[-0.17427924275398254, 0.5632553100585938, 0.8076943755149841, -1.2228885889053345], [0.2002948671579361, 0.8233767151832581, -0.5309732556343079, -0.6861900091171265], [-0.9641101956367493, 0.0692393034696579, -0.2563147246837616, -0.5592198967933655], [0.0, 0.0, 0.0, 1.0]]}, "finger4joint1": {"matrix": [[-0.41068971157073975, -0.758705735206604, 0.5056671500205994, -0.9814663529396057], [-0.7115018367767334, 0.6134926676750183, 0.34262439608573914, -0.3332747220993042], [-0.5701742768287659, -0.21907073259353638, -0.7917758226394653, -0.5295425653457642], [0.0, 0.0, 0.0, 1.0]]}, "finger4joint2": {"matrix": [[-0.41813257336616516, -0.6960040926933289, -0.583732008934021, -1.7351336479187012], [-0.6905028223991394, -0.1740066260099411, 0.7020876407623291, 0.27614372968673706], [-0.5902291536331177, 0.6966345906257629, -0.4078349769115448, -0.7471584677696228], [0.0, 0.0, 0.0, 1.0]]}, "finger4joint3": {"matrix": [[-0.35024532675743103, -0.4309350550174713, -0.8316386342048645, -2.0254111289978027], [-0.6838449835777283, -0.48908543586730957, 0.5414341688156128, 0.20357203483581543], [-0.6400653719902039, 0.7583469748497009, -0.12339282035827637, -0.456618070602417], [0.0, 0.0, 0.0, 1.0]]}}