{"root": {"matrix": [[0.2950889766216278, -0.5766167044639587, -0.7618632912635803, 0.0], [-0.8208326697349548, 0.25512707233428955, -0.5110223889350891, 0.0], [0.4890359342098236, 0.776159405708313, -0.3980206847190857, 0.0], [0.0, 0.0, 0.0, 1.0]]}, "carpals": {"matrix": [[0.8870284557342529, -0.45534831285476685, 0.07640867680311203, 0.18858769536018372], [0.21938836574554443, 0.5612826943397522, 0.7980163097381592, -1.5491167306900024], [-0.40626224875450134, -0.6911001205444336, 0.5977720618247986, 1.910407543182373], [0.0, 0.0, 0.0, 1.0]]}, "metacarpals": {"matrix": [[0.205232173204422, -0.6911325454711914, 0.6929757595062256, -0.2549189329147339], [-0.3891226053237915, 0.5920584797859192, 0.7057265043258667, -1.00243079662323], [-0.8980329632759094, -0.41449034214019775, -0.1474257856607437, 1.2372801303863525], [0.0, 0.0, 0.0, 1.0]]}, "finger5joint1": {"matrix": [[0.2658225893974304, -0.8567805886268616, 0.44188830256462097, -0.9704058766365051], [-0.3002026379108429, 0.3620174825191498, 0.8825085163116455, -0.8865964412689209], [-0.9160876274108887, -0.36724674701690674, -0.16097526252269745, 1.2189632654190063], [0.0, 0.0, 0.0, 1.0]]}, "finger5joint2": {"matrix": [[0.4758315682411194, -0.43085482716560364, -0.7667776942253113, -1.8753995895385742], [0.8674160242080688, 0.0856516882777214, 0.4901556968688965, -0.50420743227005], [-0.14551009237766266, -0.8983469009399414, 0.41448649764060974, 0.8310507535934448], [0.0, 0.0, 0.0, 1.0]]}, "finger5joint3": {"matrix": [[0.4750203788280487, -0.09345237165689468, -0.874998152256012, -2.171541213989258], [0.843317449092865, -0.2356588989496231, 0.4829905331134796, -0.4453360438346863], [-0.2513376772403717, -0.9673319458961487, -0.03313254565000534, 0.21358542144298553], [0.0, 0.0, 0.0, 1.0]]}, "Bone": {"matrix": [[0.6534262299537659, -0.025811541825532913, 0.7565498948097229, -1.3339685201644897], [-0.7025957107543945, -0.3926840126514435, 0.5934290289878845, -0.07806316018104553], [0.28176772594451904, -0.9193111062049866, -0.274725079536438, 0.5901455879211426], [0.0, 0.0, 0.0, 1.0]]}, "finger1joint1": {"matrix": [[0.5658671855926514, -0.8167380690574646, 0.11284109205007553, -1.3554487228393555], [-0.4607381820678711, -0.19974005222320557, 0.8647680282592773, -0.40484994649887085], [-0.683750331401825, -0.5413342714309692, -0.4893287122249603, -0.17489370703697205], [0.0, 0.0, 0.0, 1.0]]}, "finger1joint2": {"matrix": [[0.5208640694618225, -0.6654810309410095, -0.5346359014511108, -1.8170514106750488], [-0.698058545589447, -0.6925374269485474, 0.18194977939128876, -0.5177386999130249], [-0.49133971333503723, 0.27843600511550903, -0.825262725353241, -0.480844110250473], [0.0, 0.0, 0.0, 1.0]]}, "finger1joint3": {"matrix": [[0.48810404539108276, -0.33215299248695374, -0.807111382484436, -2.10233211517334], [-0.6501635909080505, -0.7553180456161499, -0.08235083520412445, -0.8146181702613831], [-0.5822729468345642, 0.5649501085281372, -0.584627628326416, -0.3614831864833832], [0.0, 0.0, 0.0, 1.0]]}, "Bone.001": {"matrix": [[0.6905299425125122, -0.0005955114611424506, 0.7233034372329712, -1.3339685201644897], [-0.7188280820846558, 0.11050593852996826, 0.6863483786582947, -0.07806313782930374], [-0.08033811300992966, -0.9938751459121704, 0.07587970793247223, 0.5901456475257874], [0.0, 0.0, 0.0, 1.0]]}, "finger2joint1": {"matrix": [[0.36055630445480347, -0.3576265275478363, 0.8614535927772522, -1.3343461751937866], [-0.5270280838012695, 0.6839002966880798, 0.5045010447502136, -0.008015275001525879], [-0.7695714831352234, -0.6359112858772278, 0.058105435222387314, -0.03985559940338135], [0.0, 0.0, 0.0, 1.0]]}, "finger2joint2": {"matrix": [[0.2455797791481018, -0.5042222738265991, 0.8279192447662354, -1.6437463760375977], [-0.5073802471160889, 0.6608811020851135, 0.5529927611351013, 0.583660364151001], [-0.8259877562522888, -0.555873692035675, -0.09353332221508026, -0.5900136232376099], [0.0, 0.0, 0.0, 1.0]]}, "finger2joint3": {"matrix": [[0.11116021871566772, -0.704605221748352, 0.700838565826416, -1.8351572751998901], [-0.47559884190559387, 0.5814933180809021, 0.660053551197052, 0.8345417380332947], [-0.8726103901863098, -0.40668970346450806, -0.2704704999923706, -0.8010323643684387], [0.0, 0.0, 0.0, 1.0]]}, "Bone.002": {"matrix": [[0.48306798934936523, -0.3940751254558563, 0.7818887829780579, -1.3339686393737793], [-0.4488912522792816, 0.6552426815032959, 0.6075798273086548, -0.07806314527988434], [-0.7517592310905457, -0.644485354423523, 0.13962997496128082, 0.5901456475257874], [0.0, 0.0, 0.0, 1.0]]}, "finger3joint1": {"matrix": [[0.3200542628765106, 0.03932752460241318, 0.9465826153755188, -1.5000752210617065], [-0.526495635509491, 0.8380311131477356, 0.14319875836372375, 0.19812822341918945], [-0.7876343131065369, -0.5442028641700745, 0.28892117738723755, 0.31848859786987305], [0.0, 0.0, 0.0, 1.0]]}, "finger3joint2": {"matrix": [[0.2852816879749298, -0.9573886394500732, -0.04495988413691521, -1.4655780792236328], [-0.39251425862312317, -0.15949878096580505, 0.9058103561401367, 0.9332336783409119], [-0.8743837475776672, -0.24076366424560547, -0.4212906062602997, -0.15887609124183655], [0.0, 0.0, 0.0, 1.0]]}, "finger3joint3": {"matrix": [[0.2409231960773468, -0.29430925846099854, -0.9248449802398682, -2.085085153579712], [-0.5466722846031189, -0.8285215497016907, 0.121247798204422, 0.8300250768661499], [-0.801938533782959, 0.476375550031662, -0.360500693321228, -0.31466954946517944], [0.0, 0.0, 0.0, 1.0]]}, "Bone.003": {"matrix": [[0.540688157081604, -0.1427239328622818, 0.8290272951126099, -1.3339686393737793], [0.3644183874130249, 0.9279699921607971, -0.07791439443826675, -0.07806316018104553], [-0.7581921219825745, 0.34424036741256714, 0.553753674030304, 0.5901455879211426], [0.0, 0.0, 0.0, 1.0]]}, "finger4joint1": {"matrix": [[0.6068954467773438, -0.2551349699497223, 0.7527176737785339, -1.395142912864685], [-0.7215558290481567, 0.2201971560716629, 0.6564067602157593, 0.3196828067302704], [-0.33321887254714966, -0.9414982199668884, -0.05045736953616142, 0.7376937866210938], [0.0, 0.0, 0.0, 1.0]]}, "finger4joint2": {"matrix": [[0.6153093576431274, -0.7880171537399292, -0.020571913570165634, -1.6485835313796997], [-0.7035086750984192, -0.560721755027771, 0.4366532266139984, 0.5384176969528198], [-0.35562556982040405, -0.2542043924331665, -0.8993943333625793, -0.19755198061466217], [0.0, 0.0, 0.0, 1.0]]}, "finger4joint3": {"matrix": [[0.6789193153381348, -0.5538609027862549, -0.48198172450065613, -1.9772361516952515], [-0.6607754230499268, -0.7470974326133728, -0.07225431501865387, 0.30456143617630005], [-0.32006868720054626, 0.3675365149974823, -0.8731967210769653, -0.3035712242126465], [0.0, 0.0, 0.0, 1.0]]}}