{"root": {"matrix": [[0.5520827770233154, -0.12486197799444199, 0.8243870735168457, 0.0], [0.4923446476459503, 0.8467631936073303, -0.2014666199684143, 5.960464477539063e-08], [-0.6729050874710083, 0.5171089172363281, 0.5289584994316101, 0.0], [0.0, 0.0, 0.0, 1.0]]}, "carpals": {"matrix": [[-0.8086698055267334, -0.5853444337844849, -0.05852090194821358, 1.033621072769165], [0.586824357509613, -0.8096432685852051, -0.010711419396102428, 1.964900255203247], [-0.041111238300800323, -0.04300361126661301, 0.9982286095619202, -1.0750716924667358], [0.0, 0.0, 0.0, 1.0]]}, "metacarpals": {"matrix": [[-0.26199138164520264, -0.8574904799461365, 0.4427981972694397, 0.46349918842315674], [0.7064316868782043, -0.48299893736839294, -0.5173645615577698, 1.1763126850128174], [0.6575064063072205, 0.17726154625415802, 0.7323001623153687, -1.1169569492340088], [0.0, 0.0, 0.0, 1.0]]}, "finger5joint1": {"matrix": [[-0.11137017607688904, -0.9553912281990051, 0.2735395133495331, -0.1620267629623413], [0.6989563703536987, -0.27097034454345703, -0.6618419885635376, 0.9895524382591248], [0.7064393162727356, 0.11748260259628296, 0.6979549527168274, -1.4324134588241577], [0.0, 0.0, 0.0, 1.0]]}, "finger5joint2": {"matrix": [[0.3403378427028656, -0.939235270023346, -0.04479289799928665, -1.1711801290512085], [-0.6677787899971008, -0.2078871876001358, -0.7147405743598938, 0.7033339738845825], [0.6619979739189148, 0.273164838552475, -0.6979536414146423, -1.3083199262619019], [0.0, 0.0, 0.0, 1.0]]}, "finger5joint3": {"matrix": [[0.2531164586544037, -0.9436982274055481, -0.21299047768115997, -1.8167493343353271], [-0.6439031958580017, -2.3268537916010246e-05, -0.7651066780090332, 0.5604458451271057], [0.7220250964164734, 0.33080628514289856, -0.6076565384864807, -1.1205641031265259], [0.0, 0.0, 0.0, 1.0]]}, "Bone": {"matrix": [[0.7661734819412231, -0.4682373106479645, 0.4401496350765228, -0.8752816915512085], [0.628322958946228, 0.6895561218261719, -0.3601699471473694, 0.4222172498703003], [-0.1348627656698227, 0.5525089502334595, 0.8225240111351013, -0.8402024507522583], [0.0, 0.0, 0.0, 1.0]]}, "finger1joint1": {"matrix": [[-0.13854140043258667, -0.974163293838501, 0.1783587485551834, -1.2649428844451904], [0.7476620674133301, -0.22098544239997864, -0.6262320876121521, 0.9960572719573975], [0.6494671702384949, 0.04659287631511688, 0.7589606642723083, -0.3804112672805786], [0.0, 0.0, 0.0, 1.0]]}, "finger1joint2": {"matrix": [[-0.16675429046154022, -0.6181946992874146, -0.7681328058242798, -1.815518856048584], [0.9070913791656494, 0.20918738842010498, -0.36527496576309204, 0.871161162853241], [0.38649484515190125, -0.7576779723167419, 0.5258761048316956, -0.3540780544281006], [0.0, 0.0, 0.0, 1.0]]}, "finger1joint3": {"matrix": [[-0.22089552879333496, -0.24275682866573334, -0.9446025490760803, -2.080528736114502], [0.8571469783782959, 0.413749098777771, -0.30677464604377747, 0.9608363509178162], [0.4653002619743347, -0.8774284720420837, 0.11668282002210617, -0.6788821220397949], [0.0, 0.0, 0.0, 1.0]]}, "Bone.001": {"matrix": [[0.6088091731071472, -0.5330080986022949, 0.5875826478004456, -0.8752816915512085], [0.7774240970611572, 0.2533385455608368, -0.5757004618644714, 0.4222172796726227], [0.1579958200454712, 0.8072927594184875, 0.5686083436012268, -0.8402023315429688], [0.0, 0.0, 0.0, 1.0]]}, "finger2joint1": {"matrix": [[0.5832353234291077, -0.6940492391586304, 0.422056645154953, -1.213146686553955], [0.7159262895584106, 0.1937248855829239, -0.6707606911659241, 0.5828044414520264], [0.38377827405929565, 0.6933728456497192, 0.6098754405975342, -0.32847273349761963], [0.0, 0.0, 0.0, 1.0]]}, "finger2joint2": {"matrix": [[0.476572185754776, -0.861169159412384, -0.17682266235351562, -1.8136028051376343], [0.789422333240509, 0.507710874080658, -0.3450244069099426, 0.7504052519798279], [0.3868993818759918, 0.02484114281833172, 0.9217871427536011, 0.27139806747436523], [0.0, 0.0, 0.0, 1.0]]}, "finger2joint3": {"matrix": [[0.3885337710380554, -0.05727666616439819, -0.9196523427963257, -2.140516519546509], [0.8700957894325256, 0.35130050778388977, 0.34571802616119385, 0.9431406259536743], [0.30327293276786804, -0.9345089793205261, 0.1863282024860382, 0.2808281481266022], [0.0, 0.0, 0.0, 1.0]]}, "Bone.002": {"matrix": [[0.05540762469172478, -0.7329985499382019, 0.6779696345329285, -0.8752814531326294], [0.7428377270698547, -0.4234546720981598, -0.5185346007347107, 0.4222172498703003], [0.6671746969223022, 0.5323521494865417, 0.5210365056991577, -0.8402023911476135], [0.0, 0.0, 0.0, 1.0]]}, "finger3joint1": {"matrix": [[-0.17280277609825134, -0.20940662920475006, 0.9624384045600891, -1.1842477321624756], [0.7499150037765503, -0.6614691019058228, -0.009277242235839367, 0.24372687935829163], [0.6385661959648132, 0.7201438546180725, 0.27134108543395996, -0.6158106327056885], [0.0, 0.0, 0.0, 1.0]]}, "finger3joint2": {"matrix": [[-0.2409447729587555, -0.9161617755889893, 0.32030126452445984, -1.3679354190826416], [0.6356757879257202, -0.3983539342880249, -0.6612340211868286, -0.3365016281604767], [0.7333906888961792, 0.044286638498306274, 0.6783632636070251, 0.015886258333921432], [0.0, 0.0, 0.0, 1.0]]}, "finger3joint3": {"matrix": [[-0.3365302085876465, -0.758537769317627, -0.5580031871795654, -1.9607656002044678], [0.7172608375549316, 0.1774694323539734, -0.6738259792327881, -0.5942686200141907], [0.6101510524749756, -0.6269968748092651, 0.4843454360961914, 0.04454328119754791], [0.0, 0.0, 0.0, 1.0]]}, "Bone.003": {"matrix": [[0.024922356009483337, -0.026361141353845596, 0.9993416666984558, -0.875281572341919], [-0.0010299831628799438, -0.9996523857116699, -0.026343807578086853, 0.4222172796726227], [0.9996888041496277, -0.0003728095907717943, -0.02494068257510662, -0.8402023315429688], [0.0, 0.0, 0.0, 1.0]]}, "finger4joint1": {"matrix": [[-0.5095416903495789, -0.6480753421783447, 0.5660080313682556, -0.8865805268287659], [0.51207435131073, -0.7570327520370483, -0.40580907464027405, -0.0062531232833862305], [0.6914816498756409, 0.0830613300204277, 0.7176027297973633, -0.8403621912002563], [0.0, 0.0, 0.0, 1.0]]}, "finger4joint2": {"matrix": [[-0.5132389664649963, -0.8162750005722046, 0.26510438323020935, -1.530351996421814], [0.4866544008255005, -0.5312238335609436, -0.693518877029419, -0.7582585215568542], [0.7069319486618042, -0.2269269824028015, 0.6698887944221497, -0.7578524351119995], [0.0, 0.0, 0.0, 1.0]]}, "finger4joint3": {"matrix": [[-0.4474320113658905, -0.8943160176277161, -0.0017155618406832218, -1.8707900047302246], [0.5392215847969055, -0.2682444453239441, -0.798301100730896, -0.9798122048377991], [0.7134733200073242, -0.3581109046936035, 0.6022557616233826, -0.8524952530860901], [0.0, 0.0, 0.0, 1.0]]}}