{"root": {"matrix": [[0.5805093050003052, -0.7568524479866028, 0.30030542612075806, 0.0], [0.796907365322113, 0.45237019658088684, -0.4003745913505554, 0.0], [0.1671753078699112, 0.4717368185520172, 0.8657463788986206, 2.9802322387695312e-08], [0.0, 0.0, 0.0, 1.0]]}, "carpals": {"matrix": [[0.038869015872478485, -0.553735077381134, -0.8317850232124329, 0.5382249355316162], [0.30302536487579346, -0.7866834402084351, 0.5378704071044922, 2.289985179901123], [-0.9521893858909607, -0.2729584276676178, 0.13721823692321777, 0.7424736022949219], [0.0, 0.0, 0.0, 1.0]]}, "metacarpals": {"matrix": [[0.19571544229984283, -0.9012364149093628, -0.3866109549999237, -0.0011097192764282227], [0.02201819233596325, -0.39009734988212585, 0.9205102324485779, 1.5237603187561035], [-0.9804134368896484, -0.18867045640945435, -0.0565045066177845, 0.47661375999450684], [0.0, 0.0, 0.0, 1.0]]}, "finger5joint1": {"matrix": [[0.032264743000268936, -0.9991195201873779, -0.026811186224222183, -0.3907198905944824], [-0.08561527729034424, -0.029489275068044662, 0.9958916306495667, 0.9186123013496399], [-0.9958056211471558, -0.02983659878373146, -0.08649145811796188, 0.5642183423042297], [0.0, 0.0, 0.0, 1.0]]}, "finger5joint2": {"matrix": [[0.27465829253196716, -0.8231984972953796, -0.4968966245651245, -1.4460622072219849], [0.958182156085968, 0.27748051285743713, 0.06993652880191803, 0.8874635696411133], [0.08030734956264496, -0.49532610177993774, 0.8649868965148926, 0.5327026844024658], [0.0, 0.0, 0.0, 1.0]]}, "finger5joint3": {"matrix": [[0.22354665398597717, -0.4031237065792084, -0.8874217867851257, -2.0118753910064697], [0.9745919704437256, 0.07934365421533585, 0.209462508559227, 1.0781856775283813], [-0.014028179459273815, -0.911699116230011, 0.41061848402023315, 0.19224774837493896], [0.0, 0.0, 0.0, 1.0]]}, "Bone": {"matrix": [[0.9500793814659119, 0.10214512795209885, -0.2948138117790222, -1.4081900119781494], [0.30955269932746887, -0.19029082357883453, 0.9316470623016357, 0.9147100448608398], [0.039062753319740295, -0.976399302482605, -0.21241074800491333, 0.1820467710494995], [0.0, 0.0, 0.0, 1.0]]}, "finger1joint1": {"matrix": [[0.45616936683654785, -0.8639366030693054, 0.21336029469966888, -1.3231860399246216], [0.17025573551654816, 0.3200601041316986, 0.9319733381271362, 0.7563523650169373], [-0.8734542727470398, -0.3888119161128998, 0.2930917739868164, -0.6305006146430969], [0.0, 0.0, 0.0, 1.0]]}, "finger1joint2": {"matrix": [[0.38673722743988037, -0.9221779108047485, 0.004671470727771521, -1.8114643096923828], [-0.12801030278205872, -0.048666100949048996, 0.9905780553817749, 0.9372434020042419], [-0.913262128829956, -0.38369137048721313, -0.13686929643154144, -0.8502487540245056], [0.0, 0.0, 0.0, 1.0]]}, "finger1joint3": {"matrix": [[0.4187922775745392, 0.07247668504714966, -0.9051849246025085, -2.206786870956421], [-0.025161312893033028, -0.995500922203064, -0.09134916216135025, 0.9163810014724731], [-0.9077334403991699, 0.06103196740150452, -0.41508445143699646, -1.0147309303283691], [0.0, 0.0, 0.0, 1.0]]}, "Bone.001": {"matrix": [[0.8868050575256348, -0.3509969711303711, -0.3006284534931183, -1.4081898927688599], [0.33448585867881775, 0.038601942360401154, 0.9416096806526184, 0.9147100448608398], [-0.31889745593070984, -0.9355803728103638, 0.15163591504096985, 0.1820467710494995], [0.0, 0.0, 0.0, 1.0]]}, "finger2joint1": {"matrix": [[0.4435063898563385, -0.40510204434394836, -0.799496054649353, -1.6306811571121216], [0.26909247040748596, -0.7906864285469055, 0.549912691116333, 0.9391791820526123], [-0.8549216389656067, -0.4590281844139099, -0.2416646033525467, -0.41100233793258667], [0.0, 0.0, 0.0, 1.0]]}, "finger2joint2": {"matrix": [[0.4770331084728241, -0.3381921052932739, -0.8112121224403381, -1.9811547994613647], [0.14451174437999725, -0.8802563548088074, 0.4519566595554352, 0.25511765480041504], [-0.8669230937957764, -0.33282792568206787, -0.3710387349128723, -0.8081300854682922], [0.0, 0.0, 0.0, 1.0]]}, "finger2joint3": {"matrix": [[0.5056584477424622, -0.20810207724571228, -0.8372589945793152, -2.1095380783081055], [0.0016293793451040983, -0.97024005651474, 0.24213890731334686, -0.07904207706451416], [-0.8627320528030396, -0.12380371987819672, -0.49027109146118164, -0.9344770312309265], [0.0, 0.0, 0.0, 1.0]]}, "Bone.002": {"matrix": [[0.3955165445804596, -0.8982265591621399, -0.19171683490276337, -1.4081900119781494], [0.25180721282958984, -0.09469202160835266, 0.9631336331367493, 0.9147100448608398], [-0.8832665085792542, -0.429210901260376, 0.18872764706611633, 0.1820468008518219], [0.0, 0.0, 0.0, 1.0]]}, "finger3joint1": {"matrix": [[0.2843874394893646, -0.8992882966995239, 0.3322709798812866, -1.7868013381958008], [0.06412002444267273, 0.3636470437049866, 0.9293273687362671, 0.8747962713241577], [-0.956562876701355, -0.24298368394374847, 0.16107888519763947, 0.0011301040649414062], [0.0, 0.0, 0.0, 1.0]]}, "finger3joint2": {"matrix": [[0.1255054771900177, 0.12990739941596985, -0.9835507869720459, -2.5756404399871826], [0.08471392095088959, -0.9891723394393921, -0.1198398619890213, 1.1937808990478516], [-0.9884694814682007, -0.06827980279922485, -0.13515128195285797, -0.2120107114315033], [0.0, 0.0, 0.0, 1.0]]}, "finger3joint3": {"matrix": [[0.2954045832157135, 0.9547038674354553, 0.03572453185915947, -2.4915802478790283], [0.0544775128364563, 0.02049938589334488, -0.9983046054840088, 0.5537068843841553], [-0.9538177847862244, 0.29684972763061523, -0.04595417156815529, -0.25619322061538696], [0.0, 0.0, 0.0, 1.0]]}, "Bone.003": {"matrix": [[-0.30116918683052063, -0.7876963019371033, 0.5374304056167603, -1.4081900119781494], [0.6378566026687622, 0.25253215432167053, 0.7275757193565369, 0.9147101044654846], [-0.7088271975517273, 0.561927080154419, 0.42638230323791504, 0.18204675614833832], [0.0, 0.0, 0.0, 1.0]]}, "finger4joint1": {"matrix": [[0.5613502264022827, -0.7484865784645081, -0.3530626595020294, -1.7458117008209229], [0.17954809963703156, -0.30631086230278015, 0.9348453879356384, 1.022950291633606], [-0.8078664541244507, -0.5881673693656921, -0.037558358162641525, 0.42289963364601135], [0.0, 0.0, 0.0, 1.0]]}, "finger4joint2": {"matrix": [[0.5371226668357849, 0.11618672311306, -0.8354635238647461, -2.489327907562256], [0.19049780070781708, -0.9815871119499207, -0.01403601560741663, 0.7186735272407532], [-0.8217113614082336, -0.15161485970020294, -0.5493659973144531, -0.1613617241382599], [0.0, 0.0, 0.0, 1.0]]}, "finger4joint3": {"matrix": [[0.5377695560455322, 0.6296172738075256, -0.5607007741928101, -2.440870761871338], [0.2716187536716461, -0.7589787244796753, -0.5917552709579468, 0.3092900216579437], [-0.7981395721435547, 0.16593115031719208, -0.5791714787483215, -0.22459465265274048], [0.0, 0.0, 0.0, 1.0]]}}