{"root": {"matrix": [[0.44056597352027893, 0.12980981171131134, 0.8882854580879211, 0.0], [-0.5598781704902649, 0.8132060766220093, 0.1588466316461563, 5.960464477539063e-08], [-0.7017393112182617, -0.5673140287399292, 0.4309486150741577, 0.0], [0.0, 0.0, 0.0, 1.0]]}, "carpals": {"matrix": [[-0.5086081027984619, -0.8365312218666077, -0.20379644632339478, 1.0235216617584229], [-0.05298569053411484, -0.20583917200565338, 0.9771502017974854, -0.4880290627479553], [-0.8593661785125732, 0.5077848434448242, 0.06036734580993652, -2.190711259841919], [0.0, 0.0, 0.0, 1.0]]}, "metacarpals": {"matrix": [[-0.4439619481563568, -0.7418396472930908, 0.5025647878646851, 0.2087453007698059], [0.30962130427360535, 0.3993151783943176, 0.8629494905471802, -0.6885152459144592], [-0.8408521413803101, 0.53872150182724, 0.05240878835320473, -1.696131944656372], [0.0, 0.0, 0.0, 1.0]]}, "finger5joint1": {"matrix": [[-0.24913987517356873, -0.827349841594696, 0.5034095644950867, -0.34343868494033813], [0.26286932826042175, 0.4425160884857178, 0.8573674559593201, -0.8699555397033691], [-0.9321099519729614, 0.3459353446960449, 0.10723665356636047, -1.262718677520752], [0.0, 0.0, 0.0, 1.0]]}, "finger5joint2": {"matrix": [[0.41418418288230896, -0.9089380502700806, -0.047773417085409164, -1.2173452377319336], [0.9043324589729309, 0.4168965220451355, -0.09153979271650314, -0.40253809094429016], [0.10312073677778244, -0.005288819316774607, 0.994654655456543, -0.8973168730735779], [0.0, 0.0, 0.0, 1.0]]}, "finger5joint3": {"matrix": [[0.3295203149318695, -0.913092851638794, -0.24016042053699493, -1.842090129852295], [0.9429646730422974, 0.33101439476013184, 0.03530528396368027, -0.11599049717187881], [0.04725968465209007, -0.23809686303138733, 0.9700907468795776, -0.9009520411491394], [0.0, 0.0, 0.0, 1.0]]}, "Bone": {"matrix": [[0.619167685508728, -0.6355969905853271, 0.46113723516464233, -0.9494722485542297], [-0.41823089122772217, 0.23010171949863434, 0.8787125945091248, -0.06507338583469391], [-0.6646155714988708, -0.7369325757026672, -0.12335464358329773, -0.8550381064414978], [0.0, 0.0, 0.0, 1.0]]}, "finger1joint1": {"matrix": [[-0.21843500435352325, -0.296474814414978, 0.9297249913215637, -1.4784082174301147], [0.23064982891082764, 0.9100520610809326, 0.34439176321029663, 0.12641441822052002], [-0.9482018351554871, 0.28966814279556274, -0.13040517270565033, -1.4683043956756592], [0.0, 0.0, 0.0, 1.0]]}, "finger1joint2": {"matrix": [[-0.4851512908935547, -0.5365387797355652, 0.6904738545417786, -1.6459693908691406], [0.0965975672006607, 0.7519094944000244, 0.6521509289741516, 0.6407561302185059], [-0.8690783381462097, 0.38308992981910706, -0.3129613697528839, -1.3045902252197266], [0.0, 0.0, 0.0, 1.0]]}, "finger1joint3": {"matrix": [[-0.3927183449268341, -0.8150457739830017, 0.4259958863258362, -1.8759746551513672], [0.13449552655220032, 0.4073304235935211, 0.9033231139183044, 0.9630874395370483], [-0.9097710847854614, 0.412045955657959, -0.05034597963094711, -1.1403658390045166], [0.0, 0.0, 0.0, 1.0]]}, "Bone.001": {"matrix": [[0.4174180030822754, -0.6189255118370056, 0.6653518080711365, -0.9494722485542297], [-0.2090083807706833, 0.6471686959266663, 0.7331357002258301, -0.0650734007358551], [-0.884351372718811, -0.445088267326355, 0.14077940583229065, -0.8550381660461426], [0.0, 0.0, 0.0, 1.0]]}, "finger2joint1": {"matrix": [[-0.358129620552063, -0.6548067331314087, -0.6655606031417847, -1.341799020767212], [0.23880484700202942, -0.7533718943595886, 0.6127011775970459, 0.3451562523841858], [-0.9026157259941101, 0.06048719212412834, 0.4261758327484131, -1.1371723413467407], [0.0, 0.0, 0.0, 1.0]]}, "finger2joint2": {"matrix": [[-0.3528324067592621, -0.5007614493370056, -0.7904093265533447, -1.9083043336868286], [0.11205030232667923, -0.8612712025642395, 0.49563729763031006, -0.3066226840019226], [-0.9289531707763672, 0.08631116151809692, 0.3599948287010193, -1.0848419666290283], [0.0, 0.0, 0.0, 1.0]]}, "finger2joint3": {"matrix": [[-0.33589377999305725, -0.2600705921649933, -0.905283510684967, -2.0984017848968506], [-0.03221256285905838, -0.9573910236358643, 0.28699201345443726, -0.6335753202438354], [-0.9413487911224365, 0.12556026875972748, 0.3132040798664093, -1.052076816558838], [0.0, 0.0, 0.0, 1.0]]}, "Bone.002": {"matrix": [[-0.14288225769996643, -0.6529501080513, 0.7438013553619385, -0.9494723081588745], [0.2899262607097626, 0.6909332871437073, 0.6622338891029358, -0.0650734007358551], [-0.9463230967521667, 0.31026899814605713, 0.09058546274900436, -0.8550381660461426], [0.0, 0.0, 0.0, 1.0]]}, "finger3joint1": {"matrix": [[-0.3622320890426636, -0.26007190346717834, 0.89506995677948, -1.224697470664978], [0.2670324742794037, 0.8910778164863586, 0.36697936058044434, 0.2261618971824646], [-0.8930183053016663, 0.37194448709487915, -0.25332921743392944, -0.7242566347122192], [0.0, 0.0, 0.0, 1.0]]}, "finger3joint2": {"matrix": [[-0.4332444369792938, -0.8996185064315796, -0.054639555513858795, -1.4528276920318604], [0.39013269543647766, -0.2418430596590042, 0.8884302377700806, 1.0077989101409912], [-0.8124627470970154, 0.36359068751335144, 0.4557478725910187, -0.3979938328266144], [0.0, 0.0, 0.0, 1.0]]}, "finger3joint3": {"matrix": [[-0.4619787037372589, -0.44842785596847534, -0.7651717662811279, -2.0349531173706055], [0.22268842160701752, -0.893768846988678, 0.38934165239334106, 0.8513070344924927], [-0.8584786653518677, 0.009472575038671494, 0.5127618312835693, -0.1627214550971985], [0.0, 0.0, 0.0, 1.0]]}, "Bone.003": {"matrix": [[-0.030841723084449768, 0.18957461416721344, 0.9813817143440247, -0.9494723677635193], [0.9054184556007385, 0.42120975255966187, -0.052910950034856796, -0.06507337838411331], [-0.42339810729026794, 0.8869295120239258, -0.18463508784770966, -0.8550381660461426], [0.0, 0.0, 0.0, 1.0]]}, "finger4joint1": {"matrix": [[-0.2659495174884796, -0.8161919116973877, 0.5129338502883911, -0.8682169914245605], [0.2093799114227295, 0.4704846739768982, 0.8572070002555847, 0.11546528339385986], [-0.9409732818603516, 0.33537182211875916, 0.04576914384961128, -0.47488296031951904], [0.0, 0.0, 0.0, 1.0]]}, "finger4joint2": {"matrix": [[-0.27463486790657043, -0.8397226929664612, -0.46844518184661865, -1.6789886951446533], [0.236623615026474, -0.5312175154685974, 0.8135212659835815, 0.5828254818916321], [-0.9319788813591003, 0.11257598549127579, 0.3445891737937927, -0.14173832535743713], [0.0, 0.0, 0.0, 1.0]]}, "finger4joint3": {"matrix": [[-0.19699938595294952, -0.4213489890098572, -0.88524329662323, -2.029205799102783], [0.26803651452064514, -0.8916845917701721, 0.36476650834083557, 0.3612743616104126], [-0.9430521130561829, -0.16541893780231476, 0.2885982096195221, -0.09478705376386642], [0.0, 0.0, 0.0, 1.0]]}}