{"root": {"matrix": [[0.3643046021461487, -0.7397118210792542, -0.5657813549041748, 0.0], [-0.5587847232818604, 0.31239190697669983, -0.7682258486747742, 2.9802322387695312e-08], [0.7450112104415894, 0.5960181951522827, -0.2995339334011078, 5.960464477539063e-08], [0.0, 0.0, 0.0, 1.0]]}, "carpals": {"matrix": [[0.815386950969696, -0.5362119078636169, -0.2182217240333557, 0.16343209147453308], [0.30300259590148926, 0.07409542053937912, 0.9501047134399414, -0.871533989906311], [-0.49328821897506714, -0.8408248424530029, 0.22289027273654938, 2.301891326904297], [0.0, 0.0, 0.0, 1.0]]}, "metacarpals": {"matrix": [[0.3189523220062256, -0.6296977996826172, 0.7083431482315063, -0.3588351011276245], [-0.4940648078918457, 0.5273287296295166, 0.6912481784820557, -0.7993655800819397], [-0.8088073134422302, -0.5704425573348999, -0.14291870594024658, 1.4829329252243042], [0.0, 0.0, 0.0, 1.0]]}, "finger5joint1": {"matrix": [[0.35853418707847595, -0.8153743147850037, 0.45455238223075867, -1.0655388832092285], [-0.39322787523269653, 0.3097044825553894, 0.865710437297821, -0.6961008310317993], [-0.8466551303863525, -0.4891294240951538, -0.20958811044692993, 1.3581087589263916], [0.0, 0.0, 0.0, 1.0]]}, "finger5joint2": {"matrix": [[0.4644576907157898, -0.3640507161617279, -0.8073076605796814, -1.9267961978912354], [0.854651927947998, -0.054608553647994995, 0.5163210034370422, -0.36896854639053345], [-0.23205284774303436, -0.9297764301300049, 0.2857736349105835, 0.8414549827575684], [0.0, 0.0, 0.0, 1.0]]}, "finger5joint3": {"matrix": [[0.47218137979507446, -0.07960395514965057, -0.8778994679450989, -2.177021026611328], [0.8160939812660217, -0.3369918167591095, 0.469495952129364, -0.40650296211242676], [-0.33321860432624817, -0.938136100769043, -0.09415669739246368, 0.2023870050907135], [0.0, 0.0, 0.0, 1.0]]}, "Bone": {"matrix": [[0.6092175245285034, 0.09261833131313324, 0.7875758409500122, -1.3419681787490845], [-0.6538627743721008, -0.5032623410224915, 0.5649691224098206, 0.023940980434417725], [0.4486836791038513, -0.8591558933258057, -0.24603646993637085, 0.5923137068748474], [0.0, 0.0, 0.0, 1.0]]}, "finger1joint1": {"matrix": [[0.6361855864524841, -0.5723205208778381, 0.5174137353897095, -1.264892339706421], [-0.5784446597099304, 0.089970663189888, 0.8107444643974304, -0.3948676884174347], [-0.510558009147644, -0.8150792717933655, -0.2738175690174103, -0.12266525626182556], [0.0, 0.0, 0.0, 1.0]]}, "finger1joint2": {"matrix": [[0.45976579189300537, -0.7423413991928101, 0.48738548159599304, -1.588355541229248], [-0.7994987964630127, -0.10711847245693207, 0.5910389423370361, -0.34401825070381165], [-0.38654494285583496, -0.6614037156105042, -0.6427503228187561, -0.5833303928375244], [0.0, 0.0, 0.0, 1.0]]}, "finger1joint3": {"matrix": [[0.5336841940879822, -0.8415859341621399, 0.08315194398164749, -1.9065850973129272], [-0.7310611605644226, -0.4096861183643341, 0.5456249713897705, -0.3899381458759308], [-0.4251243770122528, -0.35198068618774414, -0.8338937163352966, -0.8668633103370667], [0.0, 0.0, 0.0, 1.0]]}, "Bone.001": {"matrix": [[0.6929796934127808, 0.12879619002342224, 0.7093592286109924, -1.3419681787490845], [-0.7140951156616211, -0.012804791331291199, 0.6999312043190002, 0.02394099347293377], [0.09923157840967178, -0.991588294506073, 0.08309941738843918, 0.5923137068748474], [0.0, 0.0, 0.0, 1.0]]}, "finger2joint1": {"matrix": [[0.6221250295639038, -0.2952839136123657, 0.7250983715057373, -1.2603263854980469], [-0.6460793018341064, 0.32947003841400146, 0.6884987950325012, 0.015824228525161743], [-0.4422009587287903, -0.8968034982681274, 0.014194867573678493, -0.036237895488739014], [0.0, 0.0, 0.0, 1.0]]}, "finger2joint2": {"matrix": [[0.523191511631012, -0.757654070854187, 0.39016762375831604, -1.5157909393310547], [-0.6744875311851501, -0.0882968157529831, 0.7329869270324707, 0.3008648753166199], [-0.5209002494812012, -0.646655797958374, -0.5572242736816406, -0.8121064901351929], [0.0, 0.0, 0.0, 1.0]]}, "finger2joint3": {"matrix": [[0.3958684206008911, -0.829325795173645, -0.39434343576431274, -1.8034088611602783], [-0.742942214012146, -0.5416367053985596, 0.3932760953903198, 0.26734596490859985], [-0.5397451519966125, 0.13728873431682587, -0.8305580019950867, -1.0575876235961914], [0.0, 0.0, 0.0, 1.0]]}, "Bone.002": {"matrix": [[0.5752629041671753, -0.3051035702228546, 0.75893634557724, -1.3419681787490845], [-0.5316930413246155, 0.5656003952026367, 0.6303954720497131, 0.023940980434417725], [-0.621590793132782, -0.7661641836166382, 0.16314758360385895, 0.5923136472702026], [0.0, 0.0, 0.0, 1.0]]}, "finger3joint1": {"matrix": [[0.4651508033275604, 0.0008206657948903739, 0.885231077671051, -1.4705723524093628], [-0.6709055304527283, 0.6527120471000671, 0.35192689299583435, 0.2623472213745117], [-0.5775124430656433, -0.7576053142547607, 0.30416014790534973, 0.2693677842617035], [0.0, 0.0, 0.0, 1.0]]}, "finger3joint2": {"matrix": [[0.4247334599494934, -0.644810676574707, 0.6354689002037048, -1.4698524475097656], [-0.5723975896835327, 0.35255417227745056, 0.7403150200843811, 0.8348941206932068], [-0.7014004588127136, -0.6781772375106812, -0.21934641897678375, -0.3951895833015442], [0.0, 0.0, 0.0, 1.0]]}, "finger3joint3": {"matrix": [[0.27929937839508057, -0.8615097999572754, 0.4240197241306305, -1.8870967626571655], [-0.6705337762832642, 0.1410900503396988, 0.7283390760421753, 1.0630249977111816], [-0.687296450138092, -0.48774412274360657, -0.5382648706436157, -0.8340247273445129], [0.0, 0.0, 0.0, 1.0]]}, "Bone.003": {"matrix": [[0.6356434226036072, -0.18346256017684937, 0.7498659491539001, -1.3419681787490845], [0.27531516551971436, 0.9613521695137024, 0.0018269071588292718, 0.023940980434417725], [-0.7212203741073608, 0.20528842508792877, 0.6615872383117676, 0.5923136472702026], [0.0, 0.0, 0.0, 1.0]]}, "finger4joint1": {"matrix": [[0.6407585740089417, -0.2654498517513275, 0.7203919887542725, -1.4206037521362305], [-0.7186554670333862, 0.12275176495313644, 0.6844456195831299, 0.43599528074264526], [-0.2701156437397003, -0.9562781453132629, -0.11211258918046951, 0.6803042888641357], [0.0, 0.0, 0.0, 1.0]]}, "finger4joint2": {"matrix": [[0.648296594619751, -0.759344220161438, -0.05574621260166168, -1.684290885925293], [-0.7023019194602966, -0.6246615052223206, 0.3414226472377777, 0.5579317808151245], [-0.29408007860183716, -0.1821925938129425, -0.9382548928260803, -0.2696232497692108], [0.0, 0.0, 0.0, 1.0]]}, "finger4joint3": {"matrix": [[0.7099199891090393, -0.4933825731277466, -0.5025804042816162, -2.0009851455688477], [-0.6528648138046265, -0.7286811470985413, -0.20685917139053345, 0.29740867018699646], [-0.2641603648662567, 0.4749704599380493, -0.839417576789856, -0.34560900926589966], [0.0, 0.0, 0.0, 1.0]]}}