{"root": {"matrix": [[0.27854999899864197, -0.4518376290798187, -0.8474978804588318, 0.0], [-0.8048073649406433, -0.5913614630699158, 0.05076150968670845, 0.0], [-0.5241135954856873, 0.6679328680038452, -0.528365969657898, 0.0], [0.0, 0.0, 0.0, 1.0]]}, "carpals": {"matrix": [[0.8982599377632141, -0.4230749309062958, 0.11889738589525223, 0.2829486131668091], [0.4099227488040924, 0.9041494131088257, 0.12031980603933334, -2.4045917987823486], [-0.1584053337574005, -0.05933975428342819, 0.9855892658233643, -0.4720834791660309], [0.0, 0.0, 0.0, 1.0]]}, "metacarpals": {"matrix": [[0.06680355221033096, -0.694352388381958, 0.7165277004241943, -0.12912380695343018], [0.3934430778026581, 0.6782744526863098, 0.6206013560295105, -1.5239559412002563], [-0.9169185161590576, 0.24045448005199432, 0.31849923729896545, -0.5298800468444824], [0.0, 0.0, 0.0, 1.0]]}, "finger5joint1": {"matrix": [[-0.1936282217502594, -0.9810174703598022, -0.010618750005960464, -0.8318475484848022], [0.6702142357826233, -0.14017225801944733, 0.72881019115448, -1.4612164497375488], [-0.7164640426635742, 0.1340014487504959, 0.6846331357955933, -0.3627925515174866], [0.0, 0.0, 0.0, 1.0]]}, "finger5joint2": {"matrix": [[-0.06181749701499939, -0.5965861678123474, -0.8001643419265747, -1.868069052696228], [0.7860971689224243, 0.4648897051811218, -0.4073430001735687, -1.609276533126831], [0.6150035262107849, -0.6541879773139954, 0.4402365982532501, -0.2212505340576172], [0.0, 0.0, 0.0, 1.0]]}, "finger5joint3": {"matrix": [[-0.07309549301862717, 0.14785505831241608, -0.9863038659095764, -2.278123617172241], [0.8472925424575806, 0.5308606028556824, 0.016787070780992508, -1.2897415161132812], [0.5260720252990723, -0.8344612121582031, -0.16408000886440277, -0.6708968877792358], [0.0, 0.0, 0.0, 1.0]]}, "Bone": {"matrix": [[0.6332217454910278, -0.1648051142692566, 0.7562204599380493, -1.2132006883621216], [-0.659387469291687, 0.39673423767089844, 0.6385998725891113, -0.46498116850852966], [-0.4052630364894867, -0.9030176997184753, 0.1425502747297287, -0.15446388721466064], [0.0, 0.0, 0.0, 1.0]]}, "finger1joint1": {"matrix": [[0.17251645028591156, -0.8967738747596741, 0.4074733853340149, -1.3503494262695312], [0.31816715002059937, 0.4422338306903839, 0.8385693430900574, -0.13482379913330078], [-0.9322057366371155, -0.01502242498099804, 0.3616165518760681, -0.9059440493583679], [0.0, 0.0, 0.0, 1.0]]}, "finger1joint2": {"matrix": [[0.05816758796572685, -0.7103037238121033, -0.7014878392219543, -1.8571865558624268], [0.038842156529426575, -0.7005351185798645, 0.7125598192214966, 0.1151171624660492], [-0.9975507855415344, -0.06869515031576157, -0.013158782385289669, -0.9144343137741089], [0.0, 0.0, 0.0, 1.0]]}, "finger1joint3": {"matrix": [[0.012846318073570728, -0.12853188812732697, -0.9916221499443054, -2.161682367324829], [0.13647979497909546, -0.9821974039077759, 0.12907835841178894, -0.18519076704978943], [-0.9905595183372498, -0.13699451088905334, 0.004924351815134287, -0.9438828229904175], [0.0, 0.0, 0.0, 1.0]]}, "Bone.001": {"matrix": [[0.624605655670166, -0.11443865299224854, 0.7725098133087158, -1.2132006883621216], [-0.4060978591442108, 0.7973419427871704, 0.4464638829231262, -0.4649811387062073], [-0.6670472025871277, -0.5925785303115845, 0.45155099034309387, -0.1544637680053711], [0.0, 0.0, 0.0, 1.0]]}, "finger2joint1": {"matrix": [[0.13975201547145844, -0.1828010380268097, 0.9731664657592773, -1.2857415676116943], [0.28911495208740234, 0.9475175738334656, 0.13646461069583893, 0.04044079780578613], [-0.9470382928848267, 0.2622857391834259, 0.18526801466941833, -0.5300896763801575], [0.0, 0.0, 0.0, 1.0]]}, "finger2joint2": {"matrix": [[0.03211500123143196, -0.6721341609954834, 0.7397324442863464, -1.4438916444778442], [0.3597625494003296, 0.6982796788215637, 0.618850588798523, 0.8601847887039185], [-0.932490885257721, 0.2462535798549652, 0.26423391699790955, -0.3031734228134155], [0.0, 0.0, 0.0, 1.0]]}, "finger2joint3": {"matrix": [[-0.11141554266214371, -0.993736982345581, 0.008552875369787216, -1.6990447044372559], [0.380734384059906, -0.034734152257442474, 0.9240316152572632, 1.1252630949020386], [-0.9179474711418152, 0.10620787739753723, 0.38221970200538635, -0.20969152450561523], [0.0, 0.0, 0.0, 1.0]]}, "Bone.002": {"matrix": [[0.3556709885597229, -0.42399168014526367, 0.832904040813446, -1.213200569152832], [0.2579040825366974, 0.9010995626449585, 0.34857529401779175, -0.46498116850852966], [-0.898322582244873, 0.0908311977982521, 0.4298441410064697, -0.15446382761001587], [0.0, 0.0, 0.0, 1.0]]}, "finger3joint1": {"matrix": [[0.5134002566337585, -0.05967819318175316, 0.8560716509819031, -1.3919174671173096], [-0.37126925587654114, 0.883937418460846, 0.284277081489563, -0.08515864610671997], [-0.7736790180206299, -0.4637811481952667, 0.43165695667266846, -0.11617758870124817], [0.0, 0.0, 0.0, 1.0]]}, "finger3joint2": {"matrix": [[0.4639040529727936, -0.6777298450469971, 0.5705044269561768, -1.4442660808563232], [-0.2375730723142624, 0.5252279043197632, 0.8171257376670837, 0.690214991569519], [-0.8534353971481323, -0.5146044492721558, 0.08264486491680145, -0.5229978561401367], [0.0, 0.0, 0.0, 1.0]]}, "finger3joint3": {"matrix": [[0.32715463638305664, -0.8745893239974976, 0.35785940289497375, -1.8828116655349731], [-0.34524551033973694, 0.24189557135105133, 0.9068030714988708, 1.0300794839859009], [-0.8796449303627014, -0.4202142059803009, -0.22281092405319214, -0.8559882044792175], [0.0, 0.0, 0.0, 1.0]]}, "Bone.003": {"matrix": [[0.4677141606807709, -0.03561749681830406, 0.8831619024276733, -1.2132006883621216], [0.8232970237731934, 0.3811081349849701, -0.42064040899276733, -0.4649811387062073], [-0.32159802317619324, 0.923844039440155, 0.20757345855236053, -0.15446382761001587], [0.0, 0.0, 0.0, 1.0]]}, "finger4joint1": {"matrix": [[0.3605877161026001, -0.5096526741981506, 0.781172513961792, -1.2284669876098633], [0.027471031993627548, 0.8429556488990784, 0.5372806787490845, -0.30163079500198364], [-0.9323205351829529, -0.17227724194526672, 0.31796011328697205, 0.2415136992931366], [0.0, 0.0, 0.0, 1.0]]}, "finger4joint2": {"matrix": [[0.3638273775577545, -0.857306718826294, -0.3642178475856781, -1.7347350120544434], [0.05715685710310936, -0.3697309195995331, 0.9273788928985596, 0.53572678565979], [-0.929710865020752, -0.35822340846061707, -0.08551730215549469, 0.07038053125143051], [0.0, 0.0, 0.0, 1.0]]}, "finger4joint3": {"matrix": [[0.4391215741634369, -0.2601834535598755, -0.8599282503128052, -2.0922858715057373], [0.07412084937095642, -0.9433934688568115, 0.32328668236732483, 0.38152575492858887], [-0.8953646421432495, -0.20570078492164612, -0.39497947692871094, -0.0790211483836174], [0.0, 0.0, 0.0, 1.0]]}}