{"root": {"matrix": [[0.3586543798446655, -0.9328017234802246, 0.035326313227415085, 0.0], [-0.32375580072402954, -0.15979808568954468, -0.9325485229492188, 0.0], [0.8755279183387756, 0.32302549481391907, -0.3593123257160187, 0.0], [0.0, 0.0, 0.0, 1.0]]}, "carpals": {"matrix": [[-0.13626785576343536, -0.3518470823764801, -0.9260855913162231, -0.10592561960220337], [0.9330045580863953, 0.26870429515838623, -0.23937465250492096, -0.7837352156639099], [0.3330667018890381, -0.8966611623764038, 0.2916591763496399, 2.336562395095825], [0.0, 0.0, 0.0, 1.0]]}, "metacarpals": {"matrix": [[-0.13924174010753632, -0.6633203029632568, -0.7352671027183533, -0.448622465133667], [0.901702880859375, 0.22198085486888885, -0.37102046608924866, -0.5220188498497009], [0.4093208909034729, -0.7146539688110352, 0.5672088265419006, 1.4632197618484497], [0.0, 0.0, 0.0, 1.0]]}, "finger5joint1": {"matrix": [[-0.5001958608627319, -0.6859691739082336, -0.5284411907196045, -0.5002619624137878], [0.8643850684165955, -0.4317799210548401, -0.2576903700828552, -0.4009333848953247], [-0.05140237510204315, -0.5856724977493286, 0.8089160919189453, 0.7502356171607971], [0.0, 0.0, 0.0, 1.0]]}, "finger5joint2": {"matrix": [[-0.1914660930633545, -0.91529381275177, 0.35436880588531494, -1.2248321771621704], [-0.20997673273086548, -0.31449130177497864, -0.92574542760849, -0.8570104837417603], [0.9587752223014832, -0.25165802240371704, -0.13197636604309082, 0.13160598278045654], [0.0, 0.0, 0.0, 1.0]]}, "finger5joint3": {"matrix": [[-0.2952953279018402, -0.9515150785446167, 0.0861339420080185, -1.8539457321166992], [-0.18713316321372986, -0.030804814770817757, -0.9818511605262756, -1.0731713771820068], [0.9368997812271118, -0.3060545027256012, -0.16896386444568634, -0.041367389261722565], [0.0, 0.0, 0.0, 1.0]]}, "Bone": {"matrix": [[0.693629264831543, -0.12860120832920074, -0.7087594270706177, -1.4842497110366821], [-0.04785388708114624, 0.9735339879989624, -0.22347573935985565, -0.17544513940811157], [0.7187406420707703, 0.18892647325992584, 0.6691176295280457, 0.3474465608596802], [0.0, 0.0, 0.0, 1.0]]}, "finger1joint1": {"matrix": [[0.09604513645172119, -0.9509192705154419, -0.29415562748908997, -1.591270089149475], [0.7376390099525452, 0.2664198577404022, -0.6204103231430054, 0.6347178220748901], [0.6683292984962463, -0.15739312767982483, 0.7270234823226929, 0.5046687722206116], [0.0, 0.0, 0.0, 1.0]]}, "finger1joint2": {"matrix": [[0.20004186034202576, -0.5410999655723572, -0.8168193697929382, -2.128708839416504], [0.8860254883766174, 0.45578834414482117, -0.08494526892900467, 0.7852925062179565], [0.4182608425617218, -0.70673006772995, 0.5706051588058472, 0.4157136082649231], [0.0, 0.0, 0.0, 1.0]]}, "finger1joint3": {"matrix": [[0.136007621884346, 0.5401869416236877, -0.8304816484451294, -2.3606696128845215], [0.8555464744567871, 0.3586380183696747, 0.37338852882385254, 0.9806814789772034], [0.49954214692115784, -0.7612993121147156, -0.4133773446083069, 0.1127500832080841], [0.0, 0.0, 0.0, 1.0]]}, "Bone.001": {"matrix": [[0.5205042362213135, -0.5999720692634583, -0.6075430512428284, -1.4842495918273926], [0.2583217918872833, 0.7888309955596924, -0.5576872825622559, -0.17544510960578918], [0.8138457536697388, 0.13333719968795776, 0.5655757188796997, 0.3474465310573578], [0.0, 0.0, 0.0, 1.0]]}, "finger2joint1": {"matrix": [[-0.03923855349421501, -0.9663989543914795, -0.2540336847305298, -1.8645622730255127], [0.8749611377716064, 0.08955595642328262, -0.47583866119384766, 0.32458195090293884], [0.48260048031806946, -0.24094076454639435, 0.8420475125312805, 0.43196678161621094], [0.0, 0.0, 0.0, 1.0]]}, "finger2joint2": {"matrix": [[-0.10282623767852783, 0.13162031769752502, -0.985952615737915, -2.70064115524292], [0.9196888208389282, 0.39019426703453064, -0.04382634535431862, 0.4020611643791199], [0.37894493341445923, -0.9112760424613953, -0.16117185354232788, 0.22351714968681335], [0.0, 0.0, 0.0, 1.0]]}, "finger2joint3": {"matrix": [[0.001460653729736805, 0.9966529607772827, -0.08173311501741409, -2.6506757736206055], [0.9585862159729004, 0.021882066503167152, 0.2839600145816803, 0.5501853823661804], [0.28479835391044617, -0.07876314222812653, -0.9553459882736206, -0.12241820245981216], [0.0, 0.0, 0.0, 1.0]]}, "Bone.002": {"matrix": [[-0.03576246276497841, -0.8580847382545471, -0.5122610330581665, -1.4842495918273926], [0.7439215779304504, 0.3194160759449005, -0.5869871377944946, -0.17544513940811157], [0.6673094630241394, -0.40207400918006897, 0.6269245743751526, 0.3474465608596802], [0.0, 0.0, 0.0, 1.0]]}, "finger3joint1": {"matrix": [[0.17174416780471802, -0.5692529082298279, -0.8040241599082947, -1.8459410667419434], [0.6552150845527649, 0.6754706501960754, -0.3382788598537445, -0.04080808162689209], [0.7356612086296082, -0.4687110483646393, 0.4889912009239197, 0.17796827852725983], [0.0, 0.0, 0.0, 1.0]]}, "finger3joint2": {"matrix": [[0.11063138395547867, 0.07699360698461533, -0.9908746480941772, -2.3452792167663574], [0.766402542591095, 0.6281478404998779, 0.13437771797180176, 0.5517022609710693], [0.6327622532844543, -0.774275004863739, 0.010484913364052773, -0.2331763505935669], [0.0, 0.0, 0.0, 1.0]]}, "finger3joint3": {"matrix": [[0.27936723828315735, 0.3934599757194519, -0.8758670091629028, -2.2954583168029785], [0.7630981802940369, 0.46266970038414, 0.45124033093452454, 0.958164393901825], [0.5827823877334595, -0.7944342494010925, -0.1709935963153839, -0.7341945171356201], [0.0, 0.0, 0.0, 1.0]]}, "Bone.003": {"matrix": [[-0.7409870624542236, -0.6093045473098755, 0.28228700160980225, -1.4842495918273926], [0.3449442982673645, -0.706035315990448, -0.6184880137443542, -0.17544513940811157], [0.5761523246765137, -0.36091849207878113, 0.7333391308784485, 0.3474465310573578], [0.0, 0.0, 0.0, 1.0]]}, "finger4joint1": {"matrix": [[0.302109956741333, -0.9483287930488586, -0.09696171432733536, -1.7454094886779785], [0.7570987939834595, 0.30050039291381836, -0.5800867080688477, -0.4780656099319458], [0.5792502760887146, 0.10184057056903839, 0.8087628483772278, 0.19274982810020447], [0.0, 0.0, 0.0, 1.0]]}, "finger4joint2": {"matrix": [[0.2783631980419159, 0.29113781452178955, -0.9152880311012268, -2.6874403953552246], [0.7524454593658447, 0.5261644124984741, 0.3962024450302124, -0.1795608103275299], [0.5969418287277222, -0.7989926934242249, -0.07260032743215561, 0.2939140796661377], [0.0, 0.0, 0.0, 1.0]]}, "finger4joint3": {"matrix": [[0.2665582001209259, 0.9491183161735535, -0.16769203543663025, -2.5660176277160645], [0.7002266645431519, -0.07114841789007187, 0.7103661894798279, 0.0398828387260437], [0.6622908115386963, -0.30677661299705505, -0.6835631728172302, -0.03931613266468048], [0.0, 0.0, 0.0, 1.0]]}}