{"root": {"matrix": [[0.19288815557956696, -0.8161067366600037, -0.5447604656219482, 5.960464477539063e-08], [-0.8938245177268982, 0.08290611207485199, -0.4406861364841461, 7.450580596923828e-09], [0.4048108160495758, 0.5719234347343445, -0.713464617729187, 5.960464477539063e-08], [0.0, 0.0, 0.0, 1.0]]}, "carpals": {"matrix": [[0.8221386671066284, -0.5067389607429504, -0.25942912697792053, -0.301361620426178], [0.5088332891464233, 0.4497344493865967, 0.7340484857559204, -1.8906662464141846], [-0.2552967369556427, -0.7354959845542908, 0.6275898814201355, 1.5554893016815186], [0.0, 0.0, 0.0, 1.0]]}, "metacarpals": {"matrix": [[0.4990053176879883, -0.5430588126182556, 0.6753374338150024, -0.7949222326278687], [-0.01613697037100792, 0.7733383774757385, 0.6337878108024597, -1.4526276588439941], [-0.8664485812187195, -0.32716143131256104, 0.377136766910553, 0.839120626449585], [0.0, 0.0, 0.0, 1.0]]}, "finger5joint1": {"matrix": [[0.5509811639785767, -0.35500189661979675, 0.7552438378334045, -1.470199465751648], [-0.11877165734767914, 0.8624347448348999, 0.4920356869697571, -1.269195318222046], [-0.8260223269462585, -0.3608039617538452, 0.43302127718925476, 0.6493097543716431], [0.0, 0.0, 0.0, 1.0]]}, "finger5joint2": {"matrix": [[0.7504514455795288, -0.32688218355178833, -0.5744304656982422, -1.8451781272888184], [0.4546672999858856, 0.8861290216445923, 0.08973395824432373, -0.358229398727417], [0.47968730330467224, -0.32851558923721313, 0.8136197328567505, 0.2682025730609894], [0.0, 0.0, 0.0, 1.0]]}, "finger5joint3": {"matrix": [[0.7471395134925842, -0.28760826587677, -0.5992192029953003, -2.0698559284210205], [0.5297737717628479, 0.8021283745765686, 0.2755521833896637, 0.25083813071250916], [0.4013998508453369, -0.523326575756073, 0.7516694068908691, 0.042402297258377075], [0.0, 0.0, 0.0, 1.0]]}, "Bone": {"matrix": [[0.5545353889465332, 0.287503719329834, 0.7809173464775085, -1.6427878141403198], [-0.8173459768295288, 0.011896379292011261, 0.5760238766670227, -0.2452317625284195], [0.15631893277168274, -0.957705557346344, 0.2415870875120163, 0.3283308744430542], [0.0, 0.0, 0.0, 1.0]]}, "finger1joint1": {"matrix": [[0.6881827116012573, -0.6883607506752014, -0.22926810383796692, -1.4035307168960571], [-0.13517701625823975, -0.4321121871471405, 0.8916309475898743, -0.23533175885677338], [-0.7128334641456604, -0.582613468170166, -0.3904227614402771, -0.4686598777770996], [0.0, 0.0, 0.0, 1.0]]}, "finger1joint2": {"matrix": [[0.7389371991157532, -0.6400592923164368, -0.21046586334705353, -1.7925772666931152], [-0.39155256748199463, -0.6621412634849548, 0.6389484405517578, -0.47955214977264404], [-0.5483231544494629, -0.3897344768047333, -0.7398977875709534, -0.7979403734207153], [0.0, 0.0, 0.0, 1.0]]}, "finger1joint3": {"matrix": [[0.7368054986000061, -0.4306407868862152, -0.5212160348892212, -2.066960096359253], [-0.3002743124961853, -0.8991376757621765, 0.31841230392456055, -0.7634012699127197], [-0.6057664752006531, -0.07810019701719284, -0.7918000221252441, -0.9650131464004517], [0.0, 0.0, 0.0, 1.0]]}, "Bone.001": {"matrix": [[0.7070728540420532, 0.31573379039764404, 0.6327400207519531, -1.6427876949310303], [-0.691142201423645, 0.4978160560131073, 0.5239285230636597, -0.2452317625284195], [-0.14956624805927277, -0.8077691197395325, 0.5702093839645386, 0.3283308148384094], [0.0, 0.0, 0.0, 1.0]]}, "finger2joint1": {"matrix": [[0.8618262410163879, -0.4376009404659271, 0.25643861293792725, -1.4426493644714355], [-0.2352651208639145, 0.10301404446363449, 0.9664563536643982, 0.07032568007707596], [-0.4493390619754791, -0.8932487368583679, -0.014171967282891273, -0.18370074033737183], [0.0, 0.0, 0.0, 1.0]]}, "finger2joint2": {"matrix": [[0.79132080078125, -0.557162344455719, -0.25175657868385315, -1.8212392330169678], [-0.3132873773574829, -0.7231127023696899, 0.6155960559844971, 0.15944817662239075], [-0.5250355005264282, -0.4082619249820709, -0.7467661499977112, -0.9564939737319946], [0.0, 0.0, 0.0, 1.0]]}, "finger2joint3": {"matrix": [[0.7415021657943726, -0.37068456411361694, -0.5592560172080994, -2.032747268676758], [-0.44790276885032654, -0.8940811157226562, -0.0012495584087446332, -0.11505728960037231], [-0.49955716729164124, 0.2514188587665558, -0.8289939165115356, -1.1114768981933594], [0.0, 0.0, 0.0, 1.0]]}, "Bone.002": {"matrix": [[0.7169127464294434, -0.1903979480266571, 0.6706598997116089, -1.6427876949310303], [-0.15643808245658875, 0.8935183882713318, 0.42089375853538513, -0.2452317625284195], [-0.6793844699859619, -0.406660795211792, 0.61078941822052, 0.3283308446407318], [0.0, 0.0, 0.0, 1.0]]}, "finger3joint1": {"matrix": [[0.5533315539360046, 0.2834487557411194, 0.7832502722740173, -1.723042368888855], [-0.09205549955368042, 0.9553695321083069, -0.28070348501205444, 0.131395161151886], [-0.8278587460517883, 0.0832197517156601, 0.5547291040420532, 0.15691924095153809], [0.0, 0.0, 0.0, 1.0]]}, "finger3joint2": {"matrix": [[0.5603836178779602, -0.7187796235084534, 0.41149261593818665, -1.474406361579895], [0.07112744450569153, 0.5367612242698669, 0.8407305479049683, 0.9694277048110962], [-0.8251733779907227, -0.44186314940452576, 0.3519173562526703, 0.22991809248924255], [0.0, 0.0, 0.0, 1.0]]}, "finger3joint3": {"matrix": [[0.44684311747550964, -0.7004142999649048, -0.5565528869628906, -1.9395146369934082], [-0.044724151492118835, -0.6388278603553772, 0.7680482864379883, 1.3167552947998047], [-0.8934937119483948, -0.3183059096336365, -0.3167811930179596, -0.05600285530090332], [0.0, 0.0, 0.0, 1.0]]}, "Bone.003": {"matrix": [[0.7416861653327942, -0.28230518102645874, 0.6084451079368591, -1.6427878141403198], [0.5817192792892456, 0.7223243117332458, -0.37396514415740967, -0.2452317625284195], [-0.33392229676246643, 0.6313092112541199, 0.6999604105949402, 0.3283308446407318], [0.0, 0.0, 0.0, 1.0]]}, "finger4joint1": {"matrix": [[0.7419768571853638, -0.08324282616376877, 0.6652374267578125, -1.7637892961502075], [-0.5163649916648865, 0.5619038343429565, 0.6462435126304626, 0.06437051296234131], [-0.42759475111961365, -0.8230031728744507, 0.37393617630004883, 0.5989222526550293], [0.0, 0.0, 0.0, 1.0]]}, "finger4joint2": {"matrix": [[0.7525811195373535, -0.6453627943992615, -0.1308751255273819, -1.8464794158935547], [-0.4907732903957367, -0.6822150349617004, 0.5419626832008362, 0.6225426197052002], [-0.4390476942062378, -0.343641072511673, -0.8301491141319275, -0.2186153531074524], [0.0, 0.0, 0.0, 1.0]]}, "finger4joint3": {"matrix": [[0.8054565787315369, -0.2005361169576645, -0.5576959252357483, -2.115636110305786], [-0.44024041295051575, -0.8324429988861084, -0.336491197347641, 0.3380161225795746], [-0.39677155017852783, 0.5165493488311768, -0.7587810754776001, -0.3619353175163269], [0.0, 0.0, 0.0, 1.0]]}}