{"root": {"matrix": [[0.41965463757514954, -0.06405579298734665, -0.9054208397865295, 0.0], [-0.7092850208282471, -0.6455880403518677, -0.2830739915370941, -5.960464477539063e-08], [-0.5663963556289673, 0.7609946727752686, -0.31635782122612, 0.0], [0.0, 0.0, 0.0, 1.0]]}, "carpals": {"matrix": [[0.647628664970398, -0.7136046886444092, 0.26710546016693115, 0.9881322979927063], [0.6183993816375732, 0.6970582604408264, 0.36289340257644653, -2.2041165828704834], [-0.44515058398246765, -0.06984233856201172, 0.8927276730537415, -0.5004496574401855], [0.0, 0.0, 0.0, 1.0]]}, "metacarpals": {"matrix": [[-0.15111875534057617, -0.7401854991912842, 0.6552010774612427, 0.2930856943130493], [0.07260219752788544, 0.6527121067047119, 0.7541190385818481, -1.5251860618591309], [-0.985845685005188, 0.16153055429458618, -0.04489801824092865, -0.5684757232666016], [0.0, 0.0, 0.0, 1.0]]}, "finger5joint1": {"matrix": [[-0.4168563187122345, -0.854548454284668, 0.30980250239372253, -0.37232792377471924], [0.35886964201927185, 0.15841525793075562, 0.9198460578918457, -1.4756625890731812], [-0.8351305723190308, 0.49462246894836426, 0.24063506722450256, -0.2848435044288635], [0.0, 0.0, 0.0, 1.0]]}, "finger5joint2": {"matrix": [[0.1838560551404953, -0.945148766040802, -0.26998171210289, -1.2749637365341187], [0.96087247133255, 0.2307034283876419, -0.1532953977584839, -1.308332920074463], [0.2071726769208908, -0.23123379051685333, 0.9505839943885803, 0.23761248588562012], [0.0, 0.0, 0.0, 1.0]]}, "finger5joint3": {"matrix": [[0.10940196365118027, -0.7684861421585083, -0.6304439902305603, -1.9245975017547607], [0.9851893782615662, 0.16807912290096283, -0.03392039239406586, -1.1497623920440674], [0.13203181326389313, -0.6173960566520691, 0.7754929065704346, 0.07867738604545593], [0.0, 0.0, 0.0, 1.0]]}, "Bone": {"matrix": [[0.649864137172699, -0.3747059106826782, 0.6612654328346252, -0.8625495433807373], [-0.6950745582580566, 0.05898413062095642, 0.7165136933326721, -0.5061212778091431], [-0.30748605728149414, -0.9252654314041138, -0.22211697697639465, -0.31628161668777466], [0.0, 0.0, 0.0, 1.0]]}, "finger1joint1": {"matrix": [[0.049938663840293884, -0.9954097867012024, -0.08164171874523163, -1.1743751764297485], [-0.01990310102701187, -0.08271937072277069, 0.9963738918304443, -0.4570354223251343], [-0.9985538125038147, -0.04813266173005104, -0.02394273690879345, -1.0862760543823242], [0.0, 0.0, 0.0, 1.0]]}, "finger1joint2": {"matrix": [[0.09232230484485626, -0.7785689830780029, -0.620730996131897, -1.7369589805603027], [-0.32065314054489136, -0.6134316325187683, 0.7217221856117249, -0.503786563873291], [-0.9426865577697754, 0.13240833580493927, -0.3062840402126312, -1.1134796142578125], [0.0, 0.0, 0.0, 1.0]]}, "finger1joint3": {"matrix": [[0.05748526006937027, -0.42036172747612, -0.9055337905883789, -2.070719003677368], [-0.22319161891937256, -0.889487624168396, 0.3987441658973694, -0.7667547464370728], [-0.9730780124664307, 0.17918570339679718, -0.1449536681175232, -1.056718349456787], [0.0, 0.0, 0.0, 1.0]]}, "Bone.001": {"matrix": [[0.5579360723495483, -0.33518579602241516, 0.7591822743415833, -0.8625494837760925], [-0.5444909930229187, 0.542523980140686, 0.6396849751472473, -0.5061212778091431], [-0.6262878775596619, -0.7702713012695312, 0.12018797546625137, -0.3162817060947418], [0.0, 0.0, 0.0, 1.0]]}, "finger2joint1": {"matrix": [[0.13015274703502655, -0.5357568264007568, 0.8342809677124023, -1.0750181674957275], [-0.15601155161857605, 0.8198900818824768, 0.5508540868759155, -0.1622241735458374], [-0.9791426062583923, -0.2018526941537857, 0.023126626387238503, -0.8045440316200256], [0.0, 0.0, 0.0, 1.0]]}, "finger2joint2": {"matrix": [[0.0035127366427332163, -0.6554819941520691, 0.7552025318145752, -1.5385276079177856], [-0.1314639002084732, 0.7483497858047485, 0.6501457095146179, 0.5471028685569763], [-0.9913145899772644, -0.10156569629907608, -0.0835435539484024, -0.9791766405105591], [0.0, 0.0, 0.0, 1.0]]}, "finger2joint3": {"matrix": [[-0.13918620347976685, -0.8063453435897827, 0.5748339891433716, -1.787359356880188], [-0.10232557356357574, 0.589087963104248, 0.8015637397766113, 0.8311886787414551], [-0.9849650859832764, 0.05274638906121254, -0.16450278460979462, -1.0177326202392578], [0.0, 0.0, 0.0, 1.0]]}, "Bone.002": {"matrix": [[0.15418373048305511, -0.5368753671646118, 0.8294529318809509, -0.8625495433807373], [-0.02198963798582554, 0.8374187350273132, 0.5461190342903137, -0.5061212778091431], [-0.9877973794937134, -0.10244205594062805, 0.11731057614088058, -0.31628167629241943], [0.0, 0.0, 0.0, 1.0]]}, "finger3joint1": {"matrix": [[-0.05459403991699219, -0.2734421491622925, 0.9603378772735596, -1.0888478755950928], [-0.017878836020827293, 0.9618855714797974, 0.27286651730537415, -0.15314090251922607], [-0.9983485341072083, -0.002272842451930046, -0.05740214139223099, -0.35946202278137207], [0.0, 0.0, 0.0, 1.0]]}, "finger3joint2": {"matrix": [[-0.1343572437763214, -0.8224732279777527, 0.5527077317237854, -1.3287062644958496], [0.1238701269030571, 0.53944993019104, 0.8328563570976257, 0.6906074285507202], [-0.9831603169441223, 0.18036434054374695, 0.029400797560811043, -0.3614557087421417], [0.0, 0.0, 0.0, 1.0]]}, "finger3joint3": {"matrix": [[-0.26602792739868164, -0.9415345191955566, 0.2067410945892334, -1.860912561416626], [0.008659075014293194, 0.21212661266326904, 0.9772036671638489, 1.0396748781204224], [-0.963926374912262, 0.26175376772880554, -0.0482788160443306, -0.24474549293518066], [0.0, 0.0, 0.0, 1.0]]}, "Bone.003": {"matrix": [[0.2732846736907959, 0.06267731636762619, 0.9598891139030457, -0.8625494241714478], [0.7100290060043335, 0.6600842475891113, -0.24524949491024017, -0.5061212778091431], [-0.6489792466163635, 0.748572051525116, 0.13588815927505493, -0.31628167629241943], [0.0, 0.0, 0.0, 1.0]]}, "finger4joint1": {"matrix": [[0.07286036014556885, -0.7283471822738647, 0.6813234090805054, -0.8356846570968628], [-0.1285487413406372, 0.6705824732780457, 0.7306119799613953, -0.2231963872909546], [-0.9890229105949402, -0.14081589877605438, -0.044769320636987686, 0.004570886492729187], [0.0, 0.0, 0.0, 1.0]]}, "finger4joint2": {"matrix": [[0.06928806751966476, -0.9584243297576904, -0.2768063247203827, -1.5591949224472046], [-0.0990108922123909, -0.2827100455760956, 0.9540814161300659, 0.44293278455734253], [-0.9926708936691284, -0.038699522614479065, -0.11448290944099426, -0.1353098601102829], [0.0, 0.0, 0.0, 1.0]]}, "finger4joint3": {"matrix": [[0.1527600735425949, -0.6006828546524048, -0.7847574353218079, -1.9589182138442993], [-0.08911395072937012, -0.7992148399353027, 0.5944020748138428, 0.32502496242523193], [-0.984237015247345, -0.020867986604571342, -0.17561732232570648, -0.1514499932527542], [0.0, 0.0, 0.0, 1.0]]}}