{"root": {"matrix": [[0.1824733018875122, -0.8346761465072632, -0.5196337699890137, 0.0], [-0.6372833251953125, 0.30205246806144714, -0.7089670300483704, 0.0], [0.7487144470214844, 0.46052151918411255, -0.4768087565898895, 2.9802322387695312e-08], [0.0, 0.0, 0.0, 1.0]]}, "carpals": {"matrix": [[0.44441553950309753, -0.866479754447937, -0.22739285230636597, -0.3459154963493347], [0.5606566071510315, 0.07105391472578049, 0.8249940276145935, -1.0658392906188965], [-0.6986834406852722, -0.49412959814071655, 0.5173752903938293, 2.1975700855255127], [0.0, 0.0, 0.0, 1.0]]}, "metacarpals": {"matrix": [[0.6692946553230286, -0.42921486496925354, 0.6064808964729309, -1.189861536026001], [-0.24644924700260162, 0.641804575920105, 0.7261881828308105, -0.9966331124305725], [-0.7009331583976746, -0.6355006694793701, 0.32377690076828003, 1.716290831565857], [0.0, 0.0, 0.0, 1.0]]}, "finger5joint1": {"matrix": [[0.7233291268348694, -0.2306017130613327, 0.6508591771125793, -1.8017261028289795], [-0.3465619683265686, 0.6940279006958008, 0.6310465335845947, -0.8858617544174194], [-0.5972349643707275, -0.6820173263549805, 0.422093003988266, 1.343428373336792], [0.0, 0.0, 0.0, 1.0]]}, "finger5joint2": {"matrix": [[0.6355171799659729, -0.1555306315422058, -0.7562590837478638, -2.045304298400879], [0.5994507074356079, 0.716711163520813, 0.35634708404541016, -0.15277931094169617], [0.4865967631340027, -0.6798046231269836, 0.5487154126167297, 0.6230323910713196], [0.0, 0.0, 0.0, 1.0]]}, "finger5joint3": {"matrix": [[0.6588892340660095, -0.07420948147773743, -0.7485702633857727, -2.1522059440612793], [0.6432101130485535, 0.571578323841095, 0.5094882249832153, 0.33984142541885376], [0.3900579810142517, -0.817184329032898, 0.4243393540382385, 0.15577884018421173], [0.0, 0.0, 0.0, 1.0]]}, "Bone": {"matrix": [[0.47459739446640015, 0.48313263058662415, 0.7357580661773682, -1.859985113143921], [-0.7312570810317993, -0.24883781373500824, 0.6350924372673035, 0.005402013659477234], [0.4899182915687561, -0.8394417762756348, 0.2351965457201004, 0.7240978479385376], [0.0, 0.0, 0.0, 1.0]]}, "finger1joint1": {"matrix": [[0.7359133362770081, -0.6755916476249695, -0.044802822172641754, -1.4579280614852905], [-0.33333754539489746, -0.41910675168037415, 0.8445324897766113, -0.20167776942253113], [-0.5893365144729614, -0.6065685153007507, -0.5336262583732605, 0.025524765253067017], [0.0, 0.0, 0.0, 1.0]]}, "finger1joint2": {"matrix": [[0.7279745936393738, -0.6011276841163635, -0.32969436049461365, -1.8397579193115234], [-0.5661846399307251, -0.7982878088951111, 0.20535629987716675, -0.43854784965515137], [-0.38663652539253235, 0.0371735505759716, -0.9214826226234436, -0.3172946274280548], [0.0, 0.0, 0.0, 1.0]]}, "finger1joint3": {"matrix": [[0.7124037146568298, -0.3455861210823059, -0.6107791066169739, -2.0974514484405518], [-0.51280677318573, -0.8505072593688965, -0.11690302938222885, -0.780760645866394], [-0.4790721833705902, 0.39649367332458496, -0.7831235527992249, -0.3013589382171631], [0.0, 0.0, 0.0, 1.0]]}, "Bone.001": {"matrix": [[0.6932982206344604, 0.4993421137332916, 0.5196102261543274, -1.859985113143921], [-0.692010223865509, 0.26004770398139954, 0.6734215021133423, 0.005402013659477234], [0.2011442631483078, -0.826457679271698, 0.525840699672699, 0.7240978479385376], [0.0, 0.0, 0.0, 1.0]]}, "finger2joint1": {"matrix": [[0.9258801937103271, -0.23086228966712952, 0.29907894134521484, -1.5434602499008179], [-0.33702266216278076, -0.1468776911497116, 0.9299689531326294, 0.17024199664592743], [-0.17076677083969116, -0.9618364572525024, -0.21379683911800385, 0.20021981000900269], [0.0, 0.0, 0.0, 1.0]]}, "finger2joint2": {"matrix": [[0.8695923089981079, -0.4705815017223358, 0.14953984320163727, -1.7431905269622803], [-0.4334169626235962, -0.5823643803596497, 0.6877506971359253, 0.043170928955078125], [-0.23655618727207184, -0.6628760099411011, -0.71037757396698, -0.6319118738174438], [0.0, 0.0, 0.0, 1.0]]}, "finger2joint3": {"matrix": [[0.7930154800415039, -0.6063966155052185, -0.05838947370648384, -1.9218308925628662], [-0.5570595264434814, -0.7606001496315002, 0.3334239721298218, -0.1779041588306427], [-0.24659833312034607, -0.23188413679599762, -0.9409669041633606, -0.8835505247116089], [0.0, 0.0, 0.0, 1.0]]}, "Bone.002": {"matrix": [[0.8368443846702576, -0.06302766501903534, 0.5438004732131958, -1.859985113143921], [-0.3251991868019104, 0.741855800151825, 0.5864257216453552, 0.00540199875831604], [-0.4403826892375946, -0.6675904393196106, 0.6003215312957764, 0.7240978479385376], [0.0, 0.0, 0.0, 1.0]]}, "finger3joint1": {"matrix": [[0.7110570073127747, 0.2990833520889282, 0.6363545656204224, -1.886551856994629], [-0.30764028429985046, 0.9461350440979004, -0.10092407464981079, 0.3181016445159912], [-0.6322622299194336, -0.1240052878856659, 0.7647660374641418, 0.4427017569541931], [0.0, 0.0, 0.0, 1.0]]}, "finger3joint2": {"matrix": [[0.724175214767456, -0.5889958739280701, 0.35868388414382935, -1.6242015361785889], [-0.15001516044139862, 0.3731178045272827, 0.915575385093689, 1.1480337381362915], [-0.673101544380188, -0.7168449759483337, 0.18184465169906616, 0.33392661809921265], [0.0, 0.0, 0.0, 1.0]]}, "finger3joint3": {"matrix": [[0.6234171986579895, -0.4981376826763153, -0.6026690006256104, -2.005329132080078], [-0.2831464409828186, -0.8622996211051941, 0.4198417365550995, 1.3894710540771484], [-0.7288203835487366, -0.0910932868719101, -0.678618311882019, -0.12992963194847107], [0.0, 0.0, 0.0, 1.0]]}, "Bone.003": {"matrix": [[0.8189749121665955, -0.37868255376815796, 0.4311375319957733, -1.8599849939346313], [0.4801555573940277, 0.8636445999145508, -0.15351992845535278, 0.00540199875831604], [-0.31421416997909546, 0.33274227380752563, 0.8891299366950989, 0.7240979075431824], [0.0, 0.0, 0.0, 1.0]]}, "finger4joint1": {"matrix": [[0.7509065866470337, 0.2777665853500366, 0.5991533994674683, -2.0222957134246826], [-0.6563683152198792, 0.21370168030261993, 0.7235410809516907, 0.375576913356781], [0.0729353129863739, -0.9365772008895874, 0.3427874743938446, 0.8667176365852356], [0.0, 0.0, 0.0, 1.0]]}, "finger4joint2": {"matrix": [[0.7685062289237976, -0.5223920941352844, 0.36946505308151245, -1.7463738918304443], [-0.6372029781341553, -0.677240788936615, 0.3678542375564575, 0.5878593325614929], [0.05805251747369766, -0.5181227922439575, -0.8533336520195007, -0.06363976001739502], [0.0, 0.0, 0.0, 1.0]]}, "finger4joint3": {"matrix": [[0.8037834763526917, -0.5874119400978088, -0.09422867000102997, -1.9642441272735596], [-0.5840141177177429, -0.7488961219787598, -0.31317976117134094, 0.30540740489959717], [0.11339793354272842, 0.30675944685935974, -0.9450075030326843, -0.27972954511642456], [0.0, 0.0, 0.0, 1.0]]}}