{"root": {"matrix": [[0.24352450668811798, -0.36342549324035645, -0.8992317318916321, 0.0], [-0.9375026226043701, -0.3258114159107208, -0.122211754322052, 0.0], [-0.2485651671886444, 0.8727936744689941, -0.42005544900894165, 0.0], [0.0, 0.0, 0.0, 1.0]]}, "carpals": {"matrix": [[0.21530219912528992, -0.9417061805725098, 0.25852328538894653, 0.2960948348045349], [0.79276043176651, 0.3231329619884491, 0.5168322920799255, -2.425307273864746], [-0.5702416300773621, 0.09367191046476364, 0.8161187767982483, 0.339406281709671], [0.0, 0.0, 0.0, 1.0]]}, "metacarpals": {"matrix": [[-0.20168155431747437, -0.4163864850997925, 0.8865363597869873, -0.621121346950531], [-0.23764216899871826, 0.8988925814628601, 0.3681277334690094, -2.1105780601501465], [-0.9501844644546509, -0.1364339143037796, -0.28024110198020935, 0.43064212799072266], [0.0, 0.0, 0.0, 1.0]]}, "finger5joint1": {"matrix": [[0.1957080066204071, -0.5568378567695618, 0.8072358965873718, -1.1880443096160889], [-0.6425415277481079, 0.5490360856056213, 0.5345085859298706, -1.7073453664779663], [-0.7408363819122314, -0.6232903003692627, -0.2503407597541809, 0.634790301322937], [0.0, 0.0, 0.0, 1.0]]}, "finger5joint2": {"matrix": [[0.7906438708305359, -0.41928720474243164, -0.4461839199066162, -1.776216745376587], [0.5345540642738342, 0.1173674464225769, 0.8369446396827698, -1.1274136304855347], [-0.29855284094810486, -0.9002346396446228, 0.3169277012348175, -0.02357393503189087], [0.0, 0.0, 0.0, 1.0]]}, "finger5joint3": {"matrix": [[0.7714081406593323, -0.40560227632522583, -0.4903221130371094, -2.0644075870513916], [0.4962848424911499, -0.09880104660987854, 0.8625190258026123, -1.0467429161071777], [-0.3982841372489929, -0.9086938500404358, 0.1250784695148468, -0.6423367857933044], [0.0, 0.0, 0.0, 1.0]]}, "Bone": {"matrix": [[0.30375081300735474, -0.4069238603115082, 0.8614802360534668, -1.2712161540985107], [-0.9526851177215576, -0.14038528501987457, 0.26959723234176636, -0.7071570754051208], [0.011233663186430931, -0.9026099443435669, -0.43031251430511475, 0.21763086318969727], [0.0, 0.0, 0.0, 1.0]]}, "finger1joint1": {"matrix": [[-0.11542274057865143, -0.823215126991272, 0.5558725595474243, -1.6098532676696777], [-0.3552785813808441, 0.5568069815635681, 0.750827968120575, -0.8239839673042297], [-0.9276068806648254, -0.11082705110311508, -0.35673898458480835, -0.5335099697113037], [0.0, 0.0, 0.0, 1.0]]}, "finger1joint2": {"matrix": [[-0.26269394159317017, -0.4751078486442566, -0.8398001790046692, -2.0751163959503174], [-0.5780689716339111, -0.6193791627883911, 0.531230092048645, -0.5092886686325073], [-0.7725464105606079, 0.6250134706497192, -0.1119379922747612, -0.5961469411849976], [0.0, 0.0, 0.0, 1.0]]}, "finger1joint3": {"matrix": [[-0.32878440618515015, 0.16155286133289337, -0.9304845333099365, -2.278787612915039], [-0.49818333983421326, -0.8666948676109314, 0.025554323568940163, -0.7748063802719116], [-0.8023179769515991, 0.471953809261322, 0.36543869972229004, -0.32821398973464966], [0.0, 0.0, 0.0, 1.0]]}, "Bone.001": {"matrix": [[0.24750730395317078, -0.17158500850200653, 0.9535714387893677, -1.2712162733078003], [-0.9051481485366821, 0.3101220428943634, 0.2907417118549347, -0.7071570754051208], [-0.34561043977737427, -0.9350842833518982, -0.07855243235826492, 0.21763092279434204], [0.0, 0.0, 0.0, 1.0]]}, "finger2joint1": {"matrix": [[0.014509916305541992, -0.12752194702625275, 0.9917294979095459, -1.3799811601638794], [-0.6062420010566711, 0.7876154780387878, 0.1101456731557846, -0.5105757713317871], [-0.7951475381851196, -0.6028264760971069, -0.06588097661733627, -0.3751037120819092], [0.0, 0.0, 0.0, 1.0]]}, "finger2joint2": {"matrix": [[-0.08879228681325912, -0.6324443817138672, 0.7694997191429138, -1.4903064966201782], [-0.5401067137718201, 0.6796827912330627, 0.49630194902420044, 0.17082887887954712], [-0.8368992805480957, -0.37154421210289, -0.40193814039230347, -0.8966383934020996], [0.0, 0.0, 0.0, 1.0]]}, "finger2joint3": {"matrix": [[-0.22914551198482513, -0.9555876851081848, 0.185322105884552, -1.7303929328918457], [-0.5007555484771729, 0.2789885401725769, 0.8193953633308411, 0.42884767055511475], [-0.8347070217132568, 0.09495974332094193, -0.5424449443817139, -1.0376826524734497], [0.0, 0.0, 0.0, 1.0]]}, "Bone.002": {"matrix": [[0.04273096099495888, -0.1830756664276123, 0.9821696877479553, -1.2712161540985107], [-0.43700695037841797, 0.8806121349334717, 0.18315811455249786, -0.7071571350097656], [-0.8984424471855164, -0.4370415508747101, -0.04237598180770874, 0.21763093769550323], [0.0, 0.0, 0.0, 1.0]]}, "finger3joint1": {"matrix": [[-0.15589366853237152, -0.1020093560218811, 0.9824923276901245, -1.3483843803405762], [-0.3259216845035553, 0.9442609548568726, 0.04632534831762314, -0.3359702229499817], [-0.9324549436569214, -0.31299370527267456, -0.1804514229297638, 0.033413514494895935], [0.0, 0.0, 0.0, 1.0]]}, "finger3joint2": {"matrix": [[-0.20805731415748596, -0.6948317885398865, 0.6884191036224365, -1.4378652572631836], [-0.17406122386455536, 0.7188886404037476, 0.6729795932769775, 0.4923180937767029], [-0.9625044465065002, 0.020191332325339317, -0.2705133557319641, -0.2411387711763382], [0.0, 0.0, 0.0, 1.0]]}, "finger3joint3": {"matrix": [[-0.35507532954216003, -0.859954297542572, 0.3666062355041504, -1.887477159500122], [-0.24886897206306458, 0.46496346592903137, 0.8496310710906982, 0.957496702671051], [-0.9011024832725525, 0.21044622361660004, -0.37911298871040344, -0.2280733585357666], [0.0, 0.0, 0.0, 1.0]]}, "Bone.003": {"matrix": [[0.46306750178337097, 0.3785650432109833, 0.8014094233512878, -1.2712162733078003], [0.2598036229610443, 0.8065021634101868, -0.5310896039009094, -0.7071570754051208], [-0.847390353679657, 0.45413938164711, 0.2751123905181885, 0.21763092279434204], [0.0, 0.0, 0.0, 1.0]]}, "finger4joint1": {"matrix": [[0.07241728156805038, -0.38767728209495544, 0.9189460277557373, -1.1089558601379395], [-0.7355287671089172, 0.6015177369117737, 0.3117263615131378, -0.3614746034145355], [-0.6736117601394653, -0.6984857320785522, -0.2415875941514969, 0.41228392720222473], [0.0, 0.0, 0.0, 1.0]]}, "finger4joint2": {"matrix": [[0.08124294131994247, -0.9953360557556152, 0.05201489478349686, -1.494058609008789], [-0.7153900861740112, -0.021896257996559143, 0.6983816623687744, 0.23604850471019745], [-0.693985641002655, -0.09394945949316025, -0.7138326168060303, -0.2815631926059723], [0.0, 0.0, 0.0, 1.0]]}, "finger4joint3": {"matrix": [[0.16293039917945862, -0.7277308702468872, -0.6662290692329407, -1.9091763496398926], [-0.7212335467338562, -0.5486238598823547, 0.42288702726364136, 0.2269163876771927], [-0.6732572317123413, 0.4116057753562927, -0.6142514944076538, -0.3207460045814514], [0.0, 0.0, 0.0, 1.0]]}}