{"root": {"matrix": [[0.5016589164733887, -0.44113457202911377, -0.7441361546516418, -2.9802322387695312e-08], [-0.8381149172782898, -0.03480410575866699, -0.5443822741508484, 0.0], [0.21424677968025208, 0.8967658281326294, -0.3871813118457794, 0.0], [0.0, 0.0, 0.0, 1.0]]}, "carpals": {"matrix": [[0.7151299715042114, -0.692561686038971, -0.09459013491868973, 0.7863593101501465], [0.5599071383476257, 0.4865555763244629, 0.6706468462944031, -1.8682390451431274], [-0.4184409976005554, -0.5325614809989929, 0.7357208728790283, 1.4058119058609009], [0.0, 0.0, 0.0, 1.0]]}, "metacarpals": {"matrix": [[0.2789115309715271, -0.815054714679718, 0.5078327059745789, 0.11180830001831055], [0.004574266262352467, 0.5299392938613892, 0.848022997379303, -1.3943367004394531], [-0.9603058099746704, -0.23420044779777527, 0.1515345573425293, 0.8871002197265625], [0.0, 0.0, 0.0, 1.0]]}, "finger5joint1": {"matrix": [[0.17604967951774597, -0.9722662568092346, 0.15396349132061005, -0.6111636161804199], [0.1723678559064865, 0.18443721532821655, 0.9676113724708557, -1.4415682554244995], [-0.9691726565361023, -0.14380928874015808, 0.20005768537521362, 0.8596135377883911], [0.0, 0.0, 0.0, 1.0]]}, "finger5joint2": {"matrix": [[0.12452853471040726, -0.6434945464134216, -0.7552528977394104, -1.6381415128707886], [0.9812766909599304, 0.1925879567861557, -0.0022939019836485386, -1.2467525005340576], [0.14692887663841248, -0.7408265471458435, 0.6554292440414429, 0.7077116966247559], [0.0, 0.0, 0.0, 1.0]]}, "finger5joint3": {"matrix": [[0.1053011566400528, -0.3644683361053467, -0.9252426624298096, -2.0804378986358643], [0.99360191822052, 0.0767519548535347, 0.08284708112478256, -1.1143798828125], [0.04081915318965912, -0.9280471205711365, 0.37021878361701965, 0.19851566851139069], [0.0, 0.0, 0.0, 1.0]]}, "Bone": {"matrix": [[0.80245041847229, 0.05479174852371216, 0.5941978096961975, -1.1607184410095215], [-0.5926699042320251, -0.04261698201298714, 0.8043169379234314, -0.5669543743133545], [0.0693928450345993, -0.9975878596305847, -0.0017245433991774917, 0.5214483141899109], [0.0, 0.0, 0.0, 1.0]]}, "finger1joint1": {"matrix": [[0.5722706913948059, -0.756467342376709, 0.31664371490478516, -1.1151213645935059], [-0.09069909900426865, 0.325366735458374, 0.9412277340888977, -0.6024196743965149], [-0.8150336146354675, -0.5673564672470093, 0.11758702993392944, -0.3087320029735565], [0.0, 0.0, 0.0, 1.0]]}, "finger1joint2": {"matrix": [[0.4637075364589691, -0.8552432060241699, 0.23137493431568146, -1.5426602363586426], [-0.37944546341896057, 0.044284604489803314, 0.9241534471511841, -0.4185294508934021], [-0.8006224632263184, -0.5163311958312988, -0.30398300290107727, -0.6293896436691284], [0.0, 0.0, 0.0, 1.0]]}, "finger1joint3": {"matrix": [[0.5158180594444275, -0.8339754343032837, -0.19600149989128113, -1.9092891216278076], [-0.2852707505226135, -0.3829363286495209, 0.878623902797699, -0.3995453715324402], [-0.8078071475028992, -0.3972966969013214, -0.4354342520236969, -0.8507323265075684], [0.0, 0.0, 0.0, 1.0]]}, "Bone.001": {"matrix": [[0.8377861380577087, -0.03871027007699013, 0.544624388217926, -1.160718321800232], [-0.4729025363922119, 0.4471244513988495, 0.759238064289093, -0.5669543743133545], [-0.27290523052215576, -0.8936335444450378, 0.3562886118888855, 0.5214483737945557], [0.0, 0.0, 0.0, 1.0]]}, "finger2joint1": {"matrix": [[0.767204999923706, -0.6275999546051025, -0.1323426216840744, -1.1852562427520752], [-0.020630760118365288, -0.23037295043468475, 0.9728834629058838, -0.28352946043014526], [-0.6410698890686035, -0.7436708807945251, -0.18969114124774933, -0.04501140117645264], [0.0, 0.0, 0.0, 1.0]]}, "finger2joint2": {"matrix": [[0.7162402868270874, -0.6130961179733276, -0.33333608508110046, -1.7282235622406006], [-0.13119734823703766, -0.5874413847923279, 0.7985608577728271, -0.48283636569976807], [-0.6854101419448853, -0.5282287001609802, -0.5011857748031616, -0.6883974671363831], [0.0, 0.0, 0.0, 1.0]]}, "finger2joint3": {"matrix": [[0.6680933237075806, -0.5521024465560913, -0.4988325834274292, -1.9609650373458862], [-0.26853492856025696, -0.8041273355484009, 0.530346691608429, -0.7058387994766235], [-0.6939308047294617, -0.2203671932220459, -0.6854910850524902, -0.8889217376708984], [0.0, 0.0, 0.0, 1.0]]}, "Bone.002": {"matrix": [[0.5648335814476013, -0.5437520742416382, 0.6207226514816284, -1.1607182025909424], [-0.03908580169081688, 0.7337313890457153, 0.6783142685890198, -0.5669543743133545], [-0.8242785930633545, -0.4073960781097412, 0.39318326115608215, 0.5214483141899109], [0.0, 0.0, 0.0, 1.0]]}, "finger3joint1": {"matrix": [[0.44839057326316833, -0.033854272216558456, 0.8931964039802551, -1.3899152278900146], [-0.18687309324741364, 0.9736486077308655, 0.1307152658700943, -0.2576792240142822], [-0.8740849494934082, -0.22552578151226044, 0.4302483797073364, 0.34972676634788513], [0.0, 0.0, 0.0, 1.0]]}, "finger3joint2": {"matrix": [[0.4024049639701843, -0.7041135430335999, 0.5850592851638794, -1.4196115732192993], [-0.03549481928348541, 0.6266055107116699, 0.7785276770591736, 0.5963873863220215], [-0.9147734045982361, -0.33404985070228577, 0.227156862616539, 0.15189971029758453], [0.0, 0.0, 0.0, 1.0]]}, "finger3joint3": {"matrix": [[0.2628515660762787, -0.8977452516555786, 0.3535003662109375, -1.8752295970916748], [-0.13477696478366852, 0.3286271393299103, 0.9347935318946838, 1.0018513202667236], [-0.9553765058517456, -0.2933556139469147, -0.034615132957696915, -0.06425736099481583], [0.0, 0.0, 0.0, 1.0]]}, "Bone.003": {"matrix": [[0.4315299093723297, -0.35043251514434814, 0.8312515020370483, -1.160718321800232], [0.7164451479911804, 0.6930698156356812, -0.07975113391876221, -0.5669543743133545], [-0.5481678247451782, 0.6299612522125244, 0.5501461029052734, 0.5214483141899109], [0.0, 0.0, 0.0, 1.0]]}, "finger4joint1": {"matrix": [[0.615628719329834, -0.3402250111103058, 0.7108080387115479, -1.3109205961227417], [-0.34605324268341064, 0.6936578750610352, 0.6317319869995117, -0.2698911726474762], [-0.7079888582229614, -0.6348897814750671, 0.30929985642433167, 0.7914619445800781], [0.0, 0.0, 0.0, 1.0]]}, "finger4joint2": {"matrix": [[0.6212788224220276, -0.7831080555915833, 0.027462098747491837, -1.6488860845565796], [-0.31779807806015015, -0.21978089213371277, 0.9223340749740601, 0.4191601276397705], [-0.716251790523529, -0.581754207611084, -0.3854154050350189, 0.16078844666481018], [0.0, 0.0, 0.0, 1.0]]}, "finger4joint3": {"matrix": [[0.6837567687034607, -0.5585948824882507, -0.46951907873153687, -1.9754912853240967], [-0.31188705563545227, -0.8054147958755493, 0.5040166974067688, 0.3274976909160614], [-0.6596989631652832, -0.19818808138370514, -0.7249264121055603, -0.08183962851762772], [0.0, 0.0, 0.0, 1.0]]}}