{"root": {"matrix": [[0.30656155943870544, -0.3337782621383667, -0.8914101719856262, -2.9802322387695312e-08], [-0.7212200164794922, -0.6926137804985046, 0.011309154331684113, 0.0], [-0.6211777329444885, 0.6394358277320862, -0.45305630564689636, 5.960464477539063e-08], [0.0, 0.0, 0.0, 1.0]]}, "carpals": {"matrix": [[0.5210698843002319, -0.8479382395744324, -0.0974002555012703, 0.4667913317680359], [0.8299340605735779, 0.47672608494758606, 0.28972646594047546, -2.3102333545684814], [-0.1992369443178177, -0.2318035215139389, 0.9521404504776001, -0.7279516458511353], [0.0, 0.0, 0.0, 1.0]]}, "metacarpals": {"matrix": [[-0.00032205204479396343, -0.5168954133987427, 0.8560484051704407, -0.35909539461135864], [0.5057077407836914, 0.7384329438209534, 0.44606754183769226, -1.8459049463272095], [-0.8627046346664429, 0.43305397033691406, 0.26116013526916504, -0.9537268877029419], [0.0, 0.0, 0.0, 1.0]]}, "finger5joint1": {"matrix": [[0.35931479930877686, -0.6206028461456299, 0.6969539523124695, -1.0061657428741455], [0.2133098542690277, 0.7816764712333679, 0.5860720872879028, -1.6967359781265259], [-0.9085106253623962, -0.06191724166274071, 0.41324856877326965, -0.6626540422439575], [0.0, 0.0, 0.0, 1.0]]}, "finger5joint2": {"matrix": [[0.7223606109619141, -0.5150237083435059, -0.46146008372306824, -1.661691427230835], [0.525175154209137, 0.8427125811576843, -0.11843109130859375, -0.8710727691650391], [0.44987305998802185, -0.15679733455181122, 0.8792202472686768, -0.728055477142334], [0.0, 0.0, 0.0, 1.0]]}, "finger5joint3": {"matrix": [[0.6954306364059448, -0.46281418204307556, -0.5497079491615295, -2.0156850814819336], [0.6072734594345093, 0.7874906659126282, 0.1052461639046669, -0.2918468713760376], [0.38418048620224, -0.40701451897621155, 0.8287001252174377, -0.8358277678489685], [0.0, 0.0, 0.0, 1.0]]}, "Bone": {"matrix": [[0.4363700747489929, -0.22284725308418274, 0.8717339634895325, -1.1661126613616943], [-0.6865043044090271, 0.5438216924667358, 0.4826691448688507, -0.693006157875061], [-0.5816292762756348, -0.8090716004371643, 0.08432185649871826, -0.2776094079017639], [0.0, 0.0, 0.0, 1.0]]}, "finger1joint1": {"matrix": [[0.16319194436073303, -0.787387490272522, 0.5944654941558838, -1.3515633344650269], [0.359419047832489, 0.6085837483406067, 0.707420289516449, -0.24044442176818848], [-0.9187960028648376, 0.09821685403585434, 0.3823179602622986, -0.9509087800979614], [0.0, 0.0, 0.0, 1.0]]}, "finger1joint2": {"matrix": [[-0.009831192903220654, -0.6931687593460083, -0.7207082509994507, -1.79657781124115], [0.11472926288843155, -0.716765284538269, 0.6878113746643066, 0.1035139262676239], [-0.9933480620384216, -0.07592425495386124, 0.08657331764698029, -0.895398736000061], [0.0, 0.0, 0.0, 1.0]]}, "finger1joint3": {"matrix": [[-0.05733199045062065, -0.3185165822505951, -0.9461818933486938, -2.0937278270721436], [0.2100144773721695, -0.9303816556930542, 0.30047231912612915, -0.2037515938282013], [-0.9760158061981201, -0.1814851313829422, 0.1202336773276329, -0.9279462099075317], [0.0, 0.0, 0.0, 1.0]]}, "Bone.001": {"matrix": [[0.4348062574863434, -0.05540256202220917, 0.8988180756568909, -1.1661125421524048], [-0.4000413715839386, 0.8823312520980835, 0.24790765345096588, -0.693006157875061], [-0.8067899346351624, -0.46735623478889465, 0.361479789018631, -0.27760937809944153], [0.0, 0.0, 0.0, 1.0]]}, "finger2joint1": {"matrix": [[0.04523688927292824, -0.2910829484462738, 0.9556276202201843, -1.2012314796447754], [0.39976975321769714, 0.8819445371627808, 0.24971511960029602, -0.1337108612060547], [-0.9154983758926392, 0.37073466181755066, 0.1562625616788864, -0.5738588571548462], [0.0, 0.0, 0.0, 1.0]]}, "finger2joint2": {"matrix": [[-0.06977804750204086, -0.8460698127746582, 0.5284853577613831, -1.4530614614486694], [0.4530928432941437, 0.4450976550579071, 0.7723953723907471, 0.6293026208877563], [-0.888728141784668, 0.29334911704063416, 0.3522900342941284, -0.2531181573867798], [0.0, 0.0, 0.0, 1.0]]}, "finger2joint3": {"matrix": [[-0.21330025792121887, -0.862558126449585, -0.45879870653152466, -1.7742435932159424], [0.43031394481658936, -0.5045459270477295, 0.7485071420669556, 0.7982689142227173], [-0.8771160244941711, -0.03777064010500908, 0.4787905216217041, -0.1417580246925354], [0.0, 0.0, 0.0, 1.0]]}, "Bone.002": {"matrix": [[0.25882869958877563, -0.23604553937911987, 0.9366376996040344, -1.1661127805709839], [0.32462838292121887, 0.9345352053642273, 0.14580851793289185, -0.693006157875061], [-0.9097384214401245, 0.2663196921348572, 0.31851157546043396, -0.2776094079017639], [0.0, 0.0, 0.0, 1.0]]}, "finger3joint1": {"matrix": [[0.223591610789299, -0.12313234061002731, 0.9668738842010498, -1.2656080722808838], [0.031285155564546585, 0.9923835396766663, 0.11914630234241486, -0.2990901470184326], [-0.9741806983947754, 0.003608567174524069, 0.22574080526828766, -0.1653529703617096], [0.0, 0.0, 0.0, 1.0]]}, "finger3joint2": {"matrix": [[0.1636304259300232, -0.7552880644798279, 0.6346376538276672, -1.3736176490783691], [0.18316379189491272, 0.6553825736045837, 0.7327513098716736, 0.5714103579521179], [-0.9693688750267029, -0.0036577964201569557, 0.24558186531066895, -0.1621876060962677], [0.0, 0.0, 0.0, 1.0]]}, "finger3joint3": {"matrix": [[0.016899455338716507, -0.9373376965522766, 0.3480120897293091, -1.8623496294021606], [0.08962024748325348, 0.34808075428009033, 0.9331707954406738, 0.9954954385757446], [-0.9958325624465942, 0.015418858267366886, 0.08988670259714127, -0.16455449163913727], [0.0, 0.0, 0.0, 1.0]]}, "Bone.003": {"matrix": [[0.5555752515792847, 0.1715112179517746, 0.8135847449302673, -1.1661126613616943], [0.7758884429931641, 0.24479715526103973, -0.5814390182495117, -0.6930060982704163], [-0.2988865375518799, 0.9542840719223022, 0.0029296819120645523, -0.2776094079017639], [0.0, 0.0, 0.0, 1.0]]}, "finger4joint1": {"matrix": [[0.256311297416687, -0.42680519819259644, 0.8672610521316528, -1.092599630355835], [0.06819342821836472, 0.9029824733734131, 0.4242308437824249, -0.5880813598632812], [-0.9641855955123901, -0.04959370940923691, 0.2605498433113098, 0.13141530752182007], [0.0, 0.0, 0.0, 1.0]]}, "finger4joint2": {"matrix": [[0.2631593346595764, -0.9525954723358154, -0.1526721715927124, -1.5165703296661377], [0.09705394506454468, -0.13130715489387512, 0.986579179763794, 0.3089044392108917], [-0.9598579406738281, -0.27444493770599365, 0.05789840221405029, 0.08215093612670898], [0.0, 0.0, 0.0, 1.0]]}, "finger4joint3": {"matrix": [[0.3436391055583954, -0.7157179117202759, -0.6079965829849243, -1.9138625860214233], [0.09319034963846207, -0.6182389259338379, 0.7804458141326904, 0.2541411221027374], [-0.9344663023948669, -0.3248511254787445, -0.14575310051441193, -0.032309845089912415], [0.0, 0.0, 0.0, 1.0]]}}