{"root": {"matrix": [[0.3821529448032379, -0.6088922619819641, -0.6951326131820679, 0.0], [-0.8709702491760254, 0.014058016240596771, -0.4911345839500427, 9.313225746154785e-10], [0.3088201582431793, 0.7931283712387085, -0.5249547958374023, 0.0], [0.0, 0.0, 0.0, 1.0]]}, "carpals": {"matrix": [[0.8397940993309021, -0.48475563526153564, -0.2444537878036499, 0.34638649225234985], [0.5215385556221008, 0.5952591300010681, 0.6112803220748901, -1.9006997346878052], [-0.1508081704378128, -0.6408418416976929, 0.7527140974998474, 1.5337344408035278], [0.0, 0.0, 0.0, 1.0]]}, "metacarpals": {"matrix": [[0.37881794571876526, -0.7993221879005432, 0.4664556682109833, -0.12576258182525635], [0.25907519459724426, 0.5754587054252625, 0.7757105827331543, -1.3209210634231567], [-0.8884688019752502, -0.17300599813461304, 0.42507877945899963, 0.9095584154129028], [0.0, 0.0, 0.0, 1.0]]}, "finger5joint1": {"matrix": [[-0.016837697476148605, -0.9974490404129028, -0.06936722248792648, -0.8402655124664307], [0.508707582950592, -0.06827255338430405, 0.8582277894020081, -1.3570852279663086], [-0.8607745170593262, -0.020837053656578064, 0.5085595846176147, 0.7918612957000732], [0.0, 0.0, 0.0, 1.0]]}, "finger5joint2": {"matrix": [[-0.11148720979690552, -0.47302353382110596, -0.8739672899246216, -1.893843173980713], [0.9014379978179932, 0.32204994559288025, -0.2892969846725464, -1.4291998147964478], [0.4183056652545929, -0.8200804591178894, 0.3904971778392792, 0.7698516845703125], [0.0, 0.0, 0.0, 1.0]]}, "finger5joint3": {"matrix": [[-0.10687423497438431, -0.00552500132471323, -0.9942569136619568, -2.2189691066741943], [0.9421201348304749, 0.3190470337867737, -0.10304298251867294, -1.2078434228897095], [0.31778421998023987, -0.9477225542068481, -0.028892625123262405, 0.20618166029453278], [0.0, 0.0, 0.0, 1.0]]}, "Bone": {"matrix": [[0.8058949708938599, 0.1612250953912735, 0.5696837902069092, -1.373726487159729], [-0.5920512676239014, 0.22413873672485352, 0.7741038203239441, -0.4224702715873718], [-0.0028832415118813515, -0.9611285924911499, 0.27608591318130493, 0.6394479870796204], [0.0, 0.0, 0.0, 1.0]]}, "finger1joint1": {"matrix": [[0.7103793025016785, -0.6518992781639099, 0.2653082013130188, -1.2395570278167725], [0.098887138068676, 0.4656619131565094, 0.8794201612472534, -0.2359447479248047], [-0.6968374252319336, -0.5984864830970764, 0.3952611982822418, -0.16039136052131653], [0.0, 0.0, 0.0, 1.0]]}, "finger1joint2": {"matrix": [[0.6087687015533447, -0.7506025433540344, 0.25689777731895447, -1.6079962253570557], [-0.18288761377334595, 0.1823171228170395, 0.9660808444023132, 0.027237266302108765], [-0.7719797492027283, -0.6351033449172974, -0.026286859065294266, -0.4986429214477539], [0.0, 0.0, 0.0, 1.0]]}, "finger1joint3": {"matrix": [[0.6587810516357422, -0.7394025921821594, -0.13889314234256744, -1.92976713180542], [-0.09067434817552567, -0.2613045573234558, 0.9609878659248352, 0.10539361834526062], [-0.7468504905700684, -0.6204867362976074, -0.23918728530406952, -0.7709012627601624], [0.0, 0.0, 0.0, 1.0]]}, "Bone.001": {"matrix": [[0.8741182684898376, 0.044395603239536285, 0.48367977142333984, -1.373726487159729], [-0.38564297556877136, 0.6688438057899475, 0.6355524659156799, -0.4224702715873718], [-0.2952904999256134, -0.7420758605003357, 0.6017696261405945, 0.6394479870796204], [0.0, 0.0, 0.0, 1.0]]}, "finger2joint1": {"matrix": [[0.8357212543487549, -0.5414230227470398, -0.09182000905275345, -1.3455848693847656], [0.13280093669891357, 0.037015948444604874, 0.9904510378837585, 0.0014988891780376434], [-0.5328542590141296, -0.8399349451065063, 0.10283660143613815, 0.1690582036972046], [0.0, 0.0, 0.0, 1.0]]}, "finger2joint2": {"matrix": [[0.7882296442985535, -0.5324258804321289, -0.30857184529304504, -1.813996434211731], [0.04350336268544197, -0.4519665241241455, 0.8909732103347778, 0.03352320194244385], [-0.6138414740562439, -0.7157155275344849, -0.3330911099910736, -0.5576105117797852], [0.0, 0.0, 0.0, 1.0]]}, "finger2joint3": {"matrix": [[0.7463576793670654, -0.4066384732723236, -0.526872992515564, -2.016113758087158], [-0.08840934187173843, -0.8452014923095703, 0.5270841121673584, -0.13805073499679565], [-0.6596466898918152, -0.3468129336833954, -0.6667733788490295, -0.8293079137802124], [0.0, 0.0, 0.0, 1.0]]}, "Bone.002": {"matrix": [[0.6497762799263, -0.516657292842865, 0.5575445890426636, -1.3737263679504395], [0.17999082803726196, 0.8172094225883484, 0.5475141406059265, -0.4224702715873718], [-0.7385079264640808, -0.25540873408317566, 0.6239970326423645, 0.6394480466842651], [0.0, 0.0, 0.0, 1.0]]}, "finger3joint1": {"matrix": [[0.6492166519165039, 0.133469358086586, 0.7488014698028564, -1.5915027856826782], [-0.2183154821395874, 0.9757571816444397, 0.015358497388660908, -0.07800835371017456], [-0.7285987734794617, -0.1734458953142166, 0.6626163125038147, 0.5317906141281128], [0.0, 0.0, 0.0, 1.0]]}, "finger3joint2": {"matrix": [[0.632610559463501, -0.6435191631317139, 0.4309140741825104, -1.4744259119033813], [-0.06170922517776489, 0.5127461552619934, 0.8563194274902344, 0.7779078483581543], [-0.7720076441764832, -0.5683081150054932, 0.284657746553421, 0.3796471059322357], [0.0, 0.0, 0.0, 1.0]]}, "finger3joint3": {"matrix": [[0.5184192657470703, -0.8501306772232056, 0.09230001270771027, -1.8908343315124512], [-0.17931611835956573, -0.002537719439715147, 0.983788013458252, 1.1096957921981812], [-0.8361143469810486, -0.526565670967102, -0.15375766158103943, 0.011906147003173828], [0.0, 0.0, 0.0, 1.0]]}, "Bone.003": {"matrix": [[0.4681634306907654, -0.4332740604877472, 0.7701276540756226, -1.3737263679504395], [0.835223913192749, 0.5015091300010681, -0.2255864441394806, -0.4224702715873718], [-0.28848516941070557, 0.7488405108451843, 0.5966691970825195, 0.6394479870796204], [0.0, 0.0, 0.0, 1.0]]}, "finger4joint1": {"matrix": [[0.8040364384651184, -0.2323061227798462, 0.5473199486732483, -1.5594360828399658], [-0.2537710964679718, 0.6983826160430908, 0.6692243814468384, -0.207513689994812], [-0.5377038717269897, -0.676974892616272, 0.5025727152824402, 0.9604156017303467], [0.0, 0.0, 0.0, 1.0]]}, "finger4joint2": {"matrix": [[0.8089187741279602, -0.587322473526001, -0.026504142209887505, -1.790199637413025], [-0.22472511231899261, -0.3505428433418274, 0.9091851711273193, 0.4862309694290161], [-0.5432758927345276, -0.7295010685920715, -0.4155467748641968, 0.2879365086555481], [0.0, 0.0, 0.0, 1.0]]}, "finger4joint3": {"matrix": [[0.8552417159080505, -0.4065205752849579, -0.3214067816734314, -2.0351498126983643], [-0.2080841362476349, -0.8373908400535583, 0.505447268486023, 0.34003254771232605], [-0.47461792826652527, -0.36540019512176514, -0.8007622361183167, -0.016311317682266235], [0.0, 0.0, 0.0, 1.0]]}}