{"root": {"matrix": [[0.1898200809955597, -0.7579005360603333, -0.6241434812545776, -5.960464477539063e-08], [-0.012399433180689812, 0.6338000297546387, -0.7733975648880005, 5.960464477539063e-08], [0.9817405939102173, 0.15454547107219696, 0.11091037839651108, -1.4901161193847656e-08], [0.0, 0.0, 0.0, 1.0]]}, "carpals": {"matrix": [[0.7721067070960999, -0.6318197846412659, -0.06822635978460312, -0.24240213632583618], [-0.06846955418586731, -0.1894427090883255, 0.979501485824585, 0.6792830228805542], [-0.6317933797836304, -0.7516083121299744, -0.18953022360801697, 2.358983039855957], [0.0, 0.0, 0.0, 1.0]]}, "metacarpals": {"matrix": [[0.5859005451202393, -0.4595799148082733, 0.6674628853797913, -0.8577907681465149], [-0.7878285050392151, -0.13005998730659485, 0.6020053625106812, 0.4947669506072998], [-0.18985949456691742, -0.8785615563392639, -0.43827223777770996, 1.6269210577011108], [0.0, 0.0, 0.0, 1.0]]}, "finger5joint1": {"matrix": [[0.5151953101158142, -0.6949016451835632, 0.5016825199127197, -1.4974368810653687], [-0.7621999979019165, -0.10378926247358322, 0.6389669179916382, 0.3111371099948883], [-0.39195001125335693, -0.7115751504898071, -0.583125650882721, 1.3391577005386353], [0.0, 0.0, 0.0, 1.0]]}, "finger5joint2": {"matrix": [[0.5303418040275574, -0.08211375772953033, -0.8437976837158203, -2.231442451477051], [0.6382989883422852, -0.6163622736930847, 0.4611632525920868, 0.20150738954544067], [-0.557952880859375, -0.7831693887710571, -0.27446940541267395, 0.5875406265258789], [0.0, 0.0, 0.0, 1.0]]}, "finger5joint3": {"matrix": [[0.566006600856781, 0.20799382030963898, -0.7977309226989746, -2.287881851196289], [0.5516093969345093, -0.8146764039993286, 0.17896635830402374, -0.22214001417160034], [-0.6126686930656433, -0.5413321852684021, -0.5758435130119324, 0.049240842461586], [0.0, 0.0, 0.0, 1.0]]}, "Bone": {"matrix": [[0.4864492118358612, 0.3872056305408478, 0.7832233309745789, -1.5753226280212402], [-0.04457588121294975, -0.8842689394950867, 0.4648454487323761, 0.29170724749565125], [0.872570812702179, -0.26103675365448, -0.41289177536964417, 0.25524258613586426], [0.0, 0.0, 0.0, 1.0]]}, "finger1joint1": {"matrix": [[0.6680442690849304, -0.5835049152374268, 0.46177780628204346, -1.2530949115753174], [-0.7405965328216553, -0.46103623509407043, 0.4888375997543335, -0.4441705048084259], [-0.07234302163124084, -0.6685562133789062, -0.7401341795921326, 0.038011014461517334], [0.0, 0.0, 0.0, 1.0]]}, "finger1joint2": {"matrix": [[0.5072677731513977, -0.8591152429580688, 0.06782577186822891, -1.5828793048858643], [-0.8448913097381592, -0.5112878084182739, -0.1573001891374588, -0.7047381401062012], [0.16981729865074158, 0.0224878191947937, -0.9852187633514404, -0.33984246850013733], [0.0, 0.0, 0.0, 1.0]]}, "finger1joint3": {"matrix": [[0.5427038073539734, -0.7546675205230713, -0.36871322989463806, -1.9511678218841553], [-0.8371484279632568, -0.4503457546234131, -0.3104371428489685, -0.9239188432693481], [0.06822822242975235, 0.47714295983314514, -0.8761729598045349, -0.33020228147506714], [0.0, 0.0, 0.0, 1.0]]}, "Bone.001": {"matrix": [[0.677507758140564, 0.4276641309261322, 0.5984032154083252, -1.5753226280212402], [-0.2859555184841156, -0.5964230895042419, 0.7500057816505432, 0.29170721769332886], [0.6776520013809204, -0.6792516112327576, -0.281788170337677, 0.25524264574050903], [0.0, 0.0, 0.0, 1.0]]}, "finger2joint1": {"matrix": [[0.6237576603889465, -0.21511654555797577, 0.7514326572418213, -1.304233193397522], [-0.7785511016845703, -0.08592112362384796, 0.6216714978218079, -0.08635561913251877], [-0.06916804611682892, -0.972801148891449, -0.22107307612895966, -0.17532378435134888], [0.0, 0.0, 0.0, 1.0]]}, "finger2joint2": {"matrix": [[0.5296265482902527, -0.8252668976783752, 0.19603611528873444, -1.490341067314148], [-0.8372361660003662, -0.47151872515678406, 0.276957631111145, -0.16069017350673676], [-0.1361294388771057, -0.31081265211105347, -0.940671980381012, -1.016941785812378], [0.0, 0.0, 0.0, 1.0]]}, "finger2joint3": {"matrix": [[0.4118262231349945, -0.857111394405365, -0.30944952368736267, -1.8036259412765503], [-0.9071683883666992, -0.4177662134170532, -0.05016529560089111, -0.33968645334243774], [-0.08628051728010178, 0.3013821840286255, -0.9495914578437805, -1.134931206703186], [0.0, 0.0, 0.0, 1.0]]}, "Bone.002": {"matrix": [[0.7743101716041565, -0.09410718828439713, 0.6257696151733398, -1.5753225088119507], [-0.6325923204421997, -0.14082200825214386, 0.7615746855735779, 0.29170721769332886], [0.016452381387352943, -0.9855519533157349, -0.16857127845287323, 0.25524264574050903], [0.0, 0.0, 0.0, 1.0]]}, "finger3joint1": {"matrix": [[0.7848338484764099, -0.028268596157431602, 0.6190611720085144, -1.6149896383285522], [-0.4826822876930237, -0.6543943285942078, 0.5820531249046326, 0.23234930634498596], [0.3886561393737793, -0.7556248307228088, -0.5272353291511536, -0.1601773500442505], [0.0, 0.0, 0.0, 1.0]]}, "finger3joint2": {"matrix": [[0.7458768486976624, -0.5389170050621033, 0.39145398139953613, -1.6397863626480103], [-0.6022958755493164, -0.7966509461402893, 0.050861041992902756, -0.34167325496673584], [0.28444212675094604, -0.27370724081993103, -0.918790876865387, -0.8229975700378418], [0.0, 0.0, 0.0, 1.0]]}, "finger3joint3": {"matrix": [[0.641756534576416, -0.7139759659767151, 0.2799767255783081, -1.988508939743042], [-0.6410442590713501, -0.6997990012168884, -0.31518810987472534, -0.8571704030036926], [0.42096397280693054, 0.02279645763337612, -0.9067906141281128, -1.0001081228256226], [0.0, 0.0, 0.0, 1.0]]}, "Bone.003": {"matrix": [[0.8053666353225708, -0.30488139390945435, 0.5083619952201843, -1.5753226280212402], [-0.08478076010942459, 0.7895339727401733, 0.607822597026825, 0.29170721769332886], [-0.5866827368736267, -0.5326191782951355, 0.6100162863731384, 0.25524261593818665], [0.0, 0.0, 0.0, 1.0]]}, "finger4joint1": {"matrix": [[0.5691744089126587, 0.10765065252780914, 0.8151390552520752, -1.706000566482544], [-0.7852821350097656, 0.3649721145629883, 0.5001270174980164, 0.6301167607307434], [-0.24366410076618195, -0.9247735142707825, 0.2922690212726593, 0.02695178985595703], [0.0, 0.0, 0.0, 1.0]]}, "finger4joint2": {"matrix": [[0.5871267914772034, -0.7556949257850647, 0.29018452763557434, -1.5990649461746216], [-0.7669054269790649, -0.40452489256858826, 0.4982120990753174, 0.99266517162323], [-0.2591095566749573, -0.5150578022003174, -0.8170537948608398, -0.8916804194450378], [0.0, 0.0, 0.0, 1.0]]}, "finger4joint3": {"matrix": [[0.6436046361923218, -0.6802113056182861, -0.3508354127407074, -1.914237380027771], [-0.7378305196762085, -0.6732625961303711, -0.04820046201348305, 0.8239527940750122], [-0.20341791212558746, 0.2898789644241333, -0.9351955056190491, -1.1064919233322144], [0.0, 0.0, 0.0, 1.0]]}}