{"root": {"matrix": [[0.13144168257713318, -0.8139036893844604, 0.5659363269805908, 5.960464477539063e-08], [0.6737558841705322, -0.3454206585884094, -0.6532515287399292, -2.9802322387695312e-08], [0.727169930934906, 0.46716737747192383, 0.5029696822166443, 0.0], [0.0, 0.0, 0.0, 1.0]]}, "carpals": {"matrix": [[-0.9473788738250732, -0.19933068752288818, 0.25048014521598816, -0.5630363821983337], [-0.21966896951198578, -0.16434873640537262, -0.9616313576698303, 1.2590208053588867], [0.23284880816936493, -0.9660519361495972, 0.11191372573375702, 2.0451998710632324], [0.0, 0.0, 0.0, 1.0]]}, "metacarpals": {"matrix": [[0.17764364182949066, -0.2872920632362366, 0.9412257075309753, -0.7571831941604614], [-0.892628014087677, -0.44971248507499695, 0.031204866245388985, 1.0989460945129395], [0.41431599855422974, -0.8457077145576477, -0.33633357286453247, 1.1042710542678833], [0.0, 0.0, 0.0, 1.0]]}, "finger5joint1": {"matrix": [[0.22401535511016846, -0.40223225951194763, 0.8877083659172058, -1.3394920825958252], [-0.9055280089378357, -0.4226703941822052, 0.036994632333517075, 0.9860977530479431], [0.3603276312351227, -0.8121320605278015, -0.4589172899723053, 0.6873100399971008], [0.0, 0.0, 0.0, 1.0]]}, "finger5joint2": {"matrix": [[0.8862566947937012, -0.38836267590522766, -0.2524343430995941, -1.7643587589263916], [0.06695898622274399, -0.4318426251411438, 0.8994597792625427, 0.5396427512168884], [-0.4583286941051483, -0.8140549659729004, -0.3567192256450653, -0.1705225110054016], [0.0, 0.0, 0.0, 1.0]]}, "finger5joint3": {"matrix": [[0.8586780428886414, -0.42226114869117737, -0.29046013951301575, -2.031294107437134], [-0.02326926589012146, -0.5982706546783447, 0.8009558320045471, 0.24282218515872955], [-0.5119864344596863, -0.6810043454170227, -0.5235477089881897, -0.7300510406494141], [0.0, 0.0, 0.0, 1.0]]}, "Bone": {"matrix": [[0.2306404858827591, -0.02505304664373398, 0.9727163314819336, -1.205725908279419], [0.302167147397995, -0.948401153087616, -0.09607360512018204, 0.39681997895240784], [0.9249321818351746, 0.31608137488365173, -0.21116957068443298, -0.21611349284648895], [0.0, 0.0, 0.0, 1.0]]}, "finger1joint1": {"matrix": [[0.40746551752090454, -0.5183542370796204, 0.7518514394760132, -1.2265747785568237], [-0.62339848279953, -0.7595117688179016, -0.18578511476516724, -0.3924277424812317], [0.6673424243927002, -0.39300188422203064, -0.6326160430908203, 0.04692552983760834], [0.0, 0.0, 0.0, 1.0]]}, "finger1joint2": {"matrix": [[0.1694963574409485, -0.8305709362030029, 0.5304929614067078, -1.5195372104644775], [-0.5219181776046753, -0.5322506427764893, -0.6665662527084351, -0.8216874003410339], [0.8359857201576233, -0.16389325261116028, -0.5237045884132385, -0.17519062757492065], [0.0, 0.0, 0.0, 1.0]]}, "finger1joint3": {"matrix": [[0.25270602107048035, -0.9657224416732788, -0.05932782590389252, -1.8755896091461182], [-0.5668601989746094, -0.09808354824781418, -0.8179542422294617, -1.0498545169830322], [0.7840976119041443, 0.24033263325691223, -0.572215735912323, -0.2454489767551422], [0.0, 0.0, 0.0, 1.0]]}, "Bone.001": {"matrix": [[0.32155534625053406, 0.22455334663391113, 0.9198791980743408, -1.205725908279419], [-0.050067950040102005, -0.9660822749137878, 0.2533338963985443, 0.396820068359375], [0.9455658793449402, -0.12751738727092743, -0.2994060516357422, -0.21611346304416656], [0.0, 0.0, 0.0, 1.0]]}, "finger2joint1": {"matrix": [[0.385954350233078, -0.6658331155776978, 0.6385180950164795, -1.063385248184204], [-0.6676929593086243, -0.6792259216308594, -0.30469322204589844, -0.21556377410888672], [0.6365727782249451, -0.30873629450798035, -0.7067223191261292, -0.29694461822509766], [0.0, 0.0, 0.0, 1.0]]}, "finger2joint2": {"matrix": [[0.2634950876235962, -0.9554526805877686, -0.13296712934970856, -1.639430046081543], [-0.6953542232513428, -0.09258386492729187, -0.7126784324645996, -0.8031953573226929], [0.6686199307441711, 0.2802465856075287, -0.6887733936309814, -0.5640475153923035], [0.0, 0.0, 0.0, 1.0]]}, "finger2joint3": {"matrix": [[0.16298818588256836, -0.4359597861766815, -0.8850839734077454, -2.0021355152130127], [-0.6349044442176819, 0.6403138637542725, -0.43231260776519775, -0.8383417129516602], [0.7552024126052856, 0.6324056386947632, -0.17242911458015442, -0.45766133069992065], [0.0, 0.0, 0.0, 1.0]]}, "Bone.002": {"matrix": [[0.3725394308567047, 0.04434846341609955, 0.926956057548523, -1.2057260274887085], [-0.7134795188903809, -0.6250446438789368, 0.3166481852531433, 0.3968200087547302], [0.5934317111968994, -0.7793279886245728, -0.20121215283870697, -0.21611347794532776], [0.0, 0.0, 0.0, 1.0]]}, "finger3joint1": {"matrix": [[0.3624167740345001, -0.21606764197349548, 0.906624972820282, -1.1870324611663818], [-0.4716651737689972, -0.8815146088600159, -0.021538708359003067, 0.13335740566253662], [0.8038569092750549, -0.4198172092437744, -0.42138728499412537, -0.5446079969406128], [0.0, 0.0, 0.0, 1.0]]}, "finger3joint2": {"matrix": [[0.2882453203201294, -0.8197657465934753, 0.4948723614215851, -1.3765631914138794], [-0.603923499584198, -0.5566937923431396, -0.5704107880592346, -0.6398909091949463], [0.7430955171585083, -0.1344466507434845, -0.6555401086807251, -0.9128639698028564], [0.0, 0.0, 0.0, 1.0]]}, "finger3joint3": {"matrix": [[0.15988855063915253, -0.965313732624054, 0.2064100056886673, -1.9070173501968384], [-0.5262657403945923, -0.26026245951652527, -0.8095108270645142, -1.0001164674758911], [0.8351525664329529, 0.020805111154913902, -0.5496243834495544, -0.9998616576194763], [0.0, 0.0, 0.0, 1.0]]}, "Bone.003": {"matrix": [[0.7704969048500061, 0.20608924329280853, 0.6032095551490784, -1.205725908279419], [-0.6273480653762817, 0.41291046142578125, 0.6602569818496704, 0.39681994915008545], [-0.11299972981214523, -0.8871482610702515, 0.44743579626083374, -0.21611347794532776], [0.0, 0.0, 0.0, 1.0]]}, "finger4joint1": {"matrix": [[-0.022202184423804283, -0.5024526119232178, 0.8643195033073425, -1.1173921823501587], [-0.99969083070755, 0.0014881432289257646, -0.024814486503601074, 0.5738014578819275], [0.011181973852217197, -0.8646031618118286, -0.5023303627967834, -0.5963624119758606], [0.0, 0.0, 0.0, 1.0]]}, "finger4joint2": {"matrix": [[-0.017019866034388542, -0.967278778553009, -0.25314396619796753, -1.616507887840271], [-0.9996866583824158, 0.0118179339915514, 0.022055992856621742, 0.575279712677002], [-0.018342554569244385, 0.25344014167785645, -0.9671768546104431, -1.455223798751831], [0.0, 0.0, 0.0, 1.0]]}, "finger4joint3": {"matrix": [[0.06715000420808792, -0.4107716381549835, -0.90926194190979, -2.0199241638183594], [-0.9974244236946106, -0.05065058171749115, -0.05077876150608063, 0.5802085399627686], [-0.025196079164743423, 0.910330057144165, -0.4131147861480713, -1.3495233058929443], [0.0, 0.0, 0.0, 1.0]]}}