{"root": {"matrix": [[0.4034672975540161, -0.5629701018333435, 0.7213035821914673, -5.960464477539063e-08], [0.23009975254535675, -0.7005540728569031, -0.6754835844039917, 0.0], [0.8855892419815063, 0.4385072588920593, -0.15311142802238464, 0.0], [0.0, 0.0, 0.0, 1.0]]}, "carpals": {"matrix": [[-0.8864782452583313, -0.3742234706878662, 0.2722366154193878, 0.28029295802116394], [-0.29587477445602417, 0.005996431224048138, -0.9552078247070312, -0.08940702676773071], [0.3558288514614105, -0.9273189306259155, -0.11603917926549911, 2.4491686820983887], [0.0, 0.0, 0.0, 1.0]]}, "metacarpals": {"matrix": [[-0.10473595559597015, -0.504446268081665, 0.8570671081542969, -0.0841984748840332], [-0.986210823059082, -0.0583546906709671, -0.154863640666008, -0.08356654644012451], [0.12813417613506317, -0.8614686727523804, -0.4913787543773651, 1.5459656715393066], [0.0, 0.0, 0.0, 1.0]]}, "finger5joint1": {"matrix": [[-0.17325016856193542, -0.7044501900672913, 0.688283383846283, -0.7062625288963318], [-0.9774741530418396, 0.208517387509346, -0.03262820839881897, 0.11988423764705658], [-0.12053416669368744, -0.6784319281578064, -0.7247077226638794, 1.2340059280395508], [0.0, 0.0, 0.0, 1.0]]}, "finger5joint2": {"matrix": [[0.7087026238441467, -0.6953338384628296, -0.11937660723924637, -1.450353741645813], [-0.02718149870634079, -0.19599202275276184, 0.9802285432815552, 0.3401353657245636], [-0.7049832940101624, -0.6914455890655518, -0.15780021250247955, 0.5173971652984619], [0.0, 0.0, 0.0, 1.0]]}, "finger5joint3": {"matrix": [[0.6461870670318604, -0.689323902130127, -0.3275274634361267, -1.9282809495925903], [-0.09928395599126816, -0.5014441609382629, 0.8594743013381958, 0.20542320609092712], [-0.7566931843757629, -0.5228629112243652, -0.3924654424190521, 0.0421423465013504], [0.0, 0.0, 0.0, 1.0]]}, "Bone": {"matrix": [[0.40790125727653503, -0.3225409984588623, 0.8541566729545593, -0.871779203414917], [-0.08179352432489395, -0.9446703195571899, -0.31765976548194885, -0.174674391746521], [0.9093546867370605, 0.059709250926971436, -0.4117141664028168, 0.20097392797470093], [0.0, 0.0, 0.0, 1.0]]}, "finger1joint1": {"matrix": [[0.10193164646625519, -0.6430820822715759, 0.7589829564094543, -1.1401937007904053], [-0.9405010938644409, -0.3108981251716614, -0.13711264729499817, -0.9608173966407776], [0.32414090633392334, -0.6998481154441833, -0.636509895324707, 0.2506631910800934], [0.0, 0.0, 0.0, 1.0]]}, "finger1joint2": {"matrix": [[-0.1211450919508934, -0.9310170412063599, 0.34428322315216064, -1.5036499500274658], [-0.8476912379264832, -0.08342758566141129, -0.5238887071609497, -1.1365302801132202], [0.5164719223976135, -0.35531219840049744, -0.7791082262992859, -0.14487580955028534], [0.0, 0.0, 0.0, 1.0]]}, "finger1joint3": {"matrix": [[-0.051417429000139236, -0.8900896906852722, -0.4528757333755493, -1.902761697769165], [-0.8927544951438904, 0.24421069025993347, -0.37861672043800354, -1.1722943782806396], [0.447599858045578, 0.3848395347595215, -0.807188093662262, -0.2971923053264618], [0.0, 0.0, 0.0, 1.0]]}, "Bone.001": {"matrix": [[0.37242767214775085, -0.1379164457321167, 0.9177561402320862, -0.871779203414917], [-0.43340787291526794, -0.9002832770347595, 0.04058728739619255, -0.174674391746521], [0.8206428289413452, -0.41287875175476074, -0.39506468176841736, 0.20097389817237854], [0.0, 0.0, 0.0, 1.0]]}, "finger2joint1": {"matrix": [[-0.0599113330245018, -0.7820810675621033, 0.6202898621559143, -0.9592021107673645], [-0.9675919413566589, -0.10721007734537125, -0.2286296933889389, -0.7453492283821106], [0.24530816078186035, -0.6138849258422852, -0.7503124475479126, -0.06074321269989014], [0.0, 0.0, 0.0, 1.0]]}, "finger2joint2": {"matrix": [[-0.1874559223651886, -0.9556031227111816, -0.22733813524246216, -1.6358187198638916], [-0.9480367302894592, 0.2365810126066208, -0.21273371577262878, -0.8381019234657288], [0.2570728063583374, 0.17564696073532104, -0.9502953886985779, -0.5918450951576233], [0.0, 0.0, 0.0, 1.0]]}, "finger2joint3": {"matrix": [[-0.2747558355331421, -0.4435478448867798, -0.8530968427658081, -1.9985815286636353], [-0.8918190598487854, 0.44919613003730774, 0.053677964955568314, -0.7482919096946716], [0.3593989908695221, 0.7755565643310547, -0.5189835429191589, -0.5251666307449341], [0.0, 0.0, 0.0, 1.0]]}, "Bone.002": {"matrix": [[0.15629370510578156, -0.24957461655139923, 0.9556592702865601, -0.871779203414917], [-0.9389711022377014, -0.3377285897731781, 0.06536509841680527, -0.1746744066476822], [0.3064398765563965, -0.9075525403022766, -0.28712841868400574, 0.20097392797470093], [0.0, 0.0, 0.0, 1.0]]}, "finger3joint1": {"matrix": [[0.21355250477790833, -0.3828575909137726, 0.898785412311554, -0.9769774675369263], [-0.7694199085235596, -0.6328249573707581, -0.08675076812505722, -0.3170304298400879], [0.6019869446754456, -0.6730173826217651, -0.4297197461128235, -0.18156856298446655], [0.0, 0.0, 0.0, 1.0]]}, "finger3joint2": {"matrix": [[0.11529822647571564, -0.9024460911750793, 0.41508686542510986, -1.3128130435943604], [-0.8558521270751953, -0.302360475063324, -0.41963714361190796, -0.8721327781677246], [0.5042056441307068, -0.30686935782432556, -0.8072221875190735, -0.771926999092102], [0.0, 0.0, 0.0, 1.0]]}, "finger3joint3": {"matrix": [[-0.0010645966976881027, -0.9962531328201294, 0.08647759258747101, -1.8967682123184204], [-0.7870281338691711, -0.05251474305987358, -0.6146779656410217, -1.067784309387207], [0.6169161200523376, -0.06871446222066879, -0.7840233445167542, -0.9704961180686951], [0.0, 0.0, 0.0, 1.0]]}, "Bone.003": {"matrix": [[0.49040529131889343, 0.25135743618011475, 0.834459125995636, -0.871779203414917], [-0.7653669118881226, 0.5821452140808105, 0.27444544434547424, -0.1746744066476822], [-0.416792631149292, -0.7732568979263306, 0.47786763310432434, 0.20097389817237854], [0.0, 0.0, 0.0, 1.0]]}, "finger4joint1": {"matrix": [[-0.28480157256126404, -0.6721497774124146, 0.6834489703178406, -0.7640424370765686], [-0.9538978934288025, 0.26915279030799866, -0.13279803097248077, 0.07484433054924011], [-0.09469200670719147, -0.6897615194320679, -0.7178175449371338, -0.1304590106010437], [0.0, 0.0, 0.0, 1.0]]}, "finger4joint2": {"matrix": [[-0.2868838906288147, -0.8840263485908508, 0.36904558539390564, -1.431728482246399], [-0.9498637914657593, 0.31249773502349854, 0.010176436975598335, 0.34220969676971436], [-0.12432212382555008, -0.34762343764305115, -0.9293553829193115, -0.815639853477478], [0.0, 0.0, 0.0, 1.0]]}, "finger4joint3": {"matrix": [[-0.21777325868606567, -0.9710363745689392, 0.09829974919557571, -1.8004229068756104], [-0.9725998640060425, 0.22430995106697083, 0.06110704690217972, 0.4725409150123596], [-0.0813867598772049, -0.08229861408472061, -0.9932787418365479, -0.9606207013130188], [0.0, 0.0, 0.0, 1.0]]}}