{"root": {"matrix": [[0.2290881872177124, -0.530903160572052, 0.8158801198005676, -5.960464477539063e-08], [0.7887426018714905, -0.3899472951889038, -0.4752117991447449, -2.9802322387695312e-08], [0.5704417824745178, 0.7523847818374634, 0.32941359281539917, 5.960464477539063e-08], [0.0, 0.0, 0.0, 1.0]]}, "carpals": {"matrix": [[-0.8539430499076843, -0.38437265157699585, 0.3507687449455261, -0.09330612421035767], [-0.1386542171239853, -0.481638103723526, -0.8653320670127869, 1.4554603099822998], [0.5015536546707153, -0.7875798344612122, 0.3579966127872467, 1.9894509315490723], [0.0, 0.0, 0.0, 1.0]]}, "metacarpals": {"matrix": [[-0.0393948033452034, -0.37133729457855225, 0.9276618361473083, -0.46768277883529663], [-0.8470851182937622, -0.4800092279911041, -0.22811780869960785, 0.9863477349281311], [0.5299949049949646, -0.7947951555252075, -0.2956445515155792, 1.2223527431488037], [0.0, 0.0, 0.0, 1.0]]}, "finger5joint1": {"matrix": [[-0.2571190297603607, -0.5517212748527527, 0.793406069278717, -1.054291009902954], [-0.9662272930145264, 0.1613442301750183, -0.20092928409576416, 0.9548957943916321], [-0.017154447734355927, -0.8182733654975891, -0.5745729804039001, 0.797410249710083], [0.0, 0.0, 0.0, 1.0]]}, "finger5joint2": {"matrix": [[0.8749760389328003, -0.4544539749622345, 0.16699685156345367, -1.637058973312378], [-0.16371680796146393, 0.04688986390829086, 0.985392153263092, 1.1253191232681274], [-0.4556461274623871, -0.8895347714424133, -0.03337440639734268, -0.06690925359725952], [0.0, 0.0, 0.0, 1.0]]}, "finger5joint3": {"matrix": [[0.8182024359703064, -0.5650871396064758, 0.10592790693044662, -1.9494210481643677], [-0.21262496709823608, -0.1262313425540924, 0.9689457416534424, 1.1575483083724976], [-0.5341675877571106, -0.8153166770935059, -0.22343458235263824, -0.678317666053772], [0.0, 0.0, 0.0, 1.0]]}, "Bone": {"matrix": [[0.2809949219226837, -0.2480694055557251, 0.9270939230918884, -1.0474432706832886], [0.3609565496444702, -0.8677677512168884, -0.341598242521286, 0.2369200885295868], [0.8892422318458557, 0.43062806129455566, -0.1542961746454239, -0.0185430645942688], [0.0, 0.0, 0.0, 1.0]]}, "finger1joint1": {"matrix": [[0.15122194588184357, -0.481684148311615, 0.8631987571716309, -1.253883719444275], [-0.6747831106185913, -0.6884328126907349, -0.265947163105011, -0.48522549867630005], [0.7223568558692932, -0.5422547459602356, -0.42913857102394104, 0.3398202657699585], [0.0, 0.0, 0.0, 1.0]]}, "finger1joint2": {"matrix": [[-0.10916243493556976, -0.7886623740196228, 0.605057954788208, -1.5261210203170776], [-0.5478682518005371, -0.4601583182811737, -0.6986376643180847, -0.8743128776550293], [0.8294116854667664, -0.40775686502456665, -0.3818511366844177, 0.03334963321685791], [0.0, 0.0, 0.0, 1.0]]}, "finger1joint3": {"matrix": [[-0.01831761747598648, -0.9980080127716064, 0.060368288308382034, -1.8642076253890991], [-0.5985521078109741, -0.03741767257452011, -0.8002094626426697, -1.0715751647949219], [0.8008744120597839, -0.050791312009096146, -0.5966742634773254, -0.14144903421401978], [0.0, 0.0, 0.0, 1.0]]}, "Bone.001": {"matrix": [[0.28774014115333557, -0.0029968658927828074, 0.957703709602356, -1.0474433898925781], [0.0031459415331482887, -0.9999865889549255, -0.004074478056281805, 0.23692002892494202], [0.9577031135559082, 0.0041852486319839954, -0.2877269983291626, -0.018543073907494545], [0.0, 0.0, 0.0, 1.0]]}, "finger2joint1": {"matrix": [[0.11402735859155655, -0.652100682258606, 0.7495080232620239, -1.0493431091308594], [-0.6919596791267395, -0.593473494052887, -0.41107264161109924, -0.39695507287979126], [0.7128738760948181, -0.4717557430267334, -0.5188997387886047, -0.01589009165763855], [0.0, 0.0, 0.0, 1.0]]}, "finger2joint2": {"matrix": [[-0.015164351090788841, -0.9946295619010925, -0.10238080471754074, -1.6135072708129883], [-0.7018316984176636, 0.08351871371269226, -0.7074296474456787, -0.9103980660438538], [0.7121812105178833, 0.06112654507160187, -0.6993290185928345, -0.4240291118621826], [0.0, 0.0, 0.0, 1.0]]}, "finger2joint3": {"matrix": [[-0.11993660032749176, -0.4594348669052124, -0.8800764083862305, -1.9910850524902344], [-0.6215835809707642, 0.7259716391563416, -0.294276624917984, -0.8786929845809937], [0.7741115093231201, 0.5117466449737549, -0.37264764308929443, -0.4008244574069977], [0.0, 0.0, 0.0, 1.0]]}, "Bone.002": {"matrix": [[0.1890486776828766, -0.09017833322286606, 0.9778181314468384, -1.0474433898925781], [-0.6949341893196106, -0.7158182859420776, 0.06834086775779724, 0.2369200438261032], [0.693777322769165, -0.6924389600753784, -0.19799266755580902, -0.0185430645942688], [0.0, 0.0, 0.0, 1.0]]}, "finger3joint1": {"matrix": [[0.14191022515296936, -0.297508180141449, 0.9441134929656982, -1.0854544639587402], [-0.5490714311599731, -0.8172487616539001, -0.17499962449073792, -0.0648045539855957], [0.8236395120620728, -0.4935513436794281, -0.2793292999267578, -0.31041303277015686], [0.0, 0.0, 0.0, 1.0]]}, "finger3joint2": {"matrix": [[0.05634910240769386, -0.8582243323326111, 0.5101721286773682, -1.3464231491088867], [-0.6641818881034851, -0.4137383997440338, -0.6226418614387512, -0.7816801071166992], [0.7454442381858826, -0.3037616014480591, -0.5933309197425842, -0.74334716796875], [0.0, 0.0, 0.0, 1.0]]}, "finger3joint3": {"matrix": [[-0.07289648801088333, -0.9806472659111023, 0.1817057728767395, -1.9017632007598877], [-0.5697147250175476, -0.1085953637957573, -0.8146361708641052, -1.0494019985198975], [0.8186032176017761, -0.16290442645549774, -0.5507728457450867, -0.9399053454399109], [0.0, 0.0, 0.0, 1.0]]}, "Bone.003": {"matrix": [[0.6061864495277405, 0.30858612060546875, 0.7330160737037659, -1.0474433898925781], [-0.7953224182128906, 0.23472104966640472, 0.5588989853858948, 0.2369200438261032], [0.0004140967212151736, -0.9217811822891235, 0.3877100646495819, -0.0185430645942688], [0.0, 0.0, 0.0, 1.0]]}, "finger4joint1": {"matrix": [[-0.26639050245285034, -0.5552446246147156, 0.7878700494766235, -0.9151774048805237], [-0.9513744115829468, 0.02030148170888424, -0.30736657977104187, 0.3375260531902313], [0.1546688675880432, -0.8314390182495117, -0.533653736114502, -0.4136364459991455], [0.0, 0.0, 0.0, 1.0]]}, "finger4joint2": {"matrix": [[-0.26378485560417175, -0.9590544700622559, -0.10311068594455719, -1.466734528541565], [-0.9564167857170105, 0.27393239736557007, -0.10113058239221573, 0.35769274830818176], [0.12523522973060608, 0.07194022089242935, -0.9895151853561401, -1.2395538091659546], [0.0, 0.0, 0.0, 1.0]]}, "finger4joint3": {"matrix": [[-0.18161287903785706, -0.8020429611206055, -0.5689846873283386, -1.8667206764221191], [-0.9742954969406128, 0.22518077492713928, -0.00643229391425848, 0.4719397723674774], [0.13328351080417633, 0.5531912446022034, -0.82232266664505, -1.2095502614974976], [0.0, 0.0, 0.0, 1.0]]}}