{"root": {"matrix": [[0.2798794209957123, -0.6073591709136963, 0.743493378162384, 0.0], [0.7798497080802917, -0.3078405559062958, -0.5450400114059448, 0.0], [0.5599125027656555, 0.7323585152626038, 0.38749057054519653, 0.0], [0.0, 0.0, 0.0, 1.0]]}, "carpals": {"matrix": [[-0.9355941414833069, -0.3365046977996826, 0.10690125077962875, -0.045141249895095825], [0.09118883311748505, -0.5227916240692139, -0.8475691080093384, 1.5235671997070312], [0.3410981595516205, -0.7832325100898743, 0.5198062658309937, 1.9395078420639038], [0.0, 0.0, 0.0, 1.0]]}, "metacarpals": {"matrix": [[-0.40821805596351624, -0.3669215440750122, 0.8358985781669617, -0.372894823551178], [-0.5950682759284973, -0.5874355435371399, -0.5484642386436462, 1.014371395111084], [0.6922799944877625, -0.7213096618652344, 0.021458333358168602, 1.1766440868377686], [0.0, 0.0, 0.0, 1.0]]}, "finger5joint1": {"matrix": [[-0.5530233979225159, -0.5326778292655945, 0.6406396627426147, -0.8545188903808594], [-0.8105251789093018, 0.16592945158481598, -0.5617082118988037, 1.0091743469238281], [0.1929086446762085, -0.8298923969268799, -0.5235117673873901, 0.6347161531448364], [0.0, 0.0, 0.0, 1.0]]}, "finger5joint2": {"matrix": [[0.6410128474235535, -0.6472872495651245, 0.41245752573013306, -1.4171717166900635], [-0.5540609955787659, -0.018357591703534126, 0.8322733640670776, 1.184441089630127], [-0.5311484336853027, -0.7620245218276978, -0.37040433287620544, -0.24187618494033813], [0.0, 0.0, 0.0, 1.0]]}, "finger5joint3": {"matrix": [[0.5541017055511475, -0.7914717793464661, 0.2579595446586609, -1.8620749711990356], [-0.5983312129974365, -0.16321507096290588, 0.7844489216804504, 1.1718231439590454], [-0.5787665247917175, -0.589009702205658, -0.5640002489089966, -0.7656423449516296], [0.0, 0.0, 0.0, 1.0]]}, "Bone": {"matrix": [[0.22743913531303406, -0.5915931463241577, 0.7734912633895874, -0.9457613229751587], [0.5327237248420715, -0.5893207788467407, -0.6073765754699707, 0.09722134470939636], [0.8151542544364929, 0.5501984357833862, 0.18112100660800934, 0.0504794716835022], [0.0, 0.0, 0.0, 1.0]]}, "finger1joint1": {"matrix": [[-0.23391270637512207, -0.34622722864151, 0.9085215330123901, -1.438077688217163], [-0.43508827686309814, -0.7983818650245667, -0.41627442836761475, -0.39320409297943115], [0.8694726824760437, -0.4926588535308838, 0.03611215576529503, 0.5083478093147278], [0.0, 0.0, 0.0, 1.0]]}, "finger1joint2": {"matrix": [[-0.4924403429031372, -0.6160248517990112, 0.6148298978805542, -1.6337578296661377], [-0.2716358006000519, -0.5623520016670227, -0.7810083627700806, -0.8444322943687439], [0.8268714547157288, -0.5516096949577332, 0.10959035158157349, 0.22990767657756805], [0.0, 0.0, 0.0, 1.0]]}, "finger1joint3": {"matrix": [[-0.4047095477581024, -0.903777003288269, 0.13927382230758667, -1.897837519645691], [-0.3285194933414459, 0.0015618103789165616, -0.9444957971572876, -1.085503339767456], [0.8533962368965149, -0.42800045013427734, -0.2975403666496277, -0.006558328866958618], [0.0, 0.0, 0.0, 1.0]]}, "Bone.001": {"matrix": [[0.10341131687164307, -0.33473318815231323, 0.9366213083267212, -0.9457610845565796], [0.22637102007865906, -0.9090368747711182, -0.34986841678619385, 0.09722140431404114], [0.9685359001159668, 0.248204305768013, -0.018230900168418884, 0.050479426980018616], [0.0, 0.0, 0.0, 1.0]]}, "finger2joint1": {"matrix": [[-0.37762701511383057, -0.8188287019729614, 0.4323391914367676, -1.1579430103302002], [-0.5049747824668884, -0.20925265550613403, -0.8373849391937256, -0.4790022075176239], [0.7761430144309998, -0.5345394611358643, -0.33446842432022095, 0.20781207084655762], [0.0, 0.0, 0.0, 1.0]]}, "finger2joint2": {"matrix": [[-0.4884587526321411, -0.7845828533172607, -0.381886750459671, -1.86635160446167], [-0.4422740042209625, 0.5998755097389221, -0.6667404770851135, -0.6600369215011597], [0.752197802066803, -0.1567765176296234, -0.6400150060653687, -0.2546441853046417], [0.0, 0.0, 0.0, 1.0]]}, "finger2joint3": {"matrix": [[-0.539135217666626, -0.06379829347133636, -0.8397992253303528, -2.1641921997070312], [-0.3091949224472046, 0.9424941539764404, 0.12689755856990814, -0.43231430649757385], [0.7834101319313049, 0.3280766010284424, -0.527857780456543, -0.3141591250896454], [0.0, 0.0, 0.0, 1.0]]}, "Bone.002": {"matrix": [[-0.17402486503124237, -0.20177151262760162, 0.9638482332229614, -0.9457611441612244], [-0.4661046862602234, -0.8453195691108704, -0.2611151337623596, 0.09722140431404114], [0.8674454689025879, -0.49469465017318726, 0.05305984988808632, 0.050479456782341], [0.0, 0.0, 0.0, 1.0]]}, "finger3joint1": {"matrix": [[-0.24903810024261475, -0.4063701331615448, 0.8791149854660034, -1.0308098793029785], [-0.35457372665405273, -0.8064369559288025, -0.47321954369544983, -0.2590893507003784], [0.901253342628479, -0.4295606315135956, 0.05674527585506439, -0.15803930163383484], [0.0, 0.0, 0.0, 1.0]]}, "finger3joint2": {"matrix": [[-0.34407490491867065, -0.8400925993919373, 0.4193527102470398, -1.387270212173462], [-0.45900091528892517, -0.2391262650489807, -0.8556498885154724, -0.9664809703826904], [0.8191035389900208, -0.4868907630443573, -0.30332595109939575, -0.5348418951034546], [0.0, 0.0, 0.0, 1.0]]}, "finger3joint3": {"matrix": [[-0.4509456157684326, -0.8912862539291382, 0.047505270689725876, -1.930877685546875], [-0.31986522674560547, 0.11168837547302246, -0.94085693359375, -1.1212148666381836], [0.8332672119140625, -0.439470499753952, -0.3354567885398865, -0.849899411201477], [0.0, 0.0, 0.0, 1.0]]}, "Bone.003": {"matrix": [[0.2988862097263336, 0.5224563479423523, 0.7985652089118958, -0.9457612037658691], [-0.8865172266960144, -0.15771259367465973, 0.4349871575832367, 0.09722136706113815], [0.3532055616378784, -0.837953507900238, 0.41602832078933716, 0.05047944188117981], [0.0, 0.0, 0.0, 1.0]]}, "finger4joint1": {"matrix": [[-0.5170547962188721, -0.7936006188392639, 0.3207056522369385, -0.7218263149261475], [-0.6356056928634644, 0.1050354614853859, -0.764835000038147, 0.029622681438922882], [0.5732882618904114, -0.5993039608001709, -0.5587261915206909, -0.30868369340896606], [0.0, 0.0, 0.0, 1.0]]}, "finger4joint2": {"matrix": [[-0.5288214087486267, -0.8423810601234436, -0.10364224761724472, -1.510156512260437], [-0.6476813554763794, 0.479449599981308, -0.5921456217765808, 0.13396061956882477], [0.5485036373138428, -0.24601209163665771, -0.7991378903388977, -0.9040076732635498], [0.0, 0.0, 0.0, 1.0]]}, "finger4joint3": {"matrix": [[-0.4553945064544678, -0.8150157332420349, -0.35828036069869995, -1.8614825010299683], [-0.6765626668930054, 0.5783900618553162, -0.45577123761177063, 0.33392125368118286], [0.5786866545677185, 0.034843504428863525, -0.8148050308227539, -1.0066102743148804], [0.0, 0.0, 0.0, 1.0]]}}