{"root": {"matrix": [[0.1877879500389099, -0.8975874185562134, 0.39883896708488464, 0.0], [0.7340517044067383, -0.14155030250549316, -0.664177417755127, 0.0], [0.65261310338974, 0.41749292612075806, 0.6322940587997437, 0.0], [0.0, 0.0, 0.0, 1.0]]}, "carpals": {"matrix": [[-0.9643411040306091, -0.1320989727973938, -0.2293379008769989, -0.4987356662750244], [0.26448893547058105, -0.4496655762195587, -0.8531391024589539, 1.5961581468582153], [0.009573512710630894, -0.8833743929862976, 0.46856972575187683, 1.813429832458496], [0.0, 0.0, 0.0, 1.0]]}, "metacarpals": {"matrix": [[-0.5614413022994995, -0.3063083589076996, 0.7687383890151978, -0.627399206161499], [-0.4108477830886841, -0.7032105922698975, -0.5802575349807739, 1.158186435699463], [0.7183226943016052, -0.6416149735450745, 0.26896530389785767, 0.9530286192893982], [0.0, 0.0, 0.0, 1.0]]}, "finger5joint1": {"matrix": [[-0.41888630390167236, -0.475603312253952, 0.7735215425491333, -1.0199203491210938], [-0.2773810029029846, -0.744120717048645, -0.6077367663383484, 1.0676745176315308], [0.8646350502967834, -0.4691327214241028, 0.17977860569953918, 0.3501940071582794], [0.0, 0.0, 0.0, 1.0]]}, "finger5joint2": {"matrix": [[0.7754477858543396, -0.6023827195167542, 0.18924923241138458, -1.5222868919372559], [-0.6045883893966675, -0.7948012948036194, -0.0525662899017334, 0.2816804349422455], [0.18208056688308716, -0.0736553892493248, -0.9805207848548889, -0.14533789455890656], [0.0, 0.0, 0.0, 1.0]]}, "finger5joint3": {"matrix": [[0.7042253613471985, -0.7032803297042847, 0.09727711230516434, -1.9363257884979248], [-0.6723319888114929, -0.7046190500259399, -0.2268943339586258, -0.26461440324783325], [0.22811365127563477, 0.0943823903799057, -0.969048798084259, -0.1959638148546219], [0.0, 0.0, 0.0, 1.0]]}, "Bone": {"matrix": [[0.14978569746017456, -0.719894528388977, 0.6777284741401672, -1.105631709098816], [0.6778335571289062, -0.42425376176834106, -0.6004583835601807, 0.06027954816818237], [0.7197955250740051, 0.5493272542953491, 0.4244214594364166, -0.04871055483818054], [0.0, 0.0, 0.0, 1.0]]}, "finger1joint1": {"matrix": [[-0.40436968207359314, -0.03462378308176994, 0.9139399528503418, -1.704719066619873], [-0.1956859976053238, -0.972866952419281, -0.12343684583902359, -0.29277926683425903], [0.8934158682823181, -0.2287592589855194, 0.38662242889404297, 0.40843281149864197], [0.0, 0.0, 0.0, 1.0]]}, "finger1joint2": {"matrix": [[-0.6626510620117188, -0.4807521104812622, 0.5742568969726562, -1.724287509918213], [-0.12931601703166962, -0.6818069219589233, -0.7200114727020264, -0.8426225781440735], [0.7376793622970581, -0.5513768196105957, 0.38963109254837036, 0.27914300560951233], [0.0, 0.0, 0.0, 1.0]]}, "finger1joint3": {"matrix": [[-0.5830017328262329, -0.8123969435691833, -0.010965372435748577, -1.9303781986236572], [-0.1764679253101349, 0.13979007303714752, -0.9743293523788452, -1.134902000427246], [0.7930750846862793, -0.5661004781723022, -0.22485972940921783, 0.042776837944984436], [0.0, 0.0, 0.0, 1.0]]}, "Bone.001": {"matrix": [[-0.023784512653946877, -0.45097264647483826, 0.892220675945282, -1.1056315898895264], [0.41850706934928894, -0.814998984336853, -0.40078461170196533, 0.06027954816818237], [0.9079017639160156, 0.36386820673942566, 0.20811955630779266, -0.04871053993701935], [0.0, 0.0, 0.0, 1.0]]}, "finger2joint1": {"matrix": [[-0.5356923341751099, -0.8410053253173828, -0.07578631490468979, -1.391495704650879], [-0.3071049749851227, 0.27764418721199036, -0.9102746844291687, -0.45633500814437866], [0.7865874767303467, -0.4643527865409851, -0.40700873732566833, 0.18193957209587097], [0.0, 0.0, 0.0, 1.0]]}, "finger2joint2": {"matrix": [[-0.600245475769043, -0.4614245295524597, -0.6532936096191406, -2.1190907955169678], [-0.19529835879802704, 0.8766372799873352, -0.4397332966327667, -0.21613141894340515], [0.7756053805351257, -0.13636073470115662, -0.6163129210472107, -0.21979473531246185], [0.0, 0.0, 0.0, 1.0]]}, "finger2joint3": {"matrix": [[-0.588417649269104, 0.2404043823480606, -0.7719910144805908, -2.294254779815674], [-0.053383611142635345, 0.9411420226097107, 0.3337688744068146, 0.11665451526641846], [0.8067927360534668, 0.23760710656642914, -0.5409508347511292, -0.2715595066547394], [0.0, 0.0, 0.0, 1.0]]}, "Bone.002": {"matrix": [[-0.345529705286026, -0.20187528431415558, 0.9164363145828247, -1.1056315898895264], [-0.2620413899421692, -0.9169823527336121, -0.3007948100566864, 0.060279518365859985], [0.901078999042511, -0.3440777063369751, 0.2639448940753937, -0.048710525035858154], [0.0, 0.0, 0.0, 1.0]]}, "finger3joint1": {"matrix": [[-0.44139420986175537, -0.28483811020851135, 0.8509044051170349, -1.1907241344451904], [-0.1583019644021988, -0.9086881875991821, -0.3862980008125305, -0.32623761892318726], [0.8832392692565918, -0.3052094280719757, 0.3559991717338562, -0.19374272227287292], [0.0, 0.0, 0.0, 1.0]]}, "finger3joint2": {"matrix": [[-0.5135530829429626, -0.8168056607246399, 0.26285284757614136, -1.4405786991119385], [-0.2848881185054779, -0.12664730846881866, -0.9501574635505676, -1.1233222484588623], [0.8093836307525635, -0.5628398060798645, -0.16765806078910828, -0.46146678924560547], [0.0, 0.0, 0.0, 1.0]]}, "finger3joint3": {"matrix": [[-0.5903255343437195, -0.7738640904426575, -0.22945603728294373, -1.9691176414489746], [-0.12697617709636688, 0.3697681427001953, -0.9204066395759583, -1.2052732706069946], [0.7971152663230896, -0.5142040252685547, -0.3165457546710968, -0.8256693482398987], [0.0, 0.0, 0.0, 1.0]]}, "Bone.003": {"matrix": [[0.15881705284118652, 0.6263399720191956, 0.7632007598876953, -1.1056315898895264], [-0.8085079193115234, -0.3611518144607544, 0.46463340520858765, 0.06027952581644058], [0.5666497349739075, -0.6908455491065979, 0.4490436911582947, -0.04871055483818054], [0.0, 0.0, 0.0, 1.0]]}, "finger4joint1": {"matrix": [[-0.566965639591217, -0.8012645840644836, 0.19111455976963043, -0.8371701836585999], [-0.4122319221496582, 0.07512369751930237, -0.9079762697219849, -0.09451717138290405], [0.7131721377372742, -0.5935748815536499, -0.3728994131088257, -0.3448203206062317], [0.0, 0.0, 0.0, 1.0]]}, "finger4joint2": {"matrix": [[-0.5813879370689392, -0.72170490026474, -0.3756723701953888, -1.6331136226654053], [-0.42785778641700745, 0.6639202237129211, -0.6133084297180176, -0.019892334938049316], [0.6920443177223206, -0.19583575427532196, -0.6947823762893677, -0.9344533085823059], [0.0, 0.0, 0.0, 1.0]]}, "finger4joint3": {"matrix": [[-0.5138252973556519, -0.6297653913497925, -0.5825622081756592, -1.9341099262237549], [-0.4725481867790222, 0.7745237350463867, -0.42048874497413635, 0.2570040822029114], [0.7160176038742065, 0.059231001883745193, -0.6955644488334656, -1.0161291360855103], [0.0, 0.0, 0.0, 1.0]]}}