{"root": {"matrix": [[0.22597534954547882, -0.7819632887840271, 0.580920398235321, 0.0], [0.9315385818481445, -0.0009487585630267859, -0.36364129185676575, 5.820766091346741e-11], [0.284905344247818, 0.6233237385749817, 0.7282145619392395, 0.0], [0.0, 0.0, 0.0, 1.0]]}, "carpals": {"matrix": [[-0.968798816204071, -0.23593518137931824, -0.0759156122803688, -0.3196718096733093], [0.2262594848871231, -0.7168747186660767, -0.6594672799110413, 2.146604537963867], [0.10116960853338242, -0.6560677886009216, 0.747890055179596, 1.1725549697875977], [0.0, 0.0, 0.0, 1.0]]}, "metacarpals": {"matrix": [[-0.46419820189476013, -0.42852330207824707, 0.7751694321632385, -0.5494713187217712], [-0.2851962149143219, -0.756252110004425, -0.5888510942459106, 1.448372721672058], [0.8385600447654724, -0.4944189488887787, 0.22883765399456024, 0.5335489511489868], [0.0, 0.0, 0.0, 1.0]]}, "finger5joint1": {"matrix": [[-0.47070837020874023, -0.4776769280433655, 0.7417938709259033, -1.031445026397705], [-0.41135770082473755, -0.6249675750732422, -0.663475751876831, 1.3090791702270508], [0.7805243134498596, -0.61744624376297, 0.09768139570951462, 0.0101243257522583], [0.0, 0.0, 0.0, 1.0]]}, "finger5joint2": {"matrix": [[0.7670087218284607, -0.6350326538085938, -0.09181830286979675, -1.5360019207000732], [-0.6281425356864929, -0.7139566540718079, -0.30935773253440857, 0.6489432454109192], [0.13089799880981445, 0.2949553430080414, -0.9465023279190063, -0.6420670747756958], [0.0, 0.0, 0.0, 1.0]]}, "finger5joint3": {"matrix": [[0.7082619667053223, -0.5751937031745911, -0.4092880189418793, -1.9724822044372559], [-0.6740627288818359, -0.3787345886230469, -0.6341915130615234, 0.15821580588817596], [0.20977149903774261, 0.725059986114502, -0.655959963798523, -0.4393339157104492], [0.0, 0.0, 0.0, 1.0]]}, "Bone": {"matrix": [[0.28456729650497437, -0.6466308832168579, 0.7077356576919556, -1.2185150384902954], [0.7501814961433411, -0.30944034457206726, -0.5843579173088074, 0.267653226852417], [0.5968657732009888, 0.6972194910049438, 0.3970339596271515, -0.23837637901306152], [0.0, 0.0, 0.0, 1.0]]}, "finger1joint1": {"matrix": [[-0.35504525899887085, -0.12383636087179184, 0.9266106486320496, -1.7566332817077637], [-0.20028063654899597, -0.9580972790718079, -0.20478513836860657, 0.010140776634216309], [0.9131430983543396, -0.25829005241394043, 0.31536585092544556, 0.34184110164642334], [0.0, 0.0, 0.0, 1.0]]}, "finger1joint2": {"matrix": [[-0.6177520751953125, -0.3609638214111328, 0.6986325979232788, -1.8266229629516602], [-0.10921985656023026, -0.8404287099838257, -0.53080153465271, -0.531355082988739], [0.7787511348724365, -0.4042082130908966, 0.47975215315818787, 0.19586114585399628], [0.0, 0.0, 0.0, 1.0]]}, "finger1joint3": {"matrix": [[-0.5301626920700073, -0.6704196333885193, 0.5191002488136292, -1.981362223625183], [-0.13150745630264282, -0.539796769618988, -0.8314595222473145, -0.8916330337524414], [0.8376355767250061, -0.5090742111206055, 0.1980149894952774, 0.022583723068237305], [0.0, 0.0, 0.0, 1.0]]}, "Bone.001": {"matrix": [[0.1303740292787552, -0.4253251850605011, 0.8956008553504944, -1.218515157699585], [0.5267929434776306, -0.7355377078056335, -0.4259966313838959, 0.267653226852417], [0.839935302734375, 0.5273352265357971, 0.12816330790519714, -0.23837634921073914], [0.0, 0.0, 0.0, 1.0]]}, "finger2joint1": {"matrix": [[-0.42414024472236633, -0.7981224060058594, -0.4279082417488098, -1.488121747970581], [-0.17566348612308502, 0.5360495448112488, -0.8257074952125549, -0.19859206676483154], [0.8883957266807556, -0.2750479578971863, -0.36756110191345215, 0.09589281678199768], [0.0, 0.0, 0.0, 1.0]]}, "finger2joint2": {"matrix": [[-0.45321130752563477, -0.13182789087295532, -0.8816012144088745, -2.1786162853240967], [-0.04940728470683098, 0.9911985397338867, -0.12281696498394012, 0.2651706337928772], [0.8900327086448669, -0.012104571796953678, -0.45573559403419495, -0.14206463098526], [0.0, 0.0, 0.0, 1.0]]}, "finger2joint3": {"matrix": [[-0.38474205136299133, 0.129858136177063, -0.9138436317443848, -2.2286605834960938], [0.07577966898679733, 0.9911554455757141, 0.10893994569778442, 0.6414459347724915], [0.9199079871177673, -0.027337074279785156, -0.39117977023124695, -0.1466597318649292], [0.0, 0.0, 0.0, 1.0]]}, "Bone.002": {"matrix": [[-0.2172231525182724, -0.28977030515670776, 0.9321197271347046, -1.2185150384902954], [-0.12863698601722717, -0.9380948543548584, -0.3216058611869812, 0.2676532566547394], [0.967608630657196, -0.18976522982120514, 0.16650071740150452, -0.23837634921073914], [0.0, 0.0, 0.0, 1.0]]}, "finger3joint1": {"matrix": [[-0.3915952444076538, -0.1122109591960907, 0.9132698178291321, -1.3406562805175781], [-0.14755994081497192, -0.9720317125320435, -0.18270237743854523, -0.12776315212249756], [0.9082286357879639, -0.20630735158920288, 0.3640851378440857, -0.3183642625808716], [0.0, 0.0, 0.0, 1.0]]}, "finger3joint2": {"matrix": [[-0.4395417273044586, -0.7952715754508972, 0.41754770278930664, -1.439085602760315], [-0.29220354557037354, -0.3129744529724121, -0.9036945700645447, -0.9804114699363708], [0.8493645191192627, -0.5192203521728516, -0.09481581300497055, -0.4993332624435425], [0.0, 0.0, 0.0, 1.0]]}, "finger3joint3": {"matrix": [[-0.5424063205718994, -0.8215613961219788, -0.1755911111831665, -1.9536900520324707], [-0.15123611688613892, 0.30108022689819336, -0.9415296316146851, -1.1829309463500977], [0.8263915181159973, -0.4841359555721283, -0.2875575125217438, -0.8353105187416077], [0.0, 0.0, 0.0, 1.0]]}, "Bone.003": {"matrix": [[0.2077055424451828, 0.49980148673057556, 0.84086674451828, -1.218515157699585], [-0.7415114641189575, -0.4801955819129944, 0.46858593821525574, 0.267653226852417], [0.6379804611206055, -0.7208402156829834, 0.2708691954612732, -0.23837634921073914], [0.0, 0.0, 0.0, 1.0]]}, "finger4joint1": {"matrix": [[-0.4704861044883728, -0.8233461380004883, 0.31740155816078186, -1.0042905807495117], [-0.2868592441082001, -0.19745011627674103, -0.9374032020568848, 0.061832085251808167], [0.834478497505188, -0.5320848226547241, -0.14328688383102417, -0.5473423600196838], [0.0, 0.0, 0.0, 1.0]]}, "finger4joint2": {"matrix": [[-0.48301929235458374, -0.599884033203125, -0.6378331184387207, -1.8221688270568848], [-0.3093579113483429, 0.7983812689781189, -0.516608715057373, -0.13430675864219666], [0.8191395401954651, -0.05221327394247055, -0.5712125301361084, -1.075893759727478], [0.0, 0.0, 0.0, 1.0]]}, "finger4joint3": {"matrix": [[-0.42209914326667786, -0.2770092487335205, -0.8631904721260071, -2.0723581314086914], [-0.3670629560947418, 0.9228512048721313, -0.11666159331798553, 0.19866842031478882], [0.8289129137992859, 0.2676025331020355, -0.4912146329879761, -1.0976698398590088], [0.0, 0.0, 0.0, 1.0]]}}