{"root": {"matrix": [[0.3167962431907654, -0.5313116312026978, 0.7857149839401245, 0.0], [0.5103117823600769, -0.6027914881706238, -0.6133712530136108, 0.0], [0.7995136380195618, 0.5952733159065247, 0.08017247170209885, 0.0], [0.0, 0.0, 0.0, 1.0]]}, "carpals": {"matrix": [[-0.9499077796936035, -0.2689298987388611, 0.15922202169895172, 0.10803492367267609], [-0.07992810010910034, -0.2834753394126892, -0.9556427597999573, 0.632993757724762], [0.3021365702152252, -0.9204988479614258, 0.24778027832508087, 2.3817288875579834], [0.0, 0.0, 0.0, 1.0]]}, "metacarpals": {"matrix": [[-0.46665194630622864, -0.48743462562561035, 0.7379994988441467, -0.15390115976333618], [-0.753441333770752, -0.21792390942573547, -0.6203508377075195, 0.3568904995918274], [0.46320822834968567, -0.845527172088623, -0.26555895805358887, 1.485168695449829], [0.0, 0.0, 0.0, 1.0]]}, "finger5joint1": {"matrix": [[-0.6567927002906799, -0.5447028279304504, 0.5214613676071167, -0.65377277135849], [-0.7527312636375427, 0.5147951245307922, -0.41034314036369324, 0.6199232935905457], [-0.044930607080459595, -0.6620305776596069, -0.7481285929679871, 1.030617356300354], [0.0, 0.0, 0.0, 1.0]]}, "finger5joint2": {"matrix": [[0.473581999540329, -0.8454837203025818, 0.24673199653625488, -1.229127287864685], [-0.41808265447616577, 0.030761748552322388, 0.9078878164291382, 1.163686990737915], [-0.7751945853233337, -0.5331134796142578, -0.3389139771461487, 0.331332802772522], [0.0, 0.0, 0.0, 1.0]]}, "finger5joint3": {"matrix": [[0.37827831506729126, -0.9256514310836792, -0.008621920831501484, -1.8102580308914185], [-0.46273118257522583, -0.19715096056461334, 0.8642979264259338, 1.184830665588379], [-0.8017386794090271, -0.32295534014701843, -0.5029057264328003, -0.035094812512397766], [0.0, 0.0, 0.0, 1.0]]}, "Bone": {"matrix": [[0.34532248973846436, -0.6528930068016052, 0.6741534471511841, -0.9149218797683716], [0.15060345828533173, -0.6704810857772827, -0.72648024559021, 0.016650736331939697], [0.9263209700584412, 0.35239988565444946, -0.1332044005393982, 0.1650659441947937], [0.0, 0.0, 0.0, 1.0]]}, "finger1joint1": {"matrix": [[-0.3055931627750397, -0.31096920371055603, 0.8999504446983337, -1.4582514762878418], [-0.7153858542442322, -0.5487561225891113, -0.43253862857818604, -0.5413153171539307], [0.6283594965934753, -0.7759925723075867, -0.05476704612374306, 0.4583287537097931], [0.0, 0.0, 0.0, 1.0]]}, "finger1joint2": {"matrix": [[-0.5587984323501587, -0.7938880920410156, 0.2397623062133789, -1.6340044736862183], [-0.5386084914207458, 0.1275872439146042, -0.8328399062156677, -0.8514603972434998], [0.630591094493866, -0.5945274233818054, -0.4988904297351837, 0.019754573702812195], [0.0, 0.0, 0.0, 1.0]]}, "finger1joint3": {"matrix": [[-0.5021405220031738, -0.6527582406997681, -0.5672402381896973, -1.9743313789367676], [-0.6244999170303345, 0.7274471521377563, -0.28428947925567627, -0.7967658042907715], [0.5982096791267395, 0.21148833632469177, -0.7729278802871704, -0.23510956764221191], [0.0, 0.0, 0.0, 1.0]]}, "Bone.001": {"matrix": [[0.18101783096790314, -0.4638863205909729, 0.867203414440155, -0.9149219989776611], [-0.17188523709774017, -0.8831214308738708, -0.43652239441871643, 0.016650795936584473], [0.968342661857605, -0.07004114985466003, -0.23959609866142273, 0.1650659441947937], [0.0, 0.0, 0.0, 1.0]]}, "finger2joint1": {"matrix": [[-0.4184122383594513, -0.7436716556549072, 0.5214243531227112, -1.2089719772338867], [-0.7065454125404358, -0.09423703700304031, -0.7013649344444275, -0.5431454181671143], [0.5707226991653442, -0.6618695855140686, -0.48600801825523376, 0.12066802382469177], [0.0, 0.0, 0.0, 1.0]]}, "finger2joint2": {"matrix": [[-0.5303376913070679, -0.742508053779602, -0.4091740846633911, -1.8523588180541992], [-0.6443215608596802, 0.666682243347168, -0.37467899918556213, -0.6246745586395264], [0.5509913563728333, 0.06493350863456726, -0.8319805860519409, -0.45194777846336365], [0.0, 0.0, 0.0, 1.0]]}, "finger2joint3": {"matrix": [[-0.5733050107955933, -0.12749476730823517, -0.8093615174293518, -2.1342267990112305], [-0.5275294780731201, 0.8132726550102234, 0.2455606609582901, -0.3715910017490387], [0.6269239783287048, 0.5677433609962463, -0.5335103869438171, -0.4272979497909546], [0.0, 0.0, 0.0, 1.0]]}, "Bone.002": {"matrix": [[-0.20736998319625854, -0.35557204484939575, 0.9113539457321167, -0.9149219989776611], [-0.7320792078971863, -0.5615355372428894, -0.3856654167175293, 0.016650766134262085], [0.6488894820213318, -0.7471586465835571, -0.14386147260665894, 0.1650659590959549], [0.0, 0.0, 0.0, 1.0]]}, "finger3joint1": {"matrix": [[-0.15550284087657928, -0.3536206781864166, 0.9223725199699402, -1.064799189567566], [-0.4568582773208618, -0.8021268844604492, -0.3845425248146057, -0.22004204988479614], [0.8758420944213867, -0.48119083046913147, -0.03682170808315277, -0.149868905544281], [0.0, 0.0, 0.0, 1.0]]}, "finger3joint2": {"matrix": [[-0.24512487649917603, -0.8426720499992371, 0.4793927073478699, -1.3749887943267822], [-0.5626792311668396, -0.27901726961135864, -0.7781654596328735, -0.9236530661582947], [0.7894971966743469, -0.46049177646636963, -0.4057600796222687, -0.5719606876373291], [0.0, 0.0, 0.0, 1.0]]}, "finger3joint3": {"matrix": [[-0.36375293135643005, -0.9242227077484131, 0.11617248505353928, -1.9202651977539062], [-0.4369467496871948, 0.05915378779172897, -0.8975401520729065, -1.1041995286941528], [0.8226550221443176, -0.3772438168525696, -0.425353467464447, -0.8699358105659485], [0.0, 0.0, 0.0, 1.0]]}, "Bone.003": {"matrix": [[0.16925960779190063, 0.45296624302864075, 0.8753129243850708, -0.9149219989776611], [-0.9851576089859009, 0.10349337756633759, 0.13694335520267487, 0.016650769859552383], [-0.028558451682329178, -0.8855002522468567, 0.46376022696495056, 0.1650659441947937], [0.0, 0.0, 0.0, 1.0]]}, "finger4joint1": {"matrix": [[-0.5005890727043152, -0.7625067830085754, 0.4098702669143677, -0.720771849155426], [-0.752632200717926, 0.14940683543682098, -0.6412659883499146, 0.06101003289222717], [0.4277324378490448, -0.6294922232627869, -0.6486786603927612, -0.21447664499282837], [0.0, 0.0, 0.0, 1.0]]}, "finger4joint2": {"matrix": [[-0.5099285840988159, -0.8557101488113403, 0.08793491125106812, -1.4782148599624634], [-0.7612520456314087, 0.4012959599494934, -0.5093687176704407, 0.20942465960979462], [0.4005841910839081, -0.3266821503639221, -0.8560435771942139, -0.8397884368896484], [0.0, 0.0, 0.0, 1.0]]}, "finger4joint3": {"matrix": [[-0.43826359510421753, -0.8822325468063354, -0.17201831936836243, -1.8350998163223267], [-0.7844423651695251, 0.46884632110595703, -0.4059961438179016, 0.37679028511047363], [0.4388332962989807, -0.04299468174576759, -0.8975390195846558, -0.976035475730896], [0.0, 0.0, 0.0, 1.0]]}}