{"root": {"matrix": [[0.18879908323287964, -0.7376487851142883, 0.6482508182525635, -5.960464477539063e-08], [0.9193501472473145, -0.09926696121692657, -0.3807116150856018, 0.0], [0.3451814353466034, 0.6678475141525269, 0.6594160199165344, 5.960464477539063e-08], [0.0, 0.0, 0.0, 1.0]]}, "carpals": {"matrix": [[-0.9556397199630737, -0.28877386450767517, 0.05798381567001343, -0.3679388761520386], [0.14300480484962463, -0.6270079016685486, -0.7657744288444519, 2.024724245071411], [0.2574920356273651, -0.7235125303268433, 0.6404898166656494, 1.3601830005645752], [0.0, 0.0, 0.0, 1.0]]}, "metacarpals": {"matrix": [[-0.34953534603118896, -0.22041356563568115, 0.9106276631355286, -0.6492028832435608], [-0.5341389775276184, -0.7516389489173889, -0.38695505261421204, 1.414022445678711], [0.7697534561157227, -0.6216561794281006, 0.1449928730726242, 0.6554862260818481], [0.0, 0.0, 0.0, 1.0]]}, "finger5joint1": {"matrix": [[-0.07647876441478729, -0.5039008855819702, 0.8603689074516296, -1.0882573127746582], [-0.20337873697280884, -0.836870551109314, -0.5082169771194458, 1.2379889488220215], [0.9761085510253906, -0.21384847164154053, -0.03847993165254593, 0.10601545125246048], [0.0, 0.0, 0.0, 1.0]]}, "finger5joint2": {"matrix": [[0.8544462323188782, -0.5194677114486694, 0.00862871389836073, -1.6205137968063354], [-0.5166040062904358, -0.8477379083633423, 0.1202499195933342, 0.3540256917476654], [-0.05515110865235329, -0.10720472782850266, -0.9927059412002563, -0.1198667585849762], [0.0, 0.0, 0.0, 1.0]]}, "finger5joint3": {"matrix": [[0.8004429936408997, -0.5963011980056763, -0.06095394492149353, -1.9775623083114624], [-0.5993220806121826, -0.7979058623313904, -0.06448713690042496, -0.22865426540374756], [-0.010181780904531479, 0.08814940601587296, -0.9960549473762512, -0.19355233013629913], [0.0, 0.0, 0.0, 1.0]]}, "Bone": {"matrix": [[0.08596508949995041, -0.5220306515693665, 0.848583459854126, -0.993329644203186], [0.6901131272315979, -0.583112359046936, -0.42862990498542786, 0.2405053675174713], [0.7185773849487305, 0.6224659085273743, 0.3101328909397125, -0.31509166955947876], [0.0, 0.0, 0.0, 1.0]]}, "finger1joint1": {"matrix": [[-0.2967723309993744, -0.6000000834465027, 0.7429171800613403, -1.4277571439743042], [-0.4421953856945038, -0.6031898260116577, -0.6637958884239197, -0.24475350975990295], [0.8463978171348572, -0.5255107283592224, -0.08630719780921936, 0.20291683077812195], [0.0, 0.0, 0.0, 1.0]]}, "finger1joint2": {"matrix": [[-0.4968075454235077, -0.7378354668617249, -0.4569256603717804, -1.7668641805648804], [-0.20694813132286072, 0.6120271682739258, -0.763279139995575, -0.585663378238678], [0.8428254127502441, -0.28464293479919434, -0.4567532539367676, -0.09409045428037643], [0.0, 0.0, 0.0, 1.0]]}, "finger1joint3": {"matrix": [[-0.5131223797798157, -0.31063538789749146, -0.8001318573951721, -2.0831620693206787], [-0.3054971396923065, 0.9372625350952148, -0.167959064245224, -0.323297381401062], [0.8021078109741211, 0.15825437009334564, -0.575828492641449, -0.21611221134662628], [0.0, 0.0, 0.0, 1.0]]}, "Bone.001": {"matrix": [[0.003716385457664728, -0.198140949010849, 0.9801663756370544, -0.993329644203186], [0.39649060368537903, -0.8995437622070312, -0.18334650993347168, 0.2405053675174713], [0.9180310368537903, 0.38930821418762207, 0.07521793991327286, -0.31509163975715637], [0.0, 0.0, 0.0, 1.0]]}, "finger2joint1": {"matrix": [[0.03313855081796646, -0.41282156109809875, 0.9102087616920471, -1.1189279556274414], [0.03694605454802513, -0.909580409526825, -0.4138818681240082, -0.3297007083892822], [0.9987674355506897, 0.04734412580728531, -0.014890069141983986, -0.0683155283331871], [0.0, 0.0, 0.0, 1.0]]}, "finger2joint2": {"matrix": [[-0.08858656883239746, -0.8810743689537048, 0.4646075367927551, -1.476080060005188], [-0.007370945531874895, -0.46584853529930115, -0.884833574295044, -1.1166231632232666], [0.9960411190986633, -0.0818089097738266, 0.034773603081703186, -0.02735580876469612], [0.0, 0.0, 0.0, 1.0]]}, "finger2joint3": {"matrix": [[-0.23021619021892548, -0.870840311050415, -0.4343239963054657, -1.8105502128601074], [0.018338218331336975, 0.4423508048057556, -0.8966543674468994, -1.2934670448303223], [0.9729664921760559, -0.21438910067081451, -0.08586660027503967, -0.05841181427240372], [0.0, 0.0, 0.0, 1.0]]}, "Bone.002": {"matrix": [[-0.15091516077518463, -0.0303904190659523, 0.9880794286727905, -0.993329644203186], [-0.34019047021865845, -0.9368807673454285, -0.08077514916658401, 0.2405053675174713], [0.9281675219535828, -0.34832534193992615, 0.13105091452598572, -0.31509163975715637], [0.0, 0.0, 0.0, 1.0]]}, "finger3joint1": {"matrix": [[-0.18575826287269592, -0.37983912229537964, 0.9062097072601318, -1.0061396360397339], [-0.14897474646568298, -0.9007125496864319, -0.4080725312232971, -0.15439927577972412], [0.971236526966095, -0.21080505847930908, 0.11072833091020584, -0.4619143009185791], [0.0, 0.0, 0.0, 1.0]]}, "finger3joint2": {"matrix": [[-0.27849531173706055, -0.8972364664077759, 0.34264707565307617, -1.339327335357666], [-0.27357953786849976, -0.26787257194519043, -0.9237956404685974, -0.9444876909255981], [0.920648992061615, -0.3510138690471649, -0.17086420953273773, -0.6468285918235779], [0.0, 0.0, 0.0, 1.0]]}, "finger3joint3": {"matrix": [[-0.3763178884983063, -0.9253389835357666, -0.04617982357740402, -1.9199113845825195], [-0.12728263437747955, 0.10100622475147247, -0.9867100119590759, -1.1178227663040161], [0.917705774307251, -0.36543869972229004, -0.15578992664813995, -0.8739627003669739], [0.0, 0.0, 0.0, 1.0]]}, "Bone.003": {"matrix": [[0.41550830006599426, 0.5932031273841858, 0.6895382404327393, -0.993329644203186], [-0.7524760365486145, -0.20171679556369781, 0.6269688010215759, 0.24050535261631012], [0.5110113024711609, -0.7793717980384827, 0.3625560700893402, -0.31509163975715637], [0.0, 0.0, 0.0, 1.0]]}, "finger4joint1": {"matrix": [[-0.35523828864097595, -0.8698081970214844, 0.34240207076072693, -0.7390713095664978], [-0.5367420315742493, -0.11009223759174347, -0.8365328311920166, 0.15404561161994934], [0.7653191685676575, -0.48095014691352844, -0.4277536869049072, -0.6491456031799316], [0.0, 0.0, 0.0, 1.0]]}, "finger4joint2": {"matrix": [[-0.3684055805206299, -0.8366254568099976, -0.4053823947906494, -1.6031031608581543], [-0.5551781058311462, 0.5477473139762878, -0.625899076461792, 0.0446845144033432], [0.7456904053688049, -0.005525279324501753, -0.6662694215774536, -1.126901626586914], [0.0, 0.0, 0.0, 1.0]]}, "finger4joint3": {"matrix": [[-0.29161548614501953, -0.5840734839439392, -0.7575079202651978, -1.9520286321640015], [-0.5895729660987854, 0.7333661317825317, -0.3384927213191986, 0.27312952280044556], [0.753235399723053, 0.34789660573005676, -0.5582149624824524, -1.1292060613632202], [0.0, 0.0, 0.0, 1.0]]}}