{"root": {"matrix": [[0.41249337792396545, -0.6838783621788025, -0.6017969846725464, 0.0], [-0.7214266061782837, 0.1581336259841919, -0.6741939187049866, 0.0], [0.556230902671814, 0.7122528553009033, -0.42813900113105774, 5.960464477539063e-08], [0.0, 0.0, 0.0, 1.0]]}, "carpals": {"matrix": [[0.8429120182991028, -0.5115746259689331, -0.1667049527168274, 0.33110958337783813], [0.3609813153743744, 0.30793291330337524, 0.8802666664123535, -1.4009065628051758], [-0.39898812770843506, -0.8021648526191711, 0.44422945380210876, 2.0032005310058594], [0.0, 0.0, 0.0, 1.0]]}, "metacarpals": {"matrix": [[0.3707050085067749, -0.6900476217269897, 0.6216204166412354, -0.16716110706329346], [-0.45080888271331787, 0.45148253440856934, 0.7700223326683044, -1.1009817123413086], [-0.8120030760765076, -0.5656831860542297, -0.14371268451213837, 1.221896767616272], [0.0, 0.0, 0.0, 1.0]]}, "finger5joint1": {"matrix": [[0.17685051262378693, -0.8581509590148926, 0.481975793838501, -0.8817105889320374], [-0.2714461088180542, 0.428176611661911, 0.86196368932724, -1.0809950828552246], [-0.9460659623146057, -0.28326913714408875, -0.15721838176250458, 1.1006760597229004], [0.0, 0.0, 0.0, 1.0]]}, "finger5joint2": {"matrix": [[0.5395193696022034, -0.4794553816318512, -0.6921278238296509, -1.788151741027832], [0.8344424366950989, 0.19478145241737366, 0.5155243873596191, -0.6287240386009216], [-0.11235722154378891, -0.8556762933731079, 0.5051666498184204, 0.801466703414917], [0.0, 0.0, 0.0, 1.0]]}, "finger5joint3": {"matrix": [[0.5296861529350281, -0.233197420835495, -0.815506637096405, -2.1176981925964355], [0.8193292617797852, -0.10801354050636292, 0.5630558133125305, -0.49484390020370483], [-0.21938887238502502, -0.9664117097854614, 0.1338524967432022, 0.2133304327726364], [0.0, 0.0, 0.0, 1.0]]}, "Bone": {"matrix": [[0.6839523911476135, 0.1467667818069458, 0.7146106958389282, -1.2445170879364014], [-0.5791825652122498, -0.4863545000553131, 0.6542220115661621, -0.39609208703041077], [0.44357219338417053, -0.8613470196723938, -0.2476385086774826, 0.3387082517147064], [0.0, 0.0, 0.0, 1.0]]}, "finger1joint1": {"matrix": [[0.5649929046630859, -0.7619941830635071, 0.3164612650871277, -1.1223795413970947], [-0.49108853936195374, -0.0023494476918131113, 0.8711062073707581, -0.8008303046226501], [-0.6630346179008484, -0.6475794911384583, -0.37553393840789795, -0.3780941367149353], [0.0, 0.0, 0.0, 1.0]]}, "finger1joint2": {"matrix": [[0.4569428861141205, -0.8599361181259155, 0.22740492224693298, -1.5530421733856201], [-0.7328392863273621, -0.21906006336212158, 0.6441730856895447, -0.8021581172943115], [-0.5041325688362122, -0.4610016644001007, -0.7302928566932678, -0.7440919876098633], [0.0, 0.0, 0.0, 1.0]]}, "finger1joint3": {"matrix": [[0.5088629126548767, -0.8370329141616821, -0.20108310878276825, -1.9216824769973755], [-0.6553016304969788, -0.5281225442886353, 0.5400611758232117, -0.8960655927658081], [-0.5582457780838013, -0.14304709434509277, -0.8172509670257568, -0.9417158365249634], [0.0, 0.0, 0.0, 1.0]]}, "Bone.001": {"matrix": [[0.7724683880805969, 0.12448661774396896, 0.6227322220802307, -1.2445168495178223], [-0.6281276941299438, 0.005351818632334471, 0.7780914902687073, -0.39609208703041077], [0.09352919459342957, -0.9922066926956177, 0.08232774585485458, 0.3387082517147064], [0.0, 0.0, 0.0, 1.0]]}, "finger2joint1": {"matrix": [[0.4400288462638855, -0.3702022433280945, 0.8181226849555969, -1.16560697555542], [-0.5204290151596069, 0.6373248100280762, 0.568304717540741, -0.392699658870697], [-0.7317977547645569, -0.6758453249931335, 0.08777741342782974, -0.29023534059524536], [0.0, 0.0, 0.0, 1.0]]}, "finger2joint2": {"matrix": [[0.3272522985935211, -0.82305908203125, 0.46419763565063477, -1.485887050628662], [-0.5109447240829468, 0.25911056995391846, 0.8196320533752441, 0.1586812138557434], [-0.794884443283081, -0.505405843257904, -0.33574312925338745, -0.8749423027038574], [0.0, 0.0, 0.0, 1.0]]}, "finger2joint3": {"matrix": [[0.18789468705654144, -0.839808464050293, -0.5093300342559814, -1.7983336448669434], [-0.5490325093269348, -0.5197876691818237, 0.6545101404190063, 0.25704383850097656], [-0.8144069314002991, 0.15665973722934723, -0.5587475299835205, -1.0668025016784668], [0.0, 0.0, 0.0, 1.0]]}, "Bone.002": {"matrix": [[0.6305860877037048, -0.3731618821620941, 0.6805228590965271, -1.2445169687271118], [-0.45865491032600403, 0.5281655192375183, 0.7146163582801819, -0.39609211683273315], [-0.6260964870452881, -0.7627522349357605, 0.16190142929553986, 0.3387082517147064], [0.0, 0.0, 0.0, 1.0]]}, "finger3joint1": {"matrix": [[0.7481891512870789, -0.5835644602775574, 0.31569844484329224, -1.401808500289917], [-0.5157832503318787, -0.2122676819562912, 0.8300058841705322, -0.17346499860286713], [-0.41734960675239563, -0.7838334441184998, -0.45980900526046753, 0.0172005295753479], [0.0, 0.0, 0.0, 1.0]]}, "finger3joint2": {"matrix": [[0.6336846947669983, -0.4217604696750641, -0.6485073566436768, -1.9137004613876343], [-0.5746638774871826, -0.8178526759147644, -0.02963385544717312, -0.35966235399246216], [-0.5178852677345276, 0.39145219326019287, -0.760631263256073, -0.6703636646270752], [0.0, 0.0, 0.0, 1.0]]}, "finger3joint3": {"matrix": [[0.7119991183280945, -0.10584767162799835, -0.6941566467285156, -2.186613082885742], [-0.601355791091919, -0.6023096442222595, -0.5249704718589783, -0.8888786435127258], [-0.36253058910369873, 0.7912136912345886, -0.4924960732460022, -0.4170626997947693], [0.0, 0.0, 0.0, 1.0]]}, "Bone.003": {"matrix": [[0.595359742641449, -0.2939795255661011, 0.747745156288147, -1.2445169687271118], [0.35015586018562317, 0.932563066482544, 0.08784517645835876, -0.39609208703041077], [-0.7231441140174866, 0.20952804386615753, 0.658149242401123, 0.33870822191238403], [0.0, 0.0, 0.0, 1.0]]}, "finger4joint1": {"matrix": [[0.5450769662857056, -0.2967318594455719, 0.784118115901947, -1.3705222606658936], [-0.6168199181556702, 0.49150633811950684, 0.6147797703742981, 0.0036225318908691406], [-0.5678240060806274, -0.818761944770813, 0.08487875759601593, 0.42851606011390686], [0.0, 0.0, 0.0, 1.0]]}, "finger4joint2": {"matrix": [[0.5531713962554932, -0.5903630256652832, 0.5877692699432373, -1.6652836799621582], [-0.5934043526649475, 0.21596261858940125, 0.7753907442092896, 0.49186480045318604], [-0.5846984386444092, -0.777708888053894, -0.23085956275463104, -0.3848084807395935], [0.0, 0.0, 0.0, 1.0]]}, "finger4joint3": {"matrix": [[0.591673731803894, -0.6874880790710449, 0.4210488498210907, -1.9115021228790283], [-0.6205819249153137, -0.055033035576343536, 0.7822076678276062, 0.5819348096847534], [-0.5145870447158813, -0.7241071462631226, -0.45920419692993164, -0.7091619968414307], [0.0, 0.0, 0.0, 1.0]]}}