{"root": {"matrix": [[0.41807347536087036, -0.721376359462738, -0.5521147847175598, 0.0], [-0.703179657459259, 0.12779299914836884, -0.6994335651397705, 0.0], [0.5751111507415771, 0.680650532245636, -0.45383039116859436, 0.0], [0.0, 0.0, 0.0, 1.0]]}, "carpals": {"matrix": [[0.7799696922302246, -0.5861736536026001, -0.2191975712776184, 0.3014395534992218], [0.42360934615135193, 0.236689954996109, 0.8743755221366882, -1.3865019083023071], [-0.46065402030944824, -0.7748407125473022, 0.43291983008384705, 2.017853260040283], [0.0, 0.0, 0.0, 1.0]]}, "metacarpals": {"matrix": [[0.4067170023918152, -0.6503410339355469, 0.6415899991989136, -0.269490122795105], [-0.42781686782836914, 0.4849432706832886, 0.7627596855163574, -1.155967354774475], [-0.807188868522644, -0.5847103595733643, -0.08099209517240524, 1.2631629705429077], [0.0, 0.0, 0.0, 1.0]]}, "finger5joint1": {"matrix": [[0.32169628143310547, -0.6759547591209412, 0.6630207300186157, -0.9759140014648438], [-0.33892205357551575, 0.5716391801834106, 0.7472349405288696, -1.1179323196411133], [-0.8841058611869812, -0.46509501338005066, -0.045201681554317474, 1.1044381856918335], [0.0, 0.0, 0.0, 1.0]]}, "finger5joint2": {"matrix": [[0.7184510827064514, -0.4986836612224579, -0.4849146902561188, -1.689906358718872], [0.6933594942092896, 0.5690647959709167, 0.4420601427555084, -0.5141257643699646], [0.05549978092312813, -0.6538187265396118, 0.7546126842498779, 0.6131712198257446], [0.0, 0.0, 0.0, 1.0]]}, "finger5joint3": {"matrix": [[0.6943608522415161, -0.41883713006973267, -0.5851820707321167, -2.0326690673828125], [0.7180632948875427, 0.34968164563179016, 0.6017534136772156, -0.12298756837844849], [-0.047409188002347946, -0.8380318880081177, 0.5435571670532227, 0.16377867758274078], [0.0, 0.0, 0.0, 1.0]]}, "Bone": {"matrix": [[0.6487399935722351, 0.1852312833070755, 0.7381230592727661, -1.2848528623580933], [-0.607954740524292, -0.45725560188293457, 0.649082362651825, -0.3988361656665802], [0.45774123072624207, -0.869831383228302, -0.18402770161628723, 0.35026782751083374], [0.0, 0.0, 0.0, 1.0]]}, "finger1joint1": {"matrix": [[0.5776286721229553, -0.759925365447998, 0.29809117317199707, -1.1307059526443481], [-0.47535067796707153, -0.01626693829894066, 0.8796457648277283, -0.7793586850166321], [-0.6636163592338562, -0.6498066186904907, -0.37062719464302063, -0.37359508872032166], [0.0, 0.0, 0.0, 1.0]]}, "finger1joint2": {"matrix": [[0.4745276868343353, -0.8535550832748413, 0.21509800851345062, -1.5601991415023804], [-0.7201734185218811, -0.2359597235918045, 0.6524361371994019, -0.7885523438453674], [-0.5061359405517578, -0.46450698375701904, -0.7266770601272583, -0.7408518195152283], [0.0, 0.0, 0.0, 1.0]]}, "finger1joint3": {"matrix": [[0.524864912033081, -0.8246889114379883, -0.210724875330925, -1.9261043071746826], [-0.6412526965141296, -0.5459060668945312, 0.539241373538971, -0.8897044658660889], [-0.5597426295280457, -0.14790110290050507, -0.8153608441352844, -0.9399781823158264], [0.0, 0.0, 0.0, 1.0]]}, "Bone.001": {"matrix": [[0.7553786635398865, 0.17852208018302917, 0.6305019855499268, -1.2848529815673828], [-0.6457517147064209, 0.03924111649394035, 0.7625380754470825, -0.3988361954689026], [0.11138825118541718, -0.9831529855728149, 0.14492300152778625, 0.35026782751083374], [0.0, 0.0, 0.0, 1.0]]}, "finger2joint1": {"matrix": [[0.47036200761795044, -0.35273832082748413, 0.8089097738265991, -1.1716907024383545], [-0.5016323924064636, 0.6472692489624023, 0.573939859867096, -0.3739619255065918], [-0.7260332107543945, -0.6757349371910095, 0.12750603258609772, -0.27293676137924194], [0.0, 0.0, 0.0, 1.0]]}, "finger2joint2": {"matrix": [[0.359761506319046, -0.842900812625885, 0.4001120924949646, -1.4768619537353516], [-0.4919273257255554, 0.19303058087825775, 0.8489677309989929, 0.18602241575717926], [-0.7928298115730286, -0.5022520422935486, -0.34520089626312256, -0.8575481176376343], [0.0, 0.0, 0.0, 1.0]]}, "finger2joint3": {"matrix": [[0.22350889444351196, -0.8430980443954468, -0.48911067843437195, -1.7968409061431885], [-0.5404176115989685, -0.5248041152954102, 0.6576692461967468, 0.25929996371269226], [-0.8111672401428223, 0.11732907593250275, -0.5729234218597412, -1.0482112169265747], [0.0, 0.0, 0.0, 1.0]]}, "Bone.002": {"matrix": [[0.6558935046195984, -0.32191017270088196, 0.6827719807624817, -1.2848529815673828], [-0.44741061329841614, 0.5627182722091675, 0.6951054334640503, -0.39883625507354736], [-0.6079699397087097, -0.7613945007324219, 0.22505733370780945, 0.35026779770851135], [0.0, 0.0, 0.0, 1.0]]}, "finger3joint1": {"matrix": [[0.7628395557403564, -0.5697761178016663, 0.30566489696502686, -1.4205412864685059], [-0.501778781414032, -0.22352293133735657, 0.8356167078018188, -0.1616448163986206], [-0.4077915549278259, -0.7908176779747009, -0.4564135670661926, 0.029332339763641357], [0.0, 0.0, 0.0, 1.0]]}, "finger3joint2": {"matrix": [[0.6507090926170349, -0.4187096953392029, -0.6334507465362549, -1.92033851146698], [-0.5628436207771301, -0.8259342908859253, -0.03223732113838196, -0.35771501064300537], [-0.5096908807754517, 0.37751078605651855, -0.77311110496521, -0.6643582582473755], [0.0, 0.0, 0.0, 1.0]]}, "finger3joint3": {"matrix": [[0.7263791561126709, -0.09163465350866318, -0.6811580657958984, -2.191277265548706], [-0.5896818041801453, -0.5921947956085205, -0.5491633415222168, -0.8921608328819275], [-0.3530561029911041, 0.8005673885345459, -0.4841932952404022, -0.4200785160064697], [0.0, 0.0, 0.0, 1.0]]}, "Bone.003": {"matrix": [[0.639826774597168, -0.28901490569114685, 0.7121039628982544, -1.2848529815673828], [0.3649319112300873, 0.9297202229499817, 0.049444831907749176, -0.398836225271225], [-0.6763476729393005, 0.22823353111743927, 0.7003307342529297, 0.35026782751083374], [0.0, 0.0, 0.0, 1.0]]}, "finger4joint1": {"matrix": [[0.5725200772285461, -0.2774318754673004, 0.7715258598327637, -1.4087302684783936], [-0.6022095084190369, 0.4962851107120514, 0.6253353357315063, -0.0003400743007659912], [-0.5563849806785583, -0.8226372599601746, 0.11706122010946274, 0.44809314608573914], [0.0, 0.0, 0.0, 1.0]]}, "finger4joint2": {"matrix": [[0.5808014869689941, -0.5680232644081116, 0.5831114649772644, -1.6843198537826538], [-0.5784871578216553, 0.21597252786159515, 0.7865799069404602, 0.49264925718307495], [-0.5727319717407227, -0.7941693067550659, -0.20315690338611603, -0.36908096075057983], [0.0, 0.0, 0.0, 1.0]]}, "finger4joint3": {"matrix": [[0.6174163222312927, -0.6627110838890076, 0.42380526661872864, -1.9212212562561035], [-0.6058824062347412, -0.05702205374836922, 0.7935076355934143, 0.5827233791351318], [-0.501700222492218, -0.7467008829116821, -0.4367312490940094, -0.7002995014190674], [0.0, 0.0, 0.0, 1.0]]}}