{"root": {"matrix": [[0.2227223664522171, -0.5687974691390991, 0.7917475700378418, 0.0], [0.796640157699585, -0.36193472146987915, -0.4841153621673584, -2.9802322387695312e-08], [0.5619245767593384, 0.73856121301651, 0.3725159168243408, 0.0], [0.0, 0.0, 0.0, 1.0]]}, "carpals": {"matrix": [[-0.888945996761322, -0.36411136388778687, 0.27784469723701477, -0.1420806646347046], [-0.010519661009311676, -0.590240478515625, -0.8071587681770325, 1.5017406940460205], [0.45789098739624023, -0.7204434275627136, 0.5208615660667419, 1.951812982559204], [0.0, 0.0, 0.0, 1.0]]}, "metacarpals": {"matrix": [[-0.25479501485824585, -0.26863333582878113, 0.9289324283599854, -0.4967229664325714], [-0.7863219380378723, -0.5015719532966614, -0.36072590947151184, 0.9268500208854675], [0.5628294944763184, -0.8223510980606079, -0.08343438059091568, 1.250105381011963], [0.0, 0.0, 0.0, 1.0]]}, "finger5joint1": {"matrix": [[-0.4011189639568329, -0.4942360818386078, 0.77125483751297, -0.9874485731124878], [-0.9144685864448547, 0.26512590050697327, -0.3057044744491577, 0.9269816875457764], [-0.053389355540275574, -0.8279122114181519, -0.5583105087280273, 0.716379702091217], [0.0, 0.0, 0.0, 1.0]]}, "finger5joint2": {"matrix": [[0.787899374961853, -0.5737646222114563, 0.2236250340938568, -1.5094964504241943], [-0.29843148589134216, -0.03811578080058098, 0.9536694288253784, 1.207026720046997], [-0.5386584401130676, -0.8181322813034058, -0.2012610137462616, -0.1581209897994995], [0.0, 0.0, 0.0, 1.0]]}, "finger5joint3": {"matrix": [[0.7173827886581421, -0.683083713054657, 0.13695977628231049, -1.903865098953247], [-0.35273537039756775, -0.18660064041614532, 0.9169282913208008, 1.18082857131958], [-0.6007822155952454, -0.7060990929603577, -0.3748120665550232, -0.720452070236206], [0.0, 0.0, 0.0, 1.0]]}, "Bone": {"matrix": [[0.14651714265346527, -0.4407837688922882, 0.885574460029602, -0.9161341190338135], [0.4027828872203827, -0.7910795211791992, -0.4603900611400604, 0.14375698566436768], [0.903492271900177, 0.42414939403533936, 0.06163335591554642, -0.0338129997253418], [0.0, 0.0, 0.0, 1.0]]}, "finger1joint1": {"matrix": [[-0.17281381785869598, -0.5354020595550537, 0.8267284035682678, -1.2829490900039673], [-0.7103897929191589, -0.5136568546295166, -0.4811474084854126, -0.5145696401596069], [0.6822620630264282, -0.6704481840133667, -0.29157721996307373, 0.3191588521003723], [0.0, 0.0, 0.0, 1.0]]}, "finger1joint2": {"matrix": [[-0.40556880831718445, -0.8921323418617249, 0.19903196394443512, -1.5855467319488525], [-0.5197533369064331, 0.045963868498802185, -0.8530789017677307, -0.8048774003982544], [0.7519111037254333, -0.44942960143089294, -0.48233023285865784, -0.059763938188552856], [0.0, 0.0, 0.0, 1.0]]}, "finger1joint3": {"matrix": [[-0.35032299160957336, -0.6702595353126526, -0.6542368531227112, -1.9679890871047974], [-0.604809582233429, 0.695232629776001, -0.3884029984474182, -0.7851734161376953], [0.7151777148246765, 0.2596222460269928, -0.6489351987838745, -0.25242701172828674], [0.0, 0.0, 0.0, 1.0]]}, "Bone.001": {"matrix": [[0.09209703654050827, -0.1366044133901596, 0.9863351583480835, -0.9161341786384583], [0.054132163524627686, -0.9883933067321777, -0.1419440507888794, 0.1437569558620453], [0.99427729845047, 0.06646508723497391, -0.08363351225852966, -0.033813007175922394], [0.0, 0.0, 0.0, 1.0]]}, "finger2joint1": {"matrix": [[-0.15185514092445374, -0.6512839198112488, 0.743484377861023, -1.0027254819869995], [-0.659076988697052, -0.49384409189224243, -0.5672171115875244, -0.4827694296836853], [0.7365847826004028, -0.5761482119560242, -0.3542535603046417, 0.008318126201629639], [0.0, 0.0, 0.0, 1.0]]}, "finger2joint2": {"matrix": [[-0.2781844735145569, -0.725557267665863, 0.6294280886650085, -1.5661832094192505], [-0.6457856297492981, -0.3438083827495575, -0.6817305088043213, -0.9100180864334106], [0.7110373377799988, -0.5961223840713501, -0.3729124069213867, -0.49013590812683105], [0.0, 0.0, 0.0, 1.0]]}, "finger2joint3": {"matrix": [[-0.41468918323516846, -0.8047049045562744, 0.42483246326446533, -1.8416166305541992], [-0.6174426674842834, -0.09411222487688065, -0.7809655070304871, -1.040533423423767], [0.6684287786483765, -0.586167573928833, -0.45783188939094543, -0.7164337635040283], [0.0, 0.0, 0.0, 1.0]]}, "Bone.002": {"matrix": [[-0.04476768895983696, -0.04689152538776398, 0.9978962540626526, -0.9161341786384583], [-0.6481423377990723, -0.7587628960609436, -0.06473171710968018, 0.14375697076320648], [0.7602020502090454, -0.6496766805648804, 0.0035755420103669167, -0.03381296992301941], [0.0, 0.0, 0.0, 1.0]]}, "finger3joint1": {"matrix": [[0.20296087861061096, -0.4015504717826843, 0.8930643796920776, -0.9358993768692017], [0.03844096511602402, -0.908076286315918, -0.41703668236732483, -0.1760692000389099], [0.9784318804740906, 0.11897261440753937, -0.1688680499792099, -0.30765825510025024], [0.0, 0.0, 0.0, 1.0]]}, "finger3joint2": {"matrix": [[0.10211408883333206, -0.9533128142356873, 0.28419581055641174, -1.2881320714950562], [-0.08948111534118652, -0.29333338141441345, -0.9518133401870728, -0.9726169109344482], [0.9907399415969849, 0.07176359742879868, -0.11525686085224152, -0.20329764485359192], [0.0, 0.0, 0.0, 1.0]]}, "finger3joint3": {"matrix": [[0.005442968104034662, -0.9712291359901428, -0.23808473348617554, -1.9050021171569824], [0.057412393391132355, 0.23799918591976166, -0.9695669412612915, -1.162427306175232], [0.998335599899292, -0.008391560055315495, 0.05705619603395462, -0.1568608433008194], [0.0, 0.0, 0.0, 1.0]]}, "Bone.003": {"matrix": [[0.4831675589084625, 0.5118093490600586, 0.7103522419929504, -0.9161341786384583], [-0.8578073978424072, 0.11431974172592163, 0.5010960698127747, 0.1437569260597229], [0.1752583086490631, -0.8514588475227356, 0.49426934123039246, -0.0338129997253418], [0.0, 0.0, 0.0, 1.0]]}, "finger4joint1": {"matrix": [[-0.38234394788742065, -0.7616336941719055, 0.5231891870498657, -0.6967626810073853], [-0.8376020789146423, 0.04659143090248108, -0.5442899465560913, 0.19275659322738647], [0.39017364382743835, -0.6463303565979004, -0.6557600498199463, -0.39876484870910645], [0.0, 0.0, 0.0, 1.0]]}, "finger4joint2": {"matrix": [[-0.3895283341407776, -0.9197421669960022, -0.0483907125890255, -1.453338384628296], [-0.846668004989624, 0.37827080488204956, -0.37425118684768677, 0.2390386462211609], [0.3625195622444153, -0.10481050610542297, -0.9260636568069458, -1.0408028364181519], [0.0, 0.0, 0.0, 1.0]]}, "finger4joint3": {"matrix": [[-0.3109759986400604, -0.878139078617096, -0.3635454475879669, -1.8369287252426147], [-0.8696161508560181, 0.41723915934562683, -0.26396724581718445, 0.3968013525009155], [0.38348549604415894, 0.23405766487121582, -0.8933954834938049, -1.0845154523849487], [0.0, 0.0, 0.0, 1.0]]}}