{"root": {"matrix": [[0.44902661442756653, -0.5205044746398926, 0.7262576222419739, -5.960464477539063e-08], [0.5467997789382935, -0.4827650189399719, -0.6840671896934509, 0.0], [0.7066718935966492, 0.7042818665504456, 0.06783735007047653, 0.0], [0.0, 0.0, 0.0, 1.0]]}, "carpals": {"matrix": [[-0.724371612071991, -0.6564751863479614, 0.21053698658943176, 0.42433327436447144], [-0.03814340755343437, -0.2667563557624817, -0.9630088210105896, 0.8409424424171448], [0.6883535981178284, -0.7056068181991577, 0.16819043457508087, 2.279855966567993], [0.0, 0.0, 0.0, 1.0]]}, "metacarpals": {"matrix": [[-0.21480049192905426, -0.4102896749973297, 0.8862972855567932, -0.21506965160369873], [-0.9121341705322266, -0.24009886384010315, -0.3322102129459381, 0.5811232924461365], [0.34910139441490173, -0.8797809481620789, -0.32266607880592346, 1.5925990343093872], [0.0, 0.0, 0.0, 1.0]]}, "finger5joint1": {"matrix": [[-0.11787101626396179, -0.6469355225563049, 0.7533794045448303, -0.7761132717132568], [-0.9436143636703491, -0.16337330639362335, -0.2879251539707184, 0.7408149838447571], [0.3093511164188385, -0.7448376417160034, -0.5912008881568909, 1.1620140075683594], [0.0, 0.0, 0.0, 1.0]]}, "finger5joint2": {"matrix": [[0.730109691619873, -0.6739970445632935, -0.11254851520061493, -1.4594532251358032], [-0.30463820695877075, -0.4684804081916809, 0.8292896151542664, 0.5682482719421387], [-0.6116659045219421, -0.5711857080459595, -0.547367513179779, 0.3752627372741699], [0.0, 0.0, 0.0, 1.0]]}, "finger5joint3": {"matrix": [[0.6690840125083923, -0.7037931084632874, -0.23874929547309875, -1.9227149486541748], [-0.392234742641449, -0.6072730422019958, 0.690920352935791, 0.24624525010585785], [-0.6312512755393982, -0.3686378598213196, -0.6823689341545105, -0.0173332542181015], [0.0, 0.0, 0.0, 1.0]]}, "Bone": {"matrix": [[0.29574310779571533, -0.4186370074748993, 0.8586493730545044, -0.8556455969810486], [0.12355104833841324, -0.8745449781417847, -0.46894145011901855, 0.20626229047775269], [0.9472437500953674, 0.2447732537984848, -0.20691780745983124, 0.21901671588420868], [0.0, 0.0, 0.0, 1.0]]}, "finger1joint1": {"matrix": [[-0.12420826405286789, -0.5651913285255432, 0.8155555129051208, -1.2040302753448486], [-0.8812840580940247, -0.31486082077026367, -0.3524216115474701, -0.5215231776237488], [0.4559720754623413, -0.7625096440315247, -0.45898595452308655, 0.422713965177536], [0.0, 0.0, 0.0, 1.0]]}, "finger1joint2": {"matrix": [[-0.3552834987640381, -0.8628976345062256, 0.35941779613494873, -1.5234642028808594], [-0.7256661653518677, 0.012237930670380592, -0.6879380345344543, -0.6994757056236267], [0.5892215967178345, -0.505230188369751, -0.6305236220359802, -0.008239969611167908], [0.0, 0.0, 0.0, 1.0]]}, "finger1joint3": {"matrix": [[-0.28516003489494324, -0.8787039518356323, -0.38283535838127136, -1.8933743238449097], [-0.7915627956390381, 0.4411261975765228, -0.4228900671005249, -0.6942294836044312], [0.5404739379882812, 0.18244707584381104, -0.821340799331665, -0.22482380270957947], [0.0, 0.0, 0.0, 1.0]]}, "Bone.001": {"matrix": [[0.2357347160577774, -0.17986895143985748, 0.9550266861915588, -0.8556457161903381], [-0.23580925166606903, -0.9639401435852051, -0.1233416274189949, 0.20626235008239746], [0.9427739381790161, -0.19612832367420197, -0.26964911818504333, 0.21901671588420868], [0.0, 0.0, 0.0, 1.0]]}, "finger2joint1": {"matrix": [[-0.1814706027507782, -0.6438832879066467, 0.7432916164398193, -0.9696616530418396], [-0.8675493597984314, -0.2510891556739807, -0.42931586503982544, -0.4047636091709137], [0.46306174993515015, -0.7227503657341003, -0.5130354166030884, 0.09469425678253174], [0.0, 0.0, 0.0, 1.0]]}, "finger2joint2": {"matrix": [[-0.30686429142951965, -0.7179909348487854, 0.6247583627700806, -1.526716709136963], [-0.8432992100715637, -0.09920050948858261, -0.5282098650932312, -0.6219930648803711], [0.4412262737751007, -0.6889467835426331, -0.5750402808189392, -0.5305925607681274], [0.0, 0.0, 0.0, 1.0]]}, "finger2joint3": {"matrix": [[-0.44177913665771484, -0.8661753535270691, 0.23360444605350494, -1.7992777824401855], [-0.7985190153121948, 0.2609732747077942, -0.5424574613571167, -0.6596512198448181], [0.40889880061149597, -0.426183819770813, -0.8069502115249634, -0.7921280264854431], [0.0, 0.0, 0.0, 1.0]]}, "Bone.002": {"matrix": [[0.028495239093899727, -0.18067613244056702, 0.9831296801567078, -0.8556457161903381], [-0.8391695022583008, -0.5387181043624878, -0.07468117028474808, 0.20626232028007507], [0.5431228876113892, -0.8228843212127686, -0.16696901619434357, 0.21901671588420868], [0.0, 0.0, 0.0, 1.0]]}, "finger3joint1": {"matrix": [[0.32505694031715393, -0.4261524975299835, 0.8442344665527344, -0.9318024516105652], [-0.2672049403190613, -0.8977257013320923, -0.3502715528011322, -0.020812690258026123], [0.9071599841117859, -0.11172527074813843, -0.40568217635154724, -0.12783730030059814], [0.0, 0.0, 0.0, 1.0]]}, "finger3joint2": {"matrix": [[0.2205851674079895, -0.915155291557312, 0.33739110827445984, -1.3056155443191528], [-0.3920021951198578, -0.3999260663986206, -0.8284887075424194, -0.8082811832427979], [0.8931272029876709, 0.0504944883286953, -0.4469606876373291, -0.22584062814712524], [0.0, 0.0, 0.0, 1.0]]}, "finger3joint3": {"matrix": [[0.11502650380134583, -0.9930511116981506, 0.024865109473466873, -1.897794485092163], [-0.26644980907440186, -0.05495782941579819, -0.9622806906700134, -1.0670654773712158], [0.9569603800773621, 0.10406271368265152, -0.2709198296070099, -0.19316664338111877], [0.0, 0.0, 0.0, 1.0]]}, "Bone.003": {"matrix": [[0.455314964056015, 0.39070242643356323, 0.8000248670578003, -0.8556457161903381], [-0.8775086402893066, 0.34887632727622986, 0.3290346562862396, 0.20626232028007507], [-0.15055522322654724, -0.8518432378768921, 0.5016932487487793, 0.21901671588420868], [0.0, 0.0, 0.0, 1.0]]}, "finger4joint1": {"matrix": [[-0.2876083254814148, -0.7342063188552856, 0.6149977445602417, -0.6881830096244812], [-0.9222697019577026, 0.03915819898247719, -0.3845581114292145, 0.35579749941825867], [0.25826290249824524, -0.6777958273887634, -0.6883985996246338, -0.14609980583190918], [0.0, 0.0, 0.0, 1.0]]}, "finger4joint2": {"matrix": [[-0.2924337089061737, -0.9138445854187012, 0.28172701597213745, -1.4175134897232056], [-0.9283835291862488, 0.20065538585186005, -0.312795490026474, 0.3946956694126129], [0.22931654751300812, -0.3530225455760956, -0.9070769548416138, -0.8193944692611694], [0.0, 0.0, 0.0, 1.0]]}, "finger4joint3": {"matrix": [[-0.21954727172851562, -0.9755832552909851, 0.005992417689412832, -1.7986440658569336], [-0.9371746182441711, 0.2091890126466751, -0.27918311953544617, 0.47838157415390015], [0.27111291885375977, -0.06690964102745056, -0.9602189660072327, -0.9666270017623901], [0.0, 0.0, 0.0, 1.0]]}}