{"root": {"matrix": [[0.4233870804309845, -0.47151026129722595, 0.7735770344734192, -2.9802322387695312e-08], [0.667555570602417, -0.41489648818969727, -0.6182478666305542, 0.0], [0.6124646663665771, 0.7781637907028198, 0.13909746706485748, 5.960464477539063e-08], [0.0, 0.0, 0.0, 1.0]]}, "carpals": {"matrix": [[-0.7223591208457947, -0.6451449394226074, 0.2489679604768753, 0.4089864492416382], [0.06991703063249588, -0.4263235926628113, -0.9018645286560059, 1.1730594635009766], [0.6879743933677673, -0.6340629458427429, 0.35306528210639954, 2.1311140060424805], [0.0, 0.0, 0.0, 1.0]]}, "metacarpals": {"matrix": [[-0.3125031590461731, -0.4067750573158264, 0.8584145307540894, -0.21938079595565796], [-0.8310591578483582, -0.32061517238616943, -0.4544738531112671, 0.7578228712081909], [0.46008938550949097, -0.855417788028717, -0.2378610521554947, 1.5135406255722046], [0.0, 0.0, 0.0, 1.0]]}, "finger5joint1": {"matrix": [[-0.4184201955795288, -0.5857892036437988, 0.6941003203392029, -0.7498051524162292], [-0.9053472876548767, 0.20791658759117126, -0.37029290199279785, 0.9076356887817383], [0.07259868830442429, -0.7833398580551147, -0.6173393726348877, 1.042498230934143], [0.0, 0.0, 0.0, 1.0]]}, "finger5joint2": {"matrix": [[0.6395484209060669, -0.7606358528137207, -0.11140114814043045, -1.3685581684112549], [-0.41737058758735657, -0.4652535915374756, 0.7806026935577393, 1.1272523403167725], [-0.6455845236778259, -0.4527374804019928, -0.6150193810462952, 0.21507810056209564], [0.0, 0.0, 0.0, 1.0]]}, "finger5joint3": {"matrix": [[0.5709048509597778, -0.75003981590271, -0.3339270353317261, -1.8913695812225342], [-0.5013213753700256, -0.6405618786811829, 0.5816845893859863, 0.8074671030044556], [-0.6501877903938293, -0.1646815687417984, -0.7417109608650208, -0.09610423445701599], [0.0, 0.0, 0.0, 1.0]]}, "Bone": {"matrix": [[0.27955004572868347, -0.5086775422096252, 0.8143087029457092, -0.8544695377349854], [0.22567223012447357, -0.7895510196685791, -0.5706847906112671, 0.25725361704826355], [0.9332327842712402, 0.3433018922805786, -0.10592476278543472, 0.17799592018127441], [0.0, 0.0, 0.0, 1.0]]}, "finger1joint1": {"matrix": [[-0.16180898249149323, -0.47287076711654663, 0.8661471009254456, -1.277784824371338], [-0.7607261538505554, -0.4993094503879547, -0.414711594581604, -0.39980098605155945], [0.6285804510116577, -0.7260047197341919, -0.2789325416088104, 0.4636874496936798], [0.0, 0.0, 0.0, 1.0]]}, "finger1joint2": {"matrix": [[-0.408340722322464, -0.828307569026947, 0.38361993432044983, -1.5450410842895508], [-0.5882033109664917, -0.08261195570230484, -0.8044824600219727, -0.6819998621940613], [0.6980506181716919, -0.5541492700576782, -0.45347946882247925, 0.0533653199672699], [0.0, 0.0, 0.0, 1.0]]}, "finger1joint3": {"matrix": [[-0.33672651648521423, -0.8598347902297974, -0.3837958574295044, -1.900122880935669], [-0.6632227301597595, 0.5059120655059814, -0.5515329241752625, -0.7174142599105835], [0.6683942675590515, 0.06882653385400772, -0.7406158447265625, -0.1841893494129181], [0.0, 0.0, 0.0, 1.0]]}, "Bone.001": {"matrix": [[0.18492688238620758, -0.26742780208587646, 0.9456659555435181, -0.8544696569442749], [-0.12371040135622025, -0.9609429836273193, -0.24755631387233734, 0.25725361704826355], [0.9749345183372498, -0.07120894640684128, -0.21078796684741974, 0.17799589037895203], [0.0, 0.0, 0.0, 1.0]]}, "finger2joint1": {"matrix": [[-0.27821090817451477, -0.5982240438461304, 0.7514827847480774, -1.0239877700805664], [-0.7743958234786987, -0.3231593072414398, -0.5439475178718567, -0.35187238454818726], [0.5682511329650879, -0.7332772612571716, -0.3733559548854828, 0.13285768032073975], [0.0, 0.0, 0.0, 1.0]]}, "finger2joint2": {"matrix": [[-0.39942046999931335, -0.7334498167037964, 0.55001300573349, -1.541540503501892], [-0.7468516230583191, -0.08760993927717209, -0.6591942310333252, -0.6314533948898315], [0.5316725969314575, -0.6740736961364746, -0.5127851366996765, -0.5015363693237305], [0.0, 0.0, 0.0, 1.0]]}, "finger2joint3": {"matrix": [[-0.5284461975097656, -0.8225305080413818, 0.2102089673280716, -1.8199700117111206], [-0.6900631189346313, 0.27192866802215576, -0.6707215905189514, -0.6647115349769592], [0.49452725052833557, -0.49949759244918823, -0.7112977504730225, -0.757425844669342], [0.0, 0.0, 0.0, 1.0]]}, "Bone.002": {"matrix": [[-0.0688200518488884, -0.20907923579216003, 0.975473940372467, -0.8544695973396301], [-0.7547903060913086, -0.628462553024292, -0.18795305490493774, 0.25725358724594116], [0.6523459553718567, -0.7492132186889648, -0.1145603358745575, 0.17799592018127441], [0.0, 0.0, 0.0, 1.0]]}, "finger3joint1": {"matrix": [[0.22614175081253052, -0.41176313161849976, 0.8827857971191406, -0.9425984621047974], [-0.13608002662658691, -0.9107306599617004, -0.3899383544921875, -0.007649660110473633], [0.9645423293113708, -0.03194799646735191, -0.2619871199131012, -0.13780497014522552], [0.0, 0.0, 0.0, 1.0]]}, "finger3joint2": {"matrix": [[0.12376954406499863, -0.9153090715408325, 0.3832625448703766, -1.3037896156311035], [-0.26314443349838257, -0.4026790261268616, -0.8767010569572449, -0.8065258264541626], [0.9567841291427612, 0.00765571603551507, -0.2906979024410248, -0.16582916676998138], [0.0, 0.0, 0.0, 1.0]]}, "finger3joint3": {"matrix": [[0.01198902353644371, -0.998485267162323, 0.053696081042289734, -1.8960679769515991], [-0.13161711394786835, -0.05480840802192688, -0.989784300327301, -1.067091464996338], [0.9912280440330505, 0.004799454938620329, -0.132074773311615, -0.16087530553340912], [0.0, 0.0, 0.0, 1.0]]}, "Bone.003": {"matrix": [[0.3716185688972473, 0.4467366337776184, 0.8138340711593628, -0.8544695377349854], [-0.9283137917518616, 0.1896994709968567, 0.3197615444660187, 0.25725361704826355], [-0.011534792371094227, -0.8743228912353516, 0.48520752787590027, 0.17799592018127441], [0.0, 0.0, 0.0, 1.0]]}, "finger4joint1": {"matrix": [[-0.35377582907676697, -0.7685707807540894, 0.5330489873886108, -0.662989616394043], [-0.8391293883323669, 0.00905822403728962, -0.543856143951416, 0.3385624587535858], [0.4131636321544647, -0.6397002339363098, -0.6481350660324097, -0.19675582647323608], [0.0, 0.0, 0.0, 1.0]]}, "finger4joint2": {"matrix": [[-0.36094167828559875, -0.9120429754257202, 0.19467492401599884, -1.4264562129974365], [-0.8490466475486755, 0.23501364886760712, -0.4731680154800415, 0.3475605249404907], [0.38579845428466797, -0.3360740542411804, -0.8591934442520142, -0.8322078585624695], [0.0, 0.0, 0.0, 1.0]]}, "finger4joint3": {"matrix": [[-0.28668707609176636, -0.9547089338302612, -0.0796297937631607, -1.8068355321884155], [-0.858630895614624, 0.29292187094688416, -0.42065349221229553, 0.4455760419368744], [0.42492708563804626, -0.05222316086292267, -0.9037197232246399, -0.9723718762397766], [0.0, 0.0, 0.0, 1.0]]}}