{"root": {"matrix": [[0.3458457887172699, -0.46612706780433655, 0.8143194913864136, -2.9802322387695312e-08], [0.7442020177841187, -0.3922925591468811, -0.5406199097633362, 0.0], [0.5714491009712219, 0.7929893136024475, 0.21121995151042938, 0.0], [0.0, 0.0, 0.0, 1.0]]}, "carpals": {"matrix": [[-0.8816532492637634, -0.3675951659679413, 0.2959071099758148, 0.23431749641895294], [-0.07408373802900314, -0.5114633440971375, -0.8561055064201355, 1.3597910404205322], [0.4660460352897644, -0.7767102122306824, 0.4237004816532135, 2.0447614192962646], [0.0, 0.0, 0.0, 1.0]]}, "metacarpals": {"matrix": [[-0.2693583369255066, -0.4228518307209015, 0.8652411103248596, -0.12371796369552612], [-0.7854735851287842, -0.4233691096305847, -0.45143064856529236, 0.8616288900375366], [0.5572047233581543, -0.8012206554412842, -0.21810108423233032, 1.28825044631958], [0.0, 0.0, 0.0, 1.0]]}, "finger5joint1": {"matrix": [[-0.41720202565193176, -0.639650285243988, 0.6455925107002258, -0.67369544506073], [-0.9003629684448242, 0.19426091015338898, -0.3893699645996094, 0.9435526132583618], [0.1236473098397255, -0.7437135577201843, -0.6569636464118958, 0.8229677081108093], [0.0, 0.0, 0.0, 1.0]]}, "finger5joint2": {"matrix": [[0.540976881980896, -0.8251625895500183, -0.16263467073440552, -1.3493404388427734], [-0.4568612575531006, -0.4506741166114807, 0.7669225931167603, 1.148745059967041], [-0.7061313390731812, -0.34058570861816406, -0.6207892894744873, 0.03740367293357849], [0.0, 0.0, 0.0, 1.0]]}, "finger5joint3": {"matrix": [[0.46971064805984497, -0.6849474906921387, -0.556972324848175, -1.916503667831421], [-0.5384652614593506, -0.7222375273704529, 0.43408262729644775, 0.8389809131622314], [-0.6995903253555298, 0.09601728618144989, -0.7080631256103516, -0.1966928243637085], [0.0, 0.0, 0.0, 1.0]]}, "Bone": {"matrix": [[0.3014625310897827, -0.47045809030532837, 0.8293306231498718, -0.7839070558547974], [0.3336043059825897, -0.7627756595611572, -0.5539687275886536, 0.20063215494155884], [0.8932122588157654, 0.4436691701412201, -0.07300154119729996, 0.03732246160507202], [0.0, 0.0, 0.0, 1.0]]}, "finger1joint1": {"matrix": [[-0.1887386590242386, -0.6620086431503296, 0.7253427505493164, -1.1754165887832642], [-0.7378263473510742, -0.3918394148349762, -0.5496126413345337, -0.43414032459259033], [0.6480662226676941, -0.6389099955558777, -0.4144922196865082, 0.4065384566783905], [0.0, 0.0, 0.0, 1.0]]}, "finger1joint2": {"matrix": [[-0.3873344957828522, -0.8282922506332397, 0.40485039353370667, -1.5495693683624268], [-0.5274732112884521, -0.16105854511260986, -0.8341654539108276, -0.6555994749069214], [0.756137490272522, -0.5366486310958862, -0.3745184540748596, 0.04544037580490112], [0.0, 0.0, 0.0, 1.0]]}, "finger1joint3": {"matrix": [[-0.31369301676750183, -0.8474834561347961, -0.42821526527404785, -1.9046447277069092], [-0.6029741168022156, 0.5261725783348083, -0.5996370315551758, -0.7246426343917847], [0.7334977388381958, 0.07010089606046677, -0.6760671138763428, -0.18461206555366516], [0.0, 0.0, 0.0, 1.0]]}, "Bone.001": {"matrix": [[0.2200859636068344, -0.23693162202835083, 0.946269154548645, -0.7839071154594421], [-0.011913575232028961, -0.970634937286377, -0.24026167392730713, 0.20063212513923645], [0.9754074811935425, 0.04160476475954056, -0.21644596755504608, 0.03732246905565262], [0.0, 0.0, 0.0, 1.0]]}, "finger2joint1": {"matrix": [[-0.2335597574710846, -0.8725404739379883, 0.42909520864486694, -0.9340941309928894], [-0.7164368033409119, -0.1439335197210312, -0.6826428174972534, -0.4146375060081482], [0.6573947072029114, -0.4668574035167694, -0.5915031433105469, 0.0636950433254242], [0.0, 0.0, 0.0, 1.0]]}, "finger2joint2": {"matrix": [[-0.35015830397605896, -0.9067381620407104, -0.2349781095981598, -1.6889716386795044], [-0.6603541970252991, 0.4168784022331238, -0.6246155500411987, -0.5391614437103271], [0.664320170879364, -0.063545361161232, -0.7447417974472046, -0.3402061462402344], [0.0, 0.0, 0.0, 1.0]]}, "finger2joint3": {"matrix": [[-0.4294419586658478, -0.3416284918785095, -0.8359839916229248, -2.033184289932251], [-0.5497110486030579, 0.8333277702331543, -0.05815829709172249, -0.3809075355529785], [0.7165172696113586, 0.4345741271972656, -0.5456627607345581, -0.3643289804458618], [0.0, 0.0, 0.0, 1.0]]}, "Bone.002": {"matrix": [[-0.022369185462594032, -0.21156737208366394, 0.9771072864532471, -0.7839070558547974], [-0.6815444231033325, -0.7118209004402161, -0.16972939670085907, 0.20063212513923645], [0.73143470287323, -0.6697387099266052, -0.12826986610889435, 0.0373225063085556], [0.0, 0.0, 0.0, 1.0]]}, "finger3joint1": {"matrix": [[0.26117610931396484, -0.47340551018714905, 0.8412336707115173, -0.8730849027633667], [-0.10832974314689636, -0.8803511261940002, -0.4617861807346344, -0.09940755367279053], [0.9591931700706482, 0.029477104544639587, -0.28121069073677063, -0.2449791133403778], [0.0, 0.0, 0.0, 1.0]]}, "finger3joint2": {"matrix": [[0.15020135045051575, -0.9390720725059509, 0.30916494131088257, -1.2883474826812744], [-0.22817355394363403, -0.33719688653945923, -0.9133647084236145, -0.8716352581977844], [0.9619647264480591, 0.0666455626487732, -0.26491880416870117, -0.21912232041358948], [0.0, 0.0, 0.0, 1.0]]}, "finger3joint3": {"matrix": [[0.04929296672344208, -0.9985933303833008, -0.019530799239873886, -1.8960022926330566], [-0.08777357637882233, 0.01514799240976572, -0.9960252642631531, -1.0898288488388062], [0.994920015335083, 0.0508115254342556, -0.08690330386161804, -0.1759972870349884], [0.0, 0.0, 0.0, 1.0]]}, "Bone.003": {"matrix": [[0.40222781896591187, 0.4118800759315491, 0.8176597952842712, -0.7839070558547974], [-0.9124820232391357, 0.10742005705833435, 0.39476242661476135, 0.20063212513923645], [0.07476165145635605, -0.9048843383789062, 0.41904038190841675, 0.03732249140739441], [0.0, 0.0, 0.0, 1.0]]}, "finger4joint1": {"matrix": [[-0.36350756883621216, -0.8275170922279358, 0.42787542939186096, -0.6073672771453857], [-0.8096669912338257, 0.053472261875867844, -0.5844481587409973, 0.24667444825172424], [0.4607616066932678, -0.5588879585266113, -0.6894509792327881, -0.3505285382270813], [0.0, 0.0, 0.0, 1.0]]}, "finger4joint2": {"matrix": [[-0.37405118346214294, -0.9243651628494263, 0.07506240159273148, -1.4293887615203857], [-0.8193632364273071, 0.29147547483444214, -0.4936451315879822, 0.2997915744781494], [0.43442967534065247, -0.2461518496274948, -0.8664177656173706, -0.9057049751281738], [0.0, 0.0, 0.0, 1.0]]}, "finger4joint3": {"matrix": [[-0.2969757318496704, -0.9340534210205078, -0.19836623966693878, -1.814907193183899], [-0.833447277545929, 0.35493648052215576, -0.4235389828681946, 0.4213551878929138], [0.46601560711860657, 0.0395471453666687, -0.8838919997215271, -1.0083657503128052], [0.0, 0.0, 0.0, 1.0]]}}