{"root": {"matrix": [[0.19254817068576813, -0.7334861159324646, 0.6518614292144775, 0.0], [0.9162710905075073, -0.1033894345164299, -0.3869856595993042, 0.0], [0.3512442708015442, 0.6717951893806458, 0.65216463804245, 0.0], [0.0, 0.0, 0.0, 1.0]]}, "carpals": {"matrix": [[-0.9380171298980713, -0.3410578966140747, 0.06166967749595642, -0.3557918965816498], [0.1867569088935852, -0.6472704410552979, -0.7390281558036804, 2.0144314765930176], [0.2919684052467346, -0.6817038059234619, 0.6708458065986633, 1.3785732984542847], [0.0, 0.0, 0.0, 1.0]]}, "metacarpals": {"matrix": [[-0.36563611030578613, -0.20124749839305878, 0.9087405800819397, -0.6879802346229553], [-0.5530702471733093, -0.738303005695343, -0.38603338599205017, 1.3839938640594482], [0.7486142516136169, -0.6437451243400574, 0.15864618122577667, 0.7145979404449463], [0.0, 0.0, 0.0, 1.0]]}, "finger5joint1": {"matrix": [[-0.12678562104701996, -0.4931184947490692, 0.8606737852096558, -1.1124956607818604], [-0.29054614901542664, -0.8111576437950134, -0.5075489282608032, 1.2185132503509521], [0.9484240412712097, -0.3144152760505676, -0.040430594235658646, 0.15061430633068085], [0.0, 0.0, 0.0, 1.0]]}, "finger5joint2": {"matrix": [[0.8605203032493591, -0.5092616677284241, -0.012525866739451885, -1.633363127708435], [-0.5071311593055725, -0.8587278723716736, 0.07350989431142807, 0.36170995235443115], [-0.04819213226437569, -0.05690445005893707, -0.9972156286239624, -0.1814938485622406], [0.0, 0.0, 0.0, 1.0]]}, "finger5joint3": {"matrix": [[0.8085986971855164, -0.5811586380004883, -0.0917726680636406, -1.9833965301513672], [-0.5883578062057495, -0.7982526421546936, -0.128945991396904, -0.228523850440979], [0.0016802798490971327, 0.15826088190078735, -0.9873956441879272, -0.22060626745224], [0.0, 0.0, 0.0, 1.0]]}, "Bone": {"matrix": [[0.06477117538452148, -0.534207820892334, 0.8428680300712585, -1.002183437347412], [0.6739834547042847, -0.5994619131088257, -0.4317307770252228, 0.2312978208065033], [0.7359011769294739, 0.5960429310798645, 0.32121938467025757, -0.29046690464019775], [0.0, 0.0, 0.0, 1.0]]}, "finger1joint1": {"matrix": [[-0.3152135908603668, -0.583065927028656, 0.7487819194793701, -1.446744680404663], [-0.4626796841621399, -0.5944659113883972, -0.6576758623123169, -0.2675670087337494], [0.8285938501358032, -0.553754448890686, -0.08238901197910309, 0.20555263757705688], [0.0, 0.0, 0.0, 1.0]]}, "finger1joint2": {"matrix": [[-0.5164936780929565, -0.7066735029220581, -0.48357707262039185, -1.7762809991836548], [-0.22849342226982117, 0.6579980254173279, -0.7175159454345703, -0.6035462617874146], [0.8252423405647278, -0.26009830832481384, -0.5013219714164734, -0.10741736739873886], [0.0, 0.0, 0.0, 1.0]]}, "finger1joint3": {"matrix": [[-0.5365363359451294, -0.3216601312160492, -0.780168890953064, -2.0792200565338135], [-0.3239690363407135, 0.9321755170822144, -0.16153229773044586, -0.3214733302593231], [0.7792129516601562, 0.16608256101608276, -0.6043538451194763, -0.21891725063323975], [0.0, 0.0, 0.0, 1.0]]}, "Bone.001": {"matrix": [[-0.020864227786660194, -0.20308265089988708, 0.9789391756057739, -1.002183437347412], [0.37553486227989197, -0.9090458154678345, -0.18057946860790253, 0.2312978208065033], [0.9265731573104858, 0.3638581931591034, 0.09523111581802368, -0.29046693444252014], [0.0, 0.0, 0.0, 1.0]]}, "finger2joint1": {"matrix": [[-0.3094106912612915, -0.5046124458312988, 0.8059969544410706, -1.1309142112731934], [-0.4006620943546295, -0.6995026469230652, -0.5917479395866394, -0.344931423664093], [0.862400472164154, -0.5060255527496338, 0.014254509471356869, -0.05982315540313721], [0.0, 0.0, 0.0, 1.0]]}, "finger2joint2": {"matrix": [[-0.4269307255744934, -0.7168303728103638, 0.5512568950653076, -1.567479133605957], [-0.4058710038661957, -0.3928556442260742, -0.8251866102218628, -0.9501054883003235], [0.8080833554267883, -0.5760365724563599, -0.12321850657463074, -0.4976106286048889], [0.0, 0.0, 0.0, 1.0]]}, "finger2joint3": {"matrix": [[-0.5538690090179443, -0.8091470003128052, 0.19623951613903046, -1.839599609375], [-0.3728848099708557, 0.03032892942428589, -0.9273816347122192, -1.0992398262023926], [0.744436502456665, -0.5868226885795593, -0.3185168504714966, -0.7162835597991943], [0.0, 0.0, 0.0, 1.0]]}, "Bone.002": {"matrix": [[-0.17195704579353333, -0.017063001170754433, 0.9849566221237183, -1.002183437347412], [-0.3618772625923157, -0.9288492798805237, -0.0792689397931099, 0.2312978208065033], [0.9162289500236511, -0.3700641989707947, 0.15354740619659424, -0.29046693444252014], [0.0, 0.0, 0.0, 1.0]]}, "finger3joint1": {"matrix": [[0.02793181873857975, -0.3317532241344452, 0.942952573299408, -1.0093756914138794], [0.40385687351226807, -0.8591595888137817, -0.3142358958721161, -0.16022145748138428], [0.9143955707550049, 0.38959527015686035, 0.10998286306858063, -0.44645267724990845], [0.0, 0.0, 0.0, 1.0]]}, "finger3joint2": {"matrix": [[-0.061478372663259506, -0.9403453469276428, 0.3346206247806549, -1.3003835678100586], [0.2748059928417206, -0.3382442891597748, -0.9000401496887207, -0.9138604402542114], [0.9595320820808411, 0.03662291169166565, 0.27920740842819214, -0.10470691323280334], [0.0, 0.0, 0.0, 1.0]]}, "finger3joint3": {"matrix": [[-0.1634516566991806, -0.959396243095398, -0.22987474501132965, -1.9088623523712158], [0.40512195229530334, 0.1471831053495407, -0.9023375511169434, -1.132731556892395], [0.8995329737663269, -0.2406158149242401, 0.3646153509616852, -0.08100895583629608], [0.0, 0.0, 0.0, 1.0]]}, "Bone.003": {"matrix": [[0.4066350758075714, 0.6131985187530518, 0.6772263050079346, -1.002183437347412], [-0.7620119452476501, -0.18126864731311798, 0.6216745376586914, 0.2312978059053421], [0.5039697885513306, -0.7688493132591248, 0.39355435967445374, -0.29046696424484253], [0.0, 0.0, 0.0, 1.0]]}, "finger4joint1": {"matrix": [[-0.3712150454521179, -0.8571527004241943, 0.3570552170276642, -0.7393545508384705], [-0.5555976033210754, -0.1030600368976593, -0.8250390887260437, 0.15360254049301147], [0.7439827919006348, -0.5046460032463074, -0.4379745423793793, -0.6200105547904968], [0.0, 0.0, 0.0, 1.0]]}, "finger4joint2": {"matrix": [[-0.3838020861148834, -0.8337114453315735, -0.397014856338501, -1.5908149480819702], [-0.5736420154571533, 0.5521820783615112, -0.6050035357475281, 0.05122694373130798], [0.7236230969429016, -0.004457192029803991, -0.6901807188987732, -1.1213053464889526], [0.0, 0.0, 0.0, 1.0]]}, "finger4joint3": {"matrix": [[-0.307321697473526, -0.6185482740402222, -0.7231535911560059, -1.9385249614715576], [-0.6086453199386597, 0.7119316458702087, -0.35029077529907227, 0.28152161836624146], [0.7315078377723694, 0.3324922025203705, -0.5952686667442322, -1.1231642961502075], [0.0, 0.0, 0.0, 1.0]]}}