{"root": {"matrix": [[0.32956573367118835, -0.809468686580658, -0.48594948649406433, 0.0], [-0.619317889213562, 0.20314587652683258, -0.7584043145179749, -1.4901161193847656e-08], [0.712623119354248, 0.5509012937545776, -0.4343685805797577, 0.0], [0.0, 0.0, 0.0, 1.0]]}, "carpals": {"matrix": [[0.7550482153892517, -0.5692741274833679, -0.32531365752220154, 0.007616698741912842], [0.5166573524475098, 0.21109013259410858, 0.8297624588012695, -1.1164642572402954], [-0.40369170904159546, -0.7945864796638489, 0.4535031318664551, 2.199644088745117], [0.0, 0.0, 0.0, 1.0]]}, "metacarpals": {"matrix": [[0.5337178111076355, -0.6920548677444458, 0.48600953817367554, -0.5468529462814331], [-0.24907857179641724, 0.4205690324306488, 0.8723996877670288, -0.9108637571334839], [-0.8081491589546204, -0.5866698026657104, 0.05208930745720863, 1.4257216453552246], [0.0, 0.0, 0.0, 1.0]]}, "finger5joint1": {"matrix": [[0.3174915611743927, -0.8772825598716736, 0.3599643409252167, -1.2353650331497192], [-0.08296693116426468, 0.35244953632354736, 0.9321455955505371, -0.9860300421714783], [-0.9446244835853577, -0.3258134424686432, 0.039114490151405334, 1.2113018035888672], [0.0, 0.0, 0.0, 1.0]]}, "finger5joint2": {"matrix": [[0.42311131954193115, -0.21162322163581848, -0.8810175657272339, -2.1620142459869385], [0.9016242027282715, 0.1946198046207428, 0.3862593173980713, -0.6137473583221436], [0.08972220122814178, -0.9577776193618774, 0.27315080165863037, 0.867154061794281], [0.0, 0.0, 0.0, 1.0]]}, "finger5joint3": {"matrix": [[0.4493665099143982, 0.2586863040924072, -0.8550734519958496, -2.3074705600738525], [0.8932168483734131, -0.14645199477672577, 0.42510560154914856, -0.4799783229827881], [-0.015258071944117546, -0.9547946453094482, -0.29687345027923584, 0.20883989334106445], [0.0, 0.0, 0.0, 1.0]]}, "Bone": {"matrix": [[0.7225766181945801, 0.32668453454971313, 0.6092290878295898, -1.6273425817489624], [-0.526250422000885, -0.3115267753601074, 0.7912086248397827, -0.25423872470855713], [0.44826680421829224, -0.8923162221908569, -0.05318394675850868, 0.5097672343254089], [0.0, 0.0, 0.0, 1.0]]}, "finger1joint1": {"matrix": [[0.7719075083732605, -0.6292763352394104, 0.09038755297660828, -1.3554797172546387], [-0.26916807889938354, -0.1946978121995926, 0.9432077407836914, -0.5134873986244202], [-0.5759403109550476, -0.7523987889289856, -0.3196696639060974, -0.23280727863311768], [0.0, 0.0, 0.0, 1.0]]}, "finger1joint2": {"matrix": [[0.7201663851737976, -0.6836125254631042, 0.11846612393856049, -1.7111332416534424], [-0.5396057367324829, -0.4445578455924988, 0.7149780988693237, -0.6235264539718628], [-0.43610313534736633, -0.5788283348083496, -0.6890367865562439, -0.6580467820167542], [0.0, 0.0, 0.0, 1.0]]}, "finger1joint3": {"matrix": [[0.753053605556488, -0.6058752536773682, -0.25656452775001526, -2.0041866302490234], [-0.4477488398551941, -0.7576189041137695, 0.47490447759628296, -0.8141010403633118], [-0.48211124539375305, -0.24275225400924683, -0.8418075442314148, -0.9061809778213501], [0.0, 0.0, 0.0, 1.0]]}, "Bone.001": {"matrix": [[0.8569693565368652, 0.23160229623317719, 0.46039512753486633, -1.6273425817489624], [-0.5034111142158508, 0.18487592041492462, 0.8440365195274353, -0.25423869490623474], [0.11036479473114014, -0.9550816416740417, 0.2750243842601776, 0.5097672343254089], [0.0, 0.0, 0.0, 1.0]]}, "finger2joint1": {"matrix": [[0.6049699187278748, -0.25149908661842346, 0.7554861903190613, -1.4805337190628052], [-0.31872478127479553, 0.7929914593696594, 0.5192095637321472, -0.1370488405227661], [-0.7296749949455261, -0.5548983216285706, 0.39957720041275024, -0.09564340114593506], [0.0, 0.0, 0.0, 1.0]]}, "finger2joint2": {"matrix": [[0.5073317885398865, -0.4122719466686249, 0.7567338347434998, -1.6981178522109985], [-0.2923194468021393, 0.743736982345581, 0.6011690497398376, 0.5490068197250366], [-0.8106563687324524, -0.5262001156806946, 0.2568064332008362, -0.5757130980491638], [0.0, 0.0, 0.0, 1.0]]}, "finger2joint3": {"matrix": [[0.38703784346580505, -0.6636384725570679, 0.6401448249816895, -1.8546230792999268], [-0.25762468576431274, 0.5887725949287415, 0.7661435008049011, 0.8313416242599487], [-0.8853422999382019, -0.46144363284111023, 0.056907769292593, -0.7754672765731812], [0.0, 0.0, 0.0, 1.0]]}, "Bone.002": {"matrix": [[0.7683851718902588, -0.3739851415157318, 0.5193451046943665, -1.6273424625396729], [-0.24513980746269226, 0.5776112675666809, 0.7786343097686768, -0.25423872470855713], [-0.5911774039268494, -0.7256031036376953, 0.35214945673942566, 0.5097672343254089], [0.0, 0.0, 0.0, 1.0]]}, "finger3joint1": {"matrix": [[0.863798975944519, 0.11210249364376068, 0.4912071228027344, -1.78498113155365], [-0.5038079023361206, 0.1817837357521057, 0.8444713950157166, -0.010769769549369812], [0.005373642314225435, -0.9769275784492493, 0.2135028839111328, 0.2039182186126709], [0.0, 0.0, 0.0, 1.0]]}, "finger3joint2": {"matrix": [[0.8509439826011658, -0.4949229061603546, 0.1759137362241745, -1.6866469383239746], [-0.5011010766029358, -0.6645342111587524, 0.5543389916419983, 0.14868757128715515], [-0.15745462477207184, -0.5598620772361755, -0.8134877681732178, -0.6530246734619141], [0.0, 0.0, 0.0, 1.0]]}, "finger3joint3": {"matrix": [[0.7836250066757202, -0.6162232756614685, -0.07874475419521332, -2.006901741027832], [-0.6195290684700012, -0.7845553755760193, -0.02561846375465393, -0.28131943941116333], [-0.045993175357580185, 0.06885980814695358, -0.9965654611587524, -1.0153002738952637], [0.0, 0.0, 0.0, 1.0]]}, "Bone.003": {"matrix": [[0.6001657843589783, -0.47754135727882385, 0.6416816115379333, -1.6273425817489624], [0.5525887608528137, 0.827549934387207, 0.09902812540531158, -0.25423869490623474], [-0.5783134698867798, 0.2951529324054718, 0.7605512142181396, 0.5097672343254089], [0.0, 0.0, 0.0, 1.0]]}, "finger4joint1": {"matrix": [[0.7818760871887207, -0.06516368687152863, 0.6200188398361206, -1.8320262432098389], [-0.5288592576980591, 0.4572868347167969, 0.7149798274040222, 0.10046526789665222], [-0.3301173746585846, -0.8869283199310303, 0.3230794370174408, 0.6362755298614502], [0.0, 0.0, 0.0, 1.0]]}, "finger4joint2": {"matrix": [[0.7920036315917969, -0.31592828035354614, 0.5224168300628662, -1.8967570066452026], [-0.5043327808380127, 0.14367257058620453, 0.8514729142189026, 0.5547152757644653], [-0.3440615236759186, -0.9378416538238525, -0.04554357752203941, -0.24476268887519836], [0.0, 0.0, 0.0, 1.0]]}, "finger4joint3": {"matrix": [[0.8077970743179321, -0.3884574770927429, 0.44335582852363586, -2.0285189151763916], [-0.5269319415092468, -0.13874909281730652, 0.8385051488876343, 0.6146357655525208], [-0.2642085552215576, -0.9109605550765991, -0.31677159667015076, -0.6359016299247742], [0.0, 0.0, 0.0, 1.0]]}}