{"root": {"matrix": [[0.3757953643798828, -0.7505984902381897, -0.5434884428977966, -5.960464477539063e-08], [-0.11467500030994415, 0.5443021655082703, -0.8310143351554871, 0.0], [0.9195800423622131, 0.3746159076690674, 0.11847127228975296, 0.0], [0.0, 0.0, 0.0, 1.0]]}, "carpals": {"matrix": [[0.8224728107452393, -0.552215039730072, -0.13637027144432068, 0.17625579237937927], [0.0016245816368609667, -0.23746754229068756, 0.9713940024375916, 0.3668651580810547], [-0.5688018798828125, -0.7991667985916138, -0.19441328942775726, 2.432967185974121], [0.0, 0.0, 0.0, 1.0]]}, "metacarpals": {"matrix": [[0.3558196425437927, -0.5844605565071106, 0.7292448878288269, -0.36159831285476685], [-0.8712546825408936, 0.07484018057584763, 0.48509177565574646, 0.13557320833206177], [-0.338094025850296, -0.8079631328582764, -0.48258429765701294, 1.6545835733413696], [0.0, 0.0, 0.0, 1.0]]}, "finger5joint1": {"matrix": [[0.22897377610206604, -0.7279582619667053, 0.646256685256958, -1.057553768157959], [-0.8087478280067444, 0.22722046077251434, 0.5424919724464417, 0.13160647451877594], [-0.541754424571991, -0.6468750238418579, -0.5367070436477661, 1.4513471126556396], [0.0, 0.0, 0.0, 1.0]]}, "finger5joint2": {"matrix": [[0.7032413482666016, -0.38614422082901, -0.5969454050064087, -1.8264760971069336], [0.5514224171638489, -0.2337401956319809, 0.8008111119270325, 0.37161314487457275], [-0.4487587511539459, -0.8923325538635254, 0.04855304956436157, 0.7680709362030029], [0.0, 0.0, 0.0, 1.0]]}, "finger5joint3": {"matrix": [[0.695914626121521, -0.2653568685054779, -0.6672990918159485, -2.091886281967163], [0.4822653830051422, -0.5158147215843201, 0.7080641388893127, 0.21095532178878784], [-0.5320924520492554, -0.8145675659179688, -0.23099035024642944, 0.15473949909210205], [0.0, 0.0, 0.0, 1.0]]}, "Bone": {"matrix": [[0.5686141848564148, 0.13268673419952393, 0.8118324875831604, -1.2741035223007202], [-0.24927258491516113, -0.9127091765403748, 0.3237667679786682, 0.25241953134536743], [0.7839264273643494, -0.3864661753177643, -0.48590415716171265, 0.39312875270843506], [0.0, 0.0, 0.0, 1.0]]}, "finger1joint1": {"matrix": [[0.5853729248046875, -0.6858347654342651, 0.4323992133140564, -1.1636831760406494], [-0.8012617230415344, -0.40795695781707764, 0.4376648962497711, -0.507125735282898], [-0.12376578152179718, -0.6026621460914612, -0.7883399724960327, 0.07151633501052856], [0.0, 0.0, 0.0, 1.0]]}, "finger1joint2": {"matrix": [[0.4395297169685364, -0.8883699774742126, 0.13271166384220123, -1.551302194595337], [-0.8881454467773438, -0.45190170407295227, -0.08356079459190369, -0.7376942038536072], [0.13420529663562775, -0.08113984763622284, -0.9876258969306946, -0.269095242023468], [0.0, 0.0, 0.0, 1.0]]}, "finger1joint3": {"matrix": [[0.4830043315887451, -0.8079932928085327, -0.3374220132827759, -1.9321318864822388], [-0.8748617768287659, -0.4293053448200226, -0.22430722415447235, -0.9314169883728027], [0.03638143092393875, 0.40353888273239136, -0.914238691329956, -0.3038785457611084], [0.0, 0.0, 0.0, 1.0]]}, "Bone.001": {"matrix": [[0.6714872121810913, 0.1864095777273178, 0.7171863317489624, -1.2741035223007202], [-0.5033215284347534, -0.5955869555473328, 0.6260537505149841, 0.25241953134536743], [0.5438491106033325, -0.7813625335693359, -0.30610498785972595, 0.39312875270843506], [0.0, 0.0, 0.0, 1.0]]}, "finger2joint1": {"matrix": [[0.7317157983779907, -0.514221727848053, 0.44740113615989685, -1.1559417247772217], [-0.68079674243927, -0.5834110379219055, 0.4428848624229431, -0.1251133680343628], [0.03327756002545357, -0.6286552548408508, -0.7769715189933777, -0.10216408967971802], [0.0, 0.0, 0.0, 1.0]]}, "finger2joint2": {"matrix": [[0.6377262473106384, -0.6413967609405518, 0.42651525139808655, -1.6008200645446777], [-0.7687690258026123, -0.5644740462303162, 0.30060434341430664, -0.6298507452011108], [0.047949958592653275, -0.5195950269699097, -0.8530658483505249, -0.6460446119308472], [0.0, 0.0, 0.0, 1.0]]}, "finger2joint3": {"matrix": [[0.5192727446556091, -0.7990744709968567, 0.3030438721179962, -1.8443046808242798], [-0.8522034287452698, -0.5107467770576477, 0.11351925134658813, -0.8441343307495117], [0.06406814604997635, -0.3172025680541992, -0.9461909532546997, -0.8432914018630981], [0.0, 0.0, 0.0, 1.0]]}, "Bone.002": {"matrix": [[0.5999089479446411, -0.24824969470500946, 0.7605795860290527, -1.2741035223007202], [-0.7858330011367798, -0.004301400855183601, 0.6184237003326416, 0.25241953134536743], [-0.150252103805542, -0.9686863422393799, -0.19766318798065186, 0.39312875270843506], [0.0, 0.0, 0.0, 1.0]]}, "finger3joint1": {"matrix": [[0.6073039770126343, -0.05252724885940552, 0.7927312254905701, -1.3787431716918945], [-0.7598266005516052, -0.32983946800231934, 0.5602405071258545, 0.2506064176559448], [0.23204588890075684, -0.9425744414329529, -0.24022433161735535, -0.015182256698608398], [0.0, 0.0, 0.0, 1.0]]}, "finger3joint2": {"matrix": [[0.5601427555084229, -0.764455258846283, 0.31913673877716064, -1.4248192310333252], [-0.8235767483711243, -0.5553951859474182, 0.11514105647802353, -0.03872266411781311], [0.08922657370567322, -0.32732897996902466, -0.9406880736351013, -0.841991126537323], [0.0, 0.0, 0.0, 1.0]]}, "finger3joint3": {"matrix": [[0.4598707854747772, -0.8857631087303162, -0.06279005855321884, -1.9194831848144531], [-0.8577373027801514, -0.42479512095451355, -0.28954407572746277, -0.39810794591903687], [0.22979430854320526, 0.18701022863388062, -0.955102801322937, -1.0537992715835571], [0.0, 0.0, 0.0, 1.0]]}, "Bone.003": {"matrix": [[0.6822243332862854, -0.17583025991916656, 0.7096856236457825, -1.2741036415100098], [-0.19392047822475433, 0.8923736810684204, 0.40750953555107117, 0.2524195611476898], [-0.7049572467803955, -0.41563528776168823, 0.5747019052505493, 0.39312875270843506], [0.0, 0.0, 0.0, 1.0]]}, "finger4joint1": {"matrix": [[0.39155569672584534, -0.1464284360408783, 0.9084287285804749, -1.3494679927825928], [-0.8879052400588989, 0.19895386695861816, 0.4147786796092987, 0.6349081993103027], [-0.24147096276283264, -0.9690074324607849, -0.05211302265524864, 0.2149794101715088], [0.0, 0.0, 0.0, 1.0]]}, "finger4joint2": {"matrix": [[0.4055650234222412, -0.8149646520614624, 0.4139437973499298, -1.4949238300323486], [-0.8749361634254456, -0.2150324136018753, 0.43387484550476074, 0.8325408101081848], [-0.26458147168159485, -0.5381388068199158, -0.8002516031265259, -0.7475928664207458], [0.0, 0.0, 0.0, 1.0]]}, "finger4joint3": {"matrix": [[0.46580713987350464, -0.8834307789802551, -0.050730783492326736, -1.8348153829574585], [-0.860286295413971, -0.4655369520187378, 0.20780377089977264, 0.7428587675094604], [-0.20719744265079498, -0.053153470158576965, -0.9768537282943726, -0.9720305800437927], [0.0, 0.0, 0.0, 1.0]]}}