{"root": {"matrix": [[0.3336934745311737, -0.8240708708763123, -0.45777276158332825, 0.0], [-0.0031789769418537617, 0.48462048172950745, -0.8747187256813049, 0.0], [0.9426762461662292, 0.2933432459831238, 0.1590949296951294, 0.0], [0.0, 0.0, 0.0, 1.0]]}, "carpals": {"matrix": [[0.8206793069839478, -0.5313940644264221, -0.2100134789943695, -0.0005091428756713867], [0.005832447670400143, -0.3597392439842224, 0.9330345392227173, 0.565506637096405], [-0.5713590979576111, -0.7669470906257629, -0.29213106632232666, 2.401080369949341], [0.0, 0.0, 0.0, 1.0]]}, "metacarpals": {"matrix": [[0.3953016400337219, -0.5076097846031189, 0.7655512690544128, -0.5180836915969849], [-0.872268557548523, 0.05377307906746864, 0.4860614836215973, 0.21512280404567719], [-0.2878957986831665, -0.8599072098731995, -0.42151540517807007, 1.6540786027908325], [0.0, 0.0, 0.0, 1.0]]}, "finger5joint1": {"matrix": [[0.02865312434732914, -0.5646923780441284, 0.8248038291931152, -1.1920459270477295], [-0.6715020537376404, 0.6003525257110596, 0.43435195088386536, 0.19891273975372314], [-0.7404484152793884, -0.5663028359413147, -0.3619900643825531, 1.3872694969177246], [0.0, 0.0, 0.0, 1.0]]}, "finger5joint2": {"matrix": [[0.9018532633781433, -0.3552444279193878, -0.2458896040916443, -1.7885149717330933], [0.3793548345565796, 0.3787446618080139, 0.84418123960495, 0.8330484628677368], [-0.20676138997077942, -0.8546068668365479, 0.4763360619544983, 0.7890994548797607], [0.0, 0.0, 0.0, 1.0]]}, "finger5joint3": {"matrix": [[0.8769141435623169, -0.3492925763130188, -0.33017534017562866, -2.032686948776245], [0.3660023808479309, 0.03999771550297737, 0.9297537207603455, 1.0933729410171509], [-0.3115498721599579, -0.9361591935157776, 0.16291674971580505, 0.20169822871685028], [0.0, 0.0, 0.0, 1.0]]}, "Bone": {"matrix": [[0.4959924519062042, 0.17810288071632385, 0.8498650789260864, -1.3106036186218262], [-0.2287733405828476, -0.9173558950424194, 0.3257618248462677, 0.29907748103141785], [0.8376477360725403, -0.3560020923614502, -0.41425633430480957, 0.31152474880218506], [0.0, 0.0, 0.0, 1.0]]}, "finger1joint1": {"matrix": [[0.5925845503807068, -0.703814685344696, 0.39177587628364563, -1.1623886823654175], [-0.8019192218780518, -0.46960434317588806, 0.3693198263645172, -0.4643346965312958], [-0.07595328986644745, -0.533025860786438, -0.8426826596260071, 0.015264183282852173], [0.0, 0.0, 0.0, 1.0]]}, "finger1joint2": {"matrix": [[0.4591251313686371, -0.8756683468818665, 0.1496962159872055, -1.5601694583892822], [-0.8667304515838623, -0.4785022437572479, -0.14076155424118042, -0.7297449111938477], [0.19489018619060516, -0.06511913985013962, -0.9786607623100281, -0.28599047660827637], [0.0, 0.0, 0.0, 1.0]]}, "finger1joint3": {"matrix": [[0.5037398338317871, -0.7984567284584045, -0.3297165036201477, -1.9355541467666626], [-0.8583884239196777, -0.4197846055030823, -0.29487326741218567, -0.9348709583282471], [0.09703342616558075, 0.4315641224384308, -0.8968480825424194, -0.3139059841632843], [0.0, 0.0, 0.0, 1.0]]}, "Bone.001": {"matrix": [[0.6235353350639343, 0.26480063796043396, 0.7355841994285583, -1.3106034994125366], [-0.48551976680755615, -0.6062965393066406, 0.6298211812973022, 0.29907751083374023], [0.6127591133117676, -0.7498565912246704, -0.24948127567768097, 0.31152474880218506], [0.0, 0.0, 0.0, 1.0]]}, "finger2joint1": {"matrix": [[0.7238850593566895, -0.5223924517631531, 0.4506620764732361, -1.1427507400512695], [-0.6860048770904541, -0.6144921779632568, 0.38961049914360046, -0.08524394035339355], [0.07339858263731003, -0.5911897420883179, -0.8031854629516602, -0.1637970209121704], [0.0, 0.0, 0.0, 1.0]]}, "finger2joint2": {"matrix": [[0.6289210319519043, -0.6490846276283264, 0.4279571771621704, -1.5946979522705078], [-0.7718209028244019, -0.5874818563461304, 0.24322272837162018, -0.6168712973594666], [0.09354476630687714, -0.4832742214202881, -0.8704567551612854, -0.675264298915863], [0.0, 0.0, 0.0, 1.0]]}, "finger2joint3": {"matrix": [[0.5095503926277161, -0.8056572079658508, 0.30211684107780457, -1.8411011695861816], [-0.8527346253395081, -0.5197213888168335, 0.05227794870734215, -0.8398889899253845], [0.11489827930927277, -0.28426381945610046, -0.951836109161377, -0.8587230443954468], [0.0, 0.0, 0.0, 1.0]]}, "Bone.002": {"matrix": [[0.619914174079895, -0.1570608764886856, 0.7687901258468628, -1.3106034994125366], [-0.7806021571159363, -0.02381030283868313, 0.6245744824409485, 0.29907751083374023], [-0.07979125529527664, -0.9873016476631165, -0.13736233115196228, 0.31152474880218506], [0.0, 0.0, 0.0, 1.0]]}, "finger3joint1": {"matrix": [[0.6070452332496643, -0.05017032474279404, 0.7930819988250732, -1.3768062591552734], [-0.747645914554596, -0.3742635250091553, 0.5485913157463074, 0.2890412211418152], [0.2692984342575073, -0.9259641170501709, -0.2647044360637665, -0.10463279485702515], [0.0, 0.0, 0.0, 1.0]]}, "finger3joint2": {"matrix": [[0.560246467590332, -0.7760598063468933, 0.2895773947238922, -1.4208147525787354], [-0.8181310892105103, -0.5731152892112732, 0.046907246112823486, -0.039255887269973755], [0.12955817580223083, -0.263191819190979, -0.9560043811798096, -0.9168714284896851], [0.0, 0.0, 0.0, 1.0]]}, "finger3joint3": {"matrix": [[0.46436798572540283, -0.8749963045120239, -0.13690850138664246, -1.922987699508667], [-0.8417807221412659, -0.3880186676979065, -0.3752955496311188, -0.41010749340057373], [0.2752589285373688, 0.2895221412181854, -0.9167382717132568, -1.0871776342391968], [0.0, 0.0, 0.0, 1.0]]}, "Bone.003": {"matrix": [[0.7469026446342468, -0.14626745879650116, 0.6486464738845825, -1.3106034994125366], [-0.19715195894241333, 0.8829261660575867, 0.4261131286621094, 0.29907748103141785], [-0.635033369064331, -0.44614675641059875, 0.6306229829788208, 0.31152474880218506], [0.0, 0.0, 0.0, 1.0]]}, "finger4joint1": {"matrix": [[0.4100363254547119, -0.1335412561893463, 0.9022398591041565, -1.3732966184616089], [-0.881850004196167, 0.19448064267635345, 0.42955511808395386, 0.6775168180465698], [-0.2328316569328308, -0.9717732667922974, -0.03801918029785156, 0.12029755115509033], [0.0, 0.0, 0.0, 1.0]]}, "finger4joint2": {"matrix": [[0.4242132902145386, -0.8277876377105713, 0.36716556549072266, -1.5059510469436646], [-0.8687008619308472, -0.2574912905693054, 0.4231509268283844, 0.8707059025764465], [-0.2557372748851776, -0.4984632134437561, -0.828330934047699, -0.8450222015380859], [0.0, 0.0, 0.0, 1.0]]}, "finger4joint3": {"matrix": [[0.48613905906677246, -0.8418359160423279, -0.234480082988739, -1.8511905670166016], [-0.850386917591095, -0.5175211429595947, 0.09493965655565262, 0.7633157968521118], [-0.2012721300125122, 0.15324489772319794, -0.9674733877182007, -1.052912712097168], [0.0, 0.0, 0.0, 1.0]]}}