{"root": {"matrix": [[0.4317634701728821, -0.46787142753601074, 0.7711527943611145, 0.0], [0.34198224544525146, -0.7062035202980042, -0.6199392676353455, 0.0], [0.8346427083015442, 0.5313876271247864, -0.14490921795368195, 0.0], [0.0, 0.0, 0.0, 1.0]]}, "carpals": {"matrix": [[-0.7632514238357544, -0.5354139804840088, 0.3616335988044739, 0.43176376819610596], [-0.3805864155292511, -0.0797334685921669, -0.9213014841079712, 0.15183794498443604], [0.5221120715141296, -0.8408175110816956, -0.1429147869348526, 2.423945188522339], [0.0, 0.0, 0.0, 1.0]]}, "metacarpals": {"matrix": [[-0.010712988674640656, -0.4760357439517975, 0.8793604969978333, -0.08972620964050293], [-0.9980331063270569, -0.04922984912991524, -0.03880899399518967, 0.07417801767587662], [0.0617651604115963, -0.8780466914176941, -0.4745722711086273, 1.6049940586090088], [0.0, 0.0, 0.0, 1.0]]}, "finger5joint1": {"matrix": [[-0.17412158846855164, -0.6826098561286926, 0.7097359895706177, -0.7212457656860352], [-0.9355819821357727, 0.33952072262763977, 0.09701515734195709, 0.23716935515403748], [-0.3071936070919037, -0.6471236348152161, -0.6977555155754089, 1.2883057594299316], [0.0, 0.0, 0.0, 1.0]]}, "finger5joint2": {"matrix": [[0.7386521697044373, -0.6731770634651184, -0.03500014543533325, -1.442267656326294], [0.10453002899885178, 0.06309351325035095, 0.9925181865692139, 0.595795750617981], [-0.6659325361251831, -0.7367841601371765, 0.116971455514431, 0.6047669053077698], [0.0, 0.0, 0.0, 1.0]]}, "finger5joint3": {"matrix": [[0.673383355140686, -0.7151607871055603, -0.1873478889465332, -1.9049657583236694], [0.05516215041279793, -0.20410418510437012, 0.977393627166748, 0.6391620635986328], [-0.7372323870658875, -0.6684949994087219, -0.09799046069383621, 0.09834933280944824], [0.0, 0.0, 0.0, 1.0]]}, "Bone": {"matrix": [[0.39257240295410156, -0.22987757623195648, 0.8905295729637146, -0.8329501748085022], [-0.10241683572530746, -0.9731648564338684, -0.2060602605342865, -0.0026834607124328613], [0.9140006899833679, -0.01031172089278698, -0.40558120608329773, 0.2341194450855255], [0.0, 0.0, 0.0, 1.0]]}, "finger1joint1": {"matrix": [[0.19744564592838287, -0.7781011462211609, 0.5962998270988464, -1.0242514610290527], [-0.9450976848602295, -0.31266042590141296, -0.09504616260528564, -0.812539279460907], [0.26039475202560425, -0.544795036315918, -0.7971151471138, 0.22553816437721252], [0.0, 0.0, 0.0, 1.0]]}, "finger1joint2": {"matrix": [[0.022044941782951355, -0.9389813542366028, 0.34326058626174927, -1.464017391204834], [-0.8648408055305481, -0.19016091525554657, -0.46463876962661743, -0.9892480373382568], [0.5015618205070496, -0.28662264347076416, -0.8162615895271301, -0.08236819505691528], [0.0, 0.0, 0.0, 1.0]]}, "finger1joint3": {"matrix": [[0.0911281481385231, -0.9909931421279907, -0.09812264889478683, -1.866543173789978], [-0.8998880982398987, -0.03974791243672371, -0.4343057870864868, -1.0707669258117676], [0.4264938235282898, 0.1278771013021469, -0.8954050540924072, -0.20523859560489655], [0.0, 0.0, 0.0, 1.0]]}, "Bone.001": {"matrix": [[0.3937538266181946, -0.039482247084379196, 0.9183674454689026, -0.8329501748085022], [-0.4491424858570099, -0.8799579739570618, 0.15474073588848114, -0.002683401107788086], [0.8020151853561401, -0.4734077751636505, -0.36422017216682434, 0.2341194748878479], [0.0, 0.0, 0.0, 1.0]]}, "finger2joint1": {"matrix": [[0.08626587688922882, -0.8066484332084656, 0.5847017765045166, -0.8579773306846619], [-0.9724473357200623, -0.19575674831867218, -0.1265907883644104, -0.5604743957519531], [0.21657346189022064, -0.5576711893081665, -0.8013104796409607, -0.06596595048904419], [0.0, 0.0, 0.0, 1.0]]}, "finger2joint2": {"matrix": [[-0.041438620537519455, -0.99049311876297, -0.13117097318172455, -1.5558483600616455], [-0.9702884554862976, 0.07121547311544418, -0.2312326431274414, -0.72983318567276], [0.2383756786584854, 0.11769195646047592, -0.9640151858329773, -0.5484346151351929], [0.0, 0.0, 0.0, 1.0]]}, "finger2joint3": {"matrix": [[-0.1428847461938858, -0.5851326584815979, -0.798250138759613, -1.9318557977676392], [-0.9311484098434448, 0.35285037755966187, -0.09197288006544113, -0.70279860496521], [0.33547917008399963, 0.7301480770111084, -0.5952622294425964, -0.5037568211555481], [0.0, 0.0, 0.0, 1.0]]}, "Bone.002": {"matrix": [[0.24020178616046906, -0.194046288728714, 0.9511303305625916, -0.8329501748085022], [-0.9378712773323059, -0.2991374731063843, 0.17582426965236664, -0.0026834458112716675], [0.250400573015213, -0.9342710971832275, -0.2538439929485321, 0.2341194450855255], [0.0, 0.0, 0.0, 1.0]]}, "finger3joint1": {"matrix": [[0.16893649101257324, -0.40096259117126465, 0.9003828167915344, -0.9147427082061768], [-0.9156252145767212, -0.40196844935417175, -0.00721012381836772, -0.12877291440963745], [0.36481642723083496, -0.8231949806213379, -0.4350387454032898, -0.1596851944923401], [0.0, 0.0, 0.0, 1.0]]}, "finger3joint2": {"matrix": [[0.06835274398326874, -0.9596993327140808, 0.27258914709091187, -1.2664597034454346], [-0.9666886329650879, -0.1312628835439682, -0.21973420679569244, -0.48137223720550537], [0.2466595470905304, -0.2484891712665558, -0.9367027282714844, -0.8817765712738037], [0.0, 0.0, 0.0, 1.0]]}, "finger3joint3": {"matrix": [[-0.026160437613725662, -0.9840289950370789, -0.17607508599758148, -1.8874621391296387], [-0.9212753772735596, 0.0921015813946724, -0.377847820520401, -0.5663098096847534], [0.38802996277809143, 0.1523292064666748, -0.9089710116386414, -1.0425690412521362], [0.0, 0.0, 0.0, 1.0]]}, "Bone.003": {"matrix": [[0.5725442171096802, 0.2112073302268982, 0.7922022938728333, -0.832950234413147], [-0.6853224635124207, 0.6536619663238525, 0.3210281431674957, -0.0026834607124328613], [-0.4500291645526886, -0.7267168164253235, 0.5189954042434692, 0.2341194450855255], [0.0, 0.0, 0.0, 1.0]]}, "finger4joint1": {"matrix": [[-0.14147411286830902, -0.677382230758667, 0.7218989729881287, -0.7424226999282837], [-0.9842692613601685, 0.1742062121629715, -0.029428603127598763, 0.2774887681007385], [-0.10582485795021057, -0.7147061824798584, -0.691372275352478, -0.0773654580116272], [0.0, 0.0, 0.0, 1.0]]}, "finger4joint2": {"matrix": [[-0.14299829304218292, -0.9059832096099854, 0.3984287977218628, -1.4153063297271729], [-0.980401873588562, 0.18478529155254364, 0.06830961257219315, 0.45053809881210327], [-0.1355111300945282, -0.38085201382637024, -0.9146518707275391, -0.7873253226280212], [0.0, 0.0, 0.0, 1.0]]}, "finger4joint3": {"matrix": [[-0.07300576567649841, -0.9893688559532166, 0.12577387690544128, -1.7931582927703857], [-0.9932631850242615, 0.08350643515586853, 0.0803399533033371, 0.5276052355766296], [-0.08998876810073853, -0.11906105279922485, -0.9888002872467041, -0.946164608001709], [0.0, 0.0, 0.0, 1.0]]}}