{"root": {"matrix": [[0.4275478720664978, -0.3953191041946411, 0.8129733204841614, 0.0], [0.6221946477890015, -0.5237228274345398, -0.5818833112716675, 0.0], [0.655802309513092, 0.7546105980873108, 0.0220488291233778, 0.0], [0.0, 0.0, 0.0, 1.0]]}, "carpals": {"matrix": [[-0.829006552696228, -0.4446302652359009, 0.33919283747673035, 0.4885439872741699], [-0.20589563250541687, -0.3212558627128601, -0.9243384003639221, 0.9598675966262817], [0.519956648349762, -0.8361209630966187, 0.17477568984031677, 2.219226121902466], [0.0, 0.0, 0.0, 1.0]]}, "metacarpals": {"matrix": [[-0.17760150134563446, -0.5079839825630188, 0.842858076095581, 0.05547678470611572], [-0.9204390048980713, -0.2173042744398117, -0.3249165415763855, 0.6469663381576538], [0.34820905327796936, -0.8335050940513611, -0.4289748966693878, 1.4048492908477783], [0.0, 0.0, 0.0, 1.0]]}, "finger5joint1": {"matrix": [[-0.4111049771308899, -0.6963912844657898, 0.5882444381713867, -0.5499756336212158], [-0.9029172658920288, 0.3998594582080841, -0.15764740109443665, 0.8181229829788208], [-0.12543077766895294, -0.5959455966949463, -0.7931681275367737, 1.0445610284805298], [0.0, 0.0, 0.0, 1.0]]}, "finger5joint2": {"matrix": [[0.5871707201004028, -0.8059543967247009, 0.0752812996506691, -1.2855544090270996], [-0.16113364696502686, -0.025236671790480614, 0.986609697341919, 1.2404834032058716], [-0.7932629585266113, -0.5914385914802551, -0.14468465745449066, 0.4150802791118622], [0.0, 0.0, 0.0, 1.0]]}, "finger5joint3": {"matrix": [[0.5043272972106934, -0.8498370051383972, -0.15306973457336426, -1.839515209197998], [-0.216857448220253, -0.29623115062713623, 0.9301717877388, 1.223137378692627], [-0.8358387351036072, -0.43591660261154175, -0.33369097113609314, 0.008563786745071411], [0.0, 0.0, 0.0, 1.0]]}, "Bone": {"matrix": [[0.40133029222488403, -0.391767293214798, 0.8279203176498413, -0.7376272678375244], [0.09921306371688843, -0.8799965977668762, -0.46450260281562805, 0.3076940178871155], [0.9105439782142639, 0.2685595154762268, -0.3143010139465332, 0.10351648926734924], [0.0, 0.0, 0.0, 1.0]]}, "finger1joint1": {"matrix": [[-0.03169068321585655, -0.7179238200187683, 0.6953997611999512, -1.0636513233184814], [-0.875661313533783, -0.3154967427253723, -0.3656213581562042, -0.42462819814682007], [0.481884628534317, -0.6205213069915771, -0.6186599135398865, 0.32700836658477783], [0.0, 0.0, 0.0, 1.0]]}, "finger1joint2": {"matrix": [[-0.227540522813797, -0.9201140403747559, 0.31877148151397705, -1.4694061279296875], [-0.7162801027297974, -0.06361574679613113, -0.6949070692062378, -0.6029401421546936], [0.6596726775169373, -0.3864489793777466, -0.6445842981338501, -0.02369682490825653], [0.0, 0.0, 0.0, 1.0]]}, "finger1joint3": {"matrix": [[-0.16017751395702362, -0.9614612460136414, -0.22346191108226776, -1.8638439178466797], [-0.7801542282104492, 0.26200440526008606, -0.5680783987045288, -0.6302111744880676], [0.604733407497406, 0.083341583609581, -0.7920551896095276, -0.18936115503311157], [0.0, 0.0, 0.0, 1.0]]}, "Bone.001": {"matrix": [[0.3397796154022217, -0.20468367636203766, 0.9179618954658508, -0.7376272678375244], [-0.2598525583744049, -0.9584688544273376, -0.11753254383802414, 0.30769404768943787], [0.9038949012756348, -0.1985996514558792, -0.37885594367980957, 0.10351650416851044], [0.0, 0.0, 0.0, 1.0]]}, "finger2joint1": {"matrix": [[-0.13143669068813324, -0.8485581278800964, 0.5125164985656738, -0.8673728704452515], [-0.8787892460823059, -0.13951537013053894, -0.45636022090911865, -0.29986366629600525], [0.4587520956993103, -0.5103763937950134, -0.7273665070533752, -0.022372573614120483], [0.0, 0.0, 0.0, 1.0]]}, "finger2joint2": {"matrix": [[-0.25443288683891296, -0.9379780888557434, -0.23550069332122803, -1.6015021800994873], [-0.8418557047843933, 0.3346661925315857, -0.42341163754463196, -0.42056524753570557], [0.4759650230407715, 0.0905279740691185, -0.8747923374176025, -0.4639241695404053], [0.0, 0.0, 0.0, 1.0]]}, "finger2joint3": {"matrix": [[-0.3382701873779297, -0.5021060109138489, -0.7959035634994507, -1.9575741291046143], [-0.7566915154457092, 0.6479365825653076, -0.08715449273586273, -0.2935204803943634], [0.5594558715820312, 0.5727719068527222, -0.5991169214248657, -0.42955827713012695], [0.0, 0.0, 0.0, 1.0]]}, "Bone.002": {"matrix": [[0.08633918315172195, -0.2745966613292694, 0.9576753377914429, -0.7376272678375244], [-0.8526764512062073, -0.5175211429595947, -0.07151724398136139, 0.30769407749176025], [0.5152555704116821, -0.8104124069213867, -0.2788246273994446, 0.10351650416851044], [0.0, 0.0, 0.0, 1.0]]}, "finger3joint1": {"matrix": [[0.0795411542057991, -0.4828510284423828, 0.8720824718475342, -0.8533725738525391], [-0.7299135327339172, -0.6240347623825073, -0.2789389491081238, 0.08955374360084534], [0.6788957715034485, -0.6143575310707092, -0.4020760953426361, -0.23808050155639648], [0.0, 0.0, 0.0, 1.0]]}, "finger3joint2": {"matrix": [[-0.03170035406947136, -0.9399358034133911, 0.3398756980895996, -1.2769205570220947], [-0.808027446269989, -0.17604653537273407, -0.5622271299362183, -0.4578380286693573], [0.588291347026825, -0.29245150089263916, -0.7539132833480835, -0.7769834995269775], [0.0, 0.0, 0.0, 1.0]]}, "finger3joint3": {"matrix": [[-0.13499832153320312, -0.990700364112854, -0.016971442848443985, -1.8851344585418701], [-0.7096987366676331, 0.10863197594881058, -0.6960795521736145, -0.5717543363571167], [0.6914499998092651, -0.08192477375268936, -0.7177639007568359, -0.9662231206893921], [0.0, 0.0, 0.0, 1.0]]}, "Bone.003": {"matrix": [[0.4319199025630951, 0.2933619022369385, 0.8528680205345154, -0.7376272678375244], [-0.873919665813446, 0.3698905110359192, 0.3153494596481323, 0.3076940178871155], [-0.22295637428760529, -0.8815439343452454, 0.4161376655101776, 0.10351648926734924], [0.0, 0.0, 0.0, 1.0]]}, "finger4joint1": {"matrix": [[-0.21344920992851257, -0.7908845543861389, 0.5735334753990173, -0.6118865609169006], [-0.9250234365463257, -0.025242391973733902, -0.3790701925754547, 0.46623629331588745], [0.3142782747745514, -0.6114440560340881, -0.7261989116668701, -0.27433037757873535], [0.0, 0.0, 0.0, 1.0]]}, "finger4joint2": {"matrix": [[-0.22040784358978271, -0.950447678565979, 0.21924681961536407, -1.3975188732147217], [-0.932506263256073, 0.13939297199249268, -0.3331684470176697, 0.44116154313087463], [0.28609779477119446, -0.2778818607330322, -0.9170219898223877, -0.8817138671875], [0.0, 0.0, 0.0, 1.0]]}, "finger4joint3": {"matrix": [[-0.14382174611091614, -0.9876928329467773, -0.06146339327096939, -1.7939155101776123], [-0.9358921647071838, 0.15593686699867249, -0.31589415669441223, 0.49929720163345337], [0.3215909004211426, 0.012090865522623062, -0.9468013048171997, -0.9976080656051636], [0.0, 0.0, 0.0, 1.0]]}}