{"root": {"matrix": [[0.37374430894851685, -0.7320781946182251, 0.569540798664093, 0.0], [0.7647342085838318, -0.1042645275592804, -0.6358541250228882, 0.0], [0.5248779058456421, 0.673194169998169, 0.520876944065094, 5.960464477539063e-08], [0.0, 0.0, 0.0, 1.0]]}, "carpals": {"matrix": [[-0.9496588110923767, -0.2927113175392151, -0.11165975779294968, 0.06461158394813538], [0.2357199639081955, -0.43284177780151367, -0.8701057434082031, 1.6988575458526611], [0.2063588947057724, -0.8526240587234497, 0.4800499379634857, 1.7873708009719849], [0.0, 0.0, 0.0, 1.0]]}, "metacarpals": {"matrix": [[-0.4751380681991577, -0.4253159761428833, 0.7702921032905579, -0.22048747539520264], [-0.4121001362800598, -0.6659132242202759, -0.6218785047531128, 1.2772722244262695], [0.7774426341056824, -0.612915575504303, 0.14112786948680878, 0.9569200873374939], [0.0, 0.0, 0.0, 1.0]]}, "finger5joint1": {"matrix": [[-0.3623141944408417, -0.6501347422599792, 0.6678719520568848, -0.6967051029205322], [-0.449781596660614, -0.5056456327438354, -0.7362192273139954, 1.2253859043121338], [0.8163483738899231, -0.5671391487121582, -0.10921615362167358, 0.4126780927181244], [0.0, 0.0, 0.0, 1.0]]}, "finger5joint2": {"matrix": [[0.6661893725395203, -0.7457694411277771, 0.004361170809715986, -1.3834244012832642], [-0.73879075050354, -0.6591335535049438, 0.14046576619148254, 0.6912864446640015], [-0.10188058018684387, -0.09679865092039108, -0.9900757074356079, -0.18637529015541077], [0.0, 0.0, 0.0, 1.0]]}, "finger5joint3": {"matrix": [[0.5924034714698792, -0.7729374766349792, -0.22721172869205475, -1.8960176706314087], [-0.8037058115005493, -0.5865272879600525, -0.10021069645881653, 0.23824088275432587], [-0.05580933764576912, 0.2419768124818802, -0.9686753749847412, -0.2529084086418152], [0.0, 0.0, 0.0, 1.0]]}, "Bone": {"matrix": [[0.2801327705383301, -0.655964732170105, 0.700882077217102, -0.8845238089561462], [0.644445538520813, -0.41262850165367126, -0.6437603831291199, 0.2375967800617218], [0.7114879488945007, 0.6320188641548157, 0.3071427345275879, -1.1265277862548828e-05], [0.0, 0.0, 0.0, 1.0]]}, "finger1joint1": {"matrix": [[-0.3790733516216278, -0.3409988284111023, 0.8602458834648132, -1.430409550666809], [-0.34640583395957947, -0.8097417950630188, -0.47362539172172546, -0.10578757524490356], [0.8580828309059143, -0.47753286361694336, 0.18882745504379272, 0.5259469747543335], [0.0, 0.0, 0.0, 1.0]]}, "finger1joint2": {"matrix": [[-0.6160858273506165, -0.7032740712165833, 0.3547446131706238, -1.6231346130371094], [-0.16949394345283508, -0.3214520514011383, -0.9316331148147583, -0.5634360313415527], [0.7692269086837769, -0.6340928673744202, 0.07884135842323303, 0.2560558021068573], [0.0, 0.0, 0.0, 1.0]]}, "finger1joint3": {"matrix": [[-0.5507743954658508, -0.7912243008613586, -0.26572853326797485, -1.9246166944503784], [-0.2510640025138855, 0.4606775641441345, -0.8513182997703552, -0.7012373208999634], [0.7959990501403809, -0.4021693170070648, -0.45237720012664795, -0.015769407153129578], [0.0, 0.0, 0.0, 1.0]]}, "Bone.001": {"matrix": [[0.12226803600788116, -0.4341782331466675, 0.8924906253814697, -0.884523868560791], [0.3861622214317322, -0.8075696229934692, -0.4457688629627228, 0.2375968098640442], [0.9142914414405823, 0.39914950728416443, 0.06892319768667221, -1.1295080184936523e-05], [0.0, 0.0, 0.0, 1.0]]}, "finger2joint1": {"matrix": [[-0.43528440594673157, -0.8972498178482056, 0.07395920902490616, -1.1597422361373901], [-0.3120785653591156, 0.07332095503807068, -0.9472226500511169, -0.2743084132671356], [0.8444726467132568, -0.43539226055145264, -0.3119279146194458, 0.2530030608177185], [0.0, 0.0, 0.0, 1.0]]}, "finger2joint2": {"matrix": [[-0.5196051001548767, -0.5871564745903015, -0.620691180229187, -1.9359970092773438], [-0.2152930200099945, 0.7929942607879639, -0.569920003414154, -0.21087485551834106], [0.8268369436264038, -0.16250276565551758, -0.5384544134140015, -0.1236761063337326], [0.0, 0.0, 0.0, 1.0]]}, "finger2joint3": {"matrix": [[-0.5259683728218079, -0.046653907746076584, -0.8492233753204346, -2.158891439437866], [-0.07112687826156616, 0.9974092841148376, -0.010742126032710075, 0.09015882015228271], [0.8475245833396912, 0.05475257337093353, -0.5279240012168884, -0.18536482751369476], [0.0, 0.0, 0.0, 1.0]]}, "Bone.002": {"matrix": [[-0.22915619611740112, -0.29084014892578125, 0.9289237260818481, -0.8845238089561462], [-0.27933311462402344, -0.8945307731628418, -0.3489808142185211, 0.2375967800617218], [0.9324485659599304, -0.3394501805305481, 0.1237458810210228, -1.1280179023742676e-05], [0.0, 0.0, 0.0, 1.0]]}, "finger3joint1": {"matrix": [[-0.39915961027145386, -0.4552839398384094, 0.795856773853302, -1.0071158409118652], [-0.3061502277851105, -0.7520050406455994, -0.5837467312812805, -0.13945692777633667], [0.8642590641975403, -0.47665974497795105, 0.16078467667102814, -0.14309296011924744], [0.0, 0.0, 0.0, 1.0]]}, "finger3joint2": {"matrix": [[-0.49669787287712097, -0.8618571758270264, 0.1024366170167923, -1.406482458114624], [-0.398328959941864, 0.12150286138057709, -0.9091595411300659, -0.7991018891334534], [0.7711194157600403, -0.4923809766769409, -0.4036528766155243, -0.561210036277771], [0.0, 0.0, 0.0, 1.0]]}, "finger3joint3": {"matrix": [[-0.5489903092384338, -0.7481335401535034, -0.372700572013855, -1.9641733169555664], [-0.23324239253997803, 0.5653171539306641, -0.7912107110023499, -0.7204798460006714], [0.8026254177093506, -0.34743741154670715, -0.4848500192165375, -0.8798201084136963], [0.0, 0.0, 0.0, 1.0]]}, "Bone.003": {"matrix": [[0.19746854901313782, 0.5066108703613281, 0.8392565846443176, -0.8845237493515015], [-0.8344422578811646, -0.3624553382396698, 0.41512906551361084, 0.2375967651605606], [0.5145018696784973, -0.7822861075401306, 0.3511638939380646, -1.1295080184936523e-05], [0.0, 0.0, 0.0, 1.0]]}, "finger4joint1": {"matrix": [[-0.48138296604156494, -0.8601779937744141, 0.1684160679578781, -0.6673805713653564], [-0.41306057572364807, 0.053157493472099304, -0.9091506004333496, 0.08224134892225266], [0.773078978061676, -0.507215678691864, -0.3808947801589966, -0.3353142738342285], [0.0, 0.0, 0.0, 1.0]]}, "finger4joint2": {"matrix": [[-0.4976325035095215, -0.8439840078353882, -0.20013107359409332, -1.5218461751937866], [-0.4292122721672058, 0.44010135531425476, -0.7887250781059265, 0.1350458562374115], [0.7537494897842407, -0.3065964877605438, -0.581257164478302, -0.8391615152359009], [0.0, 0.0, 0.0, 1.0]]}, "finger4joint3": {"matrix": [[-0.4227721393108368, -0.7836297154426575, -0.45517879724502563, -1.873840570449829], [-0.4527265727519989, 0.61773681640625, -0.6429926156997681, 0.318595826625824], [0.7850489616394043, -0.06576775014400482, -0.615932047367096, -0.9670315980911255], [0.0, 0.0, 0.0, 1.0]]}}