{"root": {"matrix": [[0.46216660737991333, -0.5880611538887024, 0.663766622543335, 0.0], [0.7981204390525818, -0.05042080208659172, -0.6003844738006592, -3.725290298461914e-09], [0.38653048872947693, 0.8072433471679688, 0.4460407793521881, 0.0], [0.0, 0.0, 0.0, 1.0]]}, "carpals": {"matrix": [[-0.8537800312042236, -0.5193790197372437, -0.03612242639064789, 0.3949490785598755], [0.2817747890949249, -0.4026229977607727, -0.8709176182746887, 1.8230748176574707], [0.43779274821281433, -0.7537505030632019, 0.4900994300842285, 1.6141247749328613], [0.0, 0.0, 0.0, 1.0]]}, "metacarpals": {"matrix": [[-0.35698604583740234, -0.416826069355011, 0.8359525799751282, -0.1109229326248169], [-0.5064213275909424, -0.6656259894371033, -0.5481599569320679, 1.430922508239746], [0.7849192023277283, -0.6190296411514282, 0.026529474183917046, 0.8799763321876526], [0.0, 0.0, 0.0, 1.0]]}, "finger5joint1": {"matrix": [[-0.49356621503829956, -0.6266232132911682, 0.6031047701835632, -0.6300378441810608], [-0.7666028141975403, -0.014050517231225967, -0.6419676542282104, 1.3654248714447021], [0.41074591875076294, -0.7791954278945923, -0.4734364151954651, 0.37807533144950867], [0.0, 0.0, 0.0, 1.0]]}, "finger5joint2": {"matrix": [[0.5508516430854797, -0.7766395211219788, 0.30560246109962463, -1.2919224500656128], [-0.6556477546691895, -0.1761161834001541, 0.7342402338981628, 1.3505836725234985], [-0.5164186954498291, -0.604824960231781, -0.6062161326408386, -0.4449671506881714], [0.0, 0.0, 0.0, 1.0]]}, "finger5joint3": {"matrix": [[0.45827868580818176, -0.8856378197669983, 0.0750039666891098, -1.8257341384887695], [-0.7086499929428101, -0.31314951181411743, 0.6322594881057739, 1.2295329570770264], [-0.5364656448364258, -0.3429025113582611, -0.7711173295974731, -0.8606845140457153], [0.0, 0.0, 0.0, 1.0]]}, "Bone": {"matrix": [[0.28447264432907104, -0.5500528812408447, 0.7851858735084534, -0.7617040872573853], [0.6233591437339783, -0.5161193609237671, -0.5874044299125671, 0.3916955292224884], [0.7283531427383423, 0.6565534472465515, 0.19605855643749237, -0.08650082349777222], [0.0, 0.0, 0.0, 1.0]]}, "finger1joint1": {"matrix": [[-0.25384342670440674, -0.5860220789909363, 0.7695072293281555, -1.2194514274597168], [-0.41835683584213257, -0.6507796049118042, -0.633611261844635, -0.037812650203704834], [0.8720899224281311, -0.4827665686607361, -0.07997027039527893, 0.45987480878829956], [0.0, 0.0, 0.0, 1.0]]}, "finger1joint2": {"matrix": [[-0.4643007814884186, -0.7638497352600098, 0.4482836425304413, -1.5506583452224731], [-0.19248442351818085, -0.407023161649704, -0.8929063677787781, -0.40561914443969727], [0.8645082116127014, -0.5008646249771118, 0.0419519767165184, 0.18702563643455505], [0.0, 0.0, 0.0, 1.0]]}, "finger1joint3": {"matrix": [[-0.3881770968437195, -0.9215397238731384, -0.009109470061957836, -1.878108263015747], [-0.26685938239097595, 0.12185855209827423, -0.9560002088546753, -0.5801032781600952], [0.882102370262146, -0.36866629123687744, -0.29322415590286255, -0.027686774730682373], [0.0, 0.0, 0.0, 1.0]]}, "Bone.001": {"matrix": [[0.17209118604660034, -0.315047949552536, 0.9333429336547852, -0.7617040872573853], [0.33810943365097046, -0.8710296154022217, -0.3563554584980011, 0.3916955590248108], [0.9252384305000305, 0.37689775228500366, -0.043375931680202484, -0.08650079369544983], [0.0, 0.0, 0.0, 1.0]]}, "finger2joint1": {"matrix": [[-0.3205881714820862, -0.9394210577011108, 0.12128880620002747, -0.9614078998565674], [-0.4073018729686737, 0.021112611517310143, -0.9130493998527527, -0.16043587028980255], [0.8551772236824036, -0.3421139121055603, -0.38939645886421204, 0.15240852534770966], [0.0, 0.0, 0.0, 1.0]]}, "finger2joint2": {"matrix": [[-0.4140590727329254, -0.7466276288032532, -0.5206745266914368, -1.7741469144821167], [-0.31759634613990784, 0.654565691947937, -0.6860584020614624, -0.14217031002044678], [0.8530460000038147, -0.11870427429676056, -0.5081549882888794, -0.14357097446918488], [0.0, 0.0, 0.0, 1.0]]}, "finger2joint3": {"matrix": [[-0.4487716257572174, -0.26145631074905396, -0.8545432686805725, -2.0575790405273438], [-0.17784318327903748, 0.9632457494735718, -0.20131874084472656, 0.10631352663040161], [0.8757714033126831, 0.06162859871983528, -0.4787755012512207, -0.18863306939601898], [0.0, 0.0, 0.0, 1.0]]}, "Bone.002": {"matrix": [[-0.1110285073518753, -0.23559387028217316, 0.9654884934425354, -0.7617042064666748], [-0.3594249486923218, -0.8962150812149048, -0.26002317667007446, 0.3916955590248108], [0.9265453219413757, -0.3758905827999115, 0.014826992526650429, -0.08650082349777222], [0.0, 0.0, 0.0, 1.0]]}, "finger3joint1": {"matrix": [[-0.24201957881450653, -0.5387823581695557, 0.8069323897361755, -0.8610092997550964], [-0.35138511657714844, -0.7265329360961914, -0.5904898643493652, 0.013931870460510254], [0.9044086933135986, -0.4264540374279022, -0.013484988361597061, -0.24494248628616333], [0.0, 0.0, 0.0, 1.0]]}, "finger3joint2": {"matrix": [[-0.35528719425201416, -0.9092956781387329, 0.21668440103530884, -1.3336193561553955], [-0.43867096304893494, -0.04250611737370491, -0.8976418972015381, -0.6233693361282349], [0.8254324793815613, -0.41397371888160706, -0.3837797939777374, -0.6190200448036194], [0.0, 0.0, 0.0, 1.0]]}, "finger3joint3": {"matrix": [[-0.4313361346721649, -0.8776810765266418, -0.20886574685573578, -1.922006607055664], [-0.28303349018096924, 0.35146376490592957, -0.8923929333686829, -0.6508742570877075], [0.8566452860832214, -0.3258052468299866, -0.40001213550567627, -0.8868942856788635], [0.0, 0.0, 0.0, 1.0]]}, "Bone.003": {"matrix": [[0.3244277536869049, 0.4614253640174866, 0.8257319331169128, -0.76170414686203], [-0.8408902287483215, -0.25908464193344116, 0.47516176104545593, 0.3916955590248108], [0.4331860840320587, -0.8485056161880493, 0.30395373702049255, -0.08650082349777222], [0.0, 0.0, 0.0, 1.0]]}, "finger4joint1": {"matrix": [[-0.36354783177375793, -0.8960059881210327, 0.25496265292167664, -0.5639282464981079], [-0.5077571868896484, -0.038875166326761246, -0.8606224060058594, 0.28064683079719543], [0.7810347676277161, -0.4423365294933319, -0.440820574760437, -0.4501868188381195], [0.0, 0.0, 0.0, 1.0]]}, "finger4joint2": {"matrix": [[-0.37900036573410034, -0.918742835521698, -0.11076939851045609, -1.4539837837219238], [-0.5250388979911804, 0.3120545744895935, -0.7918053269386292, 0.2420298457145691], [0.7620317339897156, -0.24193623661994934, -0.6006447076797485, -0.8895857334136963], [0.0, 0.0, 0.0, 1.0]]}, "finger4joint3": {"matrix": [[-0.2996561825275421, -0.8770904541015625, -0.37539052963256836, -1.8371573686599731], [-0.5375221967697144, 0.4802885353565216, -0.6931034326553345, 0.3721761703491211], [0.7882103323936462, -0.005911887623369694, -0.6153771877288818, -0.9904884099960327], [0.0, 0.0, 0.0, 1.0]]}}