{"root": {"matrix": [[0.1824224442243576, -0.7608786225318909, 0.6227244734764099, 0.0], [0.8921838998794556, -0.13806472718715668, -0.43005356192588806, -1.4901161193847656e-08], [0.4131949245929718, 0.634036123752594, 0.6536574959754944, 5.960464477539063e-08], [0.0, 0.0, 0.0, 1.0]]}, "carpals": {"matrix": [[-0.9684455990791321, -0.24404072761535645, 0.050566449761390686, -0.40222740173339844], [0.10147188603878021, -0.571418046951294, -0.8143615126609802, 1.9308600425720215], [0.22763203084468842, -0.7835337519645691, 0.5781506299972534, 1.4815460443496704], [0.0, 0.0, 0.0, 1.0]]}, "metacarpals": {"matrix": [[-0.3621530532836914, -0.2175072431564331, 0.9063860177993774, -0.6399216055870056], [-0.5521491765975952, -0.7333730459213257, -0.3966042995452881, 1.3743021488189697], [0.750983476638794, -0.6440917253494263, 0.14549680054187775, 0.7183889746665955], [0.0, 0.0, 0.0, 1.0]]}, "finger5joint1": {"matrix": [[-0.09017340838909149, -0.5160309076309204, 0.8518102169036865, -1.0733585357666016], [-0.2445651888847351, -0.8176319003105164, -0.521215558052063, 1.2158219814300537], [0.9654306769371033, -0.25532281398773193, -0.05247458443045616, 0.1592010259628296], [0.0, 0.0, 0.0, 1.0]]}, "finger5joint2": {"matrix": [[0.8530183434486389, -0.5218730568885803, 0.002777589950710535, -1.6184277534484863], [-0.5174358487129211, -0.8450479507446289, 0.13473448157310486, 0.3521800637245178], [-0.06796715408563614, -0.11636819690465927, -0.990877628326416, -0.1104893758893013], [0.0, 0.0, 0.0, 1.0]]}, "finger5joint3": {"matrix": [[0.799121081829071, -0.5974012017250061, -0.06720718741416931, -1.977129578590393], [-0.6006953716278076, -0.7979252934455872, -0.04979550838470459, -0.2286510467529297], [-0.02387845143675804, 0.08016377687454224, -0.9964953660964966, -0.19047331809997559], [0.0, 0.0, 0.0, 1.0]]}, "Bone": {"matrix": [[0.08151394873857498, -0.5331485271453857, 0.8420854806900024, -0.9795107245445251], [0.6701668500900269, -0.5960595011711121, -0.4422547221183777, 0.22930321097373962], [0.7377204298973083, 0.6003878116607666, 0.30871132016181946, -0.28721708059310913], [0.0, 0.0, 0.0, 1.0]]}, "finger1joint1": {"matrix": [[-0.30972862243652344, -0.5965472459793091, 0.7404049038887024, -1.4231904745101929], [-0.46264904737472534, -0.5857461094856262, -0.665475070476532, -0.2667301595211029], [0.8306767344474792, -0.5486642122268677, -0.09456966817378998, 0.21241822838783264], [0.0, 0.0, 0.0, 1.0]]}, "finger1joint2": {"matrix": [[-0.5084502100944519, -0.7128036618232727, -0.48310378193855286, -1.7603459358215332], [-0.2262641340494156, 0.6519168615341187, -0.7237462997436523, -0.5977811813354492], [0.8308326005935669, -0.25867989659309387, -0.49274903535842896, -0.0976748913526535], [0.0, 0.0, 0.0, 1.0]]}, "finger1joint3": {"matrix": [[-0.5282667875289917, -0.35889536142349243, -0.7694987058639526, -2.065913200378418], [-0.32216060161590576, 0.923228919506073, -0.209429532289505, -0.31831514835357666], [0.7855868935585022, 0.13726744055747986, -0.6033329963684082, -0.20856669545173645], [0.0, 0.0, 0.0, 1.0]]}, "Bone.001": {"matrix": [[-0.00496676005423069, -0.20842048525810242, 0.9780265688896179, -0.9795107245445251], [0.3718816637992859, -0.9082769751548767, -0.19166819751262665, 0.229303240776062], [0.9282665848731995, 0.3627582788467407, 0.08201891928911209, -0.2872171103954315], [0.0, 0.0, 0.0, 1.0]]}, "finger2joint1": {"matrix": [[0.03143337368965149, -0.41187652945518494, 0.9106972217559814, -1.111625075340271], [0.02656272053718567, -0.910481333732605, -0.41269585490226746, -0.34643876552581787], [0.9991526007652283, 0.03716307878494263, -0.017678961157798767, -0.05727056413888931], [0.0, 0.0, 0.0, 1.0]]}, "finger2joint2": {"matrix": [[-0.09023711085319519, -0.902677595615387, 0.42074960470199585, -1.4679596424102783], [-0.017858192324638367, -0.42093849182128906, -0.9069132208824158, -1.1341407299041748], [0.9957600831985474, -0.08935099840164185, 0.021864112466573715, -0.02511896938085556], [0.0, 0.0, 0.0, 1.0]]}, "finger2joint3": {"matrix": [[-0.2304081916809082, -0.8706629276275635, -0.4345778524875641, -1.8106307983398438], [0.015086358413100243, 0.44334420561790466, -0.8962242603302002, -1.2939358949661255], [0.9729769229888916, -0.2130536288022995, -0.0890149399638176, -0.05903807282447815], [0.0, 0.0, 0.0, 1.0]]}, "Bone.002": {"matrix": [[-0.164271742105484, -0.03196624666452408, 0.9858970046043396, -0.9795107841491699], [-0.36378470063209534, -0.9270592331886292, -0.090673066675663, 0.22930319607257843], [0.9168834686279297, -0.3735491931438446, 0.14066074788570404, -0.2872171103954315], [0.0, 0.0, 0.0, 1.0]]}, "finger3joint1": {"matrix": [[-0.23850344121456146, -0.4447471797466278, 0.8633168339729309, -0.9929848313331604], [-0.28794151544570923, -0.8166117668151855, -0.5002346038818359, -0.16146159172058105], [0.9274728298187256, -0.3678922653198242, 0.06670352816581726, -0.4446718692779541], [0.0, 0.0, 0.0, 1.0]]}, "finger3joint2": {"matrix": [[-0.3391362130641937, -0.9406566023826599, -0.012315171770751476, -1.3831089735031128], [-0.39381861686706543, 0.15384849905967712, -0.9062215089797974, -0.8777783513069153], [0.8543380498886108, -0.3024824857711792, -0.4226236343383789, -0.7673801183700562], [0.0, 0.0, 0.0, 1.0]]}, "finger3joint3": {"matrix": [[-0.37848174571990967, -0.6633604168891907, -0.6455265283584595, -1.9917892217636108], [-0.22769120335578918, 0.7427024245262146, -0.6297218799591064, -0.7782260775566101], [0.8971667885780334, -0.09135756641626358, -0.4321404993534088, -0.9631105661392212], [0.0, 0.0, 0.0, 1.0]]}, "Bone.003": {"matrix": [[0.40460631251335144, 0.6013551950454712, 0.6889598369598389, -0.9795107841491699], [-0.7685035467147827, -0.18476232886314392, 0.6125887632369995, 0.22930319607257843], [0.49567726254463196, -0.7773253917694092, 0.3873875141143799, -0.28721708059310913], [0.0, 0.0, 0.0, 1.0]]}, "finger4joint1": {"matrix": [[-0.36781778931617737, -0.8645736575126648, 0.342377245426178, -0.7217583060264587], [-0.5545961260795593, -0.09158000349998474, -0.827064573764801, 0.15011045336723328], [0.7464134097099304, -0.49409019947052, -0.4458044469356537, -0.6203938722610474], [0.0, 0.0, 0.0, 1.0]]}, "finger4joint2": {"matrix": [[-0.380859911441803, -0.8401458263397217, -0.3861352205276489, -1.5805902481079102], [-0.5724169611930847, 0.5421987175941467, -0.615108847618103, 0.05913862586021423], [0.7261433005332947, -0.013239937834441662, -0.687415599822998, -1.1112028360366821], [0.0, 0.0, 0.0, 1.0]]}, "finger4joint3": {"matrix": [[-0.30401429533958435, -0.637759268283844, -0.707699179649353, -1.9309839010238647], [-0.6064469218254089, 0.7024604082107544, -0.37251976132392883, 0.2852695882320404], [0.7347087264060974, 0.3159307539463043, -0.6003252267837524, -1.1167247295379639], [0.0, 0.0, 0.0, 1.0]]}}