{"root": {"matrix": [[0.22701182961463928, -0.6644403338432312, 0.7120285630226135, 0.0], [0.9033522009849548, -0.12952138483524323, -0.4088752567768097, -1.4901161193847656e-08], [0.3638962209224701, 0.7360320687294006, 0.5708207488059998, 0.0], [0.0, 0.0, 0.0, 1.0]]}, "carpals": {"matrix": [[-0.9194523692131042, -0.13995693624019623, -0.36744949221611023, -0.2170344442129135], [0.3298567235469818, -0.7831869721412659, -0.5270792245864868, 1.9620981216430664], [-0.2140132188796997, -0.6058299541473389, 0.7662689685821533, 1.4792068004608154], [0.0, 0.0, 0.0, 1.0]]}, "metacarpals": {"matrix": [[-0.7758777737617493, -0.6217842698097229, 0.10676053911447525, -0.3533515930175781], [0.4119270443916321, -0.6274651885032654, -0.660759687423706, 1.1992788314819336], [0.47783851623535156, -0.4686911702156067, 0.7429661154747009, 0.889132022857666], [0.0, 0.0, 0.0, 1.0]]}, "finger5joint1": {"matrix": [[-0.7988702654838562, -0.6013068556785583, -0.01536581851541996, -0.6159628629684448], [0.29039424657821655, -0.3631817698478699, -0.8853078484535217, 1.04073965549469], [0.5267611742019653, -0.7117083072662354, 0.4647512435913086, 0.2321879267692566], [0.0, 0.0, 0.0, 1.0]]}, "finger5joint2": {"matrix": [[-0.07773933559656143, -0.8099692463874817, 0.5812965631484985, -1.2511066198349], [-0.9018417596817017, -0.19143058359622955, -0.3873439431190491, 0.6571208238601685], [0.42501479387283325, -0.5543493628501892, -0.7155827283859253, -0.5195698142051697], [0.0, 0.0, 0.0, 1.0]]}, "finger5joint3": {"matrix": [[-0.18489918112754822, -0.9667704701423645, 0.1765405684709549, -1.8078267574310303], [-0.8930756449699402, 0.09032087028026581, -0.4407465159893036, 0.5255438685417175], [0.41015559434890747, -0.23915767669677734, -0.8800996541976929, -0.9005935788154602], [0.0, 0.0, 0.0, 1.0]]}, "Bone": {"matrix": [[0.4831935465335846, -0.8754757046699524, 0.008134284988045692, -1.3241294622421265], [0.7371686100959778, 0.4018115699291229, -0.5432583689689636, 0.21963146328926086], [0.47234100103378296, 0.2684953510761261, 0.8395259976387024, 0.15737493336200714], [0.0, 0.0, 0.0, 1.0]]}, "finger1joint1": {"matrix": [[-0.19274698197841644, -0.9023187160491943, -0.38557666540145874, -2.052689552307129], [0.49080780148506165, 0.25160345435142517, -0.834148108959198, 0.5540140271186829], [0.8496799468994141, -0.3500235676765442, 0.3943693935871124, 0.38081344962120056], [0.0, 0.0, 0.0, 1.0]]}, "finger1joint2": {"matrix": [[-0.048117708414793015, 0.13710598647594452, -0.9893869161605835, -2.5626606941223145], [0.7163346409797668, 0.6950430870056152, 0.06147885322570801, 0.6962149143218994], [0.6960956454277039, -0.7057739496231079, -0.13165760040283203, 0.18298771977424622], [0.0, 0.0, 0.0, 1.0]]}, "finger1joint3": {"matrix": [[-0.15306596457958221, 0.9405410885810852, -0.30323779582977295, -2.503885507583618], [0.6928941011428833, 0.32093435525894165, 0.6456769704818726, 0.9941684603691101], [0.7046051621437073, -0.11128056794404984, -0.7008194923400879, -0.11956596374511719], [0.0, 0.0, 0.0, 1.0]]}, "Bone.001": {"matrix": [[0.15590080618858337, -0.9321956634521484, 0.3266587555408478, -1.324129581451416], [0.7601099014282227, -0.09797561913728714, -0.6423654556274414, 0.21963146328926086], [0.6308149099349976, 0.3484419286251068, 0.6932967901229858, 0.15737493336200714], [0.0, 0.0, 0.0, 1.0]]}, "finger2joint1": {"matrix": [[-0.65932297706604, -0.2995687425136566, -0.6896024346351624, -1.915032982826233], [0.4870778024196625, 0.528520941734314, -0.6952844262123108, 0.15752631425857544], [0.5727548599243164, -0.7943071722984314, -0.2025526762008667, 0.37824660539627075], [0.0, 0.0, 0.0, 1.0]]}, "finger2joint2": {"matrix": [[-0.6171510219573975, -0.1359250545501709, -0.7750153541564941, -2.1742045879364014], [0.5950373411178589, 0.5638439655303955, -0.5727218389511108, 0.6147756576538086], [0.5148350596427917, -0.8146189451217651, -0.2670963406562805, -0.3089473843574524], [0.0, 0.0, 0.0, 1.0]]}, "finger2joint3": {"matrix": [[-0.5569334030151367, 0.1237935945391655, -0.8212795257568359, -2.225804090499878], [0.7045601010322571, 0.5940212607383728, -0.38824400305747986, 0.828819990158081], [0.43979543447494507, -0.7948669791221619, -0.4180503189563751, -0.6181901693344116], [0.0, 0.0, 0.0, 1.0]]}, "Bone.002": {"matrix": [[-0.5433991551399231, -0.7347841262817383, 0.4059672951698303, -1.324129581451416], [0.4865204691886902, -0.6697539687156677, -0.5610055923461914, 0.21963144838809967], [0.6841163039207458, -0.10733850300312042, 0.721431314945221, 0.15737496316432953], [0.0, 0.0, 0.0, 1.0]]}, "finger3joint1": {"matrix": [[-0.6597408652305603, -0.34819236397743225, 0.6659609079360962, -1.6338484287261963], [0.5338226556777954, -0.8408796191215515, 0.08918914198875427, -0.06267660856246948], [0.5289381146430969, 0.4143468141555786, 0.7406355738639832, 0.11213067173957825], [0.0, 0.0, 0.0, 1.0]]}, "finger3joint2": {"matrix": [[-0.7318296432495117, -0.6115021705627441, -0.3008160889148712, -1.9392763376235962], [0.39027807116508484, -0.014209807850420475, -0.9205873012542725, -0.8002806305885315], [0.5586667060852051, -0.7911150455474854, 0.2490551769733429, 0.4755880832672119], [0.0, 0.0, 0.0, 1.0]]}, "finger3joint3": {"matrix": [[-0.7002459764480591, 0.39117565751075745, -0.5971908569335938, -2.3349673748016357], [0.5383373498916626, 0.8387465476989746, -0.08183477073907852, -0.8094755411148071], [0.4688801169395447, -0.37879475951194763, -0.7979134917259216, -0.03632687032222748], [0.0, 0.0, 0.0, 1.0]]}, "Bone.003": {"matrix": [[-0.5221694111824036, 0.28245460987091064, 0.8047100901603699, -1.3241294622421265], [-0.32169055938720703, -0.9390966892242432, 0.1208820790052414, 0.21963144838809967], [0.7898443341255188, -0.19574667513370514, 0.5812305808067322, 0.15737494826316833], [0.0, 0.0, 0.0, 1.0]]}, "finger4joint1": {"matrix": [[-0.8155555129051208, -0.5614880919456482, 0.14000001549720764, -1.2030638456344604], [0.37231650948524475, -0.6943399906158447, -0.6158506274223328, -0.18288367986679077], [0.44300052523612976, -0.45013612508773804, 0.775324285030365, 0.07347413897514343], [0.0, 0.0, 0.0, 1.0]]}, "finger4joint2": {"matrix": [[-0.825356662273407, -0.5600261092185974, -0.07180962711572647, -1.7608232498168945], [0.34434059262275696, -0.3984803259372711, -0.8500838875770569, -0.8726125955581665], [0.447454571723938, -0.7263495326042175, 0.5217283368110657, -0.37367263436317444], [0.0, 0.0, 0.0, 1.0]]}, "finger4joint3": {"matrix": [[-0.7748082876205444, -0.5784536600112915, -0.25507429242134094, -1.9943894147872925], [0.38867148756980896, -0.11764094978570938, -0.9138351678848267, -1.0388039350509644], [0.4986042082309723, -0.8071873784065247, 0.3159778118133545, -0.6766060590744019], [0.0, 0.0, 0.0, 1.0]]}}