{"root": {"matrix": [[0.34567922353744507, -0.27729910612106323, 0.8964435458183289, -2.9802322387695312e-08], [0.8931041955947876, 0.3903116285800934, -0.22365544736385345, 0.0], [-0.2878728210926056, 0.8779305815696716, 0.38257959485054016, 0.0], [0.0, 0.0, 0.0, 1.0]]}, "carpals": {"matrix": [[-0.803849458694458, -0.5476987361907959, 0.23206007480621338, 0.40953582525253296], [0.31456828117370605, -0.7225289344787598, -0.6156284809112549, 2.426919937133789], [0.5048491358757019, -0.4218740165233612, 0.7530933022499084, 0.1653037965297699], [0.0, 0.0, 0.0, 1.0]]}, "metacarpals": {"matrix": [[-0.17148786783218384, -0.7024321556091309, 0.6907827258110046, -0.12391936779022217], [-0.33092057704925537, -0.6193608045578003, -0.7119575142860413, 1.723181128501892], [0.9279457330703735, -0.3506864011287689, -0.1262364536523819, -0.2455989122390747], [0.0, 0.0, 0.0, 1.0]]}, "finger5joint1": {"matrix": [[-0.06064078211784363, -0.8332315683364868, 0.5495885610580444, -0.778851330280304], [-0.3583366274833679, -0.49572494626045227, -0.7911076545715332, 1.7206722497940063], [0.9316208362579346, -0.24491119384765625, -0.26851633191108704, -0.5566179752349854], [0.0, 0.0, 0.0, 1.0]]}, "finger5joint2": {"matrix": [[0.6234581470489502, -0.5548803806304932, -0.5508238673210144, -1.6589707136154175], [-0.7312060594558716, -0.6632490754127502, -0.15949216485023499, 1.197051763534546], [-0.27683451771736145, 0.5022026300430298, -0.819240391254425, -0.8153108954429626], [0.0, 0.0, 0.0, 1.0]]}, "finger5joint3": {"matrix": [[0.5983097553253174, -0.3641599118709564, -0.7137311697006226, -2.0403594970703125], [-0.7800360321998596, -0.4683975279331207, -0.4149058759212494, 0.7411773800849915], [-0.18321794271469116, 0.8049787282943726, -0.5643050074577332, -0.47012943029403687], [0.0, 0.0, 0.0, 1.0]]}, "Bone": {"matrix": [[0.6065452694892883, -0.393919438123703, 0.6906012296676636, -1.2206109762191772], [0.6187780499458313, -0.31152236461639404, -0.721156895160675, 0.7561869621276855], [0.4992155432701111, 0.8647433519363403, 0.0547962561249733, -0.7931178212165833], [0.0, 0.0, 0.0, 1.0]]}, "finger1joint1": {"matrix": [[-0.061438653618097305, -0.9556434154510498, 0.28804630041122437, -1.5484259128570557], [-0.2619599997997284, -0.2630355656147003, -0.9285413026809692, 0.4969418942928314], [0.9631209969520569, -0.1325049251317978, -0.23417985439300537, -0.07348904013633728], [0.0, 0.0, 0.0, 1.0]]}, "finger1joint2": {"matrix": [[-0.12709371745586395, -0.3038072884082794, -0.9442182779312134, -2.0885350704193115], [0.03849344700574875, 0.9497100114822388, -0.31075534224510193, 0.3482798933982849], [0.9911434650421143, -0.07584124058485031, -0.1090075820684433, -0.14837796986103058], [0.0, 0.0, 0.0, 1.0]]}, "finger1joint3": {"matrix": [[-0.21083234250545502, 0.14360417425632477, -0.9669164419174194, -2.2187719345092773], [-0.02804366871714592, 0.987854540348053, 0.1528288871049881, 0.7554049491882324], [0.9771199226379395, 0.059337202459573746, -0.204244464635849, -0.18088985979557037], [0.0, 0.0, 0.0, 1.0]]}, "Bone.001": {"matrix": [[0.5144519209861755, -0.3264756202697754, 0.7929391860961914, -1.2206109762191772], [0.3872767686843872, -0.7365590333938599, -0.5545242428779602, 0.7561869621276855], [0.7650853395462036, 0.5923630595207214, -0.2524878680706024, -0.7931177616119385], [0.0, 0.0, 0.0, 1.0]]}, "finger2joint1": {"matrix": [[-0.09759572148323059, -0.3687163293361664, 0.9244041442871094, -1.4275586605072021], [-0.23521843552589417, -0.8939772844314575, -0.38141384720802307, 0.28929421305656433], [0.9670299887657166, -0.25466135144233704, 0.00051946344319731, -0.41762858629226685], [0.0, 0.0, 0.0, 1.0]]}, "finger2joint2": {"matrix": [[-0.21554677188396454, -0.47666484117507935, 0.8522499203681946, -1.7465530633926392], [-0.2788403034210205, -0.806381106376648, -0.5215335488319397, -0.48412925004959106], [0.9358351826667786, -0.35005655884742737, 0.04089945927262306, -0.6379485130310059], [0.0, 0.0, 0.0, 1.0]]}, "finger2joint3": {"matrix": [[-0.34407952427864075, -0.6224987506866455, 0.702925443649292, -1.9275028705596924], [-0.32176655530929565, -0.6251313090324402, -0.7111095190048218, -0.7902446985244751], [0.8820856809616089, -0.470856249332428, 0.014795580878853798, -0.7708357572555542], [0.0, 0.0, 0.0, 1.0]]}, "Bone.002": {"matrix": [[0.12856322526931763, -0.49669209122657776, 0.8583520650863647, -1.2206110954284668], [-0.2273102104663849, -0.8572502136230469, -0.4620085060596466, 0.7561869621276855], [0.9652986526489258, -0.13571496307849884, -0.22311410307884216, -0.7931178212165833], [0.0, 0.0, 0.0, 1.0]]}, "finger3joint1": {"matrix": [[-0.00910151842981577, 0.1306341141462326, 0.991388738155365, -1.429971694946289], [-0.0600900799036026, -0.9897095561027527, 0.12986092269420624, 0.39484739303588867], [0.9981515407562256, -0.05839072912931442, 0.016857704147696495, -0.8503230214118958], [0.0, 0.0, 0.0, 1.0]]}, "finger3joint2": {"matrix": [[-0.026782751083374023, -0.9369592070579529, 0.34841057658195496, -1.3153818845748901], [-0.22082127630710602, -0.33437982201576233, -0.916202962398529, -0.4733075499534607], [0.9749464988708496, -0.10147495567798615, -0.1979449987411499, -0.9015422463417053], [0.0, 0.0, 0.0, 1.0]]}, "finger3joint3": {"matrix": [[-0.13144446909427643, -0.8787862658500671, -0.4587559103965759, -1.921669840812683], [-0.07991813868284225, 0.4706588387489319, -0.8786882162094116, -0.6896781921386719], [0.9880968928337097, -0.07883581519126892, -0.132096529006958, -0.967204749584198], [0.0, 0.0, 0.0, 1.0]]}, "Bone.003": {"matrix": [[0.2924058735370636, 0.11398264020681381, 0.9494770765304565, -1.2206109762191772], [-0.8413805961608887, -0.4412277340888977, 0.3120841383934021, 0.7561870217323303], [0.4545077383518219, -0.8901270031929016, -0.03311477228999138, -0.7931177616119385], [0.0, 0.0, 0.0, 1.0]]}, "finger4joint1": {"matrix": [[0.1347607523202896, -0.7015239596366882, 0.6997880339622498, -1.1717557907104492], [-0.044846683740615845, -0.7098243832588196, -0.7029492259025574, 0.5670682191848755], [0.9898626804351807, 0.0633467584848404, -0.12711754441261292, -1.1746435165405273], [0.0, 0.0, 0.0, 1.0]]}, "finger4joint2": {"matrix": [[0.13213206827640533, -0.6432371735572815, -0.7541794180870056, -1.8686209917068481], [-0.07467199862003326, 0.7522293925285339, -0.6546560525894165, -0.13804222643375397], [0.9884153008460999, 0.14281722903251648, 0.051361773163080215, -1.1117174625396729], [0.0, 0.0, 0.0, 1.0]]}, "finger4joint3": {"matrix": [[0.19616290926933289, -0.11215212196111679, -0.9741363525390625, -2.1368913650512695], [-0.12735861539840698, 0.9821085333824158, -0.1387159824371338, 0.17568472027778625], [0.9722651243209839, 0.15127569437026978, 0.17836976051330566, -1.0521535873413086], [0.0, 0.0, 0.0, 1.0]]}}