{"root": {"matrix": [[0.3128959834575653, -0.7850974202156067, -0.5345261096954346, 5.960464477539063e-08], [-0.6283277869224548, 0.2509324848651886, -0.7363674640655518, 0.0], [0.7122501134872437, 0.5662640929222107, -0.4147827923297882, 0.0], [0.0, 0.0, 0.0, 1.0]]}, "carpals": {"matrix": [[0.83442223072052, -0.5394741892814636, -0.11272522062063217, -0.0007652044296264648], [0.22707386314868927, 0.1501605361700058, 0.9622312188148499, -1.0925430059432983], [-0.50217205286026, -0.828504204750061, 0.24779801070690155, 2.2116360664367676], [0.0, 0.0, 0.0, 1.0]]}, "metacarpals": {"matrix": [[0.29418641328811646, -0.4661908745765686, 0.8343382477760315, -0.5262098908424377], [-0.6668356657028198, 0.525257408618927, 0.5286156535148621, -0.9462875723838806], [-0.6846783757209778, -0.7118780016899109, -0.1563490331172943, 1.4046778678894043], [0.0, 0.0, 0.0, 1.0]]}, "finger5joint1": {"matrix": [[0.23246468603610992, -0.4901588261127472, 0.840062141418457, -1.1870899200439453], [-0.5602431297302246, 0.6385529637336731, 0.5276147127151489, -0.7469877600669861], [-0.7950394153594971, -0.5932908058166504, -0.12616701424121857, 1.1828854084014893], [0.0, 0.0, 0.0, 1.0]]}, "finger5joint2": {"matrix": [[0.8569982051849365, -0.43449026346206665, -0.27707740664482117, -1.7048312425613403], [0.5115033388137817, 0.6519160866737366, 0.5597938299179077, -0.07250195741653442], [-0.06259368360042572, -0.6214681267738342, 0.7809345126152039, 0.5562087893486023], [0.0, 0.0, 0.0, 1.0]]}, "finger5joint3": {"matrix": [[0.8266423344612122, -0.45967817306518555, -0.32458895444869995, -2.0034713745117188], [0.5385312438011169, 0.47890669107437134, 0.6932761669158936, 0.37558281421661377], [-0.16323605179786682, -0.7478927373886108, 0.6434359550476074, 0.12905196845531464], [0.0, 0.0, 0.0, 1.0]]}, "Bone": {"matrix": [[0.4337847828865051, 0.07563138008117676, 0.8978365659713745, -1.2540632486343384], [-0.6647564172744751, -0.6457889676094055, 0.3755730092525482, -0.1262149214744568], [0.6082180142402649, -0.7597607970237732, -0.229856938123703, 0.29323869943618774], [0.0, 0.0, 0.0, 1.0]]}, "finger1joint1": {"matrix": [[0.5923275947570801, -0.6631033420562744, 0.4576481580734253, -1.1911237239837646], [-0.723753035068512, -0.1883327215909958, 0.6638613343238831, -0.6636325716972351], [-0.35401880741119385, -0.7244478464126587, -0.5914776921272278, -0.3390248715877533], [0.0, 0.0, 0.0, 1.0]]}, "finger1joint2": {"matrix": [[0.4380108714103699, -0.8084695339202881, 0.3930946886539459, -1.5658953189849854], [-0.8875924348831177, -0.31958314776420593, 0.33173173666000366, -0.7700741291046143], [-0.14256878197193146, -0.4942101240158081, -0.8575723767280579, -0.7484670877456665], [0.0, 0.0, 0.0, 1.0]]}, "finger1joint3": {"matrix": [[0.5049327611923218, -0.8626881837844849, -0.028494898229837418, -1.9124730825424194], [-0.8371084332466125, -0.49747610092163086, 0.22752298414707184, -0.9070741534233093], [-0.21045716106891632, -0.09103060513734818, -0.9733555912971497, -0.9603267908096313], [0.0, 0.0, 0.0, 1.0]]}, "Bone.001": {"matrix": [[0.5364471673965454, 0.21411681175231934, 0.8163199424743652, -1.2540631294250488], [-0.7948161959648132, -0.19699324667453766, 0.5739863514900208, -0.1262149214744568], [0.2837095856666565, -0.9567379355430603, 0.06450717151165009, 0.29323872923851013], [0.0, 0.0, 0.0, 1.0]]}, "finger2joint1": {"matrix": [[0.3315353989601135, -0.38290485739707947, 0.8622459173202515, -1.1183381080627441], [-0.7385923862457275, 0.46329739689826965, 0.4897308647632599, -0.25108569860458374], [-0.586996853351593, -0.7992114424705505, -0.12921105325222015, -0.3132217526435852], [0.0, 0.0, 0.0, 1.0]]}, "finger2joint2": {"matrix": [[0.21444328129291534, -0.9021567106246948, 0.3743356466293335, -1.4496077299118042], [-0.7357531785964966, 0.10286454111337662, 0.6693921089172363, 0.14973554015159607], [-0.6424027681350708, -0.41896528005599976, -0.6417059898376465, -1.004658818244934], [0.0, 0.0, 0.0, 1.0]]}, "finger2joint3": {"matrix": [[0.0752415582537651, -0.853203296661377, -0.5161226391792297, -1.7920812368392944], [-0.775948703289032, -0.375180721282959, 0.5070922374725342, 0.18878459930419922], [-0.62629234790802, 0.3623303174972534, -0.6902711987495422, -1.1637048721313477], [0.0, 0.0, 0.0, 1.0]]}, "Bone.002": {"matrix": [[0.5208927392959595, -0.12365107238292694, 0.8446189165115356, -1.2540632486343384], [-0.7159872651100159, 0.4754646420478821, 0.5111705660820007, -0.1262149214744568], [-0.46479344367980957, -0.8710013628005981, 0.15913358330726624, 0.29323872923851013], [0.0, 0.0, 0.0, 1.0]]}, "finger3joint1": {"matrix": [[0.5911053419113159, -0.5160045623779297, 0.6199465990066528, -1.3061833381652832], [-0.7737463712692261, -0.1456424742937088, 0.6165263056755066, 0.07419818639755249], [-0.22784008085727692, -0.8441134095191956, -0.4853465259075165, -0.07389712333679199], [0.0, 0.0, 0.0, 1.0]]}, "finger3joint2": {"matrix": [[0.4775768518447876, -0.6024029850959778, -0.6395552754402161, -1.7588129043579102], [-0.810368537902832, -0.583262026309967, -0.0557488389313221, -0.053556740283966064], [-0.3394452929496765, 0.5448998212814331, -0.7667209506034851, -0.8143377900123596], [0.0, 0.0, 0.0, 1.0]]}, "finger3joint3": {"matrix": [[0.5478416085243225, -0.18142031133174896, -0.8166738748550415, -2.148616313934326], [-0.8173787593841553, -0.32403793931007385, -0.4763309359550476, -0.4309740662574768], [-0.17821745574474335, 0.9284858107566833, -0.3258105516433716, -0.46174389123916626], [0.0, 0.0, 0.0, 1.0]]}, "Bone.003": {"matrix": [[0.7388011813163757, -0.01984911412000656, 0.6736311316490173, -1.2540632486343384], [0.04174237698316574, 0.9989945888519287, -0.016344401985406876, -0.1262149214744568], [-0.6726294159889221, 0.04019442945718765, 0.7388869524002075, 0.29323869943618774], [0.0, 0.0, 0.0, 1.0]]}, "finger4joint1": {"matrix": [[0.39760643243789673, -0.26550573110580444, 0.8783027529716492, -1.262570858001709], [-0.794798731803894, 0.3786390721797943, 0.47426465153694153, 0.3019735515117645], [-0.45847997069358826, -0.8866445422172546, -0.06047415733337402, 0.3104668855667114], [0.0, 0.0, 0.0, 1.0]]}, "finger4joint2": {"matrix": [[0.4083016812801361, -0.7505602240562439, 0.5195660591125488, -1.5263135433197021], [-0.7766038775444031, 0.013531919568777084, 0.6298434734344482, 0.6780981421470642], [-0.4797663986682892, -0.6606631875038147, -0.5773628354072571, -0.5702895522117615], [0.0, 0.0, 0.0, 1.0]]}, "finger4joint3": {"matrix": [[0.4616352319717407, -0.8718187808990479, 0.1637827605009079, -1.8393443822860718], [-0.7841712832450867, -0.31475746631622314, 0.5347920656204224, 0.6837418079376221], [-0.4146901071071625, -0.3753126859664917, -0.8289583325386047, -0.845827579498291], [0.0, 0.0, 0.0, 1.0]]}}