{"root": {"matrix": [[0.25698983669281006, -0.925367534160614, -0.2786595821380615, -5.960464477539063e-08], [-0.6230582594871521, 0.06177038326859474, -0.7797325253486633, 3.725290298461914e-09], [0.7387520670890808, 0.3740044832229614, -0.56068354845047, 0.0], [0.0, 0.0, 0.0, 1.0]]}, "carpals": {"matrix": [[0.7015703320503235, -0.5419560670852661, -0.4626905024051666, -0.2932603359222412], [0.6402610540390015, 0.19435904920101166, 0.7431621551513672, -1.2609057426452637], [-0.3128330707550049, -0.8176233768463135, 0.48335012793540955, 2.099785804748535], [0.0, 0.0, 0.0, 1.0]]}, "metacarpals": {"matrix": [[0.6379458904266357, -0.5829829573631287, 0.5031458735466003, -0.8211223483085632], [-0.14392952620983124, 0.5515894889831543, 0.8216038942337036, -1.0716010332107544], [-0.7565112113952637, -0.5965563654899597, 0.26797598600387573, 1.3034255504608154], [0.0, 0.0, 0.0, 1.0]]}, "finger5joint1": {"matrix": [[0.6106725931167603, -0.41899728775024414, 0.6719524264335632, -1.4727282524108887], [-0.16858774423599243, 0.760307252407074, 0.6273043155670166, -1.0695523023605347], [-0.7737292647361755, -0.4963604211807251, 0.39366117119789124, 0.9854941964149475], [0.0, 0.0, 0.0, 1.0]]}, "finger5joint2": {"matrix": [[0.6831145882606506, -0.27059656381607056, -0.6783300042152405, -1.9153034687042236], [0.5404554605484009, 0.812006950378418, 0.22034502029418945, -0.2664608359336853], [0.4911843240261078, -0.5171278715133667, 0.7009394764900208, 0.4612024426460266], [0.0, 0.0, 0.0, 1.0]]}, "finger5joint3": {"matrix": [[0.6911739706993103, -0.20615758001804352, -0.6926594972610474, -2.1012938022613525], [0.6009461879730225, 0.6963334679603577, 0.3924062252044678, 0.29166001081466675], [0.40142470598220825, -0.6874719858169556, 0.6051775217056274, 0.10576231777667999], [0.0, 0.0, 0.0, 1.0]]}, "Bone": {"matrix": [[0.629859447479248, 0.44352227449417114, 0.6376244425773621, -1.7313205003738403], [-0.6346858143806458, -0.17930668592453003, 0.7516798377037048, -0.21041671931743622], [0.4477170705795288, -0.8781440854072571, 0.16855944693088531, 0.372035413980484], [0.0, 0.0, 0.0, 1.0]]}, "finger1joint1": {"matrix": [[0.7370213270187378, -0.6720768213272095, -0.07149951159954071, -1.3622268438339233], [-0.20948918163776398, -0.32774075865745544, 0.9212490916252136, -0.35963356494903564], [-0.6425836682319641, -0.664002001285553, -0.38234463334083557, -0.358745276927948], [0.0, 0.0, 0.0, 1.0]]}, "finger1joint2": {"matrix": [[0.7370874285697937, -0.6741729378700256, -0.04682771861553192, -1.7420700788497925], [-0.4734261631965637, -0.564569354057312, 0.676112949848175, -0.5448654890060425], [-0.4822547733783722, -0.4761851131916046, -0.7353081107139587, -0.7340248227119446], [0.0, 0.0, 0.0, 1.0]]}, "finger1joint3": {"matrix": [[0.7527901530265808, -0.531256914138794, -0.38868117332458496, -2.0310769081115723], [-0.3814874291419983, -0.8332955837249756, 0.40010687708854675, -0.7868871688842773], [-0.5364460945129395, -0.1529197096824646, -0.8299645185470581, -0.9381574988365173], [0.0, 0.0, 0.0, 1.0]]}, "Bone.001": {"matrix": [[0.8132818341255188, 0.37608829140663147, 0.4439932703971863, -1.7313206195831299], [-0.5645790100097656, 0.32540759444236755, 0.7585248947143555, -0.2104167342185974], [0.14079350233078003, -0.8675639033317566, 0.4769798815250397, 0.3720353841781616], [0.0, 0.0, 0.0, 1.0]]}, "finger2joint1": {"matrix": [[0.6943873167037964, -0.1392032504081726, 0.7060088515281677, -1.4929243326187134], [-0.2296321541070938, 0.8869512677192688, 0.4007318913936615, -0.004146158695220947], [-0.6819787621498108, -0.4403854310512543, 0.5839223861694336, -0.17789915204048157], [0.0, 0.0, 0.0, 1.0]]}, "finger2joint2": {"matrix": [[0.610725998878479, -0.4053022265434265, 0.6802526712417603, -1.6133558750152588], [-0.1845288872718811, 0.7625765800476074, 0.6200206279754639, 0.7631987929344177], [-0.77004075050354, -0.5041888952255249, 0.3909355401992798, -0.5588981509208679], [0.0, 0.0, 0.0, 1.0]]}, "finger2joint3": {"matrix": [[0.49696657061576843, -0.849039614200592, 0.1793200969696045, -1.7672152519226074], [-0.15050314366817474, 0.11918105185031891, 0.9813991189002991, 1.0526853799819946], [-0.854618489742279, -0.5147109031677246, -0.06855395436286926, -0.7502964735031128], [0.0, 0.0, 0.0, 1.0]]}, "Bone.002": {"matrix": [[0.8380794525146484, -0.24263612926006317, 0.4886209964752197, -1.7313205003738403], [-0.18964248895645142, 0.7102232575416565, 0.6779515743255615, -0.2104167342185974], [-0.5115256905555725, -0.6608404517173767, 0.5492095947265625, 0.372035413980484], [0.0, 0.0, 0.0, 1.0]]}, "finger3joint1": {"matrix": [[0.7860942482948303, -0.5661911368370056, 0.2479587346315384, -1.8335940837860107], [-0.23876114189624786, 0.09187432378530502, 0.9667222499847412, 0.08894950151443481], [-0.5701307654380798, -0.819137692451477, -0.06296234577894211, 0.09348452091217041], [0.0, 0.0, 0.0, 1.0]]}, "finger3joint2": {"matrix": [[0.6764589548110962, -0.05512288957834244, -0.7344145774841309, -2.3302464485168457], [-0.2585499584674835, -0.9515002369880676, -0.1667300909757614, 0.16953998804092407], [-0.689605176448822, 0.3026687800884247, -0.6579028964042664, -0.6250479221343994], [0.0, 0.0, 0.0, 1.0]]}, "finger3joint3": {"matrix": [[0.7867476940155029, 0.48617130517959595, -0.38034915924072266, -2.365915536880493], [-0.2737147808074951, -0.27751675248146057, -0.9209041595458984, -0.4461570680141449], [-0.5532705783843994, 0.8286263346672058, -0.0852634459733963, -0.42919689416885376], [0.0, 0.0, 0.0, 1.0]]}, "Bone.003": {"matrix": [[0.6977135539054871, -0.48667195439338684, 0.5256863832473755, -1.7313206195831299], [0.603649377822876, 0.7945452928543091, -0.06561212986707687, -0.2104167491197586], [-0.3857499063014984, 0.36310896277427673, 0.8481443524360657, 0.372035413980484], [0.0, 0.0, 0.0, 1.0]]}, "finger4joint1": {"matrix": [[0.8105737566947937, 0.0667603611946106, 0.581818699836731, -1.9399175643920898], [-0.508711576461792, 0.5724654793739319, 0.6430359482765198, 0.1301407814025879], [-0.2901420295238495, -0.8172060251235962, 0.4979875385761261, 0.5276709794998169], [0.0, 0.0, 0.0, 1.0]]}, "finger4joint2": {"matrix": [[0.8229749202728271, -0.3185141682624817, 0.4703836143016815, -1.873600721359253], [-0.48294317722320557, 0.04372773692011833, 0.8745588660240173, 0.6988045573234558], [-0.29912838339805603, -0.9469087719917297, -0.11783716827630997, -0.2841079533100128], [0.0, 0.0, 0.0, 1.0]]}, "finger4joint3": {"matrix": [[0.8396340012550354, -0.4448174834251404, 0.3116919994354248, -2.006441116333008], [-0.49764835834503174, -0.40008869767189026, 0.7695937752723694, 0.7170418500900269], [-0.2176244854927063, -0.8012903928756714, -0.5572906136512756, -0.6790285110473633], [0.0, 0.0, 0.0, 1.0]]}}