{"root": {"matrix": [[0.05753546580672264, -0.8239242434501648, -0.5637717247009277, 0.0], [0.24232305586338043, 0.5593451261520386, -0.7927247881889343, 0.0], [0.9684880971908569, -0.09100504964590073, 0.23183795809745789, -7.450580596923828e-09], [0.0, 0.0, 0.0, 1.0]]}, "carpals": {"matrix": [[0.9511147141456604, -0.2882583439350128, -0.11085014790296555, -0.6129726767539978], [-0.0791999101638794, -0.5745802521705627, 0.8146071434020996, 1.1846264600753784], [-0.2985095679759979, -0.7660055756568909, -0.5693216323852539, 2.075068712234497], [0.0, 0.0, 0.0, 1.0]]}, "metacarpals": {"matrix": [[0.5096580386161804, -0.3257395029067993, 0.7963305115699768, -0.8937346339225769], [-0.8600429892539978, -0.2186676561832428, 0.46098843216896057, 0.6249887943267822], [0.0239694993942976, -0.9198249578475952, -0.3915955722332001, 1.3289839029312134], [0.0, 0.0, 0.0, 1.0]]}, "finger5joint1": {"matrix": [[0.5237537622451782, -0.34705567359924316, 0.7779680490493774, -1.496636152267456], [-0.8515591025352478, -0.18864572048187256, 0.4891418218612671, 0.4614742398262024], [-0.02299916185438633, -0.9186756014823914, -0.39434218406677246, 0.9609518647193909], [0.0, 0.0, 0.0, 1.0]]}, "finger5joint2": {"matrix": [[0.7728943228721619, -0.3199036121368408, -0.547992467880249, -1.863221526145935], [0.5265586972236633, -0.15855209529399872, 0.8352225422859192, 0.26221296191215515], [-0.3540760278701782, -0.9340888857841492, 0.04590394347906113, -0.009419739246368408], [0.0, 0.0, 0.0, 1.0]]}, "finger5joint3": {"matrix": [[0.7686461806297302, -0.28807124495506287, -0.5711371898651123, -2.083102226257324], [0.4626728296279907, -0.36618196964263916, 0.8073686361312866, 0.1532345563173294], [-0.44171977043151855, -0.8848304748535156, -0.14818166196346283, -0.6514517068862915], [0.0, 0.0, 0.0, 1.0]]}, "Bone": {"matrix": [[0.3320251703262329, 0.3147335350513458, 0.8892142176628113, -1.4023044109344482], [0.043418627232313156, -0.9467929005622864, 0.31890109181404114, 0.2835879325866699], [0.9422705173492432, -0.06727486848831177, -0.3280242681503296, -0.10711820423603058], [0.0, 0.0, 0.0, 1.0]]}, "finger1joint1": {"matrix": [[0.5612248182296753, -0.7107974290847778, 0.4240207374095917, -1.1403870582580566], [-0.815166175365448, -0.563393771648407, 0.13450442254543304, -0.5043214559555054], [0.1432850956916809, -0.4211346507072449, -0.8956084251403809, -0.16310353577136993], [0.0, 0.0, 0.0, 1.0]]}, "finger1joint2": {"matrix": [[0.4195832312107086, -0.9050015807151794, 0.07015680521726608, -1.542114496231079], [-0.8059786558151245, -0.40699446201324463, -0.42983007431030273, -0.8227394819259644], [0.4175502061843872, 0.12380450963973999, -0.9001798629760742, -0.4011197090148926], [0.0, 0.0, 0.0, 1.0]]}, "finger1joint3": {"matrix": [[0.45744892954826355, -0.8135200142860413, -0.3590620756149292, -1.9300737380981445], [-0.8298882842063904, -0.2455267757177353, -0.5010011196136475, -0.9972112774848938], [0.31941497325897217, 0.5271636843681335, -0.7874465584754944, -0.3480467200279236], [0.0, 0.0, 0.0, 1.0]]}, "Bone.001": {"matrix": [[0.5213149785995483, 0.4557293653488159, 0.721485435962677, -1.4023044109344482], [-0.24216368794441223, -0.7317001223564148, 0.6371588706970215, 0.28358787298202515], [0.8182829022407532, -0.506878137588501, -0.2710850238800049, -0.10711818933486938], [0.0, 0.0, 0.0, 1.0]]}, "finger2joint1": {"matrix": [[0.6265119910240173, -0.44846653938293457, 0.6374639272689819, -1.1134250164031982], [-0.7361694574356079, -0.6091257929801941, 0.2949916124343872, -0.18022483587265015], [0.256001740694046, -0.6540973782539368, -0.7117719054222107, -0.42841994762420654], [0.0, 0.0, 0.0, 1.0]]}, "finger2joint2": {"matrix": [[0.5217876434326172, -0.761572539806366, 0.38437578082084656, -1.5014153718948364], [-0.8123351335525513, -0.5811528563499451, -0.048711784183979034, -0.7072094082832336], [0.26047852635383606, -0.2868247926235199, -0.9218904376029968, -0.9943115711212158], [0.0, 0.0, 0.0, 1.0]]}, "finger2joint3": {"matrix": [[0.39454755187034607, -0.91339111328125, -0.10024332255125046, -1.7905209064483643], [-0.8660072088241577, -0.33315691351890564, -0.3728775680065155, -0.9278244972229004], [0.30718615651130676, 0.23392930626869202, -0.92244952917099, -1.1031949520111084], [0.0, 0.0, 0.0, 1.0]]}, "Bone.002": {"matrix": [[0.680007815361023, 0.04814358800649643, 0.7316225171089172, -1.4023044109344482], [-0.693757176399231, -0.2806406617164612, 0.6632810235023499, 0.28358787298202515], [0.23725569248199463, -0.9586045145988464, -0.1574377715587616, -0.10711818933486938], [0.0, 0.0, 0.0, 1.0]]}, "finger3joint1": {"matrix": [[0.7042316794395447, -0.32500147819519043, 0.6312145590782166, -1.3820114135742188], [-0.5591884851455688, -0.8017183542251587, 0.21108274161815643, 0.1652950644493103], [0.4374540448188782, -0.5016189813613892, -0.7463322877883911, -0.5111796855926514], [0.0, 0.0, 0.0, 1.0]]}, "finger3joint2": {"matrix": [[0.6189585328102112, -0.6037537455558777, -0.5023661851882935, -1.6670966148376465], [-0.6866855025291443, -0.10550492256879807, -0.7192577719688416, -0.5379575490951538], [0.38125234842300415, 0.7901580929756165, -0.47989213466644287, -0.9511905908584595], [0.0, 0.0, 0.0, 1.0]]}, "finger3joint3": {"matrix": [[0.6638959050178528, -0.4610462486743927, -0.5887941718101501, -2.0577738285064697], [-0.5603296756744385, 0.21473902463912964, -0.7999485731124878, -0.606227695941925], [0.49525025486946106, 0.8610013723373413, -0.11577357351779938, -0.43989479541778564], [0.0, 0.0, 0.0, 1.0]]}, "Bone.003": {"matrix": [[0.8725605010986328, -0.11880000680685043, 0.4738403260707855, -1.4023042917251587], [-0.25044170022010803, 0.7240229249000549, 0.6427050232887268, 0.28358790278434753], [-0.41942450404167175, -0.6794682741165161, 0.6020013689994812, -0.10711818933486938], [0.0, 0.0, 0.0, 1.0]]}, "finger4joint1": {"matrix": [[0.34638845920562744, -0.32046279311180115, 0.8816566467285156, -1.4532244205474854], [-0.8486455678939819, 0.29346734285354614, 0.4400878846645355, 0.5939182043075562], [-0.39976921677589417, -0.9006553292274475, -0.17030547559261322, -0.3983514904975891], [0.0, 0.0, 0.0, 1.0]]}, "finger4joint2": {"matrix": [[0.3559117317199707, -0.9330130815505981, -0.05303996801376343, -1.7715590000152588], [-0.833038866519928, -0.34247350692749023, 0.43446263670921326, 0.8854366540908813], [-0.42352405190467834, -0.11044604331254959, -0.899126410484314, -1.2930254936218262], [0.0, 0.0, 0.0, 1.0]]}, "finger4joint3": {"matrix": [[0.43297523260116577, -0.051583632826805115, -0.8999285697937012, -2.160684108734131], [-0.8079534769058228, -0.46487709879875183, -0.3620775043964386, 0.7426036596298218], [-0.3996788263320923, 0.8838708996772766, -0.2429574877023697, -1.3390884399414062], [0.0, 0.0, 0.0, 1.0]]}}