{"root": {"matrix": [[0.4255897104740143, -0.6957356929779053, -0.5786408185958862, 0.0], [-0.18705561757087708, 0.5579929947853088, -0.8084887266159058, 0.0], [0.8853719830513, 0.4523225426673889, 0.10733474045991898, 0.0], [0.0, 0.0, 0.0, 1.0]]}, "carpals": {"matrix": [[0.7943766117095947, -0.6056099534034729, -0.04692761227488518, 0.34651702642440796], [-0.1465831696987152, -0.2660984694957733, 0.9527353644371033, 0.2140466272830963], [-0.5894734263420105, -0.7499520182609558, -0.300154447555542, 2.4329190254211426], [0.0, 0.0, 0.0, 1.0]]}, "metacarpals": {"matrix": [[0.2199755758047104, -0.5153058767318726, 0.8282937407493591, -0.24334335327148438], [-0.9628893136978149, 0.02141667529940605, 0.26904502511024475, -0.04513167962431908], [-0.15637999773025513, -0.8567385077476501, -0.4914713501930237, 1.702470302581787], [0.0, 0.0, 0.0, 1.0]]}, "finger5joint1": {"matrix": [[0.03475005552172661, -0.6260449290275574, 0.7790122628211975, -0.9167439341545105], [-0.8834410309791565, 0.3451922535896301, 0.316818505525589, 0.025367796421051025], [-0.4672517776489258, -0.6992207765579224, -0.5410782694816589, 1.4431705474853516], [0.0, 0.0, 0.0, 1.0]]}, "finger5joint2": {"matrix": [[0.8236656785011292, -0.5464392900466919, -0.15158675611019135, -1.5780178308486938], [0.32468822598457336, 0.23528248071670532, 0.9160891175270081, 0.38998478651046753], [-0.4649214744567871, -0.8037694692611694, 0.37121671438217163, 0.7046030759811401], [0.0, 0.0, 0.0, 1.0]]}, "finger5joint3": {"matrix": [[0.7761463522911072, -0.5889722108840942, -0.22518475353717804, -1.9536046981811523], [0.29430603981018066, 0.02253563702106476, 0.9554452300071716, 0.5517027378082275], [-0.5576560497283936, -0.8078385591506958, 0.19082923233509064, 0.1521441489458084], [0.0, 0.0, 0.0, 1.0]]}, "Bone": {"matrix": [[0.4711805284023285, -0.0037898393347859383, 0.8820285797119141, -1.0478789806365967], [-0.1925666779279709, -0.9763100147247314, 0.09867442399263382, -0.01169431209564209], [0.8607592582702637, -0.21634303033351898, -0.4607480764389038, 0.36486369371414185], [0.0, 0.0, 0.0, 1.0]]}, "finger1joint1": {"matrix": [[0.3234839141368866, -0.7346100807189941, 0.5964109897613525, -1.0510327816009521], [-0.945322573184967, -0.22324468195438385, 0.23775367438793182, -0.8241673707962036], [-0.041510939598083496, -0.6407102346420288, -0.7666594982147217, 0.18482565879821777], [0.0, 0.0, 0.0, 1.0]]}, "finger1joint2": {"matrix": [[0.14116951823234558, -0.9673669934272766, 0.21040955185890198, -1.4662185907363892], [-0.9681667685508728, -0.17927971482276917, -0.17467637360095978, -0.9503404498100281], [0.20669808983802795, -0.17905250191688538, -0.9618813395500183, -0.17728987336158752], [0.0, 0.0, 0.0, 1.0]]}, "finger1joint3": {"matrix": [[0.19714683294296265, -0.9508424997329712, -0.23881299793720245, -1.8809127807617188], [-0.9736467599868774, -0.16140861809253693, -0.16111871600151062, -1.0271947383880615], [0.11465181410312653, 0.26428353786468506, -0.95760577917099, -0.2540467381477356], [0.0, 0.0, 0.0, 1.0]]}, "Bone.001": {"matrix": [[0.5426279902458191, 0.1262602061033249, 0.8304294347763062, -1.0478789806365967], [-0.4984385669231415, -0.7473630905151367, 0.4393256902694702, -0.011694282293319702], [0.676101565361023, -0.6523087024688721, -0.3426071107387543, 0.36486369371414185], [0.0, 0.0, 0.0, 1.0]]}, "finger2joint1": {"matrix": [[0.46055886149406433, -0.6181754469871521, 0.6369807124137878, -0.9678446650505066], [-0.8800610899925232, -0.4115232229232788, 0.23694036900997162, -0.48543551564216614], [0.11566142737865448, -0.6697070598602295, -0.7335628867149353, -0.04862409830093384], [0.0, 0.0, 0.0, 1.0]]}, "finger2joint2": {"matrix": [[0.34192517399787903, -0.7572081685066223, 0.5565273761749268, -1.502658486366272], [-0.9317847490310669, -0.3500199615955353, 0.0962444543838501, -0.8414644002914429], [0.12191839516162872, -0.5514721274375916, -0.8252356648445129, -0.6280205249786377], [0.0, 0.0, 0.0, 1.0]]}, "finger2joint3": {"matrix": [[0.2017146497964859, -0.9143474102020264, 0.35111212730407715, -1.790107250213623], [-0.9706294536590576, -0.23459947109222412, -0.053302668035030365, -0.9743377566337585], [0.1311076432466507, -0.3300478756427765, -0.9348148107528687, -0.8373683094978333], [0.0, 0.0, 0.0, 1.0]]}, "Bone.002": {"matrix": [[0.4638410806655884, -0.18894818425178528, 0.8655345439910889, -1.0478788614273071], [-0.8852233290672302, -0.1375415176153183, 0.4443667531013489, -0.011694300919771194], [0.03508444130420685, -0.9723068475723267, -0.23105871677398682, 0.36486369371414185], [0.0, 0.0, 0.0, 1.0]]}, "finger3joint1": {"matrix": [[0.4251699447631836, -0.4498598277568817, 0.785402238368988, -1.1275224685668945], [-0.8893950581550598, -0.368662565946579, 0.27030420303344727, -0.06966942548751831], [0.16794918477535248, -0.8134579658508301, -0.5568472743034363, -0.04497337341308594], [0.0, 0.0, 0.0, 1.0]]}, "finger3joint2": {"matrix": [[0.3178960084915161, -0.8439313173294067, -0.432113379240036, -1.5221312046051025], [-0.9463076591491699, -0.2542092800140381, -0.1996980905532837, -0.39305341243743896], [0.05868404358625412, 0.4723954498767853, -0.8794307708740234, -0.75852370262146], [0.0, 0.0, 0.0, 1.0]]}, "finger3joint3": {"matrix": [[0.3437667489051819, -0.4285476505756378, -0.8355664610862732, -2.0682225227355957], [-0.9106793403625488, 0.06494242697954178, -0.40797731280326843, -0.5575472116470337], [0.2291012406349182, 0.9011821746826172, -0.3679443299770355, -0.45284587144851685], [0.0, 0.0, 0.0, 1.0]]}, "Bone.003": {"matrix": [[0.6783875226974487, 0.0041880859062075615, 0.7346923351287842, -1.0478788614273071], [-0.4225001931190491, 0.8203204870223999, 0.38544484972953796, -0.01169431209564209], [-0.601068913936615, -0.5718884468078613, 0.5582646727561951, 0.36486369371414185], [0.0, 0.0, 0.0, 1.0]]}, "finger4joint1": {"matrix": [[0.11929590255022049, -0.39209938049316406, 0.9121548533439636, -1.0460838079452515], [-0.9361147284507751, 0.26171761751174927, 0.2349315732717514, 0.3399110436439514], [-0.33084365725517273, -0.8819078207015991, -0.33582812547683716, 0.11974120140075684], [0.0, 0.0, 0.0, 1.0]]}, "finger4joint2": {"matrix": [[0.12786799669265747, -0.8652942776679993, 0.48468074202537537, -1.4355792999267578], [-0.9251580834388733, 0.07203801721334457, 0.37268295884132385, 0.5998905897140503], [-0.3573959767818451, -0.49606043100357056, -0.791322648525238, -0.7563098669052124], [0.0, 0.0, 0.0, 1.0]]}, "finger4joint3": {"matrix": [[0.19224992394447327, -0.981201171875, 0.01685306616127491, -1.7964613437652588], [-0.9332968592643738, -0.17750214040279388, 0.3121689260005951, 0.6299349069595337], [-0.3033091723918915, -0.07574329525232315, -0.9498767256736755, -0.9631983041763306], [0.0, 0.0, 0.0, 1.0]]}}