{"root": {"matrix": [[0.42941996455192566, -0.6751012206077576, -0.5998640060424805, 0.0], [-0.4935603439807892, 0.38081949949264526, -0.7819045186042786, 2.9802322387695312e-08], [0.7563045620918274, 0.6318345069885254, -0.16967174410820007, 5.960464477539063e-08], [0.0, 0.0, 0.0, 1.0]]}, "carpals": {"matrix": [[0.7398204803466797, -0.6696522831916809, -0.06504842638969421, 0.3777625262737274], [0.18091389536857605, 0.10488059371709824, 0.9778905510902405, -0.6555148363113403], [-0.648024320602417, -0.7352316975593567, 0.19874244928359985, 2.347888708114624], [0.0, 0.0, 0.0, 1.0]]}, "metacarpals": {"matrix": [[0.3261573314666748, -0.552225649356842, 0.7672470808029175, -0.2744749188423157], [-0.732664167881012, 0.36520087718963623, 0.5743092894554138, -0.5533617734909058], [-0.5973478555679321, -0.7494496703147888, -0.2854829430580139, 1.6317774057388306], [0.0, 0.0, 0.0, 1.0]]}, "finger5joint1": {"matrix": [[0.28479650616645813, -0.6896477937698364, 0.665790319442749, -0.9624629616737366], [-0.6425127983093262, 0.3781052231788635, 0.6664933562278748, -0.4526475965976715], [-0.7113847136497498, -0.6175937056541443, -0.33542436361312866, 1.4263417720794678], [0.0, 0.0, 0.0, 1.0]]}, "finger5joint2": {"matrix": [[0.6938550472259521, -0.5005958080291748, -0.5176568627357483, -1.6909189224243164], [0.6614723205566406, 0.158922016620636, 0.7329376339912415, -0.05326554924249649], [-0.2846384346485138, -0.8509681224822998, 0.4413994252681732, 0.7739946842193604], [0.0, 0.0, 0.0, 1.0]]}, "finger5joint3": {"matrix": [[0.6715337634086609, -0.4128901958465576, -0.6152752637863159, -2.0349957942962646], [0.6320608854293823, -0.11416018754243851, 0.7664632201194763, 0.05596712976694107], [-0.38670507073402405, -0.9035975337028503, 0.18430963158607483, 0.1890944540500641], [0.0, 0.0, 0.0, 1.0]]}, "Bone": {"matrix": [[0.5290873646736145, 0.1031259223818779, 0.8422775268554688, -1.1366523504257202], [-0.5212337374687195, -0.7437648177146912, 0.41848403215408325, 0.01681816577911377], [0.6696129441261292, -0.6604383587837219, -0.3397638499736786, 0.4616783559322357], [0.0, 0.0, 0.0, 1.0]]}, "finger1joint1": {"matrix": [[0.43006691336631775, -0.8845343589782715, 0.18066899478435516, -1.0508322715759277], [-0.7655316591262817, -0.25122296810150146, 0.5923241376876831, -0.6021337509155273], [-0.47854316234588623, -0.39304694533348083, -0.7851817011833191, -0.08793029189109802], [0.0, 0.0, 0.0, 1.0]]}, "finger1joint2": {"matrix": [[0.3722445070743561, -0.9239032864570618, -0.08852510899305344, -1.5507519245147705], [-0.9043410420417786, -0.3825063705444336, 0.18935653567314148, -0.7441195249557495], [-0.2088087946176529, 0.009569896385073662, -0.9779095649719238, -0.3100719451904297], [0.0, 0.0, 0.0, 1.0]]}, "finger1joint3": {"matrix": [[0.3950088918209076, -0.7665764689445496, -0.5062888860702515, -1.946813941001892], [-0.86586993932724, -0.4948176443576813, 0.07365208864212036, -0.9080937504768372], [-0.3069808781147003, 0.4092869758605957, -0.8592128157615662, -0.3059694468975067], [0.0, 0.0, 0.0, 1.0]]}, "Bone.001": {"matrix": [[0.6281736493110657, 0.18513178825378418, 0.7557273507118225, -1.1366523504257202], [-0.6889063119888306, -0.3191421627998352, 0.6508117318153381, 0.016818180680274963], [0.3616703152656555, -0.9294483661651611, -0.07293813675642014, 0.46167832612991333], [0.0, 0.0, 0.0, 1.0]]}, "finger2joint1": {"matrix": [[0.37545138597488403, -0.45367032289505005, 0.808219850063324, -1.0193003416061401], [-0.7849492430686951, 0.3080441355705261, 0.5375528335571289, -0.18548081815242767], [-0.49283939599990845, -0.8362365961074829, -0.24045252799987793, -0.1274837851524353], [0.0, 0.0, 0.0, 1.0]]}, "finger2joint2": {"matrix": [[0.25658389925956726, -0.8545842170715332, 0.4514978528022766, -1.4117927551269531], [-0.8001800179481506, 0.07418496906757355, 0.5951538681983948, 0.08102323859930038], [-0.5421037673950195, -0.5139864683151245, -0.6647865176200867, -0.8509529829025269], [0.0, 0.0, 0.0, 1.0]]}, "finger2joint3": {"matrix": [[0.11549614369869232, -0.9719067811965942, -0.20507964491844177, -1.7362070083618164], [-0.8363470435142517, -0.2065376192331314, 0.5078044533729553, 0.10918506234884262], [-0.5358955264091492, 0.11286833137273788, -0.8367056846618652, -1.0460706949234009], [0.0, 0.0, 0.0, 1.0]]}, "Bone.002": {"matrix": [[0.5673711895942688, -0.2147536277770996, 0.794965922832489, -1.1366523504257202], [-0.726466178894043, 0.3240247070789337, 0.6060153245925903, 0.01681816577911377], [-0.3877328038215637, -0.921351432800293, 0.02783111110329628, 0.4616783857345581], [0.0, 0.0, 0.0, 1.0]]}, "finger3joint1": {"matrix": [[0.6380146741867065, -0.4501151442527771, 0.6247668266296387, -1.2271732091903687], [-0.7601125836372375, -0.23838745057582855, 0.6044833660125732, 0.1533978283405304], [-0.12315080314874649, -0.8605623841285706, -0.49423274397850037, 0.0733194351196289], [0.0, 0.0, 0.0, 1.0]]}, "finger3joint2": {"matrix": [[0.5340918898582458, -0.7248378992080688, -0.4351503252983093, -1.622005820274353], [-0.8111146092414856, -0.5844743251800537, -0.021970873698592186, -0.05571123957633972], [-0.2384091168642044, 0.36469119787216187, -0.9000896215438843, -0.6815499067306519], [0.0, 0.0, 0.0, 1.0]]}, "finger3joint3": {"matrix": [[0.5630331635475159, -0.358614444732666, -0.7445732355117798, -2.091033935546875], [-0.823853611946106, -0.31469693779945374, -0.4714137017726898, -0.43391305208206177], [-0.0652594193816185, 0.8788409233093262, -0.4726305603981018, -0.44556546211242676], [0.0, 0.0, 0.0, 1.0]]}, "Bone.003": {"matrix": [[0.6962418556213379, -0.11958999186754227, 0.7077750563621521, -1.1366523504257202], [0.007908379659056664, 0.987241804599762, 0.15903101861476898, 0.016818135976791382], [-0.7177636027336121, -0.10512650012969971, 0.6883049011230469, 0.4616783559322357], [0.0, 0.0, 0.0, 1.0]]}, "finger4joint1": {"matrix": [[0.4424082934856415, -0.3995956480503082, 0.802868664264679, -1.187911033630371], [-0.8046325445175171, 0.2184760421514511, 0.5521180033683777, 0.43996918201446533], [-0.3960317373275757, -0.890275776386261, -0.22487196326255798, 0.41661912202835083], [0.0, 0.0, 0.0, 1.0]]}, "finger4joint2": {"matrix": [[0.4485529959201813, -0.6908529996871948, 0.5670292377471924, -1.584852933883667], [-0.7886013388633728, -0.007361677475273609, 0.6148603558540344, 0.6569943428039551], [-0.42060402035713196, -0.72295743227005, -0.5481096506118774, -0.467744380235672], [0.0, 0.0, 0.0, 1.0]]}, "finger4joint3": {"matrix": [[0.49608537554740906, -0.7857951521873474, 0.3693576753139496, -1.8729819059371948], [-0.7941699624061584, -0.23868496716022491, 0.5588586926460266, 0.6539240479469299], [-0.3509885370731354, -0.5705744624137878, -0.7424629926681519, -0.7692630290985107], [0.0, 0.0, 0.0, 1.0]]}}