{"root": {"matrix": [[0.14762672781944275, -0.8357458114624023, 0.5289000868797302, 0.0], [0.6418878436088562, -0.3258797526359558, -0.6941054463386536, 2.9802322387695312e-08], [0.7524535655975342, 0.4419630467891693, 0.48834648728370667, -2.9802322387695312e-08], [0.0, 0.0, 0.0, 1.0]]}, "carpals": {"matrix": [[-0.9937283396720886, -0.11037121713161469, 0.017942998558282852, -0.5436498522758484], [0.009439186193048954, -0.24268728494644165, -0.9700585603713989, 1.2106720209121704], [0.11142116039991379, -0.9638053178787231, 0.24220702052116394, 2.0793516635894775], [0.0, 0.0, 0.0, 1.0]]}, "metacarpals": {"matrix": [[-0.3514477610588074, -0.2422151118516922, 0.9043318629264832, -0.6511508226394653], [-0.6901382803916931, -0.5856798887252808, -0.42507416009902954, 0.974295973777771], [0.6326084136962891, -0.7735053300857544, 0.03867387771606445, 1.140611171722412], [0.0, 0.0, 0.0, 1.0]]}, "finger5joint1": {"matrix": [[-0.27124279737472534, -0.4935849606990814, 0.8263177275657654, -1.0997211933135986], [-0.7650968432426453, -0.4103245437145233, -0.4962462782859802, 0.9360237121582031], [0.5839982032775879, -0.766816258430481, -0.26634281873703003, 0.5722851157188416], [0.0, 0.0, 0.0, 1.0]]}, "finger5joint2": {"matrix": [[0.8367855548858643, -0.49097123742103577, 0.24235659837722778, -1.6210814714431763], [-0.4732055962085724, -0.4258200526237488, 0.7712024450302124, 0.5026092529296875], [-0.2754380702972412, -0.7600155472755432, -0.588650643825531, -0.23768162727355957], [0.0, 0.0, 0.0, 1.0]]}, "finger5joint3": {"matrix": [[0.7726789116859436, -0.6107447147369385, 0.17308282852172852, -1.9585431814193726], [-0.5526286363601685, -0.513011634349823, 0.6568257808685303, 0.2099282443523407], [-0.31235945224761963, -0.6031659841537476, -0.7339085340499878, -0.7600669860839844], [0.0, 0.0, 0.0, 1.0]]}, "Bone": {"matrix": [[0.10766297578811646, -0.5265150666236877, 0.8433210253715515, -1.0293158292770386], [0.5058753490447998, -0.7012178301811218, -0.5023778676986694, 0.059887051582336426], [0.855861246585846, 0.48070281744003296, 0.1908556967973709, -0.0670454204082489], [0.0, 0.0, 0.0, 1.0]]}, "finger1joint1": {"matrix": [[-0.12591136991977692, -0.2072555273771286, 0.9701501727104187, -1.467475175857544], [-0.36929434537887573, -0.8978564143180847, -0.2397402822971344, -0.5236577391624451], [0.9207429885864258, -0.38845691084861755, 0.03651195392012596, 0.33298954367637634], [0.0, 0.0, 0.0, 1.0]]}, "finger1joint2": {"matrix": [[-0.41113170981407166, -0.738291323184967, 0.5346929430961609, -1.584611415863037], [-0.2607367932796478, -0.4668117165565491, -0.8450461626052856, -1.0311068296432495], [0.8734911680221558, -0.48683926463127136, -0.000578656850848347, 0.11344210803508759], [0.0, 0.0, 0.0, 1.0]]}, "finger1joint3": {"matrix": [[-0.32750409841537476, -0.8947710394859314, -0.30352234840393066, -1.9011049270629883], [-0.3276742994785309, 0.4088610112667084, -0.8517406582832336, -1.2312211990356445], [0.8862113356590271, -0.17949195206165314, -0.427096962928772, -0.09525789320468903], [0.0, 0.0, 0.0, 1.0]]}, "Bone.001": {"matrix": [[0.021836314350366592, -0.21159277856349945, 0.9771138429641724, -1.029315710067749], [0.17583076655864716, -0.9613000750541687, -0.21209782361984253, 0.0598871111869812], [0.9841779470443726, 0.1764380782842636, 0.016213199123740196, -0.0670454353094101], [0.0, 0.0, 0.0, 1.0]]}, "finger2joint1": {"matrix": [[-0.33156558871269226, -0.8431512117385864, 0.4232730567455292, -1.1634410619735718], [-0.6000746488571167, -0.15772241353988647, -0.7842409014701843, -0.5494652986526489], [0.7279933094978333, -0.5140226483345032, -0.45365840196609497, 0.04479581117630005], [0.0, 0.0, 0.0, 1.0]]}, "finger2joint2": {"matrix": [[-0.44414570927619934, -0.6881555318832397, -0.5737388730049133, -1.8928924798965454], [-0.5368268489837646, 0.7170892357826233, -0.44452202320098877, -0.6859186887741089], [0.7173223495483398, 0.11056597530841827, -0.6879123449325562, -0.3999103903770447], [0.0, 0.0, 0.0, 1.0]]}, "finger2joint3": {"matrix": [[-0.4670904874801636, -0.0850285142660141, -0.880111575126648, -2.154127597808838], [-0.4091547727584839, 0.9031727313995361, 0.12988914549350739, -0.4136998653411865], [0.7838484644889832, 0.42077183723449707, -0.45665308833122253, -0.35793769359588623], [0.0, 0.0, 0.0, 1.0]]}, "Bone.002": {"matrix": [[-0.14726105332374573, -0.0528646856546402, 0.987683892250061, -1.0293158292770386], [-0.5409329533576965, -0.831699788570404, -0.125167578458786, 0.059887081384658813], [0.8280733823776245, -0.5527029633522034, 0.09388063102960587, -0.0670454204082489], [0.0, 0.0, 0.0, 1.0]]}, "finger3joint1": {"matrix": [[0.13190512359142303, -0.4395952522754669, 0.8884576559066772, -1.0515987873077393], [0.18874363601207733, -0.8687535524368286, -0.45786792039871216, -0.29068267345428467], [0.9731271862983704, 0.22808600962162018, -0.03162230923771858, -0.30001527070999146], [0.0, 0.0, 0.0, 1.0]]}, "finger3joint2": {"matrix": [[0.02616940252482891, -0.9246845841407776, -0.379833459854126, -1.4372037649154663], [0.06661785393953323, 0.3807322382926941, -0.9222825169563293, -1.0527372360229492], [0.9974351525306702, -0.0011680384632200003, 0.071564219892025, -0.0999424159526825], [0.0, 0.0, 0.0, 1.0]]}, "finger3joint3": {"matrix": [[0.043760981410741806, -0.528814971446991, -0.847608208656311, -2.0355489253997803], [0.2395704835653305, 0.829220712184906, -0.5049742460250854, -0.8063730001449585], [0.9698920249938965, -0.18096376955509186, 0.16297613084316254, -0.10069824010133743], [0.0, 0.0, 0.0, 1.0]]}, "Bone.003": {"matrix": [[0.40617504715919495, 0.580342173576355, 0.7058504223823547, -1.0293158292770386], [-0.8562846183776855, -0.02797999419271946, 0.5157457590103149, 0.059887081384658813], [0.3190585970878601, -0.8138918876647949, 0.4855732023715973, -0.0670454204082489], [0.0, 0.0, 0.0, 1.0]]}, "finger4joint1": {"matrix": [[-0.4813760221004486, -0.7482998371124268, 0.45642557740211487, -0.780569851398468], [-0.7504027485847473, 0.08273446559906006, -0.6557822227478027, 0.04789431393146515], [0.45295971632003784, -0.658180832862854, -0.6013526320457458, -0.41589540243148804], [0.0, 0.0, 0.0, 1.0]]}, "finger4joint2": {"matrix": [[-0.48949944972991943, -0.8625465035438538, -0.1280761957168579, -1.5239002704620361], [-0.7608323097229004, 0.494224488735199, -0.420566201210022, 0.13007934391498566], [0.4260563850402832, -0.10842235386371613, -0.8981759548187256, -1.0697052478790283], [0.0, 0.0, 0.0, 1.0]]}, "finger4joint3": {"matrix": [[-0.41417914628982544, -0.7588653564453125, -0.5025720596313477, -1.883636474609375], [-0.7930479645729065, 0.5718507766723633, -0.20990756154060364, 0.3362020254135132], [0.44668784737586975, 0.31162452697753906, -0.8386653661727905, -1.1149241924285889], [0.0, 0.0, 0.0, 1.0]]}}