{"root": {"matrix": [[0.31903135776519775, -0.8810750246047974, -0.3491787016391754, 0.0], [-0.598229169845581, 0.09854753315448761, -0.7952422499656677, 0.0], [0.735078752040863, 0.4625961184501648, -0.49564510583877563, 0.0], [0.0, 0.0, 0.0, 1.0]]}, "carpals": {"matrix": [[0.6690582036972046, -0.6623060703277588, -0.337211549282074, -0.10167258977890015], [0.5713699460029602, 0.16821260750293732, 0.8032686710357666, -1.1670136451721191], [-0.47528642416000366, -0.7301061153411865, 0.4909660518169403, 2.170881509780884], [0.0, 0.0, 0.0, 1.0]]}, "metacarpals": {"matrix": [[0.4711621403694153, -0.6409355998039246, 0.6059765815734863, -0.7467547655105591], [-0.348705917596817, 0.49569424986839294, 0.7954187989234924, -1.0031756162643433], [-0.8101915121078491, -0.5860788822174072, 0.010054471902549267, 1.4597625732421875], [0.0, 0.0, 0.0, 1.0]]}, "finger5joint1": {"matrix": [[0.35045260190963745, -0.6841806769371033, 0.6395933032035828, -1.4444689750671387], [-0.23607520759105682, 0.596322774887085, 0.7672465443611145, -0.9863215684890747], [-0.9063395261764526, -0.4198755919933319, 0.04746491089463234, 1.2633299827575684], [0.0, 0.0, 0.0, 1.0]]}, "finger5joint2": {"matrix": [[0.7276933789253235, -0.1068611890077591, -0.6775268316268921, -2.1671500205993652], [0.6343154907226562, 0.48067739605903625, 0.6054688096046448, -0.35644230246543884], [0.2609708309173584, -0.8703614473342896, 0.4175698757171631, 0.8198270797729492], [0.0, 0.0, 0.0, 1.0]]}, "finger5joint3": {"matrix": [[0.7507315278053284, 0.1200537234544754, -0.6496065855026245, -2.2405993938446045], [0.642119288444519, 0.09839677810668945, 0.760263204574585, -0.02605587989091873], [0.15519173443317413, -0.9878788590431213, -0.003218935802578926, 0.22159717977046967], [0.0, 0.0, 0.0, 1.0]]}, "Bone": {"matrix": [[0.6524478197097778, 0.2551861107349396, 0.7135766744613647, -1.7474331855773926], [-0.6090799570083618, -0.38369429111480713, 0.6941180229187012, -0.229259192943573], [0.4509245753288269, -0.8875013589859009, -0.09491165727376938, 0.5447307825088501], [0.0, 0.0, 0.0, 1.0]]}, "finger1joint1": {"matrix": [[0.563742995262146, -0.7594892382621765, 0.3246070146560669, -1.5350703001022339], [-0.39049747586250305, 0.10122858732938766, 0.9150213599205017, -0.5485648512840271], [-0.7278086543083191, -0.6425952315330505, -0.23951157927513123, -0.19383689761161804], [0.0, 0.0, 0.0, 1.0]]}, "finger1joint2": {"matrix": [[0.45322245359420776, -0.5383267402648926, -0.7104883193969727, -1.9643173217773438], [-0.6524866819381714, -0.7433978915214539, 0.14703865349292755, -0.4913526773452759], [-0.6073306202888489, 0.3969428539276123, -0.6881756782531738, -0.5570178031921387], [0.0, 0.0, 0.0, 1.0]]}, "finger1joint3": {"matrix": [[0.39838194847106934, -0.07260845601558685, -0.914341151714325, -2.195089101791382], [-0.6065264344215393, -0.7686508893966675, -0.20322687923908234, -0.8100351691246033], [-0.6880534887313843, 0.63553386926651, -0.35025566816329956, -0.38685494661331177], [0.0, 0.0, 0.0, 1.0]]}, "Bone.001": {"matrix": [[0.7796119451522827, 0.22977541387081146, 0.5825875401496887, -1.747433066368103], [-0.6166056990623474, 0.11889427155256271, 0.7782423496246338, -0.229259192943573], [0.10955458134412766, -0.9659540057182312, 0.23437242209911346, 0.5447308421134949], [0.0, 0.0, 0.0, 1.0]]}, "finger2joint1": {"matrix": [[0.5339015126228333, -0.1513487547636032, 0.831890881061554, -1.601782202720642], [-0.42521756887435913, 0.8023312091827393, 0.41887256503105164, -0.15389412641525269], [-0.7308480739593506, -0.57737135887146, 0.3640098571777344, -0.06757161021232605], [0.0, 0.0, 0.0, 1.0]]}, "finger2joint2": {"matrix": [[0.438855916261673, -0.31467369198799133, 0.8416565656661987, -1.7327214479446411], [-0.38780131936073303, 0.7786214351654053, 0.49331367015838623, 0.5402418971061707], [-0.8105649948120117, -0.5428890585899353, 0.21967186033725739, -0.5670838356018066], [0.0, 0.0, 0.0, 1.0]]}, "finger2joint3": {"matrix": [[0.3228958249092102, -0.6687946319580078, 0.6696654558181763, -1.8521766662597656], [-0.33845359086990356, 0.5791791081428528, 0.7416200041770935, 0.8358193635940552], [-0.8838479518890381, -0.46611663699150085, -0.03934131935238838, -0.773173451423645], [0.0, 0.0, 0.0, 1.0]]}, "Bone.002": {"matrix": [[0.7097510099411011, -0.30765876173973083, 0.6337187886238098, -1.747433066368103], [-0.37123122811317444, 0.6011935472488403, 0.7076392769813538, -0.2292592078447342], [-0.5986992716789246, -0.7375038266181946, 0.31248533725738525, 0.5447307825088501], [0.0, 0.0, 0.0, 1.0]]}, "finger3joint1": {"matrix": [[0.8098781108856201, 0.14031679928302765, 0.5695688128471375, -1.8771142959594727], [-0.5708625316619873, -0.034857720136642456, 0.8203051686286926, 0.024149904027581215], [0.1349562108516693, -0.9894928336143494, 0.05187126621603966, 0.23386549949645996], [0.0, 0.0, 0.0, 1.0]]}, "finger3joint2": {"matrix": [[0.7991640567779541, -0.5770274996757507, -0.1684519648551941, -1.7540310621261597], [-0.6005794405937195, -0.7782650589942932, -0.1833236962556839, -0.006426632404327393], [-0.025317741557955742, 0.24767446517944336, -0.9685124158859253, -0.6340993642807007], [0.0, 0.0, 0.0, 1.0]]}, "finger3joint3": {"matrix": [[0.7864835858345032, -0.24647560715675354, -0.5662979483604431, -2.1274142265319824], [-0.5990607142448425, -0.08140477538108826, -0.7965546250343323, -0.5100266337394714], [0.15023167431354523, 0.9657240509986877, -0.21167737245559692, -0.4738340973854065], [0.0, 0.0, 0.0, 1.0]]}, "Bone.003": {"matrix": [[0.6567058563232422, -0.34733593463897705, 0.669399082660675, -1.7474331855773926], [0.4423249661922455, 0.8963139653205872, 0.031139491125941277, -0.2292592078447342], [-0.6108075380325317, 0.27564263343811035, 0.7422500848770142, 0.5447307825088501], [0.0, 0.0, 0.0, 1.0]]}, "finger4joint1": {"matrix": [[0.6964418888092041, -0.0017450246959924698, 0.7176108956336975, -1.8963080644607544], [-0.6549248099327087, 0.407209187746048, 0.6365953683853149, 0.15491840243339539], [-0.2933288812637329, -0.9133329391479492, 0.28245487809181213, 0.6628766059875488], [0.0, 0.0, 0.0, 1.0]]}, "finger4joint2": {"matrix": [[0.7099461555480957, -0.2952212393283844, 0.6393908262252808, -1.8980414867401123], [-0.633003294467926, 0.13043895363807678, 0.7630805969238281, 0.5594233274459839], [-0.3086793124675751, -0.9464827179908752, -0.0942712128162384, -0.24439093470573425], [0.0, 0.0, 0.0, 1.0]]}, "finger4joint3": {"matrix": [[0.7225999236106873, -0.4075581133365631, 0.5583416819572449, -2.021167278289795], [-0.6527501940727234, -0.13644760847091675, 0.7451836466789246, 0.6138245463371277], [-0.22752146422863007, -0.9029275178909302, -0.3646305501461029, -0.6391336917877197], [0.0, 0.0, 0.0, 1.0]]}}