{"root": {"matrix": [[0.0632229819893837, -0.9616315960884094, -0.2669597566127777, -5.960464477539063e-08], [-0.4628206193447113, 0.20874051749706268, -0.8615245223045349, 1.4901161193847656e-08], [0.8841944932937622, 0.17802263796329498, -0.43186578154563904, 0.0], [0.0, 0.0, 0.0, 1.0]]}, "carpals": {"matrix": [[0.890488862991333, -0.16470134258270264, -0.4241495430469513, -0.7682702541351318], [0.44658705592155457, 0.1378936469554901, 0.8840503096580505, -0.7454800605773926], [-0.08711663633584976, -0.9766567945480347, 0.1963464617729187, 2.2223873138427734], [0.0, 0.0, 0.0, 1.0]]}, "metacarpals": {"matrix": [[0.6502302289009094, -0.5352921485900879, 0.5391315817832947, -0.9286883473396301], [-0.2854619026184082, 0.4854925870895386, 0.8263220191001892, -0.6111724972724915], [-0.7040681838989258, -0.6912010908126831, 0.16287663578987122, 1.2711293697357178], [0.0, 0.0, 0.0, 1.0]]}, "finger5joint1": {"matrix": [[0.8296223282814026, -0.3261784315109253, 0.4531382620334625, -1.5700374841690063], [-0.3577704131603241, 0.3125043511390686, 0.8799664974212646, -0.6239500641822815], [-0.4286338984966278, -0.8921593427658081, 0.1425638347864151, 0.9332197904586792], [0.0, 0.0, 0.0, 1.0]]}, "finger5joint2": {"matrix": [[0.4367896020412445, -0.30449798703193665, -0.8464605808258057, -1.9145708084106445], [0.8794264197349548, 0.3425242006778717, 0.3305840790271759, -0.29386037588119507], [0.18927131593227386, -0.8887953758239746, 0.4173946678638458, -0.009143412113189697], [0.0, 0.0, 0.0, 1.0]]}, "finger5joint3": {"matrix": [[0.4523913562297821, -0.1823941171169281, -0.8729685544967651, -2.1238627433776855], [0.8880226016044617, 0.18235500156879425, 0.4220922887325287, -0.058431476354599], [0.08220328390598297, -0.9661667943000793, 0.24446603655815125, -0.6200436353683472], [0.0, 0.0, 0.0, 1.0]]}, "Bone": {"matrix": [[0.5817679762840271, 0.457672119140625, 0.6723704934120178, -1.764427900314331], [-0.5918824076652527, -0.32877910137176514, 0.7359206080436707, 0.1468162089586258], [0.5578716397285461, -0.8260995745658875, 0.07961510866880417, 0.19197267293930054], [0.0, 0.0, 0.0, 1.0]]}, "finger1joint1": {"matrix": [[0.7274104952812195, -0.5810322165489197, 0.3650690019130707, -1.383558988571167], [-0.3224746882915497, 0.18015876412391663, 0.9292752742767334, -0.12678970396518707], [-0.605709433555603, -0.7936902046203613, -0.056318528950214386, -0.4954972267150879], [0.0, 0.0, 0.0, 1.0]]}, "finger1joint2": {"matrix": [[0.5931974649429321, -0.8036162853240967, -0.048140499740839005, -1.711945652961731], [-0.5936258435249329, -0.4770166575908661, 0.6481228470802307, -0.024967879056930542], [-0.5438061356544495, -0.35588759183883667, -0.7600123286247253, -0.9440737366676331], [0.0, 0.0, 0.0, 1.0]]}, "finger1joint3": {"matrix": [[0.6143532395362854, -0.422921359539032, -0.6661137342453003, -2.0564427375793457], [-0.5070344805717468, -0.858443558216095, 0.07739796489477158, -0.2294570803642273], [-0.6045545935630798, 0.29019269347190857, -0.7418233156204224, -1.0966368913650513], [0.0, 0.0, 0.0, 1.0]]}, "Bone.001": {"matrix": [[0.7772668600082397, 0.4173731803894043, 0.4708031713962555, -1.7644280195236206], [-0.5770424008369446, 0.17466546595096588, 0.7978180646896362, 0.1468161642551422], [0.25075477361679077, -0.891791045665741, 0.37660396099090576, 0.19197270274162292], [0.0, 0.0, 0.0, 1.0]]}, "finger2joint1": {"matrix": [[0.9158976078033447, -0.3865068554878235, -0.10836880654096603, -1.4998618364334106], [-0.21004533767700195, -0.6915227770805359, 0.691141664981842, 0.25753381848335266], [-0.3420705497264862, -0.6102529168128967, -0.7145479917526245, -0.37331897020339966], [0.0, 0.0, 0.0, 1.0]]}, "finger2joint2": {"matrix": [[0.8832716345787048, -0.422839492559433, -0.20257793366909027, -1.8342479467391968], [-0.3346879482269287, -0.8712000250816345, 0.3591574728488922, -0.3407364785671234], [-0.3283520042896271, -0.24943344295024872, -0.9110255837440491, -0.9012787342071533], [0.0, 0.0, 0.0, 1.0]]}, "finger2joint3": {"matrix": [[0.8434881567955017, -0.47968247532844543, -0.24172762036323547, -1.9947645664215088], [-0.4631476104259491, -0.8774178624153137, 0.12502674758434296, -0.6714582443237305], [-0.27206942439079285, 0.006496802903711796, -0.9622555375099182, -0.9959677457809448], [0.0, 0.0, 0.0, 1.0]]}, "Bone.002": {"matrix": [[0.8406341075897217, -0.18518932163715363, 0.5089589357376099, -1.764427900314331], [-0.30429932475090027, 0.6158829927444458, 0.7266979217529297, 0.1468161642551422], [-0.44803592562675476, -0.7657627463340759, 0.46137943863868713, 0.19197267293930054], [0.0, 0.0, 0.0, 1.0]]}, "finger3joint1": {"matrix": [[0.9017447233200073, -0.39054369926452637, 0.18528947234153748, -1.842487096786499], [-0.3319191038608551, -0.3509713411331177, 0.8755847215652466, 0.40641704201698303], [-0.27692297101020813, -0.8510550260543823, -0.4461151957511902, -0.13080400228500366], [0.0, 0.0, 0.0, 1.0]]}, "finger3joint2": {"matrix": [[0.8207712173461914, -0.05965903773903847, -0.5681332945823669, -2.1850647926330566], [-0.41695329546928406, -0.7423930764198303, -0.5244064927101135, 0.0985514223575592], [-0.39049282670021057, 0.667302668094635, -0.6342100501060486, -0.8773337602615356], [0.0, 0.0, 0.0, 1.0]]}, "finger3joint3": {"matrix": [[0.9006369113922119, 0.049239031970500946, -0.4317738711833954, -2.2236692905426025], [-0.35914134979248047, -0.4750877916812897, -0.8033111691474915, -0.381836473941803], [-0.24468488991260529, 0.8785595297813416, -0.4101979732513428, -0.44553542137145996], [0.0, 0.0, 0.0, 1.0]]}, "Bone.003": {"matrix": [[0.7399150133132935, -0.45298221707344055, 0.4973256587982178, -1.7644280195236206], [0.5048224329948425, 0.8625311255455017, 0.034555964171886444, 0.146816223859787], [-0.44461190700531006, 0.2254929095506668, 0.8668754696846008, 0.19197268784046173], [0.0, 0.0, 0.0, 1.0]]}, "finger4joint1": {"matrix": [[0.7714487910270691, 0.1878884881734848, 0.6079181432723999, -1.9585849046707153], [-0.6108229756355286, 0.4862801432609558, 0.6248410940170288, 0.5165138244628906], [-0.178218275308609, -0.8533632755279541, 0.4899071156978607, 0.2886233329772949], [0.0, 0.0, 0.0, 1.0]]}, "finger4joint2": {"matrix": [[0.7871481776237488, -0.4356714189052582, 0.4365638196468353, -1.7719441652297974], [-0.5873356461524963, -0.31346455216407776, 0.7461744546890259, 0.9995645880699158], [-0.18823978304862976, -0.8437595367431641, -0.5026282072067261, -0.5590728521347046], [0.0, 0.0, 0.0, 1.0]]}, "finger4joint3": {"matrix": [[0.8141686320304871, -0.5797162652015686, 0.032531172037124634, -1.9536465406417847], [-0.570098340511322, -0.78752601146698, 0.23407304286956787, 0.868830144405365], [-0.11007697880268097, -0.2091212123632431, -0.9716742634773254, -0.9109735488891602], [0.0, 0.0, 0.0, 1.0]]}}