{"root": {"matrix": [[0.37378767132759094, -0.812984824180603, -0.4464733898639679, 0.0], [-0.4876461923122406, 0.23721186816692352, -0.8401974439620972, 1.4901161193847656e-08], [0.7889764904975891, 0.531776487827301, -0.3077821433544159, 5.960464477539063e-08], [0.0, 0.0, 0.0, 1.0]]}, "carpals": {"matrix": [[0.8165736794471741, -0.48337653279304504, -0.3155224323272705, 0.09974372386932373], [0.41007766127586365, 0.1010783463716507, 0.9064320921897888, -0.7761520147323608], [-0.40625545382499695, -0.8695573806762695, 0.2807600498199463, 2.3393640518188477], [0.0, 0.0, 0.0, 1.0]]}, "metacarpals": {"matrix": [[0.4764867424964905, -0.6755008697509766, 0.5627244710922241, -0.37106215953826904], [-0.4058913588523865, 0.39874517917633057, 0.8223467469215393, -0.6777023077011108], [-0.7798797488212585, -0.6202422976493835, -0.08418300747871399, 1.4924204349517822], [0.0, 0.0, 0.0, 1.0]]}, "finger5joint1": {"matrix": [[0.3628910779953003, -0.758416473865509, 0.5414004325866699, -1.071643352508545], [-0.3049696981906891, 0.4523448348045349, 0.8380795121192932, -0.7172173857688904], [-0.8805131316184998, -0.4692422151565552, -0.06714197248220444, 1.3099393844604492], [0.0, 0.0, 0.0, 1.0]]}, "finger5joint2": {"matrix": [[0.610046923160553, -0.3733292520046234, -0.6989045739173889, -1.8727376461029053], [0.7910889983177185, 0.3370031714439392, 0.5104962587356567, -0.23941808938980103], [0.044949986040592194, -0.8643224239349365, 0.5009247660636902, 0.8142918944358826], [0.0, 0.0, 0.0, 1.0]]}, "finger5joint3": {"matrix": [[0.610078752040863, -0.16848330199718475, -0.7742201089859009, -2.1293399333953857], [0.7897852063179016, 0.050898123532533646, 0.6112675666809082, -0.007783991284668446], [-0.0635819137096405, -0.9843891859054565, 0.16411782801151276, 0.22021274268627167], [0.0, 0.0, 0.0, 1.0]]}, "Bone": {"matrix": [[0.6909533143043518, 0.26151400804519653, 0.6739389896392822, -1.4257066249847412], [-0.5247563719749451, -0.45976632833480835, 0.7164113521575928, -0.055150389671325684], [0.4972060024738312, -0.8486608862876892, -0.1804458051919937, 0.5240499973297119], [0.0, 0.0, 0.0, 1.0]]}, "finger1joint1": {"matrix": [[0.6348592042922974, -0.6458414196968079, 0.42407840490341187, -1.2080779075622559], [-0.4341970682144165, 0.15577790141105652, 0.8872461915016174, -0.43776223063468933], [-0.6390826106071472, -0.7474100589752197, -0.18152520060539246, -0.18219518661499023], [0.0, 0.0, 0.0, 1.0]]}, "finger1joint2": {"matrix": [[0.4883897602558136, -0.7853549718856812, 0.38038522005081177, -1.5730934143066406], [-0.6867371201515198, -0.07696599513292313, 0.7228195071220398, -0.34971994161605835], [-0.5383934378623962, -0.6142423748970032, -0.5769217014312744, -0.6046152114868164], [0.0, 0.0, 0.0, 1.0]]}, "finger1joint3": {"matrix": [[0.5528834462165833, -0.8325743079185486, -0.033761441707611084, -1.9097621440887451], [-0.606715977191925, -0.4300099015235901, 0.668570876121521, -0.38271400332450867], [-0.5711529850959778, -0.34915822744369507, -0.7428812980651855, -0.8679307699203491], [0.0, 0.0, 0.0, 1.0]]}, "Bone.001": {"matrix": [[0.8130281567573547, 0.20809058845043182, 0.5437676906585693, -1.4257065057754517], [-0.5609862804412842, 0.030033625662326813, 0.8272798657417297, -0.05515039712190628], [0.15581777691841125, -0.9776481986045837, 0.14115434885025024, 0.5240499973297119], [0.0, 0.0, 0.0, 1.0]]}, "finger2joint1": {"matrix": [[0.8779643774032593, -0.4781103730201721, 0.024264736101031303, -1.2938013076782227], [-0.3030153512954712, -0.515764057636261, 0.8013542890548706, -0.036112576723098755], [-0.3706210255622864, -0.710913360118866, -0.5976971983909607, -0.09566521644592285], [0.0, 0.0, 0.0, 1.0]]}, "finger2joint2": {"matrix": [[0.825115978717804, -0.5634469389915466, -0.04136492684483528, -1.7074381113052368], [-0.4211684763431549, -0.6622573137283325, 0.6197031140327454, -0.48232531547546387], [-0.37656423449516296, -0.4939054846763611, -0.7837451696395874, -0.7107111811637878], [0.0, 0.0, 0.0, 1.0]]}, "finger2joint3": {"matrix": [[0.7554183006286621, -0.6360297799110413, -0.15750917792320251, -1.921331763267517], [-0.5480244755744934, -0.7450525164604187, 0.38021764159202576, -0.7337290048599243], [-0.3591825067996979, -0.20090462267398834, -0.911386251449585, -0.8982057571411133], [0.0, 0.0, 0.0, 1.0]]}, "Bone.002": {"matrix": [[0.7191893458366394, -0.3507211208343506, 0.5998010635375977, -1.4257065057754517], [-0.39410269260406494, 0.5050451159477234, 0.7678621411323547, -0.055150389671325684], [-0.5722322463989258, -0.7886213660240173, 0.22500309348106384, 0.5240499973297119], [0.0, 0.0, 0.0, 1.0]]}, "finger3joint1": {"matrix": [[0.7942410111427307, -0.3830161988735199, 0.47167763113975525, -1.5735390186309814], [-0.5057867169380188, 0.013396387919783592, 0.8625544309616089, 0.15773119032382965], [-0.33669134974479675, -0.9236443638801575, -0.18308435380458832, 0.19163817167282104], [0.0, 0.0, 0.0, 1.0]]}, "finger3joint2": {"matrix": [[0.7047823667526245, -0.45758938789367676, -0.5421196222305298, -1.9095137119293213], [-0.5303807854652405, -0.8473690748214722, 0.025721285492181778, 0.16948223114013672], [-0.4711454510688782, 0.2694018483161926, -0.8399074077606201, -0.6185656189918518], [0.0, 0.0, 0.0, 1.0]]}, "finger3joint3": {"matrix": [[0.762327253818512, -0.006414908915758133, -0.6471599340438843, -2.205610752105713], [-0.5685319304466248, -0.4844302535057068, -0.6649050116539001, -0.3788335919380188], [-0.3092387616634369, 0.8748061656951904, -0.3729414641857147, -0.4442409873008728], [0.0, 0.0, 0.0, 1.0]]}, "Bone.003": {"matrix": [[0.6225993633270264, -0.3903815448284149, 0.678212583065033, -1.4257065057754517], [0.41002020239830017, 0.9009265303611755, 0.14217795431613922, -0.055150389671325684], [-0.666523277759552, 0.18956118822097778, 0.7209806442260742, 0.5240499973297119], [0.0, 0.0, 0.0, 1.0]]}, "finger4joint1": {"matrix": [[0.7117854952812195, -0.18506936728954315, 0.677577018737793, -1.593031644821167], [-0.6018447875976562, 0.3366609215736389, 0.7241835594177246, 0.33100423216819763], [-0.36213812232017517, -0.9232594966888428, 0.12824751436710358, 0.6052995920181274], [0.0, 0.0, 0.0, 1.0]]}, "finger4joint2": {"matrix": [[0.7203074097633362, -0.4607647955417633, 0.5185102224349976, -1.776871919631958], [-0.5798729658126831, 0.010229680687189102, 0.8146424293518066, 0.665429413318634], [-0.3806629478931427, -0.8874630331993103, -0.25981634855270386, -0.3118286430835724], [0.0, 0.0, 0.0, 1.0]]}, "finger4joint3": {"matrix": [[0.7484534978866577, -0.5403438806533813, 0.3845069110393524, -1.969039797782898], [-0.5905712246894836, -0.2792571485042572, 0.7571265697479248, 0.6696958541870117], [-0.30173259973526, -0.7937528491020203, -0.5281224250793457, -0.6819565296173096], [0.0, 0.0, 0.0, 1.0]]}}