{"root": {"matrix": [[0.31091025471687317, -0.7977632880210876, -0.5166319012641907, 0.0], [-0.6000484824180603, 0.256786048412323, -0.7576296925544739, 0.0], [0.7370730042457581, 0.5455590486526489, -0.39885929226875305, 0.0], [0.0, 0.0, 0.0, 1.0]]}, "carpals": {"matrix": [[0.9325798153877258, -0.33330878615379333, -0.1385638415813446, -0.019665271043777466], [0.20555761456489563, 0.174840047955513, 0.9629001021385193, -1.020470142364502], [-0.2967165410518646, -0.9264642000198364, 0.23156669735908508, 2.245715618133545], [0.0, 0.0, 0.0, 1.0]]}, "metacarpals": {"matrix": [[0.3104016184806824, -0.5197218060493469, 0.7959522604942322, -0.34430593252182007], [-0.6099996566772461, 0.5332840085029602, 0.5860957503318787, -0.8501769304275513], [-0.72907555103302, -0.6674556732177734, -0.1514977663755417, 1.3433451652526855], [0.0, 0.0, 0.0, 1.0]]}, "finger5joint1": {"matrix": [[0.1294645071029663, -0.715581476688385, 0.6864269375801086, -1.0227890014648438], [-0.36637789011001587, 0.608745276927948, 0.7037016749382019, -0.6799148321151733], [-0.9214152693748474, -0.3425959348678589, -0.1833621859550476, 1.1526975631713867], [0.0, 0.0, 0.0, 1.0]]}, "finger5joint2": {"matrix": [[0.6807857751846313, -0.48296669125556946, -0.550702691078186, -1.7786378860473633], [0.6993330121040344, 0.20494961738586426, 0.6847834587097168, -0.03691406548023224], [-0.21786122024059296, -0.8513154983520508, 0.47728174924850464, 0.7908229827880859], [0.0, 0.0, 0.0, 1.0]]}, "finger5joint3": {"matrix": [[0.6620066165924072, -0.21700073778629303, -0.7173963189125061, -2.110597848892212], [0.6766465902328491, -0.23860126733779907, 0.6965759992599487, 0.10395500063896179], [-0.3223291039466858, -0.9465620517730713, -0.011122515425086021, 0.20568405091762543], [0.0, 0.0, 0.0, 1.0]]}, "Bone": {"matrix": [[0.4922301471233368, 0.08862482756376266, 0.8659417033195496, -1.155735969543457], [-0.6687397360801697, -0.5983147621154785, 0.44136855006217957, -0.017572492361068726], [0.5572218298912048, -0.7963448166847229, -0.23524154722690582, 0.3012615740299225], [0.0, 0.0, 0.0, 1.0]]}, "finger1joint1": {"matrix": [[0.42244163155555725, -0.7251982688903809, 0.5437191128730774, -1.0819835662841797], [-0.6664038896560669, 0.1581028550863266, 0.7286349534988403, -0.5154826641082764], [-0.6143686175346375, -0.6701423525810242, -0.41648560762405396, -0.3614468276500702], [0.0, 0.0, 0.0, 1.0]]}, "finger1joint2": {"matrix": [[0.25126272439956665, -0.8803373575210571, 0.40233466029167175, -1.4918498992919922], [-0.8596275448799133, -0.011912645772099495, 0.51078200340271, -0.4261263608932495], [-0.4448678493499756, -0.47419849038124084, -0.7597553730010986, -0.740196704864502], [0.0, 0.0, 0.0, 1.0]]}, "finger1joint3": {"matrix": [[0.3228434920310974, -0.9457264542579651, -0.03706039488315582, -1.8692361116409302], [-0.8024608492851257, -0.2942785918712616, 0.5190919637680054, -0.43123310804367065], [-0.5018253922462463, -0.13784603774547577, -0.8539142608642578, -0.9434777498245239], [0.0, 0.0, 0.0, 1.0]]}, "Bone.001": {"matrix": [[0.5916476845741272, 0.19371148943901062, 0.7825782299041748, -1.155735969543457], [-0.7747159004211426, -0.13199999928474426, 0.6183775663375854, -0.017572514712810516], [0.22308708727359772, -0.9721376299858093, 0.0719740241765976, 0.3012615442276001], [0.0, 0.0, 0.0, 1.0]]}, "finger2joint1": {"matrix": [[0.5917344093322754, -0.8007494211196899, -0.09300843626260757, -1.0329455137252808], [-0.6201007962226868, -0.5258617997169495, 0.5821888446807861, -0.10124516487121582], [-0.5150972008705139, -0.2868267297744751, -0.8077159523963928, -0.3149605989456177], [0.0, 0.0, 0.0, 1.0]]}, "finger2joint2": {"matrix": [[0.5229493975639343, -0.6937026381492615, -0.49527809023857117, -1.7257130146026611], [-0.716251790523529, -0.672638475894928, 0.18585053086280823, -0.5561939477920532], [-0.4620683789253235, 0.2575532793998718, -0.8486217260360718, -0.5631084442138672], [0.0, 0.0, 0.0, 1.0]]}, "finger2joint3": {"matrix": [[0.4820810556411743, -0.49241572618484497, -0.7246546745300293, -1.9890538454055786], [-0.802396833896637, -0.5802559852600098, -0.13950534164905548, -0.8115385174751282], [-0.35179081559181213, 0.6487135291099548, -0.674843430519104, -0.46533697843551636], [0.0, 0.0, 0.0, 1.0]]}, "Bone.002": {"matrix": [[0.5467548966407776, -0.18027348816394806, 0.8176555037498474, -1.1557360887527466], [-0.6569636464118958, 0.5130600929260254, 0.5524199604988098, -0.017572522163391113], [-0.5190932750701904, -0.83920818567276, 0.16208510100841522, 0.3012615740299225], [0.0, 0.0, 0.0, 1.0]]}, "finger3joint1": {"matrix": [[0.6355034708976746, -0.5859083533287048, 0.502838671207428, -1.2317231893539429], [-0.70914226770401, -0.18535003066062927, 0.6802663803100586, 0.19868743419647217], [-0.30537286400794983, -0.788895845413208, -0.5332828164100647, -0.05247312784194946], [0.0, 0.0, 0.0, 1.0]]}, "finger3joint2": {"matrix": [[0.5148722529411316, -0.5878066420555115, -0.6240111589431763, -1.7456711530685425], [-0.7553778290748596, -0.6552616953849792, -0.0060189650394022465, 0.036101847887039185], [-0.4053528606891632, 0.4744631052017212, -0.7813921570777893, -0.7444779872894287], [0.0, 0.0, 0.0, 1.0]]}, "finger3joint3": {"matrix": [[0.5826694965362549, -0.2503093183040619, -0.7732020616531372, -2.1260290145874023], [-0.7751747965812683, -0.4569598138332367, -0.4362241327762604, -0.387905091047287], [-0.24413156509399414, 0.8535413146018982, -0.4602900445461273, -0.4374622702598572], [0.0, 0.0, 0.0, 1.0]]}, "Bone.003": {"matrix": [[0.7124277353286743, -0.07763905823230743, 0.6974374055862427, -1.155735969543457], [0.12268771231174469, 0.9923340082168579, -0.014857525005936623, -0.017572522163391113], [-0.6909372806549072, 0.09615212678909302, 0.7164916396141052, 0.3012615442276001], [0.0, 0.0, 0.0, 1.0]]}, "finger4joint1": {"matrix": [[0.4694555103778839, -0.3666067123413086, 0.803250253200531, -1.1890136003494263], [-0.7575863599777222, 0.3000207543373108, 0.5796982049942017, 0.4077611267566681], [-0.4535132348537445, -0.880673885345459, -0.13688968122005463, 0.34247422218322754], [0.0, 0.0, 0.0, 1.0]]}, "finger4joint2": {"matrix": [[0.47635164856910706, -0.7280311584472656, 0.4930107295513153, -1.5531857013702393], [-0.7391744256019592, -0.027943190187215805, 0.6729336977005005, 0.7057894468307495], [-0.4761406481266022, -0.6849740743637085, -0.5514526963233948, -0.5323511958122253], [0.0, 0.0, 0.0, 1.0]]}, "finger4joint3": {"matrix": [[0.5279580950737, -0.8272051215171814, 0.19233256578445435, -1.8568203449249268], [-0.7440580725669861, -0.3413533866405487, 0.5743299126625061, 0.6941353678703308], [-0.4094354510307312, -0.4463288187980652, -0.7957088947296143, -0.8180283904075623], [0.0, 0.0, 0.0, 1.0]]}}