{"root": {"matrix": [[0.7508684396743774, -0.5819409489631653, 0.31231606006622314, 0.0], [0.5002224445343018, 0.8098714351654053, 0.3064078688621521, 0.0], [-0.43124711513519287, -0.07384443283081055, 0.899206817150116, 0.0], [0.0, 0.0, 0.0, 1.0]]}, "carpals": {"matrix": [[0.2702907919883728, -0.7229772210121155, -0.6358038187026978, 1.0933436155319214], [-0.46145766973495483, -0.6768701672554016, 0.57350093126297, 1.8895069360733032], [-0.8449850082397461, 0.13838453590869904, -0.5165752172470093, -1.1486287117004395], [0.0, 0.0, 0.0, 1.0]]}, "metacarpals": {"matrix": [[0.20035436749458313, -0.9653031229972839, -0.1674744188785553, 0.3891681432723999], [-0.8786900043487549, -0.25265204906463623, 0.4050562381744385, 1.2302395105361938], [-0.4333150088787079, 0.06600334495306015, -0.8988223671913147, -1.013843059539795], [0.0, 0.0, 0.0, 1.0]]}, "finger5joint1": {"matrix": [[-0.038057614117860794, -0.9961519241333008, 0.07894666492938995, -0.12796258926391602], [-0.9183558225631714, 0.0660105049610138, 0.3902113735675812, 1.0736117362976074], [-0.3939213156700134, -0.05765055865049362, -0.9173343777656555, -0.5303987860679626], [0.0, 0.0, 0.0, 1.0]]}, "finger5joint2": {"matrix": [[0.35707345604896545, -0.9253754615783691, -0.12719233334064484, -1.1801702976226807], [0.4512908160686493, 0.05168858915567398, 0.890878438949585, 1.1433367729187012], [-0.8178231120109558, -0.3755098581314087, 0.43607041239738464, -0.591293454170227], [0.0, 0.0, 0.0, 1.0]]}, "finger5joint3": {"matrix": [[0.27558383345603943, -0.9103581309318542, -0.3087083697319031, -1.8162131309509277], [0.40441131591796875, -0.18154370784759521, 0.8963775634765625, 1.1788641214370728], [-0.8720691204071045, -0.3718724846839905, 0.31812891364097595, -0.8493945598602295], [0.0, 0.0, 0.0, 1.0]]}, "Bone": {"matrix": [[0.9953285455703735, 0.06105011701583862, -0.07478974759578705, -1.1179381608963013], [0.07872192561626434, -0.961672306060791, 0.2626575231552124, 0.83577960729599], [-0.05588800460100174, -0.26731833815574646, -0.9619861245155334, -0.9107936024665833], [0.0, 0.0, 0.0, 1.0]]}, "finger1joint1": {"matrix": [[0.39921391010284424, -0.9163299202919006, -0.031101087108254433, -1.0671329498291016], [-0.7783921957015991, -0.35665377974510193, 0.5166270136833191, 0.035487741231918335], [-0.48449334502220154, -0.182035893201828, -0.8556454181671143, -1.133252501487732], [0.0, 0.0, 0.0, 1.0]]}, "finger1joint2": {"matrix": [[0.40797361731529236, -0.8918907046318054, -0.19516174495220184, -1.5850226879119873], [-0.8914331197738647, -0.43531253933906555, 0.1258964240550995, -0.16608524322509766], [-0.19724233448505402, 0.12261127680540085, -0.9726571440696716, -1.2361352443695068], [0.0, 0.0, 0.0, 1.0]]}, "finger1joint3": {"matrix": [[0.41855624318122864, -0.6719703078269958, -0.6109551191329956, -1.967361569404602], [-0.8575265407562256, -0.5139608979225159, -0.022188927978277206, -0.3526965379714966], [-0.299096941947937, 0.5331977009773254, -0.7913540601730347, -1.183573842048645], [0.0, 0.0, 0.0, 1.0]]}, "Bone.001": {"matrix": [[0.9410927295684814, -0.32855910062789917, -0.07995614409446716, -1.1179380416870117], [-0.22086971998214722, -0.7763106822967529, 0.5903879404067993, 0.8357795476913452], [-0.2560482621192932, -0.5379500985145569, -0.8031493425369263, -0.9107934236526489], [0.0, 0.0, 0.0, 1.0]]}, "finger2joint1": {"matrix": [[0.3227497637271881, -0.8794970512390137, 0.3497384786605835, -1.3262064456939697], [-0.8490607142448425, -0.10575205087661743, 0.5176022052764893, 0.3436889350414276], [-0.41824427247047424, -0.46400535106658936, -0.7808781266212463, -1.2517913579940796], [0.0, 0.0, 0.0, 1.0]]}, "finger2joint2": {"matrix": [[0.20818595588207245, -0.6944050788879395, -0.6888102889060974, -2.0871024131774902], [-0.8993299007415771, -0.4127710163593292, 0.14431056380271912, 0.25219765305519104], [-0.384531170129776, 0.5894244909286499, -0.7104325890541077, -1.653225064277649], [0.0, 0.0, 0.0, 1.0]]}, "finger2joint3": {"matrix": [[0.1878744661808014, 0.331941694021225, -0.924401044845581, -2.3507096767425537], [-0.9500117301940918, -0.1775292456150055, -0.2568281292915344, 0.09550301730632782], [-0.24936038255691528, 0.9264436364173889, 0.2819954454898834, -1.4294698238372803], [0.0, 0.0, 0.0, 1.0]]}, "Bone.002": {"matrix": [[0.44659438729286194, -0.8942053914070129, 0.03081805445253849, -1.1179380416870117], [-0.7088662981987, -0.33259308338165283, 0.6220049262046814, 0.83577960729599], [-0.5459505915641785, -0.2996298670768738, -0.7824065089225769, -0.9107935428619385], [0.0, 0.0, 0.0, 1.0]]}, "finger3joint1": {"matrix": [[0.6371813416481018, -0.6180921792984009, -0.46039292216300964, -1.49485445022583], [-0.5895888209342957, -0.7756362557411194, 0.22532930970191956, 0.695588231086731], [-0.4963720440864563, 0.12786687910556793, -0.8586413264274597, -1.0370904207229614], [0.0, 0.0, 0.0, 1.0]]}, "finger3joint2": {"matrix": [[0.5488052368164062, -0.25110578536987305, -0.7973445653915405, -2.037033796310425], [-0.7131086587905884, -0.6383551359176636, -0.289790540933609, 0.01521444320678711], [-0.4362212121486664, 0.7276319861412048, -0.5293985605239868, -0.9249280691146851], [0.0, 0.0, 0.0, 1.0]]}, "finger3joint3": {"matrix": [[0.6619304418563843, -0.024500921368598938, -0.7491644620895386, -2.199519395828247], [-0.6850014328956604, -0.42557403445243835, -0.5913202166557312, -0.3978525996208191], [-0.3043372929096222, 0.9045918583869934, -0.298483669757843, -0.45409172773361206], [0.0, 0.0, 0.0, 1.0]]}, "Bone.003": {"matrix": [[-0.14521054923534393, -0.7126023769378662, 0.6863756775856018, -1.1179380416870117], [-0.30946943163871765, 0.6916331648826599, 0.6525887846946716, 0.8357795476913452], [-0.9397566318511963, -0.11764948070049286, -0.32096120715141296, -0.9107935428619385], [0.0, 0.0, 0.0, 1.0]]}, "finger4joint1": {"matrix": [[0.5552952885627747, -0.7117916941642761, 0.43011531233787537, -1.4233732223510742], [-0.7722166180610657, -0.24929295480251312, 0.584409236907959, 1.1322270631790161], [-0.30875319242477417, -0.6566620469093323, -0.6880888342857361, -0.961220383644104], [0.0, 0.0, 0.0, 1.0]]}, "finger4joint2": {"matrix": [[0.5470348596572876, -0.47169485688209534, -0.691560685634613, -2.1304380893707275], [-0.7662991285324097, -0.6147036552429199, -0.18688108026981354, 0.8845896124839783], [-0.3369543254375458, 0.6321732401847839, -0.697723925113678, -1.6135215759277344], [0.0, 0.0, 0.0, 1.0]]}, "finger4joint3": {"matrix": [[0.5944095253944397, 0.37335801124572754, -0.712236225605011, -2.3271641731262207], [-0.7097330689430237, -0.17285864055156708, -0.6829336285591125, 0.628219485282898], [-0.37809520959854126, 0.9114403128623962, 0.16223590075969696, -1.3498656749725342], [0.0, 0.0, 0.0, 1.0]]}}