{"root": {"matrix": [[0.3324929177761078, -0.224567249417305, 0.915979266166687, -1.4901161193847656e-08], [0.7830677628517151, 0.6070124506950378, -0.13542811572551727, 0.0], [-0.5255980491638184, 0.7623027563095093, 0.37767869234085083, 0.0], [0.0, 0.0, 0.0, 1.0]]}, "carpals": {"matrix": [[-0.6263830661773682, -0.7644190788269043, 0.15266768634319305, 0.42913374304771423], [0.4847257435321808, -0.5353403091430664, -0.6917018294334412, 2.3802666664123535], [0.6104793548583984, -0.35926851630210876, 0.7058618068695068, -0.4849330484867096], [0.0, 0.0, 0.0, 1.0]]}, "metacarpals": {"matrix": [[0.14042244851589203, -0.7069357633590698, 0.6931977272033691, -0.3154057264328003], [-0.3356287479400635, -0.6926683783531189, -0.6384071111679077, 1.8588483333587646], [0.9314690828323364, -0.14301052689552307, -0.334534227848053, -0.8348584175109863], [0.0, 0.0, 0.0, 1.0]]}, "finger5joint1": {"matrix": [[0.24605688452720642, -0.5730341076850891, 0.7817209362983704, -1.0286307334899902], [-0.21975202858448029, -0.8184963464736938, -0.5308224558830261, 1.785075068473816], [0.9440153241157532, -0.041172392666339874, -0.3273221254348755, -0.9422944188117981], [0.0, 0.0, 0.0, 1.0]]}, "finger5joint2": {"matrix": [[0.8125841617584229, -0.5150316953659058, -0.2728530168533325, -1.6339107751846313], [-0.4548768401145935, -0.8530859351158142, 0.25559869408607483, 0.9205199480056763], [-0.36440861225128174, -0.08358123898506165, -0.9274805188179016, -0.9857837557792664], [0.0, 0.0, 0.0, 1.0]]}, "finger5joint3": {"matrix": [[0.7747384309768677, -0.534604012966156, -0.3376067876815796, -1.987910270690918], [-0.5459092855453491, -0.8349627256393433, 0.06942327320575714, 0.3341641426086426], [-0.319003164768219, 0.1305176317691803, -0.9387234449386597, -1.0432319641113281], [0.0, 0.0, 0.0, 1.0]]}, "Bone": {"matrix": [[0.6589529514312744, -0.09154131263494492, 0.7465928196907043, -1.4191287755966187], [0.6839924454689026, -0.34003177285194397, -0.6453932523727417, 0.77740079164505], [0.31294557452201843, 0.935947835445404, -0.16145141422748566, -1.0581375360488892], [0.0, 0.0, 0.0, 1.0]]}, "finger1joint1": {"matrix": [[0.24519628286361694, -0.9513332843780518, 0.18666405975818634, -1.4953083992004395], [-0.25220221281051636, -0.24850498139858246, -0.9352213740348816, 0.4944305419921875], [0.936094343662262, 0.1822357326745987, -0.3008609712123871, -0.2792533040046692], [0.0, 0.0, 0.0, 1.0]]}, "finger1joint2": {"matrix": [[0.195700004696846, -0.3703973889350891, -0.9080237150192261, -2.0329813957214355], [0.04952910542488098, 0.9284791946411133, -0.36806657910346985, 0.3539809286594391], [0.9794122576713562, 0.027057111263275146, 0.20004881918430328, -0.1762576401233673], [0.0, 0.0, 0.0, 1.0]]}, "finger1joint3": {"matrix": [[0.11619192361831665, 0.06800851970911026, -0.9908955693244934, -2.1917645931243896], [-0.022097401320934296, 0.9975829124450684, 0.06587658077478409, 0.7520046830177307], [0.99298095703125, 0.01424198504537344, 0.11741389334201813, -0.16465871036052704], [0.0, 0.0, 0.0, 1.0]]}, "Bone.001": {"matrix": [[0.6722790002822876, -0.06314639747142792, 0.7375995516777039, -1.419128656387329], [0.4474512040615082, -0.7591013312339783, -0.47281309962272644, 0.77740079164505], [0.5897694230079651, 0.6479021906852722, -0.4820730686187744, -1.0581376552581787], [0.0, 0.0, 0.0, 1.0]]}, "finger2joint1": {"matrix": [[0.21212562918663025, -0.229746013879776, 0.9498521685600281, -1.4591561555862427], [-0.2325231283903122, -0.9559231400489807, -0.1792864352464676, 0.2962188720703125], [0.9491761326789856, -0.18283149600028992, -0.25619709491729736, -0.6474429368972778], [0.0, 0.0, 0.0, 1.0]]}, "finger2joint2": {"matrix": [[0.10179033130407333, -0.41740289330482483, 0.9030023217201233, -1.6579207181930542], [-0.30044862627983093, -0.8782278299331665, -0.37208354473114014, -0.530797004699707], [0.9483507871627808, -0.2334313988685608, -0.21480326354503632, -0.8056194186210632], [0.0, 0.0, 0.0, 1.0]]}, "finger2joint3": {"matrix": [[-0.027852224186062813, -0.858361005783081, 0.5122891664505005, -1.8163738250732422], [-0.36473965644836426, -0.4684271216392517, -0.8046991229057312, -0.8641867637634277], [0.9306926727294922, -0.20926496386528015, -0.3000316917896271, -0.8942338228225708], [0.0, 0.0, 0.0, 1.0]]}, "Bone.002": {"matrix": [[0.42614924907684326, -0.4244121313095093, 0.798918604850769, -1.4191287755966187], [-0.20119012892246246, -0.905467689037323, -0.37369853258132935, 0.77740079164505], [0.8819973468780518, -0.0014833323657512665, -0.4712519645690918, -1.0581375360488892], [0.0, 0.0, 0.0, 1.0]]}, "finger3joint1": {"matrix": [[0.488611102104187, 0.2103153020143509, 0.846774160861969, -1.5980228185653687], [0.48961830139160156, -0.8693902492523193, -0.06659050285816193, 0.39573708176612854], [0.7221724987030029, 0.44713306427001953, -0.5277679562568665, -1.058762788772583], [0.0, 0.0, 0.0, 1.0]]}, "finger3joint2": {"matrix": [[0.4824983477592468, -0.767705500125885, 0.4216911494731903, -1.4135382175445557], [0.3481985330581665, -0.2736453115940094, -0.8965911865234375, -0.36687594652175903], [0.8037120699882507, 0.5794360041618347, 0.1352805197238922, -0.6665458679199219], [0.0, 0.0, 0.0, 1.0]]}, "finger3joint3": {"matrix": [[0.36602190136909485, -0.9137086272239685, 0.17653445899486542, -1.9103052616119385], [0.48000264167785645, 0.022848067805171013, -0.8769692778587341, -0.5439464449882507], [0.7972611784934998, 0.4057270288467407, 0.446945458650589, -0.29160428047180176], [0.0, 0.0, 0.0, 1.0]]}, "Bone.003": {"matrix": [[0.49625343084335327, -0.10526220500469208, 0.8617727756500244, -1.4191287755966187], [-0.8012064695358276, -0.4378211200237274, 0.40789785981178284, 0.7774008512496948], [0.3343660235404968, -0.8928788304328918, -0.3016069531440735, -1.0581375360488892], [0.0, 0.0, 0.0, 1.0]]}, "finger4joint1": {"matrix": [[0.4802103340625763, -0.5297336578369141, 0.6991280317306519, -1.4642460346221924], [0.060682136565446854, -0.775068998336792, -0.6289556622505188, 0.5897421836853027], [0.875051736831665, 0.3444555699825287, -0.3400508761405945, -1.440842866897583], [0.0, 0.0, 0.0, 1.0]]}, "finger4joint2": {"matrix": [[0.4813516438007355, -0.4912872910499573, -0.7259042263031006, -1.990461826324463], [0.030742617323994637, 0.8371122479438782, -0.5461661219596863, -0.18017959594726562], [0.8759881258010864, 0.2405819296836853, 0.41804882884025574, -1.0986746549606323], [0.0, 0.0, 0.0, 1.0]]}, "finger4joint3": {"matrix": [[0.5310917496681213, 0.03676145523786545, -0.8465162515640259, -2.195359706878662], [-0.03096318617463112, 0.9992328882217407, 0.023967944085597992, 0.16894885897636414], [0.8467481732368469, 0.0134818060323596, 0.531822681427002, -0.998336911201477], [0.0, 0.0, 0.0, 1.0]]}}