{"root": {"matrix": [[0.4694795310497284, -0.8815919160842896, 0.04883353039622307, 0.0], [0.7456775903701782, 0.4255026876926422, 0.5127498507499695, 2.9802322387695312e-08], [-0.4728148579597473, -0.20431146025657654, 0.8571481108665466, -1.4901161193847656e-08], [0.0, 0.0, 0.0, 1.0]]}, "carpals": {"matrix": [[0.393317848443985, -0.17703840136528015, -0.9021963477134705, 0.193309023976326], [-0.42133933305740356, -0.9068847894668579, -0.00572687154635787, 2.045172691345215], [-0.81717449426651, 0.3823833167552948, -0.43128731846809387, -1.3656079769134521], [0.0, 0.0, 0.0, 1.0]]}, "metacarpals": {"matrix": [[0.2813163697719574, -0.9323903918266296, -0.22695595026016235, 0.020874738693237305], [-0.8576506972312927, -0.35038337111473083, 0.37638598680496216, 1.161872386932373], [-0.43046048283576965, 0.08876540511846542, -0.8982340693473816, -0.993168830871582], [0.0, 0.0, 0.0, 1.0]]}, "finger5joint1": {"matrix": [[-0.6476171016693115, -0.7238572835922241, -0.23795472085475922, -0.4672110080718994], [-0.7507773637771606, 0.5528745651245117, 0.3614727854728699, 0.9575748443603516], [-0.1300956755876541, 0.41274723410606384, -0.9015069603919983, -0.49747782945632935], [0.0, 0.0, 0.0, 1.0]]}, "finger5joint2": {"matrix": [[-0.012928921729326248, -0.9697139859199524, -0.2438993752002716, -1.2318013906478882], [0.3377327024936676, -0.23381996154785156, 0.9117369055747986, 1.5415608882904053], [-0.9411530494689941, -0.07058511674404144, 0.3305274248123169, -0.06150435656309128], [0.0, 0.0, 0.0, 1.0]]}, "finger5joint3": {"matrix": [[-0.08995308727025986, -0.6974707841873169, -0.710944652557373, -1.8983198404312134], [0.26372000575065613, -0.705038845539093, 0.6583094596862793, 1.3808480501174927], [-0.9603956341743469, -0.12827354669570923, 0.2473575919866562, -0.1100199744105339], [0.0, 0.0, 0.0, 1.0]]}, "Bone": {"matrix": [[0.9804663062095642, 0.15479515492916107, -0.12134215235710144, -1.4348455667495728], [0.18060043454170227, -0.9528887867927551, 0.24369260668754578, 0.6148267388343811], [-0.07790318876504898, -0.2608470618724823, -0.9622316956520081, -0.8545814752578735], [0.0, 0.0, 0.0, 1.0]]}, "finger1joint1": {"matrix": [[0.6290233731269836, -0.7561252117156982, -0.18056553602218628, -1.3060269355773926], [-0.5968930125236511, -0.6185767650604248, 0.5109609961509705, -0.1781555712223053], [-0.4980444014072418, -0.21362818777561188, -0.8404253125190735, -1.071655035018921], [0.0, 0.0, 0.0, 1.0]]}, "finger1joint2": {"matrix": [[0.6691262722015381, -0.7149272561073303, -0.2028515785932541, -1.733372688293457], [-0.7116249799728394, -0.6950681209564209, 0.10232288390398026, -0.5277617573738098], [-0.21414922177791595, 0.07588731497526169, -0.9738486409187317, -1.192393183708191], [0.0, 0.0, 0.0, 1.0]]}, "finger1joint3": {"matrix": [[0.6709184646606445, -0.5067256093025208, -0.5413845777511597, -2.0398499965667725], [-0.6716222167015076, -0.7247118353843689, -0.15400052070617676, -0.8257259726524353], [-0.3143119812011719, 0.46692779660224915, -0.8265509009361267, -1.1598615646362305], [0.0, 0.0, 0.0, 1.0]]}, "Bone.001": {"matrix": [[0.9534420371055603, -0.2573934495449066, -0.15715128183364868, -1.4348456859588623], [-0.12501874566078186, -0.8115595579147339, 0.5707371234893799, 0.6148266792297363], [-0.27444174885749817, -0.5245181918144226, -0.8059542775154114, -0.854581356048584], [0.0, 0.0, 0.0, 1.0]]}, "finger2joint1": {"matrix": [[0.5429726243019104, -0.4147722125053406, -0.7301673293113708, -1.5980030298233032], [-0.6327821016311646, -0.7737067937850952, -0.031049329787492752, 0.10039234161376953], [-0.5520573258399963, 0.478895902633667, -0.6825622916221619, -1.1870648860931396], [0.0, 0.0, 0.0, 1.0]]}, "finger2joint2": {"matrix": [[0.5683830976486206, -0.3671400547027588, -0.7363073825836182, -1.9568428993225098], [-0.6945686340332031, -0.6938271522521973, -0.19020478427410126, -0.5689792633056641], [-0.4410385489463806, 0.6195253133773804, -0.6493637561798096, -0.7727486491203308], [0.0, 0.0, 0.0, 1.0]]}, "finger2joint3": {"matrix": [[0.5860245227813721, -0.26488813757896423, -0.765773594379425, -2.09621524810791], [-0.7497727870941162, -0.5356404781341553, -0.388496458530426, -0.8323674201965332], [-0.30727148056030273, 0.8018248677253723, -0.5125045776367188, -0.537566602230072], [0.0, 0.0, 0.0, 1.0]]}, "Bone.002": {"matrix": [[0.5062801837921143, -0.8609272837638855, -0.049843672662973404, -1.4348455667495728], [-0.664443850517273, -0.426273912191391, 0.613844096660614, 0.6148267388343811], [-0.54972243309021, -0.2776588499546051, -0.7878520488739014, -0.8545814156532288], [0.0, 0.0, 0.0, 1.0]]}, "finger3joint1": {"matrix": [[0.6888291835784912, -0.5419654846191406, 0.48144328594207764, -1.7977349758148193], [-0.6642872095108032, -0.2060086578130722, 0.718528151512146, 0.4351480007171631], [-0.290236234664917, -0.8147599101066589, -0.501925528049469, -0.9716174602508545], [0.0, 0.0, 0.0, 1.0]]}, "finger3joint2": {"matrix": [[0.5752647519111633, -0.2140868604183197, -0.7894536256790161, -2.273137331008911], [-0.7158721089363098, -0.5986966490745544, -0.3592897653579712, 0.25444096326828003], [-0.3957243263721466, 0.7718347907066345, -0.4976680278778076, -1.686309814453125], [0.0, 0.0, 0.0, 1.0]]}, "finger3joint3": {"matrix": [[0.6884897351264954, 0.6678671836853027, -0.2827276885509491, -2.411668300628662], [-0.6740671396255493, 0.4454306662082672, -0.5892577767372131, -0.13296383619308472], [-0.2676105499267578, 0.5962755680084229, 0.7568621039390564, -1.1868706941604614], [0.0, 0.0, 0.0, 1.0]]}, "Bone.003": {"matrix": [[-0.13166916370391846, -0.7826566100120544, 0.6083680987358093, -1.4348455667495728], [-0.33239197731018066, 0.6130398511886597, 0.7167268991470337, 0.6148266792297363], [-0.9339051246643066, -0.10784579813480377, -0.3408673107624054, -0.8545814156532288], [0.0, 0.0, 0.0, 1.0]]}, "finger4joint1": {"matrix": [[0.5998378396034241, -0.7231578230857849, 0.3423987627029419, -1.7703073024749756], [-0.7291246652603149, -0.3178046643733978, 0.6061162352561951, 0.8775874376296997], [-0.32950201630592346, -0.6132230162620544, -0.717903733253479, -0.900806188583374], [0.0, 0.0, 0.0, 1.0]]}, "finger4joint2": {"matrix": [[0.5896030068397522, -0.012066619470715523, -0.8076027035713196, -2.4886627197265625], [-0.7243779301643372, -0.45018884539604187, -0.5221168994903564, 0.5618934035301208], [-0.35727378726005554, 0.892851710319519, -0.2741735279560089, -1.5099568367004395], [0.0, 0.0, 0.0, 1.0]]}, "finger4joint3": {"matrix": [[0.6003162860870361, 0.7983613610267639, -0.04731716215610504, -2.4936952590942383], [-0.6767328381538391, 0.47554856538772583, -0.5620369911193848, 0.3741362690925598], [-0.4262073040008545, 0.3694211542606354, 0.8257573843002319, -1.1375815868377686], [0.0, 0.0, 0.0, 1.0]]}}