{"root": {"matrix": [[0.37007516622543335, -0.8546243906021118, 0.3642272353172302, 0.0], [0.1817511022090912, -0.3178812265396118, -0.9305471777915955, 0.0], [0.9110493659973145, 0.4105710983276367, 0.03768891468644142, 0.0], [0.0, 0.0, 0.0, 1.0]]}, "carpals": {"matrix": [[-0.6186022758483887, -0.6644837260246277, -0.41927599906921387, -0.04055368900299072], [0.7371265888214111, -0.30609235167503357, -0.6024547815322876, 0.20449607074260712], [0.27198442816734314, -0.6817393898963928, 0.6791579723358154, 2.4579508304595947], [0.0, 0.0, 0.0, 1.0]]}, "metacarpals": {"matrix": [[-0.9124337434768677, -0.36522114276885986, -0.1846020370721817, -0.6877568364143372], [0.31379586458206177, -0.33487462997436523, -0.8884767889976501, -0.09363603591918945], [0.26267215609550476, -0.8686035871505737, 0.42015567421913147, 1.7939406633377075], [0.0, 0.0, 0.0, 1.0]]}, "finger5joint1": {"matrix": [[-0.8049933314323425, -0.5285202860832214, -0.2695399224758148, -0.6601372361183167], [0.13654066622257233, 0.277082622051239, -0.9510950446128845, 0.02569139003753662], [0.5773580074310303, -0.8024281859397888, -0.15088528394699097, 1.0793269872665405], [0.0, 0.0, 0.0, 1.0]]}, "finger5joint2": {"matrix": [[-0.1688031554222107, -0.8790534734725952, 0.44583606719970703, -1.2183986902236938], [-0.9814682006835938, 0.19152913987636566, 0.006032466422766447, 0.31836608052253723], [-0.09069366008043289, -0.4365553855895996, -0.895094096660614, 0.23174428939819336], [0.0, 0.0, 0.0, 1.0]]}, "finger5joint3": {"matrix": [[-0.27441829442977905, -0.9285768270492554, 0.24987812340259552, -1.8226028680801392], [-0.9581387042999268, 0.2860950231552124, 0.010926957242190838, 0.4500107765197754], [-0.08163555711507797, -0.23641906678676605, -0.9682153463363647, -0.0683155432343483], [0.0, 0.0, 0.0, 1.0]]}, "Bone": {"matrix": [[0.23418818414211273, -0.919197142124176, -0.3165949285030365, -1.2579684257507324], [0.4532513916492462, 0.3913246691226959, -0.8008920550346375, -0.6164683103561401], [0.8600690960884094, 0.0440625362098217, 0.5082708597183228, 0.43780940771102905], [0.0, 0.0, 0.0, 1.0]]}, "finger1joint1": {"matrix": [[-0.7447747588157654, -0.6613095998764038, -0.08933042734861374, -2.0229129791259766], [0.34177902340888977, -0.263043075799942, -0.9022168517112732, -0.29081273078918457], [0.5731470584869385, -0.7024795413017273, 0.4219295084476471, 0.4744776487350464], [0.0, 0.0, 0.0, 1.0]]}, "finger1joint2": {"matrix": [[-0.6688371896743774, -0.08719285577535629, -0.7382777333259583, -2.3966710567474365], [0.6054292321205139, 0.5124176740646362, -0.6090021133422852, -0.4394789934158325], [0.4314073324203491, -0.8542980551719666, -0.28993484377861023, 0.0774514377117157], [0.0, 0.0, 0.0, 1.0]]}, "finger1joint3": {"matrix": [[-0.736514687538147, 0.6703065037727356, -0.09074768424034119, -2.434049129486084], [0.5214323401451111, 0.6480817198753357, 0.5550661087036133, -0.2198139727115631], [0.4308764934539795, 0.3614955246448517, -0.8268410563468933, -0.2887720763683319], [0.0, 0.0, 0.0, 1.0]]}, "Bone.001": {"matrix": [[-0.12965792417526245, -0.9908981323242188, 0.0361858531832695, -1.2579684257507324], [0.4611119031906128, -0.09256336838006973, -0.8825007677078247, -0.6164683103561401], [0.8778179883956909, -0.09773742407560349, 0.4689163863658905, 0.43780940771102905], [0.0, 0.0, 0.0, 1.0]]}, "finger2joint1": {"matrix": [[-0.8555049300193787, -0.48218128085136414, -0.18871191143989563, -1.886082649230957], [0.37259501218795776, -0.3201853632926941, -0.8710075616836548, -0.675142765045166], [0.35956087708473206, -0.8154643774032593, 0.453578382730484, 0.3758552372455597], [0.0, 0.0, 0.0, 1.0]]}, "finger2joint2": {"matrix": [[-0.8744887709617615, -0.15670673549175262, -0.4590339958667755, -2.303241014480591], [0.42100468277931213, 0.22476141154766083, -0.8787702918052673, -0.9521507024765015], [0.24088254570960999, -0.9617300629615784, -0.13057710230350494, -0.3296428918838501], [0.0, 0.0, 0.0, 1.0]]}, "finger2joint3": {"matrix": [[-0.8421540260314941, 0.32876282930374146, -0.42742395401000977, -2.362729549407959], [0.5208311676979065, 0.7012454271316528, -0.4868156611919403, -0.8668275475502014], [0.13968238234519958, -0.6325894594192505, -0.7617866396903992, -0.6947314143180847], [0.0, 0.0, 0.0, 1.0]]}, "Bone.002": {"matrix": [[-0.7844036221504211, -0.6128608584403992, 0.09545822441577911, -1.2579684257507324], [0.27979758381843567, -0.4869856834411621, -0.8273802995681763, -0.6164683103561401], [0.553555965423584, -0.622291088104248, 0.5534701943397522, 0.43780940771102905], [0.0, 0.0, 0.0, 1.0]]}, "finger3joint1": {"matrix": [[-0.5832258462905884, -0.7512423396110535, -0.3090023398399353, -1.5162954330444336], [0.3688415586948395, 0.09401044249534607, -0.9247258305549622, -0.8217375874519348], [0.7237428426742554, -0.6532966494560242, 0.22225996851921082, 0.17550742626190186], [0.0, 0.0, 0.0, 1.0]]}, "finger3joint2": {"matrix": [[-0.682245135307312, -0.12705926597118378, -0.7199982404708862, -2.175271511077881], [0.4146581292152405, 0.7438362240791321, -0.5241814851760864, -0.7392734289169312], [0.6021630764007568, -0.6561731696128845, -0.4547923803329468, -0.3975523114204407], [0.0, 0.0, 0.0, 1.0]]}, "finger3joint3": {"matrix": [[-0.5569029450416565, 0.1943480223417282, -0.8075195550918579, -2.257488965988159], [0.533288300037384, 0.8290319442749023, -0.1682548075914383, -0.25795161724090576], [0.6367596983909607, -0.5243421792984009, -0.5653336048126221, -0.8221490383148193], [0.0, 0.0, 0.0, 1.0]]}, "Bone.003": {"matrix": [[-0.7874966859817505, 0.3604303300380707, 0.4999387860298157, -1.2579684257507324], [-0.509078323841095, -0.8376367092132568, -0.1979999989271164, -0.6164683103561401], [0.347401887178421, -0.41043248772621155, 0.8431233167648315, 0.43780940771102905], [0.0, 0.0, 0.0, 1.0]]}, "finger4joint1": {"matrix": [[-0.6961867213249207, -0.713148295879364, -0.08211635053157806, -1.1034810543060303], [0.4482978880405426, -0.3425664007663727, -0.8256373405456543, -0.9754956364631653], [0.560671865940094, -0.6116102933883667, 0.558193027973175, 0.2618900239467621], [0.0, 0.0, 0.0, 1.0]]}, "finger4joint2": {"matrix": [[-0.7138071656227112, -0.551864504814148, -0.43118947744369507, -1.8118934631347656], [0.42430058121681213, 0.149052232503891, -0.8931697607040405, -1.3157871961593628], [0.5571786761283875, -0.820504903793335, 0.12776190042495728, -0.3456586003303528], [0.0, 0.0, 0.0, 1.0]]}, "finger4joint3": {"matrix": [[-0.659078061580658, -0.4571148455142975, -0.597211480140686, -2.042055606842041], [0.42346227169036865, 0.43068912625312805, -0.7969858050346375, -1.2536230087280273], [0.6215267777442932, -0.7781723737716675, -0.09028681367635727, -0.6878607273101807], [0.0, 0.0, 0.0, 1.0]]}}