{"root": {"matrix": [[0.2548286020755768, -0.866905152797699, -0.42841315269470215, 0.0], [-0.6944846510887146, 0.14421069622039795, -0.7049072980880737, 0.0], [0.6728695034980774, 0.47715693712234497, -0.565303385257721, 2.9802322387695312e-08], [0.0, 0.0, 0.0, 1.0]]}, "carpals": {"matrix": [[0.6589236259460449, -0.7057210206985474, -0.2603408396244049, -0.22408771514892578], [0.5773642659187317, 0.25266024470329285, 0.7764102220535278, -1.3501530885696411], [-0.48215124011039734, -0.6619066596031189, 0.5739421844482422, 2.0522806644439697], [0.0, 0.0, 0.0, 1.0]]}, "metacarpals": {"matrix": [[0.5272372364997864, -0.517763078212738, 0.6737523078918457, -0.9114557504653931], [-0.30512329936027527, 0.6246663331985474, 0.7188124656677246, -1.1040635108947754], [-0.7930451035499573, -0.5845622420310974, 0.17136593163013458, 1.4075876474380493], [0.0, 0.0, 0.0, 1.0]]}, "finger5joint1": {"matrix": [[0.521507978439331, -0.36362192034721375, 0.7718862295150757, -1.57659912109375], [-0.3268219530582428, 0.750524640083313, 0.574368953704834, -0.9897429347038269], [-0.7881730198860168, -0.5518073439598083, 0.2725651264190674, 1.1426537036895752], [0.0, 0.0, 0.0, 1.0]]}, "finger5joint2": {"matrix": [[0.7777134776115417, -0.21834596991539001, -0.5894798040390015, -1.9606828689575195], [0.5155667662620544, 0.758065938949585, 0.39940738677978516, -0.19698461890220642], [0.3596557378768921, -0.6145405769348145, 0.7021303176879883, 0.5597949028015137], [0.0, 0.0, 0.0, 1.0]]}, "finger5joint3": {"matrix": [[0.7852019667625427, -0.1815452128648758, -0.5920293927192688, -2.110759735107422], [0.561310350894928, 0.612419605255127, 0.5566616654396057, 0.32406073808670044], [0.26151132583618164, -0.7694041132926941, 0.5827766060829163, 0.1373995989561081], [0.0, 0.0, 0.0, 1.0]]}, "Bone": {"matrix": [[0.5341298580169678, 0.3194373846054077, 0.7827291488647461, -1.719827651977539], [-0.722825825214386, -0.3076075315475464, 0.6187890768051147, -0.1287859082221985], [0.43843773007392883, -0.8962908387184143, 0.06659534573554993, 0.4949236512184143], [0.0, 0.0, 0.0, 1.0]]}, "finger1joint1": {"matrix": [[0.8398639559745789, -0.5128946304321289, 0.1776723861694336, -1.453995704650879], [-0.3731395900249481, -0.30783018469810486, 0.8752182126045227, -0.3847731053829193], [-0.39420199394226074, -0.8013611435890198, -0.4499167203903198, -0.25095847249031067], [0.0, 0.0, 0.0, 1.0]]}, "finger1joint2": {"matrix": [[0.7559801936149597, -0.620977520942688, 0.20707672834396362, -1.7438727617263794], [-0.615656852722168, -0.567020833492279, 0.5472236275672913, -0.5587520599365234], [-0.2223968803882599, -0.5411786437034607, -0.8109655976295471, -0.703870415687561], [0.0, 0.0, 0.0, 1.0]]}, "finger1joint3": {"matrix": [[0.795335054397583, -0.5900404453277588, -0.13890409469604492, -2.010075569152832], [-0.5358536839485168, -0.7914924621582031, 0.29393908381462097, -0.801824688911438], [-0.28337767720222473, -0.15934795141220093, -0.9456771612167358, -0.9358648061752319], [0.0, 0.0, 0.0, 1.0]]}, "Bone.001": {"matrix": [[0.6990387439727783, 0.3514450490474701, 0.6227607727050781, -1.7198275327682495], [-0.7059431672096252, 0.2003680318593979, 0.6793352365493774, -0.12878593802452087], [0.11396761983633041, -0.9145155549049377, 0.3881654739379883, 0.4949237108230591], [0.0, 0.0, 0.0, 1.0]]}, "finger2joint1": {"matrix": [[0.5726794600486755, -0.10720589011907578, 0.8127391338348389, -1.4970523118972778], [-0.3963719606399536, 0.8316100835800171, 0.3889903426170349, -0.001775979995727539], [-0.7175843119621277, -0.5449138283729553, 0.43375280499458313, -0.08477267622947693], [0.0, 0.0, 0.0, 1.0]]}, "finger2joint2": {"matrix": [[0.48307013511657715, -0.4839899241924286, 0.7296552658081055, -1.5898014307022095], [-0.3537885844707489, 0.6543865203857422, 0.6682898998260498, 0.7176905870437622], [-0.8009225130081177, -0.5809745788574219, 0.1448846161365509, -0.5562043786048889], [0.0, 0.0, 0.0, 1.0]]}, "finger2joint3": {"matrix": [[0.3572276830673218, -0.8353598713874817, 0.4178062379360199, -1.7735319137573242], [-0.33468636870384216, 0.3031325936317444, 0.8922416567802429, 0.9661065340042114], [-0.8719937801361084, -0.4585675299167633, -0.17129608988761902, -0.7767518758773804], [0.0, 0.0, 0.0, 1.0]]}, "Bone.002": {"matrix": [[0.7362122535705566, -0.16053041815757751, 0.6574354767799377, -1.7198275327682495], [-0.37688958644866943, 0.709610641002655, 0.5953205823898315, -0.12878592312335968], [-0.5620904564857483, -0.6860628724098206, 0.4619219899177551, 0.4949237108230591], [0.0, 0.0, 0.0, 1.0]]}, "finger3joint1": {"matrix": [[0.6766780614852905, 0.3057778477668762, 0.6697811484336853, -1.7874928712844849], [-0.7335227131843567, 0.35861146450042725, 0.5773577094078064, 0.17032209038734436], [-0.0636482760310173, -0.8819850087165833, 0.4669596552848816, 0.20574134588241577], [0.0, 0.0, 0.0, 1.0]]}, "finger3joint2": {"matrix": [[0.6900168061256409, -0.6373194456100464, 0.3430754840373993, -1.5192701816558838], [-0.6894283294677734, -0.43441227078437805, 0.5796328783035278, 0.484889417886734], [-0.22037535905838013, -0.6364824175834656, -0.7391378283500671, -0.5679196715354919], [0.0, 0.0, 0.0, 1.0]]}, "finger3joint3": {"matrix": [[0.5900151133537292, -0.8063430786132812, -0.04114706069231033, -1.9316669702529907], [-0.7977752685546875, -0.5900722742080688, 0.12397167086601257, 0.20378980040550232], [-0.12424369901418686, -0.04031917452812195, -0.9914321303367615, -0.9797748923301697], [0.0, 0.0, 0.0, 1.0]]}, "Bone.003": {"matrix": [[0.762813925743103, -0.2900712788105011, 0.577904462814331, -1.7198275327682495], [0.4338506758213043, 0.8923009037971497, -0.1247895285487175, -0.12878593802452087], [-0.4794667065143585, 0.34591561555862427, 0.8065072894096375, 0.4949237108230591], [0.0, 0.0, 0.0, 1.0]]}, "finger4joint1": {"matrix": [[0.7108257412910461, -0.010059568099677563, 0.7032961249351501, -1.8441578149795532], [-0.6446515321731567, 0.39062777161598206, 0.6571406126022339, 0.2536715865135193], [-0.28133776783943176, -0.920493483543396, 0.271183580160141, 0.6431899070739746], [0.0, 0.0, 0.0, 1.0]]}, "finger4joint2": {"matrix": [[0.7238564491271973, -0.34183984994888306, 0.5993138551712036, -1.8541505336761475], [-0.6227179169654846, 0.05032024905085564, 0.7808262705802917, 0.6417051553726196], [-0.2970753610134125, -0.9384098052978516, -0.17644502222537994, -0.2711906433105469], [0.0, 0.0, 0.0, 1.0]]}, "finger4joint3": {"matrix": [[0.7409220933914185, -0.4696369171142578, 0.48007848858833313, -1.9967193603515625], [-0.6361011862754822, -0.26144006848335266, 0.7259640097618103, 0.6626918911933899], [-0.2154279202222824, -0.8432615399360657, -0.4924432635307312, -0.6625665426254272], [0.0, 0.0, 0.0, 1.0]]}}