{"root": {"matrix": [[0.35155826807022095, -0.6107860207557678, -0.7094696760177612, 5.960464477539063e-08], [-0.4122801125049591, 0.5793863534927368, -0.7030907273292542, 0.0], [0.8404949903488159, 0.539677619934082, -0.04812689498066902, 5.960464477539063e-08], [0.0, 0.0, 0.0, 1.0]]}, "carpals": {"matrix": [[0.6359227299690247, -0.7509234547615051, 0.17809008061885834, 0.27695560455322266], [-0.10294848680496216, 0.14615829288959503, 0.9838897585868835, -0.28620198369026184], [-0.7648553252220154, -0.6440120339393616, 0.015639161691069603, 2.4344136714935303], [0.0, 0.0, 0.0, 1.0]]}, "metacarpals": {"matrix": [[0.18631255626678467, -0.36879032850265503, 0.910648763179779, -0.45443928241729736], [-0.9583861231803894, 0.1358325034379959, 0.25108811259269714, -0.14384469389915466], [-0.2162948101758957, -0.9195340871810913, -0.3281362056732178, 1.8071496486663818], [0.0, 0.0, 0.0, 1.0]]}, "finger5joint1": {"matrix": [[0.30290430784225464, -0.6276682019233704, 0.7171341776847839, -1.0721994638442993], [-0.92170649766922, -0.0016311733052134514, 0.3878841996192932, -0.001454889657907188], [-0.24229301512241364, -0.7784790992736816, -0.5790199041366577, 1.455336570739746], [0.0, 0.0, 0.0, 1.0]]}, "finger5joint2": {"matrix": [[0.7001023888587952, -0.4622180163860321, -0.5442525148391724, -1.7351877689361572], [0.3657742738723755, -0.4224596321582794, 0.8292987942695618, -0.003177851438522339], [-0.6132416725158691, -0.7796676754951477, -0.12669740617275238, 0.6330507397651672], [0.0, 0.0, 0.0, 1.0]]}, "finger5joint3": {"matrix": [[0.6827912330627441, -0.4011940360069275, -0.6106054186820984, -2.052886486053467], [0.2785244584083557, -0.6296992897987366, 0.7251912355422974, -0.29354918003082275], [-0.6754403114318848, -0.6652229428291321, -0.3182107210159302, 0.09715777635574341], [0.0, 0.0, 0.0, 1.0]]}, "Bone": {"matrix": [[0.31479009985923767, -0.025301726534962654, 0.9488239288330078, -1.0302233695983887], [-0.3029802143573761, -0.9500262141227722, 0.07518558949232101, 0.06822758913040161], [0.8995052576065063, -0.31114283204078674, -0.30672475695610046, 0.3715016841888428], [0.0, 0.0, 0.0, 1.0]]}, "finger1joint1": {"matrix": [[0.3769274652004242, -0.7541351318359375, 0.5377785563468933, -1.051279067993164], [-0.9259423613548279, -0.32157307863235474, 0.198043555021286, -0.7223725318908691], [0.02358325384557247, -0.5726001262664795, -0.8194953203201294, 0.11257249116897583], [0.0, 0.0, 0.0, 1.0]]}, "finger1joint2": {"matrix": [[0.21030625700950623, -0.9573184251785278, 0.19827419519424438, -1.4774999618530273], [-0.9356539845466614, -0.2558862566947937, -0.2430507391691208, -0.9041186571121216], [0.283412367105484, -0.13440099358558655, -0.9495333433151245, -0.2110486924648285], [0.0, 0.0, 0.0, 1.0]]}, "finger1joint3": {"matrix": [[0.264283686876297, -0.9313132166862488, -0.2506188452243805, -1.8878867626190186], [-0.9454371929168701, -0.19883835315704346, -0.25809258222579956, -1.0138128995895386], [0.1905321627855301, 0.3051539659500122, -0.9330478310585022, -0.2686641812324524], [0.0, 0.0, 0.0, 1.0]]}, "Bone.001": {"matrix": [[0.39721760153770447, 0.18612559139728546, 0.8986518979072571, -1.0302233695983887], [-0.5954006314277649, -0.6928954124450684, 0.40668606758117676, 0.06822752952575684], [0.6983664631843567, -0.6966010332107544, -0.16441087424755096, 0.37150171399116516], [0.0, 0.0, 0.0, 1.0]]}, "finger2joint1": {"matrix": [[0.2741607129573822, -0.5852935910224915, 0.7630643248558044, -0.9122414588928223], [-0.9613185524940491, -0.1449325680732727, 0.23422367870807648, -0.37098750472068787], [-0.02649698592722416, -0.797762930393219, -0.6023884415626526, -0.07006233930587769], [0.0, 0.0, 0.0, 1.0]]}, "finger2joint2": {"matrix": [[0.1484135240316391, -0.8396299481391907, 0.5224890112876892, -1.4186075925827026], [-0.9880008697509766, -0.10305122286081314, 0.11504126340150833, -0.49637576937675476], [-0.042749203741550446, -0.5332933068275452, -0.8448493480682373, -0.7602460384368896], [0.0, 0.0, 0.0, 1.0]]}, "finger2joint3": {"matrix": [[0.003847164334729314, -0.9979342818260193, 0.06412608176469803, -1.737344741821289], [-0.9996010661125183, -0.002043981570750475, 0.028161536902189255, -0.5354956984519958], [-0.027972545474767685, -0.06420882046222687, -0.9975441694259644, -0.9626929759979248], [0.0, 0.0, 0.0, 1.0]]}, "Bone.002": {"matrix": [[0.40030208230018616, -0.037824489176273346, 0.9156022667884827, -1.0302233695983887], [-0.9162188172340393, -0.0354406014084816, 0.39910754561424255, 0.06822755187749863], [0.01735326275229454, -0.9986555576324463, -0.048842400312423706, 0.37150171399116516], [0.0, 0.0, 0.0, 1.0]]}, "finger3joint1": {"matrix": [[0.23215635120868683, -0.24474847316741943, 0.9413828253746033, -1.0461668968200684], [-0.9669580459594727, 0.04673737660050392, 0.25061461329460144, 0.05328898876905441], [-0.10533548891544342, -0.9684593081474304, -0.22581106424331665, -0.04944169521331787], [0.0, 0.0, 0.0, 1.0]]}, "finger3joint2": {"matrix": [[0.15383951365947723, -0.9582256078720093, 0.24111616611480713, -1.2608556747436523], [-0.9563879370689392, -0.08307978510856628, 0.2800353169441223, 0.09428614377975464], [-0.2483052909374237, -0.27368101477622986, -0.9292163252830505, -0.8989561796188354], [0.0, 0.0, 0.0, 1.0]]}, "finger3joint3": {"matrix": [[0.06336785852909088, -0.9628044962882996, -0.2626633942127228, -1.8809045553207397], [-0.9927869439125061, -0.08765566349029541, 0.08179482817649841, 0.0405268520116806], [-0.10177651047706604, 0.255585640668869, -0.9614141583442688, -1.0760498046875], [0.0, 0.0, 0.0, 1.0]]}, "Bone.003": {"matrix": [[0.7406529188156128, 0.14338970184326172, 0.656408965587616, -1.0302233695983887], [-0.41503939032554626, 0.8659201860427856, 0.2791494131088257, 0.06822755932807922], [-0.5283706188201904, -0.4791882038116455, 0.7008587121963501, 0.3715016841888428], [0.0, 0.0, 0.0, 1.0]]}, "finger4joint1": {"matrix": [[0.15055039525032043, -0.47762247920036316, 0.8655698895454407, -0.9687637090682983], [-0.9484801888465881, 0.17711836099624634, 0.2627052664756775, 0.4393777847290039], [-0.2787824273109436, -0.8605262041091919, -0.4263501465320587, 0.16611230373382568], [0.0, 0.0, 0.0, 1.0]]}, "finger4joint2": {"matrix": [[0.15624842047691345, -0.8725014328956604, 0.46295514702796936, -1.4432144165039062], [-0.9389209747314453, 0.014298184774816036, 0.34383490681648254, 0.6153199076652527], [-0.30661600828170776, -0.48840197920799255, -0.8169758915901184, -0.6886991262435913], [0.0, 0.0, 0.0, 1.0]]}, "finger4joint3": {"matrix": [[0.2214459925889969, -0.9539787173271179, 0.20220313966274261, -1.8071023225784302], [-0.9417889714241028, -0.1554277390241623, 0.298119455575943, 0.6212831139564514], [-0.2529717683792114, -0.2564500570297241, -0.9328655004501343, -0.8923934698104858], [0.0, 0.0, 0.0, 1.0]]}}