{"root": {"matrix": [[0.4417596459388733, -0.5930126309394836, 0.6731897592544556, 5.960464477539063e-08], [-0.10631120204925537, -0.7796944975852966, -0.6170691847801208, -5.960464477539063e-08], [0.8908121585845947, 0.20102860033512115, -0.40748149156570435, 1.4901161193847656e-08], [0.0, 0.0, 0.0, 1.0]]}, "carpals": {"matrix": [[-0.8443998098373413, -0.44398826360702515, 0.2997717559337616, 0.3428933024406433], [-0.4823088049888611, 0.386504203081131, -0.7861250042915344, -0.9342228174209595], [0.23316729068756104, -0.8083863258361816, -0.540503740310669, 2.2571301460266113], [0.0, 0.0, 0.0, 1.0]]}, "metacarpals": {"matrix": [[0.04118172451853752, -0.5000637173652649, 0.8650087118148804, -0.08954864740371704], [-0.9455092549324036, 0.26035070419311523, 0.1955237239599228, -0.5577700734138489], [-0.3229801654815674, -0.8259257674217224, -0.4620933532714844, 1.4697667360305786], [0.0, 0.0, 0.0, 1.0]]}, "finger5joint1": {"matrix": [[-0.023617075756192207, -0.7142995595932007, 0.6994412541389465, -0.7379821538925171], [-0.8452129364013672, 0.38791170716285706, 0.3676130771636963, -0.3237236440181732], [-0.5339074730873108, -0.5824947357177734, -0.612896740436554, 1.2451984882354736], [0.0, 0.0, 0.0, 1.0]]}, "finger5joint2": {"matrix": [[0.7033988237380981, -0.6683242321014404, -0.24201692640781403, -1.4924769401550293], [0.3681330680847168, 0.05127139389514923, 0.9283581972122192, 0.08601674437522888], [-0.6080360412597656, -0.7421003580093384, 0.2820967733860016, 0.6299253106117249], [0.0, 0.0, 0.0, 1.0]]}, "finger5joint3": {"matrix": [[0.6501878499984741, -0.6285874843597412, -0.42677029967308044, -1.9518396854400635], [0.3196410536766052, -0.2832717299461365, 0.904204785823822, 0.12125737220048904], [-0.6892640590667725, -0.7243162989616394, 0.016742819920182228, 0.11985372006893158], [0.0, 0.0, 0.0, 1.0]]}, "Bone": {"matrix": [[0.4254544675350189, -0.18108923733234406, 0.8866763114929199, -0.8702869415283203], [-0.41886427998542786, -0.907915472984314, 0.015557026490569115, -0.15129029750823975], [0.8022098541259766, -0.37801605463027954, -0.4621286690235138, 0.18026739358901978], [0.0, 0.0, 0.0, 1.0]]}, "finger1joint1": {"matrix": [[0.24938592314720154, -0.8707302212715149, 0.42383402585983276, -1.0209871530532837], [-0.9591897130012512, -0.16186784207820892, 0.23184850811958313, -0.9068464636802673], [-0.1332726627588272, -0.464356929063797, -0.8755630850791931, -0.13431289792060852], [0.0, 0.0, 0.0, 1.0]]}, "finger1joint2": {"matrix": [[0.12586960196495056, -0.9915763735771179, -0.03054346889257431, -1.5131049156188965], [-0.9808022975921631, -0.11976161599159241, -0.1538958102464676, -0.9983305931091309], [0.14894132316112518, 0.04932805895805359, -0.9876148104667664, -0.3967573940753937], [0.0, 0.0, 0.0, 1.0]]}, "finger1joint3": {"matrix": [[0.1584220677614212, -0.7907798290252686, -0.5912440419197083, -1.938177466392517], [-0.9862878322601318, -0.09869318455457687, -0.1322723925113678, -1.0496704578399658], [0.04624636471271515, 0.6040917634963989, -0.7955715656280518, -0.37561124563217163], [0.0, 0.0, 0.0, 1.0]]}, "Bone.001": {"matrix": [[0.4405041038990021, -0.010098855942487717, 0.8976936340332031, -0.8702869415283203], [-0.6963772773742676, -0.6349160671234131, 0.33457431197166443, -0.15129032731056213], [0.5665811896324158, -0.772515058517456, -0.28671586513519287, 0.18026742339134216], [0.0, 0.0, 0.0, 1.0]]}, "finger2joint1": {"matrix": [[0.08411144465208054, -0.882767379283905, 0.4622192680835724, -0.8766883611679077], [-0.9746645092964172, 0.023593630641698837, 0.22242307662963867, -0.5537533164024353], [-0.20725348591804504, -0.4692170023918152, -0.858417809009552, -0.3094172179698944], [0.0, 0.0, 0.0, 1.0]]}, "finger2joint2": {"matrix": [[-0.039139583706855774, -0.9341538548469543, -0.3547171950340271, -1.6404136419296265], [-0.9849041700363159, -0.023837484419345856, 0.17145070433616638, -0.5333412289619446], [-0.1686171144247055, 0.35607317090034485, -0.9191190600395203, -0.7153598666191101], [0.0, 0.0, 0.0, 1.0]]}, "finger2joint3": {"matrix": [[-0.11417367309331894, -0.451176255941391, -0.8851010799407959, -1.995033860206604], [-0.9924920797348022, 0.012468954548239708, 0.12167046219110489, -0.5423904061317444], [-0.04385872557759285, 0.8923476338386536, -0.4492124021053314, -0.5801886320114136], [0.0, 0.0, 0.0, 1.0]]}, "Bone.002": {"matrix": [[0.29451829195022583, -0.20780520141124725, 0.932778537273407, -0.8702869415283203], [-0.9470216035842896, 0.06736999750137329, 0.31402426958084106, -0.15129037201404572], [-0.12809737026691437, -0.9758473038673401, -0.1769544631242752, 0.18026742339134216], [0.0, 0.0, 0.0, 1.0]]}, "finger3joint1": {"matrix": [[0.11636939644813538, -0.3471407890319824, 0.9305649995803833, -0.957878828048706], [-0.9731781482696533, 0.14735326170921326, 0.17666740715503693, -0.12289325147867203], [-0.19845043122768402, -0.9261640310287476, -0.320682555437088, -0.231062114238739], [0.0, 0.0, 0.0, 1.0]]}, "finger3joint2": {"matrix": [[0.02382662519812584, -0.9892494678497314, 0.1442827731370926, -1.2623844146728516], [-0.9437467455863953, 0.0253556240350008, 0.32969552278518677, 0.006362311542034149], [-0.32980963587760925, -0.144021674990654, -0.9329968690872192, -1.0434761047363281], [0.0, 0.0, 0.0, 1.0]]}, "finger3joint3": {"matrix": [[-0.04988640546798706, -0.8964896202087402, -0.44024717807769775, -1.90250825881958], [-0.9833127856254578, -0.03312717378139496, 0.1788814663887024, 0.022769438102841377], [-0.17494964599609375, 0.44182461500167847, -0.8798769116401672, -1.136669635772705], [0.0, 0.0, 0.0, 1.0]]}, "Bone.003": {"matrix": [[0.591849148273468, 0.15551160275936127, 0.7909049391746521, -0.8702868819236755], [-0.4285224676132202, 0.8917669057846069, 0.14532804489135742, -0.1512903869152069], [-0.6827027797698975, -0.42493271827697754, 0.5944315791130066, 0.18026737868785858], [0.0, 0.0, 0.0, 1.0]]}, "finger4joint1": {"matrix": [[0.013821144588291645, -0.6293274760246277, 0.7770171165466309, -0.803631603717804], [-0.9357288479804993, 0.26577070355415344, 0.231899231672287, 0.23093822598457336], [-0.35244908928871155, -0.7302823066711426, -0.5852066874504089, -0.001867055892944336], [0.0, 0.0, 0.0, 1.0]]}, "finger4joint2": {"matrix": [[0.01439308375120163, -0.8857814073562622, 0.4638789892196655, -1.4287796020507812], [-0.9247380495071411, 0.16467225551605225, 0.34313586354255676, 0.4949439764022827], [-0.38033151626586914, -0.4339051842689514, -0.8167458176612854, -0.7272995710372925], [0.0, 0.0, 0.0, 1.0]]}, "finger4joint3": {"matrix": [[0.08118724822998047, -0.9764111638069153, 0.20007392764091492, -1.7982062101364136], [-0.9401463866233826, -0.008366658352315426, 0.3406674563884735, 0.5636225938796997], [-0.33095768094062805, -0.21575644612312317, -0.9186488389968872, -0.9082652926445007], [0.0, 0.0, 0.0, 1.0]]}}