{"root": {"matrix": [[0.4592723846435547, -0.5219976902008057, 0.7187400460243225, 0.0], [0.4440006911754608, -0.5658994913101196, -0.6947094202041626, 0.0], [0.7693713903427124, 0.6381818652153015, -0.028134725987911224, 0.0], [0.0, 0.0, 0.0, 1.0]]}, "carpals": {"matrix": [[-0.8383234739303589, -0.5096567273139954, 0.19355472922325134, 0.4468873143196106], [-0.161139577627182, -0.10752536356449127, -0.9810566902160645, 0.528287947177887], [0.5208142995834351, -0.8536322116851807, 0.008015032857656479, 2.367739200592041], [0.0, 0.0, 0.0, 1.0]]}, "metacarpals": {"matrix": [[-0.24312767386436462, -0.49048659205436707, 0.8368461728096008, -0.0495152473449707], [-0.9317165017127991, -0.1218792051076889, -0.3421252369880676, 0.42355889081954956], [0.2698019742965698, -0.8628835082054138, -0.42736244201660156, 1.536306619644165], [0.0, 0.0, 0.0, 1.0]]}, "finger5joint1": {"matrix": [[-0.29682105779647827, -0.6678292155265808, 0.6825695037841797, -0.6310116648674011], [-0.9545223712921143, 0.18653205037117004, -0.23257829248905182, 0.658229649066925], [0.02800149843096733, -0.7205619215965271, -0.6928247213363647, 1.1723475456237793], [0.0, 0.0, 0.0, 1.0]]}, "finger5joint2": {"matrix": [[0.6314442157745361, -0.7753357887268066, 0.011488470248878002, -1.3364211320877075], [-0.24940133094787598, -0.18904264271259308, 0.9497691988945007, 0.8552582263946533], [-0.7342185974121094, -0.602591335773468, -0.31273970007896423, 0.4112378656864166], [0.0, 0.0, 0.0, 1.0]]}, "finger5joint3": {"matrix": [[0.5547104477882385, -0.8077468872070312, -0.19960127770900726, -1.8693366050720215], [-0.3178691267967224, -0.42742687463760376, 0.8463245034217834, 0.7253226637840271], [-0.7689311504364014, -0.40601781010627747, -0.49385595321655273, -0.002944275736808777], [0.0, 0.0, 0.0, 1.0]]}, "Bone": {"matrix": [[0.37449339032173157, -0.45165905356407166, 0.8097891807556152, -0.8153009414672852], [0.004992683418095112, -0.872347891330719, -0.48886001110076904, 0.23327162861824036], [0.9272158741950989, 0.18711787462234497, -0.32443371415138245, 0.18910588324069977], [0.0, 0.0, 0.0, 1.0]]}, "finger1joint1": {"matrix": [[0.18710549175739288, -0.5907557606697083, 0.7848559617996216, -1.1911661624908447], [-0.7456061840057373, -0.6055939197540283, -0.2780778706073761, -0.4926855266094208], [0.6395800113677979, -0.5331635475158691, -0.553781270980835, 0.34482306241989136], [0.0, 0.0, 0.0, 1.0]]}, "finger1joint2": {"matrix": [[-0.04895645007491112, -0.8048375248908997, 0.5914725065231323, -1.5250484943389893], [-0.6132777333259583, -0.44318440556526184, -0.6538179516792297, -0.834954023361206], [0.7883485555648804, -0.3947453796863556, -0.4718923568725586, 0.043490588665008545], [0.0, 0.0, 0.0, 1.0]]}, "finger1joint3": {"matrix": [[0.04075566679239273, -0.9812737703323364, 0.18825657665729523, -1.870069146156311], [-0.6596647500991821, -0.1679385006427765, -0.7325565218925476, -1.0249398946762085], [0.7504540085792542, -0.09433018416166306, -0.6541562080383301, -0.1257302612066269], [0.0, 0.0, 0.0, 1.0]]}, "Bone.001": {"matrix": [[0.2923245429992676, -0.25332945585250854, 0.9221552014350891, -0.8153010010719299], [-0.3481031358242035, -0.9263113737106323, -0.14412206411361694, 0.23327159881591797], [0.8907132148742676, -0.27887478470802307, -0.3589685261249542, 0.18910588324069977], [0.0, 0.0, 0.0, 1.0]]}, "finger2joint1": {"matrix": [[-0.19848419725894928, -0.7801481485366821, 0.5932727456092834, -0.975882351398468], [-0.9014905095100403, -0.0922134518623352, -0.42286086082458496, -0.35390204191207886], [0.38460180163383484, -0.618760883808136, -0.6849934458732605, 0.012331724166870117], [0.0, 0.0, 0.0, 1.0]]}, "finger2joint2": {"matrix": [[-0.32219406962394714, -0.9052411913871765, -0.27699998021125793, -1.6508266925811768], [-0.8631845712661743, 0.4010694921016693, -0.30668479204177856, -0.4336804151535034], [0.38871997594833374, 0.14029033482074738, -0.9106124639511108, -0.5229885578155518], [0.0, 0.0, 0.0, 1.0]]}, "finger2joint3": {"matrix": [[-0.3978483974933624, -0.4238530099391937, -0.8136736750602722, -1.9944711923599243], [-0.7806073427200317, 0.6223729848861694, 0.05747849866747856, -0.281427800655365], [0.48204612731933594, 0.6580276489257812, -0.5784727334976196, -0.4697320759296417], [0.0, 0.0, 0.0, 1.0]]}, "Bone.002": {"matrix": [[0.018345963209867477, -0.27599623799324036, 0.9609835147857666, -0.8153009414672852], [-0.8930801153182983, -0.43665358424186707, -0.10835816711187363, 0.23327161371707916], [0.44952329993247986, -0.8562472462654114, -0.25449779629707336, 0.18910589814186096], [0.0, 0.0, 0.0, 1.0]]}, "finger3joint1": {"matrix": [[-0.14518851041793823, -0.4122164845466614, 0.8994429707527161, -0.9316360950469971], [-0.8932573795318604, -0.33630064129829407, -0.2983173429965973, 0.049217745661735535], [0.42545464634895325, -0.8467461466789246, -0.31938859820365906, -0.17181086540222168], [0.0, 0.0, 0.0, 1.0]]}, "finger3joint2": {"matrix": [[-0.24332396686077118, -0.9559168219566345, 0.1643662452697754, -1.293224811553955], [-0.9229428172111511, 0.17607204616069794, -0.3423086106777191, -0.24577897787094116], [0.2982783019542694, -0.23499229550361633, -0.9250991940498352, -0.9145609736442566], [0.0, 0.0, 0.0, 1.0]]}, "finger3joint3": {"matrix": [[-0.31462228298187256, -0.8679972290992737, -0.3841789960861206, -1.9117798805236816], [-0.8423464298248291, 0.44188255071640015, -0.30853256583213806, -0.13184624910354614], [0.43756747245788574, 0.22654078900814056, -0.8701803088188171, -1.066619873046875], [0.0, 0.0, 0.0, 1.0]]}, "Bone.003": {"matrix": [[0.3875897228717804, 0.34500429034233093, 0.8548369407653809, -0.8153010010719299], [-0.8791295289993286, 0.41730982065200806, 0.2301817685365677, 0.23327162861824036], [-0.2773182690143585, -0.8407285213470459, 0.46504834294319153, 0.18910589814186096], [0.0, 0.0, 0.0, 1.0]]}, "finger4joint1": {"matrix": [[-0.25033509731292725, -0.7466597557067871, 0.6163045167922974, -0.6674254536628723], [-0.930782675743103, 0.01044053491204977, -0.3654234707355499, 0.4121387302875519], [0.26641252636909485, -0.6651237607002258, -0.6975917816162109, -0.1712467074394226], [0.0, 0.0, 0.0, 1.0]]}, "finger4joint2": {"matrix": [[-0.2554374635219574, -0.9262951612472534, 0.27699926495552063, -1.40912663936615], [-0.9371814727783203, 0.16682390868663788, -0.3063662052154541, 0.42250990867614746], [0.2375754863023758, -0.33785581588745117, -0.9107199907302856, -0.8319534063339233], [0.0, 0.0, 0.0, 1.0]]}, "finger4joint3": {"matrix": [[-0.18157891929149628, -0.9833759665489197, -0.0006232464220374823, -1.79544997215271], [-0.9432229995727539, 0.1743440330028534, -0.2827262580394745, 0.49208593368530273], [0.27813491225242615, -0.0507490448653698, -0.9592002034187317, -0.9728605151176453], [0.0, 0.0, 0.0, 1.0]]}}