{"root": {"matrix": [[0.32307499647140503, -0.7841789722442627, -0.5297979712486267, -5.960464477539063e-08], [-0.5739463567733765, 0.28276145458221436, -0.7685255408287048, -2.9802322387695312e-08], [0.7524679899215698, 0.5523670315742493, -0.35872358083724976, 0.0], [0.0, 0.0, 0.0, 1.0]]}, "carpals": {"matrix": [[0.7883206605911255, -0.5366785526275635, -0.30087628960609436, 0.022621750831604004], [0.4765893518924713, 0.22336922585964203, 0.850275456905365, -0.9347907900810242], [-0.3891180455684662, -0.8136842846870422, 0.43186208605766296, 2.282682418823242], [0.0, 0.0, 0.0, 1.0]]}, "metacarpals": {"matrix": [[0.5627120137214661, -0.6653726100921631, 0.4905449151992798, -0.5001000165939331], [-0.2460288405418396, 0.43171972036361694, 0.8678061366081238, -0.717230498790741], [-0.7891925573348999, -0.6090131402015686, 0.07923318445682526, 1.4901589155197144], [0.0, 0.0, 0.0, 1.0]]}, "finger5joint1": {"matrix": [[0.35232722759246826, -0.8974315524101257, 0.26548442244529724, -1.1803386211395264], [-0.06438610702753067, 0.25975877046585083, 0.9635244607925415, -0.7846788763999939], [-0.9336593151092529, -0.3565693795681, 0.033738162368535995, 1.2484960556030273], [0.0, 0.0, 0.0, 1.0]]}, "finger5joint2": {"matrix": [[0.28295156359672546, -0.24959696829319, -0.9260881543159485, -2.1282706260681152], [0.9591184854507446, 0.06814994663000107, 0.27467575669288635, -0.5103029012680054], [-0.005445183254778385, -0.9659483432769775, 0.2586764991283417, 0.8718616962432861], [0.0, 0.0, 0.0, 1.0]]}, "finger5joint3": {"matrix": [[0.3089686334133148, 0.23899105191230774, -0.9205548167228699, -2.2998275756835938], [0.9447088837623596, -0.1888957917690277, 0.26803502440452576, -0.4634610712528229], [-0.10983078181743622, -0.952471137046814, -0.2841397225856781, 0.2079314887523651], [0.0, 0.0, 0.0, 1.0]]}, "Bone": {"matrix": [[0.7004063725471497, 0.3586145341396332, 0.617111325263977, -1.5389314889907837], [-0.5363672971725464, -0.3059711754322052, 0.786569356918335, -0.04319611191749573], [0.4708934426307678, -0.8819167613983154, -0.021954890340566635, 0.5393203496932983], [0.0, 0.0, 0.0, 1.0]]}, "finger1joint1": {"matrix": [[0.7000117897987366, -0.6588210463523865, 0.27556881308555603, -1.2404967546463013], [-0.28028756380081177, 0.10144904255867004, 0.954539954662323, -0.2978215515613556], [-0.6568273901939392, -0.7454278469085693, -0.1136436015367508, -0.19459989666938782], [0.0, 0.0, 0.0, 1.0]]}, "finger1joint2": {"matrix": [[0.5959100723266602, -0.7715117931365967, 0.2228468656539917, -1.612848162651062], [-0.5595681667327881, -0.19988328218460083, 0.8043195009231567, -0.24048474431037903], [-0.575998842716217, -0.6040002107620239, -0.5508257150650024, -0.6158995628356934], [0.0, 0.0, 0.0, 1.0]]}, "finger1joint3": {"matrix": [[0.6433159112930298, -0.7384098768234253, -0.20222623646259308, -1.943582534790039], [-0.46752363443374634, -0.5880671143531799, 0.6599988341331482, -0.3261714279651642], [-0.6062725186347961, -0.33004236221313477, -0.7235368490219116, -0.8748245239257812], [0.0, 0.0, 0.0, 1.0]]}, "Bone.001": {"matrix": [[0.8480022549629211, 0.2699950933456421, 0.4560641944408417, -1.5389312505722046], [-0.5115240216255188, 0.191764697432518, 0.8375971913337708, -0.04319612681865692], [0.13869009912014008, -0.9435722231864929, 0.30072611570358276, 0.5393203496932983], [0.0, 0.0, 0.0, 1.0]]}, "finger2joint1": {"matrix": [[0.630305290222168, -0.25697943568229675, 0.7325820922851562, -1.367785930633545], [-0.31698814034461975, 0.7761960625648499, 0.5450116991996765, 0.07836031913757324], [-0.7086843252182007, -0.5757436156272888, 0.4077812433242798, -0.05879458785057068], [0.0, 0.0, 0.0, 1.0]]}, "finger2joint2": {"matrix": [[0.5340754985809326, -0.4560075104236603, 0.7119131684303284, -1.590111255645752], [-0.2945006489753723, 0.6889791488647461, 0.6622512340545654, 0.7498855590820312], [-0.7924851179122925, -0.5633509755134583, 0.23367252945899963, -0.5568985939025879], [0.0, 0.0, 0.0, 1.0]]}, "finger2joint3": {"matrix": [[0.41248589754104614, -0.8574011325836182, 0.30776357650756836, -1.7632192373275757], [-0.2715211808681488, 0.20677149295806885, 0.9399581551551819, 1.0114333629608154], [-0.8695581555366516, -0.47128385305404663, -0.14751209318637848, -0.7707558870315552], [0.0, 0.0, 0.0, 1.0]]}, "Bone.002": {"matrix": [[0.7887969613075256, -0.34090617299079895, 0.5114511847496033, -1.5389313697814941], [-0.24604925513267517, 0.5873874425888062, 0.7709963917732239, -0.04319612681865692], [-0.5632575750350952, -0.7340016961097717, 0.3794499337673187, 0.5393203496932983], [0.0, 0.0, 0.0, 1.0]]}, "finger3joint1": {"matrix": [[0.8269534111022949, 0.07586809247732162, 0.5571284890174866, -1.682626724243164], [-0.5332230925559998, 0.4201742708683014, 0.7342522740364075, 0.20439353585243225], [-0.17838500440120697, -0.9042661190032959, 0.3879193067550659, 0.2299312949180603], [0.0, 0.0, 0.0, 1.0]]}, "finger3joint2": {"matrix": [[0.8063032627105713, -0.5684226155281067, 0.1636177897453308, -1.6160767078399658], [-0.48815321922302246, -0.48324793577194214, 0.7267583012580872, 0.5729626417160034], [-0.334038108587265, -0.6658582091331482, -0.6671215891838074, -0.5632743239402771], [0.0, 0.0, 0.0, 1.0]]}, "finger3joint3": {"matrix": [[0.7380968928337097, -0.6465176939964294, -0.1929452121257782, -1.9838917255401611], [-0.6267821788787842, -0.7628890872001648, 0.1585691124200821, 0.26026245951652527], [-0.24971377849578857, 0.0038950773887336254, -0.9683117270469666, -0.9941380620002747], [0.0, 0.0, 0.0, 1.0]]}, "Bone.003": {"matrix": [[0.6265573501586914, -0.4820476770401001, 0.6124181151390076, -1.5389313697814941], [0.5528985261917114, 0.8287309408187866, 0.08664877712726593, -0.04319611191749573], [-0.5492985248565674, 0.2843148410320282, 0.7857710123062134, 0.5393203496932983], [0.0, 0.0, 0.0, 1.0]]}, "finger4joint1": {"matrix": [[0.8182708024978638, -0.13215966522693634, 0.559434175491333, -1.7455463409423828], [-0.4890909492969513, 0.35128143429756165, 0.7983676195144653, 0.31201404333114624], [-0.3020310401916504, -0.9268951416015625, 0.2228054702281952, 0.66118323802948], [0.0, 0.0, 0.0, 1.0]]}, "finger4joint2": {"matrix": [[0.8256763219833374, -0.35392308235168457, 0.43931400775909424, -1.8768283128738403], [-0.46540209650993347, 0.01278302725404501, 0.8850067853927612, 0.6609626412391663], [-0.31884026527404785, -0.9351869225502014, -0.1541617065668106, -0.2595564126968384], [0.0, 0.0, 0.0, 1.0]]}, "finger4joint3": {"matrix": [[0.8457236289978027, -0.39903825521469116, 0.3542875647544861, -2.0244367122650146], [-0.47775042057037354, -0.2704540491104126, 0.8358281254768372, 0.6662939786911011], [-0.23770904541015625, -0.876140832901001, -0.4193699359893799, -0.6495881676673889], [0.0, 0.0, 0.0, 1.0]]}}