{"root": {"matrix": [[0.6740766167640686, -0.6589896082878113, -0.33369654417037964, -5.960464477539063e-08], [-0.4684009253978729, -0.7306569218635559, 0.49673035740852356, 0.0], [-0.5711578726768494, -0.17853061854839325, -0.8011900782585144, 0.0], [0.0, 0.0, 0.0, 1.0]]}, "carpals": {"matrix": [[-0.3270997107028961, -0.7763236165046692, -0.5388201475143433, 0.9168932437896729], [-0.4368029832839966, 0.6298276782035828, -0.6422772407531738, -1.8303009271621704], [0.8379788398742676, 0.02526947855949402, -0.5451170206069946, -1.3763325214385986], [0.0, 0.0, 0.0, 1.0]]}, "metacarpals": {"matrix": [[-0.31512564420700073, -0.9467053413391113, -0.06666789203882217, 0.16075873374938965], [-0.7064854502677917, 0.2809095084667206, -0.6495906710624695, -1.2168525457382202], [0.633698582649231, -0.15760287642478943, -0.7573553323745728, -1.3517202138900757], [0.0, 0.0, 0.0, 1.0]]}, "finger5joint1": {"matrix": [[-0.0986495390534401, -0.9936720132827759, -0.053702522069215775, -0.2967783212661743], [-0.7792520523071289, 0.11070012301206589, -0.6168562173843384, -0.6653617024421692], [0.6188976764678955, -0.019004888832569122, -0.7852414846420288, -1.2413002252578735], [0.0, 0.0, 0.0, 1.0]]}, "finger5joint2": {"matrix": [[0.13347022235393524, -0.8749611377716064, -0.4654330611228943, -1.3463666439056396], [-0.5535648465156555, -0.45536312460899353, 0.6972876787185669, -0.5484322309494019], [-0.822040855884552, 0.16458012163639069, -0.5451253652572632, -1.2613744735717773], [0.0, 0.0, 0.0, 1.0]]}, "finger5joint3": {"matrix": [[0.07662573456764221, -0.7084814310073853, -0.7015567421913147, -1.9477579593658447], [-0.6312032341957092, -0.5791448950767517, 0.5159198641777039, -0.8614193201065063], [-0.7718227505683899, 0.403292179107666, -0.49157342314720154, -1.1482528448104858], [0.0, 0.0, 0.0, 1.0]]}, "Bone": {"matrix": [[0.888873279094696, -0.45353397727012634, -0.0648917481303215, -1.3173112869262695], [-0.33070844411849976, -0.5371237397193909, -0.7759702205657959, -0.7782747745513916], [0.3170740306377411, 0.7111995220184326, -0.6274225115776062, -1.597782015800476], [0.0, 0.0, 0.0, 1.0]]}, "finger1joint1": {"matrix": [[0.023020757362246513, -0.7897626757621765, -0.6129801273345947, -1.6947367191314697], [-0.8396049737930298, 0.31757357716560364, -0.44069311022758484, -1.2252625226974487], [0.5427092909812927, 0.5248062610626221, -0.6557779312133789, -1.0059305429458618], [0.0, 0.0, 0.0, 1.0]]}, "finger1joint2": {"matrix": [[0.2243449091911316, -0.3492688834667206, -0.9097694158554077, -2.1410932540893555], [-0.6717484593391418, 0.6209035515785217, -0.40402066707611084, -1.0457768440246582], [0.7059909701347351, 0.7017762064933777, -0.0953243300318718, -0.7093213796615601], [0.0, 0.0, 0.0, 1.0]]}, "finger1joint3": {"matrix": [[0.14371822774410248, 0.23264192044734955, -0.9618849158287048, -2.2908191680908203], [-0.7315357327461243, 0.67957603931427, 0.05506153777241707, -0.7796057462692261], [0.6664837002754211, 0.6957398653030396, 0.2678532898426056, -0.40848150849342346], [0.0, 0.0, 0.0, 1.0]]}, "Bone.001": {"matrix": [[0.668785035610199, -0.7349367737770081, 0.11222388595342636, -1.31731116771698], [-0.581967830657959, -0.6114518046379089, -0.5361341834068298, -0.7782747745513916], [0.4626442790031433, 0.293247789144516, -0.8366394639015198, -1.597782015800476], [0.0, 0.0, 0.0, 1.0]]}, "finger2joint1": {"matrix": [[-0.19312435388565063, -0.9645094275474548, -0.18006722629070282, -1.7831757068634033], [-0.7214971780776978, 0.26397275924682617, -0.6401249766349792, -1.165864109992981], [0.6649394035339355, 0.006294196471571922, -0.7468705177307129, -1.41189706325531], [0.0, 0.0, 0.0, 1.0]]}, "finger2joint2": {"matrix": [[-0.26208487153053284, -0.04206760972738266, -0.9641273021697998, -2.6176199913024902], [-0.6324136853218079, 0.7621195912361145, 0.1386595368385315, -0.9374884366989136], [0.7289473414421082, 0.6460679173469543, -0.2263442426919937, -1.4064515829086304], [0.0, 0.0, 0.0, 1.0]]}, "finger2joint3": {"matrix": [[-0.17797736823558807, 0.9034956693649292, -0.389896422624588, -2.633589506149292], [-0.5506700277328491, 0.2369278371334076, 0.8003920912742615, -0.6481752991676331], [0.815528154373169, 0.35715606808662415, 0.4553602337837219, -1.161193609237671], [0.0, 0.0, 0.0, 1.0]]}, "Bone.002": {"matrix": [[-0.034928787499666214, -0.9735143780708313, 0.22594116628170013, -1.3173112869262695], [-0.8349700570106506, -0.0958084911108017, -0.5418908596038818, -0.7782748937606812], [0.5491856932640076, -0.2075817883014679, -0.8095089197158813, -1.597782015800476], [0.0, 0.0, 0.0, 1.0]]}, "finger3joint1": {"matrix": [[-0.20853348076343536, -0.9406245946884155, -0.267841100692749, -1.7276573181152344], [-0.7363661527633667, 0.33123841881752014, -0.5899542570114136, -0.8186590671539307], [0.6436448097229004, 0.07420380413532257, -0.7617183923721313, -1.6852797269821167], [0.0, 0.0, 0.0, 1.0]]}, "finger3joint2": {"matrix": [[-0.34409457445144653, 0.14554095268249512, -0.9275864362716675, -2.552755832672119], [-0.6512786746025085, 0.6746235489845276, 0.34744665026664734, -0.5281028151512146], [0.676339328289032, 0.7236717343330383, -0.1373467594385147, -1.6201895475387573], [0.0, 0.0, 0.0, 1.0]]}, "finger3joint3": {"matrix": [[-0.1755567342042923, 0.8119259476661682, -0.5567367672920227, -2.4585790634155273], [-0.6661473512649536, 0.3184201717376709, 0.6744303703308105, -0.09156724810600281], [0.7248637676239014, 0.4892697036266327, 0.4849613904953003, -1.1519159078598022], [0.0, 0.0, 0.0, 1.0]]}, "Bone.003": {"matrix": [[-0.4024243652820587, -0.29168108105659485, 0.8677423000335693, -1.3173112869262695], [-0.8983938097953796, 0.3079686760902405, -0.31311944127082825, -0.7782747745513916], [-0.1759064644575119, -0.9055812358856201, -0.3859785199165344, -1.597782015800476], [0.0, 0.0, 0.0, 1.0]]}, "finger4joint1": {"matrix": [[-0.3204464316368103, -0.6137808561325073, -0.7215169668197632, -1.442331314086914], [-0.7016506791114807, 0.6655130982398987, -0.2545161247253418, -0.6462734937667847], [0.6363961696624756, 0.4246940612792969, -0.6439211368560791, -1.9859317541122437], [0.0, 0.0, 0.0, 1.0]]}, "finger4joint2": {"matrix": [[-0.348304808139801, -0.27337566018104553, -0.8966320753097534, -2.0520360469818115], [-0.6909944415092468, 0.7212291955947876, 0.0485263429582119, 0.014819949865341187], [0.6334113478660583, 0.6364697813987732, -0.44010886549949646, -1.5640580654144287], [0.0, 0.0, 0.0, 1.0]]}, "finger4joint3": {"matrix": [[-0.31122082471847534, -0.03734813630580902, -0.9496031999588013, -2.166050910949707], [-0.7491914629936218, 0.6244032382965088, 0.22098049521446228, 0.3156179189682007], [0.5846821069717407, 0.7802085280418396, -0.22230835258960724, -1.2986102104187012], [0.0, 0.0, 0.0, 1.0]]}}