{"root": {"matrix": [[0.31487369537353516, -0.7846559882164001, 0.5340126752853394, 0.0], [-0.16384519636631012, -0.5991212129592896, -0.7837145924568176, 0.0], [0.9348846077919006, 0.15927565097808838, -0.3172096908092499, 0.0], [0.0, 0.0, 0.0, 1.0]]}, "carpals": {"matrix": [[-0.9615129828453064, -0.2705470621585846, 0.047925546765327454, -0.1159924864768982], [-0.15448734164237976, 0.38809269666671753, -0.90857994556427, -0.8688510656356812], [0.22721417248249054, -0.8810152411460876, -0.41495248675346375, 2.305781364440918], [0.0, 0.0, 0.0, 1.0]]}, "metacarpals": {"matrix": [[-0.3163686692714691, -0.35388970375061035, 0.8801549673080444, -0.37950366735458374], [-0.9470037817955017, 0.17222599685192108, -0.2711491286754608, -0.49085110425949097], [-0.055628836154937744, -0.9192931652069092, -0.3896219730377197, 1.4476779699325562], [0.0, 0.0, 0.0, 1.0]]}, "finger5joint1": {"matrix": [[0.0633966326713562, -0.6537865400314331, 0.7540184259414673, -0.8880130648612976], [-0.9491676092147827, -0.272917240858078, -0.15683376789093018, -0.114858478307724], [0.3083202838897705, -0.705747127532959, -0.6378552317619324, 1.093104362487793], [0.0, 0.0, 0.0, 1.0]]}, "finger5joint2": {"matrix": [[0.7457269430160522, -0.6013140082359314, -0.2869010865688324, -1.5785895586013794], [-0.16360163688659668, -0.5827047824859619, 0.7960459589958191, -0.403133362531662], [-0.6458525657653809, -0.5466954708099365, -0.5329146385192871, 0.3476432263851166], [0.0, 0.0, 0.0, 1.0]]}, "finger5joint3": {"matrix": [[0.7009934782981873, -0.5937656164169312, -0.3950316309928894, -1.9918937683105469], [-0.26086220145225525, -0.7290062308311462, 0.6328509449958801, -0.8036467432975769], [-0.6637459397315979, -0.34057560563087463, -0.6659196019172668, -0.02811974287033081], [0.0, 0.0, 0.0, 1.0]]}, "Bone": {"matrix": [[0.22505545616149902, -0.5071064829826355, 0.8319813013076782, -0.9320237040519714], [-0.29288020730018616, -0.8496060967445374, -0.438623309135437, -0.22195851802825928], [0.9292850494384766, -0.14495642483234406, -0.3397301435470581, 0.01240617036819458], [0.0, 0.0, 0.0, 1.0]]}, "finger1joint1": {"matrix": [[-0.24529127776622772, -0.6463376879692078, 0.7225508093833923, -1.3540315628051758], [-0.9680731296539307, 0.12360554188489914, -0.21807311475276947, -0.9289902448654175], [0.051637377589941025, -0.7529733180999756, -0.6560216546058655, -0.1082247793674469], [0.0, 0.0, 0.0, 1.0]]}, "finger1joint2": {"matrix": [[-0.44065386056900024, -0.8646308183670044, -0.241324782371521, -1.7193275690078735], [-0.8579896688461304, 0.48471859097480774, -0.17000435292720795, -0.8591310977935791], [0.2639654874801636, 0.13214130699634552, -0.9554373621940613, -0.5337889790534973], [0.0, 0.0, 0.0, 1.0]]}, "finger1joint3": {"matrix": [[-0.4308091104030609, -0.3293551504611969, -0.8401955962181091, -2.0899806022644043], [-0.8879976868629456, 0.32062628865242004, 0.3296344578266144, -0.6513401865959167], [0.1608218550682068, 0.8881012797355652, -0.43059512972831726, -0.47714218497276306], [0.0, 0.0, 0.0, 1.0]]}, "Bone.001": {"matrix": [[0.13666509091854095, -0.24057117104530334, 0.9609619379043579, -0.9320237040519714], [-0.6125856041908264, -0.7828706502914429, -0.10886694490909576, -0.22195857763290405], [0.7784991264343262, -0.5737934112548828, -0.25436168909072876, 0.01240617036819458], [0.0, 0.0, 0.0, 1.0]]}, "finger2joint1": {"matrix": [[-0.14787228405475616, -0.4741024672985077, 0.8679633736610413, -1.0845178365707397], [-0.9621604084968567, -0.13412843644618988, -0.23718449473381042, -0.7182074189186096], [0.22886814177036285, -0.8701931238174438, -0.4363289773464203, -0.3513121008872986], [0.0, 0.0, 0.0, 1.0]]}, "finger2joint2": {"matrix": [[-0.26971569657325745, -0.9365566372871399, 0.22386346757411957, -1.4946870803833008], [-0.9442945122718811, 0.21171902120113373, -0.2519577145576477, -0.8342484831809998], [0.18857638537883759, -0.27934980392456055, -0.9414893984794617, -1.104158878326416], [0.0, 0.0, 0.0, 1.0]]}, "finger2joint3": {"matrix": [[-0.3942730724811554, -0.7582911252975464, -0.5191753506660461, -1.8502192497253418], [-0.8874634504318237, 0.46087703108787537, 0.0008166029583662748, -0.7538765072822571], [0.2386566400527954, 0.4610714018344879, -0.854667067527771, -1.2102044820785522], [0.0, 0.0, 0.0, 1.0]]}, "Bone.002": {"matrix": [[-0.08492112904787064, -0.15478868782520294, 0.9842909574508667, -0.9320237636566162], [-0.9831587672233582, -0.14742204546928406, -0.10800685733556747, -0.22195851802825928], [0.1618242710828781, -0.9768863320350647, -0.13966278731822968, 0.012406140565872192], [0.0, 0.0, 0.0, 1.0]]}, "finger3joint1": {"matrix": [[-0.22289735078811646, -0.4047754406929016, 0.8868333697319031, -0.9972686767578125], [-0.9641875624656677, -0.0425911545753479, -0.2617792785167694, -0.28409838676452637], [0.1437329798936844, -0.913423478603363, -0.38078615069389343, -0.399361252784729], [0.0, 0.0, 0.0, 1.0]]}, "finger3joint2": {"matrix": [[-0.31833019852638245, -0.9476552605628967, -0.02480393461883068, -1.352330207824707], [-0.9479019641876221, 0.31853047013282776, -0.00448845187202096, -0.3214585781097412], [0.012154227122664452, 0.022083159536123276, -0.9996821880340576, -1.2005994319915771], [0.0, 0.0, 0.0, 1.0]]}, "finger3joint3": {"matrix": [[-0.35624510049819946, -0.7029209136962891, -0.615622878074646, -1.9655393362045288], [-0.9166602492332458, 0.39065495133399963, 0.08439606428146362, -0.11534377187490463], [0.18117231130599976, 0.5943828821182251, -0.78350830078125, -1.186309814453125], [0.0, 0.0, 0.0, 1.0]]}, "Bone.003": {"matrix": [[0.393540620803833, 0.4871514141559601, 0.7796212434768677, -0.9320237636566162], [-0.7903077602386475, 0.6124953627586365, 0.016213370487093925, -0.22195854783058167], [-0.46961620450019836, -0.6225213408470154, 0.6260412335395813, 0.01240617036819458], [0.0, 0.0, 0.0, 1.0]]}, "finger4joint1": {"matrix": [[-0.32272234559059143, -0.7054875493049622, 0.6309812664985657, -0.7232211828231812], [-0.9446382522583008, 0.2817966341972351, -0.16807439923286438, 0.04056888818740845], [-0.05923408269882202, -0.6502902507781982, -0.7573727369308472, -0.2544185519218445], [0.0, 0.0, 0.0, 1.0]]}, "finger4joint2": {"matrix": [[-0.3265649676322937, -0.9061708450317383, 0.2687179744243622, -1.4240236282348633], [-0.9409996271133423, 0.3383983373641968, -0.0024218845646828413, 0.3204941153526306], [-0.08873914927244186, -0.25365424156188965, -0.9632156491279602, -0.9003902673721313], [0.0, 0.0, 0.0, 1.0]]}, "finger4joint3": {"matrix": [[-0.2540043294429779, -0.9670079350471497, -0.019420389086008072, -1.8019537925720215], [-0.9657360315322876, 0.25246259570121765, 0.060133468359708786, 0.4616274833679199], [-0.05324670299887657, 0.03402935713529587, -0.9980011582374573, -1.0061800479888916], [0.0, 0.0, 0.0, 1.0]]}}