{"root": {"matrix": [[0.4876183569431305, -0.7697296738624573, 0.4120006859302521, -5.960464477539063e-08], [-0.38450726866722107, -0.613012433052063, -0.6901955604553223, 0.0], [0.7838255167007446, 0.1781347244977951, -0.5948828458786011, 0.0], [0.0, 0.0, 0.0, 1.0]]}, "carpals": {"matrix": [[-0.9190309047698975, -0.381587952375412, -0.09885627776384354, 0.3029925227165222], [-0.1488780826330185, 0.5682235360145569, -0.8092941641807556, -1.3919835090637207], [0.3649894893169403, -0.7290488481521606, -0.5790253281593323, 2.0138425827026367], [0.0, 0.0, 0.0, 1.0]]}, "metacarpals": {"matrix": [[-0.35031336545944214, -0.5588295459747314, 0.7516580820083618, -0.0686718225479126], [-0.929253101348877, 0.30790191888809204, -0.20416861772537231, -0.8385372757911682], [-0.11734165996313095, -0.770003616809845, -0.6271564364433289, 1.3037534952163696], [0.0, 0.0, 0.0, 1.0]]}, "finger5joint1": {"matrix": [[-0.18712735176086426, -0.7385596036911011, 0.6476980447769165, -0.6353185176849365], [-0.9793590903282166, 0.19155170023441315, -0.06452453881502151, -0.4157867431640625], [-0.07641258835792542, -0.6464032530784607, -0.7591598629951477, 1.1429171562194824], [0.0, 0.0, 0.0, 1.0]]}, "finger5joint2": {"matrix": [[0.6612352728843689, -0.7433425784111023, -0.1010398343205452, -1.4154385328292847], [-0.05983375012874603, -0.1865178793668747, 0.9806276559829712, -0.21345598995685577], [-0.7477884292602539, -0.6423799991607666, -0.16780908405780792, 0.46013936400413513], [0.0, 0.0, 0.0, 1.0]]}, "finger5joint3": {"matrix": [[0.5935079455375671, -0.7292158007621765, -0.3405759334564209, -1.9263639450073242], [-0.1308813840150833, -0.5049822926521301, 0.8531485199928284, -0.34165626764297485], [-0.7941145896911621, -0.46177545189857483, -0.3951517343521118, 0.01860906183719635], [0.0, 0.0, 0.0, 1.0]]}, "Bone": {"matrix": [[0.43241655826568604, -0.5537445545196533, 0.7116056680679321, -0.9411599636077881], [-0.42935866117477417, -0.8204401731491089, -0.3775298297405243, -0.3578168749809265], [0.7928849458694458, -0.14228403568267822, -0.5925272107124329, 0.10156406462192535], [0.0, 0.0, 0.0, 1.0]]}, "finger1joint1": {"matrix": [[-0.05064322054386139, -0.38176706433296204, 0.9228699803352356, -1.4019793272018433], [-0.9842025637626648, -0.13788801431655884, -0.11104939132928848, -1.0405770540237427], [0.16964751482009888, -0.9139149785041809, -0.36875319480895996, -0.016842961311340332], [0.0, 0.0, 0.0, 1.0]]}, "finger1joint2": {"matrix": [[-0.321567565202713, -0.635580837726593, 0.7018768787384033, -1.6177457571029663], [-0.9007042050361633, -0.023349402472376823, -0.4338047206401825, -1.1185083389282227], [0.2921062707901001, -0.771681010723114, -0.5649621486663818, -0.5333678722381592], [0.0, 0.0, 0.0, 1.0]]}, "finger1joint3": {"matrix": [[-0.2252979427576065, -0.9250389337539673, 0.3058490455150604, -1.8902089595794678], [-0.9385400414466858, 0.12180279195308685, -0.32296526432037354, -1.1285178661346436], [0.26150205731391907, -0.3598148226737976, -0.8956281542778015, -0.8641748428344727], [0.0, 0.0, 0.0, 1.0]]}, "Bone.001": {"matrix": [[0.30028918385505676, -0.39611804485321045, 0.8677076697349548, -0.9411598443984985], [-0.7229335904121399, -0.6879583597183228, -0.06387344747781754, -0.3578169047832489], [0.6222481727600098, -0.6081147789955139, -0.49295371770858765, 0.10156407952308655], [0.0, 0.0, 0.0, 1.0]]}, "finger2joint1": {"matrix": [[0.39984890818595886, -0.6934822201728821, 0.5993353724479675, -1.1922526359558105], [-0.8474438190460205, -0.5288408994674683, -0.04653853178024292, -0.7939024567604065], [0.34922659397125244, -0.4892948567867279, -0.7991439700126648, -0.28390994668006897], [0.0, 0.0, 0.0, 1.0]]}, "finger2joint2": {"matrix": [[0.27839362621307373, -0.9221717119216919, -0.2685069441795349, -1.7922180891036987], [-0.8838534355163574, -0.13656142354011536, -0.4473854601383209, -1.2514286041259766], [0.37589848041534424, 0.3618701994419098, -0.8530827164649963, -0.7072229385375977], [0.0, 0.0, 0.0, 1.0]]}, "finger2joint3": {"matrix": [[0.1936565488576889, -0.16713197529315948, -0.9667283296585083, -2.142289638519287], [-0.8501494526863098, 0.4631994962692261, -0.2503831684589386, -1.303269624710083], [0.48963505029678345, 0.8703522086143494, -0.052385471761226654, -0.5698509812355042], [0.0, 0.0, 0.0, 1.0]]}, "Bone.002": {"matrix": [[-0.0746506005525589, -0.3896409869194031, 0.9179362654685974, -0.9411598443984985], [-0.9967681169509888, 0.0017663981998339295, -0.08031165599822998, -0.3578168749809265], [0.029671110212802887, -0.9209649562835693, -0.38851380348205566, 0.10156401991844177], [0.0, 0.0, 0.0, 1.0]]}, "finger3joint1": {"matrix": [[-0.2775542140007019, -0.6647654175758362, 0.6935780048370361, -1.1053974628448486], [-0.960300624370575, 0.21304522454738617, -0.18009550869464874, -0.3570723235607147], [-0.02804231457412243, -0.7160295248031616, -0.6975063681602478, -0.2866319417953491], [0.0, 0.0, 0.0, 1.0]]}, "finger3joint2": {"matrix": [[-0.40587109327316284, -0.702975332736969, -0.5840325951576233, -1.6885175704956055], [-0.9068138599395752, 0.2301645427942276, 0.35314708948135376, -0.17019300162792206], [-0.11383017897605896, 0.672941267490387, -0.730884850025177, -0.9147197604179382], [0.0, 0.0, 0.0, 1.0]]}, "finger3joint3": {"matrix": [[-0.33624815940856934, -0.1562800258398056, -0.9287160038948059, -2.1433990001678467], [-0.9407342076301575, 0.10204882174730301, 0.3234270215034485, -0.021258056163787842], [0.04422912746667862, 0.9824269413948059, -0.18133142590522766, -0.4792727828025818], [0.0, 0.0, 0.0, 1.0]]}, "Bone.003": {"matrix": [[0.24388056993484497, 0.3424045443534851, 0.9073485136032104, -0.9411599040031433], [-0.7077488899230957, 0.702485978603363, -0.07486438751220703, -0.3578168749809265], [-0.6630337238311768, -0.6239169836044312, 0.4136590361595154, 0.10156404972076416], [0.0, 0.0, 0.0, 1.0]]}, "finger4joint1": {"matrix": [[-0.3572690486907959, -0.6582144498825073, 0.6626554131507874, -0.7943986654281616], [-0.9264014959335327, 0.34005099534988403, -0.1616949588060379, -0.05671772360801697], [-0.11890675872564316, -0.6716535091400146, -0.7312607765197754, -0.1658589243888855], [0.0, 0.0, 0.0, 1.0]]}, "finger4joint2": {"matrix": [[-0.3594008982181549, -0.8620239496231079, 0.3574148118495941, -1.448241949081421], [-0.9213125109672546, 0.3886675238609314, 0.010968228802084923, 0.28107497096061707], [-0.14837050437927246, -0.3253486156463623, -0.9338812232017517, -0.8330519795417786], [0.0, 0.0, 0.0, 1.0]]}, "finger4joint3": {"matrix": [[-0.2916903495788574, -0.9522179961204529, 0.09053870290517807, -1.8077601194381714], [-0.9504937529563904, 0.2991553246974945, 0.08406636118888855, 0.44317373633384705], [-0.10713472962379456, -0.06153489276766777, -0.992338240146637, -0.9687427878379822], [0.0, 0.0, 0.0, 1.0]]}}