{"root": {"matrix": [[0.5537852048873901, -0.7818223237991333, 0.286488801240921, 0.0], [-0.7113112211227417, -0.623053789138794, -0.3253311216831207, 0.0], [0.4328490197658539, -0.023619187995791435, -0.9011569619178772, 0.0], [0.0, 0.0, 0.0, 1.0]]}, "carpals": {"matrix": [[-0.8939201235771179, -0.33128929138183594, -0.3019171357154846, 0.45490145683288574], [-0.11599765717983246, 0.8216213583946228, -0.5581062436103821, -2.1818912029266357], [0.4329562783241272, -0.4638808071613312, -0.7728928327560425, 1.0570716857910156], [0.0, 0.0, 0.0, 1.0]]}, "metacarpals": {"matrix": [[-0.5287726521492004, -0.6609906554222107, 0.532438337802887, 0.13222771883010864], [-0.845012903213501, 0.4688791334629059, -0.25710928440093994, -1.3816368579864502], [-0.0797024741768837, -0.5858697295188904, -0.8064762949943542, 0.6052545309066772], [0.0, 0.0, 0.0, 1.0]]}, "finger5joint1": {"matrix": [[-0.41047099232673645, -0.8225195407867432, 0.3936684727668762, -0.37122583389282227], [-0.9031647443771362, 0.42623573541641235, -0.05114854872226715, -0.8600248098373413], [-0.12572495639324188, -0.3765425384044647, -0.9178283214569092, 0.6166598796844482], [0.0, 0.0, 0.0, 1.0]]}, "finger5joint2": {"matrix": [[0.40673789381980896, -0.911880373954773, 0.05511484295129776, -1.2400305271148682], [-0.0521639883518219, 0.03704947605729103, 0.9979507923126221, -0.4098038077354431], [-0.912054181098938, -0.40877944231033325, -0.03249785676598549, 0.21892842650413513], [0.0, 0.0, 0.0, 1.0]]}, "finger5joint3": {"matrix": [[0.3161787688732147, -0.883449375629425, -0.3457564413547516, -1.866797924041748], [-0.1033392995595932, -0.394356369972229, 0.9131284356117249, -0.3843384385108948], [-0.9430543780326843, -0.25298163294792175, -0.21598215401172638, -0.062040023505687714], [0.0, 0.0, 0.0, 1.0]]}, "Bone": {"matrix": [[0.5239555239677429, -0.7094359397888184, 0.47135019302368164, -0.8997623324394226], [-0.5703308582305908, -0.703239381313324, -0.4244723320007324, -0.6495864391326904], [0.6326079964637756, -0.046420980244874954, -0.7730795741081238, -0.30945077538490295], [0.0, 0.0, 0.0, 1.0]]}, "finger1joint1": {"matrix": [[0.06092364341020584, -0.8064860701560974, 0.5881056785583496, -1.4901461601257324], [-0.9781107902526855, -0.16568639874458313, -0.1258847415447235, -1.2348135709762573], [0.19896532595157623, -0.5675632357597351, -0.7989271283149719, -0.3480817675590515], [0.0, 0.0, 0.0, 1.0]]}, "finger1joint2": {"matrix": [[-0.1049046665430069, -0.8512833118438721, -0.5141124725341797, -1.9459545612335205], [-0.8898301720619202, 0.31119078397750854, -0.3337097465991974, -1.328455924987793], [0.44406864047050476, 0.4224652647972107, -0.7901430726051331, -0.6688562035560608], [0.0, 0.0, 0.0, 1.0]]}, "finger1joint3": {"matrix": [[-0.12512899935245514, 0.2511104643344879, -0.959836483001709, -2.3108856678009033], [-0.9298656582832336, 0.30767056345939636, 0.20171378552913666, -1.1950535774230957], [0.3459659218788147, 0.917759358882904, 0.1950005739927292, -0.4877522587776184], [0.0, 0.0, 0.0, 1.0]]}, "Bone.001": {"matrix": [[0.30475032329559326, -0.6456411480903625, 0.7001959681510925, -0.8997622728347778], [-0.8204337954521179, -0.5513545870780945, -0.15131425857543945, -0.6495864391326904], [0.4837510585784912, -0.5283516049385071, -0.6977315545082092, -0.30945074558258057], [0.0, 0.0, 0.0, 1.0]]}, "finger2joint1": {"matrix": [[-0.37098899483680725, -0.49543341994285583, 0.785437822341919, -1.3090236186981201], [-0.926175057888031, 0.1358519196510315, -0.3517720103263855, -0.999081015586853], [0.0675763338804245, -0.8579567074775696, -0.5092578530311584, -0.6443641185760498], [0.0, 0.0, 0.0, 1.0]]}, "finger2joint2": {"matrix": [[-0.4852621257305145, -0.8732664585113525, 0.04388679563999176, -1.737647294998169], [-0.8736070990562439, 0.48213380575180054, -0.06600956618785858, -0.8815489411354065], [0.03648458421230316, -0.07037165760993958, -0.9968532919883728, -1.3866245746612549], [0.0, 0.0, 0.0, 1.0]]}, "finger2joint3": {"matrix": [[-0.5841884016990662, -0.2938137948513031, -0.7565692663192749, -2.0691535472869873], [-0.8031262755393982, 0.3437599837779999, 0.48663821816444397, -0.6985230445861816], [0.11709718406200409, 0.8919093608856201, -0.43679022789001465, -1.4133387804031372], [0.0, 0.0, 0.0, 1.0]]}, "Bone.002": {"matrix": [[-0.24280090630054474, -0.5900758504867554, 0.7699726819992065, -0.8997622728347778], [-0.9700165390968323, 0.1564721167087555, -0.1859680563211441, -0.6495864391326904], [-0.01074405200779438, -0.7920395731925964, -0.610375165939331, -0.3094507157802582], [0.0, 0.0, 0.0, 1.0]]}, "finger3joint1": {"matrix": [[-0.4469243288040161, -0.8040734529495239, 0.39207690954208374, -1.1484851837158203], [-0.8944224715232849, 0.4096524119377136, -0.17942485213279724, -0.5836318731307983], [-0.01634451374411583, -0.4308716952800751, -0.9022651314735413, -0.643303394317627], [0.0, 0.0, 0.0, 1.0]]}, "finger3joint2": {"matrix": [[-0.5833129286766052, -0.4640827476978302, -0.6666130423545837, -1.8538035154342651], [-0.8107526898384094, 0.28289809823036194, 0.5124925971031189, -0.2242923378944397], [-0.04925541952252388, 0.8394020795822144, -0.5412745475769043, -1.0212560892105103], [0.0, 0.0, 0.0, 1.0]]}, "finger3joint3": {"matrix": [[-0.4852018654346466, -0.1233648806810379, -0.865655779838562, -2.154102325439453], [-0.8703409433364868, 0.1634415239095688, 0.46453559398651123, -0.04123455286026001], [0.08417674154043198, 0.9788095355033875, -0.18667156994342804, -0.47809553146362305], [0.0, 0.0, 0.0, 1.0]]}, "Bone.003": {"matrix": [[-0.05111785978078842, 0.30485373735427856, 0.9510263204574585, -0.8997622728347778], [-0.667191743850708, 0.6981632113456726, -0.25965946912765503, -0.6495864391326904], [-0.7431298494338989, -0.6477903127670288, 0.16770724952220917, -0.3094507157802582], [0.0, 0.0, 0.0, 1.0]]}, "finger4joint1": {"matrix": [[-0.5352743864059448, -0.7292798161506653, 0.42618298530578613, -0.7690960764884949], [-0.8409470915794373, 0.5074751377105713, -0.1878206729888916, -0.35034018754959106], [-0.07930344343185425, -0.45893293619155884, -0.8849244117736816, -0.5871063470840454], [0.0, 0.0, 0.0, 1.0]]}, "finger4joint2": {"matrix": [[-0.5435215830802917, -0.831202507019043, 0.11698812246322632, -1.493532657623291], [-0.8325631618499756, 0.5515817999839783, 0.05094726011157036, 0.15376485884189606], [-0.10687602311372757, -0.0697089433670044, -0.991825520992279, -1.0429913997650146], [0.0, 0.0, 0.0, 1.0]]}, "finger4joint3": {"matrix": [[-0.47419896721839905, -0.8694429993629456, -0.13857761025428772, -1.8401963710784912], [-0.876188337802887, 0.45062944293022156, 0.17095784842967987, 0.3838092088699341], [-0.08619096875190735, 0.20248834788799286, -0.9754841327667236, -1.0720643997192383], [0.0, 0.0, 0.0, 1.0]]}}