{"root": {"matrix": [[0.1820840984582901, -0.6178086400032043, -0.7649561166763306, 0.0], [-0.9727116227149963, 0.0005944889271631837, -0.2320166975259781, 0.0], [0.14379660785198212, 0.7863282561302185, -0.6008414030075073, 5.960464477539063e-08], [0.0, 0.0, 0.0, 1.0]]}, "carpals": {"matrix": [[0.567630410194397, -0.8122270107269287, 0.13447244465351105, -0.10694152116775513], [0.5718663930892944, 0.5064917206764221, 0.6453174352645874, -2.173095226287842], [-0.5922535061836243, -0.2894016206264496, 0.7519856095314026, 1.1624135971069336], [0.0, 0.0, 0.0, 1.0]]}, "metacarpals": {"matrix": [[0.11788307875394821, -0.42008695006370544, 0.8997946381568909, -0.8980457782745361], [-0.35779133439064026, 0.8272855281829834, 0.43310922384262085, -1.6797754764556885], [-0.9263308048248291, -0.3729950487613678, -0.05278051272034645, 0.8805381059646606], [0.0, 0.0, 0.0, 1.0]]}, "finger5joint1": {"matrix": [[0.46904876828193665, -0.457794725894928, 0.7552595734596252, -1.5286072492599487], [-0.6380670666694641, 0.41560590267181396, 0.6481834053993225, -1.3230558633804321], [-0.6106254458427429, -0.7859360575675964, -0.09716429561376572, 0.8519327044487], [0.0, 0.0, 0.0, 1.0]]}, "finger5joint2": {"matrix": [[0.7297925353050232, -0.2547028064727783, -0.6344517469406128, -2.012162923812866], [0.6413832306861877, -0.06623484939336777, 0.7643558979034424, -0.8840628266334534], [-0.2367064505815506, -0.9647480249404907, 0.11502454429864883, 0.021770179271697998], [0.0, 0.0, 0.0, 1.0]]}, "finger5joint3": {"matrix": [[0.7366450428962708, -0.08798681199550629, -0.670531153678894, -2.1872293949127197], [0.5893408060073853, -0.4028022587299347, 0.7003049850463867, -0.9295884370803833], [-0.3317091166973114, -0.9110478162765503, -0.24486799538135529, -0.6413349509239197], [0.0, 0.0, 0.0, 1.0]]}, "Bone": {"matrix": [[0.3556331992149353, -0.09869318455457687, 0.9294000864028931, -1.5539180040359497], [-0.9062513709068298, -0.2795780599117279, 0.3170869052410126, -0.38815295696258545], [0.22854560613632202, -0.955036997795105, -0.18886810541152954, 0.29818934202194214], [0.0, 0.0, 0.0, 1.0]]}, "finger1joint1": {"matrix": [[0.23581856489181519, -0.9336854815483093, 0.26948267221450806, -1.636049509048462], [-0.48621636629104614, 0.12674012780189514, 0.8645982146263123, -0.6208143830299377], [-0.8414173126220703, -0.33491531014442444, -0.4240855574607849, -0.49658066034317017], [0.0, 0.0, 0.0, 1.0]]}, "finger1joint2": {"matrix": [[0.16120176017284393, -0.33483460545539856, -0.9283855557441711, -2.163748264312744], [-0.7287998199462891, -0.6746928095817566, 0.11679058521986008, -0.5491836071014404], [-0.6654807329177856, 0.6577804684638977, -0.35278913378715515, -0.6858675479888916], [0.0, 0.0, 0.0, 1.0]]}, "finger1joint3": {"matrix": [[0.07852758467197418, 0.24104546010494232, -0.96733158826828, -2.307286262512207], [-0.687979519367218, -0.6891266107559204, -0.2275705337524414, -0.8384132981300354], [-0.721468985080719, 0.6833749413490295, 0.11171887814998627, -0.40388786792755127], [0.0, 0.0, 0.0, 1.0]]}, "Bone.001": {"matrix": [[0.4082304537296295, 0.10105952620506287, 0.907267689704895, -1.5539181232452393], [-0.903286337852478, 0.18841524422168732, 0.38545161485671997, -0.3881530165672302], [-0.1319894939661026, -0.9768758416175842, 0.16820257902145386, 0.29818931221961975], [0.0, 0.0, 0.0, 1.0]]}, "finger2joint1": {"matrix": [[0.1494608372449875, -0.2500103712081909, 0.9566379189491272, -1.4898581504821777], [-0.46757322549819946, 0.834621250629425, 0.2911737263202667, -0.2687196731567383], [-0.871226966381073, -0.49081748723983765, 0.007845047861337662, -0.32103627920150757], [0.0, 0.0, 0.0, 1.0]]}, "finger2joint2": {"matrix": [[0.037191931158304214, -0.3965674638748169, 0.9172517657279968, -1.7061543464660645], [-0.41508036851882935, 0.8288282752037048, 0.37516850233078003, 0.45335203409194946], [-0.9090241193771362, -0.3946865200996399, -0.13378168642520905, -0.74566650390625], [0.0, 0.0, 0.0, 1.0]]}, "finger2joint3": {"matrix": [[-0.09064764529466629, -0.6590723395347595, 0.7465965747833252, -1.8566977977752686], [-0.3491275906562805, 0.7231360077857971, 0.5959728956222534, 0.767988920211792], [-0.9326803684234619, -0.20663397014141083, -0.29565098881721497, -0.8954959511756897], [0.0, 0.0, 0.0, 1.0]]}, "Bone.002": {"matrix": [[0.3487454652786255, -0.10510815680027008, 0.9313048720359802, -1.5539181232452393], [-0.5220244526863098, 0.80349200963974, 0.28616538643836975, -0.38815298676490784], [-0.7783745527267456, -0.5859628915786743, 0.2253451943397522, 0.29818931221961975], [0.0, 0.0, 0.0, 1.0]]}, "finger3joint1": {"matrix": [[0.20962975919246674, -0.20520919561386108, 0.9560044407844543, -1.598222255706787], [-0.5393009185791016, 0.7912943959236145, 0.2881099283695221, -0.04947304725646973], [-0.815604031085968, -0.575970470905304, 0.05520934984087944, 0.05120006203651428], [0.0, 0.0, 0.0, 1.0]]}, "finger3joint2": {"matrix": [[0.1372983306646347, -0.7858884930610657, -0.6029331088066101, -1.7782278060913086], [-0.4181603491306305, -0.597784698009491, 0.6839554905891418, 0.644635796546936], [-0.8979371190071106, 0.15821680426597595, -0.4107021987438202, -0.4540305733680725], [0.0, 0.0, 0.0, 1.0]]}, "finger3joint3": {"matrix": [[0.19757209718227386, 0.28423184156417847, -0.9381777048110962, -2.2867610454559326], [-0.556358277797699, -0.7554611563682556, -0.3460400700569153, 0.25782108306884766], [-0.8071125745773315, 0.5903307199478149, 0.008876792155206203, -0.3516516089439392], [0.0, 0.0, 0.0, 1.0]]}, "Bone.003": {"matrix": [[0.6800796985626221, 0.1598501205444336, 0.7154995203018188, -1.5539180040359497], [0.21882961690425873, 0.8871926665306091, -0.4062049984931946, -0.3881530165672302], [-0.6997178196907043, 0.43282434344291687, 0.5683818459510803, 0.29818934202194214], [0.0, 0.0, 0.0, 1.0]]}, "finger4joint1": {"matrix": [[0.34117117524147034, -0.19204434752464294, 0.9201744794845581, -1.485403299331665], [-0.8049969673156738, 0.44576555490493774, 0.3915001451969147, -0.007884979248046875], [-0.48536768555641174, -0.8743063807487488, -0.0025127301923930645, 0.4837062358856201], [0.0, 0.0, 0.0, 1.0]]}, "finger4joint2": {"matrix": [[0.35438430309295654, -0.5454177856445312, 0.7595597505569458, -1.676172137260437], [-0.7868569493293762, 0.26494407653808594, 0.5573688745498657, 0.43492022156715393], [-0.5052399635314941, -0.7951878309249878, -0.3352738320827484, -0.3847939074039459], [0.0, 0.0, 0.0, 1.0]]}, "finger4joint3": {"matrix": [[0.3873467743396759, -0.7075571417808533, 0.5910373330116272, -1.903645634651184], [-0.8142264485359192, 0.03815246745944023, 0.5792917609214783, 0.5454186201095581], [-0.43243172764778137, -0.7056252360343933, -0.5613336563110352, -0.7164371609687805], [0.0, 0.0, 0.0, 1.0]]}}