{"root": {"matrix": [[0.0375482477247715, -0.7145581841468811, -0.6985676288604736, 0.0], [-0.3039368987083435, 0.6577754616737366, -0.6891689300537109, 0.0], [0.9519519209861755, 0.23819760978221893, -0.19248232245445251, 0.0], [0.0, 0.0, 0.0, 1.0]]}, "carpals": {"matrix": [[0.7988863587379456, -0.6013897657394409, -0.010521739721298218, -0.5359694957733154], [0.07087849825620651, 0.076755091547966, 0.9945273399353027, 0.033976681530475616], [-0.5972909331321716, -0.7952601909637451, 0.10394442081451416, 2.4076061248779297], [0.0, 0.0, 0.0, 1.0]]}, "metacarpals": {"matrix": [[0.6060742735862732, -0.3671330213546753, 0.7056111693382263, -1.1217193603515625], [-0.6912904977798462, 0.19566671550273895, 0.6955801248550415, 0.10873571038246155], [-0.39343520998954773, -0.9093555808067322, -0.13520683348178864, 1.6330275535583496], [0.0, 0.0, 0.0, 1.0]]}, "finger5joint1": {"matrix": [[0.7212544083595276, -0.6594782471656799, 0.21184983849525452, -1.727841854095459], [-0.5305671095848083, -0.32936927676200867, 0.781033992767334, 0.055555373430252075], [-0.4452981948852539, -0.6757249236106873, -0.5874563455581665, 1.2387402057647705], [0.0, 0.0, 0.0, 1.0]]}, "finger5joint2": {"matrix": [[0.23530873656272888, 0.1303299069404602, -0.9631425738334656, -2.4244301319122314], [0.6961798667907715, -0.7140988707542419, 0.0734562799334526, -0.29234829545021057], [-0.6782054901123047, -0.6878054738044739, -0.2587667405605316, 0.5249907374382019], [0.0, 0.0, 0.0, 1.0]]}, "finger5joint3": {"matrix": [[0.2991146743297577, 0.294992059469223, -0.9074743390083313, -2.3348500728607178], [0.6213700175285339, -0.7819593548774719, -0.049379680305719376, -0.7831735610961914], [-0.7241746783256531, -0.5491073131561279, -0.4171947240829468, 0.052237942814826965], [0.0, 0.0, 0.0, 1.0]]}, "Bone": {"matrix": [[0.39533689618110657, 0.41613465547561646, 0.8188653588294983, -1.6949161291122437], [-0.358214408159256, -0.751055121421814, 0.5546154975891113, 0.4142257571220398], [0.8458077311515808, -0.5125895738601685, -0.14785420894622803, 0.21327105164527893], [0.0, 0.0, 0.0, 1.0]]}, "finger1joint1": {"matrix": [[0.6707270741462708, -0.3950205147266388, 0.6277610063552856, -1.348613977432251], [-0.6878665089607239, -0.01471350621432066, 0.7256878614425659, -0.21079303324222565], [-0.27742522954940796, -0.9185543060302734, -0.28158992528915405, -0.2132996916770935], [0.0, 0.0, 0.0, 1.0]]}, "finger1joint2": {"matrix": [[0.45551806688308716, -0.7753891348838806, 0.4373498857021332, -1.571871042251587], [-0.8757131099700928, -0.30194026231765747, 0.37677377462387085, -0.21910881996154785], [-0.16009296476840973, -0.5546203851699829, -0.8165575265884399, -0.7324466705322266], [0.0, 0.0, 0.0, 1.0]]}, "finger1joint3": {"matrix": [[0.5256063342094421, -0.8482925295829773, -0.06432449817657471, -1.9042675495147705], [-0.8213839530944824, -0.5257113575935364, 0.22125984728336334, -0.348545640707016], [-0.2215094268321991, -0.06346063315868378, -0.9730909466743469, -0.9702032804489136], [0.0, 0.0, 0.0, 1.0]]}, "Bone.001": {"matrix": [[0.6064331531524658, 0.49751895666122437, 0.620252788066864, -1.694916009902954], [-0.5231223106384277, -0.33782410621643066, 0.7824432849884033, 0.4142257869243622], [0.5988166928291321, -0.7989677786827087, 0.055395759642124176, 0.21327102184295654], [0.0, 0.0, 0.0, 1.0]]}, "finger2joint1": {"matrix": [[0.880017876625061, -0.38816317915916443, 0.27367424964904785, -1.379546880722046], [-0.4737284779548645, -0.7585283517837524, 0.44745463132858276, 0.20008456707000732], [0.03390420228242874, -0.5234156250953674, -0.8514025211334229, -0.29318150877952576], [0.0, 0.0, 0.0, 1.0]]}, "finger2joint2": {"matrix": [[0.8122377395629883, -0.5091552138328552, 0.28465884923934937, -1.7153658866882324], [-0.5796973705291748, -0.7588983178138733, 0.2966882288455963, -0.4561554491519928], [0.06496669352054596, -0.4059975743293762, -0.9115618467330933, -0.7460141181945801], [0.0, 0.0, 0.0, 1.0]]}, "finger2joint3": {"matrix": [[0.7197728157043457, -0.6626975536346436, 0.20678205788135529, -1.9086494445800781], [-0.6870909929275513, -0.7226018309593201, 0.07584277540445328, -0.7442456483840942], [0.09916017204523087, -0.1966678649187088, -0.9754427671432495, -0.9001373648643494], [0.0, 0.0, 0.0, 1.0]]}, "Bone.002": {"matrix": [[0.7717383503913879, 0.007379331160336733, 0.6358973383903503, -1.694916009902954], [-0.6227555274963379, 0.2113272100687027, 0.7533367276191711, 0.4142257869243622], [-0.128823384642601, -0.9773873090744019, 0.16768500208854675, 0.21327105164527893], [0.0, 0.0, 0.0, 1.0]]}, "finger3joint1": {"matrix": [[0.6422088742256165, -0.5311167240142822, 0.5527049899101257, -1.6918054819107056], [-0.7053199410438538, -0.12710040807724, 0.697401762008667, 0.5033023357391357], [-0.30015280842781067, -0.8377113938331604, -0.4562319815158844, -0.19870752096176147], [0.0, 0.0, 0.0, 1.0]]}, "finger3joint2": {"matrix": [[0.5282174348831177, -0.2765929698944092, -0.8027967810630798, -2.15769100189209], [-0.7430605888366699, -0.6081106662750244, -0.2793962061405182, 0.39181217551231384], [-0.41091030836105347, 0.7441084384918213, -0.5267400741577148, -0.9335324764251709], [0.0, 0.0, 0.0, 1.0]]}, "finger3joint3": {"matrix": [[0.641313910484314, 0.4375385046005249, -0.6302986741065979, -2.3366692066192627], [-0.714736819267273, 0.04190670698881149, -0.6981368064880371, -0.0016842465847730637], [-0.27904805541038513, 0.8982225060462952, 0.33960017561912537, -0.45203453302383423], [0.0, 0.0, 0.0, 1.0]]}, "Bone.003": {"matrix": [[0.861301600933075, -0.25299957394599915, 0.4406253695487976, -1.694916009902954], [0.0984812080860138, 0.9338932633399963, 0.3437218964099884, 0.4142257869243622], [-0.4984584152698517, -0.2526547312736511, 0.8292795419692993, 0.21327103674411774], [0.0, 0.0, 0.0, 1.0]]}, "finger4joint1": {"matrix": [[0.6396594643592834, 0.17004527151584625, 0.7496134042739868, -1.8033565282821655], [-0.7650107741355896, 0.2357294112443924, 0.5993244647979736, 0.8145105242729187], [-0.074793741106987, -0.9568257927894592, 0.28087320923805237, 0.10497832298278809], [0.0, 0.0, 0.0, 1.0]]}, "finger4joint2": {"matrix": [[0.6577451229095459, -0.6627197265625, 0.3580135107040405, -1.634440541267395], [-0.7476902604103088, -0.5168449878692627, 0.41692930459976196, 1.048674464225769], [-0.09126989543437958, -0.5419166684150696, -0.8354612588882446, -0.8454931974411011], [0.0, 0.0, 0.0, 1.0]]}, "finger4joint3": {"matrix": [[0.7052500247955322, -0.6893491744995117, -0.16558949649333954, -1.9108364582061768], [-0.7081581354141235, -0.6960635781288147, -0.11835178732872009, 0.8331176042556763], [-0.03367520123720169, 0.20073093473911285, -0.9790671467781067, -1.0715065002441406], [0.0, 0.0, 0.0, 1.0]]}}