{"root": {"matrix": [[0.6924054026603699, -0.6882612705230713, -0.21649760007858276, 0.0], [-0.550971508026123, -0.698115885257721, 0.45723581314086914, -5.960464477539063e-08], [-0.46583816409111023, -0.19730858504772186, -0.8625915050506592, 0.0], [0.0, 0.0, 0.0, 1.0]]}, "carpals": {"matrix": [[-0.5934305191040039, -0.628014862537384, -0.5034255385398865, 0.9165153503417969], [-0.6424455642700195, 0.7463681101799011, -0.17377634346485138, -1.9807403087615967], [0.48487481474876404, 0.22029921412467957, -0.8463830947875977, -1.1496317386627197], [0.0, 0.0, 0.0, 1.0]]}, "metacarpals": {"matrix": [[-0.529758095741272, -0.7648957967758179, 0.36645668745040894, 0.30483269691467285], [-0.7705165147781372, 0.6146116256713867, 0.16898727416992188, -1.2537822723388672], [-0.35448625683784485, -0.192838653922081, -0.9149603247642517, -0.9350616335868835], [0.0, 0.0, 0.0, 1.0]]}, "finger5joint1": {"matrix": [[-0.011991048231720924, -0.9860016703605652, 0.16630269587039948, -0.18946385383605957], [-0.9242972135543823, 0.0743807703256607, 0.3743554353713989, -0.8373589515686035], [-0.3814848065376282, -0.14922429621219635, -0.9122505784034729, -0.6065235733985901], [0.0, 0.0, 0.0, 1.0]]}, "finger5joint2": {"matrix": [[0.13124868273735046, -0.9462546110153198, -0.2955930829048157, -1.2309502363204956], [0.3674654960632324, -0.23049454391002655, 0.90102219581604, -0.7587925791740417], [-0.9207292795181274, -0.2268783003091812, 0.31746387481689453, -0.7641450762748718], [0.0, 0.0, 0.0, 1.0]]}, "finger5joint3": {"matrix": [[0.05841125547885895, -0.8806498050689697, -0.47015246748924255, -1.8813440799713135], [0.2941780090332031, -0.4348598122596741, 0.8510909676551819, -0.9172195196151733], [-0.9539636969566345, -0.18802186846733093, 0.23366713523864746, -0.9200865030288696], [0.0, 0.0, 0.0, 1.0]]}, "Bone": {"matrix": [[0.6401220560073853, -0.7012125253677368, 0.31391802430152893, -0.8893819451332092], [-0.738314688205719, -0.674455463886261, -0.0010353762190788984, -0.2942028045654297], [0.2124498337507248, -0.23110762238502502, -0.9494493007659912, -1.2361363172531128], [0.0, 0.0, 0.0, 1.0]]}, "finger1joint1": {"matrix": [[-0.4163004457950592, -0.8774496912956238, 0.2382766753435135, -1.472922444343567], [-0.8365905284881592, 0.4722948968410492, 0.27758529782295227, -0.8554763793945312], [-0.3561040461063385, -0.08378119021654129, -0.9306827187538147, -1.4284611940383911], [0.0, 0.0, 0.0, 1.0]]}, "finger1joint2": {"matrix": [[-0.45144546031951904, -0.8311206102371216, -0.32470816373825073, -1.9688379764556885], [-0.8906574845314026, 0.39765873551368713, 0.22044652700424194, -0.5885454416275024], [-0.054094620048999786, 0.3887232840061188, -0.9197649955749512, -1.475812554359436], [0.0, 0.0, 0.0, 1.0]]}, "finger1joint3": {"matrix": [[-0.4512117803096771, 0.3283727169036865, -0.8298066854476929, -2.3251256942749023], [-0.8777393102645874, -0.3312447667121887, 0.34619438648223877, -0.41807571053504944], [-0.16118836402893066, 0.8845609426498413, 0.43768709897994995, -1.309173345565796], [0.0, 0.0, 0.0, 1.0]]}, "Bone.001": {"matrix": [[0.3974236249923706, -0.733319103717804, 0.551631510257721, -0.8893818855285645], [-0.9175983667373657, -0.3229600489139557, 0.23175349831581116, -0.2942028343677521], [0.008205747231841087, -0.5982806086540222, -0.8012443780899048, -1.2361363172531128], [0.0, 0.0, 0.0, 1.0]]}, "finger2joint1": {"matrix": [[-0.37719330191612244, -0.6320173144340515, -0.6769630908966064, -1.3542211055755615], [-0.8574243187904358, -0.037984393537044525, 0.5132059454917908, -0.4989219605922699], [-0.3500691056251526, 0.7740225195884705, -0.5275797247886658, -1.6153764724731445], [0.0, 0.0, 0.0, 1.0]]}, "finger2joint2": {"matrix": [[-0.36862143874168396, -0.4942363202571869, -0.7873045206069946, -1.9010100364685059], [-0.9010887742042542, -0.01809743046760559, 0.43325671553611755, -0.5317841172218323], [-0.22837944328784943, 0.8691388964653015, -0.4386797845363617, -0.9457317590713501], [0.0, 0.0, 0.0, 1.0]]}, "finger2joint3": {"matrix": [[-0.35104405879974365, -0.25237777829170227, -0.9017057418823242, -2.088630199432373], [-0.9323020577430725, 0.004663559608161449, 0.3616501986980438, -0.5386542081832886], [-0.08706734329462051, 0.9676172733306885, -0.23692955076694489, -0.6157923936843872], [0.0, 0.0, 0.0, 1.0]]}, "Bone.002": {"matrix": [[-0.23518407344818115, -0.7338775396347046, 0.637269139289856, -0.889382004737854], [-0.8864254355430603, 0.4308874309062958, 0.16907380521297455, -0.29420286417007446], [-0.3986707627773285, -0.525128185749054, -0.751865565776825, -1.2361361980438232], [0.0, 0.0, 0.0, 1.0]]}, "finger3joint1": {"matrix": [[-0.3979603946208954, -0.8732662200927734, -0.28112882375717163, -1.1987186670303345], [-0.8500469326972961, 0.2357504516839981, 0.4710010886192322, -0.11257948726415634], [-0.3450331389904022, 0.4264124035835266, -0.8361365795135498, -1.4574830532073975], [0.0, 0.0, 0.0, 1.0]]}, "finger3joint2": {"matrix": [[-0.5198276042938232, -0.36045920848846436, -0.774498701095581, -1.9647316932678223], [-0.8196989297866821, -0.04484511539340019, 0.5710364580154419, 0.09421646595001221], [-0.2405678778886795, 0.9316961765289307, -0.27215635776519775, -1.083441972732544], [0.0, 0.0, 0.0, 1.0]]}, "finger3joint3": {"matrix": [[-0.3994162678718567, 0.011629091575741768, -0.916695773601532, -2.1979777812957764], [-0.9052543640136719, -0.16298966109752655, 0.3923633396625519, 0.06519807130098343], [-0.14484915137290955, 0.9865591526031494, 0.07562795281410217, -0.480559766292572], [0.0, 0.0, 0.0, 1.0]]}, "Bone.003": {"matrix": [[-0.19143305718898773, 0.16917218267917633, 0.9668164849281311, -0.889382004737854], [-0.2791201174259186, 0.9349805116653442, -0.21886831521987915, -0.2942028343677521], [-0.9409809112548828, -0.31175658106803894, -0.13176676630973816, -1.2361361980438232], [0.0, 0.0, 0.0, 1.0]]}, "finger4joint1": {"matrix": [[-0.40017133951187134, -0.8489388823509216, 0.3452032506465912, -0.8168714642524719], [-0.8590624928474426, 0.4786767363548279, 0.18132838606834412, 0.10654792189598083], [-0.3191775381565094, -0.22398875653743744, -0.920844316482544, -1.3697611093521118], [0.0, 0.0, 0.0, 1.0]]}, "finger4joint2": {"matrix": [[-0.41278594732284546, -0.7471003532409668, -0.5210070610046387, -1.6601725816726685], [-0.8442022204399109, 0.09906753897666931, 0.526790201663971, 0.5820457935333252], [-0.34195026755332947, 0.6572870016098022, -0.6715975999832153, -1.5922623872756958], [0.0, 0.0, 0.0, 1.0]]}, "finger4joint3": {"matrix": [[-0.34158793091773987, -0.5337138772010803, -0.7736063003540039, -1.9717605113983154], [-0.8571311235427856, -0.16075178980827332, 0.48937177658081055, 0.6233632564544678], [-0.3855431377887726, 0.8302457332611084, -0.4025520086288452, -1.3181324005126953], [0.0, 0.0, 0.0, 1.0]]}}