{"root": {"matrix": [[0.32241740822792053, -0.8103862404823303, -0.4892045855522156, 0.0], [-0.560012936592102, 0.25336384773254395, -0.7887916564941406, 0.0], [0.7631726264953613, 0.5282810926437378, -0.3721379339694977, 0.0], [0.0, 0.0, 0.0, 1.0]]}, "carpals": {"matrix": [[0.8023963570594788, -0.49326664209365845, -0.33592844009399414, -0.009081214666366577], [0.4798804819583893, 0.19864968955516815, 0.8545482158660889, -0.9297770261764526], [-0.3547879755496979, -0.8468919992446899, 0.3961050510406494, 2.284823179244995], [0.0, 0.0, 0.0, 1.0]]}, "metacarpals": {"matrix": [[0.5470790266990662, -0.6566137671470642, 0.5191943645477295, -0.48951995372772217], [-0.2544803023338318, 0.4604264497756958, 0.8504392504692078, -0.7362934350967407], [-0.7974610924720764, -0.5973821878433228, 0.08479456603527069, 1.4599554538726807], [0.0, 0.0, 0.0, 1.0]]}, "finger5joint1": {"matrix": [[0.3337530195713043, -0.8986548185348511, 0.28465473651885986, -1.1738026142120361], [-0.05983174592256546, 0.2811657786369324, 0.9577920436859131, -0.7787326574325562], [-0.9407597184181213, -0.3366973400115967, 0.04007204994559288, 1.2240930795669556], [0.0, 0.0, 0.0, 1.0]]}, "finger5joint2": {"matrix": [[0.28454434871673584, -0.25892162322998047, -0.9230350255966187, -2.1230268478393555], [0.9580725431442261, 0.04302734136581421, 0.2832756042480469, -0.48174506425857544], [-0.03363024815917015, -0.9649391174316406, 0.2603091895580292, 0.8684489727020264], [0.0, 0.0, 0.0, 1.0]]}, "finger5joint3": {"matrix": [[0.3095134496688843, 0.24203315377235413, -0.9195764660835266, -2.300992727279663], [0.9408503770828247, -0.21813854575157166, 0.25925955176353455, -0.45217087864875793], [-0.1378454864025116, -0.9454285502433777, -0.29523366689682007, 0.20521248877048492], [0.0, 0.0, 0.0, 1.0]]}, "Bone": {"matrix": [[0.68694669008255, 0.34029072523117065, 0.6421107649803162, -1.5146763324737549], [-0.5644621253013611, -0.30664873123168945, 0.7663867473602295, -0.01743990182876587], [0.45769673585891724, -0.8889143466949463, -0.01856996677815914, 0.5272760391235352], [0.0, 0.0, 0.0, 1.0]]}, "finger1joint1": {"matrix": [[0.6924017667770386, -0.6698010563850403, 0.2682279348373413, -1.2314904928207397], [-0.29578304290771484, 0.0755777433514595, 0.952260434627533, -0.2726292014122009], [-0.6580973267555237, -0.7386841773986816, -0.14578542113304138, -0.2124675214290619], [0.0, 0.0, 0.0, 1.0]]}, "finger1joint2": {"matrix": [[0.5911174416542053, -0.7767975330352783, 0.2171766310930252, -1.6100475788116455], [-0.5731133222579956, -0.2150408774614334, 0.7907580137252808, -0.22991430759429932], [-0.5675572752952576, -0.5918977856636047, -0.572307288646698, -0.6299558281898499], [0.0, 0.0, 0.0, 1.0]]}, "finger1joint3": {"matrix": [[0.6381708979606628, -0.7398756146430969, -0.21288955211639404, -1.9430480003356934], [-0.48180732131004333, -0.599478542804718, 0.6391298174858093, -0.3220987915992737], [-0.6004995107650757, -0.3053024709224701, -0.739047110080719, -0.8836926221847534], [0.0, 0.0, 0.0, 1.0]]}, "Bone.001": {"matrix": [[0.8321849703788757, 0.2673214375972748, 0.4858057498931885, -1.5146763324737549], [-0.5403629541397095, 0.1944098323583603, 0.8186649084091187, -0.017439916729927063], [0.12440123409032822, -0.9437921643257141, 0.30623579025268555, 0.5272760391235352], [0.0, 0.0, 0.0, 1.0]]}, "finger2joint1": {"matrix": [[0.6130748391151428, -0.24231880903244019, 0.7519445419311523, -1.3452256917953491], [-0.3285668194293976, 0.7873712778091431, 0.5216223001480103, 0.105793297290802], [-0.7184585928916931, -0.5668575167655945, 0.40309983491897583, -0.07097837328910828], [0.0, 0.0, 0.0, 1.0]]}, "finger2joint2": {"matrix": [[0.5165261626243591, -0.5286977291107178, 0.6735571622848511, -1.5548675060272217], [-0.30281007289886475, 0.6230030059814453, 0.7212300896644592, 0.7869868278503418], [-0.8009411692619324, -0.576494038105011, 0.16170251369476318, -0.5613945126533508], [0.0, 0.0, 0.0, 1.0]]}, "finger2joint3": {"matrix": [[0.39021286368370056, -0.8738691806793213, 0.2899763882160187, -1.7555698156356812], [-0.2925795316696167, 0.18093109130859375, 0.9389678835868835, 1.0234888792037964], [-0.8730010986328125, -0.4512385427951813, -0.18507444858551025, -0.7802411317825317], [0.0, 0.0, 0.0, 1.0]]}, "Bone.002": {"matrix": [[0.7751293778419495, -0.328434020280838, 0.5397272706031799, -1.5146764516830444], [-0.264574259519577, 0.6070197224617004, 0.7493512034416199, -0.017439931631088257], [-0.573737621307373, -0.7236419916152954, 0.38362377882003784, 0.5272760391235352], [0.0, 0.0, 0.0, 1.0]]}, "finger3joint1": {"matrix": [[0.6200303435325623, -0.4076395034790039, 0.670367419719696, -1.653114676475525], [-0.3043821156024933, 0.662530779838562, 0.6844006180763245, 0.23842495679855347], [-0.7231279611587524, -0.6283968091011047, 0.28671109676361084, 0.2222537100315094], [0.0, 0.0, 0.0, 1.0]]}, "finger3joint2": {"matrix": [[0.521294891834259, -0.4539184868335724, -0.7226407527923584, -2.010688543319702], [-0.22210970520973206, -0.8897854685783386, 0.3986840546131134, 0.8195847272872925], [-0.8239653706550598, -0.04732659459114075, -0.5646601319313049, -0.32896435260772705], [0.0, 0.0, 0.0, 1.0]]}, "finger3joint3": {"matrix": [[0.612221360206604, 0.3381287753582001, -0.7147404551506042, -2.304410219192505], [-0.3298594653606415, -0.7123079299926758, -0.6195240616798401, 0.2438221126794815], [-0.7185943126678467, 0.6150494813919067, -0.3245551586151123, -0.35958847403526306], [0.0, 0.0, 0.0, 1.0]]}, "Bone.003": {"matrix": [[0.6390693783760071, -0.45221075415611267, 0.6221702098846436, -1.5146764516830444], [0.5389777421951294, 0.8403760194778442, 0.05719170346856117, -0.01743990182876587], [-0.5487194657325745, 0.29878664016723633, 0.7807902097702026, 0.5272760391235352], [0.0, 0.0, 0.0, 1.0]]}, "finger4joint1": {"matrix": [[0.8071961402893066, -0.15133951604366302, 0.5705529451370239, -1.7085026502609253], [-0.5017974972724915, 0.3330948054790497, 0.7982773184776306, 0.3427615761756897], [-0.3108593225479126, -0.9306683540344238, 0.19293127954006195, 0.6553418040275574], [0.0, 0.0, 0.0, 1.0]]}, "finger4joint2": {"matrix": [[0.8143816590309143, -0.375788152217865, 0.44222787022590637, -1.8588371276855469], [-0.47852155566215515, -0.0037077837623655796, 0.878067672252655, 0.6736443042755127], [-0.3283279538154602, -0.9266979098320007, -0.18284209072589874, -0.26914602518081665], [0.0, 0.0, 0.0, 1.0]]}, "finger4joint3": {"matrix": [[0.8362442255020142, -0.42163607478141785, 0.3505970537662506, -2.015564441680908], [-0.48935073614120483, -0.285291463136673, 0.824101984500885, 0.6720979809761047], [-0.24744896590709686, -0.8607156872749329, -0.44490113854408264, -0.6556373238563538], [0.0, 0.0, 0.0, 1.0]]}}