{"root": {"matrix": [[0.46642476320266724, -0.3753407299518585, 0.80097895860672, 0.0], [0.7042454481124878, -0.39034968614578247, -0.5930138826370239, 0.0], [0.5352442264556885, 0.8406820893287659, 0.08226320147514343, 0.0], [0.0, 0.0, 0.0, 1.0]]}, "carpals": {"matrix": [[-0.7066150307655334, -0.6304461359977722, 0.32129818201065063, 0.5973666906356812], [-0.020405886694788933, -0.435724139213562, -0.8998488187789917, 1.2772225141525269], [0.7073037624359131, -0.6424031257629395, 0.2950243651866913, 2.0240654945373535], [0.0, 0.0, 0.0, 1.0]]}, "metacarpals": {"matrix": [[-0.20812970399856567, -0.48904573917388916, 0.8470631241798401, -0.01668405532836914], [-0.8742119073867798, -0.29539954662323, -0.38534727692604065, 0.8528298139572144], [0.43867456912994385, -0.8207149505615234, -0.3660483658313751, 1.3983688354492188], [0.0, 0.0, 0.0, 1.0]]}, "finger5joint1": {"matrix": [[-0.46479710936546326, -0.6600539684295654, 0.5901627540588379, -0.6077021360397339], [-0.8804881572723389, 0.41479647159576416, -0.22953060269355774, 0.996167778968811], [-0.09329479932785034, -0.626316487789154, -0.7739660739898682, 1.0036200284957886], [0.0, 0.0, 0.0, 1.0]]}, "finger5joint2": {"matrix": [[0.5885555148124695, -0.808456301689148, -0.0003630077699199319, -1.3048988580703735], [-0.24398265779018402, -0.1780470758676529, 0.9532949924468994, 1.4343057870864868], [-0.7707623243331909, -0.560978353023529, -0.3020399808883667, 0.34205925464630127], [0.0, 0.0, 0.0, 1.0]]}, "finger5joint3": {"matrix": [[0.5096348524093628, -0.7952501177787781, -0.3284034729003906, -1.860579252243042], [-0.31164997816085815, -0.5263951420783997, 0.7910639047622681, 1.3119279146194458], [-0.8019639849662781, -0.3008067011833191, -0.516109049320221, -0.04352080821990967], [0.0, 0.0, 0.0, 1.0]]}, "Bone": {"matrix": [[0.37761688232421875, -0.4189930558204651, 0.8257420659065247, -0.7802201509475708], [0.1883390247821808, -0.8383708000183105, -0.5115297436714172, 0.39162907004356384], [0.9066054821014404, 0.348681777715683, -0.2376704066991806, 0.11700496077537537], [0.0, 0.0, 0.0, 1.0]]}, "finger1joint1": {"matrix": [[-0.039763353765010834, -0.6253878474235535, 0.7793000936508179, -1.1289010047912598], [-0.8048562407493591, -0.4421360194683075, -0.3958813548088074, -0.3060528039932251], [0.592136025428772, -0.6429660320281982, -0.4857666790485382, 0.40717363357543945], [0.0, 0.0, 0.0, 1.0]]}, "finger1joint2": {"matrix": [[-0.2626230716705322, -0.8808574676513672, 0.39385154843330383, -1.4823566675186157], [-0.6371055841445923, -0.14824748039245605, -0.7563855648040771, -0.5559384822845459], [0.7246554493904114, -0.44956913590431213, -0.5222660899162292, 0.043783143162727356], [0.0, 0.0, 0.0, 1.0]]}, "finger1joint3": {"matrix": [[-0.18889258801937103, -0.9722833037376404, -0.1377844363451004, -1.8599658012390137], [-0.7045615911483765, 0.2319232076406479, -0.6706746816635132, -0.6194897294044495], [0.6840413212776184, -0.02960764802992344, -0.72884202003479, -0.14893975853919983], [0.0, 0.0, 0.0, 1.0]]}, "Bone.001": {"matrix": [[0.30817288160324097, -0.22062380611896515, 0.9253941178321838, -0.7802202105522156], [-0.16810595989227295, -0.9700585007667542, -0.1752900779247284, 0.39162904024124146], [0.9363596439361572, -0.10154467821121216, -0.3360340893268585, 0.11700494587421417], [0.0, 0.0, 0.0, 1.0]]}, "finger2joint1": {"matrix": [[-0.13849256932735443, -0.6965613961219788, 0.7040040493011475, -0.9200699925422668], [-0.8145107626914978, -0.32426315546035767, -0.48106688261032104, -0.22327518463134766], [0.5633752346038818, -0.6400430798530579, -0.5224489569664001, 0.052637457847595215], [0.0, 0.0, 0.0, 1.0]]}, "finger2joint2": {"matrix": [[-0.2653801143169403, -0.7662978172302246, 0.5851159691810608, -1.5226993560791016], [-0.7925406098365784, -0.17221324145793915, -0.584997296333313, -0.5038111209869385], [0.5490469932556152, -0.6189746856689453, -0.5616203546524048, -0.5010951161384583], [0.0, 0.0, 0.0, 1.0]]}, "finger2joint3": {"matrix": [[-0.40273427963256836, -0.8358228206634521, 0.37310177087783813, -1.8135986328125], [-0.7516000866889954, 0.06933733820915222, -0.6559644937515259, -0.5691860914230347], [0.5224002599716187, -0.544602632522583, -0.6561291813850403, -0.7360681295394897], [0.0, 0.0, 0.0, 1.0]]}, "Bone.002": {"matrix": [[0.05245702713727951, -0.26325294375419617, 0.9632995128631592, -0.7802202105522156], [-0.7940990924835205, -0.5959032773971558, -0.11960700899362564, 0.39162904024124146], [0.6055202484130859, -0.7586809992790222, -0.24030843377113342, 0.11700494587421417], [0.0, 0.0, 0.0, 1.0]]}, "finger3joint1": {"matrix": [[0.1493331640958786, -0.6452950239181519, 0.7491953372955322, -0.8911839723587036], [-0.5968214869499207, -0.6629275679588318, -0.4520300030708313, 0.14044979214668274], [0.7883550524711609, -0.3796326518058777, -0.4841231405735016, -0.20278674364089966], [0.0, 0.0, 0.0, 1.0]]}, "finger3joint2": {"matrix": [[0.01624154858291149, -0.8741235136985779, -0.4854317903518677, -1.4572248458862305], [-0.6761463284492493, 0.34805604815483093, -0.649371325969696, -0.4410579800605774], [0.7365882396697998, 0.33876991271972656, -0.5853824019432068, -0.5357934236526489], [0.0, 0.0, 0.0, 1.0]]}, "finger3joint3": {"matrix": [[0.054253313690423965, -0.5266047120094299, -0.8483771085739136, -2.022852897644043], [-0.5392031073570251, 0.6996530890464783, -0.46877023577690125, -0.21583779156208038], [0.8404263854026794, 0.4828800857067108, -0.24598820507526398, -0.3165821135044098], [0.0, 0.0, 0.0, 1.0]]}, "Bone.003": {"matrix": [[0.4181629717350006, 0.32641252875328064, 0.8476995229721069, -0.7802202105522156], [-0.9010176658630371, 0.26755455136299133, 0.3414405286312103, 0.39162904024124146], [-0.1153554916381836, -0.9065701365470886, 0.4059847295284271, 0.11700496077537537], [0.0, 0.0, 0.0, 1.0]]}, "finger4joint1": {"matrix": [[-0.23791511356830597, -0.7669422030448914, 0.5959829688072205, -0.640313446521759], [-0.8805643320083618, -0.08862443268299103, -0.4655662178993225, 0.5063080787658691], [0.40988120436668396, -0.6355665326118469, -0.6542569994926453, -0.2715686559677124], [0.0, 0.0, 0.0, 1.0]]}, "finger4joint2": {"matrix": [[-0.24388042092323303, -0.9509320855140686, 0.1903945952653885, -1.4021624326705933], [-0.8911903500556946, 0.14231956005096436, -0.4307255744934082, 0.4182722568511963], [0.3824940323829651, -0.27472323179244995, -0.8821706771850586, -0.9029143452644348], [0.0, 0.0, 0.0, 1.0]]}, "finger4joint3": {"matrix": [[-0.16674822568893433, -0.9753978848457336, -0.14419975876808167, -1.7987607717514038], [-0.8935397863388062, 0.2113192081451416, -0.39614444971084595, 0.4776284396648407], [0.41687074303627014, 0.06279203295707703, -0.9067941308021545, -1.0174912214279175], [0.0, 0.0, 0.0, 1.0]]}}