{"root": {"matrix": [[0.4340021312236786, -0.4628087878227234, 0.7729489803314209, 0.0], [0.5825304388999939, -0.5103176832199097, -0.6326406598091125, 0.0], [0.68724125623703, 0.7248336672782898, 0.04812118411064148, 0.0], [0.0, 0.0, 0.0, 1.0]]}, "carpals": {"matrix": [[-0.8379605412483215, -0.4946881830692291, 0.23044610023498535, 0.4415799081325531], [-0.039354655891656876, -0.3663947284221649, -0.9296268224716187, 0.8889955282211304], [0.5443097949028015, -0.7880597114562988, 0.2875559628009796, 2.258246898651123], [0.0, 0.0, 0.0, 1.0]]}, "metacarpals": {"matrix": [[-0.38896727561950684, -0.5151664614677429, 0.7637458443641663, -0.04024338722229004], [-0.8072347640991211, -0.20890158414840698, -0.5520253777503967, 0.5321292877197266], [0.44393274188041687, -0.8312419652938843, -0.3346045911312103, 1.4906816482543945], [0.0, 0.0, 0.0, 1.0]]}, "finger5joint1": {"matrix": [[-0.5392049551010132, -0.6352217197418213, 0.5529475808143616, -0.5801628828048706], [-0.8404932022094727, 0.3644254207611084, -0.4009552299976349, 0.7816429734230042], [0.053187403827905655, -0.6809456944465637, -0.7303997278213501, 1.0760676860809326], [0.0, 0.0, 0.0, 1.0]]}, "finger5joint2": {"matrix": [[0.5022956728935242, -0.8215069770812988, 0.2698604166507721, -1.2511301040649414], [-0.40053591132164, 0.055539291352033615, 0.9145960807800293, 1.1665751934051514], [-0.7663353085517883, -0.5674862861633301, -0.3011460602283478, 0.3568037450313568], [0.0, 0.0, 0.0, 1.0]]}, "finger5joint3": {"matrix": [[0.40778785943984985, -0.9115223288536072, -0.053248800337314606, -1.8157806396484375], [-0.44334399700164795, -0.24864636361598969, 0.8611739873886108, 1.2047494649887085], [-0.7982197403907776, -0.32756859064102173, -0.5055130124092102, -0.03324951231479645], [0.0, 0.0, 0.0, 1.0]]}, "Bone": {"matrix": [[0.38244298100471497, -0.5860203504562378, 0.7143648862838745, -0.8445613384246826], [0.12763461470603943, -0.732221782207489, -0.6689996719360352, 0.20597591996192932], [0.9151209592819214, 0.34703198075294495, -0.2052367478609085, 0.19288209080696106], [0.0, 0.0, 0.0, 1.0]]}, "finger1joint1": {"matrix": [[-0.005159677006304264, -0.45733723044395447, 0.8892782330513, -1.3322402238845825], [-0.6218607425689697, -0.694954514503479, -0.36100876331329346, -0.4033699929714203], [0.7831106781959534, -0.5548698306083679, -0.2808144986629486, 0.4816778302192688], [0.0, 0.0, 0.0, 1.0]]}, "finger1joint2": {"matrix": [[-0.2665141820907593, -0.6938174366950989, 0.6690197587013245, -1.5907173156738281], [-0.46839678287506104, -0.5134124755859375, -0.7190354466438293, -0.7961432933807373], [0.8423624634742737, -0.5049996972084045, -0.1881503015756607, 0.16807740926742554], [0.0, 0.0, 0.0, 1.0]]}, "finger1joint3": {"matrix": [[-0.17175588011741638, -0.9309179782867432, 0.3223220407962799, -1.8881455659866333], [-0.5196549892425537, -0.19234858453273773, -0.832442581653595, -1.0162347555160522], [0.8369340300559998, -0.31047293543815613, -0.4507192075252533, -0.048407651484012604], [0.0, 0.0, 0.0, 1.0]]}, "Bone.001": {"matrix": [[0.24303919076919556, -0.4053804576396942, 0.8812481164932251, -0.8445612192153931], [-0.20743857324123383, -0.9091917872428894, -0.3610253930091858, 0.2059759795665741], [0.9475762248039246, -0.09506157785654068, -0.3050609529018402, 0.19288212060928345], [0.0, 0.0, 0.0, 1.0]]}, "finger2joint1": {"matrix": [[0.006662354338914156, -0.5752551555633545, 0.81794673204422, -1.1015253067016602], [-0.6185581088066101, -0.6450687646865845, -0.4486333727836609, -0.3703458905220032], [0.7857105135917664, -0.5029585957527161, -0.3601266145706177, 0.13262414932250977], [0.0, 0.0, 0.0, 1.0]]}, "finger2joint2": {"matrix": [[-0.12100346386432648, -0.9925087690353394, 0.016854755580425262, -1.5992066860198975], [-0.6302410364151001, 0.0636967271566391, -0.7737821340560913, -0.9284265041351318], [0.7669121026992798, -0.10425268858671188, -0.6332273483276367, -0.30250999331474304], [0.0, 0.0, 0.0, 1.0]]}, "finger2joint3": {"matrix": [[-0.23506183922290802, -0.49146854877471924, -0.8385727405548096, -1.9759794473648071], [-0.5470983982086182, 0.7799997329711914, -0.30378198623657227, -0.9042460918426514], [0.8033859133720398, 0.3873744010925293, -0.45222973823547363, -0.3420860171318054], [0.0, 0.0, 0.0, 1.0]]}, "Bone.002": {"matrix": [[-0.12234984338283539, -0.3550991415977478, 0.9267873764038086, -0.8445612788200378], [-0.7769240140914917, -0.5468071103096008, -0.3120752274990082, 0.20597593486309052], [0.6175916194915771, -0.7582257390022278, -0.20898349583148956, 0.19288210570812225], [0.0, 0.0, 0.0, 1.0]]}, "finger3joint1": {"matrix": [[-0.332646906375885, -0.7915377616882324, 0.5126535892486572, -0.9942392706871033], [-0.7837766408920288, -0.07026167213916779, -0.6170554757118225, -0.024508755654096603], [0.5244427919387817, -0.607067346572876, -0.5970165729522705, -0.12671762704849243], [0.0, 0.0, 0.0, 1.0]]}, "finger3joint2": {"matrix": [[-0.4732556641101837, -0.6224308609962463, -0.6233848333358765, -1.6885615587234497], [-0.7604913711547852, 0.6458302736282349, -0.0674988180398941, -0.08614099025726318], [0.4446142613887787, 0.4421347677707672, -0.7789961099624634, -0.6592258810997009], [0.0, 0.0, 0.0, 1.0]]}, "finger3joint3": {"matrix": [[-0.39197513461112976, -0.27519381046295166, -0.877851665019989, -2.0913243293762207], [-0.7053179144859314, 0.7025371193885803, 0.09470091015100479, 0.3317630887031555], [0.59066241979599, 0.6562850475311279, -0.46947601437568665, -0.3731291890144348], [0.0, 0.0, 0.0, 1.0]]}, "Bone.003": {"matrix": [[0.2345687448978424, 0.3976171016693115, 0.8870614767074585, -0.8445613384246826], [-0.9679056406021118, 0.18020351231098175, 0.17517198622226715, 0.20597591996192932], [-0.09020030498504639, -0.899681806564331, 0.4271257817745209, 0.19288213551044464], [0.0, 0.0, 0.0, 1.0]]}, "finger4joint1": {"matrix": [[-0.3964136242866516, -0.7691354751586914, 0.5012848377227783, -0.6741349101066589], [-0.8058744072914124, 0.029950305819511414, -0.5913282632827759, 0.28321462869644165], [0.4397980868816376, -0.638383150100708, -0.6316994428634644, -0.19273895025253296], [0.0, 0.0, 0.0, 1.0]]}, "finger4joint2": {"matrix": [[-0.4041866362094879, -0.8994064331054688, 0.16643568873405457, -1.4381624460220337], [-0.81624436378479, 0.27255505323410034, -0.5093706846237183, 0.3129660487174988], [0.41276851296424866, -0.3417328894138336, -0.8442987203598022, -0.8268826007843018], [0.0, 0.0, 0.0, 1.0]]}, "finger4joint3": {"matrix": [[-0.3304150402545929, -0.9379942417144775, -0.10484381020069122, -1.8132716417312622], [-0.8285367488861084, 0.3414601683616638, -0.44376957416534424, 0.4266386330127716], [0.452053427696228, -0.05976099893450737, -0.8899864554405212, -0.9694067239761353], [0.0, 0.0, 0.0, 1.0]]}}