{"root": {"matrix": [[0.4455285668373108, -0.5061636567115784, 0.7384461164474487, 0.0], [0.5220806002616882, -0.5231693387031555, -0.6735916137695312, 0.0], [0.7272800207138062, 0.6856326460838318, 0.031171297654509544, 0.0], [0.0, 0.0, 0.0, 1.0]]}, "carpals": {"matrix": [[-0.871332049369812, -0.46542805433273315, 0.15542471408843994, 0.42908918857574463], [-0.04963717609643936, -0.23151694238185883, -0.9715636372566223, 0.744314432144165], [0.4881765842437744, -0.8542694449424744, 0.17862550914287567, 2.312328815460205], [0.0, 0.0, 0.0, 1.0]]}, "metacarpals": {"matrix": [[-0.37093329429626465, -0.5172122716903687, 0.7712973952293396, -0.02423495054244995], [-0.8244794607162476, -0.19880254566669464, -0.5298216342926025, 0.5188183784484863], [0.4273661673069, -0.832447350025177, -0.35268864035606384, 1.4802753925323486], [0.0, 0.0, 0.0, 1.0]]}, "finger5joint1": {"matrix": [[-0.525269091129303, -0.6405027508735657, 0.5602216124534607, -0.5715928673744202], [-0.8502301573753357, 0.36823469400405884, -0.37618038058280945, 0.7679871320724487], [0.034651629626750946, -0.6739131808280945, -0.73799729347229, 1.075319766998291], [0.0, 0.0, 0.0, 1.0]]}, "finger5joint2": {"matrix": [[0.5058631300926208, -0.8261488080024719, 0.24815313518047333, -1.2481380701065063], [-0.37659886479377747, 0.047298889607191086, 0.925167977809906, 1.1569432020187378], [-0.7760640978813171, -0.56146240234375, -0.28720006346702576, 0.3634839653968811], [0.0, 0.0, 0.0, 1.0]]}, "finger5joint3": {"matrix": [[0.4120960533618927, -0.9109371304512024, -0.01922897808253765, -1.81597900390625], [-0.42089927196502686, -0.209042027592659, 0.8826918005943298, 1.189453363418579], [-0.808096706867218, -0.35566017031669617, -0.4695582091808319, -0.02242882549762726], [0.0, 0.0, 0.0, 1.0]]}, "Bone": {"matrix": [[0.3866037428379059, -0.5700166821479797, 0.7249953150749207, -0.8317469358444214], [0.1131519079208374, -0.7508629560470581, -0.6506929993629456, 0.2084323763847351], [0.9152779579162598, 0.33359500765800476, -0.22578811645507812, 0.18059399724006653], [0.0, 0.0, 0.0, 1.0]]}, "finger1joint1": {"matrix": [[0.025073135271668434, -0.4803820848464966, 0.8767006993293762, -1.306107759475708], [-0.636522114276886, -0.6839020848274231, -0.35653528571128845, -0.41642647981643677], [0.7708505988121033, -0.549099862575531, -0.3229215741157532, 0.4582076072692871], [0.0, 0.0, 0.0, 1.0]]}, "finger1joint2": {"matrix": [[-0.23343276977539062, -0.7143595218658447, 0.6596964597702026, -1.5776093006134033], [-0.48394209146499634, -0.5030968189239502, -0.716026246547699, -0.8029531836509705], [0.8433913588523865, -0.48639875650405884, -0.2282695323228836, 0.14786827564239502], [0.0, 0.0, 0.0, 1.0]]}, "finger1joint3": {"matrix": [[-0.13905750215053558, -0.9429265260696411, 0.30257633328437805, -1.8838436603546143], [-0.5351835489273071, -0.18552374839782715, -0.82411128282547, -1.0186223983764648], [0.8332115411758423, -0.27653250098228455, -0.47884035110473633, -0.060642875730991364], [0.0, 0.0, 0.0, 1.0]]}, "Bone.001": {"matrix": [[0.253591388463974, -0.3893474042415619, 0.8854940533638, -0.8317468762397766], [-0.22510762512683868, -0.9140385985374451, -0.3374311327934265, 0.20843234658241272], [0.9407536387443542, -0.11376187205314636, -0.31943759322166443, 0.18059399724006653], [0.0, 0.0, 0.0, 1.0]]}, "finger2joint1": {"matrix": [[-0.27398252487182617, -0.7564635872840881, 0.5938822031021118, -1.0785479545593262], [-0.7769928574562073, -0.18979744613170624, -0.6002156734466553, -0.3709617257118225], [0.5667586326599121, -0.6258907318115234, -0.5357658267021179, 0.10848218202590942], [0.0, 0.0, 0.0, 1.0]]}, "finger2joint2": {"matrix": [[-0.39497312903404236, -0.8769224286079407, -0.2738667130470276, -1.733001470565796], [-0.7321668267250061, 0.48053067922592163, -0.4827234447002411, -0.5351648330688477], [0.5549124479293823, 0.009853564202785492, -0.8318501710891724, -0.43300652503967285], [0.0, 0.0, 0.0, 1.0]]}, "finger2joint3": {"matrix": [[-0.4668859541416168, -0.2722730338573456, -0.8413587212562561, -2.0658955574035645], [-0.6261382699012756, 0.7736425995826721, 0.09709677845239639, -0.35274747014045715], [0.6244742274284363, 0.5721401572227478, -0.5316832661628723, -0.42926591634750366], [0.0, 0.0, 0.0, 1.0]]}, "Bone.002": {"matrix": [[-0.1036752313375473, -0.35046830773353577, 0.9308185577392578, -0.8317469358444214], [-0.7933372259140015, -0.5353164076805115, -0.28991788625717163, 0.2084323763847351], [0.5998894572257996, -0.7685102224349976, -0.2225407212972641, 0.18059398233890533], [0.0, 0.0, 0.0, 1.0]]}, "finger3joint1": {"matrix": [[-0.31447502970695496, -0.8114676475524902, 0.49257028102874756, -0.979472815990448], [-0.8018823266029358, -0.0506143793463707, -0.5953342914581299, -0.017208851873874664], [0.5080257654190063, -0.5822010040283203, -0.6347846984863281, -0.14334076642990112], [0.0, 0.0, 0.0, 1.0]]}, "finger3joint2": {"matrix": [[-0.4576985239982605, -0.6717395782470703, -0.582475483417511, -1.691277265548706], [-0.776091456413269, 0.6214938759803772, -0.10689902305603027, -0.06160685420036316], [0.4338133633136749, 0.40312689542770386, -0.8057881593704224, -0.6540367603302002], [0.0, 0.0, 0.0, 1.0]]}, "finger3joint3": {"matrix": [[-0.3859848976135254, -0.16854284703731537, -0.9069777727127075, -2.1259467601776123], [-0.7152580618858337, 0.6755874752998352, 0.17885057628154755, 0.3405495584011078], [0.5825989246368408, 0.7177569270133972, -0.38131794333457947, -0.39318132400512695], [0.0, 0.0, 0.0, 1.0]]}, "Bone.003": {"matrix": [[0.251587450504303, 0.38778334856033325, 0.8867512345314026, -0.8317469358444214], [-0.961025059223175, 0.20858855545520782, 0.18144278228282928, 0.20843234658241272], [-0.11460576951503754, -0.8978390097618103, 0.4251476228237152, 0.18059399724006653], [0.0, 0.0, 0.0, 1.0]]}, "finger4joint1": {"matrix": [[-0.3777756989002228, -0.772160530090332, 0.5109336972236633, -0.6655354499816895], [-0.8230881690979004, 0.027343055233359337, -0.5672547817230225, 0.2978374660015106], [0.42404139041900635, -0.6348384618759155, -0.6458858847618103, -0.20423728227615356], [0.0, 0.0, 0.0, 1.0]]}, "finger4joint2": {"matrix": [[-0.38544008135795593, -0.9062559008598328, 0.17359642684459686, -1.4325681924819946], [-0.8330453038215637, 0.26085522770881653, -0.4878419041633606, 0.32499897480010986], [0.39682620763778687, -0.3326473832130432, -0.8554964661598206, -0.8348597288131714], [0.0, 0.0, 0.0, 1.0]]}, "finger4joint3": {"matrix": [[-0.3112707734107971, -0.9451322555541992, -0.09917189180850983, -1.8105337619781494], [-0.8446200489997864, 0.3229701817035675, -0.42697399854660034, 0.4337919354438782], [0.43557658791542053, -0.04914175346493721, -0.898809015750885, -0.973594605922699], [0.0, 0.0, 0.0, 1.0]]}}