{"root": {"matrix": [[0.20848779380321503, -0.6902769804000854, -0.6928567886352539, 0.0], [-0.75623619556427, 0.3354530930519104, -0.561763346195221, 0.0], [0.6201932430267334, 0.6410841941833496, -0.4520745873451233, 0.0], [0.0, 0.0, 0.0, 1.0]]}, "carpals": {"matrix": [[0.8506850600242615, -0.503292977809906, -0.15175959467887878, -0.12626925110816956], [0.4235689640045166, 0.4852871298789978, 0.7649086713790894, -1.31870436668396], [-0.31132611632347107, -0.7149771451950073, 0.626006007194519, 2.0808794498443604], [0.0, 0.0, 0.0, 1.0]]}, "metacarpals": {"matrix": [[0.5759497880935669, -0.6730670928955078, 0.4639637768268585, -0.6164737939834595], [-0.12597662210464478, 0.4876948595046997, 0.8638768792152405, -0.8460376858711243], [-0.8077200055122375, -0.5559983253479004, 0.1960972100496292, 1.3844959735870361], [0.0, 0.0, 0.0, 1.0]]}, "finger5joint1": {"matrix": [[0.26790449023246765, -0.9514421820640564, -0.15160758793354034, -1.2924914360046387], [0.12192782759666443, -0.12261258065700531, 0.9849361777305603, -0.9009914994239807], [-0.9556989669799805, -0.28235405683517456, 0.08315900713205338, 1.1282639503479004], [0.0, 0.0, 0.0, 1.0]]}, "finger5joint2": {"matrix": [[-0.1652323603630066, -0.20571966469287872, -0.9645606279373169, -2.297473192214966], [0.9859062433242798, -0.06043487414717674, -0.15599948167800903, -1.0305038690567017], [-0.02620077319443226, -0.9767428040504456, 0.2128063142299652, 0.8300212025642395], [0.0, 0.0, 0.0, 1.0]]}, "finger5joint3": {"matrix": [[-0.13036102056503296, 0.5644839406013489, -0.8150848746299744, -2.4388718605041504], [0.9830452799797058, -0.03332981839776039, -0.18030627071857452, -1.0720428228378296], [-0.1289464831352234, -0.8247706890106201, -0.5505684614181519, 0.15867160260677338], [0.0, 0.0, 0.0, 1.0]]}, "Bone": {"matrix": [[0.712273359298706, 0.37445488572120667, 0.5936750769615173, -1.6673181056976318], [-0.5725917220115662, -0.1792106330394745, 0.8000136017799377, -0.08461062610149384], [0.40596190094947815, -0.9097620248794556, 0.08676296472549438, 0.5164282917976379], [0.0, 0.0, 0.0, 1.0]]}, "finger1joint1": {"matrix": [[0.765267550945282, -0.5844466686248779, 0.2697916328907013, -1.3557014465332031], [-0.1856762170791626, 0.2008887231349945, 0.9618563055992126, -0.23374749720096588], [-0.6163520216941833, -0.7861714959144592, 0.045215968042612076, -0.24066445231437683], [0.0, 0.0, 0.0, 1.0]]}, "finger1joint2": {"matrix": [[0.6583255529403687, -0.7443276047706604, 0.11217765510082245, -1.6860179901123047], [-0.4736846089363098, -0.2938291132450104, 0.830233097076416, -0.12020954489707947], [-0.5850045680999756, -0.5997006297111511, -0.5460116267204285, -0.6849914789199829], [0.0, 0.0, 0.0, 1.0]]}, "finger1joint3": {"matrix": [[0.6931631565093994, -0.5664318799972534, -0.44573497772216797, -2.005099058151245], [-0.3760688304901123, -0.8117733597755432, 0.4467615783214569, -0.24616926908493042], [-0.6148959994316101, -0.1420518457889557, -0.775708794593811, -0.9420733451843262], [0.0, 0.0, 0.0, 1.0]]}, "Bone.001": {"matrix": [[0.8616768717765808, 0.27160632610321045, 0.4286523163318634, -1.6673182249069214], [-0.5008748173713684, 0.31960204243659973, 0.8043496608734131, -0.08461062610149384], [0.08146831393241882, -0.9077908396720886, 0.41143468022346497, 0.5164283514022827], [0.0, 0.0, 0.0, 1.0]]}, "finger2joint1": {"matrix": [[0.8906174302101135, -0.3839111626148224, -0.24374698102474213, -1.495151400566101], [-0.05760759487748146, -0.6269271373748779, 0.7769448161125183, 0.11797985434532166], [-0.45108941197395325, -0.6779191493988037, -0.580468475818634, -0.05900543928146362], [0.0, 0.0, 0.0, 1.0]]}, "finger2joint2": {"matrix": [[0.8709490895271301, -0.4354216754436493, -0.22771814465522766, -1.82729172706604], [-0.1856176108121872, -0.7206353545188904, 0.6680046916007996, -0.4244055151939392], [-0.45496559143066406, -0.5395297408103943, -0.7084587216377258, -0.6455065011978149], [0.0, 0.0, 0.0, 1.0]]}, "finger2joint3": {"matrix": [[0.8320997357368469, -0.4846089482307434, -0.2697480618953705, -1.9925850629806519], [-0.3259883522987366, -0.8208168745040894, 0.4690316319465637, -0.6979705095291138], [-0.4487107992172241, -0.3023465573787689, -0.8409785032272339, -0.8503208160400391], [0.0, 0.0, 0.0, 1.0]]}, "Bone.002": {"matrix": [[0.8001514673233032, -0.35238492488861084, 0.4853683412075043, -1.6673182249069214], [-0.14875832200050354, 0.6673467755317688, 0.7297389507293701, -0.08461064100265503], [-0.5810580849647522, -0.6561042070388794, 0.48155850172042847, 0.5164283514022827], [0.0, 0.0, 0.0, 1.0]]}, "finger3joint1": {"matrix": [[0.6423324942588806, 0.04001301899552345, 0.7653809189796448, -1.8158520460128784], [-0.17181174457073212, 0.9807377457618713, 0.09291841089725494, 0.19668269157409668], [-0.7469202280044556, -0.19118574261665344, 0.636834442615509, 0.23987382650375366], [0.0, 0.0, 0.0, 1.0]]}, "finger3joint2": {"matrix": [[0.6103975772857666, -0.7508600354194641, -0.2522382140159607, -1.7807533740997314], [-0.018047211691737175, -0.33154505491256714, 0.9432666301727295, 1.0569677352905273], [-0.7918895483016968, -0.5712155103683472, -0.2159249633550644, 0.0721692442893982], [0.0, 0.0, 0.0, 1.0]]}, "finger3joint3": {"matrix": [[0.6061064600944519, 0.26352936029434204, -0.7504581212997437, -2.266619920730591], [-0.1928406059741974, -0.86667799949646, -0.4600885212421417, 0.8424314856529236], [-0.7716524600982666, 0.4235811233520508, -0.47448012232780457, -0.2974531054496765], [0.0, 0.0, 0.0, 1.0]]}, "Bone.003": {"matrix": [[0.61419278383255, -0.5086262226104736, 0.6033793091773987, -1.6673182249069214], [0.6367666125297546, 0.7710543274879456, 0.0017916004871949553, -0.08461064100265503], [-0.46614935994148254, 0.3831115961074829, 0.7974523305892944, 0.5164283514022827], [0.0, 0.0, 0.0, 1.0]]}, "finger4joint1": {"matrix": [[0.8570206165313721, -0.06123166158795357, 0.5116309523582458, -1.8853254318237305], [-0.4509766697883606, 0.39119505882263184, 0.8022380471229553, 0.24587827920913696], [-0.24927003681659698, -0.9182682633399963, 0.3076484203338623, 0.6806374192237854], [0.0, 0.0, 0.0, 1.0]]}, "finger4joint2": {"matrix": [[0.8651115298271179, -0.2703869044780731, 0.42246028780937195, -1.9461504220962524], [-0.4263152480125427, 0.047383058816194534, 0.9033324718475342, 0.6344753503799438], [-0.26426687836647034, -0.9615848064422607, -0.07427822798490524, -0.23153257369995117], [0.0, 0.0, 0.0, 1.0]]}, "finger4joint3": {"matrix": [[0.8783206939697266, -0.3113844394683838, 0.3627564609050751, -2.0589189529418945], [-0.4419473111629486, -0.23950056731700897, 0.8644775748252869, 0.6542371511459351], [-0.18230462074279785, -0.9196079969406128, -0.34797367453575134, -0.6325739622116089], [0.0, 0.0, 0.0, 1.0]]}}