{"root": {"matrix": [[0.2439771145582199, -0.8319668769836426, -0.49830344319343567, 5.960464477539063e-08], [-0.7252935767173767, 0.18455149233341217, -0.663241982460022, 1.4901161193847656e-08], [0.6437579393386841, 0.5232321619987488, -0.5583939552307129, 0.0], [0.0, 0.0, 0.0, 1.0]]}, "carpals": {"matrix": [[0.7110030055046082, -0.6169220209121704, -0.33746376633644104, -0.20657241344451904], [0.6106049418449402, 0.3036286532878876, 0.7314170002937317, -1.3850246667861938], [-0.34876352548599243, -0.7260968685150146, 0.5925767421722412, 2.0307681560516357], [0.0, 0.0, 0.0, 1.0]]}, "metacarpals": {"matrix": [[0.6414307951927185, -0.5952341556549072, 0.4840068817138672, -0.8074507117271423], [-0.05029973015189171, 0.5969033241271973, 0.8007346391677856, -1.0892921686172485], [-0.7655301094055176, -0.5379613041877747, 0.35293224453926086, 1.323554277420044], [0.0, 0.0, 0.0, 1.0]]}, "finger5joint1": {"matrix": [[0.4122418761253357, -0.7936683297157288, 0.4473780393600464, -1.4587864875793457], [0.16970981657505035, 0.5493444800376892, 0.8181801438331604, -1.069228172302246], [-0.8951284289360046, -0.2613636255264282, 0.36115631461143494, 1.0056955814361572], [0.0, 0.0, 0.0, 1.0]]}, "finger5joint2": {"matrix": [[0.5346457362174988, -0.06127744913101196, -0.842851459980011, -2.297116279602051], [0.6852253079414368, 0.6151553392410278, 0.3899352550506592, -0.48897072672843933], [0.4945906102657318, -0.7860204577445984, 0.3708793818950653, 0.7296243906021118], [0.0, 0.0, 0.0, 1.0]]}, "finger5joint3": {"matrix": [[0.5721783638000488, 0.37558239698410034, -0.7290742993354797, -2.3392343521118164], [0.7171494364738464, 0.20214959979057312, 0.6669568419456482, -0.0661529079079628], [0.39787954092025757, -0.9044738411903381, -0.1536829024553299, 0.1893649846315384], [0.0, 0.0, 0.0, 1.0]]}, "Bone": {"matrix": [[0.6440761089324951, 0.44792720675468445, 0.6201024055480957, -1.7367764711380005], [-0.6630641222000122, -0.07732951641082764, 0.7445573210716248, -0.15736040472984314], [0.38145968317985535, -0.8907195329666138, 0.24719853699207306, 0.48364728689193726], [0.0, 0.0, 0.0, 1.0]]}, "finger1joint1": {"matrix": [[0.7666595578193665, -0.5938233733177185, 0.24414491653442383, -1.3640170097351074], [-0.12375877052545547, 0.23644877970218658, 0.9637298583984375, -0.22171306610107422], [-0.6300132870674133, -0.7690679430961609, 0.10778506100177765, -0.2575984597206116], [0.0, 0.0, 0.0, 1.0]]}, "finger1joint2": {"matrix": [[0.6676470637321472, -0.744202196598053, 0.02025986649096012, -1.6996331214904785], [-0.41600126028060913, -0.3503628969192505, 0.839159369468689, -0.08807733654975891], [-0.6174061298370361, -0.5686905980110168, -0.5435077548027039, -0.6922590732574463], [0.0, 0.0, 0.0, 1.0]]}, "finger1joint3": {"matrix": [[0.6931170225143433, -0.5285114645957947, -0.49016764760017395, -2.018660306930542], [-0.31574302911758423, -0.8339062929153442, 0.452665776014328, -0.23827216029167175], [-0.6479932069778442, -0.1589835286140442, -0.7448684573173523, -0.9360473155975342], [0.0, 0.0, 0.0, 1.0]]}, "Bone.001": {"matrix": [[0.8259788155555725, 0.3689059019088745, 0.42622432112693787, -1.7367764711380005], [-0.5574141144752502, 0.42191141843795776, 0.7150382995605469, -0.15736041963100433], [0.08395294100046158, -0.8281900882720947, 0.5541235208511353, 0.48364725708961487], [0.0, 0.0, 0.0, 1.0]]}, "finger2joint1": {"matrix": [[0.8907067775726318, -0.3790211081504822, -0.25096645951271057, -1.502933144569397], [-0.044811591506004333, -0.6226078271865845, 0.7812495827674866, 0.11008232831954956], [-0.45236384868621826, -0.684618353843689, -0.5715456008911133, -0.04132890701293945], [0.0, 0.0, 0.0, 1.0]]}, "finger2joint2": {"matrix": [[0.8721470832824707, -0.4313294291496277, -0.23089881241321564, -1.8308428525924683], [-0.17293623089790344, -0.7132735252380371, 0.6792153120040894, -0.4285661280155182], [-0.4576597213745117, -0.5524450540542603, -0.6966719627380371, -0.6336257457733154], [0.0, 0.0, 0.0, 1.0]]}, "finger2joint3": {"matrix": [[0.8340385556221008, -0.48010390996932983, -0.2718081772327423, -1.9945826530456543], [-0.3135990500450134, -0.81789231300354, 0.4823974072933197, -0.6993365287780762], [-0.45391085743904114, -0.3170994520187378, -0.8327140212059021, -0.8433429598808289], [0.0, 0.0, 0.0, 1.0]]}, "Bone.002": {"matrix": [[0.8424502611160278, -0.25859397649765015, 0.472659170627594, -1.7367764711380005], [-0.11653511971235275, 0.7690593600273132, 0.6284639239311218, -0.15736038982868195], [-0.5260200500488281, -0.5845308899879456, 0.6177591681480408, 0.48364728689193726], [0.0, 0.0, 0.0, 1.0]]}, "finger3joint1": {"matrix": [[0.6996935606002808, 0.10355066508054733, 0.7068990468978882, -1.8457764387130737], [-0.10773070156574249, 0.9934190511703491, -0.03888912498950958, 0.16680586338043213], [-0.706274151802063, -0.04894404858350754, 0.7062444686889648, 0.23726162314414978], [0.0, 0.0, 0.0, 1.0]]}, "finger3joint2": {"matrix": [[0.6793086528778076, -0.7002683877944946, -0.21946288645267487, -1.7549437284469604], [0.052297189831733704, -0.25210079550743103, 0.9662866592407227, 1.0382146835327148], [-0.7319868206977844, -0.6678842902183533, -0.1346319019794464, 0.19432882964611053], [0.0, 0.0, 0.0, 1.0]]}, "finger3joint3": {"matrix": [[0.6709485054016113, 0.08362983167171478, -0.7367728352546692, -2.208073616027832], [-0.12351545691490173, -0.9671322703361511, -0.22225815057754517, 0.8750852346420288], [-0.731144368648529, 0.24012629687786102, -0.6385665535926819, -0.23784594237804413], [0.0, 0.0, 0.0, 1.0]]}, "Bone.003": {"matrix": [[0.6838310956954956, -0.5049708485603333, 0.5266682505607605, -1.73677659034729], [0.6560778021812439, 0.741405189037323, -0.14099645614624023, -0.15736038982868195], [-0.31927528977394104, 0.44195327162742615, 0.8382962346076965, 0.4836472272872925], [0.0, 0.0, 0.0, 1.0]]}, "finger4joint1": {"matrix": [[0.8743598461151123, -0.02765856869518757, 0.4844890832901001, -1.953216791152954], [-0.42476963996887207, 0.4391510784626007, 0.7916542887687683, 0.1604202687740326], [-0.2346600741147995, -0.8979870676994324, 0.37222781777381897, 0.6730770468711853], [0.0, 0.0, 0.0, 1.0]]}, "finger4joint2": {"matrix": [[0.8826885223388672, -0.2290439009666443, 0.4103652238845825, -1.98069167137146], [-0.39922505617141724, 0.0952523872256279, 0.9118912816047668, 0.5966549515724182], [-0.24795153737068176, -0.9687442779541016, -0.007361650001257658, -0.21894651651382446], [0.0, 0.0, 0.0, 1.0]]}, "finger4joint3": {"matrix": [[0.8925751447677612, -0.2671009600162506, 0.36327171325683594, -2.0762174129486084], [-0.4190581738948822, -0.19402459263801575, 0.8869859576225281, 0.6363811492919922], [-0.16643126308918, -0.9439339637756348, -0.285112202167511, -0.6229737997055054], [0.0, 0.0, 0.0, 1.0]]}}