{"root": {"matrix": [[0.1429319828748703, -0.6366112232208252, -0.7578235864639282, 0.0], [-0.8401037454605103, 0.326768159866333, -0.43295297026634216, 2.9802322387695312e-08], [0.5232552886009216, 0.698533296585083, -0.4881138801574707, 0.0], [0.0, 0.0, 0.0, 1.0]]}, "carpals": {"matrix": [[0.8849970102310181, -0.4600287079811096, -0.07178916037082672, -0.21468916535377502], [0.3759539723396301, 0.6151037812232971, 0.6930407881736755, -1.5313514471054077], [-0.2746608257293701, -0.6403285264968872, 0.7173148989677429, 1.921940803527832], [0.0, 0.0, 0.0, 1.0]]}, "metacarpals": {"matrix": [[0.581759512424469, -0.6411411166191101, 0.500493586063385, -0.6627542972564697], [-0.07917598634958267, 0.5677777528762817, 0.8193650841712952, -0.9322440028190613], [-0.8094979524612427, -0.5163005590438843, 0.2795472741127014, 1.2982646226882935], [0.0, 0.0, 0.0, 1.0]]}, "finger5joint1": {"matrix": [[0.1113012433052063, -0.9525665640830994, -0.2832469940185547, -1.3365994691848755], [0.22400136291980743, -0.2536362111568451, 0.9410056471824646, -0.9313981533050537], [-0.968212366104126, -0.1681828796863556, 0.18514634668827057, 1.030670166015625], [0.0, 0.0, 0.0, 1.0]]}, "finger5joint2": {"matrix": [[-0.25923338532447815, -0.1001959815621376, -0.9606031179428101, -2.342769145965576], [0.9585766196250916, 0.094844289124012, -0.2685792148113251, -1.1993070840835571], [0.11801845580339432, -0.9904366731643677, 0.0714588537812233, 0.8530232310295105], [0.0, 0.0, 0.0, 1.0]]}, "finger5joint3": {"matrix": [[-0.2141750156879425, 0.4941061735153198, -0.8426076173782349, -2.411637544631958], [0.976570725440979, 0.12679481506347656, -0.1738732010126114, -1.1341173648834229], [0.020926592871546745, -0.8601056933403015, -0.5096860527992249, 0.1722613424062729], [0.0, 0.0, 0.0, 1.0]]}, "Bone": {"matrix": [[0.6786542534828186, 0.37959447503089905, 0.6287577152252197, -1.6637535095214844], [-0.640429675579071, -0.1132458746433258, 0.7596214413642883, -0.045785315334796906], [0.3595523536205292, -0.9181956648826599, 0.16624891757965088, 0.4921761453151703], [0.0, 0.0, 0.0, 1.0]]}, "finger1joint1": {"matrix": [[0.7561175227165222, -0.6254242062568665, 0.1926933079957962, -1.3478598594665527], [-0.15519757568836212, 0.11468033492565155, 0.9812041521072388, -0.14002713561058044], [-0.6357671618461609, -0.7718114256858826, -0.010352356359362602, -0.2719349265098572], [0.0, 0.0, 0.0, 1.0]]}, "finger1joint2": {"matrix": [[0.673904538154602, -0.7382068037986755, 0.030054457485675812, -1.7013360261917114], [-0.4488257169723511, -0.37673982977867126, 0.8103222846984863, -0.07521229982376099], [-0.5868629217147827, -0.5595692992210388, -0.5852128863334656, -0.7081459760665894], [0.0, 0.0, 0.0, 1.0]]}, "finger1joint3": {"matrix": [[0.700110137462616, -0.5308376550674438, -0.4775533080101013, -2.0177931785583496], [-0.3503292500972748, -0.8381453156471252, 0.41806870698928833, -0.2367144525051117], [-0.6221858859062195, -0.12539340555667877, -0.7727620601654053, -0.9480242133140564], [0.0, 0.0, 0.0, 1.0]]}, "Bone.001": {"matrix": [[0.8361650109291077, 0.2999812662601471, 0.4591721296310425, -1.663753628730774], [-0.5466564893722534, 0.3876427710056305, 0.7422258853912354, -0.0457853227853775], [0.044659122824668884, -0.8716329336166382, 0.48812025785446167, 0.4921761751174927], [0.0, 0.0, 0.0, 1.0]]}, "finger2joint1": {"matrix": [[0.8517707586288452, -0.3136848509311676, 0.4196285903453827, -1.4736003875732422], [-0.26012712717056274, 0.4420393705368042, 0.8584489226341248, 0.19993507862091064], [-0.4547748565673828, -0.8403586745262146, 0.2949184477329254, -0.060337603092193604], [0.0, 0.0, 0.0, 1.0]]}, "finger2joint2": {"matrix": [[0.7774748802185059, -0.6285094618797302, -0.022551046684384346, -1.74498450756073], [-0.2973008155822754, -0.39889004826545715, 0.8674666881561279, 0.5823650360107422], [-0.5542066097259521, -0.6677292585372925, -0.4969833195209503, -0.7873731255531311], [0.0, 0.0, 0.0, 1.0]]}, "finger2joint3": {"matrix": [[0.6991398334503174, -0.4465167820453644, -0.5584138631820679, -1.983577013015747], [-0.4174039363861084, -0.8890042304992676, 0.18826819956302643, 0.43093979358673096], [-0.5804973840713501, 0.10145825147628784, -0.8079162836074829, -1.0408540964126587], [0.0, 0.0, 0.0, 1.0]]}, "Bone.002": {"matrix": [[0.801173210144043, -0.3109770715236664, 0.5112873315811157, -1.663753628730774], [-0.133147731423378, 0.7403302788734436, 0.6589251756668091, -0.045785337686538696], [-0.5834321975708008, -0.5959898829460144, 0.5517270565032959, 0.4921761453151703], [0.0, 0.0, 0.0, 1.0]]}, "finger3joint1": {"matrix": [[0.6450074315071106, 0.08838845044374466, 0.7590474486351013, -1.7948336601257324], [-0.13346442580223083, 0.991051435470581, -0.0019919537007808685, 0.26627117395401], [-0.7524312734603882, -0.10002082586288452, 0.6510322093963623, 0.24096038937568665], [0.0, 0.0, 0.0, 1.0]]}, "finger3joint2": {"matrix": [[0.6209316849708557, -0.7137898206710815, -0.32395678758621216, -1.7173007726669312], [0.025101104751229286, -0.39496341347694397, 0.9183536767959595, 1.1356031894683838], [-0.783462643623352, -0.5783666968345642, -0.22732816636562347, 0.15322397649288177], [0.0, 0.0, 0.0, 1.0]]}, "finger3joint3": {"matrix": [[0.6303771138191223, -0.005062449257820845, -0.7762725949287415, -2.179180145263672], [-0.149317666888237, -0.9820964336395264, -0.1148497685790062, 0.8800302743911743], [-0.7617932558059692, 0.18830958008766174, -0.6198471188545227, -0.2210257202386856], [0.0, 0.0, 0.0, 1.0]]}, "Bone.003": {"matrix": [[0.6501255035400391, -0.478099524974823, 0.5905570983886719, -1.663753628730774], [0.6466079950332642, 0.7562984824180603, -0.09955079108476639, -0.04578530788421631], [-0.39904212951660156, 0.44657960534095764, 0.8008320331573486, 0.4921761155128479], [0.0, 0.0, 0.0, 1.0]]}, "finger4joint1": {"matrix": [[0.8641161918640137, -0.07457222789525986, 0.49773699045181274, -1.8686763048171997], [-0.438135027885437, 0.37520959973335266, 0.8168566823005676, 0.278378963470459], [-0.24767065048217773, -0.9239351749420166, 0.29155221581459045, 0.6835888624191284], [0.0, 0.0, 0.0, 1.0]]}, "finger4joint2": {"matrix": [[0.8716298341751099, -0.2772256135940552, 0.4042365550994873, -1.9427534341812134], [-0.4135635495185852, 0.026743704453110695, 0.9100820422172546, 0.651096761226654], [-0.2631089389324188, -0.9604323506355286, -0.09133961796760559, -0.2342105507850647], [0.0, 0.0, 0.0, 1.0]]}, "finger4joint3": {"matrix": [[0.8856507539749146, -0.3123410642147064, 0.3436066210269928, -2.0583739280700684], [-0.4276241660118103, -0.26017633080482483, 0.8657050728797913, 0.6622505784034729], [-0.18099704384803772, -0.9136471152305603, -0.36398983001708984, -0.6347712278366089], [0.0, 0.0, 0.0, 1.0]]}}