{"root": {"matrix": [[0.29513853788375854, -0.9443925619125366, -0.14496880769729614, -5.960464477539063e-08], [-0.8255762457847595, -0.32844308018684387, 0.45885616540908813, -2.9802322387695312e-08], [-0.4809544086456299, -0.01574336737394333, -0.8766042590141296, 0.0], [0.0, 0.0, 0.0, 1.0]]}, "carpals": {"matrix": [[-0.8752698302268982, -0.43110254406929016, -0.21921014785766602, -0.24064037203788757], [0.08611525595188141, 0.3070915937423706, -0.947775661945343, -2.2400920391082764], [0.47590604424476624, -0.8484368920326233, -0.23166346549987793, -1.004522442817688], [0.0, 0.0, 0.0, 1.0]]}, "metacarpals": {"matrix": [[-0.9212694764137268, -0.3191298246383667, 0.22230282425880432, -0.6605316400527954], [-0.21772687137126923, 0.8968126773834229, 0.3851257860660553, -1.9409867525100708], [-0.32226911187171936, 0.3064032793045044, -0.8956893086433411, -1.8308948278427124], [0.0, 0.0, 0.0, 1.0]]}, "finger5joint1": {"matrix": [[-0.875098705291748, -0.46539318561553955, 0.1327073872089386, -0.7724462747573853], [-0.07197567075490952, 0.39633235335350037, 0.915281355381012, -1.54942786693573], [-0.47856199741363525, 0.7914097905158997, -0.3803269565105438, -1.2310351133346558], [0.0, 0.0, 0.0, 1.0]]}, "finger5joint2": {"matrix": [[0.00856967642903328, -0.8587909936904907, 0.5122538208961487, -1.2640281915664673], [0.9476056694984436, 0.17056278884410858, 0.2700950503349304, -1.1307930946350098], [-0.319326788187027, 0.48309993743896484, 0.8152571320533752, -0.39509087800979614], [0.0, 0.0, 0.0, 1.0]]}, "finger5joint3": {"matrix": [[-0.09985525161027908, -0.9504109025001526, -0.2945292890071869, -1.8543055057525635], [0.9430769085884094, -0.1847771853208542, 0.2765190005302429, -1.0135592222213745], [-0.31722912192344666, -0.250152051448822, 0.9147616624832153, -0.06303934752941132], [0.0, 0.0, 0.0, 1.0]]}, "Bone": {"matrix": [[0.15303964912891388, -0.9850205779075623, 0.07945588231086731, -1.158781886100769], [-0.9489991068840027, -0.1240631565451622, 0.28984275460243225, -0.5408132076263428], [-0.2756434679031372, -0.11976100504398346, -0.9537702202796936, -1.3525142669677734], [0.0, 0.0, 0.0, 1.0]]}, "finger1joint1": {"matrix": [[-0.7378973960876465, -0.6190599203109741, 0.26883482933044434, -1.978503942489624], [-0.4763118624687195, 0.7598688006401062, 0.4424093961715698, -0.644057035446167], [-0.478157103061676, 0.198403462767601, -0.8555708527565002, -1.4521777629852295], [0.0, 0.0, 0.0, 1.0]]}, "finger1joint2": {"matrix": [[-0.7721788883209229, -0.18777385354042053, -0.6070261597633362, -2.328382968902588], [-0.6034918427467346, -0.08222554624080658, 0.7931181192398071, -0.21459563076496124], [-0.19883984327316284, 0.9787643551826477, -0.04982719197869301, -1.3400444984436035], [0.0, 0.0, 0.0, 1.0]]}, "finger1joint3": {"matrix": [[-0.8222728967666626, 0.5624542832374573, -0.08667474240064621, -2.408878803253174], [-0.516642689704895, -0.801643967628479, -0.3007441759109497, -0.24984437227249146], [-0.23863710463047028, -0.20251384377479553, 0.9497579336166382, -0.920464277267456], [0.0, 0.0, 0.0, 1.0]]}, "Bone.001": {"matrix": [[-0.18098677694797516, -0.8851950168609619, 0.4285711944103241, -1.1587817668914795], [-0.8937976360321045, 0.32985377311706543, 0.3038453161716461, -0.5408132076263428], [-0.4103281497955322, -0.32806396484375, -0.8508844971656799, -1.3525142669677734], [0.0, 0.0, 0.0, 1.0]]}, "finger2joint1": {"matrix": [[-0.8789836168289185, -0.4740680158138275, -0.05144986882805824, -1.7198926210403442], [-0.3362434506416321, 0.539675772190094, 0.7718096375465393, -0.3317243158817291], [-0.33812397718429565, 0.6957076787948608, -0.6337685585021973, -1.5604685544967651], [0.0, 0.0, 0.0, 1.0]]}, "finger2joint2": {"matrix": [[-0.9097213745117188, -0.27379608154296875, -0.31215789914131165, -2.1300320625305176], [-0.3559422492980957, 0.12712353467941284, 0.9258209466934204, 0.13517561554908752], [-0.21380352973937988, 0.9533492922782898, -0.21310269832611084, -0.9585777521133423], [0.0, 0.0, 0.0, 1.0]]}, "finger2joint3": {"matrix": [[-0.9035659432411194, 0.08409849554300308, -0.4201139807701111, -2.2339694499969482], [-0.42030397057533264, -0.364268034696579, 0.8310553431510925, 0.18343380093574524], [-0.08314357697963715, 0.9274889826774597, 0.36448705196380615, -0.5966707468032837], [0.0, 0.0, 0.0, 1.0]]}, "Bone.002": {"matrix": [[-0.7536593079566956, -0.4565565586090088, 0.4728145897388458, -1.158781886100769], [-0.4153206944465637, 0.8883544206619263, 0.1957930475473404, -0.5408132076263428], [-0.5094175338745117, -0.0488085001707077, -0.8591340184211731, -1.3525142669677734], [0.0, 0.0, 0.0, 1.0]]}, "finger3joint1": {"matrix": [[-0.7974686622619629, -0.5869967937469482, 0.13956519961357117, -1.3512251377105713], [-0.4361671507358551, 0.7206798195838928, 0.5388679504394531, -0.1663629412651062], [-0.41689562797546387, 0.3688564896583557, -0.8307482600212097, -1.3730874061584473], [0.0, 0.0, 0.0, 1.0]]}, "finger3joint2": {"matrix": [[-0.885059654712677, -0.4068502187728882, -0.226146399974823, -1.866127848625183], [-0.3372960686683655, 0.22574608027935028, 0.9139310717582703, 0.4658041000366211], [-0.3207814395427704, 0.8851616978645325, -0.33702778816223145, -1.0495333671569824], [0.0, 0.0, 0.0, 1.0]]}, "finger3joint3": {"matrix": [[-0.8535056114196777, -0.15787899494171143, -0.4965907335281372, -2.129392623901367], [-0.474561482667923, -0.15810057520866394, 0.8659073114395142, 0.6118799448013306], [-0.2152198851108551, 0.9747195839881897, 0.06001637503504753, -0.47676265239715576], [0.0, 0.0, 0.0, 1.0]]}, "Bone.003": {"matrix": [[-0.48344358801841736, 0.5954885482788086, 0.6416195034980774, -1.158781886100769], [0.2850647568702698, 0.8001078367233276, -0.5277929902076721, -0.5408132076263428], [-0.8276594281196594, -0.07225508987903595, -0.5565598011016846, -1.3525141477584839], [0.0, 0.0, 0.0, 1.0]]}, "finger4joint1": {"matrix": [[-0.5718360543251038, -0.7339991927146912, 0.36639928817749023, -0.9035438895225525], [-0.7296799421310425, 0.6591936945915222, 0.1817428022623062, -0.19787147641181946], [-0.37492722272872925, -0.1634271740913391, -0.9125353693962097, -1.383484125137329], [0.0, 0.0, 0.0, 1.0]]}, "finger4joint2": {"matrix": [[-0.5813294649124146, -0.7635858654975891, -0.2810556888580322, -1.6326686143875122], [-0.7107318043708801, 0.30836784839630127, 0.6322729587554932, 0.4569445848464966], [-0.3961262106895447, 0.5673142075538635, -0.7219682931900024, -1.5458259582519531], [0.0, 0.0, 0.0, 1.0]]}, "finger4joint3": {"matrix": [[-0.5116697549819946, -0.586618185043335, -0.6277521252632141, -1.95113205909729], [-0.7430782914161682, -0.06464045494794846, 0.6660748720169067, 0.5855534076690674], [-0.4313098192214966, 0.807279646396637, -0.40282881259918213, -1.309220314025879], [0.0, 0.0, 0.0, 1.0]]}}