{"root": {"matrix": [[0.33276039361953735, -0.7303460836410522, -0.5965442657470703, -5.960464477539063e-08], [-0.6088727712631226, 0.31666088104248047, -0.7273237109184265, 0.0], [0.7201002240180969, 0.6052441596984863, -0.3393157422542572, 0.0], [0.0, 0.0, 0.0, 1.0]]}, "carpals": {"matrix": [[0.8264753818511963, -0.5320987701416016, -0.18387265503406525, 0.10472157597541809], [0.3290592133998871, 0.19157610833644867, 0.9246719479560852, -0.9852267503738403], [-0.4567911922931671, -0.8247237205505371, 0.3334251642227173, 2.259058952331543], [0.0, 0.0, 0.0, 1.0]]}, "metacarpals": {"matrix": [[0.40856966376304626, -0.680431604385376, 0.6083449125289917, -0.41353940963745117], [-0.49255138635635376, 0.3967622220516205, 0.7745789289474487, -0.798632800579071], [-0.7684164643287659, -0.6161105632781982, -0.1730424016714096, 1.4557827711105347], [0.0, 0.0, 0.0, 1.0]]}, "finger5joint1": {"matrix": [[0.29421213269233704, -0.8357361555099487, 0.46366390585899353, -1.1237841844558716], [-0.3642157316207886, 0.35048678517341614, 0.8628473281860352, -0.8044235706329346], [-0.8836209774017334, -0.42273378372192383, -0.20127063989639282, 1.3102020025253296], [0.0, 0.0, 0.0, 1.0]]}, "finger5joint2": {"matrix": [[0.5200848579406738, -0.300274133682251, -0.799591600894928, -2.006549119949341], [0.8416101336479187, 0.020562371239066124, 0.5396933555603027, -0.4342140555381775], [-0.1456143707036972, -0.9536309242248535, 0.26340827345848083, 0.8636801242828369], [0.0, 0.0, 0.0, 1.0]]}, "finger5joint3": {"matrix": [[0.533009946346283, 0.013587753288447857, -0.845999538898468, -2.212938070297241], [0.8088598847389221, -0.30158835649490356, 0.5047667026519775, -0.4200808107852936], [-0.24828492105007172, -0.9533411860466003, -0.17173996567726135, 0.20821613073349], [0.0, 0.0, 0.0, 1.0]]}, "Bone": {"matrix": [[0.6814581155776978, 0.1873292624950409, 0.7074761390686035, -1.4758821725845337], [-0.5321504473686218, -0.5368049144744873, 0.654718279838562, -0.17917683720588684], [0.5024245381355286, -0.8226470351219177, -0.26612260937690735, 0.49386313557624817], [0.0, 0.0, 0.0, 1.0]]}, "finger1joint1": {"matrix": [[0.7390756607055664, -0.5881885290145874, 0.32833102345466614, -1.3199889659881592], [-0.49823376536369324, -0.14928357303142548, 0.8540943264961243, -0.6258992552757263], [-0.45335426926612854, -0.7948261499404907, -0.4033870995044708, -0.19073361158370972], [0.0, 0.0, 0.0, 1.0]]}, "finger1joint2": {"matrix": [[0.6156346797943115, -0.7101527452468872, 0.3415800929069519, -1.6524202823638916], [-0.7315256595611572, -0.35383209586143494, 0.5828145146369934, -0.7102710604667664], [-0.29302555322647095, -0.6086755990982056, -0.7373262047767639, -0.6399521231651306], [0.0, 0.0, 0.0, 1.0]]}, "finger1joint3": {"matrix": [[0.6726992130279541, -0.7384950518608093, -0.045834653079509735, -1.9568512439727783], [-0.6552652716636658, -0.6233656406402588, 0.4266643226146698, -0.86195307970047], [-0.34366148710250854, -0.25698304176330566, -0.9032476544380188, -0.9008813500404358], [0.0, 0.0, 0.0, 1.0]]}, "Bone.001": {"matrix": [[0.7830208539962769, 0.15826867520809174, 0.6015223860740662, -1.4758820533752441], [-0.6012266874313354, -0.055228348821401596, 0.7971673607826233, -0.17917683720588684], [0.15938766300678253, -0.9858502149581909, 0.05191056802868843, 0.49386316537857056], [0.0, 0.0, 0.0, 1.0]]}, "finger2joint1": {"matrix": [[0.6939443349838257, -0.7118357419967651, 0.10830943286418915, -1.3755581378936768], [-0.4890267848968506, -0.3555411994457245, 0.7965191602706909, -0.2141851782798767], [-0.5284824967384338, -0.6057063937187195, -0.5948325395584106, -0.13105112314224243], [0.0, 0.0, 0.0, 1.0]]}, "finger2joint2": {"matrix": [[0.6137377023696899, -0.5368078947067261, -0.5789328217506409, -1.9914019107818604], [-0.5906824469566345, -0.7987480163574219, 0.11443498730659485, -0.5217812061309814], [-0.5238512754440308, 0.27173230051994324, -0.807304859161377, -0.6550773978233337], [0.0, 0.0, 0.0, 1.0]]}, "finger2joint3": {"matrix": [[0.5973747968673706, -0.055090129375457764, -0.8000676035881042, -2.195183038711548], [-0.6862451434135437, -0.5513516068458557, -0.4744243919849396, -0.8249990940093994], [-0.4149826765060425, 0.8324517607688904, -0.367169052362442, -0.5519233345985413], [0.0, 0.0, 0.0, 1.0]]}, "Bone.002": {"matrix": [[0.6620371341705322, -0.3588204085826874, 0.657992959022522, -1.4758820533752441], [-0.4819168746471405, 0.4685715436935425, 0.7404029369354248, -0.17917682230472565], [-0.5739886164665222, -0.8072720766067505, 0.13729028403759003, 0.49386313557624817], [0.0, 0.0, 0.0, 1.0]]}, "finger3joint1": {"matrix": [[0.5050431489944458, 0.09615487605333328, 0.857721209526062, -1.6271286010742188], [-0.575605571269989, 0.7780240178108215, 0.2517074644565582, 0.018330752849578857], [-0.643125057220459, -0.6208320260047913, 0.448282927274704, 0.15358981490135193], [0.0, 0.0, 0.0, 1.0]]}, "finger3joint2": {"matrix": [[0.48023515939712524, -0.5617539286613464, 0.6736518144607544, -1.542783260345459], [-0.45466676354408264, 0.49735212326049805, 0.7388631701469421, 0.7007990479469299], [-0.7501015663146973, -0.6611149907112122, -0.016564754769206047, -0.39099255204200745], [0.0, 0.0, 0.0, 1.0]]}, "finger3joint3": {"matrix": [[0.3316411077976227, -0.8024003505706787, 0.4961530566215515, -1.9062832593917847], [-0.5471984148025513, 0.2648022770881653, 0.7940109372138977, 1.0226256847381592], [-0.7684972882270813, -0.5348207354545593, -0.3512527346611023, -0.8187870383262634], [0.0, 0.0, 0.0, 1.0]]}, "Bone.003": {"matrix": [[0.6116045713424683, -0.32231447100639343, 0.7225325107574463, -1.4758821725845337], [0.31785520911216736, 0.9364111423492432, 0.14866763353347778, -0.17917683720588684], [-0.7245051264762878, 0.13873513042926788, 0.6751627326011658, 0.4938631057739258], [0.0, 0.0, 0.0, 1.0]]}, "finger4joint1": {"matrix": [[0.6089853644371033, -0.11689051240682602, 0.7845211029052734, -1.6140323877334595], [-0.6910068988800049, 0.40741074085235596, 0.5970975160598755, 0.2221871316432953], [-0.3894175887107849, -0.9057331085205078, 0.1673351526260376, 0.553327739238739], [0.0, 0.0, 0.0, 1.0]]}, "finger4joint2": {"matrix": [[0.6211814284324646, -0.4771709740161896, 0.6216440200805664, -1.7301466464996338], [-0.6698272228240967, 0.08845774829387665, 0.7372286915779114, 0.6268923282623291], [-0.4067735970020294, -0.874346911907196, -0.2646736800670624, -0.34639042615890503], [0.0, 0.0, 0.0, 1.0]]}, "finger4joint3": {"matrix": [[0.6495363116264343, -0.6425769925117493, 0.40644457936286926, -1.92915678024292], [-0.6855748295783997, -0.26382336020469666, 0.6785159111022949, 0.6637847423553467], [-0.328769326210022, -0.7193689942359924, -0.6118974089622498, -0.7110480070114136], [0.0, 0.0, 0.0, 1.0]]}}