{"root": {"matrix": [[0.28607338666915894, -0.8995801210403442, -0.330026775598526, 0.0], [-0.48713719844818115, 0.1600547581911087, -0.858533501625061, 1.4901161193847656e-08], [0.825141966342926, 0.40637192130088806, -0.3924315869808197, 2.9802322387695312e-08], [0.0, 0.0, 0.0, 1.0]]}, "carpals": {"matrix": [[0.7546197175979614, -0.5239259004592896, -0.39503228664398193, -0.19647246599197388], [0.4858687222003937, 0.041543327271938324, 0.8730437755584717, -0.8484621047973633], [-0.44099920988082886, -0.8507500290870667, 0.28590884804725647, 2.307920217514038], [0.0, 0.0, 0.0, 1.0]]}, "metacarpals": {"matrix": [[0.5410279631614685, -0.5802982449531555, 0.6087220311164856, -0.706773042678833], [-0.41155606508255005, 0.44852954149246216, 0.7933741211891174, -0.8079991340637207], [-0.73342365026474, -0.6797608137130737, 0.0038419002667069435, 1.479294776916504], [0.0, 0.0, 0.0, 1.0]]}, "finger5joint1": {"matrix": [[0.4435398280620575, -0.4970269799232483, 0.7458125948905945, -1.3832719326019287], [-0.3553343117237091, 0.6664304137229919, 0.6554446220397949, -0.8061914443969727], [-0.8228060603141785, -0.5557284951210022, 0.11897782236337662, 1.2184863090515137], [0.0, 0.0, 0.0, 1.0]]}, "finger5joint2": {"matrix": [[0.7817611694335938, -0.26605260372161865, -0.5639725923538208, -1.9082677364349365], [0.5683443546295166, 0.676134467124939, 0.4688563346862793, -0.10225948691368103], [0.25658100843429565, -0.6870641708374023, 0.6797854900360107, 0.6314857006072998], [0.0, 0.0, 0.0, 1.0]]}, "finger5joint3": {"matrix": [[0.7833678126335144, -0.23253443837165833, -0.576421856880188, -2.091134786605835], [0.6023048162460327, 0.5130231976509094, 0.6115844249725342, 0.36247146129608154], [0.15350347757339478, -0.8262771964073181, 0.541942834854126, 0.1592424213886261], [0.0, 0.0, 0.0, 1.0]]}, "Bone": {"matrix": [[0.6033176779747009, 0.33282268047332764, 0.7247321605682373, -1.6127798557281494], [-0.5721874833106995, -0.45237410068511963, 0.684075117111206, -0.1077200174331665], [0.5555257201194763, -0.8273975253105164, -0.08248819410800934, 0.41799941658973694], [0.0, 0.0, 0.0, 1.0]]}, "finger1joint1": {"matrix": [[0.7653834819793701, -0.6108806133270264, 0.20251639187335968, -1.3358088731765747], [-0.4337865114212036, -0.2572299540042877, 0.8635169863700867, -0.4841800928115845], [-0.4754127264022827, -0.7487707138061523, -0.4618711769580841, -0.27055054903030396], [0.0, 0.0, 0.0, 1.0]]}, "finger1joint2": {"matrix": [[0.6794470548629761, -0.697252631187439, 0.2284521758556366, -1.6810654401779175], [-0.6708613634109497, -0.4642583131790161, 0.578281044960022, -0.6295609474182129], [-0.29714739322662354, -0.546171247959137, -0.7831987142562866, -0.6937395930290222], [0.0, 0.0, 0.0, 1.0]]}, "finger1joint3": {"matrix": [[0.724210262298584, -0.6737724542617798, -0.14679975807666779, -1.979966163635254], [-0.5913618206977844, -0.7163245677947998, 0.3703647553920746, -0.8285808563232422], [-0.3546980917453766, -0.18141032755374908, -0.9172128438949585, -0.9278742074966431], [0.0, 0.0, 0.0, 1.0]]}, "Bone.001": {"matrix": [[0.7613232731819153, 0.31870725750923157, 0.5646346807479858, -1.6127798557281494], [-0.6065810322761536, 0.04251571744680405, 0.793883740901947, -0.10771999508142471], [0.22901059687137604, -0.9468990564346313, 0.22569018602371216, 0.4179994463920593], [0.0, 0.0, 0.0, 1.0]]}, "finger2joint1": {"matrix": [[0.7160858511924744, -0.6976034045219421, -0.02387995272874832, -1.4107565879821777], [-0.43585431575775146, -0.47360050678253174, 0.765332043170929, -0.08076995611190796], [-0.5452079772949219, -0.5376355051994324, -0.6431920528411865, -0.1822243332862854], [0.0, 0.0, 0.0, 1.0]]}, "finger2joint2": {"matrix": [[0.6491963863372803, -0.47081393003463745, -0.597392737865448, -2.0142874717712402], [-0.5457505583763123, -0.8353981375694275, 0.0653134435415268, -0.49050500988960266], [-0.5298115611076355, 0.28362607955932617, -0.7992845177650452, -0.6473591923713684], [0.0, 0.0, 0.0, 1.0]]}, "finger2joint3": {"matrix": [[0.6416755318641663, -0.05995815619826317, -0.7646288275718689, -2.1930160522460938], [-0.6416051983833313, -0.5881937742233276, -0.4923112988471985, -0.8076357841491699], [-0.4202320873737335, 0.8064939975738525, -0.4158991575241089, -0.5396900177001953], [0.0, 0.0, 0.0, 1.0]]}, "Bone.002": {"matrix": [[0.758935809135437, -0.23366904258728027, 0.6077952980995178, -1.6127798557281494], [-0.41754913330078125, 0.5416023135185242, 0.7296022176742554, -0.10771999508142471], [-0.4996689558029175, -0.8075055480003357, 0.31347325444221497, 0.4179994463920593], [0.0, 0.0, 0.0, 1.0]]}, "finger3joint1": {"matrix": [[0.6193565726280212, 0.1843130737543106, 0.7631685137748718, -1.7112736701965332], [-0.5108648538589478, 0.832731306552887, 0.2134840041399002, 0.1205708384513855], [-0.5961666107177734, -0.5220984816551208, 0.6099166870117188, 0.0776277482509613], [0.0, 0.0, 0.0, 1.0]]}, "finger3joint2": {"matrix": [[0.6106311082839966, -0.5155834555625916, 0.6010851860046387, -1.5495976209640503], [-0.3806566298007965, 0.47449132800102234, 0.7936991453170776, 0.8510273694992065], [-0.6944279670715332, -0.7134642004966736, 0.09347907453775406, -0.3803474009037018], [0.0, 0.0, 0.0, 1.0]]}, "finger3joint3": {"matrix": [[0.4745109975337982, -0.8729290962219238, 0.11328791826963425, -1.8832216262817383], [-0.48469042778015137, -0.15167418122291565, 0.861434817314148, 1.1580612659454346], [-0.7347887754440308, -0.46366986632347107, -0.4950712025165558, -0.8420160412788391], [0.0, 0.0, 0.0, 1.0]]}, "Bone.003": {"matrix": [[0.7136430144309998, -0.3641774356365204, 0.5984048843383789, -1.6127798557281494], [0.39257562160491943, 0.915410578250885, 0.08892492204904556, -0.10771998763084412], [-0.5801705121994019, 0.17145875096321106, 0.7962436079978943, 0.41799941658973694], [0.0, 0.0, 0.0, 1.0]]}, "finger4joint1": {"matrix": [[0.6857032179832458, 0.028967568650841713, 0.7273045182228088, -1.7688734531402588], [-0.6489298939704895, 0.47692596912384033, 0.5928163528442383, 0.2846427261829376], [-0.3296981751918793, -0.8784655928611755, 0.34582775831222534, 0.491489976644516], [0.0, 0.0, 0.0, 1.0]]}, "finger4joint2": {"matrix": [[0.7001034617424011, -0.46533405780792236, 0.5415894389152527, -1.740098237991333], [-0.6262582540512085, -0.035801712423563004, 0.7787928581237793, 0.7584014534950256], [-0.34300923347473145, -0.884410560131073, -0.3164840340614319, -0.381141722202301], [0.0, 0.0, 0.0, 1.0]]}, "finger4joint3": {"matrix": [[0.7283638715744019, -0.630102813243866, 0.2691769599914551, -1.9341715574264526], [-0.6324401497840881, -0.4670846164226532, 0.6179408431053162, 0.7434698939323425], [-0.26363804936408997, -0.6203243136405945, -0.7387098073959351, -0.7499966025352478], [0.0, 0.0, 0.0, 1.0]]}}