{"root": {"matrix": [[0.5368773341178894, -0.8327328562736511, 0.13534685969352722, 5.960464477539063e-08], [-0.3936437666416168, -0.38915160298347473, -0.8328298926353455, -2.9802322387695312e-08], [0.7461951971054077, 0.3938489854335785, -0.5367268323898315, 2.9802322387695312e-08], [0.0, 0.0, 0.0, 1.0]]}, "carpals": {"matrix": [[-0.4813685417175293, -0.5935220718383789, -0.6449927091598511, 0.38382503390312195], [0.6893979907035828, 0.19807343184947968, -0.6967761516571045, -1.1774910688400269], [0.5413082242012024, -0.7800629138946533, 0.3138265311717987, 2.1333489418029785], [0.0, 0.0, 0.0, 1.0]]}, "metacarpals": {"matrix": [[-0.6563282012939453, -0.704319179058075, -0.27049490809440613, -0.19426190853118896], [0.4247451424598694, -0.04861881956458092, -0.9040063619613647, -0.98456871509552], [0.6235581636428833, -0.7082163691520691, 0.33106595277786255, 1.3735724687576294], [0.0, 0.0, 0.0, 1.0]]}, "finger5joint1": {"matrix": [[-0.591182291507721, -0.7635602951049805, -0.25976693630218506, -0.36975938081741333], [0.3839702010154724, 0.016787802800536156, -0.9231926798820496, -0.7149633765220642], [0.7092745304107666, -0.6455180048942566, 0.28325963020324707, 0.7238122224807739], [0.0, 0.0, 0.0, 1.0]]}, "finger5joint2": {"matrix": [[-0.16735541820526123, -0.9603945016860962, 0.2227863371372223, -1.1762871742248535], [-0.9357379674911499, 0.08357269316911697, -0.342650830745697, -0.6972308158874512], [0.3104610741138458, -0.26581403613090515, -0.9126644730567932, 0.041969478130340576], [0.0, 0.0, 0.0, 1.0]]}, "finger5joint3": {"matrix": [[-0.2682929039001465, -0.9622690677642822, -0.04534762725234032, -1.836399793624878], [-0.903559684753418, 0.26768964529037476, -0.334546834230423, -0.6397883892059326], [0.3340631127357483, -0.048782043159008026, -0.9412872791290283, -0.14073385298252106], [0.0, 0.0, 0.0, 1.0]]}, "Bone": {"matrix": [[0.6148098707199097, -0.712711751461029, -0.33771368861198425, -1.2938997745513916], [0.1899200826883316, 0.549394428730011, -0.8136926889419556, -1.0604761838912964], [0.7654664516448975, 0.4361279606819153, 0.47313135862350464, 0.26785004138946533], [0.0, 0.0, 0.0, 1.0]]}, "finger1joint1": {"matrix": [[-0.5698398351669312, -0.7328335642814636, -0.3718027174472809, -1.887009620666504], [0.39813998341560364, 0.14958712458610535, -0.9050458073616028, -0.6032769083976746], [0.718865156173706, -0.6637606620788574, 0.20652955770492554, 0.6307903528213501], [0.0, 0.0, 0.0, 1.0]]}, "finger1joint2": {"matrix": [[-0.4148125648498535, -0.24124206602573395, -0.877344012260437, -2.3011913299560547], [0.6517112851142883, 0.5941093564033508, -0.4714937210083008, -0.5187335014343262], [0.634982705116272, -0.7673564553260803, -0.08922384679317474, 0.2556471824645996], [0.0, 0.0, 0.0, 1.0]]}, "finger1joint3": {"matrix": [[-0.49240002036094666, 0.5881423354148865, -0.6415844559669495, -2.4046077728271484], [0.5783739686012268, 0.771953284740448, 0.26376429200172424, -0.26404863595962524], [0.6504044532775879, -0.2411981225013733, -0.7202759385108948, -0.0733058899641037], [0.0, 0.0, 0.0, 1.0]]}, "Bone.001": {"matrix": [[0.29306259751319885, -0.9546252489089966, -0.05295860394835472, -1.2938997745513916], [0.2672269344329834, 0.13496792316436768, -0.9541347026824951, -1.0604761838912964], [0.9179890155792236, 0.26546934247016907, 0.29465553164482117, 0.26785004138946533], [0.0, 0.0, 0.0, 1.0]]}, "finger2joint1": {"matrix": [[-0.3808262348175049, -0.3675139248371124, -0.8484718799591064, -1.8990209102630615], [0.1767788529396057, 0.8717522621154785, -0.45694291591644287, -0.974922239780426], [0.9075904488563538, -0.32400766015052795, -0.26701754331588745, 0.4361267685890198], [0.0, 0.0, 0.0, 1.0]]}, "finger2joint2": {"matrix": [[-0.3324548602104187, -0.10733123123645782, -0.9369916915893555, -2.216975212097168], [0.2963562309741974, 0.9312900900840759, -0.21182861924171448, -0.22072668373584747], [0.8953472971916199, -0.34810665249824524, -0.2778036594390869, 0.1558118760585785], [0.0, 0.0, 0.0, 1.0]]}, "finger2joint3": {"matrix": [[-0.2575097680091858, 0.1631070226430893, -0.9524098038673401, -2.2577199935913086], [0.4189510941505432, 0.9070338606834412, 0.042061202228069305, 0.13280630111694336], [0.8707287311553955, -0.3881819248199463, -0.30190393328666687, 0.02366487681865692], [0.0, 0.0, 0.0, 1.0]]}, "Bone.002": {"matrix": [[-0.4547693431377411, -0.8895617127418518, 0.04318021982908249, -1.293899655342102], [0.3006272315979004, -0.19896627962589264, -0.9327569603919983, -1.0604761838912964], [0.8383365273475647, -0.4112080931663513, 0.3579100966453552, 0.2678500711917877], [0.0, 0.0, 0.0, 1.0]]}, "finger3joint1": {"matrix": [[-0.4770401120185852, -0.6668012738227844, -0.5725457072257996, -1.6688588857650757], [0.38505780696868896, 0.42702817916870117, -0.8181547522544861, -1.1443424224853516], [0.790040135383606, -0.6107557415962219, 0.05304737016558647, 0.09452173113822937], [0.0, 0.0, 0.0, 1.0]]}, "finger3joint2": {"matrix": [[-0.5539005398750305, -0.05272912234067917, -0.8309113383293152, -2.2537646293640137], [0.4791813790798187, 0.7959449887275696, -0.3699412941932678, -0.769761323928833], [0.6808667182922363, -0.6030678153038025, -0.41560763120651245, -0.4412219226360321], [0.0, 0.0, 0.0, 1.0]]}, "finger3joint3": {"matrix": [[-0.4082070291042328, 0.2877722978591919, -0.8663451075553894, -2.287884473800659], [0.5734596848487854, 0.8192314505577087, 0.0019181036623194814, -0.2547209560871124], [0.710289478302002, -0.4960309863090515, -0.49944183230400085, -0.8314552307128906], [0.0, 0.0, 0.0, 1.0]]}, "Bone.003": {"matrix": [[-0.7379023432731628, -0.033488184213638306, 0.6740759611129761, -1.2938997745513916], [-0.4037534296512604, -0.7784296870231628, -0.48065614700317383, -1.0604761838912964], [0.5408170819282532, -0.6268380284309387, 0.5608841180801392, 0.2678500711917877], [0.0, 0.0, 0.0, 1.0]]}, "finger4joint1": {"matrix": [[-0.6054986119270325, -0.7942783832550049, -0.04992818832397461, -1.308253288269043], [0.43970146775245667, -0.2815849781036377, -0.8528611660003662, -1.394126296043396], [0.663350522518158, -0.5383598804473877, 0.5197446942329407, -0.0008248686790466309], [0.0, 0.0, 0.0, 1.0]]}, "finger4joint2": {"matrix": [[-0.6243979930877686, -0.4019814729690552, -0.6697293519973755, -2.097256898880005], [0.4165802001953125, 0.5539209246635437, -0.720855176448822, -1.6738412380218506], [0.6607478857040405, -0.7290966510772705, -0.17840968072414398, -0.5356094837188721], [0.0, 0.0, 0.0, 1.0]]}, "finger4joint3": {"matrix": [[-0.5789576172828674, 0.11179979145526886, -0.8076560497283936, -2.2649085521698], [0.3795936107635498, 0.9136178493499756, -0.14563925564289093, -1.4428215026855469], [0.7216068506240845, -0.39090004563331604, -0.571384608745575, -0.8396887183189392], [0.0, 0.0, 0.0, 1.0]]}}