{"root": {"matrix": [[0.34534716606140137, -0.8292644619941711, -0.4393811821937561, 5.960464477539063e-08], [-0.5328646898269653, 0.2121269702911377, -0.8191809058189392, 1.4901161193847656e-08], [0.7725221514701843, 0.5170325636863708, -0.3686283528804779, 0.0], [0.0, 0.0, 0.0, 1.0]]}, "carpals": {"matrix": [[0.7271837592124939, -0.617858350276947, -0.2990896701812744, 0.018694162368774414], [0.4528995454311371, 0.10442483425140381, 0.885424792766571, -0.9053288698196411], [-0.5158346891403198, -0.7793242335319519, 0.3557640612125397, 2.2945621013641357], [0.0, 0.0, 0.0, 1.0]]}, "metacarpals": {"matrix": [[0.4411035180091858, -0.6546225547790527, 0.6139192581176758, -0.5830962657928467], [-0.45258232951164246, 0.42845579981803894, 0.7820450663566589, -0.8036196231842041], [-0.7749817967414856, -0.6228118538856506, -0.10727710276842117, 1.5355050563812256], [0.0, 0.0, 0.0, 1.0]]}, "finger5joint1": {"matrix": [[0.3357176184654236, -0.7030236124992371, 0.6269380450248718, -1.2866142988204956], [-0.35668227076530457, 0.52112877368927, 0.775372326374054, -0.8014083504676819], [-0.8718206882476807, -0.4839237332344055, -0.07580382376909256, 1.3601984977722168], [0.0, 0.0, 0.0, 1.0]]}, "finger5joint2": {"matrix": [[0.7119588255882263, -0.21723338961601257, -0.6677752733230591, -2.02919864654541], [0.6942909359931946, 0.3602670133113861, 0.6230306625366211, -0.25095444917678833], [0.10523445159196854, -0.9072025418281555, 0.4073188304901123, 0.8490431308746338], [0.0, 0.0, 0.0, 1.0]]}, "finger5joint3": {"matrix": [[0.7242489457130432, -0.04112144932150841, -0.6883109211921692, -2.178510904312134], [0.6895336508750916, 0.03956864774227142, 0.7231714725494385, -0.003330295905470848], [-0.0025022493209689856, -0.9983700513839722, 0.05701250210404396, 0.22549103200435638], [0.0, 0.0, 0.0, 1.0]]}, "Bone": {"matrix": [[0.6606062054634094, 0.22239263355731964, 0.7170360684394836, -1.6051437854766846], [-0.5578063726425171, -0.4938291013240814, 0.6670715808868408, -0.13468122482299805], [0.5024450421333313, -0.8406392335891724, -0.20217446982860565, 0.5631228089332581], [0.0, 0.0, 0.0, 1.0]]}, "finger1joint1": {"matrix": [[0.8053284883499146, -0.5121572017669678, 0.298564612865448, -1.4200713634490967], [-0.4534677565097809, -0.20778974890708923, 0.866712212562561, -0.54563969373703], [-0.38185444474220276, -0.8333776593208313, -0.39958566427230835, -0.13644683361053467], [0.0, 0.0, 0.0, 1.0]]}, "finger1joint2": {"matrix": [[0.6862702369689941, -0.6337786316871643, 0.3568720817565918, -1.709531545639038], [-0.691565752029419, -0.41657355427742004, 0.5900872945785522, -0.6630779504776001], [-0.2253214567899704, -0.6517600417137146, -0.724181592464447, -0.6074537634849548], [0.0, 0.0, 0.0, 1.0]]}, "finger1joint3": {"matrix": [[0.741670548915863, -0.670749306678772, -0.0044861058704555035, -1.981222152709961], [-0.612499475479126, -0.6799578666687012, 0.4031146466732025, -0.8416561484336853], [-0.2734394669532776, -0.296230673789978, -0.915138304233551, -0.8868525624275208], [0.0, 0.0, 0.0, 1.0]]}, "Bone.001": {"matrix": [[0.7765424847602844, 0.1994837522506714, 0.5976518392562866, -1.605143666267395], [-0.6091839671134949, -0.0044622281566262245, 0.7930160760879517, -0.13468118011951447], [0.16086061298847198, -0.9798908233642578, 0.11805737763643265, 0.5631228089332581], [0.0, 0.0, 0.0, 1.0]]}, "finger2joint1": {"matrix": [[0.5068420767784119, -0.7279325127601624, 0.4617631137371063, -1.478694200515747], [-0.5196413397789001, 0.1694033443927765, 0.8374215960502625, -0.13750973343849182], [-0.6878108382225037, -0.664391815662384, -0.292402982711792, -0.05801403522491455], [0.0, 0.0, 0.0, 1.0]]}, "finger2joint2": {"matrix": [[0.39408671855926514, -0.6044954657554626, -0.6923009753227234, -2.108464241027832], [-0.5773483514785767, -0.7489096522331238, 0.32527342438697815, 0.009049415588378906], [-0.7150974869728088, 0.27151283621788025, -0.64413982629776, -0.6328119039535522], [0.0, 0.0, 0.0, 1.0]]}, "finger2joint3": {"matrix": [[0.38242408633232117, 0.2762835919857025, -0.8817136287689209, -2.3379406929016113], [-0.6861754059791565, -0.5541489720344543, -0.47125551104545593, -0.2752489745616913], [-0.6188011169433594, 0.7852297425270081, -0.022340955212712288, -0.529741108417511], [0.0, 0.0, 0.0, 1.0]]}, "Bone.002": {"matrix": [[0.6861931085586548, -0.32539594173431396, 0.6505816578865051, -1.6051437854766846], [-0.45215681195259094, 0.5097976326942444, 0.7318881750106812, -0.13468119502067566], [-0.5698186159133911, -0.7963814735412598, 0.2026897519826889, 0.5631228089332581], [0.0, 0.0, 0.0, 1.0]]}, "finger3joint1": {"matrix": [[0.5603746771812439, 0.16744036972522736, 0.8111374378204346, -1.7423014640808105], [-0.6020119190216064, 0.7549510598182678, 0.2600582242012024, 0.08020365238189697], [-0.5688251256942749, -0.6340442895889282, 0.5238565802574158, 0.2274400293827057], [0.0, 0.0, 0.0, 1.0]]}, "finger3joint2": {"matrix": [[0.5479074120521545, -0.4863547384738922, 0.680629551410675, -1.5954258441925049], [-0.48469308018684387, 0.47857096791267395, 0.732149064540863, 0.7424327731132507], [-0.6818138957023621, -0.7310460805892944, 0.02647990733385086, -0.3287319540977478], [0.0, 0.0, 0.0, 1.0]]}, "finger3joint3": {"matrix": [[0.40083253383636475, -0.7907861471176147, 0.46259111166000366, -1.9101362228393555], [-0.5765623450279236, 0.1746610552072525, 0.7981660962104797, 1.0521066188812256], [-0.7119755744934082, -0.5866435170173645, -0.3859275281429291, -0.8017773628234863], [0.0, 0.0, 0.0, 1.0]]}, "Bone.003": {"matrix": [[0.6409331560134888, -0.3292132019996643, 0.6934142708778381, -1.6051437854766846], [0.35434380173683167, 0.928240954875946, 0.11317703872919083, -0.13468119502067566], [-0.6809147596359253, 0.17316834628582, 0.7115951180458069, 0.5631227493286133], [0.0, 0.0, 0.0, 1.0]]}, "finger4joint1": {"matrix": [[0.6579868197441101, -0.06635887920856476, 0.750099778175354, -1.746250867843628], [-0.6842114329338074, 0.3633316457271576, 0.632332444190979, 0.2631809115409851], [-0.31449612975120544, -0.9292932748794556, 0.193664088845253, 0.6373461484909058], [0.0, 0.0, 0.0, 1.0]]}, "finger4joint2": {"matrix": [[0.6706545352935791, -0.4037352204322815, 0.6222701668739319, -1.812169075012207], [-0.663364827632904, 0.048934612423181534, 0.746694028377533, 0.6240996718406677], [-0.3319174647331238, -0.9135659337043762, -0.23500539362430573, -0.285775750875473], [0.0, 0.0, 0.0, 1.0]]}, "finger4joint3": {"matrix": [[0.6927192807197571, -0.511358380317688, 0.5085787177085876, -1.980552077293396], [-0.6759885549545288, -0.2145977020263672, 0.7049728631973267, 0.6445084810256958], [-0.2513541877269745, -0.8321418762207031, -0.4943283200263977, -0.666790246963501], [0.0, 0.0, 0.0, 1.0]]}}