{"root": {"matrix": [[0.4636957347393036, -0.8857831358909607, -0.019351784139871597, 0.0], [-0.869337797164917, -0.45908504724502563, 0.18301008641719818, -2.9802322387695312e-08], [-0.1709914356470108, -0.06803779304027557, -0.9829205274581909, 0.0], [0.0, 0.0, 0.0, 1.0]]}, "carpals": {"matrix": [[-0.7414153814315796, -0.6655825972557068, -0.08545630425214767, 0.18379241228103638], [-0.26235759258270264, 0.40472105145454407, -0.8759960532188416, -2.435919761657715], [0.6176337599754333, -0.6270570158958435, -0.4746870696544647, -0.34278303384780884], [0.0, 0.0, 0.0, 1.0]]}, "metacarpals": {"matrix": [[-0.868475079536438, -0.43054667115211487, 0.24572421610355377, -0.46448105573654175], [-0.43953970074653625, 0.8980014324188232, 0.019950488582253456, -2.0417239665985107], [-0.22925034165382385, -0.09067913889884949, -0.9691343307495117, -0.9535328149795532], [0.0, 0.0, 0.0, 1.0]]}, "finger5joint1": {"matrix": [[-0.745786726474762, -0.5991682410240173, 0.29120320081710815, -0.6588761210441589], [-0.6223191618919373, 0.7825908660888672, 0.016436349600553513, -1.4603450298309326], [-0.2377411276102066, -0.16896340250968933, -0.9565199017524719, -0.5663846731185913], [0.0, 0.0, 0.0, 1.0]]}, "finger5joint2": {"matrix": [[0.3144409954547882, -0.8980727791786194, -0.3075573444366455, -1.291761040687561], [-0.03641274571418762, -0.33516383171081543, 0.9414556622505188, -0.6337159276008606], [-0.9485781192779541, -0.28483331203460693, -0.1380905956029892, -0.7448559999465942], [0.0, 0.0, 0.0, 1.0]]}, "finger5joint3": {"matrix": [[0.24568118155002594, -0.8086419105529785, -0.5345450043678284, -1.9090379476547241], [-0.1193186491727829, -0.5724807381629944, 0.8111894726753235, -0.8640857934951782], [-0.9619787931442261, -0.1355128288269043, -0.23713389039039612, -0.9406319260597229], [0.0, 0.0, 0.0, 1.0]]}, "Bone": {"matrix": [[0.26888927817344666, -0.9559218883514404, 0.11794804036617279, -1.136683702468872], [-0.9535476565361023, -0.2814665734767914, -0.10734587162733078, -0.6396944522857666], [0.13581278920173645, -0.08360496163368225, -0.9872004985809326, -1.0951080322265625], [0.0, 0.0, 0.0, 1.0]]}, "finger1joint1": {"matrix": [[-0.41286584734916687, -0.7936874628067017, -0.4467681646347046, -1.932190179824829], [-0.7906041741371155, 0.06876187771558762, 0.608454167842865, -0.8739274740219116], [-0.45220187306404114, 0.6044268012046814, -0.6558822393417358, -1.1646831035614014], [0.0, 0.0, 0.0, 1.0]]}, "finger1joint2": {"matrix": [[-0.2412828654050827, -0.10844247043132782, -0.9643768668174744, -2.380765199661255], [-0.9395287036895752, -0.2227676510810852, 0.26011571288108826, -0.835064709186554], [-0.24303953349590302, 0.9688212871551514, -0.048134833574295044, -0.8230741620063782], [0.0, 0.0, 0.0, 1.0]]}, "finger1joint3": {"matrix": [[-0.33356600999832153, 0.5765359401702881, -0.745881974697113, -2.427252769470215], [-0.8995471596717834, -0.43136152625083923, 0.06886184960603714, -0.9305615425109863], [-0.2820434868335724, 0.6939260363578796, 0.6625088453292847, -0.4077564477920532], [0.0, 0.0, 0.0, 1.0]]}, "Bone.001": {"matrix": [[-0.05844416096806526, -0.8883360624313354, 0.4554591178894043, -1.1366839408874512], [-0.9981300830841064, 0.06017690524458885, -0.010709047317504883, -0.6396945118904114], [-0.017894823104143143, -0.45523345470428467, -0.8901920914649963, -1.095108151435852], [0.0, 0.0, 0.0, 1.0]]}, "finger2joint1": {"matrix": [[-0.609011709690094, -0.7460449934005737, -0.26929789781570435, -1.6997854709625244], [-0.7143712639808655, 0.3684018552303314, 0.5949398279190063, -0.6015492677688599], [-0.3446420431137085, 0.5547040700912476, -0.7573143243789673, -1.3836731910705566], [0.0, 0.0, 0.0, 1.0]]}, "finger2joint2": {"matrix": [[-0.646479070186615, -0.1763685941696167, -0.7422659397125244, -2.3452255725860596], [-0.7300395369529724, -0.13958702981472015, 0.6689973473548889, -0.2828267812728882], [-0.22160084545612335, 0.974376380443573, -0.03851606696844101, -0.9037715196609497], [0.0, 0.0, 0.0, 1.0]]}, "finger2joint3": {"matrix": [[-0.5935148000717163, 0.4336499571800232, -0.6780025959014893, -2.412177801132202], [-0.7980690598487854, -0.42601776123046875, 0.426138699054718, -0.33581632375717163], [-0.10404611378908157, 0.7940127849578857, 0.5989305377006531, -0.5338822603225708], [0.0, 0.0, 0.0, 1.0]]}, "Bone.002": {"matrix": [[-0.6684530973434448, -0.540403425693512, 0.5110131502151489, -1.1366838216781616], [-0.6731760501861572, 0.7317354083061218, -0.10675688087940216, -0.6396944522857666], [-0.31623464822769165, -0.4153638780117035, -0.8529175519943237, -1.095108151435852], [0.0, 0.0, 0.0, 1.0]]}, "finger3joint1": {"matrix": [[-0.8198605179786682, -0.4663082957267761, 0.3322426974773407, -1.3644694089889526], [-0.5277876257896423, 0.8404508829116821, -0.12281028926372528, -0.331260621547699], [-0.22196625173091888, -0.2760409414768219, -0.9351642727851868, -1.2701882123947144], [0.0, 0.0, 0.0, 1.0]]}, "finger3joint2": {"matrix": [[-0.8955436944961548, -0.4448772966861725, 0.0092464629560709, -1.7735064029693604], [-0.383087158203125, 0.7813974022865295, 0.4926075339317322, 0.4059673547744751], [-0.22637510299682617, 0.43760934472084045, -0.8702024817466736, -1.5123262405395508], [0.0, 0.0, 0.0, 1.0]]}, "finger3joint3": {"matrix": [[-0.9052985310554504, -0.3258805274963379, -0.272463321685791, -2.061377763748169], [-0.42122358083724976, 0.6059406399726868, 0.674838125705719, 0.9115942120552063], [-0.05482000112533569, 0.7256979942321777, -0.6858258247375488, -1.22915780544281], [0.0, 0.0, 0.0, 1.0]]}, "Bone.003": {"matrix": [[-0.4491259455680847, 0.5140842795372009, 0.7307552099227905, -1.1366839408874512], [-0.13049693405628204, 0.7713713645935059, -0.6228616237640381, -0.6396944522857666], [-0.8838870525360107, -0.37510472536087036, -0.2793564796447754, -1.0951080322265625], [0.0, 0.0, 0.0, 1.0]]}, "finger4joint1": {"matrix": [[-0.5984736680984497, -0.739435613155365, 0.30832430720329285, -0.9163373112678528], [-0.7874104380607605, 0.6138594746589661, -0.05622240900993347, -0.30906975269317627], [-0.14769497513771057, -0.27642545104026794, -0.9496182799339294, -1.255885362625122], [0.0, 0.0, 0.0, 1.0]]}, "finger4joint2": {"matrix": [[-0.6092011332511902, -0.7050125598907471, -0.3630850911140442, -1.650862455368042], [-0.774070680141449, 0.429177850484848, 0.4654249846935272, 0.30071312189102173], [-0.17230242490768433, 0.5645911693572998, -0.8071854710578918, -1.5304750204086304], [0.0, 0.0, 0.0, 1.0]]}, "finger4joint3": {"matrix": [[-0.5431110262870789, -0.6023094654083252, -0.5850241184234619, -1.944896936416626], [-0.813792884349823, 0.20597532391548157, 0.5434286594390869, 0.479707270860672], [-0.20681175589561462, 0.7712308764457703, -0.6020228862762451, -1.295004963874817], [0.0, 0.0, 0.0, 1.0]]}}