{"root": {"matrix": [[0.5757140517234802, -0.8068559765815735, 0.13242647051811218, 0.0], [-0.79792720079422, -0.5190498232841492, 0.3064301311969757, -5.960464477539063e-08], [-0.17850910127162933, -0.28208285570144653, -0.9426366090774536, 0.0], [0.0, 0.0, 0.0, 1.0]]}, "carpals": {"matrix": [[-0.6352241635322571, -0.7723273038864136, 0.0006923929904587567, 0.4973103404045105], [-0.5921778678894043, 0.4864787459373474, -0.6423889398574829, -2.346996784210205], [0.4957977533340454, -0.40847116708755493, -0.7663782835006714, -0.5738238096237183], [0.0, 0.0, 0.0, 1.0]]}, "metacarpals": {"matrix": [[-0.8205561637878418, -0.49774566292762756, 0.28095656633377075, -0.25493180751800537], [-0.47137153148651123, 0.8673219680786133, 0.15987887978553772, -1.8731694221496582], [-0.3232588768005371, -0.001245417632162571, -0.9463096261024475, -0.9716722369194031], [0.0, 0.0, 0.0, 1.0]]}, "finger5joint1": {"matrix": [[-0.6798117160797119, -0.6588715314865112, 0.32209324836730957, -0.5105770230293274], [-0.643637478351593, 0.7465239763259888, 0.16861960291862488, -1.3612747192382812], [-0.35154905915260315, -0.09268180280923843, -0.9315702319145203, -0.5263811349868774], [0.0, 0.0, 0.0, 1.0]]}, "finger5joint2": {"matrix": [[0.3810819983482361, -0.9232240319252014, 0.049326613545417786, -1.2065247297286987], [0.12985554337501526, 0.10627168416976929, 0.9858211874961853, -0.5727422833442688], [-0.9153761863708496, -0.3692735433578491, 0.16038402915000916, -0.6242783069610596], [0.0, 0.0, 0.0, 1.0]]}, "finger5joint3": {"matrix": [[0.2899337112903595, -0.9499733448028564, -0.11613985151052475, -1.8410890102386475], [0.0847380980849266, -0.09539464116096497, 0.9918259978294373, -0.4996979832649231], [-0.953287661075592, -0.2974054217338562, 0.05284081771969795, -0.8780929446220398], [0.0, 0.0, 0.0, 1.0]]}, "Bone": {"matrix": [[0.339460164308548, -0.9260935187339783, 0.16467349231243134, -1.0320510864257812], [-0.9400985240936279, -0.3398626148700714, 0.026607375591993332, -0.5190390944480896], [0.03132552653551102, -0.16384151577949524, -0.9859890341758728, -0.9736166596412659], [0.0, 0.0, 0.0, 1.0]]}, "finger1joint1": {"matrix": [[-0.288989394903183, -0.8870652914047241, -0.3600001037120819, -1.802734613418579], [-0.7828553318977356, 0.0025311503559350967, 0.6221983432769775, -0.8018685579299927], [-0.5510194301605225, 0.4616367518901825, -0.6951754093170166, -1.1099635362625122], [0.0, 0.0, 0.0, 1.0]]}, "finger1joint2": {"matrix": [[-0.14786294102668762, -0.15212102234363556, -0.9772387742996216, -2.304084539413452], [-0.935009241104126, -0.30052903294563293, 0.18825478851795197, -0.8004379868507385], [-0.322326123714447, 0.9415632486343384, -0.09779752045869827, -0.8490564823150635], [0.0, 0.0, 0.0, 1.0]]}, "finger1joint3": {"matrix": [[-0.24038971960544586, 0.41453707218170166, -0.8777081966400146, -2.3692965507507324], [-0.8994787335395813, -0.43504783511161804, 0.04088130220770836, -0.9292698502540588], [-0.3648982346057892, 0.7993073463439941, 0.4774482548236847, -0.44542381167411804], [0.0, 0.0, 0.0, 1.0]]}, "Bone.001": {"matrix": [[0.023043004795908928, -0.8718447089195251, 0.4892396628856659, -1.0320510864257812], [-0.9895339012145996, 0.0498378612101078, 0.13541986048221588, -0.5190390944480896], [-0.14244771003723145, -0.4872398376464844, -0.8615716099739075, -0.9736166000366211], [0.0, 0.0, 0.0, 1.0]]}, "finger2joint1": {"matrix": [[-0.758110523223877, -0.6520339250564575, -0.01094771083444357, -1.5846991539001465], [-0.5792073607444763, 0.6655324697494507, 0.4707281291484833, -0.48744767904281616], [-0.29964467883110046, 0.3632049262523651, -0.8822102546691895, -1.2824701070785522], [0.0, 0.0, 0.0, 1.0]]}, "finger2joint2": {"matrix": [[-0.8096995949745178, -0.29965004324913025, -0.5045751929283142, -2.148805618286133], [-0.5576615333557129, 0.12511791288852692, 0.8205844163894653, 0.08833707869052887], [-0.18275681138038635, 0.9458091855049133, -0.26841139793395996, -0.9682437181472778], [0.0, 0.0, 0.0, 1.0]]}, "finger2joint3": {"matrix": [[-0.7903793454170227, 0.14482489228248596, -0.5952528119087219, -2.2625575065612793], [-0.6107065677642822, -0.26295149326324463, 0.7469227313995361, 0.13583388924598694], [-0.048349615186452866, 0.953877329826355, 0.29627689719200134, -0.6091989874839783], [0.0, 0.0, 0.0, 1.0]]}, "Bone.002": {"matrix": [[-0.5990886092185974, -0.5810670256614685, 0.5508663058280945, -1.0320509672164917], [-0.6765239238739014, 0.7353384494781494, 0.03990689665079117, -0.5190390348434448], [-0.4282618463039398, -0.34876659512519836, -0.8336387276649475, -0.9736166000366211], [0.0, 0.0, 0.0, 1.0]]}, "finger3joint1": {"matrix": [[-0.7458235025405884, -0.43479007482528687, 0.5046828389167786, -1.276976466178894], [-0.5855075716972351, 0.7891883254051208, -0.185371533036232, -0.20908650755882263], [-0.31769219040870667, -0.43375012278556824, -0.8431680798530579, -1.1206252574920654], [0.0, 0.0, 0.0, 1.0]]}, "finger3joint2": {"matrix": [[-0.8242002725601196, -0.562220573425293, 0.06783609837293625, -1.658366322517395], [-0.4457157552242279, 0.7179244756698608, 0.5347166061401367, 0.4831748604774475], [-0.34932994842529297, 0.4104779064655304, -0.8423042297363281, -1.5011028051376343], [0.0, 0.0, 0.0, 1.0]]}, "finger3joint3": {"matrix": [[-0.8507347702980042, -0.4463484287261963, -0.2775304913520813, -2.0221681594848633], [-0.4931124448776245, 0.4950646162033081, 0.7153677940368652, 0.9477297067642212], [-0.1819078028202057, 0.7454420924186707, -0.6412687301635742, -1.2354906797409058], [0.0, 0.0, 0.0, 1.0]]}, "Bone.003": {"matrix": [[-0.4022817313671112, 0.46440422534942627, 0.7889854311943054, -1.0320509672164917], [-0.051928821951150894, 0.8488313555717468, -0.5261070132255554, -0.5190390348434448], [-0.9140419363975525, -0.25261440873146057, -0.31735339760780334, -0.9736166596412659], [0.0, 0.0, 0.0, 1.0]]}, "finger4joint1": {"matrix": [[-0.48692306876182556, -0.750464677810669, 0.446887344121933, -0.8329983353614807], [-0.8444376587867737, 0.5352311730384827, -0.021267009899020195, -0.15521344542503357], [-0.22322796285152435, -0.38772401213645935, -0.8943372368812561, -1.0818921327590942], [0.0, 0.0, 0.0, 1.0]]}, "finger4joint2": {"matrix": [[-0.4952778220176697, -0.8249217867851257, -0.2724030315876007, -1.5784790515899658], [-0.8321996927261353, 0.360543429851532, 0.4212500751018524, 0.37646323442459106], [-0.24928529560565948, 0.43532970547676086, -0.8650691509246826, -1.467041254043579], [0.0, 0.0, 0.0, 1.0]]}, "finger4joint3": {"matrix": [[-0.4209531843662262, -0.6592588424682617, -0.6230374574661255, -1.9225233793258667], [-0.8653630018234253, 0.08596466481685638, 0.4937170445919037, 0.5268325209617615], [-0.27192819118499756, 0.7469856142997742, -0.6066855192184448, -1.2854814529418945], [0.0, 0.0, 0.0, 1.0]]}}