{"root": {"matrix": [[0.37702521681785583, -0.8287245035171509, -0.4136033356189728, 0.0], [-0.43571728467941284, 0.23535993695259094, -0.8687670230865479, 1.4901161193847656e-08], [0.8173141479492188, 0.5077612400054932, -0.27235302329063416, 0.0], [0.0, 0.0, 0.0, 1.0]]}, "carpals": {"matrix": [[0.7469454407691956, -0.5957207679748535, -0.29527801275253296, 0.08796361088752747], [0.4157434105873108, 0.07189269363880157, 0.9066358208656311, -0.6573168635368347], [-0.518873393535614, -0.7999674677848816, 0.3013671338558197, 2.3759591579437256], [0.0, 0.0, 0.0, 1.0]]}, "metacarpals": {"matrix": [[0.4532548189163208, -0.6266762614250183, 0.6339059472084045, -0.49226486682891846], [-0.5028946399688721, 0.40738725662231445, 0.762320339679718, -0.587293803691864], [-0.7359734773635864, -0.6643132567405701, -0.13050174713134766, 1.596795678138733], [0.0, 0.0, 0.0, 1.0]]}, "finger5joint1": {"matrix": [[0.3477330505847931, -0.7374707460403442, 0.578980565071106, -1.1901888847351074], [-0.3902260959148407, 0.4476565718650818, 0.8045662641525269, -0.5801634788513184], [-0.8525286912918091, -0.5057075023651123, -0.1321152001619339, 1.4005146026611328], [0.0, 0.0, 0.0, 1.0]]}, "finger5joint2": {"matrix": [[0.6461135745048523, -0.27749407291412354, -0.7110090255737305, -1.9691587686538696], [0.7631287574768066, 0.21890155971050262, 0.6080427765846252, -0.10731622576713562], [-0.013087190687656403, -0.9354561567306519, 0.3531993627548218, 0.8663498163223267], [0.0, 0.0, 0.0, 1.0]]}, "finger5joint3": {"matrix": [[0.6555461287498474, -0.08931346982717514, -0.749854564666748, -2.1598901748657227], [0.7455939054489136, -0.08095899224281311, 0.6614640951156616, 0.043142497539520264], [-0.11978504061698914, -0.9927074909210205, 0.013519549742341042, 0.2233780175447464], [0.0, 0.0, 0.0, 1.0]]}, "Bone": {"matrix": [[0.633283257484436, 0.23567929863929749, 0.7371616959571838, -1.4706804752349854], [-0.5431703329086304, -0.5431467294692993, 0.6402790546417236, 0.04875081777572632], [0.5512874126434326, -0.8058826923370361, -0.21595165133476257, 0.5596182942390442], [0.0, 0.0, 0.0, 1.0]]}, "finger1joint1": {"matrix": [[0.6561411619186401, -0.5700491666793823, 0.49449223279953003, -1.2745510339736938], [-0.5376290678977966, 0.10671545565128326, 0.8364008665084839, -0.40324920415878296], [-0.529559850692749, -0.8146504759788513, -0.23645444214344025, -0.11102741956710815], [0.0, 0.0, 0.0, 1.0]]}, "finger1joint2": {"matrix": [[0.4857029914855957, -0.7349793910980225, 0.4731783866882324, -1.5967304706573486], [-0.7687755823135376, -0.10153889656066895, 0.6314061284065247, -0.3429359495639801], [-0.41602474451065063, -0.6704438924789429, -0.6143518686294556, -0.5714502334594727], [0.0, 0.0, 0.0, 1.0]]}, "finger1joint3": {"matrix": [[0.5577616095542908, -0.8269076943397522, 0.07159309834241867, -1.9118040800094604], [-0.6966333389282227, -0.41950076818466187, 0.5819973349571228, -0.38646399974823], [-0.45122501254081726, -0.37448999285697937, -0.8100327253341675, -0.8588585257530212], [0.0, 0.0, 0.0, 1.0]]}, "Bone.001": {"matrix": [[0.7579013705253601, 0.22763662040233612, 0.6113647222518921, -1.4706804752349854], [-0.6153631806373596, -0.061684608459472656, 0.7858261466026306, 0.04875079542398453], [0.21659451723098755, -0.9717902541160583, 0.09332851320505142, 0.5596182346343994], [0.0, 0.0, 0.0, 1.0]]}, "finger2joint1": {"matrix": [[0.5603267550468445, -0.7349230647087097, 0.38199707865715027, -1.326385259628296], [-0.5632210373878479, 7.969750731717795e-05, 0.8263060450553894, 0.009649927727878094], [-0.6073020100593567, -0.6781502962112427, -0.4138793647289276, -0.056383728981018066], [0.0, 0.0, 0.0, 1.0]]}, "finger2joint2": {"matrix": [[0.45386165380477905, -0.6440363526344299, -0.6158137321472168, -1.9622032642364502], [-0.6348472237586975, -0.7186635136604309, 0.2837100923061371, 0.009718865156173706], [-0.6252827644348145, 0.26218241453170776, -0.7350385189056396, -0.643084704875946], [0.0, 0.0, 0.0, 1.0]]}, "finger2joint3": {"matrix": [[0.43019425868988037, -0.0021073962561786175, -0.9027336835861206, -2.2066898345947266], [-0.7358803153038025, -0.5800434350967407, -0.3493269681930542, -0.2630975842475891], [-0.5228888988494873, 0.8145824670791626, -0.2510822117328644, -0.5435559749603271], [0.0, 0.0, 0.0, 1.0]]}, "Bone.002": {"matrix": [[0.6922481656074524, -0.2908425033092499, 0.660456657409668, -1.4706804752349854], [-0.49637094140052795, 0.4724271893501282, 0.7283049821853638, 0.04875078797340393], [-0.5238399505615234, -0.8319992423057556, 0.18267123401165009, 0.5596182346343994], [0.0, 0.0, 0.0, 1.0]]}, "finger3joint1": {"matrix": [[0.5527620315551758, 0.11079707741737366, 0.8259407877922058, -1.5932735204696655], [-0.6074557304382324, 0.7320698499679565, 0.3083360195159912, 0.24788355827331543], [-0.5704838633537292, -0.6721586585044861, 0.4719647169113159, 0.2089221477508545], [0.0, 0.0, 0.0, 1.0]]}, "finger3joint2": {"matrix": [[0.530865490436554, -0.5892748236656189, 0.6090459823608398, -1.496084451675415], [-0.4955551326274872, 0.36714211106300354, 0.7871668338775635, 0.890041708946228], [-0.6874642372131348, -0.7196953296661377, -0.09711496531963348, -0.3806830048561096], [0.0, 0.0, 0.0, 1.0]]}, "finger3joint3": {"matrix": [[0.3909860849380493, -0.8910155296325684, 0.2306971698999405, -1.8773924112319946], [-0.6020366549491882, -0.05799006670713425, 0.7963597774505615, 1.1276121139526367], [-0.6961909532546997, -0.4502536952495575, -0.5590971112251282, -0.8463836908340454], [0.0, 0.0, 0.0, 1.0]]}, "Bone.003": {"matrix": [[0.6680639386177063, -0.313492089509964, 0.6748431324958801, -1.470680594444275], [0.30367669463157654, 0.9428225159645081, 0.13735346496105194, 0.04875078797340393], [-0.6793164610862732, 0.1131734624505043, 0.7250660061836243, 0.5596181750297546], [0.0, 0.0, 0.0, 1.0]]}, "finger4joint1": {"matrix": [[0.6660543084144592, -0.15169592201709747, 0.7303149104118347, -1.6050492525100708], [-0.6828603148460388, 0.2699432373046875, 0.6788460612297058, 0.45286282896995544], [-0.3001219928264618, -0.9508513808250427, 0.0762098878622055, 0.6081265211105347], [0.0, 0.0, 0.0, 1.0]]}, "finger4joint2": {"matrix": [[0.6763801574707031, -0.47883865237236023, 0.5596634745597839, -1.7557377815246582], [-0.6632568836212158, -0.06552306562662125, 0.7455176115036011, 0.7210134267807007], [-0.3203120231628418, -0.8754540681838989, -0.361911416053772, -0.3364102244377136], [0.0, 0.0, 0.0, 1.0]]}, "finger4joint3": {"matrix": [[0.705583393573761, -0.5754331350326538, 0.41355594992637634, -1.9554437398910522], [-0.6663494110107422, -0.34021520614624023, 0.6634994745254517, 0.6936861872673035], [-0.24110180139541626, -0.7437271475791931, -0.6234896183013916, -0.7015296220779419], [0.0, 0.0, 0.0, 1.0]]}}