{"root": {"matrix": [[0.5719510912895203, -0.8195257186889648, -0.03534867614507675, -5.960464477539063e-08], [-0.48539596796035767, -0.303392618894577, -0.819965660572052, 0.0], [0.6612583994865417, 0.48613834381103516, -0.5713202953338623, 0.0], [0.0, 0.0, 0.0, 1.0]]}, "carpals": {"matrix": [[-0.20928817987442017, -0.6186538338661194, -0.7572751045227051, 0.4952614903450012], [0.8746461868286133, 0.22785638272762299, -0.42787283658981323, -1.302490234375], [0.4372553825378418, -0.7518966794013977, 0.49341562390327454, 2.0354902744293213], [0.0, 0.0, 0.0, 1.0]]}, "metacarpals": {"matrix": [[-0.3301309049129486, -0.7829054594039917, -0.5273256897926331, -0.10730361938476562], [0.8459441065788269, 0.0024680302012711763, -0.5332655906677246, -1.080559492111206], [0.4187982380390167, -0.622135579586029, 0.6614795327186584, 1.303147315979004], [0.0, 0.0, 0.0, 1.0]]}, "finger5joint1": {"matrix": [[-0.3617406487464905, -0.8568761348724365, -0.3672964870929718, -0.2792325019836426], [0.8532507419586182, -0.14555466175079346, -0.5007760524749756, -1.0082170963287354], [0.3756416440010071, -0.49454718828201294, 0.7837833166122437, 0.6025177240371704], [0.0, 0.0, 0.0, 1.0]]}, "finger5joint2": {"matrix": [[-0.19222891330718994, -0.9727413058280945, 0.12969818711280823, -1.1843271255493164], [-0.5305030941963196, -0.008182992227375507, -0.8476431965827942, -1.1619623899459839], [0.8255991339683533, -0.23174679279327393, -0.5144697427749634, 0.08014122396707535], [0.0, 0.0, 0.0, 1.0]]}, "finger5joint3": {"matrix": [[-0.28904762864112854, -0.9542165398597717, -0.07695131003856659, -1.852926254272461], [-0.4814758002758026, 0.21438036859035492, -0.8498361706733704, -1.1675868034362793], [0.8274248242378235, -0.20859287679195404, -0.5213987827301025, -0.07914646714925766], [0.0, 0.0, 0.0, 1.0]]}, "Bone": {"matrix": [[0.7642741799354553, -0.3674125075340271, -0.5299931168556213, -1.3296363353729248], [0.17333713173866272, 0.9086265563964844, -0.37993645668029785, -1.0767061710357666], [0.6211593747138977, 0.1985083818435669, 0.7581261992454529, 0.3318209648132324], [0.0, 0.0, 0.0, 1.0]]}, "finger1joint1": {"matrix": [[0.12418264150619507, -0.7424838542938232, -0.6582522988319397, -1.635392665863037], [0.5677205920219421, 0.5972424745559692, -0.5665637254714966, -0.3205583393573761], [0.8138009309768677, -0.3033459186553955, 0.49569055438041687, 0.49701717495918274], [0.0, 0.0, 0.0, 1.0]]}, "finger1joint2": {"matrix": [[0.3335208296775818, -0.46129414439201355, -0.8221747279167175, -2.0550284385681152], [0.701198935508728, 0.704315721988678, -0.1107213944196701, 0.01699015498161316], [0.6301459670066833, -0.5395801067352295, 0.5583630204200745, 0.3255726397037506], [0.0, 0.0, 0.0, 1.0]]}, "finger1joint3": {"matrix": [[0.2652398347854614, 0.20100317895412445, -0.9429980516433716, -2.252777576446533], [0.660067081451416, 0.6750613451004028, 0.32955047488212585, 0.31891870498657227], [0.7028224468231201, -0.709851861000061, 0.046377696096897125, 0.09426352381706238], [0.0, 0.0, 0.0, 1.0]]}, "Bone.001": {"matrix": [[0.526748538017273, -0.7726526856422424, -0.35432112216949463, -1.3296363353729248], [0.42442211508750916, 0.6002293825149536, -0.6779307723045349, -1.0767061710357666], [0.7364792227745056, 0.20671749114990234, 0.6441009044647217, 0.3318209648132324], [0.0, 0.0, 0.0, 1.0]]}, "finger2joint1": {"matrix": [[-0.21827086806297302, -0.971003532409668, -0.09751737117767334, -1.819408655166626], [0.8505871295928955, -0.1403081715106964, -0.5067688822746277, -0.6962305903434753], [0.4783921539783478, -0.1935599446296692, 0.8565484881401062, 0.46285581588745117], [0.0, 0.0, 0.0, 1.0]]}, "finger2joint2": {"matrix": [[-0.2952362298965454, 0.029330603778362274, -0.9549737572669983, -2.659471035003662], [0.8775907754898071, 0.40347766876220703, -0.2589206397533417, -0.8176181316375732], [0.377716600894928, -0.9145190715789795, -0.14486148953437805, 0.29539763927459717], [0.0, 0.0, 0.0, 1.0]]}, "finger2joint3": {"matrix": [[-0.20340515673160553, 0.934866189956665, -0.29094868898391724, -2.64833664894104], [0.9376784563064575, 0.2715153098106384, 0.2168828547000885, -0.6644513607025146], [0.2817537188529968, -0.22870130836963654, -0.9318317174911499, -0.05176882445812225], [0.0, 0.0, 0.0, 1.0]]}, "Bone.002": {"matrix": [[-0.15567547082901, -0.9562348127365112, -0.2477494776248932, -1.3296364545822144], [0.7333434820175171, 0.0561528243124485, -0.6775352358818054, -1.0767062902450562], [0.6617949604988098, -0.28716105222702026, 0.6925069689750671, 0.3318209648132324], [0.0, 0.0, 0.0, 1.0]]}, "finger3joint1": {"matrix": [[0.04703383520245552, -0.653124988079071, -0.7557878494262695, -1.7326991558074951], [0.686842143535614, 0.570521354675293, -0.45028117299079895, -1.053037166595459], [0.7252833247184753, -0.4979283809661865, 0.4754275977611542, 0.21077969670295715], [0.0, 0.0, 0.0, 1.0]]}, "finger3joint2": {"matrix": [[-0.027548234909772873, 0.0012054123217239976, -0.9996196627616882, -2.3056082725524902], [0.785357654094696, 0.6186892986297607, -0.020897485315799713, -0.5525864362716675], [0.6184291243553162, -0.7856345772743225, -0.017990412190556526, -0.22599387168884277], [0.0, 0.0, 0.0, 1.0]]}, "finger3joint3": {"matrix": [[0.14103850722312927, 0.3399076461791992, -0.9298229217529297, -2.30482816696167], [0.8074021339416504, 0.5040107369422913, 0.3067162036895752, -0.15224477648735046], [0.5728961825370789, -0.7939999103546143, -0.20335713028907776, -0.7343626022338867], [0.0, 0.0, 0.0, 1.0]]}, "Bone.003": {"matrix": [[-0.7291349768638611, -0.43114739656448364, 0.5314826965332031, -1.3296364545822144], [0.15372934937477112, -0.859938383102417, -0.48669615387916565, -1.0767061710357666], [0.6668803095817566, -0.2731629014015198, 0.693291187286377, 0.3318209648132324], [0.0, 0.0, 0.0, 1.0]]}, "finger4joint1": {"matrix": [[-0.3243046700954437, -0.82331782579422, -0.4658043384552002, -1.514434814453125], [0.8486077189445496, -0.03564440831542015, -0.5278201103210449, -1.4452924728393555], [0.4179607629776001, -0.5664598345756531, 0.7102336883544922, 0.21473807096481323], [0.0, 0.0, 0.0, 1.0]]}, "finger4joint2": {"matrix": [[-0.35202673077583313, -0.14194701611995697, -0.9251635670661926, -2.332284927368164], [0.8372170329093933, 0.3941984176635742, -0.3790445923805237, -1.4807000160217285], [0.4185026288032532, -0.9079968333244324, -0.019927915185689926, -0.347959965467453], [0.0, 0.0, 0.0, 1.0]]}, "finger4joint3": {"matrix": [[-0.3254372179508209, 0.43507975339889526, -0.8395211100578308, -2.3914856910705566], [0.807006299495697, 0.5905031561851501, -0.006806396413594484, -1.3162946701049805], [0.4927788972854614, -0.6797140836715698, -0.5432839393615723, -0.726651668548584], [0.0, 0.0, 0.0, 1.0]]}}