{"root": {"matrix": [[0.39625412225723267, -0.750846266746521, -0.5284056663513184, -5.960464477539063e-08], [-0.2582813501358032, 0.46111705899238586, -0.8489180207252502, 2.9802322387695312e-08], [0.8810637593269348, 0.47286462783813477, -0.011210121214389801, 0.0], [0.0, 0.0, 0.0, 1.0]]}, "carpals": {"matrix": [[0.663320004940033, -0.7428068518638611, -0.09079873561859131, 0.22058451175689697], [0.2036629468202591, 0.06243741512298584, 0.9770479798316956, -0.037306927144527435], [-0.7200886607170105, -0.6665878295898438, 0.1926984339952469, 2.456610679626465], [0.0, 0.0, 0.0, 1.0]]}, "metacarpals": {"matrix": [[0.447861909866333, -0.5454877614974976, 0.7084226608276367, -0.5029048919677734], [-0.6849399209022522, 0.29996180534362793, 0.663987934589386, 0.023506760597229004], [-0.5746972560882568, -0.7826018333435059, -0.23928476870059967, 1.8073581457138062], [0.0, 0.0, 0.0, 1.0]]}, "finger5joint1": {"matrix": [[0.4568132162094116, -0.6972108483314514, 0.5524658560752869, -1.1842045783996582], [-0.6096076965332031, 0.2069370299577713, 0.7652158141136169, 0.04172615706920624], [-0.6478426456451416, -0.6863480806350708, -0.33049339056015015, 1.5600248575210571], [0.0, 0.0, 0.0, 1.0]]}, "finger5joint2": {"matrix": [[0.571893572807312, -0.31763455271720886, -0.7563369870185852, -1.9206490516662598], [0.7609759569168091, -0.13890336453914642, 0.633735716342926, 0.2603079676628113], [-0.3063540756702423, -0.9379836320877075, 0.1622745841741562, 0.8350543975830078], [0.0, 0.0, 0.0, 1.0]]}, "finger5joint3": {"matrix": [[0.5805114507675171, -0.1431698501110077, -0.8015661835670471, -2.138970375061035], [0.7086362838745117, -0.39603191614151, 0.5839459300041199, 0.16483482718467712], [-0.4010491967201233, -0.9070063829421997, -0.12844546139240265, 0.19034533202648163], [0.0, 0.0, 0.0, 1.0]]}, "Bone": {"matrix": [[0.5462285876274109, 0.23205654323101044, 0.8048502206802368, -1.3545628786087036], [-0.45722684264183044, -0.7224830985069275, 0.5186149477958679, 0.49183040857315063], [0.7018386125564575, -0.6512817144393921, -0.2885383665561676, 0.5854994058609009], [0.0, 0.0, 0.0, 1.0]]}, "finger1joint1": {"matrix": [[0.5348709225654602, -0.7271100282669067, 0.4303765296936035, -1.1614481210708618], [-0.7022505402565002, -0.09931303560733795, 0.7049686908721924, -0.10941110551357269], [-0.46984803676605225, -0.6792994141578674, -0.563732922077179, 0.0435107946395874], [0.0, 0.0, 0.0, 1.0]]}, "finger1joint2": {"matrix": [[0.39287716150283813, -0.911413311958313, -0.12236522883176804, -1.5723950862884521], [-0.8814111351966858, -0.411160945892334, 0.23251016438007355, -0.1655406653881073], [-0.2622249126434326, 0.016506068408489227, -0.9648654460906982, -0.34041449427604675], [0.0, 0.0, 0.0, 1.0]]}, "finger1joint3": {"matrix": [[0.4116361737251282, -0.6837977766990662, -0.6024749875068665, -1.9631028175354004], [-0.8376518487930298, -0.5443092584609985, 0.04546183720231056, -0.3417986035346985], [-0.3590196967124939, 0.48595041036605835, -0.7968417406082153, -0.3333386182785034], [0.0, 0.0, 0.0, 1.0]]}, "Bone.001": {"matrix": [[0.6833814978599548, 0.2785457968711853, 0.6748346090316772, -1.354562759399414], [-0.6101413369178772, -0.2896784842014313, 0.7374371886253357, 0.49183040857315063], [0.40089499950408936, -0.9156955480575562, -0.02800847589969635, 0.5854994058609009], [0.0, 0.0, 0.0, 1.0]]}, "finger2joint1": {"matrix": [[0.7931420803070068, -0.4828483760356903, 0.3711911141872406, -1.1779969930648804], [-0.5886460542678833, -0.4513721466064453, 0.6706404685974121, 0.3082079589366913], [-0.15627247095108032, -0.7504135370254517, -0.6422290205955505, 0.0050550103187561035], [0.0, 0.0, 0.0, 1.0]]}, "finger2joint2": {"matrix": [[0.7085168361663818, -0.6314420700073242, 0.31509461998939514, -1.5957328081130981], [-0.6864988803863525, -0.5132932066917419, 0.5150233507156372, -0.08229616284370422], [-0.16347168385982513, -0.5812149047851562, -0.7971611618995667, -0.6441644430160522], [0.0, 0.0, 0.0, 1.0]]}, "finger2joint3": {"matrix": [[0.6004085540771484, -0.7896121740341187, 0.12657757103443146, -1.83543860912323], [-0.7840961813926697, -0.5501687526702881, 0.2872404456138611, -0.2771506607532501], [-0.15716975927352905, -0.27171072363853455, -0.9494580030441284, -0.8648031949996948], [0.0, 0.0, 0.0, 1.0]]}, "Bone.002": {"matrix": [[0.6733424067497253, -0.19566674530506134, 0.7129688262939453, -1.354562759399414], [-0.6508388519287109, 0.3006133735179901, 0.697165846824646, 0.49183040857315063], [-0.35074031352996826, -0.9334589838981628, 0.07506830245256424, 0.5854994058609009], [0.0, 0.0, 0.0, 1.0]]}, "finger3joint1": {"matrix": [[0.5027974247932434, 0.06701963394880295, 0.8618022203445435, -1.4370383024215698], [-0.7096174359321594, 0.6013091206550598, 0.36724698543548584, 0.618541955947876], [-0.49359700083732605, -0.7962004542350769, 0.3498949706554413, 0.19203710556030273], [0.0, 0.0, 0.0, 1.0]]}, "finger3joint2": {"matrix": [[0.47325417399406433, -0.7488530874252319, 0.46394994854927063, -1.3782498836517334], [-0.6193152070045471, 0.09171292930841446, 0.7797675132751465, 1.1459993124008179], [-0.6264815926551819, -0.6563592553138733, -0.4203723967075348, -0.5063753128051758], [0.0, 0.0, 0.0, 1.0]]}, "finger3joint3": {"matrix": [[0.3507498502731323, -0.9359358549118042, -0.03160287067294121, -1.8628177642822266], [-0.7363004684448242, -0.2964729964733124, 0.608247697353363, 1.205344796180725], [-0.5786502957344055, -0.19007357954978943, -0.7931175827980042, -0.9310924410820007], [0.0, 0.0, 0.0, 1.0]]}, "Bone.003": {"matrix": [[0.7326644062995911, -0.23104070127010345, 0.6401742696762085, -1.3545626401901245], [0.09542093425989151, 0.9661968350410461, 0.23949629068374634, 0.49183034896850586], [-0.6738676428794861, -0.11438415944576263, 0.729944109916687, 0.5854994058609009], [0.0, 0.0, 0.0, 1.0]]}, "finger4joint1": {"matrix": [[0.646726131439209, -0.26556557416915894, 0.7149965763092041, -1.453591227531433], [-0.7472082376480103, -0.03248860687017441, 0.6637951731681824, 0.9059611558914185], [-0.15305212140083313, -0.9635449647903442, -0.21944387257099152, 0.5364722013473511], [0.0, 0.0, 0.0, 1.0]]}, "finger4joint2": {"matrix": [[0.6541545987129211, -0.5357291102409363, 0.5339249968528748, -1.717393398284912], [-0.7347992062568665, -0.2827798128128052, 0.6165267825126648, 0.873688280582428], [-0.17930832505226135, -0.7956315279006958, -0.5786349773406982, -0.4206739366054535], [0.0, 0.0, 0.0, 1.0]]}, "finger4joint3": {"matrix": [[0.6885427236557007, -0.6124934554100037, 0.3882788121700287, -1.9408260583877563], [-0.7176898121833801, -0.4986860454082489, 0.4860382080078125, 0.7557512521743774], [-0.10406620055437088, -0.6133219003677368, -0.7829468846321106, -0.7525023221969604], [0.0, 0.0, 0.0, 1.0]]}}