{"root": {"matrix": [[0.32388219237327576, -0.8635633587837219, -0.3864694833755493, -5.960464477539063e-08], [-0.1587098240852356, 0.3531072437763214, -0.9220230579376221, 0.0], [0.932690441608429, 0.35996338725090027, -0.022690916433930397, 0.0], [0.0, 0.0, 0.0, 1.0]]}, "carpals": {"matrix": [[0.7209529876708984, -0.5522209405899048, -0.4186629354953766, -0.069369375705719], [0.4670276641845703, -0.059152718633413315, 0.8822618126869202, 0.09036862850189209], [-0.5119683742523193, -0.8315964937210083, 0.21525631844997406, 2.464144229888916], [0.0, 0.0, 0.0, 1.0]]}, "metacarpals": {"matrix": [[0.6209731698036194, -0.6680018901824951, 0.41008007526397705, -0.6072292327880859], [-0.2660067081451416, 0.31252890825271606, 0.9119023680686951, 0.032754212617874146], [-0.7373144626617432, -0.6753508448600769, 0.016379259526729584, 1.6541742086410522], [0.0, 0.0, 0.0, 1.0]]}, "finger5joint1": {"matrix": [[0.5292422771453857, -0.8482781052589417, -0.018075814470648766, -1.2660905122756958], [-0.11024624109268188, -0.08987506479024887, 0.9898322820663452, -0.11734706163406372], [-0.8412777185440063, -0.5218682289123535, -0.1410849392414093, 1.3914076089859009], [0.0, 0.0, 0.0, 1.0]]}, "finger5joint2": {"matrix": [[-0.03876122087240219, -0.18671563267707825, -0.9816488027572632, -2.1621031761169434], [0.962395191192627, -0.27131155133247375, 0.013604111038148403, -0.21227960288524628], [-0.26887258887290955, -0.9442068338394165, 0.19021081924438477, 0.8401726484298706], [0.0, 0.0, 0.0, 1.0]]}, "finger5joint3": {"matrix": [[-0.001919946284033358, 0.21440617740154266, -0.9767424464225769, -2.2904393672943115], [0.9306488633155823, -0.3570159077644348, -0.08019846677780151, -0.3987615704536438], [-0.3659074604511261, -0.90915846824646, -0.19885125756263733, 0.19118615984916687], [0.0, 0.0, 0.0, 1.0]]}, "Bone": {"matrix": [[0.718798816204071, 0.42770248651504517, 0.548086404800415, -1.6501655578613281], [-0.425854355096817, -0.3522762954235077, 0.8333961963653564, 0.5206986665725708], [0.5495233535766602, -0.8324493169784546, -0.07107666879892349, 0.5997640490531921], [0.0, 0.0, 0.0, 1.0]]}, "finger1joint1": {"matrix": [[0.7496502995491028, -0.6029149889945984, 0.27297937870025635, -1.2942368984222412], [-0.275103360414505, 0.09127245098352432, 0.9570721983909607, 0.22753866016864777], [-0.6019488573074341, -0.7925670146942139, -0.09744128584861755, -0.09299001097679138], [0.0, 0.0, 0.0, 1.0]]}, "finger1joint2": {"matrix": [[0.6428518295288086, -0.7089312672615051, 0.2900996804237366, -1.6349915266036987], [-0.555198609828949, -0.17031630873680115, 0.8140925765037537, 0.27912384271621704], [-0.5277271866798401, -0.6844038367271423, -0.5030856132507324, -0.540931761264801], [0.0, 0.0, 0.0, 1.0]]}, "finger1joint3": {"matrix": [[0.6944996118545532, -0.7133724689483643, -0.0936477929353714, -1.9388986825942993], [-0.4632744789123535, -0.5429637432098389, 0.7004048824310303, 0.2061120569705963], [-0.5504971742630005, -0.44304636120796204, -0.7075751423835754, -0.8343243598937988], [0.0, 0.0, 0.0, 1.0]]}, "Bone.001": {"matrix": [[0.8804073333740234, 0.30019453167915344, 0.36710479855537415, -1.6501656770706177], [-0.418490469455719, 0.12772902846336365, 0.8991944789886475, 0.520698606967926], [0.2230432629585266, -0.9452873468399048, 0.23808231949806213, 0.5997641086578369], [0.0, 0.0, 0.0, 1.0]]}, "finger2joint1": {"matrix": [[0.919302761554718, -0.37771669030189514, -0.11050911247730255, -1.4598772525787354], [-0.14850105345249176, -0.5929725170135498, 0.7914105653762817, 0.6016639471054077], [-0.3644579350948334, -0.7111353874206543, -0.6012125015258789, 0.0005618929862976074], [0.0, 0.0, 0.0, 1.0]]}, "finger2joint2": {"matrix": [[0.8876409530639648, -0.45087742805480957, -0.09382420778274536, -1.7866584062576294], [-0.27401435375213623, -0.6808043718338013, 0.6792799830436707, 0.08865441381931305], [-0.37014806270599365, -0.5772476196289062, -0.7278565764427185, -0.6146761775016785], [0.0, 0.0, 0.0, 1.0]]}, "finger2joint3": {"matrix": [[0.834877610206604, -0.5303305387496948, -0.14740625023841858, -1.957818865776062], [-0.4098847210407257, -0.7777311205863953, 0.4765799343585968, -0.169790118932724], [-0.36738747358322144, -0.3374665379524231, -0.8666846752166748, -0.8338088393211365], [0.0, 0.0, 0.0, 1.0]]}, "Bone.002": {"matrix": [[0.8344764709472656, -0.35207200050354004, 0.42390361428260803, -1.6501656770706177], [-0.2249961793422699, 0.4845316708087921, 0.8453434705734253, 0.520698606967926], [-0.5030165910720825, -0.8007957339286804, 0.3251155912876129, 0.5997639894485474], [0.0, 0.0, 0.0, 1.0]]}, "finger3joint1": {"matrix": [[0.7933213114738464, 0.22497060894966125, 0.5657116174697876, -1.798567533493042], [-0.5240010619163513, 0.7253870368003845, 0.4463590383529663, 0.7249336838722229], [-0.30994242429733276, -0.6505393981933594, 0.6933497786521912, 0.2622206211090088], [0.0, 0.0, 0.0, 1.0]]}, "finger3joint2": {"matrix": [[0.7963634133338928, -0.5186603665351868, 0.3111218214035034, -1.6012274026870728], [-0.41962501406669617, -0.10335539281368256, 0.9017940163612366, 1.361229658126831], [-0.43556883931159973, -0.8487100601196289, -0.29995104670524597, -0.3084205985069275], [0.0, 0.0, 0.0, 1.0]]}, "finger3joint3": {"matrix": [[0.7059750556945801, -0.708231508731842, -0.002715382259339094, -1.9368422031402588], [-0.5699021816253662, -0.5703545212745667, 0.5915294289588928, 1.2943503856658936], [-0.42048871517181396, -0.4160575866699219, -0.8062784671783447, -0.8576040863990784], [0.0, 0.0, 0.0, 1.0]]}, "Bone.003": {"matrix": [[0.604181706905365, -0.5647855401039124, 0.5621225237846375, -1.6501656770706177], [0.554070234298706, 0.8047496676445007, 0.21303534507751465, 0.520698606967926], [-0.5726869702339172, 0.18274350464344025, 0.7991458773612976, 0.5997640490531921], [0.0, 0.0, 0.0, 1.0]]}, "finger4joint1": {"matrix": [[0.9114205837249756, -0.08162127435207367, 0.40329936146736145, -1.89224374294281], [-0.3996756076812744, 0.057435013353824615, 0.9148553609848022, 0.865630030632019], [-0.09783533960580826, -0.9950068593025208, 0.019725659862160683, 0.6780914664268494], [0.0, 0.0, 0.0, 1.0]]}, "finger4joint2": {"matrix": [[0.9169277548789978, -0.25371724367141724, 0.3080109655857086, -1.9733229875564575], [-0.38051339983940125, -0.3233674168586731, 0.8663963675498962, 0.922683596611023], [-0.1202191635966301, -0.9116252660751343, -0.39304718375205994, -0.3103075325489044], [0.0, 0.0, 0.0, 1.0]]}, "finger4joint3": {"matrix": [[0.9302405714988708, -0.259505957365036, 0.25943946838378906, -2.079138994216919], [-0.3649495840072632, -0.5805599689483643, 0.7278472781181335, 0.787818968296051], [-0.038260698318481445, -0.7717555165290833, -0.6347668170928955, -0.6905126571655273], [0.0, 0.0, 0.0, 1.0]]}}