{"root": {"matrix": [[0.3679259717464447, -0.8534573316574097, 0.3691084384918213, 0.0], [-0.9060909748077393, -0.4182354509830475, -0.0638611912727356, 0.0], [0.20887696743011475, -0.3109496831893921, -0.9271897077560425, 2.9802322387695312e-08], [0.0, 0.0, 0.0, 1.0]]}, "carpals": {"matrix": [[-0.7786500453948975, -0.34004536271095276, -0.527326226234436, -0.04482045769691467], [0.011087008751928806, 0.8328287601470947, -0.5534194111824036, -2.4512970447540283], [0.6273602843284607, -0.4367666244506836, -0.6447122097015381, 0.2722477316856384], [0.0, 0.0, 0.0, 1.0]]}, "metacarpals": {"matrix": [[-0.8320293426513672, -0.5494362115859985, -0.07646462321281433, -0.3760226368904114], [-0.3955956995487213, 0.6843118667602539, -0.6125528216362, -1.6401269435882568], [0.38888445496559143, -0.4794129431247711, -0.7867223024368286, -0.15316033363342285], [0.0, 0.0, 0.0, 1.0]]}, "finger5joint1": {"matrix": [[-0.7670350670814514, -0.6411186456680298, 0.024977155029773712, -0.5121213793754578], [-0.4566613435745239, 0.5181767344474792, -0.7231548428535461, -0.928213357925415], [0.45068562030792236, -0.5660913586616516, -0.6902339458465576, -0.17135047912597656], [0.0, 0.0, 0.0, 1.0]]}, "finger5joint2": {"matrix": [[0.2851467728614807, -0.9368789196014404, 0.2023572325706482, -1.1893173456192017], [-0.7576753497123718, -0.09102026373147964, 0.6462528705596924, -0.38087761402130127], [-0.5870424509048462, -0.3375980257987976, -0.7358046174049377, -0.7692970633506775], [0.0, 0.0, 0.0, 1.0]]}, "finger5joint3": {"matrix": [[0.1848638355731964, -0.9702668786048889, -0.15622705221176147, -1.8332669734954834], [-0.7972884178161621, -0.24101108312606812, 0.5533933639526367, -0.4434390664100647], [-0.5745919346809387, 0.022255733609199524, -0.8181371092796326, -1.0013400316238403], [0.0, 0.0, 0.0, 1.0]]}, "Bone": {"matrix": [[0.4187985062599182, -0.8888556957244873, -0.1858578324317932, -1.2338451147079468], [-0.6829178333282471, -0.17338785529136658, -0.7096192240715027, -0.5717260837554932], [0.598523736000061, 0.4241132438182831, -0.6796301603317261, -0.9016570448875427], [0.0, 0.0, 0.0, 1.0]]}, "finger1joint1": {"matrix": [[-0.6087002754211426, -0.7771651744842529, -0.15968090295791626, -1.9735398292541504], [-0.6519113183021545, 0.6046273112297058, -0.45764294266700745, -0.7160173058509827], [0.4522117078304291, -0.17446956038475037, -0.8746798038482666, -0.5487152338027954], [0.0, 0.0, 0.0, 1.0]]}, "finger1joint2": {"matrix": [[-0.5155154466629028, -0.06911126524209976, -0.8540886044502258, -2.4127767086029053], [-0.493585467338562, 0.8387184143066406, 0.23005333542823792, -0.37429505586624146], [0.7004407048225403, 0.5401619076728821, -0.46648460626602173, -0.6473216414451599], [0.0, 0.0, 0.0, 1.0]]}, "finger1joint3": {"matrix": [[-0.5964768528938293, 0.6936726570129395, -0.40377405285835266, -2.442403554916382], [-0.4981856942176819, 0.07446026057004929, 0.8638671040534973, -0.014750284142792225], [0.6293063163757324, 0.716431200504303, 0.30116409063339233, -0.41576313972473145], [0.0, 0.0, 0.0, 1.0]]}, "Bone.001": {"matrix": [[0.06837872415781021, -0.9863844513893127, 0.14956516027450562, -1.2338451147079468], [-0.7799199819564819, -0.14633747935295105, -0.6085308194160461, -0.5717261433601379], [0.6221324801445007, -0.07503832131624222, -0.7793075442314148, -0.9016570448875427], [0.0, 0.0, 0.0, 1.0]]}, "finger2joint1": {"matrix": [[-0.7551702260971069, -0.6304176449775696, 0.1796974092721939, -1.859097957611084], [-0.4642043113708496, 0.32072609663009644, -0.825620174407959, -0.6644870638847351], [0.46285197138786316, -0.7069002985954285, -0.5348455905914307, -0.9492226839065552], [0.0, 0.0, 0.0, 1.0]]}, "finger2joint2": {"matrix": [[-0.8224472403526306, -0.12320175766944885, -0.5553392171859741, -2.404503345489502], [-0.3550061881542206, 0.8739765882492065, 0.331866055727005, -0.38701117038726807], [0.44446712732315063, 0.470091313123703, -0.7625371813774109, -1.5607966184616089], [0.0, 0.0, 0.0, 1.0]]}, "finger2joint3": {"matrix": [[-0.7782174348831177, 0.5450262427330017, -0.3119673430919647, -2.451272487640381], [-0.28064414858818054, 0.14257292449474335, 0.9491634964942932, -0.05523533746600151], [0.5617972612380981, 0.8262076377868652, 0.04200579226016998, -1.3823422193527222], [0.0, 0.0, 0.0, 1.0]]}, "Bone.002": {"matrix": [[-0.6411187052726746, -0.7334269881248474, 0.22594575583934784, -1.2338449954986572], [-0.651385486125946, 0.36437422037124634, -0.6655284762382507, -0.5717260837554932], [0.4057878255844116, -0.5738605856895447, -0.7113509774208069, -0.9016569256782532], [0.0, 0.0, 0.0, 1.0]]}, "finger3joint1": {"matrix": [[-0.7726192474365234, -0.60275799036026, -0.19935432076454163, -1.5429918766021729], [-0.4644969403743744, 0.7507444620132446, -0.4697074592113495, -0.41813868284225464], [0.4327842891216278, -0.2703055441379547, -0.8600189685821533, -1.1435449123382568], [0.0, 0.0, 0.0, 1.0]]}, "finger3joint2": {"matrix": [[-0.8498862981796265, -0.19492197036743164, -0.4895901381969452, -2.0717201232910156], [-0.32136836647987366, 0.9280255436897278, 0.1883898377418518, 0.240400493144989], [0.41763097047805786, 0.3174487352371216, -0.85135817527771, -1.3806519508361816], [0.0, 0.0, 0.0, 1.0]]}, "finger3joint3": {"matrix": [[-0.7640606164932251, 0.0930056944489479, -0.6384050846099854, -2.197850227355957], [-0.30202749371528625, 0.8228490948677063, 0.48135074973106384, 0.8409075140953064], [0.5700796246528625, 0.5605971813201904, -0.6006163954734802, -1.1752371788024902], [0.0, 0.0, 0.0, 1.0]]}, "Bone.003": {"matrix": [[-0.6836137175559998, 0.26572397351264954, 0.6797520518302917, -1.2338451147079468], [-0.6056934595108032, 0.3130738139152527, -0.7315189838409424, -0.5717261433601379], [-0.40719473361968994, -0.9117980003356934, -0.05307435244321823, -0.9016570448875427], [0.0, 0.0, 0.0, 1.0]]}, "finger4joint1": {"matrix": [[-0.5019305944442749, -0.8600140810012817, -0.0918751060962677, -1.119950532913208], [-0.6639325618743896, 0.45119741559028625, -0.5963338613510132, -0.4375365972518921], [0.5543094873428345, -0.2383192777633667, -0.7974613904953003, -1.2924712896347046], [0.0, 0.0, 0.0, 1.0]]}, "finger4joint2": {"matrix": [[-0.5231934189796448, -0.3788251578807831, -0.7633869647979736, -1.9742532968521118], [-0.6648066639900208, 0.7418752312660217, 0.08748028427362442, 0.010664433240890503], [0.5331982970237732, 0.5532741546630859, -0.6399899125099182, -1.5292079448699951], [0.0, 0.0, 0.0, 1.0]]}, "finger4joint3": {"matrix": [[-0.4786689281463623, -0.1238534152507782, -0.8692156672477722, -2.1322474479675293], [-0.7253832221031189, 0.6135566830635071, 0.3120366930961609, 0.32007306814193726], [0.4946663975715637, 0.7798770666122437, -0.3835318088531494, -1.2984578609466553], [0.0, 0.0, 0.0, 1.0]]}}