{"root": {"matrix": [[0.2960524559020996, -0.89955073595047, 0.3211875855922699, 5.960464477539063e-08], [-0.38334986567497253, -0.41989079117774963, -0.8226388096809387, 0.0], [0.8748689889907837, 0.12041697651147842, -0.46915242075920105, 7.450580596923828e-09], [0.0, 0.0, 0.0, 1.0]]}, "carpals": {"matrix": [[-0.6287225484848022, -0.27637192606925964, -0.726860523223877, -0.2470899224281311], [0.614435076713562, 0.396355539560318, -0.6821814775466919, -1.1854454278945923], [0.4766312539577484, -0.8755115270614624, -0.0793851763010025, 2.149104595184326], [0.0, 0.0, 0.0, 1.0]]}, "metacarpals": {"matrix": [[-0.7548195123672485, -0.5317866206169128, -0.3839925229549408, -0.5162745118141174], [0.24644115567207336, 0.31260591745376587, -0.9173570871353149, -0.7993975281715393], [0.6078767776489258, -0.7870705723762512, -0.10490713268518448, 1.2963616847991943], [0.0, 0.0, 0.0, 1.0]]}, "finger5joint1": {"matrix": [[-0.6896827816963196, -0.671526312828064, -0.270905464887619, -0.5293418765068054], [0.23600593209266663, 0.14523158967494965, -0.9608374834060669, -0.286873996257782], [0.6845719814300537, -0.726608395576477, 0.05832028016448021, 0.7836984395980835], [0.0, 0.0, 0.0, 1.0]]}, "finger5joint2": {"matrix": [[0.3645480275154114, -0.8716448545455933, 0.32762667536735535, -1.2386565208435059], [-0.8925127387046814, -0.4274090528488159, -0.14402064681053162, -0.13346990942955017], [0.26556524634361267, -0.23990854620933533, -0.9337658286094666, 0.016202151775360107], [0.0, 0.0, 0.0, 1.0]]}, "finger5joint3": {"matrix": [[0.2629907429218292, -0.95864337682724, 0.1088029220700264, -1.8377685546875], [-0.9192274212837219, -0.28321999311447144, -0.27350831031799316, -0.42724311351776123], [0.293011873960495, -0.028084341436624527, -0.9556959867477417, -0.1486954241991043], [0.0, 0.0, 0.0, 1.0]]}, "Bone": {"matrix": [[0.43935903906822205, -0.7617420554161072, -0.47614333033561707, -1.3465410470962524], [-0.1920718252658844, 0.43812546133995056, -0.8781538605690002, -0.31133294105529785], [0.8775372505187988, 0.47727879881858826, 0.04618503898382187, 0.06752592325210571], [0.0, 0.0, 0.0, 1.0]]}, "finger1joint1": {"matrix": [[-0.6907373070716858, -0.47735005617141724, -0.5431561470031738, -1.980453372001648], [0.18037603795528412, 0.613655686378479, -0.768694281578064, 0.05326968431472778], [0.7002473473548889, -0.6289380788803101, -0.33777251839637756, 0.46471142768859863], [0.0, 0.0, 0.0, 1.0]]}, "finger1joint2": {"matrix": [[-0.48288509249687195, -0.06684543937444687, -0.8731285333633423, -2.250241279602051], [0.39353641867637634, 0.8741560578346252, -0.2845700681209564, 0.40009456872940063], [0.7822730541229248, -0.48102232813835144, -0.3958107829093933, 0.10924925655126572], [0.0, 0.0, 0.0, 1.0]]}, "finger1joint3": {"matrix": [[-0.566047728061676, 0.3116021752357483, -0.7632129192352295, -2.2788968086242676], [0.3303574025630951, 0.9339624643325806, 0.13630099594593048, 0.7748308181762695], [0.7552841901779175, -0.17497996985912323, -0.6316072344779968, -0.09695710241794586], [0.0, 0.0, 0.0, 1.0]]}, "Bone.001": {"matrix": [[0.09634775668382645, -0.981285035610199, -0.16672268509864807, -1.346541166305542], [-0.1346520632505417, 0.15311217308044434, -0.9789919257164001, -0.31133294105529785], [0.9861975312232971, 0.1167733445763588, -0.11738026887178421, 0.06752592325210571], [0.0, 0.0, 0.0, 1.0]]}, "finger2joint1": {"matrix": [[-0.6594844460487366, -0.749454915523529, -0.05828583240509033, -1.9685618877410889], [0.21676753461360931, -0.1153552383184433, -0.9693836569786072, -0.21427762508392334], [0.7197859883308411, -0.6519280076026917, 0.23853230476379395, 0.14154666662216187], [0.0, 0.0, 0.0, 1.0]]}, "finger2joint2": {"matrix": [[-0.716336727142334, 0.2342013716697693, -0.6572755575180054, -2.6169517040252686], [0.2940995693206787, 0.9555661678314209, 0.019962023943662643, -0.31407710909843445], [0.6327457427978516, -0.1790047436952591, -0.753385603427887, -0.4224681854248047], [0.0, 0.0, 0.0, 1.0]]}, "finger2joint3": {"matrix": [[-0.6231329441070557, 0.7080082893371582, 0.3323090076446533, -2.5280449390411377], [0.39879167079925537, -0.07788025587797165, 0.9137283563613892, 0.04867149516940117], [0.6728078126907349, 0.7018963098526001, -0.2338179051876068, -0.490421324968338], [0.0, 0.0, 0.0, 1.0]]}, "Bone.002": {"matrix": [[-0.6125426292419434, -0.7857482433319092, -0.08597118407487869, -1.346540927886963], [0.025665588676929474, 0.08893526345491409, -0.9957065582275391, -0.31133294105529785], [0.790020763874054, -0.612119197845459, -0.034310195595026016, 0.0675259381532669], [0.0, 0.0, 0.0, 1.0]]}, "finger3joint1": {"matrix": [[-0.5992162227630615, -0.6235479712486267, -0.5021231770515442, -1.6777418851852417], [0.12830033898353577, 0.5442936420440674, -0.8290255069732666, -0.2738457918167114], [0.7902399301528931, -0.5611879229545593, -0.24614831805229187, -0.19048839807510376], [0.0, 0.0, 0.0, 1.0]]}, "finger3joint2": {"matrix": [[-0.6703391075134277, -0.04886980354785919, -0.7404438853263855, -2.2247064113616943], [0.24481378495693207, 0.9273970127105713, -0.2828439474105835, 0.20359855890274048], [0.7005082964897156, -0.37087202072143555, -0.6097065806388855, -0.6827521324157715], [0.0, 0.0, 0.0, 1.0]]}, "finger3joint3": {"matrix": [[-0.5378637909889221, 0.27316099405288696, -0.7975496053695679, -2.256329298019409], [0.33459776639938354, 0.9375147223472595, 0.09544776380062103, 0.8036988973617554], [0.7737874388694763, -0.21552026271820068, -0.5956541895866394, -0.9227361083030701], [0.0, 0.0, 0.0, 1.0]]}, "Bone.003": {"matrix": [[-0.8593550324440002, 0.06525823473930359, 0.5071983337402344, -1.3465410470962524], [-0.4731156826019287, -0.4778949022293091, -0.7401202321052551, -0.31133294105529785], [0.19408853352069855, -0.8759896755218506, 0.4415558874607086, 0.06752589344978333], [0.0, 0.0, 0.0, 1.0]]}, "finger4joint1": {"matrix": [[-0.5289536714553833, -0.7780033946037292, -0.3389959931373596, -1.3185701370239258], [0.1367930918931961, 0.3160656690597534, -0.9388236403465271, -0.5161679983139038], [0.8375533223152161, -0.5429664254188538, -0.06075875833630562, -0.3079403042793274], [0.0, 0.0, 0.0, 1.0]]}, "finger4joint2": {"matrix": [[-0.553096354007721, -0.2983780801296234, -0.777852475643158, -2.09140682220459], [0.12584801018238068, 0.8930285573005676, -0.43204382061958313, -0.20220127701759338], [0.8235571980476379, -0.33685287833213806, -0.4563806354999542, -0.8473008871078491], [0.0, 0.0, 0.0, 1.0]]}, "finger4joint3": {"matrix": [[-0.5149407982826233, 0.08941254764795303, -0.8525496125221252, -2.2158493995666504], [0.057485293596982956, 0.9959083199501038, 0.06972620636224747, 0.17024776339530945], [0.8552958965301514, -0.013103975914418697, -0.5179737210273743, -0.9877896904945374], [0.0, 0.0, 0.0, 1.0]]}}