{"root": {"matrix": [[0.18611730635166168, -0.6973769664764404, -0.6921168565750122, 0.0], [-0.9572173953056335, 0.030158987268805504, -0.2877937853336334, 1.862645149230957e-09], [0.22157421708106995, 0.7160696983337402, -0.6619282960891724, 0.0], [0.0, 0.0, 0.0, 1.0]]}, "carpals": {"matrix": [[0.8299931883811951, -0.5556831359863281, -0.04824380576610565, -0.18389230966567993], [0.4767354428768158, 0.6618473529815674, 0.5785161852836609, -2.102846622467041], [-0.289541631937027, -0.5031641125679016, 0.8142428398132324, 1.2764031887054443], [0.0, 0.0, 0.0, 1.0]]}, "metacarpals": {"matrix": [[0.36720898747444153, -0.5722531080245972, 0.7332692742347717, -0.7251243591308594], [-0.08281756937503815, 0.7650976181030273, 0.6385659575462341, -1.4582111835479736], [-0.9264441132545471, -0.29521477222442627, 0.23355817794799805, 0.7863243222236633], [0.0, 0.0, 0.0, 1.0]]}, "finger5joint1": {"matrix": [[0.04707762226462364, -0.8614049553871155, 0.5057321786880493, -1.4177675247192383], [0.3062753975391388, 0.4943550229072571, 0.813515841960907, -1.269747018814087], [-0.9507780075073242, 0.11659498512744904, 0.28710031509399414, 0.6843351721763611], [0.0, 0.0, 0.0, 1.0]]}, "finger5joint2": {"matrix": [[0.5716930031776428, -0.08188920468091965, -0.8163704872131348, -2.3276453018188477], [0.7708471417427063, 0.39438676834106445, 0.5002529621124268, -0.7475735545158386], [0.2810005247592926, -0.9152883291244507, 0.28859245777130127, 0.8074912428855896], [0.0, 0.0, 0.0, 1.0]]}, "finger5joint3": {"matrix": [[0.6056252121925354, 0.45675110816955566, -0.651610255241394, -2.3839309215545654], [0.7755835652351379, -0.15563181042671204, 0.6117581725120544, -0.47649767994880676], [0.1780100166797638, -0.875874936580658, -0.4485033452510834, 0.17838150262832642], [0.0, 0.0, 0.0, 1.0]]}, "Bone": {"matrix": [[0.5580163598060608, 0.14515884220600128, 0.8170351982116699, -1.618570327758789], [-0.8199378252029419, -0.05512220039963722, 0.5697920918464661, -0.2636813819408417], [0.12774716317653656, -0.9878716468811035, 0.088262178003788, 0.3254121243953705], [0.0, 0.0, 0.0, 1.0]]}, "finger1joint1": {"matrix": [[0.8148271441459656, -0.5779939889907837, 0.04449281841516495, -1.49777090549469], [-0.23991090059280396, -0.2663523554801941, 0.933540940284729, -0.30955344438552856], [-0.527730405330658, -0.7713490128517151, -0.35569825768470764, -0.49668246507644653], [0.0, 0.0, 0.0, 1.0]]}, "finger1joint2": {"matrix": [[0.7739867568016052, -0.6258693933486938, -0.09608298540115356, -1.824440598487854], [-0.5073673725128174, -0.7037798762321472, 0.49726438522338867, -0.4600899815559387], [-0.37884390354156494, -0.33612677454948425, -0.8622621297836304, -0.9326322674751282], [0.0, 0.0, 0.0, 1.0]]}, "finger1joint3": {"matrix": [[0.7827144265174866, -0.3589465618133545, -0.5084441900253296, -2.092740535736084], [-0.4282365143299103, -0.9034116864204407, -0.021458208560943604, -0.7617888450622559], [-0.45163220167160034, 0.2345300167798996, -0.8608275055885315, -1.0767242908477783], [0.0, 0.0, 0.0, 1.0]]}, "Bone.001": {"matrix": [[0.6664257645606995, 0.20281825959682465, 0.717454731464386, -1.618570327758789], [-0.7169695496559143, 0.43831032514572144, 0.5420684814453125, -0.26368141174316406], [-0.20452642440795898, -0.8756417632102966, 0.43751591444015503, 0.32541215419769287], [0.0, 0.0, 0.0, 1.0]]}, "finger2joint1": {"matrix": [[0.4194180369377136, -0.8458628058433533, -0.32955190539360046, -1.4900070428848267], [-0.19158872961997986, -0.4373272955417633, 0.8786569833755493, 0.01415640115737915], [-0.8873454332351685, -0.3053862750530243, -0.3454807996749878, -0.22964289784431458], [0.0, 0.0, 0.0, 1.0]]}, "finger2joint2": {"matrix": [[0.3698594570159912, -0.3327540457248688, -0.8674551844596863, -2.22180438041687], [-0.3107277750968933, -0.9242011904716492, 0.22203582525253296, -0.36419689655303955], [-0.875586748123169, 0.18742038309574127, -0.44522058963775635, -0.493847519159317], [0.0, 0.0, 0.0, 1.0]]}, "finger2joint3": {"matrix": [[0.40527287125587463, 0.26962509751319885, -0.8735307455062866, -2.34812331199646], [-0.4332689046859741, -0.7847427725791931, -0.4432339072227478, -0.7150387763977051], [-0.8050041198730469, 0.5581045150756836, -0.20121487975120544, -0.42269963026046753], [0.0, 0.0, 0.0, 1.0]]}, "Bone.002": {"matrix": [[0.6077185869216919, -0.2330169975757599, 0.7591977119445801, -1.618570327758789], [-0.21672359108924866, 0.8710361123085022, 0.44082483649253845, -0.2636813819408417], [-0.7640084624290466, -0.43243348598480225, 0.47884467244148254, 0.3254120945930481], [0.0, 0.0, 0.0, 1.0]]}, "finger3joint1": {"matrix": [[0.425332635641098, 0.3080470860004425, 0.8509989380836487, -1.7167892456054688], [-0.15754997730255127, 0.9511362910270691, -0.26555103063583374, 0.10346907377243042], [-0.8912184238433838, -0.02112725004553795, 0.4530820846557617, 0.14313705265522003], [0.0, 0.0, 0.0, 1.0]]}, "finger3joint2": {"matrix": [[0.4353539049625397, -0.7337206602096558, 0.5216522216796875, -1.4465761184692383], [0.005249677691608667, 0.5815055966377258, 0.8135251998901367, 0.9377883672714233], [-0.9002440571784973, -0.35143280029296875, 0.2570126950740814, 0.12460462003946304], [0.0, 0.0, 0.0, 1.0]]}, "finger3joint3": {"matrix": [[0.30448397994041443, -0.7562288045883179, -0.5791438221931458, -1.9213522672653198], [-0.10278653353452682, -0.6305493116378784, 0.7693127393722534, 1.3140690326690674], [-0.9469553232192993, -0.1747153252363205, -0.26972222328186035, -0.10280062258243561], [0.0, 0.0, 0.0, 1.0]]}, "Bone.003": {"matrix": [[0.6945290565490723, -0.17559482157230377, 0.6977075934410095, -1.6185702085494995], [0.5406388640403748, 0.7672185301780701, -0.3450869917869568, -0.26368141174316406], [-0.47469866275787354, 0.6168808937072754, 0.6277890205383301, 0.3254120945930481], [0.0, 0.0, 0.0, 1.0]]}, "finger4joint1": {"matrix": [[0.6761693358421326, -0.11989792436361313, 0.7269245982170105, -1.6938337087631226], [-0.610137939453125, 0.4619011878967285, 0.6437222957611084, 0.06516334414482117], [-0.41294845938682556, -0.8787897229194641, 0.23916926980018616, 0.5898193120956421], [0.0, 0.0, 0.0, 1.0]]}, "finger4joint2": {"matrix": [[0.6871541142463684, -0.4071136713027954, 0.6017287373542786, -1.8129353523254395], [-0.5868451595306396, 0.17722728848457336, 0.7900649309158325, 0.5239970684051514], [-0.42828914523124695, -0.8960181474685669, -0.11713018268346786, -0.28313446044921875], [0.0, 0.0, 0.0, 1.0]]}, "finger4joint3": {"matrix": [[0.7097413539886475, -0.5058498382568359, 0.490288645029068, -1.9827274084091187], [-0.6110408306121826, -0.09571361541748047, 0.7857908606529236, 0.597912073135376], [-0.35056501626968384, -0.8572949171066284, -0.37702685594558716, -0.6568303108215332], [0.0, 0.0, 0.0, 1.0]]}}