{"root": {"matrix": [[0.37575945258140564, -0.5370965600013733, -0.755203366279602, 0.0], [-0.9053880572319031, -0.38659894466400146, -0.1755383461713791, 0.0], [-0.19767987728118896, 0.7497122883796692, -0.6315490007400513, 0.0], [0.0, 0.0, 0.0, 1.0]]}, "carpals": {"matrix": [[0.7207934856414795, -0.6917867064476013, -0.04344826191663742, 0.40895602107048035], [0.6440416574478149, 0.6452364325523376, 0.4109500050544739, -2.4061856269836426], [-0.2562553882598877, -0.3241926431655884, 0.9106218218803406, 0.3577854335308075], [0.0, 0.0, 0.0, 1.0]]}, "metacarpals": {"matrix": [[0.20456793904304504, -0.7276990413665771, 0.6546800136566162, -0.2648400068283081], [0.09759882837533951, 0.6806546449661255, 0.7260739803314209, -1.7777292728424072], [-0.9739744067192078, -0.08463550359010696, 0.21026268601417542, 0.042023755609989166], [0.0, 0.0, 0.0, 1.0]]}, "finger5joint1": {"matrix": [[-0.19718323647975922, -0.7803551554679871, 0.5934345126152039, -0.9853242635726929], [0.43852412700653076, 0.4711788296699524, 0.7653017044067383, -1.705108880996704], [-0.8768210411071777, 0.4111400842666626, 0.24929597973823547, 0.07812869548797607], [0.0, 0.0, 0.0, 1.0]]}, "finger5joint2": {"matrix": [[0.727766752243042, -0.4706806540489197, -0.49881333112716675, -1.8095918893814087], [0.6332665681838989, 0.7404232025146484, 0.22526925802230835, -1.2074158191680908], [0.26330313086509705, -0.479825496673584, 0.8369220495223999, 0.5124045610427856], [0.0, 0.0, 0.0, 1.0]]}, "finger5joint3": {"matrix": [[0.7070010304450989, -0.19321872293949127, -0.6803054213523865, -2.1331069469451904], [0.6862567663192749, 0.41987189650535583, 0.5939347743988037, -0.6984970569610596], [0.17088182270526886, -0.8867771625518799, 0.4294476807117462, 0.18260368704795837], [0.0, 0.0, 0.0, 1.0]]}, "Bone": {"matrix": [[0.6925573945045471, -0.02643473446369171, 0.7208781242370605, -1.4009803533554077], [-0.7163475155830383, 0.09242994338274002, 0.6915941834449768, -0.7150384783744812], [-0.08491277694702148, -0.9953681230545044, 0.045076560229063034, -0.09011572599411011], [0.0, 0.0, 0.0, 1.0]]}, "finger1joint1": {"matrix": [[0.31210824847221375, -0.8805181980133057, 0.35675764083862305, -1.4229789972305298], [0.02768247202038765, 0.38378506898880005, 0.9230071902275085, -0.6381193995475769], [-0.949643075466156, -0.2782023251056671, 0.14415737986564636, -0.918448805809021], [0.0, 0.0, 0.0, 1.0]]}, "finger1joint2": {"matrix": [[0.20621876418590546, -0.685605525970459, -0.6981538534164429, -1.9206287860870361], [-0.2623297870159149, -0.7261078357696533, 0.635570764541626, -0.421212375164032], [-0.9426859021186829, 0.0520799495279789, -0.32959190011024475, -1.0756827592849731], [0.0, 0.0, 0.0, 1.0]]}, "finger1joint3": {"matrix": [[0.1594676673412323, -0.018244720995426178, -0.9870344996452332, -2.214536428451538], [-0.16979867219924927, -0.9854354858398438, -0.009217962622642517, -0.73248291015625], [-0.9724908471107483, 0.1690671592950821, -0.16024309396743774, -1.0533568859100342], [0.0, 0.0, 0.0, 1.0]]}, "Bone.001": {"matrix": [[0.7226464152336121, -0.02721276693046093, 0.6906818747520447, -1.4009802341461182], [-0.5559753775596619, 0.5708221793174744, 0.6041961312294006, -0.7150384783744812], [-0.4106983542442322, -0.820622444152832, 0.3973730206489563, -0.09011572599411011], [0.0, 0.0, 0.0, 1.0]]}, "finger2joint1": {"matrix": [[0.5520726442337036, -0.6495682001113892, 0.5227588415145874, -1.4182300567626953], [-0.13262039422988892, 0.5505720973014832, 0.8241854906082153, -0.3532036244869232], [-0.82318115234375, -0.5243389010429382, 0.21780981123447418, -0.6102948188781738], [0.0, 0.0, 0.0, 1.0]]}, "finger2joint2": {"matrix": [[0.44038745760917664, -0.7571728229522705, -0.48243963718414307, -1.9802031517028809], [-0.15788325667381287, -0.5942918658256531, 0.7885997891426086, 0.12312325835227966], [-0.8838164806365967, -0.2711203098297119, -0.3812636435031891, -1.063926100730896], [0.0, 0.0, 0.0, 1.0]]}, "finger2joint3": {"matrix": [[0.3919694125652313, 0.12735651433467865, -0.9111202359199524, -2.2676384449005127], [-0.2948329448699951, -0.920745313167572, -0.2555409073829651, -0.10247966647148132], [-0.8714545965194702, 0.3687925934791565, -0.32335513830184937, -1.166847825050354], [0.0, 0.0, 0.0, 1.0]]}, "Bone.002": {"matrix": [[0.4880381226539612, -0.4390389323234558, 0.7543630003929138, -1.4009802341461182], [-0.009930205531418324, 0.8614311218261719, 0.5077769756317139, -0.7150384783744812], [-0.8727657794952393, -0.25530552864074707, 0.4160515069961548, -0.0901157408952713], [0.0, 0.0, 0.0, 1.0]]}, "finger3joint1": {"matrix": [[0.278950572013855, 0.1474938541650772, 0.9489110112190247, -1.586039662361145], [0.030734572559595108, 0.9862569570541382, -0.1623336672782898, -0.35193657875061035], [-0.9598135352134705, 0.07444744557142258, 0.27058374881744385, -0.19772960245609283], [0.0, 0.0, 0.0, 1.0]]}, "finger3joint2": {"matrix": [[0.2617396414279938, -0.6141061782836914, 0.7445575594902039, -1.4566607475280762], [0.1925712376832962, 0.7891687750816345, 0.5832054615020752, 0.5131898522377014], [-0.9457318186759949, -0.009267553687095642, 0.324815958738327, -0.13242566585540771], [0.0, 0.0, 0.0, 1.0]]}, "finger3joint3": {"matrix": [[0.10200896114110947, -0.9630740880966187, 0.24916356801986694, -1.8540366888046265], [0.13066790997982025, 0.26127201318740845, 0.9563798904418945, 1.0238453149795532], [-0.9861642718315125, -0.06500157713890076, 0.15249498188495636, -0.13842251896858215], [0.0, 0.0, 0.0, 1.0]]}, "Bone.003": {"matrix": [[0.5060614943504333, -0.1800873726606369, 0.843487024307251, -1.4009802341461182], [0.7097908854484558, 0.6425502896308899, -0.28866198658943176, -0.7150384187698364], [-0.4899984300136566, 0.7447801232337952, 0.4529944360256195, -0.09011577069759369], [0.0, 0.0, 0.0, 1.0]]}, "finger4joint1": {"matrix": [[0.5718315243721008, -0.2322501540184021, 0.7868090271949768, -1.478169322013855], [-0.42997339367866516, 0.7319536209106445, 0.5285510420799255, -0.4396289587020874], [-0.6986639499664307, -0.6405492424964905, 0.31869280338287354, 0.22911152243614197], [0.0, 0.0, 0.0, 1.0]]}, "finger4joint2": {"matrix": [[0.5814440846443176, -0.5325878858566284, 0.6150388121604919, -1.7088770866394043], [-0.40279510617256165, 0.468369722366333, 0.7863748073577881, 0.2874637842178345], [-0.7068793773651123, -0.7049676775932312, 0.05780702084302902, -0.40718385577201843], [0.0, 0.0, 0.0, 1.0]]}, "finger4joint3": {"matrix": [[0.6146439909934998, -0.6376727223396301, 0.46431246399879456, -1.9309996366500854], [-0.4517950713634491, 0.19791893661022186, 0.869890034198761, 0.4828034043312073], [-0.6466014981269836, -0.7444469332695007, -0.1664477437734604, -0.7011997699737549], [0.0, 0.0, 0.0, 1.0]]}}