{"root": {"matrix": [[0.31098827719688416, -0.7563234567642212, -0.5755528807640076, -5.960464477539063e-08], [-0.9500428438186646, -0.23046520352363586, -0.21048618853092194, -1.4901161193847656e-08], [0.0265506599098444, 0.6122586131095886, -0.7902116775512695, 0.0], [0.0, 0.0, 0.0, 1.0]]}, "carpals": {"matrix": [[0.4588358998298645, -0.8638231754302979, -0.20803596079349518, 0.027697443962097168], [0.8502383828163147, 0.3588756322860718, 0.38510075211524963, -2.3504159450531006], [-0.2579999566078186, -0.3535783290863037, 0.8991208076477051, 0.7481728792190552], [0.0, 0.0, 0.0, 1.0]]}, "metacarpals": {"matrix": [[0.4537699222564697, -0.5811071395874023, 0.6755791306495667, -0.8136610984802246], [0.06341757625341415, 0.7772608995437622, 0.6259738802909851, -2.00087308883667], [-0.8888593316078186, -0.2412046194076538, 0.3895500898361206, 0.403789758682251], [0.0, 0.0, 0.0, 1.0]]}, "finger5joint1": {"matrix": [[0.32036539912223816, -0.5503730773925781, 0.7710092663764954, -1.5028135776519775], [0.2263249158859253, 0.834805965423584, 0.5018721222877502, -1.8259471654891968], [-0.9198602437973022, 0.013716138899326324, 0.39200612902641296, 0.26185768842697144], [0.0, 0.0, 0.0, 1.0]]}, "finger5joint2": {"matrix": [[0.8354870080947876, -0.13947394490242004, -0.5315149426460266, -2.0841574668884277], [0.27114230394363403, 0.9459398984909058, 0.17798517644405365, -0.9441647529602051], [0.4779570400714874, -0.2928204834461212, 0.8281381726264954, 0.2763456404209137], [0.0, 0.0, 0.0, 1.0]]}, "finger5joint3": {"matrix": [[0.8468070030212402, -0.03698700666427612, -0.5306122303009033, -2.1800224781036377], [0.3480548560619354, 0.7928829193115234, 0.5001935958862305, -0.29398712515830994], [0.40221282839775085, -0.608249843120575, 0.6842926740646362, 0.07507984340190887], [0.0, 0.0, 0.0, 1.0]]}, "Bone": {"matrix": [[0.5849815011024475, 0.23711667954921722, 0.7756108045578003, -1.7209306955337524], [-0.8082581758499146, 0.09120793640613556, 0.5817211270332336, -0.7873531579971313], [0.06719399988651276, -0.9671900868415833, 0.2450064718723297, 0.02720242738723755], [0.0, 0.0, 0.0, 1.0]]}, "finger1joint1": {"matrix": [[0.5414049029350281, -0.7083643078804016, 0.45288029313087463, -1.523605227470398], [-0.020234085619449615, 0.5275205969810486, 0.8493009805679321, -0.71145099401474], [-0.8405183553695679, -0.46897950768470764, 0.27126917243003845, -0.7776812314987183], [0.0, 0.0, 0.0, 1.0]]}, "finger1joint2": {"matrix": [[0.39187324047088623, -0.6601861119270325, -0.6407725811004639, -1.923957347869873], [-0.28839585185050964, -0.7495211362838745, 0.5958569645881653, -0.4133077561855316], [-0.8736492991447449, -0.048704273998737335, -0.48411235213279724, -1.042738437652588], [0.0, 0.0, 0.0, 1.0]]}, "finger1joint3": {"matrix": [[0.34892064332962036, -0.039375193417072296, -0.9363246560096741, -2.206968307495117], [-0.1988760381937027, -0.9794713258743286, -0.032921385020017624, -0.7346152663230896], [-0.9158071279525757, 0.19769953191280365, -0.34958866238594055, -1.0636171102523804], [0.0, 0.0, 0.0, 1.0]]}, "Bone.001": {"matrix": [[0.7178260087966919, 0.25918540358543396, 0.6461799144744873, -1.720930814743042], [-0.6551544070243835, 0.5655136108398438, 0.5009657740592957, -0.7873531579971313], [-0.2355804741382599, -0.7829540371894836, 0.5757469534873962, 0.027202367782592773], [0.0, 0.0, 0.0, 1.0]]}, "finger2joint1": {"matrix": [[0.626065194606781, -0.13274739682674408, 0.7683880925178528, -1.5566374063491821], [-0.20593640208244324, 0.9222686290740967, 0.32712432742118835, -0.4288833439350128], [-0.7520852088928223, -0.36304035782814026, 0.5500629544258118, -0.46909934282302856], [0.0, 0.0, 0.0, 1.0]]}, "finger2joint2": {"matrix": [[0.5377965569496155, -0.8133775591850281, 0.2217918038368225, -1.6714836359024048], [-0.15103596448898315, 0.16586680710315704, 0.9745131731033325, 0.3690164089202881], [-0.8294352293014526, -0.557588517665863, -0.03364667296409607, -0.7831833362579346], [0.0, 0.0, 0.0, 1.0]]}, "finger2joint3": {"matrix": [[0.41897180676460266, -0.45392102003097534, -0.7863956093788147, -1.9802550077438354], [-0.21748210489749908, -0.891032338142395, 0.3984500467777252, 0.431982159614563], [-0.881568968296051, 0.004087663721293211, -0.47203725576400757, -0.9948530793190002], [0.0, 0.0, 0.0, 1.0]]}, "Bone.002": {"matrix": [[0.6849784255027771, -0.23660525679588318, 0.6890736222267151, -1.720930814743042], [-0.08308340609073639, 0.9142600297927856, 0.3965165913105011, -0.7873531579971313], [-0.7238104939460754, -0.3288559317588806, 0.6065905094146729, 0.027202360332012177], [0.0, 0.0, 0.0, 1.0]]}, "finger3joint1": {"matrix": [[0.5121644139289856, 0.25999146699905396, 0.8185914754867554, -1.820662260055542], [-0.013326799497008324, 0.9553742408752441, -0.29509666562080383, -0.401983380317688], [-0.8587840795516968, 0.14022883772850037, 0.49277356266975403, -0.11141370981931686], [0.0, 0.0, 0.0, 1.0]]}, "finger3joint2": {"matrix": [[0.5146856307983398, -0.43359947204589844, 0.7396554946899414, -1.5926024913787842], [0.14936478435993195, 0.8948469161987305, 0.42064088582992554, 0.43605339527130127], [-0.8442682027816772, -0.1060192734003067, 0.5253294110298157, 0.011592444032430649], [0.0, 0.0, 0.0, 1.0]]}, "finger3joint3": {"matrix": [[0.36081674695014954, -0.9042221903800964, 0.22845908999443054, -1.8731763362884521], [0.12071140110492706, 0.2881776988506317, 0.9499379396438599, 1.015091061592102], [-0.9247918725013733, -0.3151758909225464, 0.21312932670116425, -0.05701054632663727], [0.0, 0.0, 0.0, 1.0]]}, "Bone.003": {"matrix": [[0.7065125703811646, -0.26976823806762695, 0.6542667746543884, -1.720930814743042], [0.6282358169555664, 0.6647083759307861, -0.40432941913604736, -0.7873531579971313], [-0.3258213400840759, 0.6966977119445801, 0.6391030550003052, 0.027202337980270386], [0.0, 0.0, 0.0, 1.0]]}, "finger4joint1": {"matrix": [[0.6735866665840149, -0.031934767961502075, 0.73841792345047, -1.8365586996078491], [-0.46942847967147827, 0.7532004117965698, 0.46078792214393616, -0.5024462938308716], [-0.5708919763565063, -0.6570151448249817, 0.49235478043556213, 0.32582053542137146], [0.0, 0.0, 0.0, 1.0]]}, "finger4joint2": {"matrix": [[0.6868109107017517, -0.330874502658844, 0.6471573114395142, -1.868281364440918], [-0.4430539309978485, 0.5152496099472046, 0.7336350679397583, 0.24575217068195343], [-0.5761888027191162, -0.7905943393707275, 0.20728391408920288, -0.3268313705921173], [0.0, 0.0, 0.0, 1.0]]}, "finger4joint3": {"matrix": [[0.702397346496582, -0.4456065893173218, 0.5550428032875061, -2.0062766075134277], [-0.49503564834594727, 0.2544851005077362, 0.8307685256004333, 0.4606436491012573], [-0.5114461183547974, -0.8582958579063416, -0.041841425001621246, -0.6565588712692261], [0.0, 0.0, 0.0, 1.0]]}}