{"root": {"matrix": [[0.48397570848464966, -0.8059535026550293, 0.3408906161785126, 0.0], [0.021916398778557777, -0.37826719880104065, -0.9254369735717773, -2.9802322387695312e-08], [0.8748069405555725, 0.45536008477211, -0.16540861129760742, 2.9802322387695312e-08], [0.0, 0.0, 0.0, 1.0]]}, "carpals": {"matrix": [[-0.6082671880722046, -0.5100968480110168, -0.6081216931343079, 0.26729291677474976], [0.7099393606185913, -0.00701183034107089, -0.7042277455329895, -0.21664725244045258], [0.35496053099632263, -0.8600881695747375, 0.36640286445617676, 2.4426631927490234], [0.0, 0.0, 0.0, 1.0]]}, "metacarpals": {"matrix": [[-0.7781809568405151, -0.6103157997131348, -0.1481509804725647, -0.22953832149505615], [0.39226433634757996, -0.2881004214286804, -0.8735712170600891, -0.22347667813301086], [0.4904721975326538, -0.7379108667373657, 0.4635992646217346, 1.6049425601959229], [0.0, 0.0, 0.0, 1.0]]}, "finger5joint1": {"matrix": [[-0.5635055303573608, -0.7973346710205078, -0.216144859790802, -0.3803383708000183], [0.346139132976532, 0.009683915413916111, -0.9381331205368042, -0.09735691547393799], [0.7500994205474854, -0.603459358215332, 0.27053162455558777, 0.9070687294006348], [0.0, 0.0, 0.0, 1.0]]}, "finger5joint2": {"matrix": [[-0.17563867568969727, -0.8900336027145386, 0.42070236802101135, -1.2225409746170044], [-0.9463465213775635, 0.03489607572555542, -0.32126346230506897, -0.08712805807590485], [0.271254301071167, -0.4545564353466034, -0.8484097123146057, 0.2696513235569], [0.0, 0.0, 0.0, 1.0]]}, "finger5joint3": {"matrix": [[-0.28085488080978394, -0.932980477809906, 0.2250937670469284, -1.8342921733856201], [-0.919827401638031, 0.19472432136535645, -0.34058699011802673, -0.06314276158809662], [0.2739296853542328, -0.30270281434059143, -0.9128707647323608, -0.0427812784910202], [0.0, 0.0, 0.0, 1.0]]}, "Bone": {"matrix": [[0.4931069612503052, -0.8351542353630066, -0.2436446100473404, -1.182410717010498], [0.4180680513381958, 0.4730862081050873, -0.7755052447319031, -0.6732814311981201], [0.7629314064979553, 0.28054723143577576, 0.58243328332901, 0.4528588056564331], [0.0, 0.0, 0.0, 1.0]]}, "finger1joint1": {"matrix": [[-0.5873379707336426, -0.5934594869613647, -0.5503087639808655, -1.8774157762527466], [0.367893248796463, 0.40987351536750793, -0.8346604704856873, -0.27958497405052185], [0.7208943367004395, -0.6926825046539307, -0.022404586896300316, 0.6863266825675964], [0.0, 0.0, 0.0, 1.0]]}, "finger1joint2": {"matrix": [[-0.37991634011268616, -0.1583627462387085, -0.9113641381263733, -2.2128262519836426], [0.5962716341018677, 0.7113041877746582, -0.3721645176410675, -0.047933340072631836], [0.7071942687034607, -0.6848118305206299, -0.17580878734588623, 0.2948375344276428], [0.0, 0.0, 0.0, 1.0]]}, "finger1joint3": {"matrix": [[-0.4641927480697632, 0.2791059911251068, -0.8406097292900085, -2.2807137966156006], [0.5290167331695557, 0.8485478162765503, -0.01038637850433588, 0.25699108839035034], [0.7103989124298096, -0.44951775670051575, -0.541541337966919, 0.0012699663639068604], [0.0, 0.0, 0.0, 1.0]]}, "Bone.001": {"matrix": [[0.1491079032421112, -0.9857974648475647, 0.0772646814584732, -1.1824108362197876], [0.45891791582107544, -0.0002229231031378731, -0.8884785175323486, -0.6732814311981201], [0.8758772611618042, 0.16793742775917053, 0.45236676931381226, 0.4528588354587555], [0.0, 0.0, 0.0, 1.0]]}, "finger2joint1": {"matrix": [[-0.6740358471870422, -0.7303327322006226, 0.11085773259401321, -1.8072915077209473], [0.44827407598495483, -0.5236820578575134, -0.7244358062744141, -0.6734226942062378], [0.5871335864067078, -0.4386011064052582, 0.6803696155548096, 0.5593116283416748], [0.0, 0.0, 0.0, 1.0]]}, "finger2joint2": {"matrix": [[-0.7446677088737488, -0.1541265994310379, -0.6493956446647644, -2.439138412475586], [0.4641008675098419, 0.5796738266944885, -0.669767439365387, -1.1264857053756714], [0.47966691851615906, -0.8001391887664795, -0.3601341247558594, 0.1798562854528427], [0.0, 0.0, 0.0, 1.0]]}, "finger2joint3": {"matrix": [[-0.6964071989059448, 0.6149532794952393, -0.3699311316013336, -2.497647285461426], [0.5855019688606262, 0.784941554069519, 0.20261774957180023, -0.906432032585144], [0.41497501730918884, -0.07549093663692474, -0.9066953659057617, -0.12388966977596283], [0.0, 0.0, 0.0, 1.0]]}, "Bone.002": {"matrix": [[-0.5817177295684814, -0.7971919178962708, 0.16152165830135345, -1.182410717010498], [0.3427048325538635, -0.4203055500984192, -0.840176522731781, -0.6732814908027649], [0.7376706004142761, -0.433391273021698, 0.5177005529403687, 0.4528588056564331], [0.0, 0.0, 0.0, 1.0]]}, "finger3joint1": {"matrix": [[-0.5677067041397095, -0.7064584493637085, -0.42264097929000854, -1.5184352397918701], [0.41075271368026733, 0.20184244215488434, -0.8891241550445557, -0.8504444360733032], [0.713436484336853, -0.6783624887466431, 0.175592303276062, 0.2701800465583801], [0.0, 0.0, 0.0, 1.0]]}, "finger3joint2": {"matrix": [[-0.6554433107376099, -0.16696900129318237, -0.736556351184845, -2.138127565383911], [0.4716796278953552, 0.6711695194244385, -0.5718826651573181, -0.6733919978141785], [0.5898411273956299, -0.7222551107406616, -0.36115771532058716, -0.32486698031425476], [0.0, 0.0, 0.0, 1.0]]}, "finger3joint3": {"matrix": [[-0.529711902141571, 0.15975268185138702, -0.8329970836639404, -2.2461698055267334], [0.5938428044319153, 0.771079957485199, -0.22975291311740875, -0.2390914261341095], [0.6056039929389954, -0.6163721084594727, -0.5033181309700012, -0.7922239899635315], [0.0, 0.0, 0.0, 1.0]]}, "Bone.003": {"matrix": [[-0.7114363312721252, 0.16107024252414703, 0.684042751789093, -1.182410717010498], [-0.4396735429763794, -0.8613582253456116, -0.25445857644081116, -0.6732814311981201], [0.548220157623291, -0.4817867875099182, 0.6836197972297668, 0.4528588056564331], [0.0, 0.0, 0.0, 1.0]]}, "finger4joint1": {"matrix": [[-0.6882534623146057, -0.7210313081741333, -0.08012779802083969, -1.113373041152954], [0.43566611409187317, -0.3224719762802124, -0.8403609991073608, -1.0424764156341553], [0.5800879597663879, -0.6132904291152954, 0.5360713601112366, 0.24635565280914307], [0.0, 0.0, 0.0, 1.0]]}, "finger4joint2": {"matrix": [[-0.7060198187828064, -0.5631718039512634, -0.4293866753578186, -1.829615831375122], [0.41185078024864197, 0.16673217713832855, -0.8958677649497986, -1.362806797027588], [0.5761203765869141, -0.809343695640564, 0.11422651261091232, -0.3628619611263275], [0.0, 0.0, 0.0, 1.0]]}, "finger4joint3": {"matrix": [[-0.6504049301147461, -0.39956948161125183, -0.6460008025169373, -2.0644941329956055], [0.40962669253349304, 0.5316944718360901, -0.7412872314453125, -1.2932689189910889], [0.6396710872650146, -0.7467560768127441, -0.18214239180088043, -0.7004091739654541], [0.0, 0.0, 0.0, 1.0]]}}