{"root": {"matrix": [[0.3210648000240326, -0.4889170825481415, -0.8110964894294739, 0.0], [-0.9375280737876892, -0.2852683961391449, -0.19915592670440674, 0.0], [-0.13400951027870178, 0.8243676424026489, -0.549963116645813, 0.0], [0.0, 0.0, 0.0, 1.0]]}, "carpals": {"matrix": [[0.7924507856369019, -0.6096816062927246, -0.01760438084602356, 0.33870819211006165], [0.5313639044761658, 0.6759093403816223, 0.5106844305992126, -2.37703013420105], [-0.2994559705257416, -0.4140467047691345, 0.8595878481864929, 0.5656757354736328], [0.0, 0.0, 0.0, 1.0]]}, "metacarpals": {"matrix": [[0.24794165790081024, -0.735466480255127, 0.6305663585662842, -0.25511789321899414], [0.08674772083759308, 0.6651304960250854, 0.7416710257530212, -1.7186986207962036], [-0.9648832082748413, -0.12919098138809204, 0.22871361672878265, 0.16239675879478455], [0.0, 0.0, 0.0, 1.0]]}, "finger5joint1": {"matrix": [[-0.40092894434928894, -0.8449540734291077, 0.3539893925189972, -0.9777259230613708], [0.49834126234054565, 0.12307693809270859, 0.8582002520561218, -1.6594496965408325], [-0.768707811832428, 0.5204849243164062, 0.37173041701316833, 0.16389000415802002], [0.0, 0.0, 0.0, 1.0]]}, "finger5joint2": {"matrix": [[0.40281942486763, -0.46850597858428955, -0.786281168460846, -1.870227575302124], [0.8566734790802002, 0.4954484701156616, 0.1436687707901001, -1.5294467210769653], [0.3222522437572479, -0.7314591407775879, 0.6009331345558167, 0.7136638164520264], [0.0, 0.0, 0.0, 1.0]]}, "finger5joint3": {"matrix": [[0.39999711513519287, -0.07456301152706146, -0.9134779572486877, -2.1922481060028076], [0.8899704813957214, 0.2697385549545288, 0.3676859736442566, -1.1889077425003052], [0.21898452937602997, -0.9600422382354736, 0.17425353825092316, 0.2109062522649765], [0.0, 0.0, 0.0, 1.0]]}, "Bone": {"matrix": [[0.7089424133300781, 0.018324539065361023, 0.7050281763076782, -1.4033852815628052], [-0.7040611505508423, 0.0768003985285759, 0.7059739232063293, -0.6802452206611633], [-0.041209761053323746, -0.9968779683113098, 0.06734863668680191, -0.03930622339248657], [0.0, 0.0, 0.0, 1.0]]}, "finger1joint1": {"matrix": [[0.3550308346748352, -0.8872944712638855, 0.29438328742980957, -1.3881359100341797], [0.017815304920077324, 0.3212616741657257, 0.9468226432800293, -0.6163328886032104], [-0.9346847534179688, -0.33090680837631226, 0.12986521422863007, -0.8688957691192627], [0.0, 0.0, 0.0, 1.0]]}, "finger1joint2": {"matrix": [[0.26622048020362854, -0.717185914516449, -0.6440271735191345, -1.889615535736084], [-0.27772676944732666, -0.696876049041748, 0.6612346768379211, -0.4347628057003021], [-0.9230354428291321, 0.0028293554205447435, -0.38470447063446045, -1.0559171438217163], [0.0, 0.0, 0.0, 1.0]]}, "finger1joint3": {"matrix": [[0.22576047480106354, -0.06707236170768738, -0.9718710780143738, -2.19706130027771], [-0.1835794299840927, -0.9826822876930237, 0.025173932313919067, -0.7335020303726196], [-0.9567292332649231, 0.17273229360580444, -0.23416398465633392, -1.054704189300537], [0.0, 0.0, 0.0, 1.0]]}, "Bone.001": {"matrix": [[0.7512170672416687, 0.000514318875502795, 0.6600549221038818, -1.4033852815628052], [-0.5480965375900269, 0.5576831102371216, 0.6233612298965454, -0.6802452802658081], [-0.3677808940410614, -0.8300535678863525, 0.41922304034233093, -0.03930622339248657], [0.0, 0.0, 0.0, 1.0]]}, "finger2joint1": {"matrix": [[0.4554673731327057, -0.29691678285598755, 0.839279294013977, -1.4030592441558838], [-0.12987759709358215, 0.9104949831962585, 0.3925943076610565, -0.32673904299736023], [-0.8807274699211121, -0.2878175675868988, 0.37613797187805176, -0.5654635429382324], [0.0, 0.0, 0.0, 1.0]]}, "finger2joint2": {"matrix": [[0.3472334146499634, -0.4671861231327057, 0.8131210803985596, -1.6599366664886475], [-0.08273057639598846, 0.8484297394752502, 0.5228021740913391, 0.46097472310066223], [-0.9341222643852234, -0.24880440533161163, 0.2559525966644287, -0.8144686818122864], [0.0, 0.0, 0.0, 1.0]]}, "finger2joint3": {"matrix": [[0.21730385720729828, -0.7004053592681885, 0.6798611283302307, -1.8372880220413208], [-0.031252678483724594, 0.6911551356315613, 0.7220300436019897, 0.7830526232719421], [-0.9756034016609192, -0.17814743518829346, 0.12830112874507904, -0.9089189171791077], [0.0, 0.0, 0.0, 1.0]]}, "Bone.002": {"matrix": [[0.528328001499176, -0.442562997341156, 0.7245739698410034, -1.4033852815628052], [-0.01374678872525692, 0.8488326072692871, 0.5284826159477234, -0.6802452802658081], [-0.8489289879798889, -0.2891727387905121, 0.4423782527446747, -0.03930623084306717], [0.0, 0.0, 0.0, 1.0]]}, "finger3joint1": {"matrix": [[0.3228108882904053, 0.1255272924900055, 0.9381023645401001, -1.5899300575256348], [0.021553006023168564, 0.9899337291717529, -0.13987943530082703, -0.3224537968635559], [-0.9462180733680725, 0.06537355482578278, 0.31685584783554077, -0.16119544208049774], [0.0, 0.0, 0.0, 1.0]]}, "finger3joint2": {"matrix": [[0.30196064710617065, -0.5660197138786316, 0.7670994400978088, -1.479819893836975], [0.18322248756885529, 0.8241165280342102, 0.5359674692153931, 0.5458977818489075], [-0.9355475902557373, -0.021291112527251244, 0.35255831480026245, -0.10385096073150635], [0.0, 0.0, 0.0, 1.0]]}, "finger3joint3": {"matrix": [[0.14020195603370667, -0.9874565601348877, 0.07261493802070618, -1.8460800647735596], [0.13114161789417267, 0.09121286869049072, 0.9871584177017212, 1.079167366027832], [-0.9813995957374573, -0.1288786232471466, 0.14228494465351105, -0.11762802302837372], [0.0, 0.0, 0.0, 1.0]]}, "Bone.003": {"matrix": [[0.5151101350784302, -0.22653697431087494, 0.8266453742980957, -1.4033852815628052], [0.7119088172912598, 0.6501757502555847, -0.26543742418289185, -0.6802452802658081], [-0.4773333668708801, 0.7252256870269775, 0.49618586897850037, -0.039306193590164185], [0.0, 0.0, 0.0, 1.0]]}, "finger4joint1": {"matrix": [[0.6117203235626221, -0.2266278713941574, 0.7579168081283569, -1.500483512878418], [-0.42305970191955566, 0.715846598148346, 0.5555029511451721, -0.40156733989715576], [-0.668444812297821, -0.660456657409668, 0.34202083945274353, 0.2715396583080292], [0.0, 0.0, 0.0, 1.0]]}, "finger4joint2": {"matrix": [[0.6208859086036682, -0.5165148973464966, 0.589671790599823, -1.7256063222885132], [-0.3957332968711853, 0.4428122937679291, 0.8045569062232971, 0.30952537059783936], [-0.6766797304153442, -0.7328909635543823, 0.07053380459547043, -0.3845309019088745], [0.0, 0.0, 0.0, 1.0]]}, "finger4joint3": {"matrix": [[0.6529800891876221, -0.6122090816497803, 0.44588881731033325, -1.9410254955291748], [-0.4428999423980713, 0.16890856623649597, 0.8805162310600281, 0.49420595169067383], [-0.6143746376037598, -0.7724438905715942, -0.16085346043109894, -0.690192461013794], [0.0, 0.0, 0.0, 1.0]]}}