{"root": {"matrix": [[0.3757129907608032, -0.7371717691421509, 0.5616204142570496, -5.960464477539063e-08], [0.4078197777271271, -0.4126697778701782, -0.8144855499267578, 0.0], [0.8321795463562012, 0.5350526571273804, 0.14558778703212738, 0.0], [0.0, 0.0, 0.0, 1.0]]}, "carpals": {"matrix": [[-0.7938178181648254, -0.43548887968063354, -0.42450258135795593, 0.06496846675872803], [0.5682974457740784, -0.28264319896698, -0.7727552652359009, 0.6099154949188232], [0.21654373407363892, -0.8546706438064575, 0.47185438871383667, 2.3893027305603027], [0.0, 0.0, 0.0, 1.0]]}, "metacarpals": {"matrix": [[-0.8444475531578064, -0.5299891829490662, 0.0775856003165245, -0.3591950535774231], [0.17398375272750854, -0.4083903431892395, -0.896073043346405, 0.3346227705478668], [0.5065943598747253, -0.7431880235671997, 0.43707361817359924, 1.5568586587905884], [0.0, 0.0, 0.0, 1.0]]}, "finger5joint1": {"matrix": [[-0.7644569277763367, -0.6275603175163269, -0.1475578248500824, -0.5453883409500122], [-0.024465303868055344, 0.2569634020328522, -0.9661113619804382, 0.43965402245521545], [0.6442102789878845, -0.7349403500556946, -0.2117910087108612, 0.8640562295913696], [0.0, 0.0, 0.0, 1.0]]}, "finger5joint2": {"matrix": [[-0.27798211574554443, -0.8863407969474792, 0.3703041672706604, -1.2082629203796387], [-0.9268167018890381, 0.3487958014011383, 0.13911134004592896, 0.7110773921012878], [-0.2524607181549072, -0.30453336238861084, -0.9184347987174988, 0.0877591148018837], [0.0, 0.0, 0.0, 1.0]]}, "finger5joint3": {"matrix": [[-0.3794761002063751, -0.9071499109268188, 0.18186867237091064, -1.8174760341644287], [-0.8964539766311646, 0.40913182497024536, 0.17023804783821106, 0.9508169293403625], [-0.22883974015712738, -0.09843531996011734, -0.9684741497039795, -0.1215573400259018], [0.0, 0.0, 0.0, 1.0]]}, "Bone": {"matrix": [[0.38470888137817383, -0.9222723841667175, -0.03758411481976509, -1.1866552829742432], [0.5046647787094116, 0.24425572156906128, -0.8280413150787354, -0.3029879629611969], [0.7728597521781921, 0.2995876371860504, 0.5594056844711304, 0.39653587341308594], [0.0, 0.0, 0.0, 1.0]]}, "finger1joint1": {"matrix": [[-0.766333818435669, -0.6166765689849854, -0.18011759221553802, -1.9541590213775635], [0.2049528956413269, 0.03104235790669918, -0.9782793521881104, -0.09972137212753296], [0.6088733673095703, -0.7866040468215942, 0.10260079801082611, 0.6458489298820496], [0.0, 0.0, 0.0, 1.0]]}, "finger1joint2": {"matrix": [[-0.6626200675964355, -0.020494645461440086, -0.7486751079559326, -2.3026912212371826], [0.4924035370349884, 0.7412919998168945, -0.4560975134372711, -0.08217692375183105], [0.5643345713615417, -0.6708695292472839, -0.48110318183898926, 0.20127740502357483], [0.0, 0.0, 0.0, 1.0]]}, "finger1joint3": {"matrix": [[-0.7338336706161499, 0.36519965529441833, -0.5728151798248291, -2.311476945877075], [0.41615259647369385, 0.9081379175186157, 0.04585253447294235, 0.23560279607772827], [0.5369406938552856, -0.20473036170005798, -0.8184008002281189, -0.08631332963705063], [0.0, 0.0, 0.0, 1.0]]}, "Bone.001": {"matrix": [[0.04273108392953873, -0.9531188607215881, 0.29956337809562683, -1.1866552829742432], [0.45615702867507935, -0.24814853072166443, -0.8546010255813599, -0.3029879927635193], [0.8888725638389587, 0.17316606640815735, 0.42416810989379883, 0.39653581380844116], [0.0, 0.0, 0.0, 1.0]]}, "finger2joint1": {"matrix": [[-0.7733081579208374, -0.49812832474708557, 0.3922528624534607, -1.7908217906951904], [0.24323780834674835, -0.8044080138206482, -0.5419990420341492, -0.4602851867675781], [0.5855165123939514, -0.3237215578556061, 0.7432188391685486, 0.5063030123710632], [0.0, 0.0, 0.0, 1.0]]}, "finger2joint2": {"matrix": [[-0.8481125831604004, -0.34303343296051025, -0.4037732779979706, -2.2217769622802734], [0.21853972971439362, 0.4677468538284302, -0.8564187288284302, -1.1562180519104004], [0.48264414072036743, -0.8145799040794373, -0.32173553109169006, 0.22623559832572937], [0.0, 0.0, 0.0, 1.0]]}, "finger2joint3": {"matrix": [[-0.8423670530319214, 0.3061359226703644, -0.4435066878795624, -2.3519978523254395], [0.3463903069496155, 0.9380324482917786, -0.010422132909297943, -0.9786535501480103], [0.41283324360847473, -0.16240571439266205, -0.8962101340293884, -0.08299229294061661], [0.0, 0.0, 0.0, 1.0]]}, "Bone.002": {"matrix": [[-0.638664186000824, -0.6746033430099487, 0.3701595962047577, -1.1866554021835327], [0.16732408106327057, -0.5912901163101196, -0.7889097332954407, -0.3029879331588745], [0.7510730624198914, -0.4419116675853729, 0.49051305651664734, 0.39653584361076355], [0.0, 0.0, 0.0, 1.0]]}, "finger3joint1": {"matrix": [[-0.7190600037574768, -0.6934567093849182, -0.04550091549754143, -1.4710075855255127], [0.23546674847602844, -0.18151262402534485, -0.9547819495201111, -0.5522226691246033], [0.6538411378860474, -0.6972593069076538, 0.2938043773174286, 0.21026566624641418], [0.0, 0.0, 0.0, 1.0]]}, "finger3joint2": {"matrix": [[-0.8173516392707825, -0.25104817748069763, -0.5185661911964417, -2.0792949199676514], [0.24066250026226044, 0.6690132021903992, -0.7032089829444885, -0.7114421725273132], [0.5234671831130981, -0.6995682716369629, -0.48640114068984985, -0.4013573229312897], [0.0, 0.0, 0.0, 1.0]]}, "finger3joint3": {"matrix": [[-0.7299419045448303, 0.146049365401268, -0.6677231192588806, -2.2417430877685547], [0.38838163018226624, 0.8924993872642517, -0.22935694456100464, -0.27853694558143616], [0.5624452829360962, -0.4267486035823822, -0.7081953883171082, -0.8540341854095459], [0.0, 0.0, 0.0, 1.0]]}, "Bone.003": {"matrix": [[-0.574087917804718, 0.3620710074901581, 0.7343891859054565, -1.1866554021835327], [-0.6171042919158936, -0.7808251976966858, -0.09743890911340714, -0.3029879927635193], [0.5381497740745544, -0.5091333389282227, 0.671697735786438, 0.39653587341308594], [0.0, 0.0, 0.0, 1.0]]}, "finger4joint1": {"matrix": [[-0.7340110540390015, -0.6621736884117126, 0.15084201097488403, -1.031464695930481], [0.257779985666275, -0.477135568857193, -0.8401731252670288, -0.637664794921875], [0.628312885761261, -0.5778123140335083, 0.5209178924560547, 0.17831140756607056], [0.0, 0.0, 0.0, 1.0]]}, "finger4joint2": {"matrix": [[-0.745947539806366, -0.657852053642273, -0.10388626903295517, -1.68924081325531], [0.23050282895565033, -0.10866645723581314, -0.9669849276542664, -1.1116316318511963], [0.6248442530632019, -0.7452661395072937, 0.2326962649822235, -0.39566361904144287], [0.0, 0.0, 0.0, 1.0]]}, "finger4joint3": {"matrix": [[-0.6870814561843872, -0.657102644443512, -0.31005582213401794, -1.963606595993042], [0.2528589963912964, 0.18380975723266602, -0.9498821496963501, -1.1569523811340332], [0.6811615824699402, -0.7310467958450317, 0.039862073957920074, -0.7064864635467529], [0.0, 0.0, 0.0, 1.0]]}}