{"root": {"matrix": [[0.241029754281044, -0.9704270958900452, 0.013264087028801441, 0.0], [-0.5635510683059692, -0.1510726660490036, -0.8121497631072998, 0.0], [0.79013592004776, 0.1882772594690323, -0.5832983255386353, 0.0], [0.0, 0.0, 0.0, 1.0]]}, "carpals": {"matrix": [[0.6551059484481812, -0.31977683305740356, -0.6845281720161438, -0.4062785804271698], [0.7263219356536865, 0.017039630562067032, 0.6871432065963745, -1.3310215473175049], [-0.20806828141212463, -0.9473395347595215, 0.24342387914657593, 2.036738634109497], [0.0, 0.0, 0.0, 1.0]]}, "metacarpals": {"matrix": [[0.617655336856842, -0.6054561734199524, 0.5019208192825317, -0.7177393436431885], [0.057135242968797684, 0.6710706353187561, 0.7391883730888367, -1.314424991607666], [-0.7843706607818604, -0.4278862178325653, 0.4490834176540375, 1.1140356063842773], [0.0, 0.0, 0.0, 1.0]]}, "finger5joint1": {"matrix": [[0.882731556892395, -0.44179368019104004, 0.16001001000404358, -1.3781057596206665], [-0.006277778651565313, 0.3294161558151245, 0.9441637396812439, -1.245568871498108], [-0.4698355793952942, -0.8344476819038391, 0.2880128026008606, 0.8227458596229553], [0.0, 0.0, 0.0, 1.0]]}, "finger5joint2": {"matrix": [[0.1493683159351349, -0.41008439660072327, -0.8997330665588379, -1.8447601795196533], [0.9273238778114319, 0.3738965690135956, -0.016467571258544922, -0.8976156711578369], [0.343160480260849, -0.8318841457366943, 0.43612945079803467, -0.05865812301635742], [0.0, 0.0, 0.0, 1.0]]}, "finger5joint3": {"matrix": [[0.1597389429807663, -0.21011249721050262, -0.9645391702651978, -2.1266255378723145], [0.9576733708381653, 0.27000781893730164, 0.09978406876325607, -0.6406234502792358], [0.23946751654148102, -0.9396529793739319, 0.24435001611709595, -0.6304411888122559], [0.0, 0.0, 0.0, 1.0]]}, "Bone": {"matrix": [[0.6489509344100952, 0.42023399472236633, 0.6342443227767944, -1.6630245447158813], [-0.7142724990844727, 0.04936951398849487, 0.6981239318847656, -0.26669740676879883], [0.2620629668235779, -0.9060717225074768, 0.33220013976097107, 0.4459865391254425], [0.0, 0.0, 0.0, 1.0]]}, "finger1joint1": {"matrix": [[0.7099152207374573, -0.5103245973587036, 0.48537513613700867, -1.313310980796814], [-0.0014586644247174263, 0.6881052255630493, 0.7256091833114624, -0.22561271488666534], [-0.7042855620384216, -0.5158289670944214, 0.48775219917297363, -0.3080351650714874], [0.0, 0.0, 0.0, 1.0]]}, "finger1joint2": {"matrix": [[0.5384941101074219, -0.8041697144508362, 0.25166454911231995, -1.6017353534698486], [-0.23606856167316437, 0.1427280753850937, 0.9611971378326416, 0.16328944265842438], [-0.8088855147361755, -0.5770092010498047, -0.11298075318336487, -0.5995705127716064], [0.0, 0.0, 0.0, 1.0]]}, "finger1joint3": {"matrix": [[0.5903506278991699, -0.692906379699707, -0.41396471858024597, -1.9464696645736694], [-0.1425880640745163, -0.5943366885185242, 0.7914746999740601, 0.22447462379932404], [-0.7944526076316833, -0.4082213342189789, -0.4496670961380005, -0.8469248414039612], [0.0, 0.0, 0.0, 1.0]]}, "Bone.001": {"matrix": [[0.8228288888931274, 0.3478412926197052, 0.4493982195854187, -1.6630244255065918], [-0.5678357481956482, 0.534811794757843, 0.6257303953170776, -0.2666974365711212], [-0.022688690572977066, -0.770053505897522, 0.6375755667686462, 0.4459865391254425], [0.0, 0.0, 0.0, 1.0]]}, "finger2joint1": {"matrix": [[0.839901328086853, -0.43015381693840027, -0.33095791935920715, -1.4425334930419922], [0.01503125112503767, -0.5911223888397217, 0.8064415454864502, 0.07231101393699646], [-0.5425306558609009, -0.6823062896728516, -0.49001872539520264, -0.04213780164718628], [0.0, 0.0, 0.0, 1.0]]}, "finger2joint2": {"matrix": [[0.8245363235473633, -0.4658142924308777, -0.32118016481399536, -1.8146806955337524], [-0.11307649314403534, -0.6918575763702393, 0.7131243348121643, -0.43909794092178345], [-0.5543946623802185, -0.5516791939735413, -0.6231343746185303, -0.6324344277381897], [0.0, 0.0, 0.0, 1.0]]}, "finger2joint3": {"matrix": [[0.7910453081130981, -0.4869111180305481, -0.3703574240207672, -1.9915114641189575], [-0.2549489140510559, -0.812710165977478, 0.5239300727844238, -0.7017383575439453], [-0.5561008453369141, -0.3200303912162781, -0.7670281529426575, -0.8418608903884888], [0.0, 0.0, 0.0, 1.0]]}, "Bone.002": {"matrix": [[0.8251407146453857, -0.2687559425830841, 0.4969034194946289, -1.6630245447158813], [-0.04387735575437546, 0.8464421629905701, 0.5306694507598877, -0.26669740676879883], [-0.563220739364624, -0.45967960357666016, 0.6866418123245239, 0.4459865093231201], [0.0, 0.0, 0.0, 1.0]]}, "finger3joint1": {"matrix": [[0.835016667842865, -0.5305599570274353, -0.14578518271446228, -1.7763078212738037], [-0.04455753043293953, -0.32928913831710815, 0.9431770443916321, 0.0900864452123642], [-0.5484176278114319, -0.7810728549957275, -0.2986021041870117, 0.25222694873809814], [0.0, 0.0, 0.0, 1.0]]}, "finger3joint2": {"matrix": [[0.7456371784210205, -0.07908875495195389, -0.6616420149803162, -2.2417051792144775], [-0.13261958956718445, -0.9906808137893677, -0.031035590916872025, -0.19875991344451904], [-0.6530216932296753, 0.1108878031373024, -0.7491772174835205, -0.43291571736335754], [0.0, 0.0, 0.0, 1.0]]}, "finger3joint3": {"matrix": [[0.8414275646209717, 0.220409095287323, -0.4933755695819855, -2.292881965637207], [-0.17449796199798584, -0.7532880306243896, -0.6341193318367004, -0.8398098945617676], [-0.5114197731018066, 0.6196584105491638, -0.5953764915466309, -0.3611624240875244], [0.0, 0.0, 0.0, 1.0]]}, "Bone.003": {"matrix": [[0.6800994873046875, -0.4844544231891632, 0.5502440929412842, -1.6630244255065918], [0.6917418241500854, 0.6726380586624146, -0.26277559995651245, -0.2666974365711212], [-0.2428121566772461, 0.5593406558036804, 0.7925782203674316, 0.4459865391254425], [0.0, 0.0, 0.0, 1.0]]}, "finger4joint1": {"matrix": [[0.7492663264274597, 0.1338730901479721, 0.6485967636108398, -1.870671033859253], [-0.3726406395435333, 0.8948351740837097, 0.24578113853931427, 0.021608352661132812], [-0.5474839806556702, -0.42584893107414246, 0.7203566431999207, 0.6857308149337769], [0.0, 0.0, 0.0, 1.0]]}, "finger4joint2": {"matrix": [[0.7645229697227478, -0.5941309928894043, 0.2500254809856415, -1.737687110900879], [-0.3472146987915039, -0.052774764597415924, 0.936299204826355, 0.9105008840560913], [-0.5430895686149597, -0.8026349544525146, -0.24663831293582916, 0.26270991563796997], [0.0, 0.0, 0.0, 1.0]]}, "finger4joint3": {"matrix": [[0.8075250387191772, -0.4986813962459564, -0.31499186158180237, -1.9854769706726074], [-0.35528552532196045, -0.8375276327133179, 0.415113240480423, 0.8884905576705933], [-0.47082382440567017, -0.22330263257026672, -0.8534989356994629, -0.07203933596611023], [0.0, 0.0, 0.0, 1.0]]}}