{"root": {"matrix": [[0.3969421088695526, -0.644401490688324, -0.6535928845405579, -5.960464477539063e-08], [-0.9137226939201355, -0.21003152430057526, -0.3478470742702484, 0.0], [0.08687800168991089, 0.7352778315544128, -0.6721746325492859, 0.0], [0.0, 0.0, 0.0, 1.0]]}, "carpals": {"matrix": [[0.6985685229301453, -0.658191978931427, -0.2806869447231293, 0.34040457010269165], [0.6845911145210266, 0.5006577968597412, 0.5297889709472656, -2.232835054397583], [-0.20817473530769348, -0.5622498393058777, 0.8003363609313965, 0.991744339466095], [0.0, 0.0, 0.0, 1.0]]}, "metacarpals": {"matrix": [[0.3959421217441559, -0.6370214819908142, 0.6613874435424805, -0.3006705045700073], [0.33695295453071594, 0.7707958817481995, 0.5406810641288757, -1.7451975345611572], [-0.8542203307151794, 0.008778014220297337, 0.5198369026184082, 0.44411641359329224], [0.0, 0.0, 0.0, 1.0]]}, "finger5joint1": {"matrix": [[0.7325491905212402, -0.6500455737113953, 0.2020205408334732, -1.005746603012085], [0.2209465503692627, 0.5077680349349976, 0.8326786756515503, -1.5868701934814453], [-0.643858790397644, -0.5653424263000488, 0.515590488910675, 0.38516801595687866], [0.0, 0.0, 0.0, 1.0]]}, "finger5joint2": {"matrix": [[0.17513765394687653, -0.5342100858688354, -0.8270103335380554, -1.6923718452453613], [0.8509736657142639, 0.5045858025550842, -0.14572660624980927, -1.050528883934021], [0.4951465427875519, -0.6782417893409729, 0.5429708957672119, -0.21198755502700806], [0.0, 0.0, 0.0, 1.0]]}, "finger5joint3": {"matrix": [[0.16976499557495117, -0.38369569182395935, -0.9077208042144775, -2.0595531463623047], [0.9010896682739258, 0.4333837628364563, -0.014667589217424393, -0.7037093639373779], [0.3990195691585541, -0.815447986125946, 0.4193177819252014, -0.6781668663024902], [0.0, 0.0, 0.0, 1.0]]}, "Bone": {"matrix": [[0.6322899460792542, 0.17380540072917938, 0.7549840807914734, -1.2952377796173096], [-0.7524296045303345, 0.369905948638916, 0.5449943542480469, -0.5417711138725281], [-0.18455010652542114, -0.9126670360565186, 0.3646641969680786, 0.4578213393688202], [0.0, 0.0, 0.0, 1.0]]}, "finger1joint1": {"matrix": [[0.6248202919960022, -0.7164511680603027, 0.31031787395477295, -1.1505992412567139], [0.14940115809440613, 0.4998185932636261, 0.8531472086906433, -0.23393994569778442], [-0.7663411498069763, -0.486702024936676, 0.4193354845046997, -0.30168887972831726], [0.0, 0.0, 0.0, 1.0]]}, "finger1joint2": {"matrix": [[0.5148769617080688, -0.8301844000816345, 0.21376504004001617, -1.5555217266082764], [-0.12746647000312805, 0.172446608543396, 0.9767364263534546, 0.048546694219112396], [-0.8477345705032349, -0.530147135257721, -0.017031891271471977, -0.576762318611145], [0.0, 0.0, 0.0, 1.0]]}, "finger1joint3": {"matrix": [[0.5639870762825012, -0.7910627126693726, -0.23693524301052094, -1.9114081859588623], [-0.034134391695261, -0.3090091347694397, 0.9504461288452148, 0.12247171998023987], [-0.8250778317451477, -0.5279517769813538, -0.2012796550989151, -0.8040276765823364], [0.0, 0.0, 0.0, 1.0]]}, "Bone.001": {"matrix": [[0.7381433248519897, 0.18017029762268066, 0.650140643119812, -1.2952378988265991], [-0.5130776762962341, 0.7756544947624207, 0.3675743639469147, -0.5417711138725281], [-0.4380585551261902, -0.6048953533172607, 0.664985716342926, 0.4578213393688202], [0.0, 0.0, 0.0, 1.0]]}, "finger2joint1": {"matrix": [[0.534248948097229, -0.3056906759738922, 0.7881187200546265, -1.1810308694839478], [0.13688960671424866, 0.9513038396835327, 0.27619147300720215, -0.05009639263153076], [-0.8341696262359619, -0.03966975957155228, 0.5500791072845459, 0.07438807189464569], [0.0, 0.0, 0.0, 1.0]]}, "finger2joint2": {"matrix": [[0.4292881190776825, -0.7234280109405518, 0.54070645570755, -1.4454987049102783], [0.19624486565589905, 0.6590888500213623, 0.72600919008255, 0.7729231119155884], [-0.8815891742706299, -0.20555631816387177, 0.4249081313610077, 0.040067821741104126], [0.0, 0.0, 0.0, 1.0]]}, "finger2joint3": {"matrix": [[0.2934373915195465, -0.9488043189048767, 0.11689582467079163, -1.7201240062713623], [0.20488426089286804, 0.18185460567474365, 0.9617436528205872, 1.023124098777771], [-0.9337647557258606, -0.2582615315914154, 0.24775806069374084, -0.03796473145484924], [0.0, 0.0, 0.0, 1.0]]}, "Bone.002": {"matrix": [[0.6443821787834167, -0.3065451681613922, 0.7005723714828491, -1.29523766040802], [0.16735707223415375, 0.9504588842391968, 0.26195257902145386, -0.5417711138725281], [-0.7461656332015991, -0.05155180022120476, 0.6637613773345947, 0.4578213393688202], [0.0, 0.0, 0.0, 1.0]]}, "finger3joint1": {"matrix": [[0.46022558212280273, -0.8735820055007935, -0.1582619696855545, -1.4244496822357178], [0.25919830799102783, -0.038283150643110275, 0.9650648832321167, -0.14114315807819366], [-0.8491223454475403, -0.48516881465911865, 0.2088121622800827, 0.43609172105789185], [0.0, 0.0, 0.0, 1.0]]}, "finger3joint2": {"matrix": [[0.32209140062332153, -0.21416383981704712, -0.9221665263175964, -2.190739631652832], [0.212248757481575, -0.9329443573951721, 0.29080045223236084, -0.17472445964813232], [-0.9226090908050537, -0.28939303755760193, -0.2550373375415802, 0.010510608553886414], [0.0, 0.0, 0.0, 1.0]]}, "finger3joint3": {"matrix": [[0.46155187487602234, 0.33255597949028015, -0.8224210143089294, -2.3293209075927734], [0.11377152055501938, -0.9416098594665527, -0.31690165400505066, -0.7784143686294556], [-0.8797873854637146, 0.052698418498039246, -0.47243720293045044, -0.17674994468688965], [0.0, 0.0, 0.0, 1.0]]}, "Bone.003": {"matrix": [[0.649627149105072, -0.2647438645362854, 0.71266770362854, -1.2952377796173096], [0.7416081428527832, 0.42700305581092834, -0.5173832178115845, -0.5417710542678833], [-0.16733720898628235, 0.8646265268325806, 0.47372907400131226, 0.4578213095664978], [0.0, 0.0, 0.0, 1.0]]}, "finger4joint1": {"matrix": [[0.6734006404876709, -0.23354430496692657, 0.7014188766479492, -1.4087121486663818], [-0.17565979063510895, 0.8710688948631287, 0.4586740732192993, -0.35874927043914795], [-0.718105137348175, -0.4320826232433319, 0.5455542206764221, 0.8284170627593994], [0.0, 0.0, 0.0, 1.0]]}, "finger4joint2": {"matrix": [[0.68128901720047, -0.6509629487991333, 0.33480191230773926, -1.6407055854797363], [-0.1467561423778534, 0.32662126421928406, 0.9336918592453003, 0.5065348744392395], [-0.7171524167060852, -0.6852484345436096, 0.12699076533317566, 0.3992038667201996], [0.0, 0.0, 0.0, 1.0]]}, "finger4joint3": {"matrix": [[0.7280721664428711, -0.6854497790336609, -0.008322322741150856, -1.9121980667114258], [-0.18704181909561157, -0.21032312512397766, 0.9595721960067749, 0.642756462097168], [-0.659489095211029, -0.697081446647644, -0.2813382148742676, 0.11341215670108795], [0.0, 0.0, 0.0, 1.0]]}}