{"root": {"matrix": [[0.42372798919677734, -0.9032953977584839, 0.06717146188020706, 0.0], [0.2746158838272095, 0.05744389444589615, -0.9598366022109985, 3.725290298461914e-09], [0.8631574511528015, 0.42515599727630615, 0.27239975333213806, 0.0], [0.0, 0.0, 0.0, 1.0]]}, "carpals": {"matrix": [[0.37621113657951355, -0.39962562918663025, -0.8359212279319763, 0.06653770804405212], [0.7489961385726929, -0.3999130129814148, 0.5282748341560364, 0.7851746082305908], [-0.5454078316688538, -0.8248446583747864, 0.1488664597272873, 2.3375327587127686], [0.0, 0.0, 0.0, 1.0]]}, "metacarpals": {"matrix": [[0.5448909997940063, -0.824339747428894, -0.1534847766160965, -0.32269513607025146], [0.22216175496578217, -0.03457451984286308, 0.9743965864181519, 0.39566171169281006], [-0.8085404634475708, -0.56503826379776, 0.16429753601551056, 1.5341389179229736], [0.0, 0.0, 0.0, 1.0]]}, "finger5joint1": {"matrix": [[0.461062490940094, -0.8645482659339905, -0.1999436616897583, -0.8255915641784668], [0.25386297702789307, -0.08739348500967026, 0.963283896446228, -0.06388577073812485], [-0.8502792119979858, -0.4948922097682953, 0.17918306589126587, 1.285973310470581], [0.0, 0.0, 0.0, 1.0]]}, "finger5joint2": {"matrix": [[-0.12351202964782715, -0.5885894298553467, -0.7989410161972046, -1.7387900352478027], [0.9521085023880005, 0.15663957595825195, -0.2625892758369446, -0.15619708597660065], [0.27970319986343384, -0.793111264705658, 0.541054368019104, 0.763232409954071], [0.0, 0.0, 0.0, 1.0]]}, "finger5joint3": {"matrix": [[-0.1337474286556244, -0.13193032145500183, -0.982194185256958, -2.143348217010498], [0.9755799174308777, 0.15671372413635254, -0.15389692783355713, -0.04853321239352226], [0.17422711849212646, -0.9787923097610474, 0.10774875432252884, 0.21809925138950348], [0.0, 0.0, 0.0, 1.0]]}, "Bone": {"matrix": [[0.9086032509803772, 0.41753488779067993, -0.010220170952379704, -1.6097184419631958], [-0.014056533575057983, 0.055026669055223465, 0.9983858466148376, 0.34168127179145813], [0.41742318868637085, -0.9069930911064148, 0.05586661398410797, 0.6519573926925659], [0.0, 0.0, 0.0, 1.0]]}, "finger1joint1": {"matrix": [[0.7342389822006226, -0.672853946685791, 0.09033456444740295, -1.2622511386871338], [0.27091729640960693, 0.4124067723751068, 0.8697841167449951, 0.38747382164001465], [-0.6224923729896545, -0.6141560673713684, 0.48509302735328674, -0.10283106565475464], [0.0, 0.0, 0.0, 1.0]]}, "finger1joint2": {"matrix": [[0.685181736946106, -0.7216184139251709, 0.09895753860473633, -1.642533540725708], [-0.015061656944453716, 0.12179494649171829, 0.9924409985542297, 0.6205571889877319], [-0.7282163500785828, -0.681492805480957, 0.07258305698633194, -0.44993874430656433], [0.0, 0.0, 0.0, 1.0]]}, "finger1joint3": {"matrix": [[0.7176911234855652, -0.640121579170227, -0.2741597294807434, -1.9518792629241943], [0.08106516301631927, -0.31422585248947144, 0.9458808302879333, 0.6727686524391174], [-0.6916269659996033, -0.70107501745224, -0.17362534999847412, -0.7420834302902222], [0.0, 0.0, 0.0, 1.0]]}, "Bone.001": {"matrix": [[0.9883385300636292, 0.03457968682050705, -0.14829304814338684, -1.6097184419631958], [0.12321963161230087, 0.3905467391014099, 0.9122992753982544, 0.34168124198913574], [0.08946233242750168, -0.9199331402778625, 0.38173162937164307, 0.6519573926925659], [0.0, 0.0, 0.0, 1.0]]}, "finger2joint1": {"matrix": [[0.7401167750358582, -0.4053492546081543, -0.5365806221961975, -1.587798833847046], [0.3031664788722992, -0.5111115574836731, 0.8042729496955872, 0.5892424583435059], [-0.6002640128135681, -0.7579292058944702, -0.2553938031196594, 0.06882679462432861], [0.0, 0.0, 0.0, 1.0]]}, "finger2joint2": {"matrix": [[0.7468346357345581, -0.36269333958625793, -0.5573968887329102, -1.9384863376617432], [0.180076003074646, -0.696566641330719, 0.694526731967926, 0.14705485105514526], [-0.6401644349098206, -0.6190704107284546, -0.4549075961112976, -0.5868948698043823], [0.0, 0.0, 0.0, 1.0]]}, "finger2joint3": {"matrix": [[0.7471036314964294, -0.2791074812412262, -0.6032700538635254, -2.0761706829071045], [0.03621011599898338, -0.8891356587409973, 0.456208735704422, -0.11737328767776489], [-0.6637203097343445, -0.36267974972724915, -0.6541699171066284, -0.8219041228294373], [0.0, 0.0, 0.0, 1.0]]}, "Bone.002": {"matrix": [[0.7347309589385986, -0.6757975816726685, -0.05888824164867401, -1.6097183227539062], [0.346263587474823, 0.29897376894950867, 0.889222264289856, 0.34168124198913574], [-0.5833282470703125, -0.6737297773361206, 0.4536694586277008, 0.6519573926925659], [0.0, 0.0, 0.0, 1.0]]}, "finger3joint1": {"matrix": [[0.6247561573982239, -0.44715002179145813, -0.6401066184043884, -1.8945739269256592], [0.2275606393814087, -0.6799307465553284, 0.6970726847648621, 0.46770167350769043], [-0.7469243407249451, -0.5811634063720703, -0.32303690910339355, 0.36797356605529785], [0.0, 0.0, 0.0, 1.0]]}, "finger3joint2": {"matrix": [[0.5705472826957703, -0.0048773945309221745, -0.8212502598762512, -2.2868056297302246], [0.08997054398059845, -0.9935924410820007, 0.06840603798627853, -0.12872099876403809], [-0.8163216710090637, -0.11291728913784027, -0.5664523839950562, -0.141812264919281], [0.0, 0.0, 0.0, 1.0]]}, "finger3joint3": {"matrix": [[0.6995721459388733, 0.21173563599586487, -0.6824710369110107, -2.289961576461792], [0.02777719683945179, -0.9624264240264893, -0.2701182961463928, -0.7716550230979919], [-0.7140218615531921, 0.17000994086265564, -0.6791679263114929, -0.21487882733345032], [0.0, 0.0, 0.0, 1.0]]}, "Bone.003": {"matrix": [[0.11119424551725388, -0.8753076195716858, 0.4706084728240967, -1.6097183227539062], [0.8636110424995422, 0.3194226622581482, 0.3900579512119293, 0.34168127179145813], [-0.4917434751987457, 0.36305058002471924, 0.7914431691169739, 0.6519573926925659], [0.0, 0.0, 0.0, 1.0]]}, "finger4joint1": {"matrix": [[0.9805393218994141, -0.16516977548599243, 0.10611894726753235, -1.9848922491073608], [0.0026388594415038824, 0.5515745878219604, 0.8341212868690491, 0.4785920977592468], [-0.1963043212890625, -0.8176085948944092, 0.5412765145301819, 0.8075680136680603], [0.0, 0.0, 0.0, 1.0]]}, "finger4joint2": {"matrix": [[0.9783616662025452, -0.17990460991859436, -0.102187380194664, -2.1489651203155518], [0.03138851001858711, -0.35912051796913147, 0.9327631592750549, 1.026503562927246], [-0.20450614392757416, -0.9157872796058655, -0.3457026183605194, -0.004610925912857056], [0.0, 0.0, 0.0, 1.0]]}, "finger4joint3": {"matrix": [[0.9913201332092285, 0.11033470183610916, -0.07148480415344238, -2.223996639251709], [0.047483690083026886, -0.8075280785560608, -0.5879146456718445, 0.876727819442749], [-0.12259352952241898, 0.5794170498847961, -0.8057580590248108, -0.38655179738998413], [0.0, 0.0, 0.0, 1.0]]}}