{"root": {"matrix": [[0.5118270516395569, -0.8590874671936035, 0.0013548462884500623, 0.0], [-0.18335840106010437, -0.1107817068696022, -0.9767840504646301, -7.450580596923828e-09], [0.8392930030822754, 0.4996960759162903, -0.2142220437526703, -2.9802322387695312e-08], [0.0, 0.0, 0.0, 1.0]]}, "carpals": {"matrix": [[0.2572995126247406, -0.6637743711471558, -0.702282190322876, 0.3164423406124115], [0.8977059721946716, -0.10479816049337387, 0.42794984579086304, -0.4132789373397827], [-0.35765987634658813, -0.7405542731285095, 0.5689099431037903, 2.411234140396118], [0.0, 0.0, 0.0, 1.0]]}, "metacarpals": {"matrix": [[0.5447215437889099, -0.8385130167007446, -0.013197226449847221, -0.33006978034973145], [0.47099846601486206, 0.2928774654865265, 0.8320955634117126, -0.5153517127037048], [-0.6938577890396118, -0.45947617292404175, 0.5544751882553101, 1.6899386644363403], [0.0, 0.0, 0.0, 1.0]]}, "finger5joint1": {"matrix": [[0.7363672852516174, -0.662670373916626, -0.13649539649486542, -0.8987345695495605], [0.4508058428764343, 0.3301159739494324, 0.8293354511260986, -0.7731567025184631], [-0.5045167207717896, -0.6722283363342285, 0.5418224930763245, 1.3213847875595093], [0.0, 0.0, 0.0, 1.0]]}, "finger5joint2": {"matrix": [[-0.12560708820819855, -0.617374837398529, -0.7765762805938721, -1.5986950397491455], [0.7924906611442566, 0.4084569215774536, -0.4529028832912445, -0.42446431517601013], [0.5968091487884521, -0.6723170876502991, 0.4379587471485138, 0.611328661441803], [0.0, 0.0, 0.0, 1.0]]}, "finger5joint3": {"matrix": [[-0.139748677611351, -0.4437102675437927, -0.8852067589759827, -2.023038387298584], [0.8508883118629456, 0.4034007489681244, -0.336535781621933, -0.14371755719184875], [0.5064177513122559, -0.80024254322052, 0.3211732506752014, 0.1492215394973755], [0.0, 0.0, 0.0, 1.0]]}, "Bone": {"matrix": [[0.9106644988059998, 0.3926379680633545, 0.12855087220668793, -1.6392215490341187], [-0.2859203517436981, 0.3743443191051483, 0.8821086287498474, -0.05808869004249573], [0.2982269823551178, -0.8400604128837585, 0.4531654417514801, 0.9725688695907593], [0.0, 0.0, 0.0, 1.0]]}, "finger1joint1": {"matrix": [[0.754058301448822, -0.5339730381965637, 0.38245072960853577, -1.3124730587005615], [0.4025872051715851, 0.8358379602432251, 0.3732268214225769, 0.25343602895736694], [-0.5189599990844727, -0.12746483087539673, 0.8452414274215698, 0.27348092198371887], [0.0, 0.0, 0.0, 1.0]]}, "finger1joint2": {"matrix": [[0.6123414039611816, -0.6751880645751953, 0.411289244890213, -1.6142630577087402], [0.25304150581359863, 0.6602421402931213, 0.7071422338485718, 0.725833535194397], [-0.749004602432251, -0.3289390504360199, 0.5751444101333618, 0.20144057273864746], [0.0, 0.0, 0.0, 1.0]]}, "finger1joint3": {"matrix": [[0.675201952457428, -0.7376185655593872, 0.004573571030050516, -1.90370512008667], [0.29896143078804016, 0.2793210446834564, 0.9124700427055359, 1.0088684558868408], [-0.6743325591087341, -0.6147341728210449, 0.4091178774833679, 0.06042979657649994], [0.0, 0.0, 0.0, 1.0]]}, "Bone.001": {"matrix": [[0.9982037544250488, 0.05910193920135498, -0.009790904819965363, -1.639221429824829], [-0.03628230094909668, 0.7264750003814697, 0.6862342357635498, -0.05808869004249573], [0.04767059162259102, -0.6846463084220886, 0.7273146510124207, 0.9725688695907593], [0.0, 0.0, 0.0, 1.0]]}, "finger2joint1": {"matrix": [[0.8258437514305115, -0.3352625072002411, -0.4534101188182831, -1.6017577648162842], [0.4544730484485626, -0.08027362078428268, 0.887135922908783, 0.40241193771362305], [-0.33382025361061096, -0.9386985301971436, 0.08607453107833862, 0.5385828018188477], [0.0, 0.0, 0.0, 1.0]]}, "finger2joint2": {"matrix": [[0.8304940462112427, -0.3545808494091034, -0.42959487438201904, -1.8918097019195557], [0.3614162802696228, -0.24384300410747528, 0.8999547958374023, 0.3329632878303528], [-0.42386049032211304, -0.9026697874069214, -0.07435869425535202, -0.2735312879085541], [0.0, 0.0, 0.0, 1.0]]}, "finger2joint3": {"matrix": [[0.8193851113319397, -0.35602810978889465, -0.4492790699005127, -2.026414394378662], [0.24919404089450836, -0.48459815979003906, 0.8384907245635986, 0.24039648473262787], [-0.5162461400032043, -0.7990046143531799, -0.3083522617816925, -0.6161996126174927], [0.0, 0.0, 0.0, 1.0]]}, "Bone.002": {"matrix": [[0.7567200064659119, -0.6490925550460815, 0.07780423015356064, -1.639221429824829], [0.46974456310272217, 0.6226481795310974, 0.6258187890052795, -0.058088675141334534], [-0.45465895533561707, -0.43702125549316406, 0.7760782241821289, 0.9725688695907593], [0.0, 0.0, 0.0, 1.0]]}, "finger3joint1": {"matrix": [[0.6264552474021912, -0.47840166091918945, -0.6153743267059326, -1.9128203392028809], [0.44166332483291626, -0.43265318870544434, 0.7859672904014587, 0.20436377823352814], [-0.6422517895698547, -0.7641616463661194, -0.05974511802196503, 0.7883599996566772], [0.0, 0.0, 0.0, 1.0]]}, "finger3joint2": {"matrix": [[0.5663226842880249, 0.04006890207529068, -0.8232089877128601, -2.332465410232544], [0.33686813712120056, -0.9228297472000122, 0.18682876229286194, -0.17515158653259277], [-0.7521957159042358, -0.3831184208393097, -0.5361172556877136, 0.11805149912834167], [0.0, 0.0, 0.0, 1.0]]}, "finger3joint3": {"matrix": [[0.6979723572731018, 0.26269784569740295, -0.6662014126777649, -2.3065378665924072], [0.2544466257095337, -0.9605574607849121, -0.11218802630901337, -0.7722965478897095], [-0.6693963408470154, -0.0912088081240654, -0.7372850775718689, -0.1298568844795227], [0.0, 0.0, 0.0, 1.0]]}, "Bone.003": {"matrix": [[0.21319186687469482, -0.81147301197052, 0.5441145300865173, -1.639221429824829], [0.9707368612289429, 0.238943412899971, -0.023996708914637566, -0.05808868631720543], [-0.11053966730833054, 0.5333080887794495, 0.8386675715446472, 0.9725688695907593], [0.0, 0.0, 0.0, 1.0]]}, "finger4joint1": {"matrix": [[0.9852349162101746, -0.09591300785541534, 0.1418185979127884, -1.9870346784591675], [-0.01849464327096939, 0.763873815536499, 0.6451002955436707, 0.04432713985443115], [-0.17020516097545624, -0.6381980776786804, 0.750821590423584, 1.2011550664901733], [0.0, 0.0, 0.0, 1.0]]}, "finger4joint2": {"matrix": [[0.9853321313858032, -0.169841006398201, -0.01655842922627926, -2.082310676574707], [0.011481045745313168, -0.03083493560552597, 0.999458372592926, 0.8031280636787415], [-0.17025971412658691, -0.9849887490272522, -0.028432384133338928, 0.5671952366828918], [0.0, 0.0, 0.0, 1.0]]}, "finger4joint3": {"matrix": [[0.996176540851593, -0.07109450548887253, -0.05076782777905464, -2.1531450748443604], [-0.0006174547597765923, -0.5868496894836426, 0.8096954226493835, 0.7902679443359375], [-0.08735809475183487, -0.8065686225891113, -0.5846496820449829, 0.15639300644397736], [0.0, 0.0, 0.0, 1.0]]}}