{"root": {"matrix": [[0.34454217553138733, -0.6799604296684265, -0.6472591757774353, -5.960464477539063e-08], [-0.9345133304595947, -0.18283315002918243, -0.3053798973560333, 0.0], [0.08930574357509613, 0.7100886106491089, -0.698425829410553, -5.960464477539063e-08], [0.0, 0.0, 0.0, 1.0]]}, "carpals": {"matrix": [[0.420779287815094, -0.8671992421150208, -0.26628947257995605, 0.18638575077056885], [0.8586950898170471, 0.28608694672584534, 0.42520177364349365, -2.258004665374756], [-0.29255273938179016, -0.4075776934623718, 0.8650394082069397, 0.9755303263664246], [0.0, 0.0, 0.0, 1.0]]}, "metacarpals": {"matrix": [[0.52616286277771, -0.6365106105804443, 0.563920795917511, -0.6582611799240112], [0.2480749487876892, 0.7491816878318787, 0.6141541004180908, -1.9793579578399658], [-0.8133949041366577, -0.1832505315542221, 0.552094042301178, 0.5785521268844604], [0.0, 0.0, 0.0, 1.0]]}, "finger5joint1": {"matrix": [[0.6027830839157104, -0.45850783586502075, 0.6530107259750366, -1.345800518989563], [0.1343371868133545, 0.8650416135787964, 0.4833798110485077, -1.8479945659637451], [-0.7865150570869446, -0.2036495953798294, 0.5830272436141968, 0.3895859718322754], [0.0, 0.0, 0.0, 1.0]]}, "finger5joint2": {"matrix": [[0.6556411385536194, -0.36312612891197205, -0.6620224714279175, -1.8301094770431519], [0.429790198802948, 0.9003487229347229, -0.06820324808359146, -0.9342749118804932], [0.6208177208900452, -0.23981384932994843, 0.7463740110397339, 0.17447654902935028], [0.0, 0.0, 0.0, 1.0]]}, "finger5joint3": {"matrix": [[0.6543264389038086, -0.29680225253105164, -0.6955321431159973, -2.0796988010406494], [0.5150657892227173, 0.8483457565307617, 0.12253957241773605, -0.3154337406158447], [0.5536819100379944, -0.438425749540329, 0.70796799659729, 0.009644076228141785], [0.0, 0.0, 0.0, 1.0]]}, "Bone": {"matrix": [[0.6601443290710449, 0.31614959239959717, 0.6813653111457825, -1.6520309448242188], [-0.7510953545570374, 0.268106609582901, 0.6033027768135071, -0.8096773028373718], [0.00805544015020132, -0.9100374579429626, 0.4144476056098938, 0.29244717955589294], [0.0, 0.0, 0.0, 1.0]]}, "finger1joint1": {"matrix": [[0.616131067276001, -0.7834967970848083, 0.08071617782115936, -1.3889350891113281], [0.1544874906539917, 0.22069844603538513, 0.9630292654037476, -0.5865622758865356], [-0.7723444700241089, -0.5808827877044678, 0.25701963901519775, -0.4648747742176056], [0.0, 0.0, 0.0, 1.0]]}, "finger1joint2": {"matrix": [[0.5778470039367676, -0.6590880751609802, -0.48134779930114746, -1.831750512123108], [-0.15049459040164948, -0.6657167673110962, 0.7308708429336548, -0.4618283212184906], [-0.8021497130393982, -0.3498913645744324, -0.483871728181839, -0.7931771278381348], [0.0, 0.0, 0.0, 1.0]]}, "finger1joint3": {"matrix": [[0.5499175190925598, -0.2985292077064514, -0.7800454497337341, -2.114290714263916], [-0.05117836594581604, -0.9442301988601685, 0.32528409361839294, -0.7472101449966431], [-0.8336495161056519, -0.13895799219608307, -0.534527063369751, -0.9431697726249695], [0.0, 0.0, 0.0, 1.0]]}, "Bone.001": {"matrix": [[0.8036234974861145, 0.2691832184791565, 0.5307819247245789, -1.6520308256149292], [-0.5393955707550049, 0.7062987089157104, 0.45846933126449585, -0.809677243232727], [-0.25147828459739685, -0.6547382473945618, 0.7127946615219116, 0.29244717955589294], [0.0, 0.0, 0.0, 1.0]]}, "finger2joint1": {"matrix": [[0.5888354182243347, -0.16398239135742188, 0.7914432287216187, -1.4814001321792603], [0.13916431367397308, 0.9851481318473816, 0.1005784198641777, -0.3619661033153534], [-0.7961820363998413, 0.05091650038957596, 0.6029108166694641, -0.12258071452379227], [0.0, 0.0, 0.0, 1.0]]}, "finger2joint2": {"matrix": [[0.49592405557632446, -0.4504357576370239, 0.7424060702323914, -1.6232692003250122], [0.2177899330854416, 0.8921379446983337, 0.39579910039901733, 0.4903337359428406], [-0.840610921382904, -0.03459778055548668, 0.540533185005188, -0.07853035628795624], [0.0, 0.0, 0.0, 1.0]]}, "finger2joint3": {"matrix": [[0.3726543188095093, -0.7916796207427979, 0.4841196835041046, -1.794262170791626], [0.28243574500083923, 0.5937092304229736, 0.7534844875335693, 0.8290039300918579], [-0.8839448690414429, -0.14405663311481476, 0.444847047328949, -0.09166423231363297], [0.0, 0.0, 0.0, 1.0]]}, "Bone.002": {"matrix": [[0.7552514672279358, -0.3021526336669922, 0.5816347599029541, -1.6520308256149292], [0.0987071841955185, 0.9297148585319519, 0.3548053205013275, -0.8096773028373718], [-0.6479598879814148, -0.21055571734905243, 0.7319932579994202, 0.29244714975357056], [0.0, 0.0, 0.0, 1.0]]}, "finger3joint1": {"matrix": [[0.8566819429397583, 0.12434893846511841, 0.5006330013275146, -1.7793912887573242], [-0.47741183638572693, 0.5587148070335388, 0.6781705617904663, -0.4177931547164917], [-0.19538138806819916, -0.8199847340583801, 0.538006603717804, 0.20369577407836914], [0.0, 0.0, 0.0, 1.0]]}, "finger3joint2": {"matrix": [[0.8454927206039429, -0.5284772515296936, 0.07651055604219437, -1.6703146696090698], [-0.40900465846061707, -0.5488026738166809, 0.7290614247322083, 0.07230114936828613], [-0.34330326318740845, -0.647709310054779, -0.6801584362983704, -0.5155797004699707], [0.0, 0.0, 0.0, 1.0]]}, "finger3joint3": {"matrix": [[0.7933094501495361, -0.6004548668861389, -0.10056869685649872, -2.012281894683838], [-0.5524994134902954, -0.7794228792190552, 0.29537108540534973, -0.2828182280063629], [-0.2557426393032074, -0.17875656485557556, -0.9500745534896851, -0.9346995949745178], [0.0, 0.0, 0.0, 1.0]]}, "Bone.003": {"matrix": [[0.6618762016296387, -0.40482231974601746, 0.6309031844139099, -1.6520308256149292], [0.7350919842720032, 0.515373706817627, -0.44048771262168884, -0.809677243232727], [-0.14683160185813904, 0.7553202509880066, 0.6386953592300415, 0.29244714975357056], [0.0, 0.0, 0.0, 1.0]]}, "finger4joint1": {"matrix": [[0.6750370264053345, 0.11826131492853165, 0.7282438278198242, -1.8255455493927002], [-0.23752298951148987, 0.9693524837493896, 0.06275364756584167, -0.5887781381607056], [-0.6985037922859192, -0.21533571183681488, 0.6824387907981873, 0.616192102432251], [0.0, 0.0, 0.0, 1.0]]}, "finger4joint2": {"matrix": [[0.6915071606636047, -0.49418604373931885, 0.5268754959106445, -1.7080696821212769], [-0.21398386359214783, 0.5564994812011719, 0.8028191328048706, 0.37413689494132996], [-0.6899480819702148, -0.6678982377052307, 0.2790757119655609, 0.40228644013404846], [0.0, 0.0, 0.0, 1.0]]}, "finger4joint3": {"matrix": [[0.7224118113517761, -0.6806670427322388, 0.12170978635549545, -1.914176344871521], [-0.2712239921092987, -0.1170278936624527, 0.9553749561309814, 0.606232225894928], [-0.6360489130020142, -0.7231850624084473, -0.2691555917263031, 0.12373088300228119], [0.0, 0.0, 0.0, 1.0]]}}