{"root": {"matrix": [[0.47776323556900024, -0.4696764051914215, -0.7423923015594482, 0.0], [-0.7442730069160461, 0.23253481090068817, -0.6260872483253479, 0.0], [0.46669042110443115, 0.8516640663146973, -0.2384709268808365, 0.0], [0.0, 0.0, 0.0, 1.0]]}, "carpals": {"matrix": [[0.5642507076263428, -0.8253587484359741, 0.02009987272322178, 0.7041866183280945], [0.3359590768814087, 0.2517787218093872, 0.907600462436676, -1.3851563930511475], [-0.7541567087173462, -0.5053614974021912, 0.41935327649116516, 1.9158411026000977], [0.0, 0.0, 0.0, 1.0]]}, "metacarpals": {"matrix": [[0.22829553484916687, -0.6425936222076416, 0.7314057946205139, -0.09970784187316895], [-0.5580609440803528, 0.5292127132415771, 0.6391412019729614, -1.139925479888916], [-0.797777533531189, -0.5540820956230164, -0.23778945207595825, 1.4236221313476562], [0.0, 0.0, 0.0, 1.0]]}, "finger5joint1": {"matrix": [[0.4044058620929718, -0.7179327607154846, 0.5665936470031738, -0.8073508739471436], [-0.5604751110076904, 0.2950088679790497, 0.7738455533981323, -1.0029213428497314], [-0.7227194309234619, -0.6305093765258789, -0.2830800712108612, 1.3452260494232178], [0.0, 0.0, 0.0, 1.0]]}, "finger5joint2": {"matrix": [[0.5758170485496521, -0.6184006929397583, -0.5348036289215088, -1.5656834840774536], [0.7784045934677124, 0.21461479365825653, 0.5899374485015869, -0.6913116574287415], [-0.2500409781932831, -0.7559896111488342, 0.6049451231956482, 0.6792363524436951], [0.0, 0.0, 0.0, 1.0]]}, "finger5joint3": {"matrix": [[0.5441373586654663, -0.5619733929634094, -0.6229767799377441, -1.990731954574585], [0.7613763213157654, 0.01882978156208992, 0.6480361223220825, -0.5437994003295898], [-0.35244855284690857, -0.8269405364990234, 0.4381195306777954, 0.15961821377277374], [0.0, 0.0, 0.0, 1.0]]}, "Bone": {"matrix": [[0.6059582233428955, -0.001421565655618906, 0.7954950928688049, -1.1029748916625977], [-0.6611955761909485, -0.5569117665290833, 0.5026621222496033, -0.31367748975753784], [0.4423059821128845, -0.8305703997612, -0.33840519189834595, 0.5585461854934692], [0.0, 0.0, 0.0, 1.0]]}, "finger1joint1": {"matrix": [[0.3281135857105255, -0.8759189248085022, 0.35370516777038574, -1.1041579246520996], [-0.6092097163200378, 0.0899522677063942, 0.787890613079071, -0.7771325707435608], [-0.7219451665878296, -0.4739983081817627, -0.5041037201881409, -0.13264420628547668], [0.0, 0.0, 0.0, 1.0]]}, "finger1joint2": {"matrix": [[0.2222982496023178, -0.9301155209541321, -0.2923501133918762, -1.5992083549499512], [-0.8218384385108948, -0.3400874435901642, 0.45707961916923523, -0.7262934446334839], [-0.5245617032051086, 0.13865652680397034, -0.8400055170059204, -0.4005378186702728], [0.0, 0.0, 0.0, 1.0]]}, "finger1joint3": {"matrix": [[0.22552092373371124, -0.6234288215637207, -0.7486499547958374, -1.9979336261749268], [-0.7582904100418091, -0.5947875380516052, 0.266876757144928, -0.8720834255218506], [-0.6116666197776794, 0.5075076818466187, -0.6068771481513977, -0.34109801054000854], [0.0, 0.0, 0.0, 1.0]]}, "Bone.001": {"matrix": [[0.6590564250946045, 0.050798192620277405, 0.7503758668899536, -1.1029748916625977], [-0.7464380860328674, -0.07794061303138733, 0.6608743071556091, -0.31367745995521545], [0.09205592423677444, -0.9956628680229187, -0.013449471443891525, 0.5585461854934692], [0.0, 0.0, 0.0, 1.0]]}, "finger2joint1": {"matrix": [[0.7628059387207031, -0.566796600818634, 0.31123700737953186, -1.070774793624878], [-0.5501503944396973, -0.31594178080558777, 0.7729908227920532, -0.3630827069282532], [-0.33979594707489014, -0.7608693838119507, -0.5528256893157959, -0.07258814573287964], [0.0, 0.0, 0.0, 1.0]]}, "finger2joint2": {"matrix": [[0.6763843297958374, -0.7246571779251099, 0.13181835412979126, -1.5611382722854614], [-0.6455376148223877, -0.4970601797103882, 0.5798377990722656, -0.636419415473938], [-0.3546621799468994, -0.4772869944572449, -0.803997278213501, -0.7308535575866699], [0.0, 0.0, 0.0, 1.0]]}, "finger2joint3": {"matrix": [[0.5743022561073303, -0.81673264503479, -0.05589786916971207, -1.8362298011779785], [-0.7474997043609619, -0.5510103702545166, 0.37098681926727295, -0.8251116275787354], [-0.33379751443862915, -0.17127498984336853, -0.9269540309906006, -0.912039577960968], [0.0, 0.0, 0.0, 1.0]]}, "Bone.002": {"matrix": [[0.4959215819835663, -0.3325282633304596, 0.8021762371063232, -1.1029748916625977], [-0.5996736288070679, 0.5369848608970642, 0.5933282375335693, -0.31367748975753784], [-0.6280551552772522, -0.7752881646156311, 0.06689402461051941, 0.5585461854934692], [0.0, 0.0, 0.0, 1.0]]}, "finger3joint1": {"matrix": [[0.653988778591156, -0.21519064903259277, 0.7252528667449951, -1.2431389093399048], [-0.7477020621299744, -0.038046251982450485, 0.6629433035850525, -0.08733296394348145], [-0.11506632715463638, -0.975830614566803, -0.18578022718429565, 0.23175448179244995], [0.0, 0.0, 0.0, 1.0]]}, "finger3joint2": {"matrix": [[0.5831015110015869, -0.760432779788971, 0.285892516374588, -1.4319000244140625], [-0.7694590091705322, -0.40405744314193726, 0.49464136362075806, -0.12070640921592712], [-0.2606247663497925, -0.508408784866333, -0.8207284808158875, -0.6242260932922363], [0.0, 0.0, 0.0, 1.0]]}, "finger3joint3": {"matrix": [[0.4882639944553375, -0.8719194531440735, 0.03680604323744774, -1.9239611625671387], [-0.8607677221298218, -0.4742126762866974, 0.18493492901325226, -0.3821640610694885], [-0.14379474520683289, -0.12197856605052948, -0.9820612072944641, -0.9532074332237244], [0.0, 0.0, 0.0, 1.0]]}, "Bone.003": {"matrix": [[0.591846764087677, -0.11491088569164276, 0.7978176474571228, -1.1029748916625977], [0.19526049494743347, 0.9807447195053101, -0.003592262975871563, -0.31367748975753784], [-0.7820426225662231, 0.15790848433971405, 0.6028881669044495, 0.558546245098114], [0.0, 0.0, 0.0, 1.0]]}, "finger4joint1": {"matrix": [[0.26815178990364075, -0.3245376646518707, 0.9070665836334229, -1.1522278785705566], [-0.6139575839042664, 0.6680049300193787, 0.4205056428909302, 0.1066887378692627], [-0.7423951029777527, -0.6696596741676331, -0.020125601440668106, 0.6262288689613342], [0.0, 0.0, 0.0, 1.0]]}, "finger4joint2": {"matrix": [[0.2781074643135071, -0.9286923408508301, 0.24532964825630188, -1.4746103286743164], [-0.5902488827705383, 0.03626873716711998, 0.8064057230949402, 0.7702574729919434], [-0.757800817489624, -0.3690730035305023, -0.538072943687439, -0.038983628153800964], [0.0, 0.0, 0.0, 1.0]]}, "finger4joint3": {"matrix": [[0.3507246971130371, -0.8141424655914307, -0.4627786874771118, -1.8619334697723389], [-0.6029541492462158, -0.5744289755821228, 0.5536036491394043, 0.7853837609291077], [-0.7165459394454956, 0.08487182855606079, -0.6923570036888123, -0.19291026890277863], [0.0, 0.0, 0.0, 1.0]]}}