{"root": {"matrix": [[0.07278513163328171, -0.8256959915161133, -0.5594000816345215, 0.0], [0.11938882619142532, 0.5640679001808167, -0.8170518279075623, 0.0], [0.9901760816574097, -0.007316852454096079, 0.13963456451892853, 0.0], [0.0, 0.0, 0.0, 1.0]]}, "carpals": {"matrix": [[0.9093579053878784, -0.4018207788467407, -0.10774095356464386, -0.5807117223739624], [-0.01980222947895527, -0.3004986047744751, 0.9535765647888184, 0.9139716625213623], [-0.4155428111553192, -0.8650089502334595, -0.2812175750732422, 2.2163968086242676], [0.0, 0.0, 0.0, 1.0]]}, "metacarpals": {"matrix": [[0.5306697487831116, -0.4244944453239441, 0.7336170077323914, -0.9720827341079712], [-0.8228501081466675, -0.05047259107232094, 0.566012442111969, 0.6212878823280334], [-0.20324170589447021, -0.9040225148200989, -0.3760794401168823, 1.3738834857940674], [0.0, 0.0, 0.0, 1.0]]}, "finger5joint1": {"matrix": [[0.5164260864257812, -0.3139575719833374, 0.7967023253440857, -1.609229326248169], [-0.8272848129272461, 0.05734541267156601, 0.5588480234146118, 0.5040274858474731], [-0.22114188969135284, -0.9477033615112305, -0.2301175594329834, 1.0483542680740356], [0.0, 0.0, 0.0, 1.0]]}, "finger5joint2": {"matrix": [[0.7955415844917297, -0.23422743380069733, -0.5587940216064453, -1.9408539533615112], [0.5875398516654968, 0.07291403412818909, 0.8059032559394836, 0.564599871635437], [-0.1480206698179245, -0.9694432020187378, 0.19562409818172455, 0.047321438789367676], [0.0, 0.0, 0.0, 1.0]]}, "finger5joint3": {"matrix": [[0.7997530102729797, -0.20466582477092743, -0.5643638968467712, -2.10184645652771], [0.5465174913406372, -0.14080387353897095, 0.8255255222320557, 0.6147162318229675], [-0.24842140078544617, -0.968651294708252, -0.0007548283901996911, -0.619010865688324], [0.0, 0.0, 0.0, 1.0]]}, "Bone": {"matrix": [[0.43778613209724426, 0.32874926924705505, 0.836819589138031, -1.6348364353179932], [-0.1252850592136383, -0.8993645310401917, 0.41886386275291443, 0.5424861907958984], [0.8903070092201233, -0.28821396827697754, -0.35254183411598206, -0.03754666447639465], [0.0, 0.0, 0.0, 1.0]]}, "finger1joint1": {"matrix": [[0.7854174971580505, -0.555888831615448, 0.27222567796707153, -1.361255407333374], [-0.6114683747291565, -0.7650813460350037, 0.20188316702842712, -0.2059539258480072], [0.09605005383491516, -0.32502010464668274, -0.9408165812492371, -0.27739477157592773], [0.0, 0.0, 0.0, 1.0]]}, "finger1joint2": {"matrix": [[0.6762024164199829, -0.7262767553329468, 0.12358099967241287, -1.675431728363037], [-0.6284741163253784, -0.6562055349349976, -0.4176297187805176, -0.6383613348007202], [0.3844091594219208, 0.20473460853099823, -0.9001738429069519, -0.4610891044139862], [0.0, 0.0, 0.0, 1.0]]}, "finger1joint3": {"matrix": [[0.7114286422729492, -0.6555008292198181, -0.2533533573150635, -1.9867746829986572], [-0.6430380344390869, -0.4617626965045929, -0.6109641790390015, -0.9196658134460449], [0.28349825739860535, 0.5975731015205383, -0.7500231862068176, -0.3733227252960205], [0.0, 0.0, 0.0, 1.0]]}, "Bone.001": {"matrix": [[0.6186188459396362, 0.4123389422893524, 0.6687952280044556, -1.6348363161087036], [-0.3718361556529999, -0.5962106585502625, 0.7115268707275391, 0.5424861907958984], [0.6921330690383911, -0.6888462901115417, -0.2155044674873352, -0.03754666447639465], [0.0, 0.0, 0.0, 1.0]]}, "finger2joint1": {"matrix": [[0.8274561762809753, -0.31532084941864014, 0.4646384119987488, -1.373461365699768], [-0.515736997127533, -0.7540445327758789, 0.40673327445983887, 0.1645580530166626], [0.22210648655891418, -0.5761852860450745, -0.7865613102912903, -0.47419506311416626], [0.0, 0.0, 0.0, 1.0]]}, "finger2joint2": {"matrix": [[0.7490569353103638, -0.5713378190994263, 0.33539026975631714, -1.6462608575820923], [-0.617184579372406, -0.7858119010925293, 0.03978138417005539, -0.4878028333187103], [0.24082498252391815, -0.23679634928703308, -0.9412387609481812, -0.9726811647415161], [0.0, 0.0, 0.0, 1.0]]}, "finger2joint3": {"matrix": [[0.6455982327461243, -0.7591572403907776, 0.08296371251344681, -1.8631503582000732], [-0.7043113708496094, -0.6338826417922974, -0.3195902705192566, -0.7861098647117615], [0.2952084243297577, 0.14789451658725739, -0.9439166784286499, -1.062572956085205], [0.0, 0.0, 0.0, 1.0]]}, "Bone.002": {"matrix": [[0.7203145623207092, -0.05617351830005646, 0.6913692355155945, -1.6348363161087036], [-0.69338458776474, -0.08575217425823212, 0.715446949005127, 0.5424861311912537], [0.019097154960036278, -0.9947314858436584, -0.10071827471256256, -0.03754666447639465], [0.0, 0.0, 0.0, 1.0]]}, "finger3joint1": {"matrix": [[0.6709598898887634, 0.1861295849084854, 0.7177525162696838, -1.658514142036438], [-0.5332015752792358, -0.5515536665916443, 0.641470730304718, 0.5063408017158508], [0.5152754783630371, -0.8131077289581299, -0.2708256244659424, -0.4568360447883606], [0.0, 0.0, 0.0, 1.0]]}, "finger3joint2": {"matrix": [[0.6635949015617371, -0.6970056295394897, 0.2717074751853943, -1.4952447414398193], [-0.638184666633606, -0.7169520258903503, -0.28053542971611023, 0.022528082132339478], [0.3903357982635498, 0.012762286700308323, -0.9205839037895203, -1.170078992843628], [0.0, 0.0, 0.0, 1.0]]}, "finger3joint3": {"matrix": [[0.5730428099632263, -0.8032770752906799, -0.1623820662498474, -1.9462631940841675], [-0.616693913936615, -0.2921716272830963, -0.7309749126434326, -0.44139745831489563], [0.5397317409515381, 0.5190198421478271, -0.6628028154373169, -1.161820888519287], [0.0, 0.0, 0.0, 1.0]]}, "Bone.003": {"matrix": [[0.8241440653800964, -0.21509131789207458, 0.5239487290382385, -1.6348363161087036], [-0.1218699961900711, 0.8360684514045715, 0.534917950630188, 0.5424861907958984], [-0.5531131029129028, -0.5047029256820679, 0.662827730178833, -0.03754666447639465], [0.0, 0.0, 0.0, 1.0]]}, "finger4joint1": {"matrix": [[0.5180447697639465, -0.7900902032852173, 0.32769936323165894, -1.7270288467407227], [-0.8281334638595581, -0.36740925908088684, 0.423326313495636, 0.9008413553237915], [-0.2140662521123886, -0.49068084359169006, -0.8446344137191772, -0.2538721263408661], [0.0, 0.0, 0.0, 1.0]]}, "finger4joint2": {"matrix": [[0.5060285925865173, 0.024833006784319878, -0.862159013748169, -2.5118720531463623], [-0.8280090093612671, -0.2659246325492859, -0.4936444163322449, 0.5358720421791077], [-0.24152803421020508, 0.9636735916137695, -0.11400361359119415, -0.7412943840026855], [0.0, 0.0, 0.0, 1.0]]}, "finger4joint3": {"matrix": [[0.5147708058357239, 0.8185974359512329, -0.2547723650932312, -2.5015151500701904], [-0.7957277894020081, 0.34559059143066406, -0.4973771572113037, 0.4249647557735443], [-0.31910476088523865, 0.45876479148864746, 0.8292806148529053, -0.3393818736076355], [0.0, 0.0, 0.0, 1.0]]}}