{"root": {"matrix": [[0.2618221342563629, -0.2712673842906952, -0.926209032535553, 0.0], [-0.9619548916816711, -0.15096180140972137, -0.22771324217319489, -1.4901161193847656e-08], [-0.07805109024047852, 0.9505916833877563, -0.3004721403121948, 0.0], [0.0, 0.0, 0.0, 1.0]]}, "carpals": {"matrix": [[0.4827750027179718, -0.7988094091415405, 0.3589313328266144, 0.4307132363319397], [0.1999567598104477, 0.49957892298698425, 0.8428747057914734, -2.2975988388061523], [-0.8526109457015991, -0.3351481556892395, 0.4009116291999817, 0.7877250909805298], [0.0, 0.0, 0.0, 1.0]]}, "metacarpals": {"matrix": [[-0.45646780729293823, -0.4537637233734131, 0.7653335928916931, -0.3473222255706787], [-0.6437613368034363, 0.7622032761573792, 0.06794921308755875, -1.8110119104385376], [-0.6141727566719055, -0.46167561411857605, -0.640036940574646, 0.4612928032875061], [0.0, 0.0, 0.0, 1.0]]}, "finger5joint1": {"matrix": [[-0.0144678158685565, -0.7045496106147766, 0.7095071077346802, -0.8410102725028992], [-0.945968508720398, 0.2395269274711609, 0.21856364607810974, -1.2910399436950684], [-0.3239350914955139, -0.668009340763092, -0.6699473261833191, 0.568885326385498], [0.0, 0.0, 0.0, 1.0]]}, "finger5joint2": {"matrix": [[0.7946402430534363, -0.58025062084198, -0.17848142981529236, -1.5852065086364746], [0.24063341319561005, 0.031140649691224098, 0.9701160788536072, -1.0380343198776245], [-0.5573527812957764, -0.8138419389724731, 0.16437339782714844, -0.13671451807022095], [0.0, 0.0, 0.0, 1.0]]}, "finger5joint3": {"matrix": [[0.7456160187721252, -0.6142702102661133, -0.2583181858062744, -1.9840331077575684], [0.1887141764163971, -0.17713293433189392, 0.9659245610237122, -1.0166302919387817], [-0.6390956044197083, -0.7689573168754578, -0.01615159399807453, -0.6960965991020203], [0.0, 0.0, 0.0, 1.0]]}, "Bone": {"matrix": [[0.3114391565322876, -0.6417397856712341, 0.7008391618728638, -1.0557734966278076], [-0.8554757833480835, -0.5104407668113708, -0.08724047988653183, -0.6210010051727295], [0.41372260451316833, -0.5723810195922852, -0.707964301109314, -0.25951096415519714], [0.0, 0.0, 0.0, 1.0]]}, "finger1joint1": {"matrix": [[-0.056520283222198486, -0.9471583962440491, 0.31574735045433044, -1.5898215770721436], [-0.8869467377662659, 0.19283612072467804, 0.41968944668769836, -1.045783519744873], [-0.45840001106262207, -0.2563301622867584, -0.8509783148765564, -0.7358394265174866], [0.0, 0.0, 0.0, 1.0]]}, "finger1joint2": {"matrix": [[-0.13101337850093842, -0.41080009937286377, -0.9022631049156189, -2.1251347064971924], [-0.9762879014015198, -0.10473904758691788, 0.18944986164569855, -0.9367967247962952], [-0.17232826352119446, 0.9056891798973083, -0.38733696937561035, -0.8807116150856018], [0.0, 0.0, 0.0, 1.0]]}, "finger1joint3": {"matrix": [[-0.20655500888824463, 0.22423358261585236, -0.9523940086364746, -2.3012380599975586], [-0.9475792050361633, -0.28836578130722046, 0.13761736452579498, -0.981696605682373], [-0.2437794953584671, 0.9308943152427673, 0.27204251289367676, -0.4924575686454773], [0.0, 0.0, 0.0, 1.0]]}, "Bone.001": {"matrix": [[0.15630356967449188, -0.43302270770072937, 0.8877276182174683, -1.0557734966278076], [-0.9816604852676392, -0.16741755604743958, 0.09117814153432846, -0.6210010051727295], [0.10913901031017303, -0.8856988549232483, -0.4512493908405304, -0.25951093435287476], [0.0, 0.0, 0.0, 1.0]]}, "finger2joint1": {"matrix": [[-0.41310927271842957, -0.8506194353103638, 0.3252493441104889, -1.3302593231201172], [-0.7350823283195496, 0.5222887396812439, 0.4322822391986847, -0.7271243333816528], [-0.5375818610191345, -0.0605052150785923, -0.8410378098487854, -0.8209409713745117], [0.0, 0.0, 0.0, 1.0]]}, "finger2joint2": {"matrix": [[-0.5166216492652893, -0.5822184085845947, -0.6277926564216614, -2.066171884536743], [-0.7216289043426514, -0.09854286909103394, 0.6852303147315979, -0.27526670694351196], [-0.460818350315094, 0.8070383071899414, -0.3692363202571869, -0.8732870817184448], [0.0, 0.0, 0.0, 1.0]]}, "finger2joint3": {"matrix": [[-0.5218157172203064, 0.16858500242233276, -0.8362339735031128, -2.28719162940979], [-0.7864906191825867, -0.4747086763381958, 0.39507415890693665, -0.31267523765563965], [-0.33036404848098755, 0.8638463020324707, 0.3803011178970337, -0.5669220685958862], [0.0, 0.0, 0.0, 1.0]]}, "Bone.002": {"matrix": [[-0.20388421416282654, -0.314098060131073, 0.9272397756576538, -1.055773377418518], [-0.821669340133667, 0.5698301792144775, 0.01235615648329258, -0.6210010051727295], [-0.5322503447532654, -0.7593653202056885, -0.37426427006721497, -0.25951099395751953], [0.0, 0.0, 0.0, 1.0]]}, "finger3joint1": {"matrix": [[0.09352364391088486, -0.24736347794532776, 0.9643985629081726, -1.1881688833236694], [-0.9604040384292603, -0.27774888277053833, 0.021895060315728188, -0.380811870098114], [0.26244446635246277, -0.928260087966919, -0.26354503631591797, -0.5795910358428955], [0.0, 0.0, 0.0, 1.0]]}, "finger3joint2": {"matrix": [[0.015750225633382797, -0.9777616858482361, -0.2091265767812729, -1.4051517248153687], [-0.9923571944236755, 0.010314833372831345, -0.12296522408723831, -0.6244480609893799], [0.12238764017820358, 0.2094651609659195, -0.9701265692710876, -1.3938438892364502], [0.0, 0.0, 0.0, 1.0]]}, "finger3joint3": {"matrix": [[0.0021630481351166964, -0.5219071507453918, -0.8529995679855347, -2.037842035293579], [-0.955795168876648, 0.24972526729106903, -0.15521791577339172, -0.6177735328674316], [0.2940247654914856, 0.8156288266181946, -0.4982960522174835, -1.258302927017212], [0.0, 0.0, 0.0, 1.0]]}, "Bone.003": {"matrix": [[0.20147038996219635, 0.47666868567466736, 0.8556849360466003, -1.0557734966278076], [-0.24878612160682678, 0.8698520660400391, -0.4259842336177826, -0.6210010051727295], [-0.9473726749420166, -0.12705934047698975, 0.2938379645347595, -0.25951099395751953], [0.0, 0.0, 0.0, 1.0]]}, "finger4joint1": {"matrix": [[-0.4746583104133606, -0.6493212580680847, 0.5942063331604004, -0.8514639139175415], [-0.6239416599273682, 0.7243936657905579, 0.2931726574897766, -0.2481655478477478], [-0.620802640914917, -0.23159314692020416, -0.7489781975746155, -0.3139711022377014], [0.0, 0.0, 0.0, 1.0]]}, "finger4joint2": {"matrix": [[-0.47785529494285583, -0.8774523138999939, -0.0416104793548584, -1.4964730739593506], [-0.6013946533203125, 0.2922540009021759, 0.743580162525177, 0.4714174270629883], [-0.6402954459190369, 0.380348265171051, -0.6673504114151001, -0.544026255607605], [0.0, 0.0, 0.0, 1.0]]}, "finger4joint3": {"matrix": [[-0.4026023745536804, -0.8127090930938721, -0.42120659351348877, -1.8624259233474731], [-0.6344201564788818, -0.08396835625171661, 0.7684138417243958, 0.5933057069778442], [-0.6598650217056274, 0.576587438583374, -0.48179319500923157, -0.3853970766067505], [0.0, 0.0, 0.0, 1.0]]}}