{"root": {"matrix": [[0.057594116777181625, -0.8107119798660278, -0.5826053619384766, -5.960464477539063e-08], [0.17496715486049652, 0.5827385783195496, -0.7936007976531982, 5.960464477539063e-08], [0.9828883409500122, -0.05623002350330353, 0.1754102259874344, 0.0], [0.0, 0.0, 0.0, 1.0]]}, "carpals": {"matrix": [[0.9704182744026184, -0.24092817306518555, 0.015550578013062477, -0.5977903008460999], [-0.11441411823034286, -0.4022107422351837, 0.9083698391914368, 1.0552992820739746], [-0.21259720623493195, -0.883277952671051, -0.41787809133529663, 2.1480166912078857], [0.0, 0.0, 0.0, 1.0]]}, "metacarpals": {"matrix": [[0.3605949282646179, -0.32505136728286743, 0.8742498159408569, -0.8324530124664307], [-0.9327006340026855, -0.11925442516803741, 0.3403641879558563, 0.663548469543457], [-0.006377798970788717, -0.9381469488143921, -0.3461780250072479, 1.287709355354309], [0.0, 0.0, 0.0, 1.0]]}, "finger5joint1": {"matrix": [[0.45153936743736267, -0.3653695583343506, 0.8140130043029785, -1.4408597946166992], [-0.8900154232978821, -0.24898101389408112, 0.3819434344768524, 0.6191357374191284], [0.0631231889128685, -0.8969466090202332, -0.43760916590690613, 0.8958630561828613], [0.0, 0.0, 0.0, 1.0]]}, "finger5joint2": {"matrix": [[0.8069547414779663, -0.3480282425880432, -0.47717925906181335, -1.8267896175384521], [0.4115254580974579, -0.2481994777917862, 0.8769511580467224, 0.3561440110206604], [-0.4236393868923187, -0.9040312767028809, -0.057063303887844086, -0.05155676603317261], [0.0, 0.0, 0.0, 1.0]]}, "finger5joint3": {"matrix": [[0.7959818243980408, -0.33237650990486145, -0.5059036016464233, -2.0660014152526855], [0.3376508057117462, -0.449860155582428, 0.8268114924430847, 0.1855478137731552], [-0.5023985505104065, -0.8289456963539124, -0.24585333466529846, -0.6729291677474976], [0.0, 0.0, 0.0, 1.0]]}, "Bone": {"matrix": [[0.30173322558403015, 0.15737131237983704, 0.9403144121170044, -1.339948296546936], [-0.05546250939369202, -0.9817150235176086, 0.18209725618362427, 0.47735920548439026], [0.9517775774002075, -0.10709714889526367, -0.2874877154827118, -0.1769985556602478], [0.0, 0.0, 0.0, 1.0]]}, "finger1joint1": {"matrix": [[0.6470530033111572, -0.6577310562133789, 0.38563209772109985, -1.2089859247207642], [-0.6974482536315918, -0.7149470448493958, -0.04915785789489746, -0.3396119475364685], [0.3080390393733978, -0.23715081810951233, -0.9213418960571289, -0.2661234736442566], [0.0, 0.0, 0.0, 1.0]]}, "finger1joint2": {"matrix": [[0.5119451880455017, -0.8254084587097168, 0.23793478310108185, -1.580721139907837], [-0.6349255442619324, -0.5501555800437927, -0.542400598526001, -0.7436845302581787], [0.5786030292510986, 0.12660835683345795, -0.8057222962379456, -0.4001559615135193], [0.0, 0.0, 0.0, 1.0]]}, "finger1joint3": {"matrix": [[0.5633448362350464, -0.8009371161460876, -0.2028355449438095, -1.9345601797103882], [-0.6659784913063049, -0.29489320516586304, -0.6852084398269653, -0.9795271754264832], [0.48899394273757935, 0.5210925936698914, -0.6995334625244141, -0.34588104486465454], [0.0, 0.0, 0.0, 1.0]]}, "Bone.001": {"matrix": [[0.44582313299179077, 0.3469039499759674, 0.8251661658287048, -1.3399484157562256], [-0.3624269366264343, -0.77294921875, 0.5207647681236267, 0.47735920548439026], [0.81846684217453, -0.5312315821647644, -0.21887116134166718, -0.17699849605560303], [0.0, 0.0, 0.0, 1.0]]}, "finger2joint1": {"matrix": [[0.5912503004074097, -0.6970100402832031, 0.4057091474533081, -1.120051622390747], [-0.7641007304191589, -0.6450749635696411, 0.005302122328430414, -0.01260066032409668], [0.25801706314086914, -0.3131376802921295, -0.9139865636825562, -0.5137374997138977], [0.0, 0.0, 0.0, 1.0]]}, "finger2joint2": {"matrix": [[0.4857628643512726, -0.7891340851783752, -0.37590107321739197, -1.723069190979004], [-0.8165119290351868, -0.2561597526073456, -0.5173879861831665, -0.5706865787506104], [0.311997652053833, 0.5582554340362549, -0.7687703371047974, -0.7846482396125793], [0.0, 0.0, 0.0, 1.0]]}, "finger2joint3": {"matrix": [[0.4236772358417511, -0.3925330936908722, -0.8163425326347351, -2.022637367248535], [-0.790986180305481, 0.27884384989738464, -0.5445977449417114, -0.6679290533065796], [0.4414045810699463, 0.8764493465423584, -0.19234858453273773, -0.5727252960205078], [0.0, 0.0, 0.0, 1.0]]}, "Bone.002": {"matrix": [[0.5483958721160889, 0.03472749888896942, 0.8354974389076233, -1.3399481773376465], [-0.806873083114624, -0.24039135873317719, 0.5395995378494263, 0.47735917568206787], [0.21958522498607635, -0.9700544476509094, -0.10380883514881134, -0.17699849605560303], [0.0, 0.0, 0.0, 1.0]]}, "finger3joint1": {"matrix": [[0.5199786424636841, -0.05055171251296997, 0.8526821136474609, -1.3253103494644165], [-0.647007405757904, -0.6750457286834717, 0.3545345067977905, 0.3760318160057068], [0.5576769113540649, -0.7360418438911438, -0.38371652364730835, -0.5858861804008484], [0.0, 0.0, 0.0, 1.0]]}, "finger3joint2": {"matrix": [[0.47196924686431885, -0.8703184723854065, 0.14067980647087097, -1.3696532249450684], [-0.7588678002357483, -0.48227182030677795, -0.43764549493789673, -0.2161058783531189], [0.44873669743537903, 0.09979778528213501, -0.8880739808082581, -1.2315285205841064], [0.0, 0.0, 0.0, 1.0]]}, "finger3joint3": {"matrix": [[0.3978208899497986, -0.8448243737220764, -0.3577854037284851, -1.9328192472457886], [-0.6974438428878784, -0.025108182802796364, -0.7161993980407715, -0.5281744599342346], [0.5960791707038879, 0.5344542264938354, -0.5992060303688049, -1.1669514179229736], [0.0, 0.0, 0.0, 1.0]]}, "Bone.003": {"matrix": [[0.8337143659591675, 0.02518899366259575, 0.5516210794448853, -1.3399484157562256], [-0.3718319237232208, 0.7641450762748718, 0.5270894169807434, 0.4773591458797455], [-0.4082415997982025, -0.6445521712303162, 0.6464448571205139, -0.17699852585792542], [0.0, 0.0, 0.0, 1.0]]}, "finger4joint1": {"matrix": [[0.15109561383724213, -0.9036483764648438, 0.4007362425327301, -1.32915198802948], [-0.9618166089057922, -0.0408044196665287, 0.2706354260444641, 0.8048865795135498], [-0.22820749878883362, -0.4263266324996948, -0.8753092288970947, -0.45326608419418335], [0.0, 0.0, 0.0, 1.0]]}, "finger4joint2": {"matrix": [[0.13805152475833893, -0.3127724826335907, -0.9397419095039368, -2.226799249649048], [-0.9570937752723694, -0.28620827198028564, -0.04534245282411575, 0.7643531560897827], [-0.2547800540924072, 0.9056807160377502, -0.33886417746543884, -0.8767615556716919], [0.0, 0.0, 0.0, 1.0]]}, "finger4joint3": {"matrix": [[0.17730556428432465, 0.4502719044685364, -0.8751100897789001, -2.3572447299957275], [-0.929223895072937, -0.21632562577724457, -0.29957595467567444, 0.6449863314628601], [-0.324199378490448, 0.8662897944450378, 0.38004758954048157, -0.4990357458591461], [0.0, 0.0, 0.0, 1.0]]}}