{"root": {"matrix": [[0.4543803036212921, -0.5872533917427063, -0.6698298454284668, 0.0], [-0.6847130060195923, 0.25075411796569824, -0.6843175292015076, 2.9802322387695312e-08], [0.5698302984237671, 0.7695816159248352, -0.28816232085227966, 0.0], [0.0, 0.0, 0.0, 1.0]]}, "carpals": {"matrix": [[0.483377605676651, -0.871744692325592, -0.08004474639892578, 0.5280625820159912], [0.4456770122051239, 0.16635937988758087, 0.8795999884605408, -1.2260831594467163], [-0.7534704208374023, -0.46085312962532043, 0.4689311981201172, 2.0743324756622314], [0.0, 0.0, 0.0, 1.0]]}, "metacarpals": {"matrix": [[0.38205111026763916, -0.6434493064880371, 0.6633323431015015, -0.3210115432739258], [-0.4509962201118469, 0.4966878592967987, 0.7415545582771301, -1.0640499591827393], [-0.8066220879554749, -0.5824721455574036, -0.10043298453092575, 1.6254642009735107], [0.0, 0.0, 0.0, 1.0]]}, "finger5joint1": {"matrix": [[0.49284660816192627, -0.7013438940048218, 0.5149940252304077, -1.028118371963501], [-0.42311325669288635, 0.32400622963905334, 0.8461647033691406, -1.0065226554870605], [-0.7603139281272888, -0.6349302530288696, -0.1370624154806137, 1.475914716720581], [0.0, 0.0, 0.0, 1.0]]}, "finger5joint2": {"matrix": [[0.5358701348304749, -0.44153743982315063, -0.7196440100669861, -1.7689285278320312], [0.8393112421035767, 0.18606165051460266, 0.5108200311660767, -0.664283812046051], [-0.09164794534444809, -0.8777385354042053, 0.47029250860214233, 0.8052553534507751], [0.0, 0.0, 0.0, 1.0]]}, "finger5joint3": {"matrix": [[0.5311130881309509, -0.3502843976020813, -0.7715045213699341, -2.0724127292633057], [0.8236143589019775, -0.0003599231713451445, 0.5671495199203491, -0.5363970994949341], [-0.19894124567508698, -0.9366429448127747, 0.28830838203430176, 0.2019549161195755], [0.0, 0.0, 0.0, 1.0]]}, "Bone": {"matrix": [[0.6363072395324707, 0.1589086502790451, 0.7548913359642029, -1.32561457157135], [-0.6213027238845825, -0.47447478771209717, 0.6235833168029785, -0.28858235478401184], [0.45726969838142395, -0.8658069372177124, -0.20318131148815155, 0.7160635590553284], [0.0, 0.0, 0.0, 1.0]]}, "finger1joint1": {"matrix": [[0.4770376682281494, -0.7964006066322327, 0.3717270791530609, -1.1933726072311401], [-0.4934083819389343, 0.10733488202095032, 0.8631494641304016, -0.6834344267845154], [-0.7273122668266296, -0.5951681733131409, -0.34174785017967224, -0.00445026159286499], [0.0, 0.0, 0.0, 1.0]]}, "finger1joint2": {"matrix": [[0.3570437431335449, -0.8704743385314941, -0.33881282806396484, -1.6434812545776367], [-0.7348197102546692, -0.485681414604187, 0.4734482169151306, -0.622771143913269], [-0.5766798853874207, 0.07992454618215561, -0.8130512237548828, -0.3408264219760895], [0.0, 0.0, 0.0, 1.0]]}, "finger1joint3": {"matrix": [[0.3525889813899994, -0.5715358853340149, -0.7409639954566956, -2.016639232635498], [-0.6647788286209106, -0.7102598547935486, 0.2315162569284439, -0.8309746980667114], [-0.6585971117019653, 0.4109469950199127, -0.6303747296333313, -0.3065640926361084], [0.0, 0.0, 0.0, 1.0]]}, "Bone.001": {"matrix": [[0.7368434071540833, 0.16573581099510193, 0.6554335951805115, -1.32561457157135], [-0.6670458316802979, 0.020411759614944458, 0.7447366714477539, -0.28858238458633423], [0.11005093902349472, -0.9859588146209717, 0.12559379637241364, 0.7160636186599731], [0.0, 0.0, 0.0, 1.0]]}, "finger2joint1": {"matrix": [[0.47860002517700195, -0.4051753580570221, 0.7789574265480042, -1.2205573320388794], [-0.5403740406036377, 0.5633267164230347, 0.6250267624855042, -0.2756437063217163], [-0.6920531988143921, -0.7200663089752197, 0.05066203698515892, 0.09108036756515503], [0.0, 0.0, 0.0, 1.0]]}, "finger2joint2": {"matrix": [[0.3659563958644867, -0.5935137867927551, 0.7168103456497192, -1.5710943937301636], [-0.5426559448242188, 0.4896498918533325, 0.6824712753295898, 0.21171781420707703], [-0.7560425400733948, -0.6387361288070679, -0.14288322627544403, -0.5318841934204102], [0.0, 0.0, 0.0, 1.0]]}, "finger2joint3": {"matrix": [[0.22994408011436462, -0.8157708048820496, 0.5307008624076843, -1.7964019775390625], [-0.541708767414093, 0.3457391858100891, 0.7661693692207336, 0.39759689569473267], [-0.8085029721260071, -0.4636614918708801, -0.3624095320701599, -0.7743589878082275], [0.0, 0.0, 0.0, 1.0]]}, "Bone.002": {"matrix": [[0.633302628993988, -0.3153280019760132, 0.7067502737045288, -1.32561457157135], [-0.4755198061466217, 0.5619500875473022, 0.6768254637718201, -0.2885824143886566], [-0.610580563545227, -0.7647090554237366, 0.2059398591518402, 0.7160635590553284], [0.0, 0.0, 0.0, 1.0]]}, "finger3joint1": {"matrix": [[0.7659446597099304, -0.10979121178388596, 0.6334624290466309, -1.4585285186767578], [-0.6384272575378418, -0.013785739429295063, 0.7695584893226624, -0.05171479284763336], [-0.07575827091932297, -0.9938589930534363, -0.08065269887447357, 0.393731027841568], [0.0, 0.0, 0.0, 1.0]]}, "finger3joint2": {"matrix": [[0.7137904763221741, -0.6217323541641235, 0.32241591811180115, -1.554835319519043], [-0.6619420647621155, -0.4485231935977936, 0.6005492210388184, -0.0638074278831482], [-0.22877009212970734, -0.6420870423316956, -0.731702446937561, -0.47806376218795776], [0.0, 0.0, 0.0, 1.0]]}, "finger3joint3": {"matrix": [[0.617668092250824, -0.7697020769119263, 0.16138410568237305, -1.9571460485458374], [-0.774932324886322, -0.560703456401825, 0.2917040288448334, -0.35403794050216675], [-0.1340368241071701, -0.30523812770843506, -0.9427956938743591, -0.8935456275939941], [0.0, 0.0, 0.0, 1.0]]}, "Bone.003": {"matrix": [[0.6410387754440308, -0.25729256868362427, 0.7230973839759827, -1.32561457157135], [0.3359313905239105, 0.9411564469337463, 0.03707326948642731, -0.28858238458633423], [-0.6900863647460938, 0.21914589405059814, 0.6897504925727844, 0.7160635590553284], [0.0, 0.0, 0.0, 1.0]]}, "finger4joint1": {"matrix": [[0.4656139016151428, -0.10478346049785614, 0.8787627816200256, -1.4358952045440674], [-0.5895140171051025, 0.7038689851760864, 0.39628419280052185, 0.11481553316116333], [-0.6600581407546997, -0.7025583386421204, 0.2659599483013153, 0.8099937438964844], [0.0, 0.0, 0.0, 1.0]]}, "finger4joint2": {"matrix": [[0.4799717366695404, -0.8168315291404724, 0.3200206458568573, -1.539982795715332], [-0.5654619336128235, -0.009154150262475014, 0.8247232437133789, 0.8140101432800293], [-0.6707306504249573, -0.5768033862113953, -0.4662807285785675, 0.11210106313228607], [0.0, 0.0, 0.0, 1.0]]}, "finger4joint3": {"matrix": [[0.5414775013923645, -0.7663571238517761, -0.34568580985069275, -1.880652666091919], [-0.5747478008270264, -0.63752281665802, 0.5130584836006165, 0.8101922869682312], [-0.6135688424110413, -0.07912760972976685, -0.7856663465499878, -0.12846221029758453], [0.0, 0.0, 0.0, 1.0]]}}