{"root": {"matrix": [[0.33872994780540466, -0.7449415922164917, -0.5747382640838623, 0.0], [-0.11833549290895462, 0.5722686648368835, -0.8114833831787109, 5.960464477539063e-08], [0.9334124326705933, 0.34288567304611206, 0.10569144785404205, 2.9802322387695312e-08], [0.0, 0.0, 0.0, 1.0]]}, "carpals": {"matrix": [[0.9252511858940125, -0.3655616044998169, 0.1013648733496666, 0.10148367285728455], [-0.21109338104724884, -0.2741257846355438, 0.9382400512695312, 0.3837653696537018], [-0.31519782543182373, -0.8895052075386047, -0.33080264925956726, 2.4346275329589844], [0.0, 0.0, 0.0, 1.0]]}, "metacarpals": {"matrix": [[0.004075064789503813, -0.4429375231266022, 0.8965431451797485, -0.2545710802078247], [-0.9977743625640869, 0.057868752628564835, 0.03312530368566513, 0.1167685016989708], [-0.0665544793009758, -0.894682765007019, -0.44171586632728577, 1.5682547092437744], [0.0, 0.0, 0.0, 1.0]]}, "finger5joint1": {"matrix": [[-0.24810414016246796, -0.5931494832038879, 0.7659098505973816, -0.8768656849861145], [-0.7983688712120056, 0.573002278804779, 0.1851358860731125, 0.31124091148376465], [-0.5486814975738525, -0.5655454993247986, -0.615716278553009, 1.2510721683502197], [0.0, 0.0, 0.0, 1.0]]}, "finger5joint2": {"matrix": [[0.8047904968261719, -0.5934633016586304, 0.01063716970384121, -1.5033931732177734], [0.17345063388347626, 0.25227808952331543, 0.9519822597503662, 0.9164873361587524], [-0.5676501393318176, -0.7643011212348938, 0.3059678077697754, 0.6537021994590759], [0.0, 0.0, 0.0, 1.0]]}, "finger5joint3": {"matrix": [[0.744061291217804, -0.6638801097869873, -0.07507005333900452, -1.9113013744354248], [0.14356984198093414, 0.04914148151874542, 0.9884191155433655, 1.0898869037628174], [-0.6525028347969055, -0.746222198009491, 0.13187767565250397, 0.1283712387084961], [0.0, 0.0, 0.0, 1.0]]}, "Bone": {"matrix": [[0.360822468996048, -0.21272072196006775, 0.9080511331558228, -0.9461195468902588], [-0.2138853818178177, -0.9665650129318237, -0.14143885672092438, 0.20711779594421387], [0.9077773690223694, -0.14318476617336273, -0.39425623416900635, 0.17140649259090424], [0.0, 0.0, 0.0, 1.0]]}, "finger1joint1": {"matrix": [[0.08446323126554489, -0.6872740983963013, 0.721470832824707, -1.123143196105957], [-0.9957729578018188, -0.08443953841924667, 0.0361388735473156, -0.5972457528114319], [0.036083102226257324, -0.7214735150337219, -0.6915009021759033, 0.052249908447265625], [0.0, 0.0, 0.0, 1.0]]}, "finger1joint2": {"matrix": [[-0.12547583878040314, -0.9914303421974182, 0.03635568544268608, -1.5115755796432495], [-0.9576044082641602, 0.11145325750112534, -0.2656535804271698, -0.6449691653251648], [0.2593248188495636, -0.06814741343259811, -0.9633826613426208, -0.35551130771636963], [0.0, 0.0, 0.0, 1.0]]}, "finger1joint3": {"matrix": [[-0.0846913531422615, -0.7581745982170105, -0.6465281248092651, -1.9365854263305664], [-0.9830255508422852, 0.16956061124801636, -0.07007100433111191, -0.5971909761428833], [0.16275155544281006, 0.6296191811561584, -0.7596651911735535, -0.3847249746322632], [0.0, 0.0, 0.0, 1.0]]}, "Bone.001": {"matrix": [[0.37198179960250854, -0.007256547920405865, 0.9282115697860718, -0.9461195468902588], [-0.5433589220046997, -0.8124473094940186, 0.21140019595623016, 0.2071177065372467], [0.7525888681411743, -0.5829892754554749, -0.30615848302841187, 0.17140650749206543], [0.0, 0.0, 0.0, 1.0]]}, "finger2joint1": {"matrix": [[0.42756545543670654, -0.6418794989585876, 0.636536180973053, -0.9507192969322205], [-0.8400945663452148, -0.5421543121337891, 0.017591575160622597, -0.30787935853004456], [0.3338089883327484, -0.5422722697257996, -0.771045982837677, -0.19814088940620422], [0.0, 0.0, 0.0, 1.0]]}, "finger2joint2": {"matrix": [[0.3071061968803406, -0.7613216638565063, 0.5710297226905823, -1.5060406923294067], [-0.8836962580680847, -0.45083504915237427, -0.12581118941307068, -0.776923656463623], [0.3532228469848633, -0.46597951650619507, -0.8112313747406006, -0.6672871708869934], [0.0, 0.0, 0.0, 1.0]]}, "finger2joint3": {"matrix": [[0.1654980331659317, -0.903522253036499, 0.3952944278717041, -1.795050859451294], [-0.9147738814353943, -0.29041096568107605, -0.2808021605014801, -0.9480680227279663], [0.36850863695144653, -0.31513285636901855, -0.8745811581611633, -0.8441805839538574], [0.0, 0.0, 0.0, 1.0]]}, "Bone.002": {"matrix": [[0.2469138652086258, -0.1548716127872467, 0.9565815925598145, -0.9461195468902588], [-0.9592097997665405, -0.1792931705713272, 0.21856451034545898, 0.2071177065372467], [0.13765890896320343, -0.9715288877487183, -0.1928243190050125, 0.17140650749206543], [0.0, 0.0, 0.0, 1.0]]}, "finger3joint1": {"matrix": [[0.28645431995391846, -0.3065160810947418, 0.9077399373054504, -1.011399507522583], [-0.8331962823867798, -0.5474375486373901, 0.07807771116495132, 0.1315438151359558], [0.47299861907958984, -0.7786911129951477, -0.412203848361969, -0.23810267448425293], [0.0, 0.0, 0.0, 1.0]]}, "finger3joint2": {"matrix": [[0.19895127415657043, -0.9381152391433716, 0.2834751307964325, -1.280269742012024], [-0.9116700887680054, -0.2832898497581482, -0.2976650595664978, -0.3486582636833191], [0.35954952239990234, -0.1992148905992508, -0.9116124510765076, -0.9211561679840088], [0.0, 0.0, 0.0, 1.0]]}, "finger3joint3": {"matrix": [[0.10165531188249588, -0.9842730760574341, -0.14447426795959473, -1.8873056173324585], [-0.8615465760231018, -0.014492110349237919, -0.5074716210365295, -0.5319696068763733], [0.49739664793014526, 0.17605853080749512, -0.8494701385498047, -1.050064206123352], [0.0, 0.0, 0.0, 1.0]]}, "Bone.003": {"matrix": [[0.6001092195510864, 0.22627092897891998, 0.7672486305236816, -0.9461195468902588], [-0.6149178743362427, 0.7439493536949158, 0.2615629732608795, 0.2071177065372467], [-0.5116100907325745, -0.6287611126899719, 0.5855888724327087, 0.17140652239322662], [0.0, 0.0, 0.0, 1.0]]}, "finger4joint1": {"matrix": [[-0.044791072607040405, -0.7983097434043884, 0.600579023361206, -0.8491352796554565], [-0.9919799566268921, 0.10666777193546295, 0.06780467182397842, 0.5259888768196106], [-0.1181916818022728, -0.5927252769470215, -0.7966849207878113, -0.09809273481369019], [0.0, 0.0, 0.0, 1.0]]}, "finger4joint2": {"matrix": [[-0.05147344991564751, -0.9064630270004272, -0.419136106967926, -1.6421436071395874], [-0.9877797365188599, -0.015611750073730946, 0.15507112443447113, 0.6319482922554016], [-0.14710980653762817, 0.42199623584747314, -0.894582211971283, -0.6868817210197449], [0.0, 0.0, 0.0, 1.0]]}, "finger4joint3": {"matrix": [[0.030192235484719276, -0.4100401997566223, -0.9115674495697021, -2.020195722579956], [-0.9852257370948792, -0.16601787507534027, 0.04204608127474785, 0.6254371404647827], [-0.1685771942138672, 0.8968303203582764, -0.40899458527565, -0.5108827352523804], [0.0, 0.0, 0.0, 1.0]]}}