{"root": {"matrix": [[0.410032719373703, -0.9120551943778992, -0.005340867675840855, 0.0], [0.2975766062736511, 0.139312282204628, -0.9444788098335266, 0.0], [0.862160861492157, 0.38567793369293213, 0.3285287916660309, 0.0], [0.0, 0.0, 0.0, 1.0]]}, "carpals": {"matrix": [[0.26457956433296204, -0.32265904545783997, -0.9087840914726257, 0.03514432907104492], [0.8552882671356201, -0.3568371832370758, 0.37569814920425415, 0.9155071377754211], [-0.44551026821136475, -0.8766744136810303, 0.18155479431152344, 2.2903268337249756], [0.0, 0.0, 0.0, 1.0]]}, "metacarpals": {"matrix": [[0.43567517399787903, -0.7840036153793335, -0.44218239188194275, -0.2791236639022827], [0.620323896408081, -0.09443958848714828, 0.7786394357681274, 0.5679498910903931], [-0.6522155404090881, -0.6135300993919373, 0.44519126415252686, 1.4364511966705322], [0.0, 0.0, 0.0, 1.0]]}, "finger5joint1": {"matrix": [[0.1153830736875534, -0.8106317520141602, -0.5740755200386047, -0.6210770010948181], [0.5661976933479309, -0.4211830198764801, 0.708537220954895, 0.08490359783172607], [-0.8161534667015076, -0.40679335594177246, 0.4103805422782898, 1.0176326036453247], [0.0, 0.0, 0.0, 1.0]]}, "finger5joint2": {"matrix": [[-0.5573331713676453, -0.7542153000831604, -0.34718653559684753, -1.4773248434066772], [0.7092814445495605, -0.2151094526052475, -0.6713027954101562, -0.35998037457466125], [0.4316239356994629, -0.6203920841217041, 0.6548386216163635, 0.5879480242729187], [0.0, 0.0, 0.0, 1.0]]}, "finger5joint3": {"matrix": [[-0.6053462028503418, -0.5493988990783691, -0.5759481191635132, -1.9957234859466553], [0.7219798564910889, -0.07435189187526703, -0.6879073977470398, -0.5078326463699341], [0.33511295914649963, -0.8322449922561646, 0.4416636824607849, 0.16153082251548767], [0.0, 0.0, 0.0, 1.0]]}, "Bone": {"matrix": [[0.8764433860778809, 0.3640138506889343, -0.3151835501194, -1.5031709671020508], [0.12292996048927307, 0.46372801065444946, 0.8774077892303467, 0.42050349712371826], [0.46554794907569885, -0.8077437877655029, 0.3616832196712494, 0.4785604774951935], [0.0, 0.0, 0.0, 1.0]]}, "finger1joint1": {"matrix": [[0.6289946436882019, -0.7720286846160889, -0.09130796045064926, -1.2002431154251099], [0.6528334617614746, 0.4607732594013214, 0.6012457013130188, 0.8064121603965759], [-0.42210668325424194, -0.43778908252716064, 0.793830156326294, -0.19363395869731903], [0.0, 0.0, 0.0, 1.0]]}, "finger1joint2": {"matrix": [[0.6422418355941772, -0.7559724450111389, -0.12661276757717133, -1.6365770101547241], [0.4294343888759613, 0.21805012226104736, 0.8763790726661682, 1.0668312311172485], [-0.6349105834960938, -0.6172190308570862, 0.46468159556388855, -0.441062867641449], [0.0, 0.0, 0.0, 1.0]]}, "finger1joint3": {"matrix": [[0.6534172296524048, -0.5782701373100281, -0.48851749300956726, -1.9606499671936035], [0.507689893245697, -0.14392831921577454, 0.8494325280189514, 1.1603057384490967], [-0.5615130662918091, -0.8030491471290588, 0.19953681528568268, -0.705654501914978], [0.0, 0.0, 0.0, 1.0]]}, "Bone.001": {"matrix": [[0.90424644947052, -0.10361352562904358, -0.4142490029335022, -1.5031708478927612], [0.375112920999527, 0.6562781929969788, 0.6546671390533447, 0.4205034077167511], [0.20403020083904266, -0.7473705410957336, 0.6323041319847107, 0.4785604476928711], [0.0, 0.0, 0.0, 1.0]]}, "finger2joint1": {"matrix": [[0.6542857885360718, -0.7204838991165161, -0.22981026768684387, -1.568850040435791], [0.6199249625205994, 0.33693432807922363, 0.7086382508277893, 0.8365073204040527], [-0.4331314265727997, -0.6061169505119324, 0.6670973896980286, 0.004814505577087402], [0.0, 0.0, 0.0, 1.0]]}, "finger2joint2": {"matrix": [[0.6048765182495117, -0.37684062123298645, -0.7015092968940735, -2.1921756267547607], [0.5797035694122314, -0.39559200406074524, 0.7123557329177856, 1.128005862236023], [-0.5459560751914978, -0.8375545740127563, -0.0208282507956028, -0.5195669531822205], [0.0, 0.0, 0.0, 1.0]]}, "finger2joint3": {"matrix": [[0.6179081797599792, 0.32742783427238464, -0.7148287296295166, -2.335230588912964], [0.46451908349990845, -0.8855535984039307, -0.004091599490493536, 0.9778326749801636], [-0.634358823299408, -0.329523503780365, -0.6992871761322021, -0.8375164270401001], [0.0, 0.0, 0.0, 1.0]]}, "Bone.002": {"matrix": [[0.5822946429252625, -0.747011125087738, -0.3207913339138031, -1.5031709671020508], [0.7161194682121277, 0.28451159596443176, 0.6373586654663086, 0.42050349712371826], [-0.38484513759613037, -0.60085529088974, 0.7006188631057739, 0.4785604476928711], [0.0, 0.0, 0.0, 1.0]]}, "finger3joint1": {"matrix": [[0.5111276507377625, -0.521412193775177, -0.6832845211029053, -1.8180434703826904], [0.6291161179542542, -0.3147036135196686, 0.7107563614845276, 0.5404279232025146], [-0.5856291055679321, -0.7931523323059082, 0.1671752631664276, 0.22529387474060059], [0.0, 0.0, 0.0, 1.0]]}, "finger3joint2": {"matrix": [[0.4483673870563507, -0.015432354062795639, -0.8937160968780518, -2.275416851043701], [0.5433879494667053, -0.7891749143600464, 0.2862387001514435, 0.2643757462501526], [-0.7097155451774597, -0.6139745712280273, -0.3454543352127075, -0.4704446494579315], [0.0, 0.0, 0.0, 1.0]]}, "finger3joint3": {"matrix": [[0.5909473896026611, 0.2389823943376541, -0.7704988718032837, -2.285402774810791], [0.44768133759498596, -0.8916958570480347, 0.06678318977355957, -0.24628376960754395], [-0.6710905432701111, -0.38440337777137756, -0.6339330077171326, -0.8677355051040649], [0.0, 0.0, 0.0, 1.0]]}, "Bone.003": {"matrix": [[-0.1681824028491974, -0.9243850708007812, 0.3423839807510376, -1.5031709671020508], [0.9675023555755615, -0.08825983107089996, 0.23695869743824005, 0.4205034673213959], [-0.18882212042808533, 0.37110963463783264, 0.9091883897781372, 0.4785604178905487], [0.0, 0.0, 0.0, 1.0]]}, "finger4joint1": {"matrix": [[0.8851015567779541, -0.46005573868751526, 0.07031043618917465, -1.8993802070617676], [0.37192079424858093, 0.7900243401527405, 0.48737695813179016, 0.3826736807823181], [-0.27976760268211365, -0.40522798895835876, 0.8703561425209045, 0.6376252174377441], [0.0, 0.0, 0.0, 1.0]]}, "finger4joint2": {"matrix": [[0.8755156397819519, 0.03476141020655632, -0.4819372594356537, -2.3563807010650635], [0.3992748558521271, -0.6137714982032776, 0.6810755729675293, 1.1674513816833496], [-0.2721242606639862, -0.7887179255485535, -0.5512456893920898, 0.23508837819099426], [0.0, 0.0, 0.0, 1.0]]}, "finger4joint3": {"matrix": [[0.8765519857406616, 0.41093820333480835, -0.250571072101593, -2.3418831825256348], [0.4389072358608246, -0.8961239457130432, 0.0657433494925499, 0.9114700555801392], [-0.19752632081508636, -0.1676052212715149, -0.9658629894256592, -0.09385660290718079], [0.0, 0.0, 0.0, 1.0]]}}