{"root": {"matrix": [[0.022053103893995285, -0.9255484342575073, 0.37798649072647095, 0.0], [0.525745689868927, -0.3108430802822113, -0.7918131351470947, -2.9802322387695312e-08], [0.8503559231758118, 0.21618667244911194, 0.4797479808330536, 1.4901161193847656e-08], [0.0, 0.0, 0.0, 1.0]]}, "carpals": {"matrix": [[-0.7548259496688843, -0.08246339112520218, -0.6507206559181213, -0.8985649347305298], [0.6434956192970276, -0.2853136360645294, -0.7102882266044617, 0.9737224578857422], [-0.12708662450313568, -0.954879879951477, 0.26842695474624634, 2.080728530883789], [0.0, 0.0, 0.0, 1.0]]}, "metacarpals": {"matrix": [[-0.9032385945320129, -0.4281966984272003, -0.028414780274033546, -0.9788838624954224], [0.34864580631256104, -0.6936031579971313, -0.6303655505180359, 0.6958287954330444], [0.2502118945121765, -0.5792771577835083, 0.7757779955863953, 1.1506812572479248], [0.0, 0.0, 0.0, 1.0]]}, "finger5joint1": {"matrix": [[-0.8544906377792358, -0.5173622369766235, -0.046709779649972916, -1.0530662536621094], [0.3450467884540558, -0.4980648159980774, -0.7955337762832642, 0.49814724922180176], [0.38831472396850586, -0.6958932280540466, 0.6041058301925659, 0.45707204937934875], [0.0, 0.0, 0.0, 1.0]]}, "finger5joint2": {"matrix": [[0.0007977731875143945, -0.5126568078994751, 0.8585928678512573, -1.5995416641235352], [-0.7883259057998657, -0.5285781621932983, -0.3148762285709381, -0.027944833040237427], [0.6152569651603699, -0.6765998005867004, -0.4045625925064087, -0.27798065543174744], [0.0, 0.0, 0.0, 1.0]]}, "finger5joint3": {"matrix": [[-0.09433530271053314, -0.6627368927001953, 0.7428863048553467, -1.951908826828003], [-0.815692663192749, -0.3763485848903656, -0.4393254518508911, -0.39125514030456543], [0.5707414150238037, -0.6474108099937439, -0.5050868391990662, -0.7430314421653748], [0.0, 0.0, 0.0, 1.0]]}, "Bone": {"matrix": [[0.28439080715179443, -0.9456376433372498, -0.15776947140693665, -1.6474175453186035], [0.7899278402328491, 0.3243817985057831, -0.5203751921653748, -0.38707828521728516], [0.543263852596283, 0.02336348220705986, 0.8392366170883179, 0.24626880884170532], [0.0, 0.0, 0.0, 1.0]]}, "finger1joint1": {"matrix": [[-0.5605117678642273, -0.52947598695755, -0.6367743611335754, -2.4343655109405518], [0.40824025869369507, 0.4923400282859802, -0.7687268853187561, -0.11713175475597382], [0.7205318808555603, -0.6908373236656189, -0.059808965772390366, 0.26571154594421387], [0.0, 0.0, 0.0, 1.0]]}, "finger1joint2": {"matrix": [[-0.329323947429657, 0.5371069312095642, -0.7765705585479736, -2.733614206314087], [0.6129714250564575, 0.7471932172775269, 0.25684282183647156, 0.16112816333770752], [0.7182002663612366, -0.3914310336112976, -0.5752997398376465, -0.12473469972610474], [0.0, 0.0, 0.0, 1.0]]}, "finger1joint3": {"matrix": [[-0.4257584512233734, 0.9014504551887512, 0.07820991426706314, -2.5033650398254395], [0.6080041527748108, 0.22100326418876648, 0.7625539302825928, 0.481437623500824], [0.6701199412345886, 0.3722156286239624, -0.6421794891357422, -0.2925347685813904], [0.0, 0.0, 0.0, 1.0]]}, "Bone.001": {"matrix": [[-0.07300437986850739, -0.9781755805015564, 0.19453181326389313, -1.6474177837371826], [0.7858704328536987, -0.17651613056659698, -0.592663049697876, -0.38707828521728516], [0.6140665411949158, 0.10960981249809265, 0.7816057205200195, 0.24626879394054413], [0.0, 0.0, 0.0, 1.0]]}, "finger2joint1": {"matrix": [[-0.808638870716095, -0.10070107132196426, -0.5796224474906921, -2.2674670219421387], [0.423221230506897, 0.5847789645195007, -0.692038357257843, -0.4989689290523529], [0.408640056848526, -0.8049176335334778, -0.430256187915802, 0.3157486617565155], [0.0, 0.0, 0.0, 1.0]]}, "finger2joint2": {"matrix": [[-0.7573931813240051, 0.06685356050729752, -0.6495275497436523, -2.354588747024536], [0.5365042686462402, 0.6307117342948914, -0.5606832504272461, 0.006951943039894104], [0.3721810281276703, -0.7731318473815918, -0.5135639309883118, -0.3806249797344208], [0.0, 0.0, 0.0, 1.0]]}, "finger2joint3": {"matrix": [[-0.6836398243904114, 0.3146897852420807, -0.6584882140159607, -2.329210042953491], [0.6532429456710815, 0.666181206703186, -0.35982781648635864, 0.24638044834136963], [0.32543835043907166, -0.6761453747749329, -0.6609967947006226, -0.6741185188293457], [0.0, 0.0, 0.0, 1.0]]}, "Bone.002": {"matrix": [[-0.7374237775802612, -0.6246206760406494, 0.2570117115974426, -1.6474177837371826], [0.4494362473487854, -0.7378222942352295, -0.5036121606826782, -0.38707828521728516], [0.5041956305503845, -0.2558651268482208, 0.8248147964477539, 0.24626879394054413], [0.0, 0.0, 0.0, 1.0]]}, "finger3joint1": {"matrix": [[-0.8555406332015991, -0.3110557198524475, 0.4138774871826172, -1.9107016324996948], [0.4148382246494293, -0.8901514410972595, 0.1885196715593338, -0.6980777978897095], [0.30977362394332886, 0.33297836780548096, 0.8905982971191406, 0.13841906189918518], [0.0, 0.0, 0.0, 1.0]]}, "finger3joint2": {"matrix": [[-0.9093656539916992, -0.2889534831047058, -0.2992655634880066, -2.18355393409729], [0.2612369656562805, 0.16319383680820465, -0.9513795375823975, -1.4789022207260132], [0.3237428069114685, -0.9433310031890869, -0.07291749119758606, 0.4305015802383423], [0.0, 0.0, 0.0, 1.0]]}, "finger3joint3": {"matrix": [[-0.8592897057533264, 0.45921871066093445, -0.22525376081466675, -2.370530128479004], [0.42527496814727783, 0.8861230611801147, 0.1841929405927658, -1.373302698135376], [0.2841874659061432, 0.06248020753264427, -0.9567306637763977, -0.179909348487854], [0.0, 0.0, 0.0, 1.0]]}, "Bone.003": {"matrix": [[-0.6752173900604248, 0.4010840952396393, 0.6190419793128967, -1.6474177837371826], [-0.3505634367465973, -0.9128977060317993, 0.2091006636619568, -0.38707828521728516], [0.6489888429641724, -0.07582511007785797, 0.757009744644165, 0.24626879394054413], [0.0, 0.0, 0.0, 1.0]]}, "finger4joint1": {"matrix": [[-0.8073933124542236, -0.5893124938011169, -0.028748882934451103, -1.4755053520202637], [0.472979873418808, -0.6173433661460876, -0.6286309957504272, -0.7783640623092651], [0.3527122735977173, -0.5211501121520996, 0.7771719098091125, 0.21376869082450867], [0.0, 0.0, 0.0, 1.0]]}, "finger4joint2": {"matrix": [[-0.8210945129394531, -0.33260953426361084, -0.46386873722076416, -2.0609042644500732], [0.44647693634033203, 0.13205501437187195, -0.8849969506263733, -1.391607642173767], [0.35561469197273254, -0.9337729215621948, 0.04007288068532944, -0.3039205074310303], [0.0, 0.0, 0.0, 1.0]]}, "finger4joint3": {"matrix": [[-0.7837303280830383, -0.05469378083944321, -0.6186880469322205, -2.1996233463287354], [0.44685283303260803, 0.6421902775764465, -0.6228273510932922, -1.3365323543548584], [0.4313803017139435, -0.7645912766456604, -0.478863924741745, -0.6933625340461731], [0.0, 0.0, 0.0, 1.0]]}}