{"root": {"matrix": [[0.37180978059768677, 0.3958825469017029, 0.8396633267402649, 0.0], [-0.23656697571277618, 0.9150523543357849, -0.3266730010509491, 5.960464477539063e-08], [-0.8976600766181946, -0.07717632502317429, 0.4338781535625458, -7.450580596923828e-09], [0.0, 0.0, 0.0, 1.0]]}, "carpals": {"matrix": [[-0.573460042476654, -0.8096939921379089, 0.1246551051735878, 1.1339341402053833], [0.5847086906433105, -0.2979508638381958, 0.7545467019081116, 0.3974047303199768], [-0.5738110542297363, 0.5055893063545227, 0.6442981958389282, -2.154355525970459], [0.0, 0.0, 0.0, 1.0]]}, "metacarpals": {"matrix": [[-0.3093037009239197, -0.7133901119232178, 0.6288127303123474, 0.34529709815979004], [0.8745955228805542, 0.04622616618871689, 0.4826444089412689, 0.10720239579677582], [-0.37338146567344666, 0.699240505695343, 0.6096300482749939, -1.661914587020874], [0.0, 0.0, 0.0, 1.0]]}, "finger5joint1": {"matrix": [[0.13967004418373108, -0.9147025346755981, 0.3792244791984558, -0.2662138342857361], [0.8572487235069275, 0.3033800423145294, 0.4160347878932953, -0.21842342615127563], [-0.49559733271598816, 0.26698195934295654, 0.8265008926391602, -1.4481459856033325], [0.0, 0.0, 0.0, 1.0]]}, "finger5joint2": {"matrix": [[0.3846535086631775, -0.8928735256195068, -0.23413203656673431, -1.2323887348175049], [0.39446133375167847, 0.38832247257232666, -0.8328297734260559, 0.102028489112854], [0.834530770778656, 0.22799475491046906, 0.501573920249939, -1.1661403179168701], [0.0, 0.0, 0.0, 1.0]]}, "finger5joint3": {"matrix": [[0.31192314624786377, -0.8672338128089905, -0.3880835175514221, -1.8460921049118042], [0.4742405116558075, 0.4960547983646393, -0.7273410558700562, 0.36893612146377563], [0.8232857584953308, 0.04282941669225693, 0.5660085678100586, -1.0094314813613892], [0.0, 0.0, 0.0, 1.0]]}, "Bone": {"matrix": [[0.6012853980064392, -0.5199649333953857, 0.6067058444023132, -0.7685028314590454], [0.04877099394798279, 0.7817661166191101, 0.6216614842414856, 0.17937421798706055], [-0.7975442409515381, -0.34420648217201233, 0.49542391300201416, -0.5702061653137207], [0.0, 0.0, 0.0, 1.0]]}, "finger1joint1": {"matrix": [[0.4298337399959564, -0.6295070648193359, 0.6472738981246948, -1.2012114524841309], [0.5935376882553101, 0.7372186183929443, 0.3228336572647095, 0.8299504518508911], [-0.6804084181785583, 0.24541649222373962, 0.690517783164978, -0.8566504716873169], [0.0, 0.0, 0.0, 1.0]]}, "finger1joint2": {"matrix": [[0.22486048936843872, -0.9704275131225586, 0.0877951830625534, -1.5569950342178345], [0.4522016942501068, 0.18374226987361908, 0.8727841973304749, 1.246610403060913], [-0.8631055355072021, -0.15655380487442017, 0.4801453948020935, -0.7179464101791382], [0.0, 0.0, 0.0, 1.0]]}, "finger1joint3": {"matrix": [[0.2680456340312958, -0.5436784029006958, -0.7953395843505859, -1.9730013608932495], [0.5312193632125854, -0.6053012609481812, 0.5928037166595459, 1.3253775835037231], [-0.8037147521972656, -0.5813983678817749, 0.1265639215707779, -0.7850584387779236], [0.0, 0.0, 0.0, 1.0]]}, "Bone.001": {"matrix": [[0.4570067226886749, -0.46266070008277893, 0.7596641182899475, -0.768502950668335], [0.3833133578300476, 0.8731359839439392, 0.301171213388443, 0.17937421798706055], [-0.8026302456855774, 0.1535521149635315, 0.576373279094696, -0.5702061653137207], [0.0, 0.0, 0.0, 1.0]]}, "finger2joint1": {"matrix": [[0.1687159687280655, -0.448868066072464, 0.8775261044502258, -1.061776041984558], [0.694746732711792, 0.6856865286827087, 0.2171650230884552, 0.7328408360481262], [-0.6991863250732422, 0.5730192065238953, 0.42753615975379944, -0.47287192940711975], [0.0, 0.0, 0.0, 1.0]]}, "finger2joint2": {"matrix": [[0.04561334475874901, -0.9932766556739807, 0.10639779269695282, -1.4501137733459473], [0.7308538556098938, 0.10579033941030502, 0.6742854118347168, 1.3260618448257446], [-0.681007981300354, 0.04700462147593498, 0.7307656407356262, 0.02287503518164158], [0.0, 0.0, 0.0, 1.0]]}, "finger2joint3": {"matrix": [[-0.07830454409122467, -0.7219846844673157, -0.6874635219573975, -1.8271777629852295], [0.6749721169471741, -0.5458822250366211, 0.4964119791984558, 1.36622154712677], [-0.7336761355400085, -0.4251476526260376, 0.530064582824707, 0.04071876406669617], [0.0, 0.0, 0.0, 1.0]]}, "Bone.002": {"matrix": [[-0.007037651259452105, -0.557954728603363, 0.8298413753509521, -0.7685028910636902], [0.8787650465965271, 0.3925713300704956, 0.27140310406684875, 0.17937426269054413], [-0.4772026836872101, 0.7311455607414246, 0.4875485599040985, -0.5702061057090759], [0.0, 0.0, 0.0, 1.0]]}, "finger3joint1": {"matrix": [[-0.23382307589054108, -0.9449576735496521, -0.22887004911899567, -1.0036864280700684], [0.8669807314872742, -0.309187650680542, 0.3908291161060333, 0.34484702348709106], [-0.4400809705257416, -0.10704124718904495, 0.8915552496910095, -0.26202091574668884], [0.0, 0.0, 0.0, 1.0]]}, "finger3joint2": {"matrix": [[-0.3712436854839325, -0.4978581964969635, -0.7837826013565063, -1.8325858116149902], [0.7913618087768555, -0.6112011075019836, 0.013400816358625889, 0.07363331317901611], [-0.485720694065094, -0.6152806878089905, 0.6208904385566711, -0.35591554641723633], [0.0, 0.0, 0.0, 1.0]]}, "finger3joint3": {"matrix": [[-0.2583896517753601, -0.162083238363266, -0.9523463249206543, -2.15474009513855], [0.7465255856513977, -0.6591928601264954, -0.09035627543926239, -0.3218628764152527], [-0.6131348609924316, -0.7342981100082397, 0.29132771492004395, -0.7540515661239624], [0.0, 0.0, 0.0, 1.0]]}, "Bone.003": {"matrix": [[0.15502293407917023, 0.17354080080986023, 0.9725489020347595, -0.768502950668335], [0.9346670508384705, -0.3445892333984375, -0.08749634027481079, 0.17937427759170532], [0.31994572281837463, 0.9225735068321228, -0.21562190353870392, -0.5702061057090759], [0.0, 0.0, 0.0, 1.0]]}, "finger4joint1": {"matrix": [[0.2081841081380844, -0.7586634159088135, 0.6173238754272461, -0.694119930267334], [0.6622332334518433, 0.5738108158111572, 0.48185884952545166, 0.031676650047302246], [-0.7197960019111633, 0.3084968626499176, 0.6218706369400024, -0.174773171544075], [0.0, 0.0, 0.0, 1.0]]}, "finger4joint2": {"matrix": [[0.2026202231645584, -0.9750464558601379, -0.0907139703631401, -1.4477452039718628], [0.6843940019607544, 0.07474488765001297, 0.7252708077430725, 0.6016768217086792], [-0.7003923654556274, -0.20903894305229187, 0.6824608445167542, 0.13167494535446167], [0.0, 0.0, 0.0, 1.0]]}, "finger4joint3": {"matrix": [[0.28427591919898987, -0.8333025574684143, -0.4741239547729492, -1.854400634765625], [0.6651288270950317, -0.1847521811723709, 0.7235121726989746, 0.6328501105308533], [-0.6905000805854797, -0.5210309624671936, 0.5017330050468445, 0.04449257254600525], [0.0, 0.0, 0.0, 1.0]]}}