{"root": {"matrix": [[0.49931809306144714, -0.8616324067115784, 0.09094519168138504, 0.0], [-0.22040212154388428, -0.22783006727695465, -0.9484283924102783, 0.0], [0.8379166722297668, 0.4535229206085205, -0.3036653697490692, 0.0], [0.0, 0.0, 0.0, 1.0]]}, "carpals": {"matrix": [[0.05070299282670021, -0.6639469861984253, -0.7460585832595825, 0.2755904197692871], [0.9898049235343933, -0.06614824384450912, 0.12613609433174133, -0.6148091554641724], [-0.13309794664382935, -0.7448480129241943, 0.6538242697715759, 2.3729822635650635], [0.0, 0.0, 0.0, 1.0]]}, "metacarpals": {"matrix": [[0.4312788248062134, -0.7843306660652161, -0.4458965063095093, -0.3710900545120239], [0.8591706156730652, 0.20619753003120422, 0.4683035910129547, -0.6792371273040771], [-0.2753619849681854, -0.5850705504417419, 0.7628027200698853, 1.6475048065185547], [0.0, 0.0, 0.0, 1.0]]}, "finger5joint1": {"matrix": [[0.5725664496421814, -0.6903458833694458, -0.44225549697875977, -0.7109307050704956], [0.8111816644668579, 0.398745059967041, 0.42776918411254883, -0.9049663543701172], [-0.1189613789319992, -0.6036757230758667, 0.7883042097091675, 1.048147201538086], [0.0, 0.0, 0.0, 1.0]]}, "finger5joint2": {"matrix": [[-0.38335752487182617, -0.7588185667991638, -0.5265271663665771, -1.4401240348815918], [0.32948222756385803, 0.4202139675617218, -0.8454946279525757, -0.48378297686576843], [0.8628314733505249, -0.49760791659355164, 0.088924840092659, 0.41050127148628235], [0.0, 0.0, 0.0, 1.0]]}, "finger5joint3": {"matrix": [[-0.4229516386985779, -0.6026874780654907, -0.6766677498817444, -1.9616864919662476], [0.4133186340332031, 0.5362313985824585, -0.7359504103660583, -0.19495518505573273], [0.8063989281654358, -0.5909507274627686, 0.02230185642838478, 0.06847789883613586], [0.0, 0.0, 0.0, 1.0]]}, "Bone": {"matrix": [[0.876400351524353, 0.3602737486362457, -0.31956982612609863, -1.5956480503082275], [-0.10987012088298798, 0.7956616878509521, 0.5956935882568359, -0.35730549693107605], [0.4688822031021118, -0.48695483803749084, 0.7369017601013184, 0.7340471744537354], [0.0, 0.0, 0.0, 1.0]]}, "finger1joint1": {"matrix": [[0.718229353427887, -0.6914811730384827, -0.07745980471372604, -1.2958323955535889], [0.6955323219299316, 0.7166077494621277, 0.05203790217638016, 0.30483436584472656], [0.019525129348039627, -0.09125075489282608, 0.9956364035606384, 0.32880935072898865], [0.0, 0.0, 0.0, 1.0]]}, "finger1joint2": {"matrix": [[0.7213943600654602, -0.6895986199378967, -0.06358972191810608, -1.6866426467895508], [0.6321908235549927, 0.6182783246040344, 0.4669758975505829, 0.7098455429077148], [-0.2827098071575165, -0.3770744800567627, 0.8819806575775146, 0.2772364020347595], [0.0, 0.0, 0.0, 1.0]]}, "finger1joint3": {"matrix": [[0.7360566854476929, -0.5179832577705383, -0.4357907772064209, -1.9822622537612915], [0.653122067451477, 0.3742322027683258, 0.6583173871040344, 0.974891185760498], [-0.1779104620218277, -0.7691834568977356, 0.6137626767158508, 0.11559079587459564], [0.0, 0.0, 0.0, 1.0]]}, "Bone.001": {"matrix": [[0.9024237990379333, -0.1083364486694336, -0.41700610518455505, -1.595647931098938], [0.23684178292751312, 0.9332528114318848, 0.27008309960365295, -0.35730552673339844], [0.35991233587265015, -0.34249377250671387, 0.8678483963012695, 0.7340471744537354], [0.0, 0.0, 0.0, 1.0]]}, "finger2joint1": {"matrix": [[0.5445231795310974, -0.5000256299972534, -0.6734007000923157, -1.664320468902588], [0.8148742914199829, 0.1252012550830841, 0.565954327583313, 0.2342681586742401], [-0.19868095219135284, -0.8569122552871704, 0.47563329339027405, 0.516946017742157], [0.0, 0.0, 0.0, 1.0]]}, "finger2joint2": {"matrix": [[0.5569649934768677, -0.1903647780418396, -0.8084249496459961, -2.096917152404785], [0.7670549154281616, -0.25532805919647217, 0.5885866284370422, 0.3425859212875366], [-0.318459689617157, -0.9479285478591919, 0.0038116476498544216, -0.224410742521286], [0.0, 0.0, 0.0, 1.0]]}, "finger2joint3": {"matrix": [[0.601447343826294, -0.05319621041417122, -0.7971391677856445, -2.169182777404785], [0.6770265698432922, -0.49578219652175903, 0.5439069271087646, 0.24565917253494263], [-0.42414116859436035, -0.8668160438537598, -0.2621714770793915, -0.5842599272727966], [0.0, 0.0, 0.0, 1.0]]}, "Bone.002": {"matrix": [[0.5777387619018555, -0.7494385838508606, -0.32335665822029114, -1.595647931098938], [0.8162034153938293, 0.5331092476844788, 0.22272489964962006, -0.35730552673339844], [0.005465923808515072, -0.3926014304161072, 0.9196923971176147, 0.7340471744537354], [0.0, 0.0, 0.0, 1.0]]}, "finger3joint1": {"matrix": [[0.5067750811576843, -0.5117685794830322, -0.6937375068664551, -1.9115437269210815], [0.8354584574699402, 0.09312140941619873, 0.5416064262390137, -0.13259463012218475], [-0.21257518231868744, -0.854061484336853, 0.474753201007843, 0.5685617923736572], [0.0, 0.0, 0.0, 1.0]]}, "finger3joint2": {"matrix": [[0.4460032880306244, 0.07404729723930359, -0.891963005065918, -2.3604576587677], [0.8180251717567444, -0.4381312131881714, 0.37266042828559875, -0.05091029405593872], [-0.36320215463638306, -0.8958560228347778, -0.25598034262657166, -0.1806052327156067], [0.0, 0.0, 0.0, 1.0]]}, "finger3joint3": {"matrix": [[0.5927645564079285, 0.3223961293697357, -0.7380316853523254, -2.3125431537628174], [0.7209480404853821, -0.6208667159080505, 0.30782854557037354, -0.3344162702560425], [-0.35897642374038696, -0.7145525813102722, -0.6004584431648254, -0.7602959871292114], [0.0, 0.0, 0.0, 1.0]]}, "Bone.003": {"matrix": [[-0.17385333776474, -0.923351526260376, 0.3423402011394501, -1.595647931098938], [0.9389845728874207, -0.26019999384880066, -0.22495268285274506, -0.35730552673339844], [0.2967875897884369, 0.28234347701072693, 0.9122495651245117, 0.7340471744537354], [0.0, 0.0, 0.0, 1.0]]}, "finger4joint1": {"matrix": [[0.9255503416061401, -0.2806478440761566, -0.25415152311325073, -1.9914145469665527], [0.34398066997528076, 0.9037774205207825, 0.2546828091144562, -0.4688323140144348], [0.15822026133537292, -0.32314473390579224, 0.9330292344093323, 0.8550650477409363], [0.0, 0.0, 0.0, 1.0]]}, "finger4joint2": {"matrix": [[0.9137933850288391, -0.08363442122936249, -0.3974750339984894, -2.270198345184326], [0.3694614768028259, 0.5777221322059631, 0.7278289794921875, 0.4289431571960449], [0.16875861585140228, -0.8119370341300964, 0.5588187575340271, 0.5340663194656372], [0.0, 0.0, 0.0, 1.0]]}, "finger4joint3": {"matrix": [[0.9232993721961975, 0.3169863522052765, -0.21688103675842285, -2.305079221725464], [0.3094722628593445, -0.27955469489097595, 0.9088870882987976, 0.6698895692825317], [0.22747471928596497, -0.9062939286231995, -0.35621094703674316, 0.1954375058412552], [0.0, 0.0, 0.0, 1.0]]}}