{"root": {"matrix": [[0.23689647018909454, -0.4196682274341583, -0.8762183785438538, -2.9802322387695312e-08], [-0.9709182381629944, -0.13439415395259857, -0.19813114404678345, 0.0], [-0.0346093513071537, 0.8976729512214661, -0.439301073551178, 5.960464477539063e-08], [0.0, 0.0, 0.0, 1.0]]}, "carpals": {"matrix": [[0.8498912453651428, -0.49991607666015625, 0.16663919389247894, 0.22346711158752441], [0.28533250093460083, 0.7024354934692383, 0.6520501375198364, -2.304978370666504], [-0.4430236518383026, -0.5066242218017578, 0.7396361827850342, 0.8497778177261353], [0.0, 0.0, 0.0, 1.0]]}, "metacarpals": {"matrix": [[0.08375349640846252, -0.5888118743896484, 0.8039190769195557, -0.2634480595588684], [-0.07559765875339508, 0.8006741404533386, 0.594310998916626, -1.6208105087280273], [-0.993614673614502, -0.11055003106594086, 0.02254645712673664, 0.3563288450241089], [0.0, 0.0, 0.0, 1.0]]}, "finger5joint1": {"matrix": [[0.52732914686203, -0.6853512525558472, 0.5022125840187073, -0.9448670744895935], [-0.2779427170753479, 0.41941213607788086, 0.8641995191574097, -1.3951056003570557], [-0.8029145002365112, -0.595304012298584, 0.030679885298013687, 0.45831170678138733], [0.0, 0.0, 0.0, 1.0]]}, "finger5joint2": {"matrix": [[0.5371095538139343, -0.5312524437904358, -0.6551975011825562, -1.668784737586975], [0.835207462310791, 0.4436739683151245, 0.32493263483047485, -0.9520922899246216], [0.11807283759117126, -0.7217502593994141, 0.6820078492164612, -0.17049145698547363], [0.0, 0.0, 0.0, 1.0]]}, "finger5joint3": {"matrix": [[0.5204218029975891, -0.45019257068634033, -0.7255945205688477, -2.033933162689209], [0.8538181185722351, 0.28673413395881653, 0.43448519706726074, -0.6471395492553711], [0.01245070155709982, -0.8456414937973022, 0.5336055755615234, -0.6665756702423096], [0.0, 0.0, 0.0, 1.0]]}, "Bone": {"matrix": [[0.524557888507843, -0.14468786120414734, 0.8389900326728821, -1.1827468872070312], [-0.8501003980636597, -0.035119034349918365, 0.5254478454589844, -0.37073585391044617], [-0.04656141251325607, -0.9888538718223572, -0.14142121374607086, 0.18372952938079834], [0.0, 0.0, 0.0, 1.0]]}, "finger1joint1": {"matrix": [[0.6179877519607544, -0.7861863970756531, 0.001425359514541924, -1.3031542301177979], [-0.2677844762802124, -0.2087886929512024, 0.9405840039253235, -0.3999614715576172], [-0.7391769289970398, -0.5816512107849121, -0.3395574390888214, -0.6391823887825012], [0.0, 0.0, 0.0, 1.0]]}, "finger1joint2": {"matrix": [[0.6038095951080322, -0.7698742151260376, -0.20665831863880157, -1.7474899291992188], [-0.5372074246406555, -0.5845468044281006, 0.6080401539802551, -0.517964243888855], [-0.588916003704071, -0.2561221122741699, -0.7665372490882874, -0.967919111251831], [0.0, 0.0, 0.0, 1.0]]}, "finger1joint3": {"matrix": [[0.607612133026123, -0.4014204144477844, -0.6853241324424744, -2.0775222778320312], [-0.45105865597724915, -0.8846259713172913, 0.1182481199502945, -0.7685498595237732], [-0.653722882270813, 0.23727241158485413, -0.7185736894607544, -1.0777143239974976], [0.0, 0.0, 0.0, 1.0]]}, "Bone.001": {"matrix": [[0.5397207140922546, -0.03003089502453804, 0.8413082361221313, -1.1827468872070312], [-0.7435917258262634, 0.45152363181114197, 0.49315035343170166, -0.37073585391044617], [-0.39468035101890564, -0.8917534351348877, 0.22136595845222473, 0.18372952938079834], [0.0, 0.0, 0.0, 1.0]]}, "finger2joint1": {"matrix": [[0.13874894380569458, -0.9507206678390503, -0.2772701680660248, -1.2017829418182373], [-0.18788565695285797, -0.30016401410102844, 0.935200572013855, -0.08452236652374268], [-0.9723411798477173, -0.07766301184892654, -0.22027426958084106, -0.38153836131095886], [0.0, 0.0, 0.0, 1.0]]}, "finger2joint2": {"matrix": [[0.07723236829042435, -0.5067144632339478, -0.8586474657058716, -2.0242979526519775], [-0.29987722635269165, -0.833146870136261, 0.4646928906440735, -0.3442089855670929], [-0.950846254825592, 0.2215995192527771, -0.21629807353019714, -0.44872844219207764], [0.0, 0.0, 0.0, 1.0]]}, "finger2joint3": {"matrix": [[0.0950154960155487, -0.009300918318331242, -0.9954321980476379, -2.2166550159454346], [-0.43377208709716797, -0.9004181623458862, -0.03299100324511528, -0.6604852080345154], [-0.8959985971450806, 0.43492549657821655, -0.08958819508552551, -0.3646056652069092], [0.0, 0.0, 0.0, 1.0]]}, "Bone.002": {"matrix": [[0.3526105582714081, -0.29714247584342957, 0.8873398900032043, -1.1827468872070312], [-0.22581936419010162, 0.8932008743286133, 0.38884109258651733, -0.3707358241081238], [-0.9081141352653503, -0.33748799562454224, 0.24785155057907104, 0.18372952938079834], [0.0, 0.0, 0.0, 1.0]]}, "finger3joint1": {"matrix": [[0.4490387439727783, -0.7379417419433594, 0.5037918090820312, -1.307995319366455], [-0.38503706455230713, 0.34898462891578674, 0.8543744683265686, 0.0057573020458221436], [-0.8062944412231445, -0.5776258111000061, -0.12742729485034943, 0.04147496819496155], [0.0, 0.0, 0.0, 1.0]]}, "finger3joint2": {"matrix": [[0.30681857466697693, -0.42079105973243713, -0.8536961674690247, -1.9553042650222778], [-0.3578609526157379, -0.882144033908844, 0.3061978816986084, 0.3118801414966583], [-0.8819285035133362, 0.21155737340450287, -0.421242892742157, -0.46520769596099854], [0.0, 0.0, 0.0, 1.0]]}, "finger3joint3": {"matrix": [[0.42474979162216187, 0.06139645352959633, -0.9032264351844788, -2.2275900840759277], [-0.4475758671760559, -0.8529980182647705, -0.2684584856033325, -0.2589378356933594], [-0.7869329452514648, 0.518290102481842, -0.3348310887813568, -0.32831311225891113], [0.0, 0.0, 0.0, 1.0]]}, "Bone.003": {"matrix": [[0.5602196455001831, 0.05001609027385712, 0.8268327713012695, -1.1827468872070312], [0.5179840922355652, 0.7577879428863525, -0.39679911732673645, -0.3707358241081238], [-0.6464102268218994, 0.6505810022354126, 0.3986201882362366, 0.18372955918312073], [0.0, 0.0, 0.0, 1.0]]}, "finger4joint1": {"matrix": [[0.2651841938495636, -0.3115811049938202, 0.9124661087989807, -1.1613091230392456], [-0.40009406208992004, 0.8254694938659668, 0.3981509804725647, -0.04593324661254883], [-0.8772695660591125, -0.4706556499004364, 0.0942397341132164, 0.46258121728897095], [0.0, 0.0, 0.0, 1.0]]}, "finger4joint2": {"matrix": [[0.2755424678325653, -0.9483857154846191, 0.15697374939918518, -1.4708209037780762], [-0.3733035624027252, 0.044912274926900864, 0.9266210794448853, 0.7740544080734253], [-0.8858444690704346, -0.31392234563827515, -0.3416605293750763, -0.004948839545249939], [0.0, 0.0, 0.0, 1.0]]}, "finger4joint3": {"matrix": [[0.3510984182357788, -0.8029547333717346, -0.4816569685935974, -1.8663573265075684], [-0.38926005363464355, -0.5930140614509583, 0.7048476934432983, 0.79278564453125], [-0.8515903353691101, -0.05998111143708229, -0.5207645297050476, -0.1358741968870163], [0.0, 0.0, 0.0, 1.0]]}}