{"root": {"matrix": [[0.6556961536407471, -0.5883012413978577, 0.47324860095977783, 0.0], [0.3389236330986023, 0.7894399166107178, 0.5117766857147217, 5.960464477539063e-08], [-0.6746801733970642, -0.1751747876405716, 0.7170219421386719, -1.4901161193847656e-08], [0.0, 0.0, 0.0, 1.0]]}, "carpals": {"matrix": [[0.2273443192243576, -0.6438776254653931, -0.7305722236633301, 0.8537952303886414], [-0.5299189686775208, -0.7112125158309937, 0.461911678314209, 1.4816465377807617], [-0.8170069456100464, 0.28213104605674744, -0.5028932094573975, -1.7778475284576416], [0.0, 0.0, 0.0, 1.0]]}, "metacarpals": {"matrix": [[0.07912211120128632, -0.9807919859886169, -0.1782875508069992, 0.22666239738464355], [-0.9271018505096436, -0.13812781870365143, 0.34842878580093384, 0.7889297008514404], [-0.36636286973953247, 0.13772226870059967, -0.9202231764793396, -1.5030536651611328], [0.0, 0.0, 0.0, 1.0]]}, "finger5joint1": {"matrix": [[-0.4382578432559967, -0.8513311743736267, -0.28838327527046204, -0.27358710765838623], [-0.864237904548645, 0.3109317719936371, 0.3954921364784241, 0.7294466495513916], [-0.24702748656272888, 0.4225594401359558, -0.8720211386680603, -0.9816258549690247], [0.0, 0.0, 0.0, 1.0]]}, "finger5joint2": {"matrix": [[-0.2687924802303314, -0.9253433346748352, 0.267375111579895, -1.1728246212005615], [0.40616801381111145, 0.14281177520751953, 0.902569591999054, 1.0578752756118774], [-0.8733714818954468, 0.3512032628059387, 0.3374585211277008, -0.5352880358695984], [0.0, 0.0, 0.0, 1.0]]}, "finger5joint3": {"matrix": [[-0.36831504106521606, -0.9294044971466064, 0.02346145361661911, -1.8088455200195312], [0.36741751432418823, -0.12233030796051025, 0.9219756722450256, 1.1560348272323608], [-0.8540186882019043, 0.3481977581977844, 0.38653597235679626, -0.2938937246799469], [0.0, 0.0, 0.0, 1.0]]}, "Bone": {"matrix": [[0.9927639365196228, -0.057770874351263046, -0.10527060180902481, -1.3046263456344604], [-0.036701302975416183, -0.9806935787200928, 0.19207537174224854, 0.5732738971710205], [-0.11433456093072891, -0.18682216107845306, -0.9757176637649536, -1.2880311012268066], [0.0, 0.0, 0.0, 1.0]]}, "finger1joint1": {"matrix": [[0.5034645795822144, -0.7812532186508179, -0.36900725960731506, -1.3527023792266846], [-0.7015883922576904, -0.6189233064651489, 0.3531394302845001, -0.2428472340106964], [-0.5042787790298462, 0.08109792321920395, -0.8597243428230286, -1.4435021877288818], [0.0, 0.0, 0.0, 1.0]]}, "finger1joint2": {"matrix": [[0.6074296832084656, -0.675171434879303, -0.41853588819503784, -1.7942497730255127], [-0.763271152973175, -0.6420530080795288, -0.07200713455677032, -0.5926492214202881], [-0.22010518610477448, 0.36319562792778015, -0.9053411483764648, -1.3976675271987915], [0.0, 0.0, 0.0, 1.0]]}, "finger1joint3": {"matrix": [[0.5862793326377869, -0.3837195336818695, -0.7134672403335571, -2.0836846828460693], [-0.7425678372383118, -0.6066031455993652, -0.2839464843273163, -0.8678867816925049], [-0.3238358199596405, 0.6962698101997375, -0.6405768394470215, -1.2419713735580444], [0.0, 0.0, 0.0, 1.0]]}, "Bone.001": {"matrix": [[0.8949064016342163, -0.4413585960865021, -0.06591402739286423, -1.3046261072158813], [-0.34338894486427307, -0.7754037976264954, 0.5299364328384399, 0.5732738971710205], [-0.28500208258628845, -0.45160964131355286, -0.8454716801643372, -1.288030982017517], [0.0, 0.0, 0.0, 1.0]]}, "finger2joint1": {"matrix": [[0.5079466700553894, -0.8510499000549316, -0.13305562734603882, -1.5843963623046875], [-0.7373964786529541, -0.5094529390335083, 0.44351300597190857, 0.08175811171531677], [-0.44523751735687256, -0.12716636061668396, -0.8863363862037659, -1.5742989778518677], [0.0, 0.0, 0.0, 1.0]]}, "finger2joint2": {"matrix": [[0.439017117023468, -0.35318535566329956, -0.8261498808860779, -2.32068133354187], [-0.8182635307312012, -0.5369400382041931, -0.2052801549434662, -0.3589945435523987], [-0.37109124660491943, 0.7661299109458923, -0.5247247815132141, -1.684316873550415], [0.0, 0.0, 0.0, 1.0]]}, "finger2joint3": {"matrix": [[0.46766147017478943, 0.5238262414932251, -0.7119678854942322, -2.454756021499634], [-0.8528116941452026, 0.05562913417816162, -0.5192468166351318, -0.5628257989883423], [-0.2323891520500183, 0.850006639957428, 0.4727408289909363, -1.3934813737869263], [0.0, 0.0, 0.0, 1.0]]}, "Bone.002": {"matrix": [[0.3346234858036041, -0.9410950541496277, 0.04864968731999397, -1.304626226425171], [-0.7950854301452637, -0.2542419135570526, 0.5506359934806824, 0.5732738971710205], [-0.505832314491272, -0.22293652594089508, -0.8333264589309692, -1.2880311012268066], [0.0, 0.0, 0.0, 1.0]]}, "finger3joint1": {"matrix": [[0.4958614110946655, -0.5894441604614258, -0.6377120614051819, -1.7013072967529297], [-0.705166757106781, -0.7018895745277405, 0.10045279562473297, 0.4661083221435547], [-0.5068150758743286, 0.39988264441490173, -0.763696551322937, -1.3820010423660278], [0.0, 0.0, 0.0, 1.0]]}, "finger3joint2": {"matrix": [[0.4207795560359955, -0.09355428069829941, -0.9023258090019226, -2.2183568477630615], [-0.8106392025947571, -0.48525142669677734, -0.32771188020706177, -0.14957624673843384], [-0.4071962833404541, 0.8693551421165466, -0.2800227999687195, -1.03123140335083], [0.0, 0.0, 0.0, 1.0]]}, "finger3joint3": {"matrix": [[0.5613588094711304, 0.21917536854743958, -0.7980213761329651, -2.2788939476013184], [-0.7670480012893677, -0.224192276597023, -0.6011447906494141, -0.4635728895664215], [-0.31066659092903137, 0.9495788216590881, 0.04226560518145561, -0.4686887860298157], [0.0, 0.0, 0.0, 1.0]]}, "Bone.003": {"matrix": [[-0.23447945713996887, -0.6410881876945496, 0.7307701706886292, -1.304626226425171], [-0.36514583230018616, 0.7547650933265686, 0.544975221157074, 0.5732738971710205], [-0.9009372591972351, -0.139052152633667, -0.4110676348209381, -1.2880311012268066], [0.0, 0.0, 0.0, 1.0]]}, "finger4joint1": {"matrix": [[-0.10143531858921051, -0.8486972451210022, -0.5190600156784058, -1.5794090032577515], [-0.950391411781311, -0.07154953479766846, 0.3027151823043823, 0.8967808485031128], [-0.2940523028373718, 0.5240164399147034, -0.7993371486663818, -1.347631573677063], [0.0, 0.0, 0.0, 1.0]]}, "finger4joint2": {"matrix": [[-0.13086767494678497, -0.012723534367978573, -0.9913179278373718, -2.4224703311920166], [-0.9457589983940125, -0.29829567670822144, 0.12868212163448334, 0.8257064819335938], [-0.297343373298645, 0.9543885588645935, 0.027003882452845573, -0.8270950317382812], [0.0, 0.0, 0.0, 1.0]]}, "finger4joint3": {"matrix": [[-0.11484140902757645, 0.6302661895751953, -0.7678381204605103, -2.42777681350708], [-0.9194705486297607, -0.3600163757801056, -0.1579924374818802, 0.7012984156608582], [-0.37601184844970703, 0.6878607869148254, 0.6208562254905701, -0.4290550649166107], [0.0, 0.0, 0.0, 1.0]]}}