{"root": {"matrix": [[0.24057044088840485, -0.4960167407989502, -0.8343220353126526, -2.9802322387695312e-08], [-0.9499391317367554, 0.05622496455907822, -0.3073343336582184, 0.0], [0.19935262203216553, 0.8664907217025757, -0.45765966176986694, 0.0], [0.0, 0.0, 0.0, 1.0]]}, "carpals": {"matrix": [[0.7856676578521729, -0.6107209920883179, 0.09872252494096756, 0.1523342728614807], [0.2400219589471817, 0.4479932487010956, 0.8612148761749268, -2.058676242828369], [-0.5701890587806702, -0.6529332399368286, 0.49856036901474, 1.3504189252853394], [0.0, 0.0, 0.0, 1.0]]}, "metacarpals": {"matrix": [[0.16808536648750305, -0.38508108258247375, 0.9074468612670898, -0.44250428676605225], [-0.3883265256881714, 0.8202427625656128, 0.420004665851593, -1.6223335266113281], [-0.9060627222061157, -0.4229823350906372, -0.011666374281048775, 0.7144659757614136], [0.0, 0.0, 0.0, 1.0]]}, "finger5joint1": {"matrix": [[0.475654274225235, -0.7286396622657776, 0.4927850067615509, -1.0650455951690674], [-0.4150848984718323, 0.30799564719200134, 0.8560623526573181, -1.2588844299316406], [-0.775536835193634, -0.6117374300956726, -0.15594783425331116, 0.6368649005889893], [0.0, 0.0, 0.0, 1.0]]}, "finger5joint2": {"matrix": [[0.45292744040489197, -0.40072694420814514, -0.7964134216308594, -1.83468759059906], [0.8500867486000061, -0.07513114809989929, 0.521255373954773, -0.9335571527481079], [-0.2687165439128876, -0.9131114482879639, 0.3066239655017853, -0.00929635763168335], [0.0, 0.0, 0.0, 1.0]]}, "finger5joint3": {"matrix": [[0.4566953480243683, -0.2874709963798523, -0.8418962955474854, -2.110121250152588], [0.8093681931495667, -0.2585425078868866, 0.5273312330245972, -0.9851974248886108], [-0.36925843358039856, -0.922234058380127, 0.1145949512720108, -0.6369099020957947], [0.0, 0.0, 0.0, 1.0]]}, "Bone": {"matrix": [[0.32828161120414734, -0.0452381856739521, 0.9434959292411804, -1.0437227487564087], [-0.9029269218444824, -0.30837303400039673, 0.29938024282455444, -0.3417068123817444], [0.2774052917957306, -0.9501891732215881, -0.14207997918128967, 0.05407309532165527], [0.0, 0.0, 0.0, 1.0]]}, "finger1joint1": {"matrix": [[0.28240540623664856, -0.7328411340713501, 0.6190241575241089, -1.081369400024414], [-0.5161916613578796, 0.4278167188167572, 0.7419693470001221, -0.598331093788147], [-0.8085747957229614, -0.5290713906288147, -0.25746873021125793, -0.7366626262664795], [0.0, 0.0, 0.0, 1.0]]}, "finger1joint2": {"matrix": [[0.09512966126203537, -0.9891008734703064, 0.11238250881433487, -1.4955554008483887], [-0.7260321378707886, 0.008298656903207302, 0.687610387802124, -0.356538325548172], [-0.6810488700866699, -0.14700549840927124, -0.7173296213150024, -1.0356823205947876], [0.0, 0.0, 0.0, 1.0]]}, "finger1joint3": {"matrix": [[0.14224468171596527, -0.805698812007904, -0.5749920010566711, -1.9195667505264282], [-0.6524761915206909, -0.5131499171257019, 0.5576303601264954, -0.3529808223247528], [-0.7443394660949707, 0.29584863781929016, -0.5986921787261963, -1.0987011194229126], [0.0, 0.0, 0.0, 1.0]]}, "Bone.001": {"matrix": [[0.4024406969547272, 0.16214214265346527, 0.9009723663330078, -1.0437227487564087], [-0.912011981010437, 0.15617668628692627, 0.3792656362056732, -0.3417068421840668], [-0.07921595871448517, -0.9743297696113586, 0.2107274979352951, 0.05407309532165527], [0.0, 0.0, 0.0, 1.0]]}, "finger2joint1": {"matrix": [[0.19472754001617432, -0.9363191723823547, -0.2922113537788391, -0.9409434199333191], [-0.4966961443424225, -0.35102322697639465, 0.7937726974487305, -0.2427089810371399], [-0.8457977175712585, -0.00942918285727501, -0.5334200859069824, -0.5635386109352112], [0.0, 0.0, 0.0, 1.0]]}, "finger2joint2": {"matrix": [[0.1354241818189621, -0.7544338703155518, -0.6422535181045532, -1.7509989738464355], [-0.5976250767707825, -0.5792258977890015, 0.5543835759162903, -0.5463963747024536], [-0.7902559041976929, 0.30874988436698914, -0.529309868812561, -0.5716962814331055], [0.0, 0.0, 0.0, 1.0]]}, "finger2joint3": {"matrix": [[0.10484075546264648, -0.38940662145614624, -0.9150795936584473, -2.0373945236206055], [-0.7072460651397705, -0.6760830879211426, 0.20667390525341034, -0.7662800550460815], [-0.6991502642631531, 0.6255186796188354, -0.34628745913505554, -0.45448973774909973], [0.0, 0.0, 0.0, 1.0]]}, "Bone.002": {"matrix": [[0.38728591799736023, -0.05827135220170021, 0.9201163053512573, -1.0437227487564087], [-0.5506590604782104, 0.7858163118362427, 0.2815437912940979, -0.34170687198638916], [-0.7394485473632812, -0.6157082915306091, 0.2722479999065399, 0.05407308042049408], [0.0, 0.0, 0.0, 1.0]]}, "finger3joint1": {"matrix": [[0.27018222212791443, -0.8667455315589905, 0.4192299544811249, -1.0682847499847412], [-0.512062668800354, 0.23937836289405823, 0.8249178528785706, -0.010477393865585327], [-0.8153486847877502, -0.4375500977039337, -0.37915217876434326, -0.20545411109924316], [0.0, 0.0, 0.0, 1.0]]}, "finger3joint2": {"matrix": [[0.11326213926076889, -0.5702095031738281, -0.8136540055274963, -1.8285777568817139], [-0.4993801712989807, -0.7406387329101562, 0.4495258033275604, 0.1995008885860443], [-0.8589476943016052, 0.3554084002971649, -0.3686375916004181, -0.589264988899231], [0.0, 0.0, 0.0, 1.0]]}, "finger3joint3": {"matrix": [[0.22004465758800507, -0.030962113291025162, -0.9749982357025146, -2.1975491046905518], [-0.6039848923683167, -0.7891929149627686, -0.11124995350837708, -0.27975180745124817], [-0.7660173773765564, 0.6133641600608826, -0.19235828518867493, -0.3592872619628906], [0.0, 0.0, 0.0, 1.0]]}, "Bone.003": {"matrix": [[0.7238765358924866, 0.14628948271274567, 0.6742419600486755, -1.0437227487564087], [0.18813428282737732, 0.8983726501464844, -0.39690276980400085, -0.34170687198638916], [-0.6637831926345825, 0.4141567349433899, 0.6227888464927673, 0.054073065519332886], [0.0, 0.0, 0.0, 1.0]]}, "finger4joint1": {"matrix": [[0.13252654671669006, -0.4916705787181854, 0.8606373071670532, -0.9810201525688171], [-0.33456113934516907, 0.795147716999054, 0.5057750344276428, 0.04335308074951172], [-0.9330087304115295, -0.35496437549591064, -0.05911561846733093, 0.2315887212753296], [0.0, 0.0, 0.0, 1.0]]}, "finger4joint2": {"matrix": [[0.13781540095806122, -0.9904493093490601, -0.004104601219296455, -1.4694256782531738], [-0.30641689896583557, -0.04657626524567604, 0.9507569074630737, 0.8332202434539795], [-0.9418679475784302, -0.12977123260498047, -0.30990928411483765, -0.12101836502552032], [0.0, 0.0, 0.0, 1.0]]}, "finger4joint3": {"matrix": [[0.21971572935581207, -0.7615633606910706, -0.6097097992897034, -1.8825054168701172], [-0.31536009907722473, -0.6468717455863953, 0.6943373680114746, 0.8137949705123901], [-0.9231861233711243, 0.03972123563289642, -0.38229456543922424, -0.1751411110162735], [0.0, 0.0, 0.0, 1.0]]}}