{"root": {"matrix": [[0.742275059223175, -0.566161036491394, 0.3584541976451874, 0.0], [0.49485641717910767, 0.8238248825073242, 0.2764592170715332, 0.0], [-0.451823890209198, -0.02782536670565605, 0.8916730880737305, -1.862645149230957e-09], [0.0, 0.0, 0.0, 1.0]]}, "carpals": {"matrix": [[0.24920117855072021, -0.7062236070632935, -0.6626814007759094, 1.0841683149337769], [-0.458803653717041, -0.6887000203132629, 0.5614189505577087, 1.8943967819213867], [-0.8528762459754944, 0.16413438320159912, -0.49564290046691895, -1.1492713689804077], [0.0, 0.0, 0.0, 1.0]]}, "metacarpals": {"matrix": [[0.20545686781406403, -0.966806173324585, -0.15189772844314575, 0.3963106870651245], [-0.8850545883178711, -0.24979530274868011, 0.3927854895591736, 1.223607063293457], [-0.4176909923553467, 0.053737323731184006, -0.9069985747337341, -0.9894055724143982], [0.0, 0.0, 0.0, 1.0]]}, "finger5joint1": {"matrix": [[-0.05830162763595581, -0.9904643893241882, 0.12482310831546783, -0.1289806365966797], [-0.9248161315917969, 0.10067000985145569, 0.36685192584991455, 1.0747740268707275], [-0.375919908285141, -0.0940503254532814, -0.9218669533729553, -0.5123390555381775], [0.0, 0.0, 0.0, 1.0]]}, "finger5joint2": {"matrix": [[0.33496755361557007, -0.9331787824630737, -0.13028119504451752, -1.1751807928085327], [0.41494569182395935, 0.021959690377116203, 0.9095808863639832, 1.181109070777893], [-0.8459411263465881, -0.3587397634983063, 0.3945746123790741, -0.6116818785667419], [0.0, 0.0, 0.0, 1.0]]}, "finger5joint3": {"matrix": [[0.25304970145225525, -0.9093846082687378, -0.3301283121109009, -1.8165873289108276], [0.364475280046463, -0.22648099064826965, 0.9032516479492188, 1.1962027549743652], [-0.8961713910102844, -0.34889131784439087, 0.2741375267505646, -0.8582562208175659], [0.0, 0.0, 0.0, 1.0]]}, "Bone": {"matrix": [[0.9962789416313171, 0.06328091025352478, -0.05850944668054581, -1.1131420135498047], [0.07596448808908463, -0.9654331803321838, 0.2493349313735962, 0.8336073160171509], [-0.040708862245082855, -0.2528519630432129, -0.9666481018066406, -0.9055067300796509], [0.0, 0.0, 0.0, 1.0]]}, "finger1joint1": {"matrix": [[0.4041920006275177, -0.9145162105560303, -0.016982637345790863, -1.0604804754257202], [-0.7864980697631836, -0.3569701015949249, 0.5039771199226379, 0.030185729265213013], [-0.46695777773857117, -0.19034674763679504, -0.8635499477386475, -1.1159268617630005], [0.0, 0.0, 0.0, 1.0]]}, "finger1joint2": {"matrix": [[0.40837958455085754, -0.8971679210662842, -0.16827189922332764, -1.5773452520370483], [-0.8952947854995728, -0.42961931228637695, 0.11778971552848816, -0.17156602442264557], [-0.17797014117240906, 0.10255008935928345, -0.9786777496337891, -1.2235068082809448], [0.0, 0.0, 0.0, 1.0]]}, "finger1joint3": {"matrix": [[0.4218766689300537, -0.6870914101600647, -0.5915446281433105, -1.9619463682174683], [-0.8623956441879272, -0.5054635405540466, -0.02793489396572113, -0.35573676228523254], [-0.2798106074333191, 0.5219306945800781, -0.8057880401611328, -1.179545283317566], [0.0, 0.0, 0.0, 1.0]]}, "Bone.001": {"matrix": [[0.9446544051170349, -0.32145243883132935, -0.0655430480837822, -1.1131420135498047], [-0.22628740966320038, -0.7831017374992371, 0.5792627334594727, 0.8336073160171509], [-0.23753240704536438, -0.5323717594146729, -0.8125013709068298, -0.9055066704750061], [0.0, 0.0, 0.0, 1.0]]}, "finger2joint1": {"matrix": [[0.32765519618988037, -0.865045428276062, 0.3799183666706085, -1.3169053792953491], [-0.8554596900939941, -0.10094459354877472, 0.5079355835914612, 0.337211936712265], [-0.4010368585586548, -0.4914327561855316, -0.7730867862701416, -1.2429683208465576], [0.0, 0.0, 0.0, 1.0]]}, "finger2joint2": {"matrix": [[0.21156811714172363, -0.6829668879508972, -0.6991385221481323, -2.065298557281494], [-0.9043471217155457, -0.4080877900123596, 0.12498176097869873, 0.249879851937294], [-0.37066853046417236, 0.605821967124939, -0.703977644443512, -1.6681309938430786], [0.0, 0.0, 0.0, 1.0]]}, "finger2joint3": {"matrix": [[0.19345547258853912, 0.27645277976989746, -0.941354513168335, -2.324563980102539], [-0.9527113437652588, -0.17624157667160034, -0.24754711985588074, 0.09496302902698517], [-0.2343410700559616, 0.9447288513183594, 0.22928492724895477, -1.4381510019302368], [0.0, 0.0, 0.0, 1.0]]}, "Bone.002": {"matrix": [[0.45387527346611023, -0.8899306654930115, 0.044947549700737, -1.1131421327590942], [-0.7173089385032654, -0.33497893810272217, 0.6109474301338196, 0.8336073160171509], [-0.5286446213722229, -0.30953529477119446, -0.790394127368927, -0.9055065512657166], [0.0, 0.0, 0.0, 1.0]]}, "finger3joint1": {"matrix": [[0.6512722373008728, -0.6141656041145325, -0.44569578766822815, -1.4882566928863525], [-0.5893399119377136, -0.7793602347373962, 0.21278144419193268, 0.6924103498458862], [-0.4780409038066864, 0.12408766895532608, -0.8695281744003296, -1.0359787940979004], [0.0, 0.0, 0.0, 1.0]]}, "finger3joint2": {"matrix": [[0.5627588629722595, -0.2598246932029724, -0.7847249507904053, -2.026991367340088], [-0.712965190410614, -0.632965624332428, -0.3017199635505676, 0.008769899606704712], [-0.41830989718437195, 0.7292772531509399, -0.5414531826972961, -0.9271314144134521], [0.0, 0.0, 0.0, 1.0]]}, "finger3joint3": {"matrix": [[0.6731131672859192, -0.038361694663763046, -0.7385436296463013, -2.1951189041137695], [-0.682586669921875, -0.41653570532798767, -0.6004775166511536, -0.400809645652771], [-0.28459465503692627, 0.9083096385002136, -0.3065609633922577, -0.4552305042743683], [0.0, 0.0, 0.0, 1.0]]}, "Bone.003": {"matrix": [[-0.1305452138185501, -0.709061324596405, 0.6929572224617004, -1.1131420135498047], [-0.32228511571884155, 0.6913294196128845, 0.6466806530952454, 0.8336073160171509], [-0.9375981092453003, -0.13890869915485382, -0.31876975297927856, -0.9055066704750061], [0.0, 0.0, 0.0, 1.0]]}, "finger4joint1": {"matrix": [[0.18859411776065826, -0.9505220055580139, -0.2468595653772354, -1.4170594215393066], [-0.8916853070259094, -0.27106910943984985, 0.362516850233078, 1.1299245357513428], [-0.41149649024009705, 0.15175268054008484, -0.8986888527870178, -0.9650455713272095], [0.0, 0.0, 0.0, 1.0]]}, "finger4joint2": {"matrix": [[0.16195352375507355, -0.14624275267124176, -0.9759013652801514, -2.361269235610962], [-0.890498161315918, -0.44777607917785645, -0.08067934960126877, 0.8606555461883545], [-0.42518675327301025, 0.8821051120758057, -0.20274783670902252, -0.8143007159233093], [0.0, 0.0, 0.0, 1.0]]}, "finger4joint3": {"matrix": [[0.18780829012393951, 0.6162458062171936, -0.7648323774337769, -2.4222614765167236], [-0.8489184975624084, -0.28982189297676086, -0.4419730007648468, 0.6739048361778259], [-0.4940294325351715, 0.732286810874939, 0.468711793422699, -0.4464074373245239], [0.0, 0.0, 0.0, 1.0]]}}