{"root": {"matrix": [[0.5235252380371094, -0.708441436290741, 0.47332027554512024, 0.0], [0.828561007976532, 0.5527642965316772, -0.08909718692302704, 0.0], [-0.19851434230804443, 0.43881940841674805, 0.8763729929924011, 0.0], [0.0, 0.0, 0.0, 1.0]]}, "carpals": {"matrix": [[-0.05291576683521271, -0.5651604533195496, -0.82328200340271, 0.4372910261154175], [0.13833458721637726, -0.8206367492675781, 0.5544533729553223, 2.4248406887054443], [-0.9889708161354065, -0.08454904705286026, 0.12160591036081314, -0.11793883889913559], [0.0, 0.0, 0.0, 1.0]]}, "metacarpals": {"matrix": [[0.07435828447341919, -0.9468032717704773, -0.3131038546562195, -0.11317193508148193], [-0.09812337160110474, -0.31939592957496643, 0.9425272941589355, 1.6255453824996948], [-0.992392361164093, -0.03936188295483589, -0.11665330827236176, -0.20028910040855408], [0.0, 0.0, 0.0, 1.0]]}, "finger5joint1": {"matrix": [[0.14419624209403992, -0.9855209589004517, -0.08919370174407959, -0.5377300977706909], [-0.10471928864717484, -0.1048269271850586, 0.9889615178108215, 1.0727680921554565], [-0.9839925169944763, -0.1332641988992691, -0.11831876635551453, -0.0006335675716400146], [0.0, 0.0, 0.0, 1.0]]}, "finger5joint2": {"matrix": [[0.18159501254558563, -0.6815769672393799, -0.7088549137115479, -1.5787086486816406], [0.9790555238723755, 0.19278545677661896, 0.06544873118400574, 0.9620422720909119], [0.0920485109090805, -0.7058936953544617, 0.7023110389709473, -0.14139682054519653], [0.0, 0.0, 0.0, 1.0]]}, "finger5joint3": {"matrix": [[0.15592189133167267, -0.3116784393787384, -0.937306821346283, -2.04718017578125], [0.9876827597618103, 0.03665095940232277, 0.15211477875709534, 1.094550609588623], [-0.013057807460427284, -0.9494802951812744, 0.31355440616607666, -0.6265823245048523], [0.0, 0.0, 0.0, 1.0]]}, "Bone": {"matrix": [[0.9699722528457642, -0.03524991124868393, -0.24064677953720093, -1.5913946628570557], [0.2195366770029068, -0.29894495010375977, 0.9286739230155945, 1.1268796920776367], [-0.10467585176229477, -0.9536190629005432, -0.2822297513484955, -0.26174396276474], [0.0, 0.0, 0.0, 1.0]]}, "finger1joint1": {"matrix": [[0.18370436131954193, -0.9153549671173096, -0.3582982122898102, -1.6207292079925537], [-0.021764392033219337, -0.3681996166706085, 0.9294918179512024, 0.8781013488769531], [-0.9827405214309692, -0.16295361518859863, -0.08756204694509506, -1.0553338527679443], [0.0, 0.0, 0.0, 1.0]]}, "finger1joint2": {"matrix": [[0.30233854055404663, -0.5235668420791626, -0.7965354919433594, -2.138068199157715], [-0.29635322093963623, -0.845860481262207, 0.4435026943683624, 0.6700029373168945], [-0.9059615135192871, 0.1019679382443428, -0.41089701652526855, -1.1474318504333496], [0.0, 0.0, 0.0, 1.0]]}, "finger1joint3": {"matrix": [[0.23912011086940765, 0.4704713225364685, -0.8493985533714294, -2.3625125885009766], [-0.21868211030960083, -0.8262085318565369, -0.519189178943634, 0.3073965013027191], [-0.9460443258285522, 0.30989688634872437, -0.09467942267656326, -1.1037198305130005], [0.0, 0.0, 0.0, 1.0]]}, "Bone.001": {"matrix": [[0.8652833700180054, -0.45937758684158325, -0.2006402462720871, -1.5913946628570557], [0.21333639323711395, -0.024733154103159904, 0.9766654968261719, 1.1268796920776367], [-0.4536208510398865, -0.8878965377807617, 0.07660076767206192, -0.26174384355545044], [0.0, 0.0, 0.0, 1.0]]}, "finger2joint1": {"matrix": [[0.3087881803512573, -0.28035926818847656, -0.9088718891143799, -1.8825867176055908], [0.12972356379032135, -0.9342263340950012, 0.33225393295288086, 1.1112017631530762], [-0.9422427415847778, -0.2204982191324234, -0.25210893154144287, -0.8245669603347778], [0.0, 0.0, 0.0, 1.0]]}, "finger2joint2": {"matrix": [[0.36483412981033325, -0.1868639886379242, -0.9121280312538147, -2.125138998031616], [0.013446602039039135, -0.9784933924674988, 0.20583853125572205, 0.30295687913894653], [-0.9309753775596619, -0.08736193180084229, -0.354475200176239, -1.0153307914733887], [0.0, 0.0, 0.0, 1.0]]}, "finger2joint3": {"matrix": [[0.4210257828235626, -0.024564893916249275, -0.9067156910896301, -2.196075916290283], [-0.11731918901205063, -0.9927109479904175, -0.02758135087788105, -0.06849527359008789], [-0.8994293808937073, 0.11798768490552902, -0.42083901166915894, -1.048494815826416], [0.0, 0.0, 0.0, 1.0]]}, "Bone.002": {"matrix": [[0.3029502034187317, -0.9490653276443481, -0.08657842874526978, -1.5913946628570557], [0.12027346342802048, -0.05204562470316887, 0.9913755059242249, 1.1268796920776367], [-0.9453864097595215, -0.31075048446655273, 0.09838013350963593, -0.2617439031600952], [0.0, 0.0, 0.0, 1.0]]}, "finger3joint1": {"matrix": [[0.16847409307956696, -0.5164704322814941, -0.839568018913269, -1.991435170173645], [-0.06246916949748993, -0.8556248545646667, 0.5138126611709595, 1.1049418449401855], [-0.9837247133255005, -0.03411690890789032, -0.17641407251358032, -0.39272838830947876], [0.0, 0.0, 0.0, 1.0]]}, "finger3joint2": {"matrix": [[0.11712989211082458, 0.1399148851633072, -0.9832111597061157, -2.4444735050201416], [-0.21686142683029175, -0.9625304937362671, -0.16280651092529297, 0.3544035851955414], [-0.9691500067710876, 0.23229019343852997, -0.08239884674549103, -0.4226551055908203], [0.0, 0.0, 0.0, 1.0]]}, "finger3joint3": {"matrix": [[0.2875981330871582, 0.4491015076637268, -0.8459283709526062, -2.3539373874664307], [-0.23387905955314636, -0.8235732316970825, -0.5167470574378967, -0.2684309184551239], [-0.9287561178207397, 0.3464605510234833, -0.1318225860595703, -0.272344708442688], [0.0, 0.0, 0.0, 1.0]]}, "Bone.003": {"matrix": [[-0.33251750469207764, -0.6886934041976929, 0.6443083882331848, -1.5913946628570557], [0.5871849656105042, 0.3834284543991089, 0.7128788828849792, 1.1268796920776367], [-0.7380012273788452, 0.6153730750083923, 0.2768937647342682, -0.2617439329624176], [0.0, 0.0, 0.0, 1.0]]}, "finger4joint1": {"matrix": [[0.36839139461517334, -0.865810215473175, -0.33861473202705383, -1.8865818977355957], [0.013093840330839157, -0.3593624532222748, 0.933106005191803, 1.2912245988845825], [-0.9295784831047058, -0.34818199276924133, -0.12104929983615875, 0.0020169317722320557], [0.0, 0.0, 0.0, 1.0]]}, "finger4joint2": {"matrix": [[0.34184005856513977, 0.4648277163505554, -0.816749632358551, -2.7466423511505127], [0.022868653759360313, -0.8729636073112488, -0.48724856972694397, 0.9342486262321472], [-0.9394797086715698, 0.14788317680358887, -0.30904391407966614, -0.34385278820991516], [0.0, 0.0, 0.0, 1.0]]}, "finger4joint3": {"matrix": [[0.3139289319515228, 0.9494078755378723, 0.008526142686605453, -2.5527799129486084], [0.10248078405857086, -0.02495584823191166, -0.9944217205047607, 0.5701678991317749], [-0.9438993334770203, 0.3130515217781067, -0.1051303967833519, -0.2821761965751648], [0.0, 0.0, 0.0, 1.0]]}}