{"root": {"matrix": [[0.39295753836631775, -0.8843532204627991, -0.2519995868206024, 0.0], [-0.43427109718322754, 0.06308487057685852, -0.8985704779624939, 0.0], [0.8105509877204895, 0.46253618597984314, -0.3592594265937805, 2.9802322387695312e-08], [0.0, 0.0, 0.0, 1.0]]}, "carpals": {"matrix": [[0.7196228504180908, -0.3816460371017456, -0.5800768136978149, 0.05137529969215393], [0.6501726508140564, 0.07708387821912766, 0.7558658719062805, -0.8193212747573853], [-0.24375854432582855, -0.9210885763168335, 0.30360734462738037, 2.3261682987213135], [0.0, 0.0, 0.0, 1.0]]}, "metacarpals": {"matrix": [[0.4963666498661041, -0.771090567111969, 0.39879733324050903, -0.3203456401824951], [-0.10155788064002991, 0.40465107560157776, 0.9088141918182373, -0.7442420721054077], [-0.8621519207954407, -0.4916059970855713, 0.12254516035318375, 1.4290332794189453], [0.0, 0.0, 0.0, 1.0]]}, "finger5joint1": {"matrix": [[0.529815673828125, -0.7694947123527527, 0.356613427400589, -1.011530876159668], [-0.07128585875034332, 0.37858647108078003, 0.9228165149688721, -0.8693568110466003], [-0.8451115489006042, -0.5143440365791321, 0.14572715759277344, 1.2493559122085571], [0.0, 0.0, 0.0, 1.0]]}, "finger5joint2": {"matrix": [[0.4509463906288147, -0.4311477243900299, -0.7815104722976685, -1.8243268728256226], [0.833809494972229, 0.5158906579017639, 0.1965145319700241, -0.46946635842323303], [0.31844738125801086, -0.7402482032775879, 0.592134416103363, 0.7060685157775879], [0.0, 0.0, 0.0, 1.0]]}, "finger5joint3": {"matrix": [[0.4510655403137207, -0.19077841937541962, -0.8718618154525757, -2.1206698417663574], [0.8662402033805847, 0.3287675380706787, 0.3762170076370239, -0.1148766353726387], [0.21486596763134003, -0.9249403476715088, 0.3135559558868408, 0.1972699612379074], [0.0, 0.0, 0.0, 1.0]]}, "Bone": {"matrix": [[0.8019834756851196, 0.2910969853401184, 0.5216174721717834, -1.5242321491241455], [-0.49087437987327576, -0.1764340102672577, 0.8531782031059265, -0.11246940493583679], [0.34038859605789185, -0.9402837157249451, 0.0013950460124760866, 0.6614999771118164], [0.0, 0.0, 0.0, 1.0]]}, "finger1joint1": {"matrix": [[0.7020224332809448, -0.5706555247306824, 0.4260476529598236, -1.281984806060791], [-0.14888687431812286, 0.46742403507232666, 0.8714052438735962, -0.25929561257362366], [-0.6964173316955566, -0.6751789450645447, 0.24317927658557892, -0.12099254131317139], [0.0, 0.0, 0.0, 1.0]]}, "finger1joint2": {"matrix": [[0.550247073173523, -0.7190520167350769, 0.4244906008243561, -1.6045069694519043], [-0.41644182801246643, 0.20431509613990784, 0.8859070539474487, 0.004882350564002991], [-0.7237433195114136, -0.6642434000968933, -0.18701933324337006, -0.5025890469551086], [0.0, 0.0, 0.0, 1.0]]}, "finger1joint3": {"matrix": [[0.6164150834083557, -0.7868568897247314, 0.029810072854161263, -1.912752628326416], [-0.33179622888565063, -0.22522032260894775, 0.9160714149475098, 0.09246886521577835], [-0.7141035199165344, -0.5745711326599121, -0.39990511536598206, -0.7873392701148987], [0.0, 0.0, 0.0, 1.0]]}, "Bone.001": {"matrix": [[0.9087347984313965, 0.1425693929195404, 0.39226874709129333, -1.5242321491241455], [-0.41737353801727295, 0.3107364773750305, 0.8539565205574036, -0.11246940493583679], [-0.0001442130742361769, -0.9397427439689636, 0.34188196063041687, 0.6614999771118164], [0.0, 0.0, 0.0, 1.0]]}, "finger2joint1": {"matrix": [[0.7446614503860474, -0.2495182752609253, 0.6190474033355713, -1.4338597059249878], [-0.26318761706352234, 0.7425650954246521, 0.6158968806266785, 0.08450138568878174], [-0.6133606433868408, -0.6215602159500122, 0.487289696931839, 0.06581246852874756], [0.0, 0.0, 0.0, 1.0]]}, "finger2joint2": {"matrix": [[0.6586384773254395, -0.43637409806251526, 0.6130030751228333, -1.6497302055358887], [-0.25074371695518494, 0.6408204436302185, 0.7255869507789612, 0.7269307374954224], [-0.7094524502754211, -0.6316060423851013, 0.3126510977745056, -0.47192972898483276], [0.0, 0.0, 0.0, 1.0]]}, "finger2joint3": {"matrix": [[0.546815037727356, -0.7467214465141296, 0.37868210673332214, -1.815384864807129], [-0.2394121289253235, 0.29395100474357605, 0.9253508448600769, 0.9701967239379883], [-0.8022934794425964, -0.596656858921051, -0.018037155270576477, -0.7116977572441101], [0.0, 0.0, 0.0, 1.0]]}, "Bone.002": {"matrix": [[0.7444751858711243, -0.48115789890289307, 0.4628646671772003, -1.5242321491241455], [-0.09587980061769485, 0.6090390682220459, 0.7873234748840332, -0.11246940493583679], [-0.660729706287384, -0.6305220127105713, 0.4072813093662262, 0.6614999771118164], [0.0, 0.0, 0.0, 1.0]]}, "finger3joint1": {"matrix": [[0.8805728554725647, -0.3210606873035431, 0.34858500957489014, -1.7270451784133911], [-0.28578296303749084, 0.22701506316661835, 0.9310166239738464, 0.1442466676235199], [-0.3780471682548523, -0.9194475412368774, 0.10814982652664185, 0.39572861790657043], [0.0, 0.0, 0.0, 1.0]]}, "finger3joint2": {"matrix": [[0.8045339584350586, -0.2775796949863434, -0.5250471830368042, -2.0086734294891357], [-0.2821905016899109, -0.9565536379814148, 0.07330377399921417, 0.34338006377220154], [-0.5225836634635925, 0.08918781578540802, -0.8479102253913879, -0.41079384088516235], [0.0, 0.0, 0.0, 1.0]]}, "finger3joint3": {"matrix": [[0.8665936589241028, -0.06001279130578041, -0.4953925311565399, -2.1882898807525635], [-0.33760491013526917, -0.8015663027763367, -0.4934716522693634, -0.27558693289756775], [-0.36747556924819946, 0.5948862433433533, -0.7148928642272949, -0.35308215022087097], [0.0, 0.0, 0.0, 1.0]]}, "Bone.003": {"matrix": [[0.4986753761768341, -0.5354185700416565, 0.6816522479057312, -1.5242321491241455], [0.6730746030807495, 0.7347090840339661, 0.08469312638044357, -0.1124693751335144], [-0.5461621880531311, 0.41656866669654846, 0.7267580628395081, 0.6614999771118164], [0.0, 0.0, 0.0, 1.0]]}, "finger4joint1": {"matrix": [[0.7249498963356018, 0.046557117253541946, 0.6872262358665466, -1.753722906112671], [-0.4656982719898224, 0.7682541608810425, 0.43921545147895813, 0.20244121551513672], [-0.5075160264968872, -0.6384491324424744, 0.5786275267601013, 0.8400493860244751], [0.0, 0.0, 0.0, 1.0]]}, "finger4joint2": {"matrix": [[0.7389618158340454, -0.6317052245140076, 0.23427261412143707, -1.707474946975708], [-0.4393968880176544, -0.1882617324590683, 0.8783435821533203, 0.9655933976173401], [-0.510749876499176, -0.752001166343689, -0.41668733954429626, 0.20584020018577576], [0.0, 0.0, 0.0, 1.0]]}, "finger4joint3": {"matrix": [[0.7854089736938477, -0.5359180569648743, -0.30971649289131165, -1.9709357023239136], [-0.4350284934043884, -0.8338752388954163, 0.3397083282470703, 0.8870763778686523], [-0.4403209388256073, -0.1320747435092926, -0.8880727887153625, -0.10779158771038055], [0.0, 0.0, 0.0, 1.0]]}}