{"root": {"matrix": [[0.42801326513290405, -0.4271565079689026, -0.7964558601379395, 0.0], [-0.9010788202285767, -0.13370423018932343, -0.4125289022922516, 0.0], [0.06972481310367584, 0.8942373991012573, -0.44212889671325684, 0.0], [0.0, 0.0, 0.0, 1.0]]}, "carpals": {"matrix": [[0.830940306186676, -0.5562931299209595, -0.008715637028217316, 0.639375627040863], [0.45145097374916077, 0.6650155782699585, 0.5949335098266602, -2.1222591400146484], [-0.3251614272594452, -0.4982890188694, 0.8037275075912476, 1.0826818943023682], [0.0, 0.0, 0.0, 1.0]]}, "metacarpals": {"matrix": [[0.16519257426261902, -0.7798103094100952, 0.6038271188735962, 0.09754955768585205], [0.08286482840776443, 0.6210475564002991, 0.7793797850608826, -1.4745378494262695], [-0.9827739596366882, -0.07871173322200775, 0.1672113537788391, 0.5973513722419739], [0.0, 0.0, 0.0, 1.0]]}, "finger5joint1": {"matrix": [[0.019137810915708542, -0.9840906262397766, 0.1766331046819687, -0.6248447895050049], [0.29922592639923096, 0.17420543730258942, 0.938144862651825, -1.455276608467102], [-0.9539902210235596, 0.034899208694696426, 0.2977994382381439, 0.6560907363891602], [0.0, 0.0, 0.0, 1.0]]}, "finger5joint2": {"matrix": [[0.0891476646065712, -0.6867826581001282, -0.7213748693466187, -1.664312481880188], [0.9748907685279846, 0.20854802429676056, -0.07807041704654694, -1.2712682485580444], [0.20405885577201843, -0.6963021159172058, 0.6881300806999207, 0.6929538249969482], [0.0, 0.0, 0.0, 1.0]]}, "finger5joint3": {"matrix": [[0.06422239542007446, -0.2196713387966156, -0.9734574556350708, -2.136362314224243], [0.9929153919219971, 0.11178433895111084, 0.04028064012527466, -1.1279257535934448], [0.09996889531612396, -0.9691482186317444, 0.2252943068742752, 0.21436095237731934], [0.0, 0.0, 0.0, 1.0]]}, "Bone": {"matrix": [[0.7420729994773865, -0.06531069427728653, 0.6671297550201416, -1.1199508905410767], [-0.6644560098648071, 0.0596730001270771, 0.7449408173561096, -0.5049102306365967], [-0.08846224099397659, -0.9960790872573853, 0.0008856597123667598, 0.47446051239967346], [0.0, 0.0, 0.0, 1.0]]}, "finger1joint1": {"matrix": [[0.5405142903327942, -0.6278754472732544, 0.5600148439407349, -1.1743017435073853], [-0.11618299782276154, 0.6035452485084534, 0.7888181805610657, -0.4552510976791382], [-0.8332740664482117, -0.4914318323135376, 0.2532764673233032, -0.35446417331695557], [0.0, 0.0, 0.0, 1.0]]}, "finger1joint2": {"matrix": [[0.35679739713668823, -0.8007581830024719, 0.48112571239471436, -1.5291632413864136], [-0.3628756105899811, 0.3557797968387604, 0.8612442016601562, -0.11414040625095367], [-0.8608233332633972, -0.4818785786628723, -0.1636342704296112, -0.6322107911109924], [0.0, 0.0, 0.0, 1.0]]}, "finger1joint3": {"matrix": [[0.432824045419693, -0.8994717597961426, 0.06011580303311348, -1.8724350929260254], [-0.2865961194038391, -0.0740702897310257, 0.9551836848258972, 0.03837653994560242], [-0.8547081351280212, -0.43065550923347473, -0.2898445129394531, -0.8387842178344727], [0.0, 0.0, 0.0, 1.0]]}, "Bone.001": {"matrix": [[0.7493852972984314, -0.09695281833410263, 0.6549974083900452, -1.1199508905410767], [-0.512319803237915, 0.5417730808258057, 0.6663406491279602, -0.5049102902412415], [-0.4194636046886444, -0.8349142074584961, 0.35632601380348206, 0.47446051239967346], [0.0, 0.0, 0.0, 1.0]]}, "finger2joint1": {"matrix": [[0.2539243698120117, -0.3398852050304413, 0.9055386781692505, -1.1814076900482178], [-0.017386799678206444, 0.9344688653945923, 0.3556194007396698, -0.16148912906646729], [-0.9670675992965698, -0.10604486614465714, 0.23137499392032623, -0.05477795749902725], [0.0, 0.0, 0.0, 1.0]]}, "finger2joint2": {"matrix": [[0.13737328350543976, -0.6815301179885864, 0.7187802791595459, -1.4754589796066284], [0.03440091013908386, 0.7285047769546509, 0.6841760873794556, 0.6469655632972717], [-0.9899217486381531, -0.06926082819700241, 0.12352240085601807, -0.14652256667613983], [0.0, 0.0, 0.0, 1.0]]}, "finger2joint3": {"matrix": [[-0.006481311749666929, -0.9190627932548523, 0.39405757188796997, -1.734179139137268], [0.056459832936525345, 0.393100768327713, 0.9177600741386414, 0.9235179424285889], [-0.9983837008476257, 0.028196709230542183, 0.04934234544634819, -0.17281511425971985], [0.0, 0.0, 0.0, 1.0]]}, "Bone.002": {"matrix": [[0.4591347575187683, -0.5113939642906189, 0.7264099717140198, -1.1199508905410767], [0.00012263530516065657, 0.8177279233932495, 0.5756045579910278, -0.5049102306365967], [-0.8883665800094604, -0.2641909420490265, 0.3755100965499878, 0.47446054220199585], [0.0, 0.0, 0.0, 1.0]]}, "finger3joint1": {"matrix": [[0.6171374917030334, -0.591523289680481, 0.5188848376274109, -1.3355085849761963], [-0.24533450603485107, 0.4819168746471405, 0.8411698341369629, -0.16022971272468567], [-0.7476311922073364, -0.6464178562164307, 0.15228794515132904, 0.3631013333797455], [0.0, 0.0, 0.0, 1.0]]}, "finger3joint2": {"matrix": [[0.4952409565448761, -0.5918428897857666, -0.6359703540802002, -1.854382038116455], [-0.19849060475826263, -0.7897688746452332, 0.5804018378257751, 0.2624988853931427], [-0.8457764983177185, -0.16120462119579315, -0.508601188659668, -0.20392444729804993], [0.0, 0.0, 0.0, 1.0]]}, "finger3joint3": {"matrix": [[0.565153181552887, 0.09093133360147476, -0.8199593424797058, -2.237351894378662], [-0.33220240473747253, -0.8846814632415771, -0.3270779848098755, -0.24854502081871033], [-0.7551446557044983, 0.45724162459373474, -0.46977290511131287, -0.3082368075847626], [0.0, 0.0, 0.0, 1.0]]}, "Bone.003": {"matrix": [[0.4345027506351471, -0.2045716643333435, 0.8771305084228516, -1.119950771331787], [0.7305349707603455, 0.6496657133102417, -0.2103634476661682, -0.5049102306365967], [-0.5268071889877319, 0.7321780920028687, 0.431728333234787, 0.4744604527950287], [0.0, 0.0, 0.0, 1.0]]}, "finger4joint1": {"matrix": [[0.49027857184410095, -0.31961366534233093, 0.8108476400375366, -1.2076342105865479], [-0.32867515087127686, 0.7938457131385803, 0.5116453766822815, -0.22645092010498047], [-0.8072170615196228, -0.5173542499542236, 0.28415656089782715, 0.7882862687110901], [0.0, 0.0, 0.0, 1.0]]}, "finger4joint2": {"matrix": [[0.4983893036842346, -0.7926666140556335, 0.3511233627796173, -1.5251253843307495], [-0.30045005679130554, 0.22198793292045593, 0.9276046752929688, 0.5621229410171509], [-0.813226580619812, -0.5678033828735352, -0.12752027809619904, 0.2743677496910095], [0.0, 0.0, 0.0, 1.0]]}, "finger4joint3": {"matrix": [[0.5573655962944031, -0.8301028609275818, -0.016510918736457825, -1.855717420578003], [-0.3314005136489868, -0.24066174030303955, 0.9122800827026367, 0.654705822467804], [-0.7612600326538086, -0.5030019283294678, -0.40923312306404114, 0.037558019161224365], [0.0, 0.0, 0.0, 1.0]]}}