{"root": {"matrix": [[0.38137349486351013, -0.5276268124580383, -0.7590547800064087, 0.0], [-0.886748194694519, -0.44082459807395935, -0.1391090303659439, -2.9802322387695312e-08], [-0.26121243834495544, 0.726142942905426, -0.6359909772872925, 0.0], [0.0, 0.0, 0.0, 1.0]]}, "carpals": {"matrix": [[0.6762457489967346, -0.7366754412651062, -0.0009235317702405155, 0.43135422468185425], [0.6771836280822754, 0.6211395859718323, 0.39447125792503357, -2.4212045669555664], [-0.29002371430397034, -0.26738500595092773, 0.918907642364502, 0.19153755903244019], [0.0, 0.0, 0.0, 1.0]]}, "metacarpals": {"matrix": [[-0.0016576875932514668, -0.5838262438774109, 0.8118768930435181, -0.28616321086883545], [0.16021163761615753, 0.8012354969978333, 0.5765011310577393, -1.816218376159668], [-0.9870811700820923, 0.13102774322032928, 0.09220754355192184, -0.06889383494853973], [0.0, 0.0, 0.0, 1.0]]}, "finger5joint1": {"matrix": [[0.20293530821800232, -0.9508150219917297, 0.23402534425258636, -0.9530237913131714], [0.2712855637073517, 0.2842367887496948, 0.9195722937583923, -1.6242433786392212], [-0.9408619403839111, -0.12312600016593933, 0.31562408804893494, 0.14114734530448914], [0.0, 0.0, 0.0, 1.0]]}, "finger5joint2": {"matrix": [[0.20893298089504242, -0.3176288306713104, -0.9249099493026733, -1.9573434591293335], [0.9545823931694031, 0.27167052030563354, 0.12233974784612656, -1.324012041091919], [0.21241217851638794, -0.9084637761116028, 0.3599640727043152, 0.011092782020568848], [0.0, 0.0, 0.0, 1.0]]}, "finger5joint3": {"matrix": [[0.22897006571292877, -0.11765848845243454, -0.9662963151931763, -2.175661087036133], [0.9675859808921814, 0.1361478567123413, 0.2126978635787964, -1.137283205986023], [0.1065334752202034, -0.9836766719818115, 0.14501868188381195, -0.6133262515068054], [0.0, 0.0, 0.0, 1.0]]}, "Bone": {"matrix": [[0.5057843327522278, -0.22823907434940338, 0.8319188952445984, -1.1976780891418457], [-0.8127229809761047, 0.197275310754776, 0.5482366681098938, -0.5652673840522766], [-0.2892460227012634, -0.9534092545509338, -0.08571641892194748, 0.13567686080932617], [0.0, 0.0, 0.0, 1.0]]}, "finger1joint1": {"matrix": [[0.30436399579048157, -0.3641844689846039, 0.8801887035369873, -1.3876157999038696], [-0.15312720835208893, 0.8933046460151672, 0.42256179451942444, -0.40109729766845703], [-0.9401671886444092, -0.2633935809135437, 0.21612323820590973, -0.6577385663986206], [0.0, 0.0, 0.0, 1.0]]}, "finger1joint2": {"matrix": [[0.02915445901453495, -0.6247633099555969, 0.7802696824073792, -1.593445062637329], [-0.29234394431114197, 0.7411403059959412, 0.6043556332588196, 0.103779137134552], [-0.955868661403656, -0.24572691321372986, -0.16103821992874146, -0.8066028356552124], [0.0, 0.0, 0.0, 1.0]]}, "finger1joint3": {"matrix": [[0.13092580437660217, -0.8934038877487183, 0.42975327372550964, -1.8612706661224365], [-0.2566284239292145, 0.3881682753562927, 0.8851366639137268, 0.4214938282966614], [-0.9576012492179871, -0.2261742353439331, -0.17845162749290466, -0.9119420051574707], [0.0, 0.0, 0.0, 1.0]]}, "Bone.001": {"matrix": [[0.4930937588214874, -0.09841463714838028, 0.8643916845321655, -1.1976780891418457], [-0.6273881196975708, 0.6480995416641235, 0.4316835403442383, -0.5652673840522766], [-0.6026958227157593, -0.755169689655304, 0.2578296661376953, 0.13567686080932617], [0.0, 0.0, 0.0, 1.0]]}, "finger2joint1": {"matrix": [[0.053227897733449936, -0.2625349462032318, 0.9634531736373901, -1.260061502456665], [0.046349652111530304, 0.9644304513931274, 0.2602405846118927, -0.15444761514663696], [-0.9975059628486633, 0.030803583562374115, 0.06350301951169968, -0.34301283955574036], [0.0, 0.0, 0.0, 1.0]]}, "finger2joint2": {"matrix": [[-0.05999565124511719, -0.6440553665161133, 0.7626224756240845, -1.4871933460235596], [0.10912603884935379, 0.755187451839447, 0.6463613510131836, 0.6799283027648926], [-0.992215633392334, 0.12200076878070831, 0.024975208565592766, -0.3163631558418274], [0.0, 0.0, 0.0, 1.0]]}, "finger2joint3": {"matrix": [[-0.20137213170528412, -0.9239946007728577, 0.3250892460346222, -1.7316874265670776], [0.13683021068572998, 0.30209818482398987, 0.9434053897857666, 0.9666098356246948], [-0.9699105024337769, 0.2344575673341751, 0.06559614092111588, -0.27004966139793396], [0.0, 0.0, 0.0, 1.0]]}, "Bone.002": {"matrix": [[0.271151065826416, -0.3110041320323944, 0.910908043384552, -1.1976780891418457], [-0.004510738421231508, 0.9459406733512878, 0.3243078291416168, -0.5652673840522766], [-0.9625261425971985, -0.09204532951116562, 0.25508996844291687, 0.13567686080932617], [0.0, 0.0, 0.0, 1.0]]}, "finger3joint1": {"matrix": [[0.391878217458725, -0.7112746238708496, 0.5835407376289368, -1.3287694454193115], [-0.228213831782341, 0.5392964482307434, 0.810603141784668, -0.1665439009666443], [-0.8912631273269653, -0.4508298635482788, 0.04901576414704323, 0.09687882661819458], [0.0, 0.0, 0.0, 1.0]]}, "finger3joint2": {"matrix": [[0.25154370069503784, -0.5159615874290466, -0.8188463449478149, -1.9526864290237427], [-0.17133960127830505, -0.8564267158508301, 0.4870069622993469, 0.30651697516441345], [-0.9525588750839233, 0.017797350883483887, -0.3038334548473358, -0.2985807955265045], [0.0, 0.0, 0.0, 1.0]]}, "finger3joint3": {"matrix": [[0.35974884033203125, 0.24236458539962769, -0.9010216593742371, -2.286555051803589], [-0.29307347536087036, -0.8874486088752747, -0.35572847723960876, -0.24765989184379578], [-0.8858265280723572, 0.3920385539531708, -0.24822790920734406, -0.28706449270248413], [0.0, 0.0, 0.0, 1.0]]}, "Bone.003": {"matrix": [[0.5113957524299622, 0.11630351841449738, 0.8514387607574463, -1.1976780891418457], [0.6581143140792847, 0.5841189622879028, -0.47506871819496155, -0.5652673244476318], [-0.5525937080383301, 0.8032922148704529, 0.2221749722957611, 0.13567683100700378], [0.0, 0.0, 0.0, 1.0]]}, "finger4joint1": {"matrix": [[0.2601219713687897, -0.3013961613178253, 0.917331337928772, -1.1478281021118164], [-0.32340455055236816, 0.8679677248001099, 0.37688323855400085, -0.314902663230896], [-0.9098053574562073, -0.39470481872558594, 0.12830457091331482, 0.47998350858688354], [0.0, 0.0, 0.0, 1.0]]}, "finger4joint2": {"matrix": [[0.27080991864204407, -0.8878686428070068, 0.3719557523727417, -1.4472227096557617], [-0.296085000038147, 0.2908366322517395, 0.9098060727119446, 0.5473009347915649], [-0.915966808795929, -0.356515109539032, -0.1841232031583786, 0.08789990842342377], [0.0, 0.0, 0.0, 1.0]]}, "finger4joint3": {"matrix": [[0.33820733428001404, -0.9274808764457703, -0.15935765206813812, -1.8175196647644043], [-0.3325137794017792, -0.2761884927749634, 0.9017504453659058, 0.6685980558395386], [-0.8803691864013672, -0.25199002027511597, -0.4018092453479767, -0.060789309442043304], [0.0, 0.0, 0.0, 1.0]]}}