{"root": {"matrix": [[0.5684006810188293, -0.8050110340118408, 0.16993500292301178, 0.0], [0.4624449908733368, 0.14176182448863983, -0.8752418160438538, 1.4901161193847656e-08], [0.6804890632629395, 0.5760736465454102, 0.4528507888317108, 0.0], [0.0, 0.0, 0.0, 1.0]]}, "carpals": {"matrix": [[0.1677866131067276, -0.6714380383491516, -0.7218160033226013, 0.47836029529571533], [0.705413281917572, -0.4297056198120117, 0.5636888146400452, 1.2829663753509521], [-0.6886504292488098, -0.6037580370903015, 0.401542603969574, 2.051866054534912], [0.0, 0.0, 0.0, 1.0]]}, "metacarpals": {"matrix": [[0.43925461173057556, -0.8815145492553711, -0.17316822707653046, -0.17561638355255127], [0.32698673009872437, -0.02265593782067299, 0.9447572827339172, 0.864435613155365], [-0.8367406129837036, -0.4716125726699829, 0.27829188108444214, 1.4638094902038574], [0.0, 0.0, 0.0, 1.0]]}, "finger5joint1": {"matrix": [[0.39844685792922974, -0.8115907907485962, -0.4272705912590027, -0.6845080852508545], [0.4155887961387634, -0.2555272877216339, 0.872921347618103, 0.4054892063140869], [-0.8176342844963074, -0.5253815054893494, 0.2354741245508194, 1.2270135879516602], [0.0, 0.0, 0.0, 1.0]]}, "finger5joint2": {"matrix": [[-0.42348620295524597, -0.6842795610427856, -0.5936500430107117, -1.541769027709961], [0.8704146146774292, -0.1257307380437851, -0.4759936034679413, 0.13558277487754822], [0.25107279419898987, -0.7182981967926025, 0.6488523483276367, 0.6720676422119141], [0.0, 0.0, 0.0, 1.0]]}, "finger5joint3": {"matrix": [[-0.4521898925304413, -0.47240638732910156, -0.7565420866012573, -2.0120980739593506], [0.8797551989555359, -0.09661506116390228, -0.46550607681274414, 0.049163639545440674], [0.14681483805179596, -0.8760689496994019, 0.45929059386253357, 0.1783561110496521], [0.0, 0.0, 0.0, 1.0]]}, "Bone": {"matrix": [[0.9502322673797607, 0.3083682656288147, -0.044354092329740524, -1.5519052743911743], [-0.007090594153851271, 0.16373956203460693, 0.9864780902862549, 0.8290634155273438], [0.311460942029953, -0.9370689392089844, 0.15777717530727386, 0.7274913191795349], [0.0, 0.0, 0.0, 1.0]]}, "finger1joint1": {"matrix": [[0.7463275790214539, -0.6654157638549805, -0.014716438949108124, -1.2952849864959717], [0.3622641861438751, 0.38756659626960754, 0.8476772308349609, 0.9653255939483643], [-0.558354377746582, -0.6379761099815369, 0.5303080081939697, -0.05232587456703186], [0.0, 0.0, 0.0, 1.0]]}, "finger1joint2": {"matrix": [[0.7285287380218506, -0.6849499940872192, 0.00943859200924635, -1.6713635921478271], [0.07915684580802917, 0.09786339104175568, 0.9920468330383301, 1.1843698024749756], [-0.6804263591766357, -0.7219874262809753, 0.12551486492156982, -0.41289618611335754], [0.0, 0.0, 0.0, 1.0]]}, "finger1joint3": {"matrix": [[0.7503748536109924, -0.5656018853187561, -0.3420991599559784, -1.964990258216858], [0.17557357251644135, -0.32840707898139954, 0.9280747175216675, 1.226322054862976], [-0.6372687816619873, -0.7564674615859985, -0.1471235156059265, -0.7224003076553345], [0.0, 0.0, 0.0, 1.0]]}, "Bone.001": {"matrix": [[0.9862476587295532, -0.08687747269868851, -0.14059680700302124, -1.5519052743911743], [0.16509708762168884, 0.478638619184494, 0.8623502254486084, 0.8290634155273438], [-0.007623833604156971, -0.8737030029296875, 0.4863995313644409, 0.7274912595748901], [0.0, 0.0, 0.0, 1.0]]}, "finger2joint1": {"matrix": [[0.8019981980323792, -0.5173310041427612, -0.298608660697937, -1.6069755554199219], [0.39629343152046204, 0.08678057044744492, 0.9140133857727051, 1.1324646472930908], [-0.4469341039657593, -0.8513737320899963, 0.2746128439903259, 0.17366522550582886], [0.0, 0.0, 0.0, 1.0]]}, "finger2joint2": {"matrix": [[0.7760782837867737, -0.3443742096424103, -0.528307318687439, -2.0545437335968018], [0.3163481652736664, -0.512119472026825, 0.7985345721244812, 1.2075426578521729], [-0.5455513000488281, -0.7868542671203613, -0.2885025143623352, -0.5628998279571533], [0.0, 0.0, 0.0, 1.0]]}, "finger2joint3": {"matrix": [[0.775538444519043, 0.009484563954174519, -0.6312287449836731, -2.1852738857269287], [0.1828964352607727, -0.9603808522224426, 0.21027937531471252, 1.0131337642669678], [-0.6042256951332092, -0.27852925658226013, -0.7465468645095825, -0.8616026639938354], [0.0, 0.0, 0.0, 1.0]]}, "Bone.002": {"matrix": [[0.648423969745636, -0.7600818872451782, -0.042680028825998306, -1.5519052743911743], [0.4384838342666626, 0.32706382870674133, 0.8371148109436035, 0.8290634155273438], [-0.6223167777061462, -0.5615196228027344, 0.5453596711158752, 0.7274912595748901], [0.0, 0.0, 0.0, 1.0]]}, "finger3joint1": {"matrix": [[0.5253625512123108, -0.4897000789642334, -0.695836067199707, -1.8722872734069824], [0.33055630326271057, -0.6360889673233032, 0.6972254514694214, 0.9669241309165955], [-0.7840451598167419, -0.5963090062141418, -0.1723036766052246, 0.49080511927604675], [0.0, 0.0, 0.0, 1.0]]}, "finger3joint2": {"matrix": [[0.4679136574268341, 0.01427665539085865, -0.883658766746521, -2.3018434047698975], [0.19851838052272797, -0.9760158658027649, 0.08935024589300156, 0.4089585840702057], [-0.8611894249916077, -0.21723072230815887, -0.45952513813972473, -0.03226611018180847], [0.0, 0.0, 0.0, 1.0]]}, "finger3joint3": {"matrix": [[0.6099736094474792, 0.26136747002601624, -0.7480769157409668, -2.29260516166687], [0.13199357688426971, -0.964362621307373, -0.22930864989757538, -0.2226020097732544], [-0.7813513278961182, 0.041130781173706055, -0.6227343082427979, -0.17283184826374054], [0.0, 0.0, 0.0, 1.0]]}, "Bone.003": {"matrix": [[0.01895010471343994, -0.8402515649795532, 0.541865348815918, -1.5519051551818848], [0.9115742444992065, 0.2371433526277542, 0.33585038781166077, 0.8290634155273438], [-0.41069844365119934, 0.48758620023727417, 0.7704454660415649, 0.7274913191795349], [0.0, 0.0, 0.0, 1.0]]}, "finger4joint1": {"matrix": [[0.9184701442718506, -0.38894280791282654, -0.0716632828116417, -1.9120534658432007], [0.21494172513484955, 0.3388046622276306, 0.9159756302833557, 0.9307076930999756], [-0.33198246359825134, -0.8566996455192566, 0.3947821259498596, 0.9364802241325378], [0.0, 0.0, 0.0, 1.0]]}, "finger4joint2": {"matrix": [[0.9077578186988831, -0.013056769035756588, -0.4192907214164734, -2.2984132766723633], [0.24029923975467682, -0.8030915856361389, 0.5452523231506348, 1.26726233959198], [-0.34384822845458984, -0.595712423324585, -0.7258750200271606, 0.08546991646289825], [0.0, 0.0, 0.0, 1.0]]}, "finger4joint3": {"matrix": [[0.9117376208305359, 0.31338754296302795, -0.2655600607395172, -2.303858757019043], [0.29822322726249695, -0.9495826363563538, -0.09672420471906662, 0.93232262134552], [-0.2824835479259491, 0.00899075623601675, -0.9592297077178955, -0.1629796177148819], [0.0, 0.0, 0.0, 1.0]]}}