{"root": {"matrix": [[0.34492239356040955, 0.17338934540748596, 0.9224774837493896, 1.4901161193847656e-08], [-0.1899404674768448, 0.975351095199585, -0.1123071014881134, 0.0], [-0.919212281703949, -0.1364784836769104, 0.36935409903526306, -1.4901161193847656e-08], [0.0, 0.0, 0.0, 1.0]]}, "carpals": {"matrix": [[-0.8288302421569824, -0.555783748626709, -0.06437793374061584, 0.8460385799407959], [0.1900859922170639, -0.3879380226135254, 0.9018709659576416, 0.5377703905105591], [-0.5262200832366943, 0.7352606058120728, 0.42718157172203064, -2.253887176513672], [0.0, 0.0, 0.0, 1.0]]}, "metacarpals": {"matrix": [[-0.5253647565841675, -0.7320653200149536, 0.4336726665496826, 0.30470848083496094], [0.4308789372444153, 0.2106027901172638, 0.8774905204772949, 0.15992110967636108], [-0.7337132096290588, 0.6478629112243652, 0.20478840172290802, -1.5377476215362549], [0.0, 0.0, 0.0, 1.0]]}, "finger5joint1": {"matrix": [[-0.02975376322865486, -0.9496360421180725, 0.31193870306015015, -0.19927406311035156], [0.3949691653251648, 0.27550992369651794, 0.8764094114303589, -0.1564698964357376], [-0.9182122945785522, 0.14928247034549713, 0.3668796420097351, -1.1235339641571045], [0.0, 0.0, 0.0, 1.0]]}, "finger5joint2": {"matrix": [[0.39160552620887756, -0.9128370881080627, -0.11564060300588608, -1.2023483514785767], [0.8324000835418701, 0.4050155580043793, -0.3782486021518707, 0.13454356789588928], [0.39211586117744446, 0.05186491087079048, 0.9184523820877075, -0.9658510088920593], [0.0, 0.0, 0.0, 1.0]]}, "finger5joint3": {"matrix": [[0.3104470372200012, -0.9097905158996582, -0.27550533413887024, -1.8297733068466187], [0.8861314058303833, 0.3818822503089905, -0.2625577449798584, 0.41292500495910645], [0.34408333897590637, -0.1626238375902176, 0.924748420715332, -0.9302024245262146], [0.0, 0.0, 0.0, 1.0]]}, "Bone": {"matrix": [[0.6027987003326416, -0.7021945714950562, 0.37888824939727783, -0.8382485508918762], [-0.21496759355068207, 0.31437525153160095, 0.9246388077735901, 0.4887304902076721], [-0.7683893442153931, -0.6388199925422668, 0.03855600580573082, -0.5262537002563477], [0.0, 0.0, 0.0, 1.0]]}, "finger1joint1": {"matrix": [[0.13298475742340088, -0.4882337152957916, 0.8625211119651794, -1.422606348991394], [0.14278708398342133, 0.8706098794937134, 0.4707973003387451, 0.750349760055542], [-0.9807785749435425, 0.060547880828380585, 0.18549154698848724, -1.0578718185424805], [0.0, 0.0, 0.0, 1.0]]}, "finger1joint2": {"matrix": [[-0.12619268894195557, -0.8659446835517883, 0.4839577078819275, -1.6985454559326172], [-0.024771789088845253, 0.49045634269714355, 0.8711135387420654, 1.2423995733261108], [-0.9916963577270508, 0.09793942421674728, -0.08334285020828247, -1.0236514806747437], [0.0, 0.0, 0.0, 1.0]]}, "finger1joint3": {"matrix": [[-0.044677719473838806, -0.2733567953109741, -0.9608744978904724, -2.0697615146636963], [0.045599233359098434, -0.961390495300293, 0.27138328552246094, 1.4526501893997192], [-0.9979602098464966, -0.03169045224785805, 0.05541731417179108, -0.9816664457321167], [0.0, 0.0, 0.0, 1.0]]}, "Bone.001": {"matrix": [[0.3699066936969757, -0.6988383531570435, 0.6122039556503296, -0.8382487297058105], [0.014687826856970787, 0.6632599830627441, 0.7482447624206543, 0.48873046040534973], [-0.9289525151252747, -0.26778894662857056, 0.2556089162826538, -0.5262537002563477], [0.0, 0.0, 0.0, 1.0]]}, "finger2joint1": {"matrix": [[-0.33385688066482544, -0.4950794577598572, 0.8021443486213684, -1.2812309265136719], [0.34528830647468567, 0.727592408657074, 0.5927773118019104, 0.9091601371765137], [-0.8771061897277832, 0.4748738706111908, -0.07196642458438873, -0.6960008144378662], [0.0, 0.0, 0.0, 1.0]]}, "finger2joint2": {"matrix": [[-0.4499535858631134, -0.8662518858909607, 0.21713849902153015, -1.7095483541488647], [0.3534071147441864, 0.0505770705640316, 0.9341012239456177, 1.5386359691619873], [-0.8201494216918945, 0.497040331363678, 0.2833823263645172, -0.28516414761543274], [0.0, 0.0, 0.0, 1.0]]}, "finger2joint3": {"matrix": [[-0.5639310479164124, -0.2739209532737732, -0.7790691256523132, -2.0383918285369873], [0.2719881236553192, -0.9523583054542542, 0.13797016441822052, 1.5578358173370361], [-0.7797461152076721, -0.13409197330474854, 0.6115676164627075, -0.09647948294878006], [0.0, 0.0, 0.0, 1.0]]}, "Bone.002": {"matrix": [[-0.23181486129760742, -0.6832492351531982, 0.6924103498458862, -0.838248610496521], [0.46121886372566223, 0.5495061278343201, 0.6966491937637329, 0.4887304902076721], [-0.856468915939331, 0.48084622621536255, 0.18774394690990448, -0.5262537598609924], [0.0, 0.0, 0.0, 1.0]]}, "finger3joint1": {"matrix": [[-0.4475086033344269, -0.8697550892829895, -0.20799490809440613, -1.1262450218200684], [0.4101867973804474, -0.4063080847263336, 0.8164927363395691, 0.7203528881072998], [-0.7946590185165405, 0.28007057309150696, 0.5385884046554565, -0.3235722482204437], [0.0, 0.0, 0.0, 1.0]]}, "finger3joint2": {"matrix": [[-0.5709966421127319, -0.43510758876800537, -0.6961637735366821, -1.8891781568527222], [0.30879318714141846, -0.8995523452758789, 0.3089533746242523, 0.36394694447517395], [-0.7606639862060547, -0.03855936974287033, 0.6479995846748352, -0.0778995081782341], [0.0, 0.0, 0.0, 1.0]]}, "finger3joint3": {"matrix": [[-0.46666935086250305, -0.11344657093286514, -0.8771255612373352, -2.1707277297973633], [0.20742447674274445, -0.9781177043914795, 0.016149764880537987, -0.21813565492630005], [-0.8597644567489624, -0.17440074682235718, 0.47998902201652527, -0.1028505191206932], [0.0, 0.0, 0.0, 1.0]]}, "Bone.003": {"matrix": [[-0.133460134267807, 0.2166505753993988, 0.9670836329460144, -0.8382486701011658], [0.9655526280403137, 0.24836422502994537, 0.07760924845933914, 0.4887305200099945], [-0.2233748883008957, 0.9441280364990234, -0.24233406782150269, -0.5262537598609924], [0.0, 0.0, 0.0, 1.0]]}, "finger4joint1": {"matrix": [[-0.006456187926232815, -0.8599961996078491, 0.5102591514587402, -0.7453880310058594], [0.2066732496023178, 0.4981049597263336, 0.8421266078948975, 0.5951842665672302], [-0.9783886075019836, 0.11089365929365158, 0.1745224893093109, -0.12158212810754776], [0.0, 0.0, 0.0, 1.0]]}, "finger4joint2": {"matrix": [[-0.016313929110765457, -0.813557505607605, -0.5812551379203796, -1.5996730327606201], [0.23426011204719543, -0.5682621002197266, 0.788796603679657, 1.0899813175201416], [-0.9720368385314941, -0.12329673767089844, 0.19985456764698029, -0.011424914002418518], [0.0, 0.0, 0.0, 1.0]]}, "finger4joint3": {"matrix": [[0.059875015169382095, -0.6174012422561646, -0.7843661308288574, -1.938977599143982], [0.26912251114845276, -0.7466948628425598, 0.6082923412322998, 0.8529802560806274], [-0.9612427353858948, -0.24751229584217072, 0.12144804745912552, -0.06284740567207336], [0.0, 0.0, 0.0, 1.0]]}}