{"root": {"matrix": [[0.5328680276870728, -0.5781174898147583, -0.6179254651069641, 0.0], [-0.7906408905982971, -0.07991503179073334, -0.6070424318313599, -7.450580596923828e-09], [0.30156025290489197, 0.8120306730270386, -0.49966752529144287, 0.0], [0.0, 0.0, 0.0, 1.0]]}, "carpals": {"matrix": [[0.5033078789710999, -0.8035580515861511, -0.3177664577960968, 0.7086674571037292], [0.7860037088394165, 0.27295687794685364, 0.5547001957893372, -1.7979884147644043], [-0.35899725556373596, -0.5289507508277893, 0.7689810991287231, 1.532975196838379], [0.0, 0.0, 0.0, 1.0]]}, "metacarpals": {"matrix": [[0.3803269863128662, -0.8748475909233093, 0.29998815059661865, -0.07399332523345947], [0.27171242237091064, 0.4157440960407257, 0.86794513463974, -1.5321300029754639], [-0.8840382099151611, -0.24859249591827393, 0.3958258032798767, 1.0177804231643677], [0.0, 0.0, 0.0, 1.0]]}, "finger5joint1": {"matrix": [[0.2182445079088211, -0.9721516966819763, 0.08538294583559036, -0.7633817195892334], [0.39766132831573486, 0.16848881542682648, 0.9019293189048767, -1.6995983123779297], [-0.8911983966827393, -0.16288763284683228, 0.4233590364456177, 0.8682047724723816], [0.0, 0.0, 0.0, 1.0]]}, "finger5joint2": {"matrix": [[0.13247212767601013, -0.5263653993606567, -0.8398750424385071, -1.790238380432129], [0.8901786804199219, 0.43584394454956055, -0.13274532556533813, -1.5216281414031982], [0.43592724204063416, -0.7300539016723633, 0.5262967348098755, 0.6961510181427002], [0.0, 0.0, 0.0, 1.0]]}, "finger5joint3": {"matrix": [[0.12879139184951782, -0.17908456921577454, -0.9753670692443848, -2.1520278453826904], [0.932931661605835, 0.35535985231399536, 0.057941194623708725, -1.2220573425292969], [0.3362301290035248, -0.9174134731292725, 0.21284116804599762, 0.1943594217300415], [0.0, 0.0, 0.0, 1.0]]}, "Bone": {"matrix": [[0.8945516347885132, 0.17667555809020996, 0.4105640947818756, -1.439873218536377], [-0.440681129693985, 0.19515039026737213, 0.8761940598487854, -0.8830380439758301], [0.07468035817146301, -0.9647289514541626, 0.2524297833442688, 0.629658579826355], [0.0, 0.0, 0.0, 1.0]]}, "finger1joint1": {"matrix": [[0.6405074000358582, -0.7546902894973755, -0.142100527882576, -1.2928462028503418], [0.22319436073303223, 0.005888734944164753, 0.9747559428215027, -0.7206363081932068], [-0.73480224609375, -0.656054675579071, 0.17221449315547943, -0.17317697405815125], [0.0, 0.0, 0.0, 1.0]]}, "finger1joint2": {"matrix": [[0.6683230400085449, -0.7255405783653259, -0.16411900520324707, -1.7193806171417236], [-0.08433797210454941, -0.2931111752986908, 0.9523510932922363, -0.7173081040382385], [-0.7390746474266052, -0.6226369142532349, -0.257083535194397, -0.5439648628234863], [0.0, 0.0, 0.0, 1.0]]}, "finger1joint3": {"matrix": [[0.6744318604469299, -0.5328575968742371, -0.5110815167427063, -2.0304081439971924], [0.023353541269898415, -0.6764644980430603, 0.7361046671867371, -0.842960000038147], [-0.7379676699638367, -0.5083881616592407, -0.4437851011753082, -0.8108790516853333], [0.0, 0.0, 0.0, 1.0]]}, "Bone.001": {"matrix": [[0.9433538317680359, -0.027712758630514145, 0.33062872290611267, -1.439873218536377], [-0.24208952486515045, 0.6239375472068787, 0.7430303692817688, -0.8830380439758301], [-0.22688311338424683, -0.7809824347496033, 0.5818850994110107, 0.629658579826355], [0.0, 0.0, 0.0, 1.0]]}, "finger2joint1": {"matrix": [[0.8891119360923767, -0.4217366874217987, 0.17781417071819305, -1.45743989944458], [0.06513518840074539, 0.5011420845985413, 0.8629099726676941, -0.4875342547893524], [-0.4530309736728668, -0.7556416988372803, 0.47304147481918335, 0.13460654020309448], [0.0, 0.0, 0.0, 1.0]]}, "finger2joint2": {"matrix": [[0.8270779848098755, -0.5440488457679749, -0.1412539929151535, -1.8223049640655518], [0.030163682997226715, -0.20798100531101227, 0.9776674509048462, -0.05397171527147293], [-0.5612770915031433, -0.8128681182861328, -0.15560592710971832, -0.5191360116004944], [0.0, 0.0, 0.0, 1.0]]}, "finger2joint3": {"matrix": [[0.7685097455978394, -0.3799135684967041, -0.5148380398750305, -2.028834819793701], [-0.08136914670467377, -0.8561353087425232, 0.5103047490119934, -0.13292470574378967], [-0.6346428394317627, -0.3502824008464813, -0.6888616681098938, -0.8277140855789185], [0.0, 0.0, 0.0, 1.0]]}, "Bone.002": {"matrix": [[0.651523232460022, -0.6336708068847656, 0.4171074330806732, -1.439873218536377], [0.24986501038074493, 0.6983816623687744, 0.6706938147544861, -0.8830380439758301], [-0.7162994146347046, -0.3327520191669464, 0.6133442521095276, 0.6296585202217102], [0.0, 0.0, 0.0, 1.0]]}, "finger3joint1": {"matrix": [[0.9119400382041931, -0.033928778022527695, 0.4089182913303375, -1.7069718837738037], [-0.2774965465068817, 0.6831183433532715, 0.6755328178405762, -0.5886631608009338], [-0.30225977301597595, -0.7295189499855042, 0.6135479807853699, 0.4894002079963684], [0.0, 0.0, 0.0, 1.0]]}, "finger3joint2": {"matrix": [[0.8785440921783447, -0.42430585622787476, 0.21937336027622223, -1.7367336750030518], [-0.19198349118232727, 0.10687122493982315, 0.9755617380142212, 0.010555647313594818], [-0.43738141655921936, -0.8991901278495789, 0.012431404553353786, -0.15052032470703125], [0.0, 0.0, 0.0, 1.0]]}, "finger3joint3": {"matrix": [[0.8069928288459778, -0.5627956986427307, 0.17895089089870453, -2.011293649673462], [-0.34776178002357483, -0.2079608291387558, 0.9142284989356995, 0.07970990985631943], [-0.4773092567920685, -0.8000082969665527, -0.36354175209999084, -0.7323685884475708], [0.0, 0.0, 0.0, 1.0]]}, "Bone.003": {"matrix": [[0.33354517817497253, -0.5566038489341736, 0.7608808875083923, -1.439873218536377], [0.8870593905448914, 0.4585546851158142, -0.05341305956244469, -0.8830380439758301], [-0.31917548179626465, 0.6927623748779297, 0.6466894745826721, 0.629658579826355], [0.0, 0.0, 0.0, 1.0]]}, "finger4joint1": {"matrix": [[0.7688558101654053, -0.15671928226947784, 0.6199190020561218, -1.678444504737854], [-0.2011551856994629, 0.8609930872917175, 0.46714767813682556, -0.6864926815032959], [-0.606957197189331, -0.48386916518211365, 0.6304548382759094, 0.9265899658203125], [0.0, 0.0, 0.0, 1.0]]}, "finger4joint2": {"matrix": [[0.7768885493278503, -0.3997700810432434, 0.48644396662712097, -1.834123134613037], [-0.17230743169784546, 0.6080977320671082, 0.7749365568161011, 0.16878262162208557], [-0.6056020855903625, -0.685857355594635, 0.40354108810424805, 0.44593411684036255], [0.0, 0.0, 0.0, 1.0]]}, "finger4joint3": {"matrix": [[0.8002316355705261, -0.45979201793670654, 0.38499394059181213, -2.000852346420288], [-0.23357756435871124, 0.3523121476173401, 0.9062654376029968, 0.4223976731300354], [-0.552331805229187, -0.8151484131813049, 0.17453444004058838, 0.15988850593566895], [0.0, 0.0, 0.0, 1.0]]}}