{"root": {"matrix": [[0.24610689282417297, -0.8142810463905334, 0.5257164239883423, -5.960464477539063e-08], [0.755302369594574, -0.17879319190979004, -0.6305167078971863, 0.0], [0.6074123978614807, 0.5522493720054626, 0.571026086807251, 0.0], [0.0, 0.0, 0.0, 1.0]]}, "carpals": {"matrix": [[-0.6942059397697449, -0.39598727226257324, -0.601059079170227, -0.29957157373428345], [0.7089113593101501, -0.5207003355026245, -0.47572648525238037, 1.6039776802062988], [-0.1245899572968483, -0.7563497424125671, 0.6421931982040405, 1.8499996662139893], [0.0, 0.0, 0.0, 1.0]]}, "metacarpals": {"matrix": [[-0.8936170339584351, -0.37574782967567444, -0.24548301100730896, -0.6852608919143677], [0.4460579752922058, -0.6827962398529053, -0.5786375403404236, 1.0968185663223267], [0.04980700463056564, -0.626579999923706, 0.7777637243270874, 1.1133195161819458], [0.0, 0.0, 0.0, 1.0]]}, "finger5joint1": {"matrix": [[-0.6702600121498108, -0.6761870384216309, -0.305814266204834, -0.6419057250022888], [0.5662614703178406, -0.19963009655475616, -0.7996847033500671, 0.8669325113296509], [0.47968676686286926, -0.7091674208641052, 0.5167027711868286, 0.42706331610679626], [0.0, 0.0, 0.0, 1.0]]}, "finger5joint2": {"matrix": [[-0.2787010967731476, -0.7437273859977722, 0.6076138615608215, -1.3561433553695679], [-0.809482991695404, -0.15852908790111542, -0.5653366446495056, 0.6560688018798828], [0.5167809724807739, -0.6494129300117493, -0.5578526854515076, -0.3220105767250061], [0.0, 0.0, 0.0, 1.0]]}, "finger5joint3": {"matrix": [[-0.37994202971458435, -0.8125389218330383, 0.4420677125453949, -1.8673334121704102], [-0.7883901596069336, 0.034486014395952225, -0.6142078638076782, 0.5471062064170837], [0.4838227927684784, -0.5818851590156555, -0.653700590133667, -0.7683748602867126], [0.0, 0.0, 0.0, 1.0]]}, "Bone": {"matrix": [[0.2526056468486786, -0.8929290771484375, -0.3726498484611511, -1.2719074487686157], [0.7899616956710815, 0.4127196967601776, -0.45345646142959595, 0.03078407049179077], [0.5587043166160583, -0.17983339726924896, 0.8096351027488708, 0.13505420088768005], [0.0, 0.0, 0.0, 1.0]]}, "finger1joint1": {"matrix": [[-0.5810557007789612, -0.5041999220848083, -0.6388713121414185, -2.0149919986724854], [0.530122697353363, 0.3611457049846649, -0.7671658992767334, 0.37424436211586], [0.6175306439399719, -0.7844462990760803, 0.057442132383584976, -0.014600932598114014], [0.0, 0.0, 0.0, 1.0]]}, "finger1joint2": {"matrix": [[-0.3487553298473358, -0.009663763456046581, -0.9371638894081116, -2.299954891204834], [0.7311906814575195, 0.6227226257324219, -0.27852582931518555, 0.5783560276031494], [0.5862847566604614, -0.7823829054832458, -0.21011167764663696, -0.45795297622680664], [0.0, 0.0, 0.0, 1.0]]}, "finger1joint3": {"matrix": [[-0.44128116965293884, 0.38209766149520874, -0.8119558095932007, -2.3040976524353027], [0.6758836507797241, 0.7367193102836609, -0.020636390894651413, 0.8453069925308228], [0.5902984142303467, -0.5578941106796265, -0.5833538174629211, -0.7933476567268372], [0.0, 0.0, 0.0, 1.0]]}, "Bone.001": {"matrix": [[-0.11018627136945724, -0.9935877919197083, -0.025336425751447678, -1.2719075679779053], [0.8236780762672424, -0.07701771706342697, -0.561802864074707, 0.030784079805016518], [0.5562491416931152, -0.08277194947004318, 0.8268828988075256, 0.13505420088768005], [0.0, 0.0, 0.0, 1.0]]}, "finger2joint1": {"matrix": [[-0.8341855406761169, -0.5330950617790222, -0.1412224918603897, -1.901726484298706], [0.5403286218643188, -0.738815426826477, -0.4027363061904907, -0.0180361270904541], [0.11035942286252975, -0.41226330399513245, 0.9043557643890381, 0.08258640766143799], [0.0, 0.0, 0.0, 1.0]]}, "finger2joint2": {"matrix": [[-0.8623411655426025, -0.14624588191509247, -0.4847469925880432, -2.3629331588745117], [0.5061987042427063, -0.27061039209365845, -0.8188605904579163, -0.6572216153144836], [-0.011422519572079182, -0.9515154361724854, 0.3073880672454834, -0.2740827202796936], [0.0, 0.0, 0.0, 1.0]]}, "finger2joint3": {"matrix": [[-0.8266382217407227, 0.44706982374191284, -0.34175658226013184, -2.418450355529785], [0.5429490208625793, 0.47402143478393555, -0.6931881308555603, -0.7599496841430664], [-0.14790350198745728, -0.7585722804069519, -0.6345803141593933, -0.6352936029434204], [0.0, 0.0, 0.0, 1.0]]}, "Bone.002": {"matrix": [[-0.7713568210601807, -0.635364294052124, 0.036341823637485504, -1.2719075679779053], [0.5454217791557312, -0.6894271373748779, -0.4766605496406555, 0.03078410029411316], [0.3279081881046295, -0.3478536009788513, 0.8783358335494995, 0.13505421578884125], [0.0, 0.0, 0.0, 1.0]]}, "finger3joint1": {"matrix": [[-0.28915444016456604, -0.9533224701881409, -0.08698191493749619, -1.5397199392318726], [0.8213507533073425, -0.20039711892604828, -0.5340635776519775, -0.25981637835502625], [0.49170389771461487, -0.2258693277835846, 0.8409578204154968, -0.011569574475288391], [0.0, 0.0, 0.0, 1.0]]}, "finger3joint2": {"matrix": [[-0.4326636791229248, -0.02554255910217762, -0.9011934995651245, -2.3759567737579346], [0.7994222044944763, 0.4512626826763153, -0.3965931832790375, -0.43560099601745605], [0.4168049693107605, -0.8920254111289978, -0.17482542991638184, -0.20969802141189575], [0.0, 0.0, 0.0, 1.0]]}, "finger3joint3": {"matrix": [[-0.27568039298057556, 0.6092498302459717, -0.7435151934623718, -2.3924849033355713], [0.8761206269264221, 0.4774945080280304, 0.06642012298107147, -0.1435978263616562], [0.3954907953739166, -0.6330984234809875, -0.6654120087623596, -0.7869100570678711], [0.0, 0.0, 0.0, 1.0]]}, "Bone.003": {"matrix": [[-0.8221842050552368, 0.3111882507801056, 0.4766285717487335, -1.2719074487686157], [-0.24708466231822968, -0.949443519115448, 0.1936652809381485, 0.03078410029411316], [0.5127983093261719, 0.04146094247698784, 0.8575072288513184, 0.13505421578884125], [0.0, 0.0, 0.0, 1.0]]}, "finger4joint1": {"matrix": [[-0.7100608944892883, -0.6804865598678589, -0.18097300827503204, -1.1385260820388794], [0.6609629988670349, -0.5555160641670227, -0.5045092701911926, -0.37616580724716187], [0.2427784651517868, -0.47784867882728577, 0.8442267775535583, 0.15282517671585083], [0.0, 0.0, 0.0, 1.0]]}, "finger4joint2": {"matrix": [[-0.7288353443145752, -0.5435353517532349, -0.41637474298477173, -1.8144936561584473], [0.6381896734237671, -0.31900492310523987, -0.7006778717041016, -0.9279927015304565], [0.24801771342754364, -0.776404857635498, 0.5793809294700623, -0.32185015082359314], [0.0, 0.0, 0.0, 1.0]]}, "finger4joint3": {"matrix": [[-0.6749616861343384, -0.4590224623680115, -0.5776890516281128, -2.041182041168213], [0.6726799607276917, -0.061088334769010544, -0.7374073266983032, -1.0610378980636597], [0.3031965494155884, -0.8863216042518616, 0.35000771284103394, -0.6456598043441772], [0.0, 0.0, 0.0, 1.0]]}}