{"root": {"matrix": [[0.6866480112075806, -0.5923151969909668, 0.4215177297592163, 5.960464477539063e-08], [0.2970159649848938, 0.7577791213989258, 0.5809925198554993, 5.960464477539063e-08], [-0.6635479927062988, -0.2737398147583008, 0.6962546706199646, 0.0], [0.0, 0.0, 0.0, 1.0]]}, "carpals": {"matrix": [[0.1807420551776886, -0.6414996981620789, -0.7455267310142517, 0.9256792068481445], [-0.5689572691917419, -0.6865003705024719, 0.45277437567710876, 1.3481016159057617], [-0.8022592663764954, 0.342337429523468, -0.4890654981136322, -1.8468148708343506], [0.0, 0.0, 0.0, 1.0]]}, "metacarpals": {"matrix": [[-0.040380991995334625, -0.9769786596298218, -0.2094794660806656, 0.3008624315261841], [-0.911601722240448, -0.04981230944395065, 0.40804508328437805, 0.6794543862342834], [-0.4090862572193146, 0.207439124584198, -0.8886041641235352, -1.5133802890777588], [0.0, 0.0, 0.0, 1.0]]}, "finger5joint1": {"matrix": [[-0.3914627432823181, -0.9185125231742859, -0.05559848994016647, -0.16341108083724976], [-0.8666272759437561, 0.34768763184547424, 0.3578689992427826, 0.643126368522644], [-0.3093765377998352, 0.18827565014362335, -0.9321149587631226, -0.9576776623725891], [0.0, 0.0, 0.0, 1.0]]}, "finger5joint2": {"matrix": [[0.2747783958911896, -0.9572900533676147, 0.08995348960161209, -1.1336103677749634], [0.3461386561393738, 0.18576762080192566, 0.9196075201034546, 1.0103790760040283], [-0.8970419764518738, -0.2215520441532135, 0.38240042328834534, -0.7588072419166565], [0.0, 0.0, 0.0, 1.0]]}, "finger5joint3": {"matrix": [[0.17883935570716858, -0.9743391275405884, -0.13667087256908417, -1.791589379310608], [0.31081390380859375, -0.07584775984287262, 0.9474393725395203, 1.1380637884140015], [-0.9334937930107117, -0.21191884577274323, 0.2892739176750183, -0.9110877513885498], [0.0, 0.0, 0.0, 1.0]]}, "Bone": {"matrix": [[0.9731893539428711, -0.16844744980335236, -0.15661261975765228, -1.2244726419448853], [-0.12628430128097534, -0.9604235291481018, 0.24827143549919128, 0.6016835570335388], [-0.19223517179489136, -0.22183765470981598, -0.9559464454650879, -1.1895102262496948], [0.0, 0.0, 0.0, 1.0]]}, "finger1joint1": {"matrix": [[0.4902968108654022, -0.7788788080215454, -0.3910963833332062, -1.3646525144577026], [-0.6429941654205322, -0.6261818408966064, 0.44097012281417847, -0.19756904244422913], [-0.5883600115776062, 0.03526630625128746, -0.8078296184539795, -1.374120831489563], [0.0, 0.0, 0.0, 1.0]]}, "finger1joint2": {"matrix": [[0.6015675067901611, -0.6655469536781311, -0.4417729675769806, -1.8048579692840576], [-0.7340664267539978, -0.6786918044090271, 0.022886961698532104, -0.5514734983444214], [-0.31506019830703735, 0.3105226159095764, -0.8968348503112793, -1.3541889190673828], [0.0, 0.0, 0.0, 1.0]]}, "finger1joint3": {"matrix": [[0.5777449011802673, -0.3655923008918762, -0.7297621369361877, -2.0901670455932617], [-0.7025786638259888, -0.6778240203857422, -0.21665118634700775, -0.8424175381660461], [-0.4154444932937622, 0.6378844380378723, -0.6484668850898743, -1.221073031425476], [0.0, 0.0, 0.0, 1.0]]}, "Bone.001": {"matrix": [[0.8331347107887268, -0.5480338335037231, -0.07446495443582535, -1.2244726419448853], [-0.41354143619537354, -0.7066817879676819, 0.5740940570831299, 0.6016835570335388], [-0.367246150970459, -0.44750359654426575, -0.8153960108757019, -1.1895102262496948], [0.0, 0.0, 0.0, 1.0]]}, "finger2joint1": {"matrix": [[0.17548251152038574, -0.6267792582511902, -0.7591792941093445, -1.5718623399734497], [-0.8522053956985474, -0.48280084133148193, 0.20161576569080353, 0.15372952818870544], [-0.4929012656211853, 0.6115967631340027, -0.6188679933547974, -1.4731754064559937], [0.0, 0.0, 0.0, 1.0]]}, "finger2joint2": {"matrix": [[0.18748663365840912, -0.2868410646915436, -0.9394522309303284, -2.1141197681427], [-0.9073441624641418, -0.41693443059921265, -0.05377693101763725, -0.2639651298522949], [-0.37626487016677856, 0.8624891042709351, -0.3384333848953247, -0.944053053855896], [0.0, 0.0, 0.0, 1.0]]}, "finger2joint3": {"matrix": [[0.23653721809387207, 0.03254024311900139, -0.9710771441459656, -2.2230093479156494], [-0.9407187104225159, -0.24239107966423035, -0.2372647374868393, -0.42224031686782837], [-0.2431013137102127, 0.969632625579834, -0.026723414659500122, -0.6166381239891052], [0.0, 0.0, 0.0, 1.0]]}, "Bone.002": {"matrix": [[0.21610912680625916, -0.9754579663276672, 0.04216834157705307, -1.2244725227355957], [-0.7981373071670532, -0.1516178548336029, 0.5830854773521423, 0.6016835570335388], [-0.5623822212219238, -0.15966632962226868, -0.8113155364990234, -1.1895102262496948], [0.0, 0.0, 0.0, 1.0]]}, "finger3joint1": {"matrix": [[0.5707770586013794, -0.7269886136054993, 0.38170766830444336, -1.6356379985809326], [-0.7561797499656677, -0.28422096371650696, 0.5894154906272888, 0.5377750992774963], [-0.32000932097435, -0.6250646710395813, -0.7119608521461487, -1.2568111419677734], [0.0, 0.0, 0.0, 1.0]]}, "finger3joint2": {"matrix": [[0.4334004819393158, -0.17014649510383606, -0.8849936723709106, -2.273338794708252], [-0.8138969540596008, -0.4955558478832245, -0.3033084273338318, 0.28846171498298645], [-0.38695719838142395, 0.8517478704452515, -0.35325610637664795, -1.805106282234192], [0.0, 0.0, 0.0, 1.0]]}, "finger3joint3": {"matrix": [[0.5670694708824158, 0.5807651281356812, -0.5840749144554138, -2.383437395095825], [-0.7748703956604004, 0.135694682598114, -0.6173837780952454, -0.032202720642089844], [-0.2792993485927582, 0.8026822209358215, 0.5269661545753479, -1.2539570331573486], [0.0, 0.0, 0.0, 1.0]]}, "Bone.003": {"matrix": [[-0.33476126194000244, -0.5713250637054443, 0.7493479251861572, -1.2244726419448853], [-0.2969302833080292, 0.8186748623847961, 0.4915320575237274, 0.601683497428894], [-0.8942971229553223, -0.05795811861753464, -0.44370439648628235, -1.1895101070404053], [0.0, 0.0, 0.0, 1.0]]}, "finger4joint1": {"matrix": [[-0.10847166180610657, -0.9145726561546326, -0.3896026313304901, -1.4693536758422852], [-0.9177712798118591, -0.05847105011343956, 0.3927806615829468, 0.9525834918022156], [-0.3820072114467621, 0.4001718759536743, -0.8330262899398804, -1.2143521308898926], [0.0, 0.0, 0.0, 1.0]]}, "finger4joint2": {"matrix": [[-0.13691109418869019, -0.05701882019639015, -0.9889406561851501, -2.37785267829895], [-0.9111145734786987, -0.38454437255859375, 0.14830836653709412, 0.894500732421875], [-0.3887482285499573, 0.9213436841964722, 0.0006977145094424486, -0.8168377876281738], [0.0, 0.0, 0.0, 1.0]]}, "finger4joint3": {"matrix": [[-0.11721594631671906, 0.5636444687843323, -0.8176580667495728, -2.4016330242156982], [-0.8780673146247864, -0.44346511363983154, -0.17982205748558044, 0.734121561050415], [-0.46395882964134216, 0.696881115436554, 0.5468991994857788, -0.43257957696914673], [0.0, 0.0, 0.0, 1.0]]}}