{"root": {"matrix": [[0.4353885054588318, -0.6511505246162415, -0.6216428279876709, -5.960464477539063e-08], [-0.12829530239105225, 0.63860023021698, -0.7587687969207764, 0.0], [0.8910539746284485, 0.410113126039505, 0.19449958205223083, 0.0], [0.0, 0.0, 0.0, 1.0]]}, "carpals": {"matrix": [[0.6979973912239075, -0.7041029334068298, 0.1305316835641861, 0.4171520471572876], [-0.3259330987930298, -0.15006524324417114, 0.9334065914154053, 0.42024141550064087], [-0.6376261115074158, -0.6940600275993347, -0.33423539996147156, 2.394653797149658], [0.0, 0.0, 0.0, 1.0]]}, "metacarpals": {"matrix": [[0.02368520200252533, -0.44387364387512207, 0.8957762122154236, -0.26864004135131836], [-0.9996705651283264, -0.0016616573557257652, 0.025608928874135017, 0.2740787863731384], [-0.009878864511847496, -0.896087646484375, -0.4437668025493622, 1.7186435461044312], [0.0, 0.0, 0.0, 1.0]]}, "finger5joint1": {"matrix": [[-0.1449459344148636, -0.5748590230941772, 0.8053121566772461, -0.8945941925048828], [-0.9093258380889893, 0.398223876953125, 0.12059859931468964, 0.4380037188529968], [-0.3900218605995178, -0.7148107886314392, -0.5804550647735596, 1.3915584087371826], [0.0, 0.0, 0.0, 1.0]]}, "finger5joint2": {"matrix": [[0.8035748600959778, -0.5907191634178162, 0.07292329519987106, -1.5018019676208496], [0.1384473443031311, 0.3046652376651764, 0.9423434138298035, 0.8586364984512329], [-0.5788776278495789, -0.747147262096405, 0.3266049921512604, 0.6365235447883606], [0.0, 0.0, 0.0, 1.0]]}, "finger5joint3": {"matrix": [[0.7396798729896545, -0.6728228330612183, -0.013511951081454754, -1.907823920249939], [0.11419402807950974, 0.10570342093706131, 0.9878188371658325, 1.06804358959198], [-0.6631989479064941, -0.7322126626968384, 0.15501922369003296, 0.12298306822776794], [0.0, 0.0, 0.0, 1.0]]}, "Bone": {"matrix": [[0.3648378849029541, -0.19367200136184692, 0.9107053875923157, -0.961650013923645], [-0.15494251251220703, -0.9771168231964111, -0.14572355151176453, 0.27148449420928955], [0.9180880784988403, -0.0879417285323143, -0.38649728894233704, 0.3196019232273102], [0.0, 0.0, 0.0, 1.0]]}, "finger1joint1": {"matrix": [[0.3746275305747986, -0.6805709004402161, 0.6296644806861877, -1.1228214502334595], [-0.8671212792396545, -0.4976135790348053, -0.021938269957900047, -0.5416601300239563], [0.3282598853111267, -0.5377768278121948, -0.776557207107544, 0.24641790986061096], [0.0, 0.0, 0.0, 1.0]]}, "finger1joint2": {"matrix": [[0.17866934835910797, -0.8591868281364441, 0.47945308685302734, -1.5074653625488281], [-0.8091417551040649, -0.40555188059806824, -0.42522603273391724, -0.8229005336761475], [0.5597915053367615, -0.31197065114974976, -0.7676636576652527, -0.05752190947532654], [0.0, 0.0, 0.0, 1.0]]}, "finger1joint3": {"matrix": [[0.25770652294158936, -0.9650850296020508, 0.046884920448064804, -1.8757846355438232], [-0.8326196074485779, -0.24643059074878693, -0.4960004687309265, -0.9967539310455322], [0.4902363121509552, 0.08878525346517563, -0.8670554757118225, -0.19125860929489136], [0.0, 0.0, 0.0, 1.0]]}, "Bone.001": {"matrix": [[0.3824879229068756, 0.008781359530985355, 0.9239186644554138, -0.961650013923645], [-0.49240368604660034, -0.8441853523254395, 0.21187104284763336, 0.27148446440696716], [0.7818190455436707, -0.5359792709350586, -0.3185667395591736, 0.3196019232273102], [0.0, 0.0, 0.0, 1.0]]}, "finger2joint1": {"matrix": [[0.17509578168392181, -0.5543503165245056, 0.8136565685272217, -0.9560837149620056], [-0.9597017765045166, -0.28060030937194824, 0.015349122695624828, -0.26363086700439453], [0.21980327367782593, -0.7835553288459778, -0.5811429619789124, -0.020146548748016357], [0.0, 0.0, 0.0, 1.0]]}, "finger2joint2": {"matrix": [[0.0483030341565609, -0.813584566116333, 0.5794366002082825, -1.4356791973114014], [-0.9784395098686218, -0.15516729652881622, -0.13630498945713043, -0.5063919425010681], [0.20080503821372986, -0.5603596568107605, -0.8035383820533752, -0.698038637638092], [0.0, 0.0, 0.0, 1.0]]}, "finger2joint3": {"matrix": [[-0.09730061888694763, -0.9827430844306946, 0.15731610357761383, -1.744529366493225], [-0.973660409450531, 0.0612444132566452, -0.2196228802204132, -0.5652959942817688], [0.20619793236255646, -0.17454181611537933, -0.9628172516822815, -0.9107603430747986], [0.0, 0.0, 0.0, 1.0]]}, "Bone.002": {"matrix": [[0.26569318771362305, -0.15119414031505585, 0.9521278142929077, -0.9616499543190002], [-0.9448301792144775, -0.23710156977176666, 0.22600597143173218, 0.2714844346046448], [0.19158002734184265, -0.9596472382545471, -0.2058490812778473, 0.3196019232273102], [0.0, 0.0, 0.0, 1.0]]}, "finger3joint1": {"matrix": [[0.11299218982458115, -0.2724875211715698, 0.9555015563964844, -1.0253797769546509], [-0.9787534475326538, -0.1961231529712677, 0.059811901301145554, 0.17154376208782196], [0.17109782993793488, -0.9419585466384888, -0.28885847330093384, -0.08489906787872314], [0.0, 0.0, 0.0, 1.0]]}, "finger3joint2": {"matrix": [[0.03133147582411766, -0.9603540301322937, 0.2770169675350189, -1.2644009590148926], [-0.999025821685791, -0.038706522434949875, -0.021193791180849075, -0.0004918500781059265], [0.031075768172740936, -0.27608293294906616, -0.9606311321258545, -0.9111676812171936], [0.0, 0.0, 0.0, 1.0]]}, "finger3joint3": {"matrix": [[-0.06338532269001007, -0.9476227164268494, -0.3130391836166382, -1.885826826095581], [-0.9819068908691406, 0.11530077457427979, -0.15021483600139618, -0.02553807757794857], [0.17844051122665405, 0.2978539764881134, -0.9377855062484741, -1.0898154973983765], [0.0, 0.0, 0.0, 1.0]]}, "Bone.003": {"matrix": [[0.6121399998664856, 0.21169257164001465, 0.7618864178657532, -0.961650013923645], [-0.6310465931892395, 0.7113933563232422, 0.3093535006046295, 0.2714844346046448], [-0.47651317715644836, -0.6701533198356628, 0.5690601468086243, 0.3196019232273102], [0.0, 0.0, 0.0, 1.0]]}, "finger4joint1": {"matrix": [[-0.006392880342900753, -0.7346382141113281, 0.6784288287162781, -0.8709143996238708], [-0.9990618228912354, 0.03374984860420227, 0.02713187225162983, 0.5764014720916748], [-0.04282910376787186, -0.6776188015937805, -0.7341647148132324, 0.03236120939254761], [0.0, 0.0, 0.0, 1.0]]}, "finger4joint2": {"matrix": [[-0.01012966688722372, -0.9419575333595276, -0.3355787992477417, -1.6006739139556885], [-0.9973152875900269, -0.014821511693298817, 0.07170805335044861, 0.6099271774291992], [-0.07251984626054764, 0.33540433645248413, -0.9392785429954529, -0.6407576203346252], [0.0, 0.0, 0.0, 1.0]]}, "finger4joint3": {"matrix": [[0.07311667501926422, -0.4781060814857483, -0.8752532601356506, -1.9935294389724731], [-0.9935734868049622, -0.11094914376735687, -0.022395050153136253, 0.603745698928833], [-0.08640151470899582, 0.8712660074234009, -0.48314571380615234, -0.5008728504180908], [0.0, 0.0, 0.0, 1.0]]}}