{"root": {"matrix": [[0.4175831973552704, -0.5477700233459473, -0.7249636054039001, -5.960464477539063e-08], [-0.41962483525276184, 0.5914220213890076, -0.6885746121406555, 0.0], [0.8059399724006653, 0.5917499661445618, 0.017109934240579605, 0.0], [0.0, 0.0, 0.0, 1.0]]}, "carpals": {"matrix": [[0.7474628686904907, -0.6375638246536255, 0.18657831847667694, 0.4896922707557678], [-0.2307097315788269, 0.01423929538577795, 0.9729182720184326, -0.29266321659088135], [-0.6229543089866638, -0.7702657580375671, -0.13644863665103912, 2.3999030590057373], [0.0, 0.0, 0.0, 1.0]]}, "metacarpals": {"matrix": [[0.009350142441689968, -0.44478505849838257, 0.8955884575843811, -0.13129103183746338], [-0.9744247794151306, 0.19704100489616394, 0.10803168267011642, -0.27879422903060913], [-0.2245187610387802, -0.8736937642097473, -0.4315672218799591, 1.6496689319610596], [0.0, 0.0, 0.0, 1.0]]}, "finger5joint1": {"matrix": [[0.07823319733142853, -0.6867281794548035, 0.72269207239151, -0.7551729679107666], [-0.9468894600868225, 0.17560862004756927, 0.26937276124954224, -0.039811596274375916], [-0.31189703941345215, -0.7053833603858948, -0.6365172266960144, 1.368006706237793], [0.0, 0.0, 0.0, 1.0]]}, "finger5joint2": {"matrix": [[0.7116081118583679, -0.6605790853500366, -0.23926696181297302, -1.4805448055267334], [0.2764699161052704, -0.04979527369141579, 0.95973140001297, 0.14567892253398895], [-0.6458929777145386, -0.7491027116775513, 0.1471957266330719, 0.6229297518730164], [0.0, 0.0, 0.0, 1.0]]}, "finger5joint3": {"matrix": [[0.6589204668998718, -0.6727817058563232, -0.3364344835281372, -1.9345839023590088], [0.21735550463199615, -0.2578878402709961, 0.9414084553718567, 0.11145288497209549], [-0.7201249003410339, -0.693439245223999, -0.023694569244980812, 0.10804517567157745], [0.0, 0.0, 0.0, 1.0]]}, "Bone": {"matrix": [[0.36353668570518494, -0.2077428251504898, 0.9081210494041443, -0.8257240056991577], [-0.3536109924316406, -0.9326331615447998, -0.0717935636639595, 0.02884143590927124], [0.8618583679199219, -0.29502224922180176, -0.4125065505504608, 0.28559035062789917], [0.0, 0.0, 0.0, 1.0]]}, "finger1joint1": {"matrix": [[0.3193587362766266, -0.8400042057037354, 0.4386374354362488, -0.9986050128936768], [-0.9459860324859619, -0.30987876653671265, 0.09531674534082413, -0.7472842931747437], [0.05585767701268196, -0.4453851878643036, -0.8935947418212891, 0.04007647931575775], [0.0, 0.0, 0.0, 1.0]]}, "finger1joint2": {"matrix": [[0.18738430738449097, -0.9610379338264465, 0.20320740342140198, -1.4733572006225586], [-0.9236998558044434, -0.24277207255363464, -0.2963782548904419, -0.9224211573600769], [0.3341636061668396, -0.1321660429239273, -0.93320232629776, -0.21164557337760925], [0.0, 0.0, 0.0, 1.0]]}, "finger1joint3": {"matrix": [[0.24213115870952606, -0.938525378704071, -0.24605411291122437, -1.885338306427002], [-0.9394343495368958, -0.16337846219539642, -0.3012813627719879, -1.0264934301376343], [0.2425600290298462, 0.30410125851631165, -0.9212419986724854, -0.2683030068874359], [0.0, 0.0, 0.0, 1.0]]}, "Bone.001": {"matrix": [[0.3762081563472748, -0.0038725228514522314, 0.9265270233154297, -0.8257240056991577], [-0.6541178226470947, -0.7093326449394226, 0.2626340985298157, 0.028841525316238403], [0.6561986804008484, -0.7048631310462952, -0.2693897783756256, 0.28559035062789917], [0.0, 0.0, 0.0, 1.0]]}, "finger2joint1": {"matrix": [[0.20112915337085724, -0.8353422284126282, 0.5116153955459595, -0.8281786441802979], [-0.9795420169830322, -0.16797465085983276, 0.11082185804843903, -0.420792818069458], [-0.006635996047407389, -0.5234383344650269, -0.8520374894142151, -0.161210834980011], [0.0, 0.0, 0.0, 1.0]]}, "finger2joint2": {"matrix": [[0.07661976665258408, -0.9719477295875549, -0.22236651182174683, -1.55087411403656], [-0.9967511892318726, -0.06911427527666092, -0.04135239124298096, -0.5661159753799438], [0.024823419749736786, 0.22481253743171692, -0.9740856289863586, -0.6140629649162292], [0.0, 0.0, 0.0, 1.0]]}, "finger2joint3": {"matrix": [[-0.015805181115865707, -0.6104877591133118, -0.7918678522109985, -1.9198415279388428], [-0.990391731262207, 0.11837466061115265, -0.07149296253919601, -0.5923528671264648], [0.13738243281841278, 0.7831295728683472, -0.6064929962158203, -0.5287204384803772], [0.0, 0.0, 0.0, 1.0]]}, "Bone.002": {"matrix": [[0.25232869386672974, -0.15557511150836945, 0.9550532102584839, -0.8257240056991577], [-0.9674925804138184, -0.023248272016644478, 0.2518281638622284, 0.028841499239206314], [-0.016975073143839836, -0.9875503182411194, -0.1563839614391327, 0.28559041023254395], [0.0, 0.0, 0.0, 1.0]]}, "finger3joint1": {"matrix": [[0.12431254982948303, -0.4104408621788025, 0.9033740162849426, -0.8913005590438843], [-0.9921623468399048, -0.03980334475636482, 0.11844627559185028, 0.0190421212464571], [-0.012658091261982918, -0.9110179543495178, -0.41217198967933655, -0.13067197799682617], [0.0, 0.0, 0.0, 1.0]]}, "finger3joint2": {"matrix": [[0.022709446027874947, -0.9732348322868347, 0.22868788242340088, -1.2513316869735718], [-0.9898127317428589, 0.010271400213241577, 0.1420038491487503, -0.015872638672590256], [-0.14055222272872925, -0.22958290576934814, -0.9630869626998901, -0.9298000931739807], [0.0, 0.0, 0.0, 1.0]]}, "finger3joint3": {"matrix": [[-0.06438563764095306, -0.9627698659896851, -0.2625427544116974, -1.8810927867889404], [-0.9978505373001099, 0.06532689183950424, 0.005151574034243822, -0.009226217865943909], [0.012191145680844784, 0.2623101770877838, -0.9649063944816589, -1.0783586502075195], [0.0, 0.0, 0.0, 1.0]]}, "Bone.003": {"matrix": [[0.6025394797325134, 0.22116483747959137, 0.766832709312439, -0.8257240056991577], [-0.522278904914856, 0.8357948064804077, 0.1693267524242401, 0.028841525316238403], [-0.603465735912323, -0.5025264620780945, 0.6191090941429138, 0.28559038043022156], [0.0, 0.0, 0.0, 1.0]]}, "finger4joint1": {"matrix": [[-0.08186022937297821, -0.7720462083816528, 0.6302725076675415, -0.7309284806251526], [-0.9423613548278809, 0.2658165991306305, 0.20321489870548248, 0.3870794177055359], [-0.32442834973335266, -0.5773091316223145, -0.7493062615394592, 0.07019776105880737], [0.0, 0.0, 0.0, 1.0]]}, "finger4joint2": {"matrix": [[-0.0873505175113678, -0.980522632598877, -0.17591211199760437, -1.497847557067871], [-0.9319204092025757, 0.0180373452603817, 0.3622133135795593, 0.651130735874176], [-0.35198551416397095, 0.19557568430900574, -0.9153446555137634, -0.5032774806022644], [0.0, 0.0, 0.0, 1.0]]}, "finger4joint3": {"matrix": [[-0.002958569908514619, -0.6994748115539551, -0.7146509289741516, -1.9067872762680054], [-0.9353930354118347, -0.2507646083831787, 0.24931186437606812, 0.6586533784866333], [-0.35359668731689453, 0.6692172288894653, -0.6535419821739197, -0.42171013355255127], [0.0, 0.0, 0.0, 1.0]]}}