{"root": {"matrix": [[0.43102899193763733, -0.45022112131118774, -0.7819942235946655, 0.0], [-0.8986603021621704, -0.13601957261562347, -0.4170232117176056, 0.0], [0.08138607442378998, 0.8824962377548218, -0.46322423219680786, 5.960464477539063e-08], [0.0, 0.0, 0.0, 1.0]]}, "carpals": {"matrix": [[0.4523817300796509, -0.8882625699043274, 0.07962580025196075, 0.6219937801361084], [0.7285764217376709, 0.4195883572101593, 0.5414069890975952, -2.1185505390167236], [-0.5143216848373413, -0.18690921366214752, 0.836981475353241, 1.0999327898025513], [0.0, 0.0, 0.0, 1.0]]}, "metacarpals": {"matrix": [[0.1781424731016159, -0.7181617021560669, 0.672687828540802, -0.24316871166229248], [-0.04324481263756752, 0.6772481203079224, 0.73448246717453, -1.709874153137207], [-0.9830539226531982, -0.15993282198905945, 0.089589923620224, 0.917884349822998], [0.0, 0.0, 0.0, 1.0]]}, "finger5joint1": {"matrix": [[0.28813692927360535, -0.7789093255996704, 0.5570253729820251, -0.9609813690185547], [-0.04033994302153587, 0.5713057518005371, 0.8197450637817383, -1.617943525314331], [-0.956739068031311, -0.2586692273616791, 0.13319316506385803, 0.9622533917427063], [0.0, 0.0, 0.0, 1.0]]}, "finger5joint2": {"matrix": [[0.6056782603263855, -0.4442324638366699, -0.6601597666740417, -1.7837215662002563], [0.7747214436531067, 0.5185146927833557, 0.3618680238723755, -1.0144891738891602], [0.1815491020679474, -0.7306156158447266, 0.6582098603248596, 0.6890282034873962], [0.0, 0.0, 0.0, 1.0]]}, "finger5joint3": {"matrix": [[0.5969835519790649, -0.30742159485816956, -0.7410142421722412, -2.0890581607818604], [0.7986417412757874, 0.31527572870254517, 0.5126127600669861, -0.6580957770347595], [0.07603561133146286, -0.897826611995697, 0.4337344467639923, 0.18685050308704376], [0.0, 0.0, 0.0, 1.0]]}, "Bone": {"matrix": [[0.6775643825531006, -0.05343374237418175, 0.7335196733474731, -1.364418387413025], [-0.7354605197906494, -0.04652956873178482, 0.6759677529335022, -0.6525017023086548], [-0.0019891047850251198, -0.9974867105484009, -0.07082518190145493, 0.6681848168373108], [0.0, 0.0, 0.0, 1.0]]}, "finger1joint1": {"matrix": [[0.2862994074821472, -0.8528311252593994, 0.4367053806781769, -1.4088853597640991], [-0.10907957702875137, 0.42380958795547485, 0.8991588354110718, -0.6912230253219604], [-0.9519107937812805, -0.3050643801689148, 0.028310008347034454, -0.16191132366657257], [0.0, 0.0, 0.0, 1.0]]}, "finger1joint2": {"matrix": [[0.15674614906311035, -0.7135633826255798, -0.682830810546875, -1.8908870220184326], [-0.3861101567745209, -0.6806272268295288, 0.6226275563240051, -0.451695054769516], [-0.9090376496315002, 0.1660534292459488, -0.38219982385635376, -0.3343271017074585], [0.0, 0.0, 0.0, 1.0]]}, "finger1joint3": {"matrix": [[0.11286038905382156, -0.0678960531949997, -0.9912883639335632, -2.19677996635437], [-0.29583823680877686, -0.9547114372253418, 0.03170889988541603, -0.743468701839447], [-0.9485474824905396, 0.2896823287010193, -0.12783542275428772, -0.26314273476600647], [0.0, 0.0, 0.0, 1.0]]}, "Bone.001": {"matrix": [[0.7010053992271423, -0.0410664863884449, 0.7119724154472351, -1.364418387413025], [-0.622672975063324, 0.4514448940753937, 0.6391208171844482, -0.6525017619132996], [-0.3476627767086029, -0.8913533091545105, 0.29089441895484924, 0.668184757232666], [0.0, 0.0, 0.0, 1.0]]}, "finger2joint1": {"matrix": [[0.251393586397171, -0.328064888715744, 0.9105901718139648, -1.3904497623443604], [-0.14349894225597382, 0.9177733659744263, 0.3702697157859802, -0.3663382828235626], [-0.957188069820404, -0.2237522155046463, 0.18364544212818146, 0.1031704917550087], [0.0, 0.0, 0.0, 1.0]]}, "finger2joint2": {"matrix": [[0.1354658305644989, -0.4704587161540985, 0.8719618320465088, -1.6742748022079468], [-0.09351630508899689, 0.8700738549232483, 0.48396867513656616, 0.42767244577407837], [-0.9863587617874146, -0.1471039056777954, 0.0738697499036789, -0.09040850400924683], [0.0, 0.0, 0.0, 1.0]]}, "finger2joint3": {"matrix": [[0.0021536259446293116, -0.6673043966293335, 0.7447818517684937, -1.852868676185608], [-0.03597138077020645, 0.744249701499939, 0.6669317483901978, 0.7579667568206787], [-0.999350368976593, -0.028227176517248154, -0.022401029244065285, -0.14625155925750732], [0.0, 0.0, 0.0, 1.0]]}, "Bone.002": {"matrix": [[0.4625345766544342, -0.43149247765541077, 0.7745165824890137, -1.364418387413025], [-0.1415153592824936, 0.8264486789703369, 0.5449362993240356, -0.6525017619132996], [-0.8752343058586121, -0.36165788769721985, 0.32119834423065186, 0.668184757232666], [0.0, 0.0, 0.0, 1.0]]}, "finger3joint1": {"matrix": [[0.6788579225540161, -0.014019348658621311, 0.7341357469558716, -1.5462968349456787], [-0.6600403785705566, 0.4264073073863983, 0.6184845566749573, -0.30414533615112305], [-0.32171180844306946, -0.9044225811958313, 0.28021669387817383, 0.5157423615455627], [0.0, 0.0, 0.0, 1.0]]}, "finger3joint2": {"matrix": [[0.6391039490699768, -0.5881227254867554, 0.4956386685371399, -1.5585942268371582], [-0.6078017950057983, 0.008686555549502373, 0.7940410375595093, 0.06989128887653351], [-0.4712991714477539, -0.8087249398231506, -0.3519105613231659, -0.27760040760040283], [0.0, 0.0, 0.0, 1.0]]}, "finger3joint3": {"matrix": [[0.5166761875152588, -0.7838777899742126, 0.34435632824897766, -1.9391570091247559], [-0.7314850091934204, -0.19513151049613953, 0.6533398628234863, 0.07551218569278717], [-0.44494402408599854, -0.5894567966461182, -0.674214780330658, -0.8009104132652283], [0.0, 0.0, 0.0, 1.0]]}, "Bone.003": {"matrix": [[0.5037661194801331, -0.1476839929819107, 0.8511223196983337, -1.364418387413025], [0.623956561088562, 0.7436007261276245, -0.24028298258781433, -0.6525017023086548], [-0.597409188747406, 0.6521098613739014, 0.46674931049346924, 0.668184757232666], [0.0, 0.0, 0.0, 1.0]]}, "finger4joint1": {"matrix": [[0.45910975337028503, -0.1606619507074356, 0.8737309575080872, -1.4277186393737793], [-0.49658188223838806, 0.7691004872322083, 0.40235593914985657, -0.33378005027770996], [-0.7366304397583008, -0.6186046004295349, 0.2733197808265686, 0.947691798210144], [0.0, 0.0, 0.0, 1.0]]}, "finger4joint2": {"matrix": [[0.4720924496650696, -0.6485549807548523, 0.5970803499221802, -1.5873136520385742], [-0.47095897793769836, 0.3869990110397339, 0.7927349805831909, 0.4302128553390503], [-0.7452019453048706, -0.6554446816444397, -0.12274347245693207, 0.333195298910141], [0.0, 0.0, 0.0, 1.0]]}, "finger4joint3": {"matrix": [[0.51558518409729, -0.8246540427207947, 0.23263153433799744, -1.8578017950057983], [-0.5130447149276733, -0.079667828977108, 0.8546563386917114, 0.5916157960891724], [-0.6862627267837524, -0.559998631477356, -0.4641600251197815, 0.05983363091945648], [0.0, 0.0, 0.0, 1.0]]}}