{"root": {"matrix": [[0.5355798602104187, -0.6600068211555481, -0.5268255472183228, 0.0], [-0.7448466420173645, -0.07522524148225784, -0.6629816293716431, -7.450580596923828e-09], [0.3979417681694031, 0.7474839091300964, -0.5318930149078369, -5.960464477539063e-08], [0.0, 0.0, 0.0, 1.0]]}, "carpals": {"matrix": [[0.5511331558227539, -0.6963164806365967, -0.4597776234149933, 0.6244035959243774], [0.813021183013916, 0.3241442143917084, 0.4836597144603729, -1.6835463047027588], [-0.18774588406085968, -0.6403699517250061, 0.7447668313980103, 1.6913831233978271], [0.0, 0.0, 0.0, 1.0]]}, "metacarpals": {"matrix": [[0.42403391003608704, -0.8952551484107971, 0.13679668307304382, -0.05380451679229736], [0.45465177297592163, 0.34106603264808655, 0.8227790594100952, -1.367831826210022], [-0.7832539677619934, -0.28669142723083496, 0.5516530871391296, 1.0676666498184204], [0.0, 0.0, 0.0, 1.0]]}, "finger5joint1": {"matrix": [[0.14840185642242432, -0.984993577003479, -0.08811602741479874, -0.6953762769699097], [0.5694409608840942, 0.012263866141438484, 0.8219404816627502, -1.5914361476898193], [-0.808525562286377, -0.17215439677238464, 0.5627158284187317, 0.8145626783370972], [0.0, 0.0, 0.0, 1.0]]}, "finger5joint2": {"matrix": [[-0.0334586463868618, -0.5843802094459534, -0.8107895255088806, -1.735797643661499], [0.8139463663101196, 0.4548322856426239, -0.36141157150268555, -1.5784822702407837], [0.5799753665924072, -0.6720316410064697, 0.4604363441467285, 0.6327207088470459], [0.0, 0.0, 0.0, 1.0]]}, "finger5joint3": {"matrix": [[-0.043179240077733994, -0.21678389608860016, -0.9752638936042786, -2.137462854385376], [0.8715100288391113, 0.46910619735717773, -0.1428597867488861, -1.2658600807189941], [0.4884723126888275, -0.8561211824417114, 0.16867385804653168, 0.1708097755908966], [0.0, 0.0, 0.0, 1.0]]}, "Bone": {"matrix": [[0.9351927638053894, 0.2418365478515625, 0.25870704650878906, -1.451546311378479], [-0.3350929021835327, 0.36794179677963257, 0.8673702478408813, -0.8353330492973328], [0.11457273364067078, -0.8978495001792908, 0.4251343905925751, 0.6200617551803589], [0.0, 0.0, 0.0, 1.0]]}, "finger1joint1": {"matrix": [[0.6520946621894836, -0.755223274230957, -0.06640885770320892, -1.2502927780151367], [0.4072129428386688, 0.2750219702720642, 0.8709421157836914, -0.5291364192962646], [-0.6394919157028198, -0.5949794054031372, 0.4868772625923157, -0.1271175742149353], [0.0, 0.0, 0.0, 1.0]]}, "finger1joint2": {"matrix": [[0.6563235521316528, -0.7488290667533875, -0.09216459095478058, -1.677128791809082], [0.11713004857301712, -0.01954701915383339, 0.9929240345954895, -0.37369999289512634], [-0.7453320622444153, -0.6624748110771179, 0.07488134503364563, -0.46338707208633423], [0.0, 0.0, 0.0, 1.0]]}, "finger1joint3": {"matrix": [[0.6706436276435852, -0.5854289531707764, -0.45553261041641235, -1.9981393814086914], [0.2177221179008484, -0.43170681595802307, 0.8753433227539062, -0.38207942247390747], [-0.7091080546379089, -0.6862231492996216, -0.16206051409244537, -0.7473790645599365], [0.0, 0.0, 0.0, 1.0]]}, "Bone.001": {"matrix": [[0.9854347705841064, -0.036908894777297974, 0.16599932312965393, -1.451546311378479], [-0.08609466999769211, 0.7335261106491089, 0.6741859316825867, -0.8353330492973328], [-0.14664827287197113, -0.6786580085754395, 0.7196647524833679, 0.6200616955757141], [0.0, 0.0, 0.0, 1.0]]}, "finger2joint1": {"matrix": [[0.7159271836280823, -0.5737164616584778, -0.3978661000728607, -1.4749422073364258], [0.41887933015823364, -0.10294743627309799, 0.9021870493888855, -0.3703628480434418], [-0.5585588812828064, -0.8125583529472351, 0.16661521792411804, 0.18987154960632324], [0.0, 0.0, 0.0, 1.0]]}, "finger2joint2": {"matrix": [[0.6948033571243286, -0.4081181585788727, -0.592188835144043, -1.9712923765182495], [0.32267996668815613, -0.5589750409126282, 0.7638220191001892, -0.4594276547431946], [-0.6427485942840576, -0.7217937707901001, -0.25668618083000183, -0.513112485408783], [0.0, 0.0, 0.0, 1.0]]}, "finger2joint3": {"matrix": [[0.6935239434242249, -0.20151421427726746, -0.6916764378547668, -2.126220703125], [0.18688839673995972, -0.8768946528434753, 0.44286343455314636, -0.6716238260269165], [-0.6957707405090332, -0.4364028871059418, -0.5704869031906128, -0.7871172428131104], [0.0, 0.0, 0.0, 1.0]]}, "Bone.002": {"matrix": [[0.6778585314750671, -0.6883838176727295, 0.25813838839530945, -1.4515461921691895], [0.43915289640426636, 0.6607197523117065, 0.6087641716003418, -0.8353330492973328], [-0.5896205902099609, -0.29929372668266296, 0.7501804828643799, 0.6200617551803589], [0.0, 0.0, 0.0, 1.0]]}, "finger3joint1": {"matrix": [[0.9747680425643921, -0.10290750116109848, 0.1980840414762497, -1.7417068481445312], [-0.06481751054525375, 0.7186682224273682, 0.6923252940177917, -0.556833028793335], [-0.21360231935977936, -0.6876959204673767, 0.6938647627830505, 0.4939064085483551], [0.0, 0.0, 0.0, 1.0]]}, "finger3joint2": {"matrix": [[0.9378055930137634, -0.34715765714645386, -0.0014512824127450585, -1.8319754600524902], [0.022827595472335815, 0.057492997497320175, 0.9980847835540771, 0.07356946170330048], [-0.3464094400405884, -0.9360427260398865, 0.06184212118387222, -0.10932773351669312], [0.0, 0.0, 0.0, 1.0]]}, "finger3joint3": {"matrix": [[0.906298816204071, -0.42263656854629517, 0.0008474882342852652, -2.0566141605377197], [-0.1425156444311142, -0.30372098088264465, 0.9420416951179504, 0.11077205836772919], [-0.3978840112686157, -0.8538922071456909, -0.3354942500591278, -0.7150225639343262], [0.0, 0.0, 0.0, 1.0]]}, "Bone.003": {"matrix": [[0.23741042613983154, -0.6799420118331909, 0.6937687993049622, -1.4515461921691895], [0.9607160687446594, 0.2700243294239044, -0.06411795318126678, -0.8353330492973328], [-0.1437378078699112, 0.6817372441291809, 0.717337965965271, 0.6200617551803589], [0.0, 0.0, 0.0, 1.0]]}, "finger4joint1": {"matrix": [[0.8837995529174805, -0.16347844898700714, 0.4383752942085266, -1.7429826259613037], [-0.06806188821792603, 0.882077157497406, 0.46616193652153015, -0.7195954322814941], [-0.4628884196281433, -0.4418303370475769, 0.7684530019760132, 0.9122675657272339], [0.0, 0.0, 0.0, 1.0]]}, "finger4joint2": {"matrix": [[0.8881200551986694, -0.3370265066623688, 0.3124988377094269, -1.905375361442566], [-0.03880966082215309, 0.6224997639656067, 0.7816567420959473, 0.1566239297389984], [-0.457969605922699, -0.7063331007957458, 0.539775013923645, 0.47337138652801514], [0.0, 0.0, 0.0, 1.0]]}, "finger4joint3": {"matrix": [[0.9083951711654663, -0.3443116843700409, 0.23720726370811462, -2.0459368228912354], [-0.10185164958238602, 0.3680128753185272, 0.9242252111434937, 0.4162454307079315], [-0.40551695227622986, -0.8637218475341797, 0.29923269152641296, 0.17878608405590057], [0.0, 0.0, 0.0, 1.0]]}}