{"root": {"matrix": [[0.09054438024759293, -0.7567011713981628, -0.6474604606628418, 0.0], [-0.8329601287841797, 0.298811674118042, -0.46571338176727295, 0.0], [0.5458745360374451, 0.5814765095710754, -0.60324627161026, 0.0], [0.0, 0.0, 0.0, 1.0]]}, "carpals": {"matrix": [[0.4271971881389618, -0.8705111742019653, -0.2443617284297943, -0.4631161689758301], [0.6841970682144165, 0.1345582753419876, 0.7167761325836182, -1.5388774871826172], [-0.5910807847976685, -0.4733964800834656, 0.6530843377113342, 1.8714605569839478], [0.0, 0.0, 0.0, 1.0]]}, "metacarpals": {"matrix": [[0.7719658017158508, -0.47408950328826904, 0.42344745993614197, -1.3109889030456543], [0.050570279359817505, 0.7098419070243835, 0.7025430202484131, -1.4078185558319092], [-0.6336491107940674, -0.5209254026412964, 0.571948766708374, 1.4103751182556152], [0.0, 0.0, 0.0, 1.0]]}, "finger5joint1": {"matrix": [[0.9021983742713928, -0.4263169467449188, -0.06551146507263184, -1.8911830186843872], [0.14797058701515198, 0.16325268149375916, 0.9754244089126587, -1.3006103038787842], [-0.4051451086997986, -0.8897203207015991, 0.2103688269853592, 0.9890015721321106], [0.0, 0.0, 0.0, 1.0]]}, "finger5joint2": {"matrix": [[-0.06517865508794785, -0.038022205233573914, -0.9971488118171692, -2.341489791870117], [0.9951571822166443, 0.0712013840675354, -0.06776341795921326, -1.1281709671020508], [0.07357507199048996, -0.9967366456985474, 0.03319724276661873, 0.04921454191207886], [0.0, 0.0, 0.0, 1.0]]}, "finger5joint3": {"matrix": [[-0.013447104021906853, 0.37969282269477844, -0.9250146746635437, -2.367623805999756], [0.9996729493141174, -0.015005536377429962, -0.02069174125790596, -1.0792317390441895], [-0.02173667773604393, -0.9249905943870544, -0.3793669641017914, -0.6358774304389954], [0.0, 0.0, 0.0, 1.0]]}, "Bone": {"matrix": [[0.5501091480255127, 0.6047636866569519, 0.5758824944496155, -2.0511741638183594], [-0.7503527998924255, 0.05527693033218384, 0.6587219834327698, -0.29955822229385376], [0.3665381669998169, -0.7944842576980591, 0.48419463634490967, 0.5970660448074341], [0.0, 0.0, 0.0, 1.0]]}, "finger1joint1": {"matrix": [[0.8856959939002991, -0.4304659366607666, 0.17390070855617523, -1.5478971004486084], [-0.06465354561805725, 0.2565593719482422, 0.9643633961677551, -0.2535574436187744], [-0.45974159240722656, -0.865376353263855, 0.1994026154279709, -0.06409397721290588], [0.0, 0.0, 0.0, 1.0]]}, "finger1joint2": {"matrix": [[0.7991265654563904, -0.5893582701683044, 0.11854741722345352, -1.7911871671676636], [-0.36030951142311096, -0.3117021918296814, 0.8792146444320679, -0.1085556298494339], [-0.48122110962867737, -0.7453177571296692, -0.4614408612251282, -0.5531859397888184], [0.0, 0.0, 0.0, 1.0]]}, "finger1joint3": {"matrix": [[0.8281047344207764, -0.45813003182411194, -0.32304707169532776, -2.043835401535034], [-0.25773710012435913, -0.8229185342788696, 0.5063361525535583, -0.24217724800109863], [-0.49780941009521484, -0.3360382914543152, -0.7995399236679077, -0.8726913928985596], [0.0, 0.0, 0.0, 1.0]]}, "Bone.001": {"matrix": [[0.7860935926437378, 0.5240941047668457, 0.32769179344177246, -2.0511739253997803], [-0.6041686534881592, 0.5395478010177612, 0.5864024758338928, -0.29955822229385376], [0.13052473962306976, -0.6589484810829163, 0.7407765984535217, 0.5970660448074341], [0.0, 0.0, 0.0, 1.0]]}, "finger2joint1": {"matrix": [[0.8155136108398438, -0.5341283679008484, -0.22280964255332947, -1.7189594507217407], [-0.053796857595443726, -0.4532887637615204, 0.8897385597229004, 0.042452335357666016], [-0.576231837272644, -0.7136077284812927, -0.39839762449264526, 0.17936936020851135], [0.0, 0.0, 0.0, 1.0]]}, "finger2joint2": {"matrix": [[0.7809564471244812, -0.24400219321250916, -0.5749520063400269, -2.1810600757598877], [-0.17656004428863525, -0.9692321419715881, 0.17150844633579254, -0.3497099280357361], [-0.5991106033325195, -0.03242715820670128, -0.8000093102455139, -0.4380076229572296], [0.0, 0.0, 0.0, 1.0]]}, "finger2joint3": {"matrix": [[0.7960450053215027, 0.11196599155664444, -0.5947903990745544, -2.2736873626708984], [-0.301177054643631, -0.7791426777839661, -0.5497531890869141, -0.7176463603973389], [-0.5249804258346558, 0.6167656183242798, -0.5865112543106079, -0.45031750202178955], [0.0, 0.0, 0.0, 1.0]]}, "Bone.002": {"matrix": [[0.9236239790916443, -0.13175062835216522, 0.35994505882263184, -2.0511741638183594], [-0.06599406152963638, 0.8703850507736206, 0.4879285395145416, -0.29955822229385376], [-0.37757575511932373, -0.47441667318344116, 0.7952139973640442, 0.5970659852027893], [0.0, 0.0, 0.0, 1.0]]}, "finger3joint1": {"matrix": [[0.858462393283844, 0.34283795952796936, 0.38145047426223755, -2.106708288192749], [-0.511407196521759, 0.5159488916397095, 0.6872110366821289, 0.06731781363487244], [0.03879295289516449, -0.7850214242935181, 0.6182527542114258, 0.3970946669578552], [0.0, 0.0, 0.0, 1.0]]}, "finger3joint2": {"matrix": [[0.8864209055900574, -0.32827329635620117, 0.32633525133132935, -1.80597722530365], [-0.44965940713882446, -0.44339844584465027, 0.7753733992576599, 0.5198986530303955], [-0.10983797907829285, -0.8340470194816589, -0.5406487584114075, -0.2915117144584656], [0.0, 0.0, 0.0, 1.0]]}, "finger3joint3": {"matrix": [[0.8015249967575073, -0.5404825806617737, 0.25580504536628723, -2.0183963775634766], [-0.5950828790664673, -0.679068386554718, 0.42981642484664917, 0.2329842746257782], [-0.0585993193089962, -0.49673405289649963, -0.865922212600708, -0.8312070965766907], [0.0, 0.0, 0.0, 1.0]]}, "Bone.003": {"matrix": [[0.7425891757011414, -0.5656575560569763, 0.3585983216762543, -2.0511739253997803], [0.6662845611572266, 0.6783095598220825, -0.309775173664093, -0.29955822229385376], [-0.06801388412714005, 0.4689643979072571, 0.8805944323539734, 0.5970659852027893], [0.0, 0.0, 0.0, 1.0]]}, "finger4joint1": {"matrix": [[0.7850421667098999, 0.44912993907928467, 0.4266039729118347, -2.293625831604004], [-0.5572128295898438, 0.8128637075424194, 0.16960486769676208, -0.008821547031402588], [-0.27059638500213623, -0.3708561360836029, 0.8883935213088989, 0.7980732917785645], [0.0, 0.0, 0.0, 1.0]]}, "finger4joint2": {"matrix": [[0.80322265625, -0.27235257625579834, 0.5297708511352539, -1.8474787473678589], [-0.5350539684295654, 0.0610337108373642, 0.8426098823547363, 0.798643946647644], [-0.2618209719657898, -0.960259735584259, -0.09669948369264603, 0.4296799600124359], [0.0, 0.0, 0.0, 1.0]]}, "finger4joint3": {"matrix": [[0.8152462244033813, -0.560849130153656, 0.14429667592048645, -1.9610668420791626], [-0.5505444407463074, -0.6732876300811768, 0.4935421645641327, 0.8240988254547119], [-0.17964960634708405, -0.48180049657821655, -0.8576678037643433, 0.02919130027294159], [0.0, 0.0, 0.0, 1.0]]}}