{"root": {"matrix": [[0.1412954032421112, -0.7673848271369934, -0.6254248023033142, 0.0], [-0.9215293526649475, 0.1288626343011856, -0.3663031756877899, 0.0], [0.3616892993450165, 0.6281042695045471, -0.6889599561691284, 5.960464477539063e-08], [0.0, 0.0, 0.0, 1.0]]}, "carpals": {"matrix": [[-0.04609952121973038, -0.9360724091529846, -0.3487737476825714, -0.361278772354126], [0.7603832483291626, -0.2593117654323578, 0.5954614281654358, -1.916699767112732], [-0.6478362679481506, -0.2377513349056244, 0.7237280607223511, 1.5102068185806274], [0.0, 0.0, 0.0, 1.0]]}, "metacarpals": {"matrix": [[0.7806560397148132, -0.5260618925094604, 0.3373941481113434, -1.2730076313018799], [0.2559831142425537, 0.7616549134254456, 0.595276415348053, -2.1692676544189453], [-0.5701302886009216, -0.3783390522003174, 0.7292536497116089, 1.2786386013031006], [0.0, 0.0, 0.0, 1.0]]}, "finger5joint1": {"matrix": [[0.9608023166656494, -0.27365022897720337, -0.04443352669477463, -1.8489861488342285], [0.16838176548480988, 0.44868624210357666, 0.877683162689209, -2.0244083404541016], [-0.2202415019273758, -0.8507620096206665, 0.47717663645744324, 0.8627790212631226], [0.0, 0.0, 0.0, 1.0]]}, "finger5joint2": {"matrix": [[-0.0604507252573967, -0.14775000512599945, -0.9871754050254822, -2.138035535812378], [0.8785321116447449, 0.4616055190563202, -0.12288600951433182, -1.5504734516143799], [0.4738422930240631, -0.8746939897537231, 0.1018986627459526, -0.03585737943649292], [0.0, 0.0, 0.0, 1.0]]}, "finger5joint3": {"matrix": [[-0.01953977718949318, 0.04804620519280434, -0.998653769493103, -2.239589214324951], [0.9232158660888672, 0.3842805027961731, 0.0004244342271704227, -1.2331957817077637], [0.38378381729125977, -0.9219649434089661, -0.05186586081981659, -0.6370651721954346], [0.0, 0.0, 0.0, 1.0]]}, "Bone": {"matrix": [[0.6098893284797668, 0.6182962656021118, 0.4957262873649597, -2.0943362712860107], [-0.7605555653572083, 0.28088799118995667, 0.5853688716888428, -0.9801130294799805], [0.22268787026405334, -0.7340378165245056, 0.6415594220161438, 0.6879462003707886], [0.0, 0.0, 0.0, 1.0]]}, "finger1joint1": {"matrix": [[0.9052371978759766, -0.40261027216911316, 0.1358323097229004, -1.5797977447509766], [0.10684579610824585, 0.5250881314277649, 0.8443138599395752, -0.7463614344596863], [-0.4112534821033478, -0.7497914433479309, 0.5183467268943787, 0.07708901166915894], [0.0, 0.0, 0.0, 1.0]]}, "finger1joint2": {"matrix": [[0.8287689685821533, -0.5254040956497192, 0.19259381294250488, -1.8073444366455078], [-0.16580863296985626, 0.09814891964197159, 0.9812613725662231, -0.44959303736686707], [-0.5344617366790771, -0.8451729416847229, -0.005773709621280432, -0.34667685627937317], [0.0, 0.0, 0.0, 1.0]]}, "finger1joint3": {"matrix": [[0.8627273440361023, -0.4897734820842743, -0.12579134106636047, -2.032576560974121], [-0.06906947493553162, -0.3605661690235138, 0.9301725625991821, -0.407518208026886], [-0.50093013048172, -0.7937971353530884, -0.3448987305164337, -0.7089885473251343], [0.0, 0.0, 0.0, 1.0]]}, "Bone.001": {"matrix": [[0.8370318412780762, 0.48735952377319336, 0.24871279299259186, -2.0943362712860107], [-0.5460186004638672, 0.7147451043128967, 0.43703851103782654, -0.9801130294799805], [0.03522869199514389, -0.5016170740127563, 0.8643720746040344, 0.6879462599754333], [0.0, 0.0, 0.0, 1.0]]}, "finger2joint1": {"matrix": [[0.8325086236000061, -0.41893574595451355, 0.3625216782093048, -1.7854070663452148], [0.14587032794952393, 0.7970222234725952, 0.5860691070556641, -0.5270478129386902], [-0.5344631671905518, -0.4350265562534332, 0.7246384024620056, 0.3699793815612793], [0.0, 0.0, 0.0, 1.0]]}, "finger2joint2": {"matrix": [[0.7541337609291077, -0.4046270549297333, -0.5172610282897949, -2.147848606109619], [0.16256164014339447, -0.6481133699417114, 0.7439907789230347, 0.16249513626098633], [-0.636282742023468, -0.6451556086540222, -0.4229874312877655, -0.006383374333381653], [0.0, 0.0, 0.0, 1.0]]}, "finger2joint3": {"matrix": [[0.7459293007850647, 0.19915716350078583, -0.635551393032074, -2.3014516830444336], [0.020019562914967537, -0.9605187773704529, -0.2774929702281952, -0.08353933691978455], [-0.665723979473114, 0.194266676902771, -0.7204664349555969, -0.2512950301170349], [0.0, 0.0, 0.0, 1.0]]}, "Bone.002": {"matrix": [[0.935757577419281, -0.20230990648269653, 0.2888396382331848, -2.0943362712860107], [0.10018742084503174, 0.9378361105918884, 0.33230331540107727, -0.9801130294799805], [-0.3381125032901764, -0.2820172607898712, 0.8978564143180847, 0.6879462599754333], [0.0, 0.0, 0.0, 1.0]]}, "finger3joint1": {"matrix": [[0.9312467575073242, 0.22474656999111176, 0.28682491183280945, -2.179611921310425], [-0.36190399527549744, 0.6622284650802612, 0.6561086773872375, -0.5848057270050049], [-0.04248552769422531, -0.7148022055625916, 0.698034942150116, 0.5690731406211853], [0.0, 0.0, 0.0, 1.0]]}, "finger3joint2": {"matrix": [[0.9432319402694702, -0.15508009493350983, 0.2937067151069641, -1.9824682474136353], [-0.2778143286705017, 0.1162492111325264, 0.9535748362541199, -0.003911115229129791], [-0.18202371895313263, -0.9810383319854736, 0.06656655669212341, -0.05793815851211548], [0.0, 0.0, 0.0, 1.0]]}, "finger3joint3": {"matrix": [[0.8715358376502991, -0.3424844443798065, 0.3508983552455902, -2.082817554473877], [-0.4281004071235657, -0.18256327509880066, 0.8850990533828735, 0.07131145894527435], [-0.2390715777873993, -0.921615481376648, -0.30572816729545593, -0.6927487850189209], [0.0, 0.0, 0.0, 1.0]]}, "Bone.003": {"matrix": [[0.6761204600334167, -0.6414793133735657, 0.3624434769153595, -2.0943362712860107], [0.7281444072723389, 0.5066075921058655, -0.4616861343383789, -0.9801130294799805], [0.11254560202360153, 0.576066792011261, 0.8096175789833069, 0.6879462003707886], [0.0, 0.0, 0.0, 1.0]]}, "finger4joint1": {"matrix": [[0.902991771697998, 0.19524547457695007, 0.38273340463638306, -2.36928653717041], [-0.3346412181854248, 0.8782986998558044, 0.3414762616157532, -0.7629712224006653], [-0.2694825828075409, -0.4364286959171295, 0.8584340214729309, 0.9348596334457397], [0.0, 0.0, 0.0, 1.0]]}, "finger4joint2": {"matrix": [[0.914452314376831, 0.014789494685828686, 0.40442296862602234, -2.175337791442871], [-0.3077635169029236, 0.6743348240852356, 0.6712328195571899, 0.10949477553367615], [-0.2627893388271332, -0.7382772564888, 0.6211990714073181, 0.5013293027877808], [0.0, 0.0, 0.0, 1.0]]}, "finger4joint3": {"matrix": [[0.9040436744689941, -0.030289622023701668, 0.4263651371002197, -2.1691696643829346], [-0.3725392520427704, 0.4332212805747986, 0.8206906318664551, 0.39073479175567627], [-0.20956888794898987, -0.9007782340049744, 0.3803671896457672, 0.19342121481895447], [0.0, 0.0, 0.0, 1.0]]}}