{"root": {"matrix": [[0.2877079248428345, -0.8137020468711853, 0.5050872564315796, 0.0], [0.6513232588768005, -0.22040654718875885, -0.7260847091674805, -1.4901161193847656e-08], [0.7021411657333374, 0.5378753542900085, 0.46657028794288635, 5.960464477539063e-08], [0.0, 0.0, 0.0, 1.0]]}, "carpals": {"matrix": [[-0.603661060333252, -0.5386683344841003, -0.5877324938774109, -0.2026059627532959], [0.7947825193405151, -0.46446579694747925, -0.3906303942203522, 1.3388440608978271], [-0.06256134063005447, -0.702927827835083, 0.7085041403770447, 2.0619001388549805], [0.0, 0.0, 0.0, 1.0]]}, "metacarpals": {"matrix": [[-0.8402416706085205, -0.36044517159461975, -0.40505918860435486, -0.7272655963897705], [0.5415663719177246, -0.5943436622619629, -0.5945261716842651, 0.8864572048187256], [-0.02645018696784973, -0.7189120650291443, 0.6945973634719849, 1.3772528171539307], [0.0, 0.0, 0.0, 1.0]]}, "finger5joint1": {"matrix": [[-0.7565127015113831, -0.5466448068618774, -0.3589814007282257, -0.6188990473747253], [0.6370491981506348, -0.4918903708457947, -0.5934746265411377, 0.6968259215354919], [0.1478404551744461, -0.677659809589386, 0.7203609943389893, 0.6858980655670166], [0.0, 0.0, 0.0, 1.0]]}, "finger5joint2": {"matrix": [[-0.28151756525039673, -0.9510872960090637, -0.1272013783454895, -1.1963047981262207], [-0.5656090974807739, 0.2715608775615692, -0.778678834438324, 0.1772557497024536], [0.7751346230506897, -0.1472652703523636, -0.6143928170204163, -0.029895208775997162], [0.0, 0.0, 0.0, 1.0]]}, "finger5joint3": {"matrix": [[-0.3616454303264618, -0.8573615550994873, -0.366255521774292, -1.850020408630371], [-0.49405619502067566, 0.5093877911567688, -0.7045794725418091, 0.3639090657234192], [0.7906455993652344, -0.0738569051027298, -0.6078025102615356, -0.13111580908298492], [0.0, 0.0, 0.0, 1.0]]}, "Bone": {"matrix": [[0.25928232073783875, -0.8129945993423462, -0.5213561654090881, -1.2900207042694092], [0.7189877033233643, 0.5229085683822632, -0.45784616470336914, -0.04147827625274658], [0.6448480486869812, -0.2561371624469757, 0.7201141119003296, 0.25483155250549316], [0.0, 0.0, 0.0, 1.0]]}, "finger1joint1": {"matrix": [[-0.5647943019866943, -0.4555359482765198, -0.6881091594696045, -1.9665848016738892], [0.5716453790664673, 0.385410875082016, -0.7243478894233704, 0.39367979764938354], [0.5951712727546692, -0.8024619221687317, 0.04272725433111191, 0.041677385568618774], [0.0, 0.0, 0.0, 1.0]]}, "finger1joint2": {"matrix": [[-0.31925177574157715, -0.104099802672863, -0.9419348835945129, -2.224043846130371], [0.7572118043899536, 0.5696380138397217, -0.3195977807044983, 0.6115056276321411], [0.5698319673538208, -0.8152763843536377, -0.10303223878145218, -0.4118567407131195], [0.0, 0.0, 0.0, 1.0]]}, "finger1joint3": {"matrix": [[-0.40896785259246826, 0.28302615880966187, -0.8675490617752075, -2.268669605255127], [0.699541449546814, 0.7077171206474304, -0.09888474643230438, 0.8557001352310181], [0.5859923958778381, -0.647327184677124, -0.4874219596385956, -0.7613523006439209], [0.0, 0.0, 0.0, 1.0]]}, "Bone.001": {"matrix": [[-0.09444572031497955, -0.9766993522644043, -0.19271224737167358, -1.2900207042694092], [0.7941751480102539, 0.042809221893548965, -0.6061789989471436, -0.04147830605506897], [0.6003045439720154, -0.21029821038246155, 0.7716272473335266, 0.25483155250549316], [0.0, 0.0, 0.0, 1.0]]}, "finger2joint1": {"matrix": [[-0.7796293497085571, -0.5715471506118774, -0.2559523284435272, -1.9091343879699707], [0.624394416809082, -0.6780769228935242, -0.3877410888671875, -0.014342188835144043], [0.04805701598525047, -0.4621094763278961, 0.8855195641517639, 0.12152695655822754], [0.0, 0.0, 0.0, 1.0]]}, "finger2joint2": {"matrix": [[-0.8011177182197571, -0.1385260820388794, -0.5822548270225525, -2.4036078453063965], [0.5936657786369324, -0.3074055016040802, -0.7436818480491638, -0.600979745388031], [-0.0759689211845398, -0.9414413571357727, 0.3285062909126282, -0.2782666087150574], [0.0, 0.0, 0.0, 1.0]]}, "finger2joint3": {"matrix": [[-0.7564672827720642, 0.5271887183189392, -0.3870774805545807, -2.4561946392059326], [0.6185488700866699, 0.384390264749527, -0.6853037476539612, -0.7176759243011475], [-0.21249552071094513, -0.7578362822532654, -0.6168705821037292, -0.6356531381607056], [0.0, 0.0, 0.0, 1.0]]}, "Bone.002": {"matrix": [[-0.7456672191619873, -0.6535817384719849, -0.12965765595436096, -1.2900207042694092], [0.6085277199745178, -0.5887100696563721, -0.5320850610733032, -0.041478291153907776], [0.2714304029941559, -0.47565850615501404, 0.8367043733596802, 0.25483155250549316], [0.0, 0.0, 0.0, 1.0]]}, "finger3joint1": {"matrix": [[-0.26748383045196533, -0.9465590119361877, -0.180217444896698, -1.565511703491211], [0.8357529640197754, -0.1348264515399933, -0.532295823097229, -0.28962549567222595], [0.4795513153076172, -0.2929975688457489, 0.8271533250808716, 0.054336726665496826], [0.0, 0.0, 0.0, 1.0]]}, "finger3joint2": {"matrix": [[-0.4065958857536316, -0.010075925849378109, -0.9135525226593018, -2.395815849304199], [0.823931872844696, 0.4279918968677521, -0.3714286684989929, -0.40789276361465454], [0.39473557472229004, -0.9037262797355652, -0.16571761667728424, -0.20267528295516968], [0.0, 0.0, 0.0, 1.0]]}, "finger3joint3": {"matrix": [[-0.24717070162296295, 0.6394442319869995, -0.7280230522155762, -2.4023358821868896], [0.8948643207550049, 0.4388141930103302, 0.08160886913537979, -0.13094763457775116], [0.37165114283561707, -0.6313106417655945, -0.680677592754364, -0.7874587774276733], [0.0, 0.0, 0.0, 1.0]]}, "Bone.003": {"matrix": [[-0.9037628769874573, 0.20096024870872498, 0.37792515754699707, -1.2900205850601196], [-0.18298722803592682, -0.979580283164978, 0.08329564332962036, -0.04147830605506897], [0.38694724440574646, 0.006124026142060757, 0.9220814108848572, 0.25483155250549316], [0.0, 0.0, 0.0, 1.0]]}, "finger4joint1": {"matrix": [[-0.6758542656898499, -0.6720095872879028, -0.30269408226013184, -1.2038853168487549], [0.7159200310707092, -0.5009720325469971, -0.4862975776195526, -0.46134549379348755], [0.17515552043914795, -0.5453709363937378, 0.8196893334388733, 0.2574564218521118], [0.0, 0.0, 0.0, 1.0]]}, "finger4joint2": {"matrix": [[-0.6968002319335938, -0.48799070715904236, -0.5256748199462891, -1.8714319467544556], [0.6947239637374878, -0.27688002586364746, -0.6638491749763489, -0.9589905738830566], [0.17840351164340973, -0.8277691602706909, 0.5319491624832153, -0.28429272770881653], [0.0, 0.0, 0.0, 1.0]]}, "finger4joint3": {"matrix": [[-0.6460591554641724, -0.37287360429763794, -0.6660122275352478, -2.0749547481536865], [0.724972128868103, -0.026784313842654228, -0.6882570385932922, -1.0744668245315552], [0.23879432678222656, -0.9274951219558716, 0.2876274585723877, -0.6295245885848999], [0.0, 0.0, 0.0, 1.0]]}}