{"root": {"matrix": [[0.38942548632621765, -0.5435593724250793, -0.7435663938522339, -5.960464477539063e-08], [-0.4851990342140198, 0.5651360154151917, -0.6672354936599731, 0.0], [0.7828982472419739, 0.6206161975860596, -0.04365616664290428, 5.960464477539063e-08], [0.0, 0.0, 0.0, 1.0]]}, "carpals": {"matrix": [[0.7612900733947754, -0.5954814553260803, 0.2565913796424866, 0.432227224111557], [-0.24777577817440033, 0.09852863848209381, 0.9637940526008606, -0.46908578276634216], [-0.5992031097412109, -0.7973040342330933, -0.07253679633140564, 2.3828814029693604], [0.0, 0.0, 0.0, 1.0]]}, "metacarpals": {"matrix": [[-0.08573295176029205, -0.4456566870212555, 0.891089141368866, -0.14776813983917236], [-0.9662843346595764, 0.2551368474960327, 0.034632936120033264, -0.3731194734573364], [-0.2427843064069748, -0.8580763339996338, -0.4525047242641449, 1.6063119173049927], [0.0, 0.0, 0.0, 1.0]]}, "finger5joint1": {"matrix": [[-0.0019153183093294501, -0.6817055344581604, 0.7316240668296814, -0.7536126375198364], [-0.9503677487373352, 0.22886638343334198, 0.2107628881931305, -0.07221782207489014], [-0.3111225962638855, -0.6949082612991333, -0.6483092904090881, 1.3453800678253174], [0.0, 0.0, 0.0, 1.0]]}, "finger5joint2": {"matrix": [[0.7177449464797974, -0.6654589176177979, -0.20495417714118958, -1.4736793041229248], [0.21275131404399872, -0.07068220525979996, 0.9745462536811829, 0.16952741146087646], [-0.6630072593688965, -0.7430799007415771, 0.09084566682577133, 0.6113678216934204], [0.0, 0.0, 0.0, 1.0]]}, "finger5joint3": {"matrix": [[0.6626765131950378, -0.6821083426475525, -0.30917251110076904, -1.931072473526001], [0.15124671161174774, -0.28243041038513184, 0.9472892880439758, 0.120945043861866], [-0.7334737181663513, -0.674507737159729, -0.08399315923452377, 0.10062293708324432], [0.0, 0.0, 0.0, 1.0]]}, "Bone": {"matrix": [[0.35008835792541504, -0.29969343543052673, 0.887480616569519, -0.8435618877410889], [-0.4033340513706207, -0.9033392071723938, -0.1459437608718872, 0.025219976902008057], [0.8454344272613525, -0.30685821175575256, -0.43712514638900757, 0.2666165828704834], [0.0, 0.0, 0.0, 1.0]]}, "finger1joint1": {"matrix": [[-0.0054346430115401745, -0.727262556552887, 0.6863377690315247, -1.0929630994796753], [-0.9897544384002686, 0.1018383800983429, 0.10007362812757492, -0.726527750492096], [-0.14267560839653015, -0.6787619590759277, -0.7203648090362549, 0.011252939701080322], [0.0, 0.0, 0.0, 1.0]]}, "finger1joint2": {"matrix": [[-0.19959071278572083, -0.979677140712738, -0.019907554611563683, -1.5039961338043213], [-0.9750639796257019, 0.20058046281337738, -0.09496067464351654, -0.6689709424972534], [0.0970236286520958, 0.0004579391097649932, -0.9952818155288696, -0.37236857414245605], [0.0, 0.0, 0.0, 1.0]]}, "finger1joint3": {"matrix": [[-0.16450415551662445, -0.7935150265693665, -0.5858944058418274, -1.923967719078064], [-0.9863667488098145, 0.12971700727939606, 0.10126218944787979, -0.5829854011535645], [-0.004352836403995752, 0.5945648550987244, -0.8040357232093811, -0.3721722960472107], [0.0, 0.0, 0.0, 1.0]]}, "Bone.001": {"matrix": [[0.3301113545894623, -0.08606180548667908, 0.9400104880332947, -0.8435619473457336], [-0.6993735432624817, -0.6911089420318604, 0.18233102560043335, 0.025220006704330444], [0.6339578032493591, -0.7176082730293274, -0.2883322238922119, 0.2666165828704834], [0.0, 0.0, 0.0, 1.0]]}, "finger2joint1": {"matrix": [[0.43322867155075073, -0.6783026456832886, 0.5934798121452332, -0.8981150984764099], [-0.8758520483970642, -0.4721672534942627, 0.09970338642597198, -0.4128626585006714], [0.2125924974679947, -0.5629950761795044, -0.798649251461029, -0.18826353549957275], [0.0, 0.0, 0.0, 1.0]]}, "finger2joint2": {"matrix": [[0.3134070634841919, -0.7920693159103394, 0.5238339304924011, -1.4849478006362915], [-0.9204127192497253, -0.3891252875328064, -0.03770362213253975, -0.8213576078414917], [0.23370075225830078, -0.4703269600868225, -0.8509854078292847, -0.6753381490707397], [0.0, 0.0, 0.0, 1.0]]}, "finger2joint3": {"matrix": [[0.1724223494529724, -0.9234859943389893, 0.3427009880542755, -1.785630464553833], [-0.9518949389457703, -0.24568362534046173, -0.18312601745128632, -0.9690759778022766], [0.2533101439476013, -0.2946403920650482, -0.9214231371879578, -0.8538819551467896], [0.0, 0.0, 0.0, 1.0]]}, "Bone.002": {"matrix": [[0.16177409887313843, -0.1807606816291809, 0.9701312780380249, -0.8435618877410889], [-0.9859545826911926, 0.011738182976841927, 0.166599839925766, 0.025219984352588654], [-0.04150249809026718, -0.9834569096565247, -0.17632290720939636, 0.2666165828704834], [0.0, 0.0, 0.0, 1.0]]}, "finger3joint1": {"matrix": [[0.07911709696054459, -0.3775823414325714, 0.9225898385047913, -0.9197543859481812], [-0.9948747754096985, -0.08836474269628525, 0.04915143921971321, 0.030167747288942337], [0.06296547502279282, -0.9217499494552612, -0.3826383054256439, -0.1479203701019287], [0.0, 0.0, 0.0, 1.0]]}, "finger3joint2": {"matrix": [[-0.017432739958167076, -0.9794369339942932, 0.20099596679210663, -1.250962734222412], [-0.9974794387817383, 0.03086516633629799, 0.06389015913009644, -0.04734417051076889], [-0.06878035515546799, -0.1993754506111145, -0.9775062799453735, -0.9564624428749084], [0.0, 0.0, 0.0, 1.0]]}, "finger3joint3": {"matrix": [[-0.09955693036317825, -0.9510619640350342, -0.2925227880477905, -1.8847368955612183], [-0.9912408590316772, 0.12043280154466629, -0.05419795960187912, -0.027371931821107864], [0.08677475899457932, 0.2845648527145386, -0.9547212719917297, -1.0854742527008057], [0.0, 0.0, 0.0, 1.0]]}, "Bone.003": {"matrix": [[0.5372490286827087, 0.28496411442756653, 0.7938255667686462, -0.8435619473457336], [-0.5624872446060181, 0.8223763108253479, 0.08546971529722214, 0.025219976902008057], [-0.6284676194190979, -0.49243512749671936, 0.6021095514297485, 0.2666165828704834], [0.0, 0.0, 0.0, 1.0]]}, "finger4joint1": {"matrix": [[-0.10269517451524734, -0.7838099598884583, 0.6124504208564758, -0.7214207053184509], [-0.9609552621841431, 0.23721566796302795, 0.1424548178911209, 0.37770646810531616], [-0.2569405138492584, -0.5739079713821411, -0.7775671482086182, 0.05554932355880737], [0.0, 0.0, 0.0, 1.0]]}, "finger4joint2": {"matrix": [[-0.10878991335630417, -0.9782038927078247, -0.17686612904071808, -1.5000253915786743], [-0.9523348808288574, 0.051550332456827164, 0.300666481256485, 0.6133467555046082], [-0.28499576449394226, 0.20114535093307495, -0.9371859431266785, -0.5145473480224609], [0.0, 0.0, 0.0, 1.0]]}, "finger4joint3": {"matrix": [[-0.024500252678990364, -0.6963949799537659, -0.7172402143478394, -1.9079980850219727], [-0.9576201438903809, -0.18961533904075623, 0.21681596338748932, 0.6348465085029602], [-0.2869894504547119, 0.6921558380126953, -0.6622362732887268, -0.4306570589542389], [0.0, 0.0, 0.0, 1.0]]}}