{"root": {"matrix": [[0.25822433829307556, -0.896479606628418, -0.3600618243217468, 0.0], [0.5423324704170227, 0.4429503381252289, -0.7139121294021606, 0.0], [0.7994971871376038, -0.010923710651695728, 0.6005704998970032, 0.0], [0.0, 0.0, 0.0, 1.0]]}, "carpals": {"matrix": [[0.962878406047821, -0.19285452365875244, -0.18887054920196533, -0.25304079055786133], [-0.007776176556944847, -0.7192159295082092, 0.6947430372238159, 1.7403004169464111], [-0.2698230445384979, -0.6674843430519104, -0.6940170526504517, 1.7298297882080078], [0.0, 0.0, 0.0, 1.0]]}, "metacarpals": {"matrix": [[0.3408016562461853, -0.5114732980728149, 0.7888277173042297, -0.4408799409866333], [-0.9346977472305298, -0.2744492292404175, 0.2258707731962204, 1.0397882461547852], [0.10096623003482819, -0.8142925500869751, -0.5716056823730469, 1.0797041654586792], [0.0, 0.0, 0.0, 1.0]]}, "finger5joint1": {"matrix": [[0.10295228660106659, -0.5469131469726562, 0.8308349251747131, -1.1170592308044434], [-0.9617769122123718, 0.15834367275238037, 0.22341065108776093, 0.9542600512504578], [-0.25374364852905273, -0.8220784068107605, -0.5097065567970276, 0.832436203956604], [0.0, 0.0, 0.0, 1.0]]}, "finger5joint2": {"matrix": [[0.8816275000572205, -0.4254758358001709, -0.20421278476715088, -1.6947484016418457], [0.254192590713501, 0.06351596117019653, 0.9650655388832092, 1.1215139627456665], [-0.3976414203643799, -0.902737557888031, 0.1641501784324646, -0.03590250015258789], [0.0, 0.0, 0.0, 1.0]]}, "finger5joint3": {"matrix": [[0.8479565978050232, -0.4671321511268616, -0.2505129277706146, -1.987192988395691], [0.2054939568042755, -0.14594392478466034, 0.9677149057388306, 1.1651707887649536], [-0.4886116683483124, -0.8720591068267822, -0.02776130847632885, -0.6563856601715088], [0.0, 0.0, 0.0, 1.0]]}, "Bone": {"matrix": [[0.48940879106521606, 0.12071513384580612, 0.8636589050292969, -1.2394318580627441], [0.10668137669563293, -0.9912217855453491, 0.0780918076634407, 0.6112968325614929], [0.865504264831543, 0.053917452692985535, -0.4979906976222992, -0.19163267314434052], [0.0, 0.0, 0.0, 1.0]]}, "finger1joint1": {"matrix": [[0.4236697256565094, -0.688788890838623, 0.5882802605628967, -1.1389741897583008], [-0.8858726620674133, -0.4505997896194458, 0.11040540784597397, -0.21358570456504822], [0.18903286755084991, -0.567916750907898, -0.8010846376419067, -0.14676323533058167], [0.0, 0.0, 0.0, 1.0]]}, "finger1joint2": {"matrix": [[0.23813708126544952, -0.9697508215904236, -0.05361009016633034, -1.5282626152038574], [-0.8682323098182678, -0.1878201812505722, -0.459234356880188, -0.468254953622818], [0.4352737367153168, 0.1559067815542221, -0.8866957426071167, -0.46773743629455566], [0.0, 0.0, 0.0, 1.0]]}, "finger1joint3": {"matrix": [[0.26689964532852173, -0.7371547818183899, -0.6207796335220337, -1.943979024887085], [-0.9027984738349915, 0.03415186330676079, -0.42870578169822693, -0.5487703084945679], [0.33722323179244995, 0.6748601794242859, -0.6563868522644043, -0.40090277791023254], [0.0, 0.0, 0.0, 1.0]]}, "Bone.001": {"matrix": [[0.5996007323265076, 0.2218780368566513, 0.7689270973205566, -1.2394318580627441], [-0.22652649879455566, -0.8744536638259888, 0.42897120118141174, 0.6112968325614929], [0.7675703167915344, -0.4313938617706299, -0.4740617871284485, -0.19163265824317932], [0.0, 0.0, 0.0, 1.0]]}, "finger2joint1": {"matrix": [[0.6486367583274841, -0.5428804159164429, 0.5334332585334778, -1.0987869501113892], [-0.6685590744018555, -0.7413576245307922, 0.058458201587200165, 0.0569949746131897], [0.36372891068458557, -0.39454975724220276, -0.8438194394111633, -0.4650861322879791], [0.0, 0.0, 0.0, 1.0]]}, "finger2joint2": {"matrix": [[0.5448024868965149, -0.6768131256103516, 0.49508994817733765, -1.568459391593933], [-0.7353915572166443, -0.6693349480628967, -0.10578195005655289, -0.5843898057937622], [0.40297555923461914, -0.3064546585083008, -0.862377941608429, -0.8064305186271667], [0.0, 0.0, 0.0, 1.0]]}, "finger2joint3": {"matrix": [[0.41714686155319214, -0.8393356800079346, 0.34857413172721863, -1.8253886699676514], [-0.794896125793457, -0.5228836536407471, -0.30778658390045166, -0.8384802937507629], [0.44059988856315613, -0.14868800342082977, -0.8853039145469666, -0.9227656722068787], [0.0, 0.0, 0.0, 1.0]]}, "Bone.002": {"matrix": [[0.5723086595535278, -0.16726461052894592, 0.8027984499931335, -1.2394318580627441], [-0.7788118124008179, -0.41736575961112976, 0.4682497978210449, 0.6112968921661377], [0.25673890113830566, -0.8932121396064758, -0.3691296875476837, -0.19163265824317932], [0.0, 0.0, 0.0, 1.0]]}, "finger3joint1": {"matrix": [[0.3936612606048584, -0.12243431061506271, 0.9110656380653381, -1.3099355697631836], [-0.901027500629425, -0.2477807104587555, 0.3560256063938141, 0.4353730082511902], [0.18215475976467133, -0.961048424243927, -0.2078583538532257, -0.5681305527687073], [0.0, 0.0, 0.0, 1.0]]}, "finger3joint2": {"matrix": [[0.33370620012283325, -0.9202913641929626, -0.20421560108661652, -1.417332649230957], [-0.941996157169342, -0.31731361150741577, -0.10934010148048401, 0.218024343252182], [0.035824406892061234, 0.2288578748703003, -0.9728002548217773, -1.411144495010376], [0.0, 0.0, 0.0, 1.0]]}, "finger3joint3": {"matrix": [[0.31721925735473633, -0.5573959946632385, -0.767255961894989, -2.0128350257873535], [-0.9247604608535767, -0.0024739813525229692, -0.38054159283638, 0.012696955353021622], [0.21021419763565063, 0.8302430510520935, -0.516242265701294, -1.2630550861358643], [0.0, 0.0, 0.0, 1.0]]}, "Bone.003": {"matrix": [[0.7281805276870728, -0.09833571314811707, 0.6782943606376648, -1.2394318580627441], [-0.4825342297554016, 0.6292648315429688, 0.6092507243156433, 0.6112968325614929], [-0.48673781752586365, -0.7709446549415588, 0.41076794266700745, -0.19163265824317932], [0.0, 0.0, 0.0, 1.0]]}, "finger4joint1": {"matrix": [[0.33392882347106934, -0.8606221675872803, 0.38447487354278564, -1.2815804481506348], [-0.9373993873596191, -0.34598636627197266, 0.03969347104430199, 0.881011962890625], [0.09886202216148376, -0.37366122007369995, -0.9222813844680786, -0.5220745205879211], [0.0, 0.0, 0.0, 1.0]]}, "finger4joint2": {"matrix": [[0.3214748501777649, -0.44247961044311523, -0.8371770977973938, -2.1364874839782715], [-0.944142758846283, -0.08214237540960312, -0.3191342353820801, 0.5373233556747437], [0.07244271785020828, 0.8930083513259888, -0.44417059421539307, -0.893254280090332], [0.0, 0.0, 0.0, 1.0]]}, "finger4joint3": {"matrix": [[0.36935603618621826, 0.3577588200569153, -0.8576622605323792, -2.3210289478302], [-0.9292770624160767, 0.14661282300949097, -0.3390403687953949, 0.503064751625061], [0.004449637606739998, 0.922232449054718, 0.3866094648838043, -0.5208136439323425], [0.0, 0.0, 0.0, 1.0]]}}