{"root": {"matrix": [[0.1902892291545868, -0.5316950082778931, -0.8252820372581482, 0.0], [-0.7017840147018433, 0.5141749978065491, -0.49307534098625183, 0.0], [0.6865050196647644, 0.6729966998100281, -0.27529314160346985, 5.960464477539063e-08], [0.0, 0.0, 0.0, 1.0]]}, "carpals": {"matrix": [[0.4844282865524292, -0.8298997282981873, 0.27675896883010864, 0.0026857852935791016], [0.10124905407428741, 0.36741724610328674, 0.9245284199714661, -1.028348684310913], [-0.8689519762992859, -0.41984617710113525, 0.26201409101486206, 2.2422034740448], [0.0, 0.0, 0.0, 1.0]]}, "metacarpals": {"matrix": [[0.1114959791302681, -0.21062582731246948, 0.9711875319480896, -0.8056315183639526], [-0.8712059259414673, 0.4494413137435913, 0.19749003648757935, -0.670486569404602], [-0.47808852791786194, -0.8681238293647766, -0.1333875209093094, 1.8332757949829102], [0.0, 0.0, 0.0, 1.0]]}, "finger5joint1": {"matrix": [[0.4226346015930176, -0.5847623348236084, 0.6924108266830444, -1.3449079990386963], [-0.8736700415611267, -0.059715960174798965, 0.48283979296684265, -0.3423784673213959], [-0.24099873006343842, -0.8090035915374756, -0.5361273884773254, 1.47662353515625], [0.0, 0.0, 0.0, 1.0]]}, "finger5joint2": {"matrix": [[0.688904345035553, -0.2635728418827057, -0.6752331256866455, -1.962576150894165], [0.4497695565223694, -0.5750895142555237, 0.6833584904670715, -0.4054547846317291], [-0.5684343576431274, -0.7744680643081665, -0.27763456106185913, 0.6220954656600952], [0.0, 0.0, 0.0, 1.0]]}, "finger5joint3": {"matrix": [[0.6974148154258728, -0.20047293603420258, -0.6880572438240051, -2.1437392234802246], [0.3558107912540436, -0.7365375757217407, 0.5752481818199158, -0.8007339239120483], [-0.6221017837524414, -0.6460049748420715, -0.44234174489974976, 0.0897764265537262], [0.0, 0.0, 0.0, 1.0]]}, "Bone": {"matrix": [[0.14242106676101685, -0.08144151419401169, 0.9864498376846313, -1.134476900100708], [-0.59368896484375, -0.8044629096984863, 0.019298596307635307, 0.031216084957122803], [0.7919906377792358, -0.5883932113647461, -0.16292338073253632, 0.47789353132247925], [0.0, 0.0, 0.0, 1.0]]}, "finger1joint1": {"matrix": [[0.16098715364933014, -0.5417575836181641, 0.8249737620353699, -1.2022515535354614], [-0.9165899753570557, 0.22789369523525238, 0.32852232456207275, -0.6382480263710022], [-0.36598607897758484, -0.8090506196022034, -0.4598815441131592, -0.011760056018829346], [0.0, 0.0, 0.0, 1.0]]}, "finger1joint2": {"matrix": [[-0.08702349662780762, -0.9750204086303711, -0.20435769855976105, -1.5084412097930908], [-0.9774622917175293, 0.04396446794271469, 0.20648080110549927, -0.509447455406189], [-0.192338764667511, 0.21772059798240662, -0.9568716287612915, -0.46901795268058777], [0.0, 0.0, 0.0, 1.0]]}, "finger1joint3": {"matrix": [[-0.07144252210855484, -0.7863810062408447, -0.6135965585708618, -1.9264163970947266], [-0.9524774551391602, -0.128839910030365, 0.27601954340934753, -0.4906006157398224], [-0.2961125373840332, 0.6041563749313354, -0.7398055791854858, -0.3756847083568573], [0.0, 0.0, 0.0, 1.0]]}, "Bone.001": {"matrix": [[0.2217349261045456, 0.21171152591705322, 0.9518464207649231, -1.134476900100708], [-0.8241573572158813, -0.4810159504413605, 0.29897791147232056, 0.031216084957122803], [0.5211503505706787, -0.8507653474807739, 0.06782569736242294, 0.47789353132247925], [0.0, 0.0, 0.0, 1.0]]}, "finger2joint1": {"matrix": [[0.3668483793735504, -0.48978471755981445, 0.7909064292907715, -1.0002763271331787], [-0.9298678040504456, -0.16773590445518494, 0.3274293541908264, -0.2736920714378357], [-0.027706624940037727, -0.8555556535720825, -0.5169687271118164, -0.06139266490936279], [0.0, 0.0, 0.0, 1.0]]}, "finger2joint2": {"matrix": [[0.24638719856739044, -0.8295832872390747, 0.5010835528373718, -1.4240131378173828], [-0.9674896597862244, -0.18009008467197418, 0.1775697022676468, -0.41880863904953003], [-0.0570688433945179, -0.5285441875457764, -0.8469852209091187, -0.801575779914856], [0.0, 0.0, 0.0, 1.0]]}, "finger2joint3": {"matrix": [[0.10384472459554672, -0.9943033456802368, -0.024019436910748482, -1.738936424255371], [-0.9937310814857483, -0.10472971946001053, 0.039111532270908356, -0.48717376589775085], [-0.04140445962548256, 0.01980731077492237, -0.998945951461792, -1.002219796180725], [0.0, 0.0, 0.0, 1.0]]}, "Bone.002": {"matrix": [[0.29154667258262634, 0.10790222883224487, 0.9504512548446655, -1.1344770193099976], [-0.9307255744934082, 0.26134800910949707, 0.2558256983757019, 0.03121607005596161], [-0.22079455852508545, -0.9591944813728333, 0.17662258446216583, 0.47789356112480164], [0.0, 0.0, 0.0, 1.0]]}, "finger3joint1": {"matrix": [[0.24164055287837982, -0.2102612406015396, 0.9473119974136353, -1.0889949798583984], [-0.9703581929206848, -0.04848897457122803, 0.23675669729709625, 0.14137686789035797], [-0.003846792969852686, -0.9764419198036194, -0.21574552357196808, 0.07358342409133911], [0.0, 0.0, 0.0, 1.0]]}, "finger3joint2": {"matrix": [[0.16842037439346313, -0.9232106804847717, 0.34542223811149597, -1.2734322547912598], [-0.9742624759674072, -0.10264486819505692, 0.2006898820400238, 0.09884323924779892], [-0.14982344210147858, -0.37033218145370483, -0.9167370796203613, -0.7829334735870361], [0.0, 0.0, 0.0, 1.0]]}, "finger3joint3": {"matrix": [[0.06191954389214516, -0.9938579201698303, -0.09171922504901886, -1.870823621749878], [-0.9980123043060303, -0.06273175030946732, 0.005996929947286844, 0.03242376446723938], [-0.011714012362062931, 0.09116557985544205, -0.9957667589187622, -1.0225681066513062], [0.0, 0.0, 0.0, 1.0]]}, "Bone.003": {"matrix": [[0.7617642879486084, 0.3062438368797302, 0.5709027051925659, -1.134476900100708], [-0.349198579788208, 0.9363439679145813, -0.036332931369543076, 0.031216055154800415], [-0.5456880331039429, -0.17168113589286804, 0.8202133774757385, 0.47789353132247925], [0.0, 0.0, 0.0, 1.0]]}, "finger4joint1": {"matrix": [[0.10554540902376175, -0.48515424132347107, 0.8680353164672852, -1.0032148361206055], [-0.8694506883621216, 0.3786220848560333, 0.3173333406448364, 0.4325512945652008], [-0.48261314630508423, -0.7882069945335388, -0.3818557560443878, 0.40430763363838196], [0.0, 0.0, 0.0, 1.0]]}, "finger4joint2": {"matrix": [[0.11113861203193665, -0.9861182570457458, -0.12336421757936478, -1.48514723777771], [-0.8542529940605164, -0.15822596848011017, 0.4951927065849304, 0.8086589574813843], [-0.5078381896018982, 0.05034917965531349, -0.8599795699119568, -0.37866488099098206], [0.0, 0.0, 0.0, 1.0]]}, "finger4joint3": {"matrix": [[0.19451871514320374, -0.7261949777603149, -0.6593959927558899, -1.8964203596115112], [-0.8452960252761841, -0.4651409387588501, 0.2629029154777527, 0.7426688075065613], [-0.4976310133934021, 0.5062453150749207, -0.7043284773826599, -0.35766610503196716], [0.0, 0.0, 0.0, 1.0]]}}