{"root": {"matrix": [[0.30743613839149475, -0.8007251024246216, 0.5141229033470154, 0.0], [0.6063464283943176, -0.25155118107795715, -0.7543646693229675, -2.9802322387695312e-08], [0.7333669662475586, 0.543655514717102, 0.40818077325820923, 5.960464477539063e-08], [0.0, 0.0, 0.0, 1.0]]}, "carpals": {"matrix": [[-0.6072415113449097, -0.5215602517127991, -0.5993599891662598, -0.14630484580993652], [0.793656051158905, -0.43330517411231995, -0.42703232169151306, 1.2098246812820435], [-0.03698257729411125, -0.7349973917007446, 0.6770603656768799, 2.1447389125823975], [0.0, 0.0, 0.0, 1.0]]}, "metacarpals": {"matrix": [[-0.8172139525413513, -0.36650508642196655, -0.44478657841682434, -0.6543013453483582], [0.5761602520942688, -0.5384934544563293, -0.6148691177368164, 0.7877879738807678], [-0.014161890372633934, -0.7587479948997498, 0.6512300372123718, 1.4288558959960938], [0.0, 0.0, 0.0, 1.0]]}, "finger5joint1": {"matrix": [[-0.5801291465759277, -0.6612949967384338, -0.4755405783653259, -0.5370910167694092], [0.6552313566207886, -0.032066941261291504, -0.7547473311424255, 0.6323271989822388], [0.4838615655899048, -0.7494398951530457, 0.45190417766571045, 0.7304516434669495], [0.0, 0.0, 0.0, 1.0]]}, "finger5joint2": {"matrix": [[-0.42558997869491577, -0.8992340564727783, -0.10124509036540985, -1.2355984449386597], [-0.7601033449172974, 0.41595035791397095, -0.4992273151874542, 0.5984557867050171], [0.49103525280952454, -0.13550913333892822, -0.8605352640151978, -0.06116089969873428], [0.0, 0.0, 0.0, 1.0]]}, "finger5joint3": {"matrix": [[-0.5014573931694031, -0.8134030699729919, -0.29481399059295654, -1.8536735773086548], [-0.6893102526664734, 0.5815451145172119, -0.43203750252723694, 0.8843529224395752], [0.5228683948516846, -0.013429824262857437, -0.8523072004318237, -0.15430107712745667], [0.0, 0.0, 0.0, 1.0]]}, "Bone": {"matrix": [[0.27216431498527527, -0.7852593064308167, -0.556142270565033, -1.226517677307129], [0.6710742712020874, 0.5691085457801819, -0.47515755891799927, -0.05294978618621826], [0.6896271705627441, -0.24389173090457916, 0.6818583607673645, 0.24423962831497192], [0.0, 0.0, 0.0, 1.0]]}, "finger1joint1": {"matrix": [[-0.5252342820167542, -0.5161185264587402, -0.6765725612640381, -1.8800007104873657], [0.5811202526092529, 0.36326172947883606, -0.7282444834709167, 0.4206553101539612], [0.6216334104537964, -0.7756689190864563, 0.10912948101758957, 0.04127591848373413], [0.0, 0.0, 0.0, 1.0]]}, "finger1joint2": {"matrix": [[-0.2838789224624634, -0.17523451149463654, -0.9427117705345154, -2.1716997623443604], [0.7678642272949219, 0.5472870469093323, -0.33295854926109314, 0.6259629726409912], [0.57427978515625, -0.8183944821357727, -0.020806826651096344, -0.3971153199672699], [0.0, 0.0, 0.0, 1.0]]}, "finger1joint3": {"matrix": [[-0.37126973271369934, 0.2219461053609848, -0.9016088843345642, -2.2468199729919434], [0.7095987796783447, 0.694078803062439, -0.1213434487581253, 0.8605759143829346], [0.5988559126853943, -0.6848316192626953, -0.4151829779148102, -0.7479475736618042], [0.0, 0.0, 0.0, 1.0]]}, "Bone.001": {"matrix": [[-0.0771377831697464, -0.9689375758171082, -0.23496690392494202, -1.2265175580978394], [0.7630305290222168, 0.09431944042444229, -0.639443576335907, -0.05294978246092796], [0.6417428851127625, -0.22861208021640778, 0.7320533990859985, 0.24423964321613312], [0.0, 0.0, 0.0, 1.0]]}, "finger2joint1": {"matrix": [[-0.7551558613777161, -0.6165413856506348, -0.22274655103683472, -1.8407113552093506], [0.6521972417831421, -0.6723018884658813, -0.35021230578422546, 0.006837725639343262], [0.06616754084825516, -0.40973952412605286, 0.9097993969917297, 0.09932619333267212], [0.0, 0.0, 0.0, 1.0]]}, "finger2joint2": {"matrix": [[-0.7839871644973755, -0.1705380380153656, -0.5968924760818481, -2.3741114139556885], [0.6182893514633179, -0.3005044162273407, -0.7262336015701294, -0.5748034715652466], [-0.05551828071475029, -0.9384100437164307, 0.34103354811668396, -0.25515955686569214], [0.0, 0.0, 0.0, 1.0]]}, "finger2joint3": {"matrix": [[-0.7418825030326843, 0.4904177784919739, -0.4572749733924866, -2.4388504028320312], [0.6421433091163635, 0.3233088254928589, -0.6950706243515015, -0.6888799071311951], [-0.1930338442325592, -0.8092969059944153, -0.554775595664978, -0.6113953590393066], [0.0, 0.0, 0.0, 1.0]]}, "Bone.002": {"matrix": [[-0.7271867394447327, -0.6649044752120972, -0.17059092223644257, -1.2265175580978394], [0.6226476430892944, -0.5342935919761658, -0.5716994404792786, -0.05294977128505707], [0.28898003697395325, -0.5219501256942749, 0.8025323748588562, 0.24423964321613312], [0.0, 0.0, 0.0, 1.0]]}, "finger3joint1": {"matrix": [[-0.2432258129119873, -0.9602208137512207, -0.13717544078826904, -1.5067815780639648], [0.8396399021148682, -0.13762179017066956, -0.5254189968109131, -0.2781599164009094], [0.48563992977142334, -0.2429732084274292, 0.8397127389907837, 0.024232402443885803], [0.0, 0.0, 0.0, 1.0]]}, "finger3joint2": {"matrix": [[-0.3864915072917938, -0.06512117385864258, -0.9199910163879395, -2.349069595336914], [0.8270581364631653, 0.4169793128967285, -0.37696564197540283, -0.39887917041778564], [0.40816569328308105, -0.9065799117088318, -0.10729971528053284, -0.1888992190361023], [0.0, 0.0, 0.0, 1.0]]}, "finger3joint3": {"matrix": [[-0.22902601957321167, 0.6052323579788208, -0.7623914480209351, -2.3912081718444824], [0.8983269333839417, 0.4330625832080841, 0.07392974942922592, -0.12906008958816528], [0.37490785121917725, -0.6679450273513794, -0.6428788900375366, -0.775529146194458], [0.0, 0.0, 0.0, 1.0]]}, "Bone.003": {"matrix": [[-0.9192841053009033, 0.16171742975711823, 0.35883694887161255, -1.2265175580978394], [-0.1668962836265564, -0.9858326315879822, 0.016723794862627983, -0.052949756383895874], [0.35645779967308044, -0.04451465979218483, 0.9332502484321594, 0.24423962831497192], [0.0, 0.0, 0.0, 1.0]]}, "finger4joint1": {"matrix": [[-0.6524773836135864, -0.6981684565544128, -0.2946755886077881, -1.1572022438049316], [0.7351309061050415, -0.4887235760688782, -0.46982085704803467, -0.4754968285560608], [0.18399935960769653, -0.5231724977493286, 0.8321263790130615, 0.22515982389450073], [0.0, 0.0, 0.0, 1.0]]}, "finger4joint2": {"matrix": [[-0.6738786101341248, -0.5154966115951538, -0.5292922854423523, -1.8507343530654907], [0.7145251631736755, -0.27241969108581543, -0.6443919539451599, -0.9609748125076294], [0.1879924088716507, -0.8124346137046814, 0.551913321018219, -0.29453837871551514], [0.0, 0.0, 0.0, 1.0]]}, "finger4joint3": {"matrix": [[-0.6208800077438354, -0.39645272493362427, -0.6762638092041016, -2.0657289028167725], [0.744047224521637, -0.026455439627170563, -0.6676028370857239, -1.0745909214019775], [0.24678225815296173, -0.9176735281944275, 0.3114054501056671, -0.6333745718002319], [0.0, 0.0, 0.0, 1.0]]}}