{"root": {"matrix": [[0.16797594726085663, -0.8985587954521179, -0.4054332971572876, 0.0], [-0.1964886635541916, 0.37250617146492004, -0.9069902896881104, 0.0], [0.9660105109214783, 0.23201563954353333, -0.113984614610672, 0.0], [0.0, 0.0, 0.0, 1.0]]}, "carpals": {"matrix": [[0.98305344581604, -0.17652852833271027, -0.04943069815635681, -0.4540693759918213], [-0.019324613735079765, -0.36793193221092224, 0.9296517372131348, 0.022230684757232666], [-0.18229717016220093, -0.9129422903060913, -0.3651078939437866, 2.424523115158081], [0.0, 0.0, 0.0, 1.0]]}, "metacarpals": {"matrix": [[0.12644809484481812, -0.4012497365474701, 0.9071986675262451, -0.6260071992874146], [-0.9175831079483032, 0.3001648187637329, 0.26065704226493835, -0.33613282442092896], [-0.3768979012966156, -0.8653897047042847, -0.3302246630191803, 1.5353227853775024], [0.0, 0.0, 0.0, 1.0]]}, "finger5joint1": {"matrix": [[-0.1014164388179779, -0.47026875615119934, 0.876676619052887, -1.2503674030303955], [-0.6189748048782349, 0.7197100520133972, 0.31446364521980286, -0.11105942726135254], [-0.7788355350494385, -0.5107488036155701, -0.36407485604286194, 1.2434477806091309], [0.0, 0.0, 0.0, 1.0]]}, "finger5joint2": {"matrix": [[0.9275367856025696, -0.36739856004714966, -0.06850846111774445, -1.7470992803573608], [0.2639180123806, 0.5141094326972961, 0.81611168384552, 0.6491503715515137], [-0.2646174430847168, -0.7750540375709534, 0.5738188028335571, 0.7039579153060913], [0.0, 0.0, 0.0, 1.0]]}, "finger5joint3": {"matrix": [[0.8915461897850037, -0.43492937088012695, -0.12641741335391998, -1.9996252059936523], [0.26542794704437256, 0.27554360032081604, 0.923917293548584, 1.0025157928466797], [-0.36700528860092163, -0.8572697043418884, 0.3611025810241699, 0.17123611271381378], [0.0, 0.0, 0.0, 1.0]]}, "Bone": {"matrix": [[0.3377871811389923, -0.08840520679950714, 0.9370614886283875, -1.2524693012237549], [-0.4592510461807251, -0.8845041394233704, 0.0821017324924469, 0.13250786066055298], [0.8215764164924622, -0.45807963609695435, -0.339374303817749, 0.1842091828584671], [0.0, 0.0, 0.0, 1.0]]}, "finger1joint1": {"matrix": [[0.4745996594429016, -0.4779031276702881, 0.7391641736030579, -1.32603919506073], [-0.8757433891296387, -0.340791255235672, 0.3419570028781891, -0.6035656332969666], [0.08847808837890625, -0.809610903263092, -0.5802597999572754, -0.19699907302856445], [0.0, 0.0, 0.0, 1.0]]}, "finger1joint2": {"matrix": [[0.23648299276828766, -0.7047749161720276, 0.6688557863235474, -1.5961395502090454], [-0.9312798976898193, -0.36073875427246094, -0.050844646990299225, -0.7961734533309937], [0.27711597084999084, -0.6108680963516235, -0.7416512370109558, -0.6545735597610474], [0.0, 0.0, 0.0, 1.0]]}, "finger1joint3": {"matrix": [[0.3287002742290497, -0.9021620750427246, 0.27939173579216003, -1.8982648849487305], [-0.9177765250205994, -0.3749157190322876, -0.13086043298244476, -0.9508162140846252], [0.2228054255247116, -0.21340537071228027, -0.9512179493904114, -0.9164426326751709], [0.0, 0.0, 0.0, 1.0]]}, "Bone.001": {"matrix": [[0.3959529399871826, 0.11899418383836746, 0.9105281233787537, -1.2524694204330444], [-0.7183161973953247, -0.5775763392448425, 0.38784924149513245, 0.1325078159570694], [0.5720511674880981, -0.8076173663139343, -0.14321748912334442, 0.18420925736427307], [0.0, 0.0, 0.0, 1.0]]}, "finger2joint1": {"matrix": [[0.38590651750564575, -0.33736610412597656, 0.8586385250091553, -1.177040934562683], [-0.9213855862617493, -0.18744806945323944, 0.3404577076435089, -0.23360836505889893], [0.04609103873372078, -0.9225221276283264, -0.383181631565094, -0.32772624492645264], [0.0, 0.0, 0.0, 1.0]]}, "finger2joint2": {"matrix": [[0.27280953526496887, -0.9101168513298035, 0.31186872720718384, -1.4689128398895264], [-0.9620651602745056, -0.25729885697364807, 0.09070637822151184, -0.3957788944244385], [-0.0023101556580513716, -0.3247836232185364, -0.9457852840423584, -1.1258453130722046], [0.0, 0.0, 0.0, 1.0]]}, "finger2joint3": {"matrix": [[0.13765618205070496, -0.8344512581825256, -0.5336119532585144, -1.8144081830978394], [-0.989458441734314, -0.09139098972082138, -0.11233583837747574, -0.4934537410736084], [0.044971223920583725, 0.5434505939483643, -0.8382353782653809, -1.2491384744644165], [0.0, 0.0, 0.0, 1.0]]}, "Bone.002": {"matrix": [[0.3524007201194763, -0.08345191925764084, 0.9321209788322449, -1.2524694204330444], [-0.9236014485359192, 0.12959958612918854, 0.3607827425003052, 0.1325078010559082], [-0.15091070532798767, -0.9880481958389282, -0.031405258923769, 0.1842091679573059], [0.0, 0.0, 0.0, 1.0]]}, "finger3joint1": {"matrix": [[0.18184679746627808, -0.603584885597229, 0.7762840986251831, -1.2876452207565308], [-0.945677638053894, 0.10900910198688507, 0.3062856197357178, 0.18713530898094177], [-0.26949161291122437, -0.789811372756958, -0.5509735941886902, -0.23226302862167358], [0.0, 0.0, 0.0, 1.0]]}, "finger3joint2": {"matrix": [[0.05386580526828766, -0.6465635895729065, -0.7609559297561646, -1.81709885597229], [-0.9277045130729675, -0.3143255412578583, 0.20140448212623596, 0.28275609016418457], [-0.36940884590148926, 0.6950933337211609, -0.6167512536048889, -0.9250710010528564], [0.0, 0.0, 0.0, 1.0]]}, "finger3joint3": {"matrix": [[0.14891822636127472, 0.12674914300441742, -0.9806925654411316, -2.2354772090911865], [-0.9627980589866638, -0.2075609266757965, -0.17302703857421875, 0.07936222851276398], [-0.22548465430736542, 0.9699756503105164, 0.09112431854009628, -0.4752897620201111], [0.0, 0.0, 0.0, 1.0]]}, "Bone.003": {"matrix": [[0.694098174571991, 0.16711923480033875, 0.7002134919166565, -1.2524694204330444], [-0.35570913553237915, 0.9252605438232422, 0.13177166879177094, 0.1325078308582306], [-0.6258583068847656, -0.34053459763526917, 0.7016674876213074, 0.1842091977596283], [0.0, 0.0, 0.0, 1.0]]}, "finger4joint1": {"matrix": [[0.03627883270382881, -0.5928230881690979, 0.8045150637626648, -1.180838704109192], [-0.8612668514251709, 0.38976311683654785, 0.3260427415370941, 0.5290924310684204], [-0.5068561434745789, -0.7047304511070251, -0.49643856287002563, 0.038249433040618896], [0.0, 0.0, 0.0, 1.0]]}, "finger4joint2": {"matrix": [[0.03820846602320671, -0.836094319820404, -0.5472533106803894, -1.7697248458862305], [-0.8456493020057678, -0.31882134079933167, 0.4280535578727722, 0.9162671566009521], [-0.5323693156242371, 0.4464290738105774, -0.7192241549491882, -0.6618008613586426], [0.0, 0.0, 0.0, 1.0]]}, "finger4joint3": {"matrix": [[0.11557884514331818, -0.15932311117649078, -0.9804373979568481, -2.1184287071228027], [-0.8223912119865417, -0.5689042210578918, -0.004499489441514015, 0.7832986116409302], [-0.5570582151412964, 0.8068230748176575, -0.19677919149398804, -0.47561192512512207], [0.0, 0.0, 0.0, 1.0]]}}