{"root": {"matrix": [[0.5001112818717957, -0.37324175238609314, -0.7813957333564758, 0.0], [-0.8618716597557068, -0.12694640457630157, -0.49098050594329834, 0.0], [0.0840589702129364, 0.9190077185630798, -0.38517385721206665, 5.960464477539063e-08], [0.0, 0.0, 0.0, 1.0]]}, "carpals": {"matrix": [[0.5729484558105469, -0.8182179927825928, -0.04742613807320595, 0.8535029888153076], [0.538959801197052, 0.33254289627075195, 0.7739102840423584, -2.018158435821533], [-0.6174561977386475, -0.4689715802669525, 0.631516695022583, 1.1329405307769775], [0.0, 0.0, 0.0, 1.0]]}, "metacarpals": {"matrix": [[0.060073524713516235, -0.6711422204971313, 0.738890528678894, 0.05656355619430542], [-0.18477261066436768, 0.7199583053588867, 0.6689683794975281, -1.6942635774612427], [-0.9809434413909912, -0.17671403288841248, -0.08075825870037079, 0.6761651039123535], [0.0, 0.0, 0.0, 1.0]]}, "finger5joint1": {"matrix": [[0.1973825842142105, -0.8108494281768799, 0.5509657263755798, -0.6409331560134888], [-0.1693672239780426, 0.5253655910491943, 0.8338496685028076, -1.5261759757995605], [-0.9655851721763611, -0.25790292024612427, -0.033633261919021606, 0.7806629538536072], [0.0, 0.0, 0.0, 1.0]]}, "finger5joint2": {"matrix": [[0.5699453949928284, -0.6780475378036499, -0.46412643790245056, -1.4974108934402466], [0.8215882182121277, 0.46171626448631287, 0.33438026905059814, -0.9712468981742859], [-0.012430977076292038, -0.5718992948532104, 0.8202293515205383, 0.5082472562789917], [0.0, 0.0, 0.0, 1.0]]}, "finger5joint3": {"matrix": [[0.5288408398628235, -0.6329617500305176, -0.5654081106185913, -1.9634567499160767], [0.8414433598518372, 0.30396610498428345, 0.44674035906791687, -0.6538931727409363], [-0.11090465635061264, -0.7120136022567749, 0.6933515071868896, 0.11516083776950836], [0.0, 0.0, 0.0, 1.0]]}, "Bone": {"matrix": [[0.6074435114860535, -0.17105846107006073, 0.7757262587547302, -0.9912757277488708], [-0.7938234210014343, -0.1666918396949768, 0.5848569869995117, -0.5702087879180908], [0.02926250919699669, -0.9710575342178345, -0.23704612255096436, 0.4002654254436493], [0.0, 0.0, 0.0, 1.0]]}, "finger1joint1": {"matrix": [[0.5834521651268005, -0.7919210195541382, 0.18012358248233795, -1.133628487586975], [-0.3564032316207886, -0.050376106053590775, 0.9329729080200195, -0.7089276909828186], [-0.7297671437263489, -0.6085419058799744, -0.3116353154182434, -0.4078366756439209], [0.0, 0.0, 0.0, 1.0]]}, "finger1joint2": {"matrix": [[0.5166295170783997, -0.8503203392028809, 0.10024609416723251, -1.581205129623413], [-0.6224515438079834, -0.292604923248291, 0.7259035706520081, -0.737399160861969], [-0.587918221950531, -0.43742164969444275, -0.6804516315460205, -0.7517714500427246], [0.0, 0.0, 0.0, 1.0]]}, "finger1joint3": {"matrix": [[0.5549716949462891, -0.7696088552474976, -0.3157665729522705, -1.945723533630371], [-0.5345809459686279, -0.6207787990570068, 0.5734601616859436, -0.8628341555595398], [-0.6373614072799683, -0.14945143461227417, -0.7559329867362976, -0.9392868876457214], [0.0, 0.0, 0.0, 1.0]]}, "Bone.001": {"matrix": [[0.600723147392273, -0.10405419766902924, 0.7926564812660217, -0.9912757873535156], [-0.7285566926002502, 0.33695468306541443, 0.5963774919509888, -0.5702087879180908], [-0.3291449248790741, -0.9357531666755676, 0.12660713493824005, 0.4002654552459717], [0.0, 0.0, 0.0, 1.0]]}, "finger2joint1": {"matrix": [[0.37182357907295227, -0.4940280616283417, 0.7859283089637756, -1.0572339296340942], [-0.43830442428588867, 0.6528858542442322, 0.6177610754966736, -0.3566187620162964], [-0.81831294298172, -0.5741741061210632, 0.02622370980679989, -0.19289320707321167], [0.0, 0.0, 0.0, 1.0]]}, "finger2joint2": {"matrix": [[0.25139695405960083, -0.7042633295059204, 0.6639371514320374, -1.4846417903900146], [-0.4326726794242859, 0.5318384766578674, 0.7279709577560425, 0.20822477340698242], [-0.865790843963623, -0.47027722001075745, -0.17101295292377472, -0.6896393299102783], [0.0, 0.0, 0.0, 1.0]]}, "finger2joint3": {"matrix": [[0.1086236760020256, -0.9100172519683838, 0.40008658170700073, -1.7519917488098145], [-0.43212082982063293, 0.3192290663719177, 0.8434239029884338, 0.4101194143295288], [-0.8952497839927673, -0.26450157165527344, -0.3585616648197174, -0.8681643009185791], [0.0, 0.0, 0.0, 1.0]]}, "Bone.002": {"matrix": [[0.34547942876815796, -0.39774179458618164, 0.849967896938324, -0.9912757873535156], [-0.29655346274375916, 0.8130502104759216, 0.5010039806365967, -0.5702087879180908], [-0.8903369903564453, -0.42514747381210327, 0.16294045746326447, 0.4002653956413269], [0.0, 0.0, 0.0, 1.0]]}, "finger3joint1": {"matrix": [[0.26791465282440186, -0.302735298871994, 0.9146436452865601, -1.1589277982711792], [-0.44265300035476685, 0.8045370578765869, 0.3959520757198334, -0.22749999165534973], [-0.8557336926460266, -0.5109511017799377, 0.0815405622124672, 0.22106145322322845], [0.0, 0.0, 0.0, 1.0]]}, "finger3joint2": {"matrix": [[0.18098896741867065, -0.9451711773872375, -0.2718352675437927, -1.4244818687438965], [-0.3248915374279022, -0.31834280490875244, 0.8905633091926575, 0.47822505235671997], [-0.9282717704772949, -0.07286510616540909, -0.36469459533691406, -0.22713541984558105], [0.0, 0.0, 0.0, 1.0]]}, "finger3joint3": {"matrix": [[0.17700448632240295, -0.4858456552028656, -0.8559342622756958, -2.036083221435547], [-0.4854139983654022, -0.7996298670768738, 0.3535038232803345, 0.27223172783851624], [-0.8561791181564331, 0.35291069746017456, -0.3773742616176605, -0.2742849886417389], [0.0, 0.0, 0.0, 1.0]]}, "Bone.003": {"matrix": [[0.4835977554321289, -0.0078814085572958, 0.8752549290657043, -0.9912757277488708], [0.48991522192955017, 0.8310871124267578, -0.26320526003837585, -0.5702087879180908], [-0.7253386378288269, 0.5560863018035889, 0.4057731032371521, 0.4002653658390045], [0.0, 0.0, 0.0, 1.0]]}, "finger4joint1": {"matrix": [[0.2646332383155823, -0.45998311042785645, 0.8475757241249084, -0.9946538209915161], [-0.4439504146575928, 0.7221247553825378, 0.5305122137069702, -0.21398872137069702], [-0.8560823798179626, -0.5166727900505066, -0.013111487030982971, 0.6386147737503052], [0.0, 0.0, 0.0, 1.0]]}, "finger4joint2": {"matrix": [[0.2703368663787842, -0.863788902759552, 0.42518994212150574, -1.4515821933746338], [-0.41695329546928406, 0.2930280566215515, 0.8603975176811218, 0.503340482711792], [-0.8677946329116821, -0.4098815321922302, -0.280943363904953, 0.1253732144832611], [0.0, 0.0, 0.0, 1.0]]}, "finger4joint3": {"matrix": [[0.3349555432796478, -0.9422163367271423, -0.005741910543292761, -1.8118364810943604], [-0.45241013169288635, -0.1661703884601593, 0.8761916756629944, 0.6255515813827515], [-0.8265164494514465, -0.29088759422302246, -0.4819279611110687, -0.0455731526017189], [0.0, 0.0, 0.0, 1.0]]}}