{"root": {"matrix": [[-0.07062122970819473, -0.7316040396690369, -0.6780620217323303, 0.0], [-0.27212533354759216, 0.6681056022644043, -0.6925191283226013, 0.0], [0.9596667885780334, 0.1356113702058792, -0.24627049267292023, 0.0], [0.0, 0.0, 0.0, 1.0]]}, "carpals": {"matrix": [[0.9870030879974365, -0.08975036442279816, 0.13330256938934326, -0.7995820641517639], [-0.13110090792179108, 0.030021553859114647, 0.9909142255783081, 0.11640562862157822], [-0.09293679893016815, -0.9955115914344788, 0.01786523126065731, 2.3306875228881836], [0.0, 0.0, 0.0, 1.0]]}, "metacarpals": {"matrix": [[0.3546891212463379, -0.3855535387992859, 0.8517886996269226, -0.8869982957839966], [-0.8926136493682861, 0.13150832056999207, 0.43121472001075745, 0.14564643800258636], [-0.2782738208770752, -0.9132654666900635, -0.297505646944046, 1.361065149307251], [0.0, 0.0, 0.0, 1.0]]}, "finger5joint1": {"matrix": [[0.47160133719444275, -0.33318305015563965, 0.8164441585540771, -1.5196558237075806], [-0.8749383687973022, -0.06142459437251091, 0.48032239079475403, 0.19992953538894653], [-0.10988565534353256, -0.9408590793609619, -0.32048240303993225, 1.0111041069030762], [0.0, 0.0, 0.0, 1.0]]}, "finger5joint2": {"matrix": [[0.8114946484565735, -0.30712756514549255, -0.4971405267715454, -1.871587872505188], [0.5115023255348206, -0.03804071992635727, 0.8584391474723816, 0.13504843413829803], [-0.2825618386268616, -0.9509073495864868, 0.12622666358947754, 0.017300784587860107], [0.0, 0.0, 0.0, 1.0]]}, "finger5joint3": {"matrix": [[0.805412232875824, -0.2891269624233246, -0.5174131393432617, -2.0826876163482666], [0.4576773941516876, -0.2513158619403839, 0.8528605699539185, 0.10890171676874161], [-0.37661901116371155, -0.9237127900123596, -0.07008596509695053, -0.6362912654876709], [0.0, 0.0, 0.0, 1.0]]}, "Bone": {"matrix": [[0.3622772693634033, 0.14513956010341644, 0.9207005500793457, -1.4889545440673828], [-0.30379781126976013, -0.9154714345932007, 0.2638535499572754, 0.3509674668312073], [0.8811706304550171, -0.3752952218055725, -0.2875612676143646, -0.06479579210281372], [0.0, 0.0, 0.0, 1.0]]}, "finger1joint1": {"matrix": [[0.7513840198516846, -0.5294206142425537, 0.3938727080821991, -1.3681710958480835], [-0.63202965259552, -0.7489545345306396, 0.19901099801063538, -0.4108765721321106], [0.1896321028470993, -0.39847317337989807, -0.8973619341850281, -0.37711185216903687], [0.0, 0.0, 0.0, 1.0]]}, "finger1joint2": {"matrix": [[0.6062260866165161, -0.7950842380523682, -0.018191376700997353, -1.6673883199691772], [-0.6475030183792114, -0.4801607131958008, -0.5917645692825317, -0.8341695070266724], [0.4617678225040436, 0.3705219030380249, -0.8059055209159851, -0.6023202538490295], [0.0, 0.0, 0.0, 1.0]]}, "finger1joint3": {"matrix": [[0.63002610206604, -0.5951332449913025, -0.4988822937011719, -2.008227825164795], [-0.6860499978065491, -0.12553323805332184, -0.7166426181793213, -1.0400065183639526], [0.3638714551925659, 0.7937616109848022, -0.4873805642127991, -0.4434835910797119], [0.0, 0.0, 0.0, 1.0]]}, "Bone.001": {"matrix": [[0.4958973526954651, 0.30794668197631836, 0.811944842338562, -1.4889544248580933], [-0.5622266530990601, -0.598727822303772, 0.5704610347747803, 0.3509674668312073], [0.6618055701255798, -0.7393873333930969, -0.12377151101827621, -0.06479582190513611], [0.0, 0.0, 0.0, 1.0]]}, "finger2joint1": {"matrix": [[0.5883543491363525, -0.7466670870780945, 0.3103662133216858, -1.2937519550323486], [-0.8085110783576965, -0.5374395847320557, 0.23972511291503906, -0.02855631709098816], [-0.01219187956303358, -0.39197805523872375, -0.9198935627937317, -0.5334813594818115], [0.0, 0.0, 0.0, 1.0]]}, "finger2joint2": {"matrix": [[0.48721158504486084, -0.6684206128120422, -0.5619951486587524, -1.9397304058074951], [-0.8724794983863831, -0.34495842456817627, -0.3460967540740967, -0.49352163076400757], [0.03747309744358063, 0.6589515209197998, -0.7512511610984802, -0.872600793838501], [0.0, 0.0, 0.0, 1.0]]}, "finger2joint3": {"matrix": [[0.4555841386318207, -0.030179208144545555, -0.8896808624267578, -2.1934738159179688], [-0.8718493580818176, 0.1867150366306305, -0.4527866542339325, -0.624473512172699], [0.17978139221668243, 0.9819502830505371, 0.05875254422426224, -0.6224519610404968], [0.0, 0.0, 0.0, 1.0]]}, "Bone.002": {"matrix": [[0.5573258399963379, -0.02920578606426716, 0.8297800421714783, -1.4889545440673828], [-0.8293622732162476, 0.02774590626358986, 0.5580217242240906, 0.3509674370288849], [-0.039320580661296844, -0.9991880655288696, -0.008758503012359142, -0.06479582190513611], [0.0, 0.0, 0.0, 1.0]]}, "finger3joint1": {"matrix": [[0.39442068338394165, -0.8005114197731018, 0.45123589038848877, -1.5012649297714233], [-0.8999727368354797, -0.237277552485466, 0.3657163083553314, 0.3626626133918762], [-0.18569205701351166, -0.5503460764884949, -0.814025342464447, -0.4859636127948761], [0.0, 0.0, 0.0, 1.0]]}, "finger3joint2": {"matrix": [[0.24507440626621246, -0.32646268606185913, -0.912885844707489, -2.203458786010742], [-0.9396706223487854, -0.3117738366127014, -0.1407695859670639, 0.15452712774276733], [-0.23865804076194763, 0.8923109173774719, -0.3831752836704254, -0.9687169790267944], [0.0, 0.0, 0.0, 1.0]]}, "finger3joint3": {"matrix": [[0.37859565019607544, 0.6775684356689453, -0.6305285096168518, -2.4147064685821533], [-0.9169107675552368, 0.1816386878490448, -0.35536161065101624, -0.04721558839082718], [-0.12625356018543243, 0.7126768231391907, 0.6900373697280884, -0.39132019877433777], [0.0, 0.0, 0.0, 1.0]]}, "Bone.003": {"matrix": [[0.8037137985229492, -0.012603959999978542, 0.594882607460022, -1.4889544248580933], [-0.23901087045669556, 0.9087323546409607, 0.34216830134391785, 0.3509674370288849], [-0.5449016094207764, -0.4171886146068573, 0.7273483872413635, -0.06479580700397491], [0.0, 0.0, 0.0, 1.0]]}, "finger4joint1": {"matrix": [[0.08465234935283661, -0.8279671669006348, 0.5543501973152161, -1.4943567514419556], [-0.8119719624519348, 0.2651406228542328, 0.5200016498565674, 0.7404677867889404], [-0.5775251388549805, -0.4941362142562866, -0.6498411297798157, -0.2436109185218811], [0.0, 0.0, 0.0, 1.0]]}, "finger4joint2": {"matrix": [[0.07633928209543228, -0.21912997961044312, -0.9727045297622681, -2.3168253898620605], [-0.7954879403114319, -0.6015456914901733, 0.07308463752269745, 1.003847599029541], [-0.6011413335800171, 0.768195390701294, -0.2202369123697281, -0.7344655990600586], [0.0, 0.0, 0.0, 1.0]]}, "finger4joint3": {"matrix": [[0.10851161181926727, 0.5802417397499084, -0.8071830868721008, -2.4082164764404297], [-0.7437143921852112, -0.49140316247940063, -0.4532233774662018, 0.7529653310775757], [-0.6596314907073975, 0.6494936943054199, 0.3782110810279846, -0.41407981514930725], [0.0, 0.0, 0.0, 1.0]]}}