{"root": {"matrix": [[0.4001283347606659, -0.6603707671165466, -0.6354587078094482, 0.0], [-0.10051833093166351, 0.65757817029953, -0.7466505765914917, 0.0], [0.9109299182891846, 0.36263135075569153, 0.19673623144626617, -2.9802322387695312e-08], [0.0, 0.0, 0.0, 1.0]]}, "carpals": {"matrix": [[0.850450873374939, -0.4914955496788025, 0.18752412497997284, 0.32994043827056885], [-0.3730413317680359, -0.31212118268013, 0.8737392425537109, 0.500271737575531], [-0.3709087669849396, -0.8130266070365906, -0.4487917423248291, 2.3928754329681396], [0.0, 0.0, 0.0, 1.0]]}, "metacarpals": {"matrix": [[-0.05985024571418762, -0.42843183875083923, 0.9015896916389465, -0.14877325296401978], [-0.9943787455558777, -0.05344046279788017, -0.09140453487634659, 0.19626763463020325], [0.0873417854309082, -0.9019922018051147, -0.4228251278400421, 1.6009924411773682], [0.0, 0.0, 0.0, 1.0]]}, "finger5joint1": {"matrix": [[-0.21359582245349884, -0.6595553755760193, 0.7206687331199646, -0.7536493539810181], [-0.9249535202980042, 0.37393292784690857, 0.06808018684387207, 0.3778509795665741], [-0.3143845498561859, -0.652043342590332, -0.6899285316467285, 1.2448642253875732], [0.0, 0.0, 0.0, 1.0]]}, "finger5joint2": {"matrix": [[0.749886155128479, -0.632915198802948, 0.19258396327495575, -1.4503192901611328], [0.0859612375497818, 0.3818523585796356, 0.9202168583869934, 0.7728260159492493], [-0.6559580564498901, -0.6735029816627502, 0.34075209498405457, 0.5561287999153137], [0.0, 0.0, 0.0, 1.0]]}, "finger5joint3": {"matrix": [[0.6757804155349731, -0.7311195731163025, 0.09372614324092865, -1.8853440284729004], [0.07044107466936111, 0.19062946736812592, 0.979131281375885, 1.0352864265441895], [-0.7337290644645691, -0.6550754904747009, 0.18032462894916534, 0.09320656955242157], [0.0, 0.0, 0.0, 1.0]]}, "Bone": {"matrix": [[0.33624258637428284, -0.2733161449432373, 0.9012430906295776, -0.8176743388175964], [-0.09325945377349854, -0.9619213342666626, -0.2569237947463989, 0.11283224821090698], [0.9371462464332581, 0.002339079277589917, -0.3489282727241516, 0.19273214042186737], [0.0, 0.0, 0.0, 1.0]]}, "finger1joint1": {"matrix": [[0.25019142031669617, -0.759375810623169, 0.6006267666816711, -1.0451246500015259], [-0.8916457295417786, -0.4224783480167389, -0.16272613406181335, -0.6876668334007263], [0.37732186913490295, -0.4948336184024811, -0.7827945947647095, 0.19467870891094208], [0.0, 0.0, 0.0, 1.0]]}, "finger1joint2": {"matrix": [[0.07058371603488922, -0.916938841342926, 0.39273545145988464, -1.4743075370788574], [-0.7911356091499329, -0.29126229882240295, -0.537838876247406, -0.9264425039291382], [0.6075541377067566, -0.2727442979812622, -0.7459813356399536, -0.08499054610729218], [0.0, 0.0, 0.0, 1.0]]}, "finger1joint3": {"matrix": [[0.14358632266521454, -0.9884822964668274, -0.04780878871679306, -1.8673839569091797], [-0.8303158283233643, -0.0940437838435173, -0.5493007898330688, -1.0513018369674683], [0.5384778380393982, 0.11856848746538162, -0.8342558145523071, -0.2019115537405014], [0.0, 0.0, 0.0, 1.0]]}, "Bone.001": {"matrix": [[0.32773104310035706, -0.05349378660321236, 0.9432553052902222, -0.8176743388175964], [-0.44278696179389954, -0.8906522393226624, 0.10333437472581863, 0.1128322184085846], [0.8345845937728882, -0.4515272378921509, -0.31558072566986084, 0.19273214042186737], [0.0, 0.0, 0.0, 1.0]]}, "finger2joint1": {"matrix": [[0.16113564372062683, -0.7974169254302979, 0.5815165042877197, -0.8515831232070923], [-0.9311824440956116, -0.31806886196136475, -0.17813213169574738, -0.451737642288208], [0.3270076513290405, -0.5127946138381958, -0.7937929034233093, -0.09348353743553162], [0.0, 0.0, 0.0, 1.0]]}, "finger2joint2": {"matrix": [[0.03393186256289482, -0.9892740249633789, -0.14207489788532257, -1.541467547416687], [-0.9356678128242493, 0.018516233190894127, -0.3523956835269928, -0.7269145846366882], [0.3512464165687561, 0.1448923945426941, -0.9250036478042603, -0.5371273159980774], [0.0, 0.0, 0.0, 1.0]]}, "finger2joint3": {"matrix": [[-0.06720104813575745, -0.6168515086174011, -0.7842053174972534, -1.9170122146606445], [-0.8921138048171997, 0.3891091048717499, -0.2296229749917984, -0.719885528087616], [0.44678452610969543, 0.6841696500778198, -0.5764502882957458, -0.4821237325668335], [0.0, 0.0, 0.0, 1.0]]}, "Bone.002": {"matrix": [[0.1827256679534912, -0.1555124670267105, 0.9707868695259094, -0.8176742792129517], [-0.9399644732475281, -0.31711044907569885, 0.1261255145072937, 0.11283222585916519], [0.28823238611221313, -0.9355514645576477, -0.20412041246891022, 0.19273215532302856], [0.0, 0.0, 0.0, 1.0]]}, "finger3joint1": {"matrix": [[0.05252562835812569, -0.73239666223526, 0.6788491606712341, -0.883224368095398], [-0.9657666683197021, -0.2101866602897644, -0.15204042196273804, -0.020833000540733337], [0.25403881072998047, -0.6476237773895264, -0.7183643579483032, -0.20161211490631104], [0.0, 0.0, 0.0, 1.0]]}, "finger3joint2": {"matrix": [[-0.09031809121370316, -0.8450832962989807, -0.5269504189491272, -1.5256692171096802], [-0.9802177548408508, 0.16899779438972473, -0.10301880538463593, -0.20520485937595367], [0.1761128008365631, 0.5072216987609863, -0.8436291813850403, -0.7696957588195801], [0.0, 0.0, 0.0, 1.0]]}, "finger3joint3": {"matrix": [[-0.042232926934957504, -0.37408584356307983, -0.9264318943023682, -2.0725059509277344], [-0.9393250942230225, 0.3308047354221344, -0.09075558185577393, -0.09584971517324448], [0.3404183089733124, 0.8663878440856934, -0.3653589189052582, -0.4414826035499573], [0.0, 0.0, 0.0, 1.0]]}, "Bone.003": {"matrix": [[0.5645754337310791, 0.2808687090873718, 0.7761233448982239, -0.8176743388175964], [-0.7227174043655396, 0.6224043965339661, 0.3004865348339081, 0.11283224821090698], [-0.3986653983592987, -0.7305650115013123, 0.5543829202651978, 0.19273215532302856], [0.0, 0.0, 0.0, 1.0]]}, "finger4joint1": {"matrix": [[-0.14090614020824432, -0.8626702427864075, 0.4857420325279236, -0.6972885727882385], [-0.990000307559967, 0.11946899443864822, -0.07500849664211273, 0.37960684299468994], [0.0066763851791620255, -0.4914538562297821, -0.8708776831626892, -0.12040221691131592], [0.0, 0.0, 0.0, 1.0]]}, "finger4joint2": {"matrix": [[-0.15123818814754486, -0.9346861243247986, -0.32169654965400696, -1.554229736328125], [-0.9882652759552002, 0.13592323660850525, 0.06968650221824646, 0.49828243255615234], [-0.021409064531326294, 0.32846084237098694, -0.9442746043205261, -0.6085922718048096], [0.0, 0.0, 0.0, 1.0]]}, "finger4joint3": {"matrix": [[-0.06829584389925003, -0.6044300198554993, -0.7937252521514893, -1.944052815437317], [-0.9970569610595703, 0.013582244515419006, 0.07544846087694168, 0.5549709796905518], [-0.034822843968868256, 0.7965421676635742, -0.6035788059234619, -0.47160351276397705], [0.0, 0.0, 0.0, 1.0]]}}