{"root": {"matrix": [[0.34063631296157837, -0.9272972941398621, 0.15519873797893524, 0.0], [0.33027079701423645, -0.036534085869789124, -0.9431788921356201, -3.725290298461914e-09], [0.8802773356437683, 0.37253859639167786, 0.2938143014907837, 0.0], [0.0, 0.0, 0.0, 1.0]]}, "carpals": {"matrix": [[-0.3183234930038452, -0.3917890787124634, -0.8632330298423767, -0.15476197004318237], [0.9397789835929871, -0.24995432794094086, -0.23310551047325134, 0.8171766996383667], [-0.12444049119949341, -0.8854511976242065, 0.44776150584220886, 2.322338581085205], [0.0, 0.0, 0.0, 1.0]]}, "metacarpals": {"matrix": [[-0.5340880155563354, -0.5803160667419434, -0.6148031949996948, -0.5363622903823853], [0.8403649926185608, -0.44388455152511597, -0.3110516369342804, 0.573722779750824], [-0.09239322692155838, -0.6827880144119263, 0.7247506976127625, 1.4599144458770752], [0.0, 0.0, 0.0, 1.0]]}, "finger5joint1": {"matrix": [[-0.5046607255935669, -0.7257823348045349, -0.46750110387802124, -0.5209065675735474], [0.8571085333824158, -0.48604193329811096, -0.17066988348960876, 0.3009127974510193], [-0.103355772793293, -0.4868295192718506, 0.8673604726791382, 0.7883411645889282], [0.0, 0.0, 0.0, 1.0]]}, "finger5joint2": {"matrix": [[-0.33968788385391235, -0.8494589328765869, 0.40377089381217957, -1.2875304222106934], [-0.15530209243297577, -0.3727470934391022, -0.9148446321487427, -0.21247979998588562], [0.9276275038719177, -0.37346798181533813, -0.005305306054651737, 0.2741166651248932], [0.0, 0.0, 0.0, 1.0]]}, "finger5joint3": {"matrix": [[-0.43921777606010437, -0.8711339831352234, 0.21957388520240784, -1.8713932037353516], [-0.13881921768188477, -0.17566493153572083, -0.9746131300926208, -0.4686819911003113], [0.8875901699066162, -0.4585483968257904, -0.04377515986561775, 0.01741902530193329], [0.0, 0.0, 0.0, 1.0]]}, "Bone": {"matrix": [[0.5407450795173645, -0.5182176828384399, -0.6626046299934387, -1.442396640777588], [0.5930593609809875, 0.7934882044792175, -0.13659070432186127, -0.11930429935455322], [0.5965526700019836, -0.3191030025482178, 0.7364087104797363, 0.393892765045166], [0.0, 0.0, 0.0, 1.0]]}, "finger1joint1": {"matrix": [[-0.19590243697166443, -0.4982844889163971, -0.8445913195610046, -1.8736510276794434], [0.8227322697639465, 0.3851477801799774, -0.41805821657180786, 0.5410268306732178], [0.5336045026779175, -0.776771068572998, 0.3345034122467041, 0.12833914160728455], [0.0, 0.0, 0.0, 1.0]]}, "finger1joint2": {"matrix": [[0.08054696768522263, -0.21649889647960663, -0.9729543924331665, -2.15527081489563], [0.9030789732933044, 0.4289757311344147, -0.020692095160484314, 0.7587039470672607], [0.4218536615371704, -0.876987874507904, 0.2300683856010437, -0.3106750249862671], [0.0, 0.0, 0.0, 1.0]]}, "finger1joint3": {"matrix": [[-0.010512962006032467, 0.2255745530128479, -0.9741690754890442, -2.248080253601074], [0.8799915313720703, 0.4647449553012848, 0.09811782091856003, 0.942598819732666], [0.4748731255531311, -0.8562288880348206, -0.20338939130306244, -0.6866252422332764], [0.0, 0.0, 0.0, 1.0]]}, "Bone.001": {"matrix": [[0.2514020502567291, -0.8687043786048889, -0.42678964138031006, -1.442396640777588], [0.8060259222984314, 0.4320254325866699, -0.4045689105987549, -0.11930426955223083], [0.5358348488807678, -0.24229395389556885, 0.8088103532791138, 0.393892765045166], [0.0, 0.0, 0.0, 1.0]]}, "finger2joint1": {"matrix": [[-0.4439100921154022, -0.8682674169540405, -0.22148412466049194, -1.9930541515350342], [0.8957880735397339, -0.43621310591697693, -0.08533239364624023, 0.15454959869384766], [-0.022522801533341408, -0.23628270626068115, 0.9714230298995972, 0.24030658602714539], [0.0, 0.0, 0.0, 1.0]]}, "finger2joint2": {"matrix": [[-0.49823471903800964, 0.39823704957962036, -0.7701747417449951, -2.744235038757324], [0.8567070960998535, 0.08937182277441025, -0.5080015659332275, -0.22283969819545746], [-0.1334729790687561, -0.9129181504249573, -0.3857005536556244, 0.03588688373565674], [0.0, 0.0, 0.0, 1.0]]}, "finger2joint3": {"matrix": [[-0.3784462511539459, 0.8460854887962341, 0.3753896951675415, -2.59305739402771], [0.9032456278800964, 0.4262000620365143, -0.050006214529275894, -0.18891268968582153], [-0.2023005187511444, 0.3201443552970886, -0.9255169630050659, -0.310671865940094], [0.0, 0.0, 0.0, 1.0]]}, "Bone.002": {"matrix": [[-0.41883373260498047, -0.8427668213844299, -0.3381156325340271, -1.442396640777588], [0.885233998298645, -0.2959778606891632, -0.35882845520973206, -0.11930424720048904], [0.20233413577079773, -0.44960078597068787, 0.8700113296508789, 0.393892765045166], [0.0, 0.0, 0.0, 1.0]]}, "finger3joint1": {"matrix": [[-0.08447889983654022, -0.8934282064437866, -0.441190630197525, -1.7976312637329102], [0.9486823081970215, 0.06329687684774399, -0.30983150005340576, -0.2440619170665741], [0.30473828315734863, -0.4447237253189087, 0.8422321677207947, 0.20438151061534882], [0.0, 0.0, 0.0, 1.0]]}, "finger3joint2": {"matrix": [[-0.2075076848268509, 0.19842730462551117, -0.9578971862792969, -2.581329822540283], [0.9580520987510681, 0.23909929394721985, -0.1580120325088501, -0.1885390430688858], [0.19767877459526062, -0.950503945350647, -0.23971840739250183, -0.18572193384170532], [0.0, 0.0, 0.0, 1.0]]}, "finger3joint3": {"matrix": [[-0.03336453437805176, 0.7948715686798096, -0.6058595180511475, -2.4529318809509277], [0.9816461801528931, 0.1399519145488739, 0.12955424189567566, -0.03382259979844093], [0.187770277261734, -0.5904173254966736, -0.7849518656730652, -0.800774335861206], [0.0, 0.0, 0.0, 1.0]]}, "Bone.003": {"matrix": [[-0.8950966596603394, -0.23028884828090668, 0.38179677724838257, -1.442396640777588], [0.24557024240493774, -0.9693374633789062, -0.008953658863902092, -0.11930426955223083], [0.3721519708633423, 0.08574346452951431, 0.9242027401924133, 0.393892765045166], [0.0, 0.0, 0.0, 1.0]]}, "finger4joint1": {"matrix": [[-0.527377188205719, -0.6148625612258911, -0.5863589644432068, -1.5411028861999512], [0.8446727991104126, -0.45387670397758484, -0.2837670147418976, -0.5347810983657837], [-0.09165677428245544, -0.6449337601661682, 0.7587220072746277, 0.43064409494400024], [0.0, 0.0, 0.0, 1.0]]}, "finger4joint2": {"matrix": [[-0.5525575280189514, -0.2266548126935959, -0.8020644187927246, -2.1518821716308594], [0.8284093737602234, -0.2552804946899414, -0.49856752157211304, -0.9856436848640442], [-0.09174846857786179, -0.939924955368042, 0.32882028818130493, -0.2100066840648651], [0.0, 0.0, 0.0, 1.0]]}, "finger4joint3": {"matrix": [[-0.5200117826461792, 0.06472792476415634, -0.8517027497291565, -2.2464113235473633], [0.8539671301841736, 0.01826881617307663, -0.5200059413909912, -1.0921117067337036], [-0.018099095672369003, -0.9977354407310486, -0.06477539241313934, -0.6020144820213318], [0.0, 0.0, 0.0, 1.0]]}}