{"root": {"matrix": [[0.15396885573863983, -0.437194287776947, -0.886089563369751, 0.0], [-0.9560564160346985, 0.16052760183811188, -0.2453303337097168, 0.0], [0.24949878454208374, 0.8849248886108398, -0.3932661712169647, 0.0], [0.0, 0.0, 0.0, 1.0]]}, "carpals": {"matrix": [[0.7274234890937805, -0.5195507407188416, 0.4482431709766388, 0.019883424043655396], [-0.17035607993602753, 0.4960477948188782, 0.8514193892478943, -1.9773881435394287], [-0.6647056937217712, -0.6957035064697266, 0.27232831716537476, 1.4746272563934326], [0.0, 0.0, 0.0, 1.0]]}, "metacarpals": {"matrix": [[-0.360217809677124, -0.26086777448654175, 0.8956511616706848, -0.48615583777427673], [-0.7551839351654053, 0.6452028751373291, -0.11580195277929306, -1.4942405223846436], [-0.5476678609848022, -0.7180953621864319, -0.42941680550575256, 0.7970162630081177], [0.0, 0.0, 0.0, 1.0]]}, "finger5joint1": {"matrix": [[-0.03683612123131752, -0.5985276103019714, 0.8002547025680542, -0.9402610063552856], [-0.9672378897666931, 0.22263872623443604, 0.12199371308088303, -0.9458969831466675], [-0.2511844336986542, -0.7695429921150208, -0.5871198177337646, 0.6599662899971008], [0.0, 0.0, 0.0, 1.0]]}, "finger5joint2": {"matrix": [[0.8246749639511108, -0.5654700398445129, 0.012424987740814686, -1.5724689960479736], [0.1465539038181305, 0.23484693467617035, 0.9609205722808838, -0.7107298970222473], [-0.5462899804115295, -0.7906262874603271, 0.27654433250427246, -0.15288060903549194], [0.0, 0.0, 0.0, 1.0]]}, "finger5joint3": {"matrix": [[0.7663435339927673, -0.6389071345329285, -0.06719205528497696, -1.9611365795135498], [0.1147121712565422, 0.03317825868725777, 0.9928442239761353, -0.5493113398551941], [-0.6321061849594116, -0.768567681312561, 0.09871645271778107, -0.6963057518005371], [0.0, 0.0, 0.0, 1.0]]}, "Bone": {"matrix": [[0.12540364265441895, -0.5367682576179504, 0.8343582153320312, -0.8934428095817566], [-0.7419743537902832, -0.6090261340141296, -0.28028690814971924, -0.4868996739387512], [0.658595085144043, -0.5839236378669739, -0.4746425151824951, -0.3241298496723175], [0.0, 0.0, 0.0, 1.0]]}, "finger1joint1": {"matrix": [[0.08937860280275345, -0.9957674741744995, 0.02141324058175087, -1.340134859085083], [-0.9555785059928894, -0.07966907322406769, 0.28376415371894836, -0.9937236309051514], [-0.2808573246002197, -0.045824527740478516, -0.9586548209190369, -0.810063898563385], [0.0, 0.0, 0.0, 1.0]]}, "finger1joint2": {"matrix": [[0.09851288795471191, -0.6597886085510254, -0.7449658513069153, -1.9029209613800049], [-0.9948133826255798, -0.046245772391557693, -0.09059394150972366, -1.0387510061264038], [0.025321215391159058, 0.7500268220901489, -0.6609224677085876, -0.8359630107879639], [0.0, 0.0, 0.0, 1.0]]}, "finger1joint3": {"matrix": [[0.04670048877596855, -0.0987417995929718, -0.9940166473388672, -2.1857614517211914], [-0.9965037107467651, -0.07361704111099243, -0.039504390209913254, -1.0585757493972778], [-0.06927596032619476, 0.9923862218856812, -0.10183457285165787, -0.514438807964325], [0.0, 0.0, 0.0, 1.0]]}, "Bone.001": {"matrix": [[0.033873774111270905, -0.2298995405435562, 0.9726245999336243, -0.8934428691864014], [-0.9318088293075562, -0.3591407239437103, -0.05243804305791855, -0.4868996739387512], [0.36136460304260254, -0.9045241475105286, -0.22638793289661407, -0.3241298794746399], [0.0, 0.0, 0.0, 1.0]]}, "finger2joint1": {"matrix": [[-0.34411776065826416, -0.6069122552871704, 0.7164078950881958, -1.0391724109649658], [-0.82732754945755, 0.5567851066589355, 0.07428941130638123, -0.7145531177520752], [-0.4439725875854492, -0.567139744758606, -0.6937150359153748, -0.8974929451942444], [0.0, 0.0, 0.0, 1.0]]}, "finger2joint2": {"matrix": [[-0.46231842041015625, -0.8772338032722473, 0.12931494414806366, -1.5642420053482056], [-0.776897132396698, 0.4710288941860199, 0.4178062975406647, -0.232851043343544], [-0.4274251163005829, 0.09269522875547409, -0.8992859125137329, -1.3881534337997437], [0.0, 0.0, 0.0, 1.0]]}, "finger2joint3": {"matrix": [[-0.5695767998695374, -0.6300367116928101, -0.527859628200531, -1.897254228591919], [-0.7519480586051941, 0.14009349048137665, 0.6441640853881836, -0.05404074117541313], [-0.33189746737480164, 0.7638241648674011, -0.5535489320755005, -1.3529646396636963], [0.0, 0.0, 0.0, 1.0]]}, "Bone.002": {"matrix": [[-0.1513284593820572, -0.07476262748241425, 0.9856521487236023, -0.8934428095817566], [-0.9173650145530701, 0.3820030987262726, -0.11186905205249786, -0.486899733543396], [-0.3681587278842926, -0.9211318492889404, -0.12639263272285461, -0.3241298794746399], [0.0, 0.0, 0.0, 1.0]]}, "finger3joint1": {"matrix": [[-0.32927483320236206, -0.8489816784858704, 0.4132894277572632, -0.9249560832977295], [-0.8167541027069092, 0.47571900486946106, 0.3265026807785034, -0.3258815407752991], [-0.47380462288856506, -0.2300466150045395, -0.8500515222549438, -0.7123962044715881], [0.0, 0.0, 0.0, 1.0]]}, "finger3joint2": {"matrix": [[-0.47515711188316345, -0.7205665707588196, -0.5049845576286316, -1.6696672439575195], [-0.7433003783226013, 0.021576113998889923, 0.668609619140625, 0.09141038358211517], [-0.47088226675987244, 0.6930499076843262, -0.5458494424819946, -0.9141888618469238], [0.0, 0.0, 0.0, 1.0]]}, "finger3joint3": {"matrix": [[-0.41862672567367554, -0.17916914820671082, -0.8903089165687561, -2.1359317302703857], [-0.8431521058082581, -0.2875521183013916, 0.45432156324386597, 0.1053718626499176], [-0.33741074800491333, 0.9408570528030396, -0.030689720064401627, -0.4657299518585205], [0.0, 0.0, 0.0, 1.0]]}, "Bone.003": {"matrix": [[0.39110273122787476, 0.572664737701416, 0.7204816937446594, -0.8934428691864014], [-0.476151704788208, 0.7958282232284546, -0.3740811347961426, -0.4868997037410736], [-0.7876027822494507, -0.19675439596176147, 0.5839259028434753, -0.3241299092769623], [0.0, 0.0, 0.0, 1.0]]}, "finger4joint1": {"matrix": [[-0.42677152156829834, -0.8180364370346069, 0.38559338450431824, -0.6479875445365906], [-0.6836857199668884, 0.5709347724914551, 0.45454031229019165, -0.14579224586486816], [-0.5919793248176575, -0.06963975727558136, -0.8029385805130005, -0.40846264362335205], [0.0, 0.0, 0.0, 1.0]]}, "finger4joint2": {"matrix": [[-0.4378858506679535, -0.898514986038208, -0.030438974499702454, -1.4605915546417236], [-0.66151362657547, 0.299087256193161, 0.687710702419281, 0.4213509261608124], [-0.608814537525177, 0.32127466797828674, -0.7253460884094238, -0.47763991355895996], [0.0, 0.0, 0.0, 1.0]]}, "finger4joint3": {"matrix": [[-0.3611881136894226, -0.8817339539527893, -0.30346018075942993, -1.8353288173675537], [-0.694075345993042, 0.03687860444188118, 0.7189568281173706, 0.5460891127586365], [-0.6227375268936157, 0.4703029990196228, -0.6253100037574768, -0.34364819526672363], [0.0, 0.0, 0.0, 1.0]]}}