{"root": {"matrix": [[0.4222090542316437, -0.36704641580581665, -0.828864574432373, 0.0], [-0.7620657682418823, 0.35145267844200134, -0.543816864490509, 0.0], [0.49091261625289917, 0.8612537384033203, -0.1313270479440689, 5.960464477539063e-08], [0.0, 0.0, 0.0, 1.0]]}, "carpals": {"matrix": [[0.5394999384880066, -0.8048765659332275, 0.2472113072872162, 0.6887299418449402], [0.024549493566155434, 0.3085170388221741, 0.9509017467498779, -1.3182449340820312], [-0.8416275382041931, -0.5069425702095032, 0.18620441854000092, 1.9679598808288574], [0.0, 0.0, 0.0, 1.0]]}, "metacarpals": {"matrix": [[-0.0576014518737793, -0.45714637637138367, 0.8875241875648499, -0.09521496295928955], [-0.8513972163200378, 0.4867437779903412, 0.19545544683933258, -1.0177512168884277], [-0.5213488340377808, -0.7443771362304688, -0.4172503650188446, 1.4742008447647095], [0.0, 0.0, 0.0, 1.0]]}, "finger5joint1": {"matrix": [[0.1723538041114807, -0.7307743430137634, 0.660502016544342, -0.711085855960846], [-0.8755849599838257, 0.19353245198726654, 0.44260114431381226, -0.6709945201873779], [-0.45127034187316895, -0.6546096801757812, -0.6064990162849426, 1.3125298023223877], [0.0, 0.0, 0.0, 1.0]]}, "finger5joint2": {"matrix": [[0.658254086971283, -0.6788126826286316, -0.3254449963569641, -1.4829825162887573], [0.4531014561653137, 0.012023324146866798, 0.8913775682449341, -0.4665715992450714], [-0.6011656522750854, -0.7342125177383423, 0.3154856860637665, 0.6210836172103882], [0.0, 0.0, 0.0, 1.0]]}, "finger5joint3": {"matrix": [[0.6089229583740234, -0.6688867211341858, -0.4263836145401001, -1.9495543241500854], [0.4024808704853058, -0.20266255736351013, 0.8927129507064819, -0.4583074748516083], [-0.6835359334945679, -0.7152047753334045, 0.14580844342708588, 0.11643362045288086], [0.0, 0.0, 0.0, 1.0]]}, "Bone": {"matrix": [[0.3660452663898468, -0.2736625671386719, 0.8894490003585815, -0.8089473247528076], [-0.6271767020225525, -0.7786561846733093, 0.018535109236836433, -0.257809042930603], [0.6875025629997253, -0.5646266341209412, -0.4566582441329956, 0.3120214343070984], [0.0, 0.0, 0.0, 1.0]]}, "finger1joint1": {"matrix": [[0.2634357213973999, -0.8600447177886963, 0.4369491934776306, -1.0366859436035156], [-0.9297611713409424, -0.10560363531112671, 0.35269200801849365, -0.9057971239089966], [-0.25718772411346436, -0.4991701543331146, -0.827455997467041, -0.1578538417816162], [0.0, 0.0, 0.0, 1.0]]}, "finger1joint2": {"matrix": [[0.13504274189472198, -0.9798175096511841, -0.14738094806671143, -1.5227645635604858], [-0.9906940460205078, -0.13097113370895386, -0.037035033106803894, -0.9654819965362549], [0.016984723508358, 0.15101073682308197, -0.9883860945701599, -0.43997400999069214], [0.0, 0.0, 0.0, 1.0]]}, "finger1joint3": {"matrix": [[0.15527793765068054, -0.7777858972549438, -0.6090466380119324, -1.9427963495254517], [-0.9838759303092957, -0.17715038359165192, -0.024610886350274086, -1.0216271877288818], [-0.08875106275081635, 0.6030478477478027, -0.7927523851394653, -0.37523818016052246], [0.0, 0.0, 0.0, 1.0]]}, "Bone.001": {"matrix": [[0.3540475070476532, -0.06845518201589584, 0.9327186346054077, -0.8089473843574524], [-0.8467816114425659, -0.44682344794273376, 0.28863316774368286, -0.2578090727329254], [0.39700207114219666, -0.8919991850852966, -0.21616332232952118, 0.31202149391174316], [0.0, 0.0, 0.0, 1.0]]}, "finger2joint1": {"matrix": [[-0.01972273178398609, -0.6603318452835083, 0.7507148385047913, -0.8523399233818054], [-0.9095255136489868, 0.32365232706069946, 0.2607909142971039, -0.5410431623458862], [-0.41517937183380127, -0.6776508688926697, -0.6069720983505249, -0.2534022331237793], [0.0, 0.0, 0.0, 1.0]]}, "finger2joint2": {"matrix": [[-0.14864760637283325, -0.8507081270217896, 0.5041818618774414, -1.4236253499984741], [-0.8967228531837463, 0.3308921158313751, 0.29393550753593445, -0.261035680770874], [-0.4168834388256073, -0.40841859579086304, -0.812035858631134, -0.8396711349487305], [0.0, 0.0, 0.0, 1.0]]}, "finger2joint3": {"matrix": [[-0.2896921634674072, -0.9498317837715149, 0.11788901686668396, -1.7465680837631226], [-0.8755055665969849, 0.3127412796020508, 0.3683507740497589, -0.13542361557483673], [-0.3867402970790863, 0.0034959244076162577, -0.9221819043159485, -0.994713544845581], [0.0, 0.0, 0.0, 1.0]]}, "Bone.002": {"matrix": [[0.19131895899772644, -0.1855965554714203, 0.9638209939002991, -0.8089473843574524], [-0.9229352474212646, 0.3001770079135895, 0.24100619554519653, -0.2578090727329254], [-0.33404701948165894, -0.9356534481048584, -0.11386407166719437, 0.31202149391174316], [0.0, 0.0, 0.0, 1.0]]}, "finger3joint1": {"matrix": [[-0.0032511812169104815, -0.6355428099632263, 0.7720587849617004, -0.8871781826019287], [-0.8986271023750305, 0.3405633866786957, 0.27656054496765137, -0.13128146529197693], [-0.43870124220848083, -0.6928936839103699, -0.5722231864929199, -0.08236581087112427], [0.0, 0.0, 0.0, 1.0]]}, "finger3joint2": {"matrix": [[-0.13365177810192108, -0.9081974625587463, -0.3966289758682251, -1.444664478302002], [-0.8435147404670715, -0.10583370178937912, 0.5265756845474243, 0.16745445132255554], [-0.5202115178108215, 0.4049402177333832, -0.7519329786300659, -0.6901593804359436], [0.0, 0.0, 0.0, 1.0]]}, "finger3joint3": {"matrix": [[-0.10994211584329605, -0.49741873145103455, -0.8605157136917114, -2.032341241836548], [-0.9242504239082336, -0.2673029899597168, 0.2725988030433655, 0.09897156059741974], [-0.3656143546104431, 0.8253021240234375, -0.4303514361381531, -0.42813053727149963], [0.0, 0.0, 0.0, 1.0]]}, "Bone.003": {"matrix": [[0.5510884523391724, 0.25767770409584045, 0.7936647534370422, -0.8089473843574524], [-0.3320034146308899, 0.9403108358383179, -0.0747593343257904, -0.2578091025352478], [-0.7655554413795471, -0.22230027616024017, 0.603744387626648, 0.3120214641094208], [0.0, 0.0, 0.0, 1.0]]}, "finger4joint1": {"matrix": [[-0.10448064655065536, -0.7179981470108032, 0.6881586313247681, -0.6985016465187073], [-0.8183224201202393, 0.4552936851978302, 0.35079285502433777, 0.14522641897201538], [-0.5651831030845642, -0.526484489440918, -0.6351233720779419, 0.2167392373085022], [0.0, 0.0, 0.0, 1.0]]}, "finger4joint2": {"matrix": [[-0.10760403424501419, -0.9924509525299072, 0.05884093418717384, -1.4117317199707031], [-0.8007440567016602, 0.12159348279237747, 0.5865350961685181, 0.597496509552002], [-0.5892621278762817, 0.01599709689617157, -0.8077832460403442, -0.30624887347221375], [0.0, 0.0, 0.0, 1.0]]}, "finger4joint3": {"matrix": [[-0.02558237873017788, -0.906620979309082, -0.4211694002151489, -1.825646162033081], [-0.8165745139122009, -0.22408419847488403, 0.5319696664810181, 0.6482086181640625], [-0.5766724348068237, 0.35752537846565247, -0.7345910668373108, -0.29957711696624756], [0.0, 0.0, 0.0, 1.0]]}}