{"root": {"matrix": [[0.7620822191238403, -0.5327706336975098, 0.36794859170913696, 0.0], [0.4234459698200226, 0.8400010466575623, 0.3392517864704132, -5.960464477539063e-08], [-0.48982056975364685, -0.10273133218288422, 0.8657494187355042, 0.0], [0.0, 0.0, 0.0, 1.0]]}, "carpals": {"matrix": [[0.3129674196243286, -0.7135751247406006, -0.6267867088317871, 1.160577416419983], [-0.527474045753479, -0.6793957948684692, 0.5100904107093811, 1.7416778802871704], [-0.7898243069648743, 0.17097201943397522, -0.5890212059020996, -1.3056045770645142], [0.0, 0.0, 0.0, 1.0]]}, "metacarpals": {"matrix": [[0.2037232667207718, -0.9783846735954285, -0.035495009273290634, 0.4655594825744629], [-0.9487928748130798, -0.2062423825263977, 0.23928199708461761, 1.0799504518508911], [-0.2414305955171585, -0.015069900080561638, -0.9703010320663452, -1.1390788555145264], [0.0, 0.0, 0.0, 1.0]]}, "finger5joint1": {"matrix": [[-0.1921948939561844, -0.9800295829772949, 0.05101737380027771, -0.11391949653625488], [-0.9523369073867798, 0.19880834221839905, 0.23136429488658905, 1.0303020477294922], [-0.23688669502735138, -0.004118626471608877, -0.9715285301208496, -0.7061657309532166], [0.0, 0.0, 0.0, 1.0]]}, "finger5joint2": {"matrix": [[0.2615107595920563, -0.9593546390533447, -0.10606543719768524, -1.1490976810455322], [0.2692561745643616, -0.03301655501127243, 0.9625022411346436, 1.2402976751327515], [-0.9268833994865417, -0.2802635729312897, 0.24967825412750244, -0.7105160355567932], [0.0, 0.0, 0.0, 1.0]]}, "finger5joint3": {"matrix": [[0.17624878883361816, -0.9307931661605835, -0.3202492892742157, -1.8084958791732788], [0.21159809827804565, -0.2819105088710785, 0.9358163475990295, 1.2176042795181274], [-0.9613335132598877, -0.23270075023174286, 0.1472678929567337, -0.9031510949134827], [0.0, 0.0, 0.0, 1.0]]}, "Bone": {"matrix": [[0.9975643157958984, 0.041103020310401917, 0.05635198578238487, -1.061970591545105], [0.03622905910015106, -0.9957271814346313, 0.08493868261575699, 0.7579488754272461], [0.05960242822766304, -0.08269037306308746, -0.9947913289070129, -1.1626070737838745], [0.0, 0.0, 0.0, 1.0]]}, "finger1joint1": {"matrix": [[0.35770586133003235, -0.9338316917419434, -0.002101917751133442, -1.0277652740478516], [-0.8910055160522461, -0.341973215341568, 0.2986021637916565, -0.07068301737308502], [-0.27956315875053406, -0.10493893176317215, -0.9543752670288086, -1.2314211130142212], [0.0, 0.0, 0.0, 1.0]]}, "finger1joint2": {"matrix": [[0.35996586084365845, -0.9165381789207458, -0.17430420219898224, -1.555546522140503], [-0.932590901851654, -0.3481924831867218, -0.09505826979875565, -0.2639588713645935], [0.02643304504454136, 0.19677232205867767, -0.9800928235054016, -1.2907302379608154], [0.0, 0.0, 0.0, 1.0]]}, "finger1joint3": {"matrix": [[0.37384432554244995, -0.7243298292160034, -0.5792980790138245, -1.9484516382217407], [-0.9240178465843201, -0.344868004322052, -0.1650971621274948, -0.4132232964038849], [-0.08019667863845825, 0.5970025658607483, -0.7982208132743835, -1.2063772678375244], [0.0, 0.0, 0.0, 1.0]]}, "Bone.001": {"matrix": [[0.9518957734107971, -0.3023715019226074, 0.04965304955840111, -1.061970591545105], [-0.29301899671554565, -0.8508322834968567, 0.43614664673805237, 0.7579488754272461], [-0.08963198959827423, -0.42971566319465637, -0.8985045552253723, -1.1626070737838745], [0.0, 0.0, 0.0, 1.0]]}, "finger2joint1": {"matrix": [[0.7335377931594849, -0.5662298798561096, -0.3759062886238098, -1.2536389827728271], [-0.5558856725692749, -0.8180656433105469, 0.14751052856445312, 0.2186202108860016], [-0.391041100025177, 0.10075633227825165, -0.9148414731025696, -1.4349968433380127], [0.0, 0.0, 0.0, 1.0]]}, "finger2joint2": {"matrix": [[0.7109138369560242, -0.5785167813301086, -0.39989930391311646, -1.7435121536254883], [-0.638830304145813, -0.7689977884292603, -0.023193391039967537, -0.4891284108161926], [-0.29410412907600403, 0.27195629477500916, -0.9162654876708984, -1.347827672958374], [0.0, 0.0, 0.0, 1.0]]}, "finger2joint3": {"matrix": [[0.6727373003959656, -0.5470372438430786, -0.4981709122657776, -1.963126540184021], [-0.7181715965270996, -0.6447069048881531, -0.261881947517395, -0.7810526490211487], [-0.17791526019573212, 0.5339500904083252, -0.8265853524208069, -1.2445884943008423], [0.0, 0.0, 0.0, 1.0]]}, "Bone.002": {"matrix": [[0.4705566167831421, -0.8679907321929932, 0.1586446613073349, -1.061970591545105], [-0.8101058602333069, -0.35371896624565125, 0.46755874156951904, 0.7579488754272461], [-0.3497212529182434, -0.34853193163871765, -0.8696094155311584, -1.162607192993164], [0.0, 0.0, 0.0, 1.0]]}, "finger3joint1": {"matrix": [[0.435447096824646, -0.834560751914978, -0.3374815583229065, -1.4278374910354614], [-0.8602969646453857, -0.49618637561798096, 0.11699648946523666, 0.608852744102478], [-0.26509466767311096, 0.2393886297941208, -0.9340331554412842, -1.3095169067382812], [0.0, 0.0, 0.0, 1.0]]}, "finger3joint2": {"matrix": [[0.3107661008834839, -0.14836616814136505, -0.9388352632522583, -2.1598987579345703], [-0.931814968585968, -0.24237506091594696, -0.27013900876045227, 0.1736072152853012], [-0.1874709576368332, 0.9587709307670593, -0.21357184648513794, -1.099529504776001], [0.0, 0.0, 0.0, 1.0]]}, "finger3joint3": {"matrix": [[0.4564695954322815, 0.18939124047756195, -0.8693481087684631, -2.255903720855713], [-0.8839783668518066, -0.014470452442765236, -0.46730369329452515, 0.016771094873547554], [-0.10108324885368347, 0.9817951321601868, 0.16081243753433228, -0.47912779450416565], [0.0, 0.0, 0.0, 1.0]]}, "Bone.003": {"matrix": [[-0.04692041873931885, -0.6548888683319092, 0.7542670965194702, -1.0619707107543945], [-0.471060574054718, 0.6803702712059021, 0.5614250302314758, 0.7579488754272461], [-0.8808521032333374, -0.32896319031715393, -0.34041568636894226, -1.1626070737838745], [0.0, 0.0, 0.0, 1.0]]}, "finger4joint1": {"matrix": [[0.19804753363132477, -0.8682302236557007, -0.4549207389354706, -1.3426686525344849], [-0.9511516690254211, -0.28236427903175354, 0.12482213228940964, 1.049568772315979], [-0.23682790994644165, 0.4079781472682953, -0.8817404508590698, -1.3036072254180908], [0.0, 0.0, 0.0, 1.0]]}, "finger4joint2": {"matrix": [[0.16927136480808258, -0.27275094389915466, -0.9470763206481934, -2.2051329612731934], [-0.9547865986824036, -0.28367093205451965, -0.08895409852266312, 0.7690796852111816], [-0.2443958818912506, 0.9193135499954224, -0.30843639373779297, -0.8983383178710938], [0.0, 0.0, 0.0, 1.0]]}, "finger4joint3": {"matrix": [[0.20519447326660156, 0.3521897494792938, -0.9131577610969543, -2.318887233734131], [-0.9264978766441345, -0.23080013692378998, -0.29720768332481384, 0.6507710814476013], [-0.315430611371994, 0.9070245027542114, 0.2789442837238312, -0.5149267911911011], [0.0, 0.0, 0.0, 1.0]]}}