{"root": {"matrix": [[0.7271077632904053, -0.6004394888877869, 0.332846462726593, 0.0], [0.5552432537078857, 0.7994650602340698, 0.22926101088523865, -5.960464477539063e-08], [-0.40375640988349915, 0.018113356083631516, 0.9146872162818909, 0.0], [0.0, 0.0, 0.0, 1.0]]}, "carpals": {"matrix": [[0.30471712350845337, -0.6684662103652954, -0.6784541606903076, 1.019194483757019], [-0.3161778748035431, -0.7429307699203491, 0.5899873971939087, 2.012422561645508], [-0.8984313607215881, 0.03473292291164398, -0.4377380311489105, -0.9981898665428162], [0.0, 0.0, 0.0, 1.0]]}, "metacarpals": {"matrix": [[0.17274847626686096, -0.9669495224952698, -0.18752647936344147, 0.3681124448776245], [-0.8425418734550476, -0.24368104338645935, 0.4803565442562103, 1.2888123989105225], [-0.5101774334907532, 0.07501810044050217, -0.8567912578582764, -0.964360237121582], [0.0, 0.0, 0.0, 1.0]]}, "finger5joint1": {"matrix": [[-0.3064191937446594, -0.9313808679580688, -0.19656187295913696, -0.13686519861221313], [-0.8533393740653992, 0.17727117240428925, 0.4902922809123993, 1.0999853610992432], [-0.421804279088974, 0.3179691433906555, -0.8491034507751465, -0.479574978351593], [0.0, 0.0, 0.0, 1.0]]}, "finger5joint2": {"matrix": [[-0.03622043877840042, -0.9979851841926575, -0.05208471789956093, -1.120656967163086], [0.5154128670692444, -0.06330740451812744, 0.8546000719070435, 1.2872318029403687], [-0.85617595911026, 0.00410888297483325, 0.5166677832603455, -0.14371299743652344], [0.0, 0.0, 0.0, 1.0]]}, "finger5joint3": {"matrix": [[-0.12630686163902283, -0.9356092214584351, -0.32966819405555725, -1.8066072463989258], [0.459417462348938, -0.34971246123313904, 0.8164779543876648, 1.2437185049057007], [-0.8791937828063965, -0.048328593373298645, 0.47400665283203125, -0.14088883996009827], [0.0, 0.0, 0.0, 1.0]]}, "Bone": {"matrix": [[0.9943810105323792, 0.03711150214076042, -0.09913981705904007, -1.1415642499923706], [0.06910638511180878, -0.9370139241218567, 0.3423871397972107, 0.9083586931228638], [-0.08018895238637924, -0.34731465578079224, -0.9343137741088867, -0.8472360968589783], [0.0, 0.0, 0.0, 1.0]]}, "finger1joint1": {"matrix": [[0.4236314594745636, -0.8977482914924622, -0.12076408416032791, -1.1106805801391602], [-0.7093883156776428, -0.411702424287796, 0.5720743536949158, 0.1285872608423233], [-0.5632978677749634, -0.15668007731437683, -0.8112624883651733, -1.136267066001892], [0.0, 0.0, 0.0, 1.0]]}, "finger1joint2": {"matrix": [[0.45815375447273254, -0.8524977564811707, -0.25167906284332275, -1.6180684566497803], [-0.8414999842643738, -0.5071882009506226, 0.186112180352211, -0.10409803688526154], [-0.28630900382995605, 0.12651999294757843, -0.9497472643852234, -1.224819302558899], [0.0, 0.0, 0.0, 1.0]]}, "finger1joint3": {"matrix": [[0.46127554774284363, -0.6261060237884521, -0.6286618113517761, -1.983520269393921], [-0.7991488575935364, -0.6010094285011292, 0.012197311036288738, -0.3215212821960449], [-0.3854686915874481, 0.49676814675331116, -0.7775830030441284, -1.1705822944641113], [0.0, 0.0, 0.0, 1.0]]}, "Bone.001": {"matrix": [[0.9292382001876831, -0.35728806257247925, -0.09413349628448486, -1.141564130783081], [-0.21210341155529022, -0.7244452834129333, 0.6558893322944641, 0.9083586931228638], [-0.30253615975379944, -0.5895116329193115, -0.7489644885063171, -0.847236156463623], [0.0, 0.0, 0.0, 1.0]]}, "finger2joint1": {"matrix": [[0.3713085949420929, -0.5953351259231567, -0.7125345468521118, -1.3680434226989746], [-0.7470123171806335, -0.6473038196563721, 0.15155856311321259, 0.44914472103118896], [-0.5514547228813171, 0.47599726915359497, -0.6850723624229431, -1.2209179401397705], [0.0, 0.0, 0.0, 1.0]]}, "finger2joint2": {"matrix": [[0.38020190596580505, -0.4790298640727997, -0.7911867499351501, -1.8830969333648682], [-0.8132844567298889, -0.5805352330207825, -0.03933131694793701, -0.11086952686309814], [-0.44047117233276367, 0.658413827419281, -0.6103083491325378, -0.8091093897819519], [0.0, 0.0, 0.0, 1.0]]}, "finger2joint3": {"matrix": [[0.39191314578056335, -0.30282092094421387, -0.8687365055084229, -2.0649445056915283], [-0.8677138090133667, -0.43547385931015015, -0.23965580761432648, -0.3312501907348633], [-0.3057394325733185, 0.8477391600608826, -0.4334299862384796, -0.5591646432876587], [0.0, 0.0, 0.0, 1.0]]}, "Bone.002": {"matrix": [[0.418290376663208, -0.9081403017044067, 0.017719080671668053, -1.141564130783081], [-0.6674508452415466, -0.29408013820648193, 0.6841242909431458, 0.9083586931228638], [-0.6160702705383301, -0.29798924922943115, -0.729150116443634, -0.847236156463623], [0.0, 0.0, 0.0, 1.0]]}, "finger3joint1": {"matrix": [[0.378755658864975, -0.9005444645881653, -0.21345610916614532, -1.524354338645935], [-0.7629202604293823, -0.4343692362308502, 0.47882768511772156, 0.7844009399414062], [-0.5239246487617493, -0.018508661538362503, -0.8515635132789612, -0.9728416204452515], [0.0, 0.0, 0.0, 1.0]]}, "finger3joint2": {"matrix": [[0.23958627879619598, -0.0645747110247612, -0.9687250852584839, -2.3142952919006348], [-0.8399993181228638, -0.514106810092926, -0.1734793335199356, 0.40338027477264404], [-0.4868260324001312, 0.8552919030189514, -0.17741568386554718, -0.989077091217041], [0.0, 0.0, 0.0, 1.0]]}, "finger3joint3": {"matrix": [[0.39557603001594543, 0.4969576597213745, -0.7723680138587952, -2.3560805320739746], [-0.8233214020729065, -0.18080604076385498, -0.5380063652992249, 0.0707118809223175], [-0.4070154130458832, 0.8487297892570496, 0.3376334607601166, -0.4356345534324646], [0.0, 0.0, 0.0, 1.0]]}, "Bone.003": {"matrix": [[-0.17832453548908234, -0.7042545080184937, 0.6871868371963501, -1.141564130783081], [-0.22857269644737244, 0.7089250087738037, 0.6672179102897644, 0.908358633518219], [-0.9570553302764893, -0.03809076547622681, -0.28739219903945923, -0.847236156463623], [0.0, 0.0, 0.0, 1.0]]}, "finger4joint1": {"matrix": [[0.20399978756904602, -0.9557317495346069, -0.21203859150409698, -1.4434213638305664], [-0.8361526131629944, -0.2827499508857727, 0.4700009822845459, 1.2122176885604858], [-0.5091490745544434, 0.08141667395830154, -0.8568187952041626, -0.8635626435279846], [0.0, 0.0, 0.0, 1.0]]}, "finger4joint2": {"matrix": [[0.17790524661540985, -0.06703688204288483, -0.9817612767219543, -2.392806053161621], [-0.8331825733184814, -0.5411126017570496, -0.11403264850378036, 0.9313454627990723], [-0.5235992670059204, 0.838273823261261, -0.1521207094192505, -0.7826865911483765], [0.0, 0.0, 0.0, 1.0]]}, "finger4joint3": {"matrix": [[0.19720475375652313, 0.6125524044036865, -0.7654340267181396, -2.420764684677124], [-0.7835608720779419, -0.37075015902519226, -0.4985741674900055, 0.7056674957275391], [-0.5891878604888916, 0.698085606098175, 0.4068586826324463, -0.4330737292766571], [0.0, 0.0, 0.0, 1.0]]}}