{"root": {"matrix": [[0.5264924168586731, -0.2647450268268585, -0.807908296585083, -2.9802322387695312e-08], [-0.8482903838157654, -0.22690382599830627, -0.47845378518104553, 1.4901161193847656e-08], [-0.05664927512407303, 0.9372431039810181, -0.3440438508987427, 5.960464477539063e-08], [0.0, 0.0, 0.0, 1.0]]}, "carpals": {"matrix": [[0.5232554078102112, -0.8520627021789551, 0.013886147178709507, 1.0223422050476074], [0.6419341564178467, 0.4048268795013428, 0.6511799693107605, -2.086693048477173], [-0.5604677200317383, -0.3318195044994354, 0.7587960958480835, 0.8279575109481812], [0.0, 0.0, 0.0, 1.0]]}, "metacarpals": {"matrix": [[0.07345165312290192, -0.711402952671051, 0.6989352703094482, 0.1924382448196411], [-0.02704107202589512, 0.6991499066352844, 0.7144632339477539, -1.6923940181732178], [-0.9969320297241211, -0.07137848436832428, 0.03211662918329239, 0.5047673583030701], [0.0, 0.0, 0.0, 1.0]]}, "finger5joint1": {"matrix": [[0.06171021983027458, -0.9535342454910278, 0.2948969006538391, -0.5139452219009399], [0.15204326808452606, 0.30099251866340637, 0.9414275884628296, -1.5825729370117188], [-0.9864453673362732, -0.013258576393127441, 0.16355283558368683, 0.625749409198761], [0.0, 0.0, 0.0, 1.0]]}, "finger5joint2": {"matrix": [[0.2147013545036316, -0.73903489112854, -0.638537585735321, -1.521136999130249], [0.9729567766189575, 0.21886862814426422, 0.07383036613464355, -1.2646428346633911], [0.08519268780946732, -0.6371210813522339, 0.7660408020019531, 0.61174476146698], [0.0, 0.0, 0.0, 1.0]]}, "finger5joint3": {"matrix": [[0.17959794402122498, -0.49758899211883545, -0.8486160635948181, -2.029101610183716], [0.9835935235023499, 0.07595588266849518, 0.16362692415714264, -1.1142067909240723], [-0.016961542889475822, -0.8640806674957275, 0.503067135810852, 0.1738291233778], [0.0, 0.0, 0.0, 1.0]]}, "Bone": {"matrix": [[0.6525205969810486, -0.15836739540100098, 0.7410374283790588, -0.9182592034339905], [-0.7528241276741028, -0.02392503246665001, 0.6577864289283752, -0.6008269190788269], [-0.08644257485866547, -0.9870902895927429, -0.1348343938589096, 0.3933257460594177], [0.0, 0.0, 0.0, 1.0]]}, "finger1joint1": {"matrix": [[0.46611836552619934, -0.7933312654495239, 0.39161089062690735, -1.0500506162643433], [-0.2173977792263031, 0.32636043429374695, 0.9199057221412659, -0.6207370758056641], [-0.8575964570045471, -0.5139204263687134, -0.020345868542790413, -0.42811861634254456], [0.0, 0.0, 0.0, 1.0]]}, "finger1joint2": {"matrix": [[0.3405299484729767, -0.9044426083564758, 0.2569490671157837, -1.4984244108200073], [-0.49363088607788086, 0.0606137253344059, 0.8675563931465149, -0.43628519773483276], [-0.8002297878265381, -0.42226704955101013, -0.4258200526237488, -0.7185752987861633], [0.0, 0.0, 0.0, 1.0]]}, "finger1joint3": {"matrix": [[0.3977520763874054, -0.898665726184845, -0.18491391837596893, -1.8861439228057861], [-0.40512263774871826, -0.3528561294078827, 0.8434262275695801, -0.4103010892868042], [-0.8232064843177795, -0.2605617940425873, -0.5044191479682922, -0.899594247341156], [0.0, 0.0, 0.0, 1.0]]}, "Bone.001": {"matrix": [[0.6430110335350037, -0.12088070064783096, 0.7562569379806519, -0.9182592630386353], [-0.633380651473999, 0.47118672728538513, 0.6138497591018677, -0.6008269190788269], [-0.43054085969924927, -0.8737108111381531, 0.22641479969024658, 0.39332571625709534], [0.0, 0.0, 0.0, 1.0]]}, "finger2joint1": {"matrix": [[0.5704732537269592, -0.5305018424987793, 0.6269990801811218, -0.9948834180831909], [-0.3425595760345459, 0.5401486754417419, 0.7686949372291565, -0.3021494150161743], [-0.746466875076294, -0.6533045768737793, 0.12641189992427826, -0.1605052947998047], [0.0, 0.0, 0.0, 1.0]]}, "finger2joint2": {"matrix": [[0.4597678482532501, -0.8390718698501587, 0.29081228375434875, -1.4538466930389404], [-0.3618747591972351, 0.12202975898981094, 0.9242050051689148, 0.165159672498703], [-0.8109623789787292, -0.5301573872566223, -0.24753360450267792, -0.7257110476493835], [0.0, 0.0, 0.0, 1.0]]}, "finger2joint3": {"matrix": [[0.33265796303749084, -0.8953143954277039, -0.296227365732193, -1.7723721265792847], [-0.42661330103874207, -0.42300793528556824, 0.7994153499603271, 0.2114841639995575], [-0.8410347104072571, -0.139557346701622, -0.5226700901985168, -0.9269675016403198], [0.0, 0.0, 0.0, 1.0]]}, "Bone.002": {"matrix": [[0.3646250069141388, -0.4431924521923065, 0.8189194202423096, -0.91825932264328], [-0.13502609729766846, 0.8450049161911011, 0.5174304246902466, -0.6008269190788269], [-0.9213123917579651, -0.2992435693740845, 0.24826741218566895, 0.3933257460594177], [0.0, 0.0, 0.0, 1.0]]}, "finger3joint1": {"matrix": [[0.33290329575538635, -0.35292720794677734, 0.8744242191314697, -1.1050693988800049], [-0.33130860328674316, 0.8244184255599976, 0.4588773846626282, -0.24464887380599976], [-0.8828420639038086, -0.44246605038642883, 0.15752378106117249, 0.2671915292739868], [0.0, 0.0, 0.0, 1.0]]}, "finger3joint2": {"matrix": [[0.23873423039913177, -0.9363802671432495, -0.2572895884513855, -1.4146506786346436], [-0.21433012187480927, -0.3092252314090729, 0.9265214800834656, 0.47851574420928955], [-0.9471370577812195, -0.16604743897914886, -0.27451711893081665, -0.120931476354599], [0.0, 0.0, 0.0, 1.0]]}, "finger3joint3": {"matrix": [[0.23184534907341003, -0.533706784248352, -0.8132679462432861, -2.020563840866089], [-0.3821597397327423, -0.8188004493713379, 0.42839163541793823, 0.27842217683792114], [-0.8945398926734924, 0.21147768199443817, -0.39379626512527466, -0.22837752103805542], [0.0, 0.0, 0.0, 1.0]]}, "Bone.003": {"matrix": [[0.4562877118587494, -0.05777324363589287, 0.8879548907279968, -0.9182592630386353], [0.6230266094207764, 0.7332198023796082, -0.2724449634552002, -0.6008269190788269], [-0.635326087474823, 0.6775328516960144, 0.37055349349975586, 0.39332571625709534], [0.0, 0.0, 0.0, 1.0]]}, "finger4joint1": {"matrix": [[0.35340067744255066, -0.552269458770752, 0.7550538182258606, -0.9430218935012817], [-0.329046368598938, 0.6821713447570801, 0.6529702544212341, -0.2865547239780426], [-0.875691831111908, -0.4792079031467438, 0.059357576072216034, 0.6837295293807983], [0.0, 0.0, 0.0, 1.0]]}, "finger4joint2": {"matrix": [[0.3551623225212097, -0.8194853067398071, 0.4497813880443573, -1.491623878479004], [-0.30065205693244934, 0.3554496765136719, 0.8850216269493103, 0.3910863995552063], [-0.8851370811462402, -0.44955408573150635, -0.12013760954141617, 0.20770400762557983], [0.0, 0.0, 0.0, 1.0]]}, "finger4joint3": {"matrix": [[0.4154358208179474, -0.8868502974510193, 0.20226086676120758, -1.8334007263183594], [-0.342072993516922, 0.05371679738163948, 0.9381363987922668, 0.5393312573432922], [-0.8428515195846558, -0.4589235186576843, -0.2810516655445099, 0.020211681723594666], [0.0, 0.0, 0.0, 1.0]]}}