{"root": {"matrix": [[0.7629266977310181, -0.460464745759964, 0.4537786841392517, -2.9802322387695312e-08], [0.35618263483047485, 0.8851636052131653, 0.2993648648262024, 0.0], [-0.5395153164863586, -0.06676528602838516, 0.8393244743347168, 0.0], [0.0, 0.0, 0.0, 1.0]]}, "carpals": {"matrix": [[0.1844879388809204, -0.7958124876022339, -0.5767549872398376, 1.2236117124557495], [-0.4732877016067505, -0.5862412452697754, 0.6575102210044861, 1.6382538080215454], [-0.8613726496696472, 0.15166831016540527, -0.484802782535553, -1.3798130750656128], [0.0, 0.0, 0.0, 1.0]]}, "metacarpals": {"matrix": [[0.08751603960990906, -0.9909502267837524, -0.10177537053823471, 0.44849514961242676], [-0.8820876479148865, -0.12456240504980087, 0.4543185830116272, 1.067258358001709], [-0.46288469433784485, 0.05001463368535042, -0.8850063681602478, -1.2320889234542847], [0.0, 0.0, 0.0, 1.0]]}, "finger5joint1": {"matrix": [[-0.1493520885705948, -0.9872052669525146, 0.05585028603672981, -0.09049880504608154], [-0.8864824771881104, 0.1587066799402237, 0.4346961975097656, 0.9640586376190186], [-0.4379984438419342, 0.01541253924369812, -0.8988435864448547, -0.7582638263702393], [0.0, 0.0, 0.0, 1.0]]}, "finger5joint2": {"matrix": [[0.23564384877681732, -0.9708685278892517, -0.043420132249593735, -1.133256435394287], [0.4640376567840576, 0.07314789295196533, 0.8827899098396301, 1.1316959857940674], [-0.8538972735404968, -0.2281726449728012, 0.46775680780410767, -0.7419840097427368], [0.0, 0.0, 0.0, 1.0]]}, "finger5joint3": {"matrix": [[0.14601047337055206, -0.951112687587738, -0.2721482515335083, -1.8005683422088623], [0.4195317327976227, -0.18960385024547577, 0.8877178430557251, 1.1819732189178467], [-0.8959205150604248, -0.24379105865955353, 0.3713381588459015, -0.8988150358200073], [0.0, 0.0, 0.0, 1.0]]}, "Bone": {"matrix": [[0.9975891709327698, -0.0634956806898117, -0.02799379825592041, -1.0986531972885132], [-0.052056971937417984, -0.9515218138694763, 0.30314362049102783, 0.8727818727493286], [-0.04588504135608673, -0.30095577239990234, -0.9525335431098938, -1.1540021896362305], [0.0, 0.0, 0.0, 1.0]]}, "finger1joint1": {"matrix": [[0.3290344178676605, -0.9096109867095947, -0.2536606788635254, -1.1514934301376343], [-0.7892615795135498, -0.4123798608779907, 0.4549822211265564, 0.08093716204166412], [-0.5184616446495056, 0.05049978941679001, -0.8536083698272705, -1.404453992843628], [0.0, 0.0, 0.0, 1.0]]}, "finger1joint2": {"matrix": [[0.40876612067222595, -0.8184302449226379, -0.40383386611938477, -1.6655858755111694], [-0.8819014430046082, -0.46809640526771545, 0.0559956394135952, -0.15213099122047424], [-0.23486186563968658, 0.33325260877609253, -0.913116991519928, -1.3759125471115112], [0.0, 0.0, 0.0, 1.0]]}, "finger1joint3": {"matrix": [[0.39551621675491333, -0.5343526005744934, -0.7470165491104126, -2.0164334774017334], [-0.8539266586303711, -0.5134280920028687, -0.08485762774944305, -0.3527962863445282], [-0.3381955921649933, 0.6714600324630737, -0.6593672633171082, -1.2330526113510132], [0.0, 0.0, 0.0, 1.0]]}, "Bone.001": {"matrix": [[0.9065869450569153, -0.42193603515625, 0.008342897519469261, -1.0986533164978027], [-0.3347594738006592, -0.7069572806358337, 0.6230145692825317, 0.8727818727493286], [-0.25697436928749084, -0.5676100254058838, -0.78216552734375, -1.1540021896362305], [0.0, 0.0, 0.0, 1.0]]}, "finger2joint1": {"matrix": [[0.28102612495422363, -0.9567419290542603, 0.07529079169034958, -1.3661115169525146], [-0.8442503809928894, -0.2091512680053711, 0.49345386028289795, 0.42465323209762573], [-0.4563610553741455, -0.2022377997636795, -0.8665069937705994, -1.513800859451294], [0.0, 0.0, 0.0, 1.0]]}, "finger2joint2": {"matrix": [[0.1851896196603775, -0.5369023084640503, -0.8230675458908081, -2.193835973739624], [-0.9016789197921753, -0.4258655607700348, 0.0749230831861496, 0.24370625615119934], [-0.3907427489757538, 0.7282678484916687, -0.5629795789718628, -1.6887667179107666], [0.0, 0.0, 0.0, 1.0]]}, "finger2joint3": {"matrix": [[0.19518393278121948, 0.43132051825523376, -0.8808321356773376, -2.3976526260375977], [-0.947637677192688, -0.14851517975330353, -0.28271129727363586, 0.0820406898856163], [-0.2527563273906708, 0.8898907899856567, 0.3797479271888733, -1.412304401397705], [0.0, 0.0, 0.0, 1.0]]}, "Bone.002": {"matrix": [[0.3553684949874878, -0.9267207384109497, 0.12207165360450745, -1.0986531972885132], [-0.7426405549049377, -0.2006160169839859, 0.6389350891113281, 0.8727818727493286], [-0.5676251649856567, -0.3177128732204437, -0.7595131993293762, -1.1540021896362305], [0.0, 0.0, 0.0, 1.0]]}, "finger3joint1": {"matrix": [[0.3006938099861145, -0.8343219757080078, -0.46204936504364014, -1.4892754554748535], [-0.8166602253913879, -0.4754737615585327, 0.3270944356918335, 0.7882201671600342], [-0.49259471893310547, 0.27898210287094116, -0.8243297338485718, -1.2879213094711304], [0.0, 0.0, 0.0, 1.0]]}, "finger3joint2": {"matrix": [[0.1826809197664261, -0.09389574825763702, -0.9786781668663025, -2.2211270332336426], [-0.893635630607605, -0.43089860677719116, -0.12546558678150177, 0.3711434006690979], [-0.40993064641952515, 0.8975020051002502, -0.16262559592723846, -1.0432034730911255], [0.0, 0.0, 0.0, 1.0]]}, "finger3joint3": {"matrix": [[0.3397711515426636, 0.26917514204978943, -0.9011658430099487, -2.2818853855133057], [-0.8800727725028992, -0.24693834781646729, -0.40557771921157837, 0.09231741726398468], [-0.3317040801048279, 0.9308953881263733, 0.1529911756515503, -0.4624475836753845], [0.0, 0.0, 0.0, 1.0]]}, "Bone.003": {"matrix": [[-0.17371352016925812, -0.6134366393089294, 0.7704017162322998, -1.0986531972885132], [-0.2550199031829834, 0.7836317420005798, 0.5664680004119873, 0.8727818727493286], [-0.9512037038803101, -0.09806456416845322, -0.29256606101989746, -1.1540021896362305], [0.0, 0.0, 0.0, 1.0]]}, "finger4joint1": {"matrix": [[0.08208876848220825, -0.8902875185012817, -0.44793859124183655, -1.361584186553955], [-0.88499915599823, -0.2717991769313812, 0.37802302837371826, 1.208661675453186], [-0.45829880237579346, 0.3653940260410309, -0.8102155923843384, -1.196034550666809], [0.0, 0.0, 0.0, 1.0]]}, "finger4joint2": {"matrix": [[0.05299392342567444, -0.19528213143348694, -0.9793140292167664, -2.2459590435028076], [-0.8835322856903076, -0.4661884605884552, 0.04515061527490616, 0.9386675357818604], [-0.4653622806072235, 0.8628631830215454, -0.19724327325820923, -0.8330671191215515], [0.0, 0.0, 0.0, 1.0]]}, "finger4joint3": {"matrix": [[0.08336386829614639, 0.37355759739875793, -0.9238530993461609, -2.327404022216797], [-0.8422876596450806, -0.46902090311050415, -0.26565098762512207, 0.7442376017570496], [-0.5325426459312439, 0.8002960681915283, 0.2755436897277832, -0.47319889068603516], [0.0, 0.0, 0.0, 1.0]]}}