{"root": {"matrix": [[0.5175665020942688, -0.6610636115074158, -0.5432493090629578, 0.0], [-0.8378698229789734, -0.26282909512519836, -0.4784297049045563, -2.9802322387695312e-08], [0.17349065840244293, 0.7027913928031921, -0.6899168491363525, 5.960464477539063e-08], [0.0, 0.0, 0.0, 1.0]]}, "carpals": {"matrix": [[0.5386579036712646, -0.6930125951766968, -0.47914615273475647, 0.5844788551330566], [0.8355808854103088, 0.36655545234680176, 0.4091959297657013, -2.098294258117676], [-0.10794426500797272, -0.6207821369171143, 0.7765161991119385, 1.1578130722045898], [0.0, 0.0, 0.0, 1.0]]}, "metacarpals": {"matrix": [[0.4309442341327667, -0.8154508471488953, 0.3864283263683319, -0.09051108360290527], [0.5307674407958984, 0.5753806829452515, 0.6222721338272095, -1.7412712574005127], [-0.7297757863998413, -0.06306103616952896, 0.6807718873023987, 0.5531750321388245], [0.0, 0.0, 0.0, 1.0]]}, "finger5joint1": {"matrix": [[0.5586785078048706, -0.8116292953491211, -0.17069287598133087, -0.7904439568519592], [0.6061608791351318, 0.25910332798957825, 0.7519534826278687, -1.762033224105835], [-0.5660804510116577, -0.5235676765441895, 0.6367335319519043, 0.36519116163253784], [0.0, 0.0, 0.0, 1.0]]}, "finger5joint2": {"matrix": [[-0.21136489510536194, -0.5993080735206604, -0.7721102833747864, -1.6477457284927368], [0.7792811393737793, 0.37348073720932007, -0.5032219886779785, -1.488349437713623], [0.589953601360321, -0.7080545425415039, 0.3880888819694519, -0.1878388524055481], [0.0, 0.0, 0.0, 1.0]]}, "finger5joint3": {"matrix": [[-0.22356058657169342, -0.4181446433067322, -0.8804404139518738, -2.059670925140381], [0.8372616767883301, 0.38007840514183044, -0.39310625195503235, -1.2316430807113647], [0.49901190400123596, -0.8250423073768616, 0.2651260495185852, -0.674509584903717], [0.0, 0.0, 0.0, 1.0]]}, "Bone": {"matrix": [[0.8365911841392517, 0.22202740609645844, 0.500818133354187, -1.3636562824249268], [-0.5370314121246338, 0.5129741430282593, 0.6696673631668091, -0.8429422974586487], [-0.10822221636772156, -0.8291930556297302, 0.548385500907898, 0.4547192454338074], [0.0, 0.0, 0.0, 1.0]]}, "finger1joint1": {"matrix": [[0.5430278778076172, -0.8351421356201172, -0.08751049637794495, -1.1788878440856934], [0.4613135755062103, 0.20961885154247284, 0.8621190786361694, -0.4160515069961548], [-0.7016482949256897, -0.5085246562957764, 0.49909141659736633, -0.2353249490261078], [0.0, 0.0, 0.0, 1.0]]}, "finger1joint2": {"matrix": [[0.5604804158210754, -0.8030617237091064, -0.20236946642398834, -1.6508921384811401], [0.17264525592327118, -0.12569016218185425, 0.9769315719604492, -0.29757946729660034], [-0.80997234582901, -0.5824893116950989, 0.06819795072078705, -0.522732138633728], [0.0, 0.0, 0.0, 1.0]]}, "finger1joint3": {"matrix": [[0.5661869645118713, -0.5940596461296082, -0.5714239478111267, -1.9951516389846802], [0.2751888036727905, -0.51723712682724, 0.8103928565979004, -0.3514608144760132], [-0.7769835591316223, -0.6160835027694702, -0.12937436997890472, -0.7724356651306152], [0.0, 0.0, 0.0, 1.0]]}, "Bone.001": {"matrix": [[0.9152260422706604, 0.06303223222494125, 0.39797982573509216, -1.3636564016342163], [-0.24887600541114807, 0.8651995658874512, 0.43530452251434326, -0.8429422974586487], [-0.31689372658729553, -0.49744975566864014, 0.8075405955314636, 0.4547192454338074], [0.0, 0.0, 0.0, 1.0]]}, "finger2joint1": {"matrix": [[0.8980613350868225, -0.4021362066268921, 0.17824715375900269, -1.3237011432647705], [0.17070657014846802, 0.6920923590660095, 0.7013322710990906, -0.2945064604282379], [-0.405394583940506, -0.5994116067886353, 0.6901888847351074, 0.13939398527145386], [0.0, 0.0, 0.0, 1.0]]}, "finger2joint2": {"matrix": [[0.8376848101615906, -0.5292644500732422, 0.13477079570293427, -1.6716089248657227], [0.1670486479997635, 0.48323115706443787, 0.859407901763916, 0.30425652861595154], [-0.5199795961380005, -0.6973997354507446, 0.4932084381580353, -0.3791863024234772], [0.0, 0.0, 0.0, 1.0]]}, "finger2joint3": {"matrix": [[0.7560359239578247, -0.6544817686080933, -0.007938164286315441, -1.8725266456604004], [0.1439083069562912, 0.15438227355480194, 0.9774743318557739, 0.4876990020275116], [-0.6385136842727661, -0.7401482462882996, 0.21090400218963623, -0.6439306735992432], [0.0, 0.0, 0.0, 1.0]]}, "Bone.002": {"matrix": [[0.6935790181159973, -0.541708767414093, 0.4748680591583252, -1.3636562824249268], [0.41806623339653015, 0.8395067453384399, 0.34705716371536255, -0.8429422974586487], [-0.5866588950157166, -0.04218523949384689, 0.8087345957756042, 0.4547192454338074], [0.0, 0.0, 0.0, 1.0]]}, "finger3joint1": {"matrix": [[0.7496504783630371, -0.06941932439804077, 0.658183217048645, -1.5919920206069946], [0.05180424079298973, 0.9975872039794922, 0.046213503926992416, -0.4890817403793335], [-0.6598034501075745, -0.0005472889170050621, 0.7514380216598511, 0.43693777918815613], [0.0, 0.0, 0.0, 1.0]]}, "finger3joint2": {"matrix": [[0.7031384110450745, -0.6656889915466309, -0.24990901350975037, -1.6528854370117188], [0.20706118643283844, -0.14453820884227753, 0.9675918817520142, 0.38598331809043884], [-0.6802367568016052, -0.7320975661277771, 0.036208078265190125, 0.43645766377449036], [0.0, 0.0, 0.0, 1.0]]}, "finger3joint3": {"matrix": [[0.7012447118759155, -0.34002554416656494, -0.6266087293624878, -2.0836398601531982], [0.03396832197904587, -0.8619979619979858, 0.5057719945907593, 0.2924555242061615], [-0.7121109366416931, -0.3759549558162689, -0.5929214954376221, -0.03726824373006821], [0.0, 0.0, 0.0, 1.0]]}, "Bone.003": {"matrix": [[0.4400148093700409, -0.5183215737342834, 0.7333005666732788, -1.3636562824249268], [0.8977207541465759, 0.2338910698890686, -0.3733524680137634, -0.8429422378540039], [0.02200428955256939, 0.8225798606872559, 0.5682237148284912, 0.454719215631485], [0.0, 0.0, 0.0, 1.0]]}, "finger4joint1": {"matrix": [[0.8316758275032043, -0.24229726195335388, 0.4996069669723511, -1.5858190059661865], [-0.015248154290020466, 0.8894633054733276, 0.4567514657974243, -0.7426920533180237], [-0.5550518035888672, -0.3874873220920563, 0.7360507845878601, 0.8072929978370667], [0.0, 0.0, 0.0, 1.0]]}, "finger4joint2": {"matrix": [[0.8353953957557678, -0.4315175712108612, 0.34045088291168213, -1.8265070915222168], [0.013967938721179962, 0.6358629465103149, 0.771675169467926, 0.14086437225341797], [-0.5494716167449951, -0.6398986577987671, 0.5372246503829956, 0.4223789572715759], [0.0, 0.0, 0.0, 1.0]]}, "finger4joint3": {"matrix": [[0.8633043766021729, -0.4449288547039032, 0.23820891976356506, -2.0064773559570312], [-0.05022718757390976, 0.3939077854156494, 0.9177762269973755, 0.40605926513671875], [-0.5021775364875793, -0.8042851090431213, 0.31771501898765564, 0.15550096333026886], [0.0, 0.0, 0.0, 1.0]]}}