{"root": {"matrix": [[0.5472487807273865, -0.3624327480792999, -0.7544277906417847, 0.0], [-0.8357725143432617, -0.18843621015548706, -0.5157287120819092, -1.4901161193847656e-08], [0.044755399227142334, 0.9127618670463562, -0.40603286027908325, 5.960464477539063e-08], [0.0, 0.0, 0.0, 1.0]]}, "carpals": {"matrix": [[0.5707579255104065, -0.8196426630020142, -0.04920543357729912, 0.9676513671875], [0.631006121635437, 0.399478018283844, 0.6650174260139465, -2.016540765762329], [-0.5254201889038086, -0.41061297059059143, 0.7452049255371094, 1.0402882099151611], [0.0, 0.0, 0.0, 1.0]]}, "metacarpals": {"matrix": [[0.10295064002275467, -0.7367793917655945, 0.6682493090629578, 0.16932427883148193], [-0.052482038736343384, 0.6668596267700195, 0.7433326840400696, -1.6274516582489014], [-0.9933008551597595, -0.11159767955541611, 0.029985960572957993, 0.6403535604476929], [0.0, 0.0, 0.0, 1.0]]}, "finger5joint1": {"matrix": [[0.12563036382198334, -0.9528557062149048, 0.2761935591697693, -0.5440934896469116], [0.09934166073799133, 0.2890825569629669, 0.9521355032920837, -1.5434691905975342], [-0.9870907068252563, -0.09217958897352219, 0.1309758722782135, 0.7386231422424316], [0.0, 0.0, 0.0, 1.0]]}, "finger5joint2": {"matrix": [[0.21198461949825287, -0.7188199162483215, -0.6620875000953674, -1.550568699836731], [0.9754128456115723, 0.19740302860736847, 0.09798576682806015, -1.23811936378479], [0.06026403233408928, -0.6665802597999573, 0.7429929971694946, 0.6412564516067505], [0.0, 0.0, 0.0, 1.0]]}, "finger5joint3": {"matrix": [[0.18008092045783997, -0.4574923813343048, -0.8707876205444336, -2.0446388721466064], [0.9827012419700623, 0.04477286338806152, 0.17970211803913116, -1.1024373769760132], [-0.043224651366472244, -0.8880853652954102, 0.4576413929462433, 0.18309243023395538], [0.0, 0.0, 0.0, 1.0]]}, "Bone": {"matrix": [[0.6846521496772766, -0.12899115681648254, 0.717365026473999, -0.9809929132461548], [-0.7274096608161926, -0.058658141642808914, 0.6836913824081421, -0.5862984657287598], [-0.046110838651657104, -0.989909291267395, -0.1339898407459259, 0.4661186933517456], [0.0, 0.0, 0.0, 1.0]]}, "finger1joint1": {"matrix": [[0.5129215121269226, -0.7541553378105164, 0.4100745618343353, -1.088337779045105], [-0.237340047955513, 0.33449336886405945, 0.9120215773582458, -0.6351131200790405], [-0.8249733448028564, -0.5651227831840515, -0.007422416005283594, -0.3576716482639313], [0.0, 0.0, 0.0, 1.0]]}, "finger1joint2": {"matrix": [[0.37869638204574585, -0.8758067488670349, 0.29925158619880676, -1.5145699977874756], [-0.5103845000267029, 0.0721084401011467, 0.8569175004959106, -0.44606471061706543], [-0.7720729112625122, -0.477245032787323, -0.4196909964084625, -0.6770667433738708], [0.0, 0.0, 0.0, 1.0]]}, "finger1joint3": {"matrix": [[0.4389300048351288, -0.8879506587982178, -0.13741908967494965, -1.8900140523910522], [-0.42327791452407837, -0.33924585580825806, 0.840087890625, -0.41515296697616577], [-0.7925756573677063, -0.31057339906692505, -0.5247551202774048, -0.881653904914856], [0.0, 0.0, 0.0, 1.0]]}, "Bone.001": {"matrix": [[0.6801563501358032, -0.11482520401477814, 0.7240181565284729, -0.9809929728507996], [-0.6183488965034485, 0.44061848521232605, 0.6507683396339417, -0.5862985849380493], [-0.3937404453754425, -0.8903203010559082, 0.22868749499320984, 0.4661186635494232], [0.0, 0.0, 0.0, 1.0]]}, "finger2joint1": {"matrix": [[0.5188454389572144, -0.5346293449401855, 0.6670612096786499, -1.053778886795044], [-0.3243023455142975, 0.5988844633102417, 0.7322328090667725, -0.30699771642684937], [-0.7909658551216125, -0.596245288848877, 0.13734695315361023, -0.09824085235595703], [0.0, 0.0, 0.0, 1.0]]}, "finger2joint2": {"matrix": [[0.404497891664505, -0.6753467917442322, 0.6166749596595764, -1.516312837600708], [-0.33508965373039246, 0.5179619193077087, 0.7870387434959412, 0.21112656593322754], [-0.8509384393692017, -0.5249969363212585, -0.016787229105830193, -0.614081859588623], [0.0, 0.0, 0.0, 1.0]]}, "finger2joint3": {"matrix": [[0.26763737201690674, -0.8660414814949036, 0.42230573296546936, -1.7726854085922241], [-0.34244421124458313, 0.32418105006217957, 0.8818379044532776, 0.4077534079551697], [-0.900611937046051, -0.3806290030479431, -0.20980799198150635, -0.8133792281150818], [0.0, 0.0, 0.0, 1.0]]}, "Bone.002": {"matrix": [[0.3959745168685913, -0.46828705072402954, 0.7898805737495422, -0.9809929132461548], [-0.146148681640625, 0.8170866966247559, 0.5576822757720947, -0.5862985253334045], [-0.9065564870834351, -0.33626794815063477, 0.25510603189468384, 0.4661186635494232], [0.0, 0.0, 0.0, 1.0]]}, "finger3joint1": {"matrix": [[0.3753708600997925, -0.28792256116867065, 0.8810206055641174, -1.1783806085586548], [-0.3706790804862976, 0.8245720863342285, 0.4274078607559204, -0.24188825488090515], [-0.8495256304740906, -0.4870123863220215, 0.20279349386692047, 0.3243783116340637], [0.0, 0.0, 0.0, 1.0]]}, "finger3joint2": {"matrix": [[0.29065799713134766, -0.9286078214645386, -0.23066291213035583, -1.4309409856796265], [-0.25193020701408386, -0.3068370223045349, 0.9178136587142944, 0.4814111292362213], [-0.9230650663375854, -0.2086588740348816, -0.32312896847724915, -0.10281994938850403], [0.0, 0.0, 0.0, 1.0]]}, "finger3joint3": {"matrix": [[0.2788727581501007, -0.49923577904701233, -0.8203619122505188, -2.031824827194214], [-0.4175945520401001, -0.8322994709014893, 0.364543616771698, 0.28286296129226685], [-0.8647801876068115, 0.24091736972332, -0.440583735704422, -0.237839013338089], [0.0, 0.0, 0.0, 1.0]]}, "Bone.003": {"matrix": [[0.44867682456970215, -0.10673676431179047, 0.8872972726821899, -0.9809929132461548], [0.6229092478752136, 0.7492838501930237, -0.22484993934631348, -0.5862985849380493], [-0.6408377289772034, 0.653590738773346, 0.4026736617088318, 0.46611863374710083], [0.0, 0.0, 0.0, 1.0]]}, "finger4joint1": {"matrix": [[0.3829067647457123, -0.47526365518569946, 0.7921531796455383, -1.0267424583435059], [-0.36626628041267395, 0.70912104845047, 0.6024912595748901, -0.26514095067977905], [-0.8480749726295471, -0.5208370089530945, 0.09745422750711441, 0.7462603449821472], [0.0, 0.0, 0.0, 1.0]]}, "finger4joint2": {"matrix": [[0.3871367573738098, -0.8052136898040771, 0.44917237758636475, -1.4988497495651245], [-0.33821219205856323, 0.32918429374694824, 0.8816176056861877, 0.43927091360092163], [-0.8577512502670288, -0.4932222068309784, -0.14489375054836273, 0.22888216376304626], [0.0, 0.0, 0.0, 1.0]]}, "finger4joint3": {"matrix": [[0.44611871242523193, -0.8835673332214355, 0.1424313485622406, -1.834674596786499], [-0.37726595997810364, -0.04134465754032135, 0.9251812696456909, 0.5765613913536072], [-0.8115713596343994, -0.466475248336792, -0.35178452730178833, 0.023177489638328552], [0.0, 0.0, 0.0, 1.0]]}}