{"root": {"matrix": [[0.2882637679576874, -0.9436997175216675, 0.16228023171424866, 0.0], [0.24648146331310272, -0.09063533693552017, -0.9649000763893127, 7.450580596923828e-09], [0.9252842664718628, 0.3181447982788086, 0.20647752285003662, 0.0], [0.0, 0.0, 0.0, 1.0]]}, "carpals": {"matrix": [[-0.19088102877140045, -0.5040017366409302, -0.8423457741737366, -0.290052205324173], [0.9754215478897095, -0.19361789524555206, -0.1051892638206482, 0.5771762132644653], [-0.11007747799158096, -0.8417208790779114, 0.5285722017288208, 2.3806979656219482], [0.0, 0.0, 0.0, 1.0]]}, "metacarpals": {"matrix": [[-0.2346709668636322, -0.7067762613296509, -0.6673803925514221, -0.7809467315673828], [0.9676002264022827, -0.23563751578330994, -0.09068993479013443, 0.38859355449676514], [-0.09316220134496689, -0.667039692401886, 0.7391741871833801, 1.5608668327331543], [0.0, 0.0, 0.0, 1.0]]}, "finger5joint1": {"matrix": [[-0.5605980753898621, -0.5331118702888489, -0.6336570382118225, -0.8685671091079712], [0.7209737300872803, -0.6906303763389587, -0.0568024106323719, 0.12164878845214844], [-0.40734055638313293, -0.4886934757232666, 0.7715257406234741, 0.8924823999404907], [0.0, 0.0, 0.0, 1.0]]}, "finger5joint2": {"matrix": [[-0.5235105156898499, -0.7299766540527344, 0.4393974542617798, -1.4316784143447876], [-0.007745170034468174, -0.5116146206855774, -0.8591799736022949, -0.6078449487686157], [0.8519836664199829, -0.45319288969039917, 0.26218166947364807, 0.3762889504432678], [0.0, 0.0, 0.0, 1.0]]}, "finger5joint3": {"matrix": [[-0.6127647161483765, -0.7456406354904175, 0.26179930567741394, -1.9334169626235962], [-0.008160078898072243, -0.3252926468849182, -0.9455780386924744, -0.9594956636428833], [0.7902229428291321, -0.5815531015396118, 0.19324322044849396, 0.06479360163211823], [0.0, 0.0, 0.0, 1.0]]}, "Bone": {"matrix": [[0.7159245014190674, -0.23951879143714905, -0.655806839466095, -1.8844208717346191], [0.3890835642814636, 0.9168044328689575, 0.08990846574306488, 0.020697951316833496], [0.5797118544578552, -0.3195311725139618, 0.7495555877685547, 0.519432783126831], [0.0, 0.0, 0.0, 1.0]]}, "finger1joint1": {"matrix": [[-0.023446381092071533, -0.3456174433231354, -0.9380823969841003, -2.0837454795837402], [0.950836181640625, 0.2821350395679474, -0.12771202623844147, 0.7836512923240662], [0.3088054955005646, -0.8949569463729858, 0.3220106065273285, 0.2535228133201599], [0.0, 0.0, 0.0, 1.0]]}, "finger1joint2": {"matrix": [[0.2701902985572815, -0.056232601404190063, -0.9611632823944092, -2.279080867767334], [0.9387365579605103, 0.23721235990524292, 0.2500079274177551, 0.9431079030036926], [0.2139412760734558, -0.9698287844657898, 0.11688021570444107, -0.2522874176502228], [0.0, 0.0, 0.0, 1.0]]}, "finger1joint3": {"matrix": [[0.17334143817424774, 0.3795589506626129, -0.9087835550308228, -2.3031868934631348], [0.9498915076255798, 0.17927715182304382, 0.25605854392051697, 1.0447969436645508], [0.26011353731155396, -0.9076312184333801, -0.32946348190307617, -0.6680370569229126], [0.0, 0.0, 0.0, 1.0]]}, "Bone.001": {"matrix": [[0.5100396275520325, -0.686580240726471, -0.5181378722190857, -1.8844207525253296], [0.6840168237686157, 0.6889809966087341, -0.239637091755867, 0.02069801092147827], [0.5215173363685608, -0.23219047486782074, 0.8210400938987732, 0.519432783126831], [0.0, 0.0, 0.0, 1.0]]}, "finger2joint1": {"matrix": [[-0.049259234219789505, -0.4347584545612335, -0.8991987109184265, -2.3196327686309814], [0.980941891670227, 0.14835944771766663, -0.12546832859516144, 0.45743176341056824], [0.1879531890153885, -0.8882421255111694, 0.419164776802063, 0.37225106358528137], [0.0, 0.0, 0.0, 1.0]]}, "finger2joint2": {"matrix": [[-0.005064276047050953, 0.28650087118148804, -0.958066463470459, -2.69576358795166], [0.9977189898490906, 0.06594063341617584, 0.014445070177316666, 0.5857847929000854], [0.06731419265270233, -0.9558078646659851, -0.28618115186691284, -0.3962106704711914], [0.0, 0.0, 0.0, 1.0]]}, "finger2joint3": {"matrix": [[0.11345645785331726, 0.8615049719810486, -0.4949105679988861, -2.587003231048584], [0.9933894872665405, -0.10711660981178284, 0.04127005115151405, 0.6108169555664062], [-0.017458653077483177, -0.496321439743042, -0.8679629564285278, -0.7590510845184326], [0.0, 0.0, 0.0, 1.0]]}, "Bone.002": {"matrix": [[-0.10505715757608414, -0.9022654891014099, -0.418186217546463, -1.8844207525253296], [0.9743672609329224, -0.009274100884795189, -0.22477203607559204, 0.020697984844446182], [0.1989259123802185, -0.43108069896698, 0.8801122307777405, 0.519432783126831], [0.0, 0.0, 0.0, 1.0]]}, "finger3joint1": {"matrix": [[-0.08991052210330963, -0.6559215188026428, -0.7494550347328186, -2.264734983444214], [0.9939613342285156, -0.011566517874598503, -0.1091204360127449, 0.01678885892033577], [0.06290604919195175, -0.7547401785850525, 0.6530005931854248, 0.33772796392440796], [0.0, 0.0, 0.0, 1.0]]}, "finger3joint2": {"matrix": [[-0.16335321962833405, 0.5309500098228455, -0.8315092921257019, -2.840097188949585], [0.9831032156944275, 0.017033211886882782, -0.18225812911987305, 0.006642920896410942], [-0.08260644227266312, -0.8472318053245544, -0.524760901927948, -0.32431620359420776], [0.0, 0.0, 0.0, 1.0]]}, "finger3joint3": {"matrix": [[0.0053498633205890656, 0.9288356900215149, -0.3704531192779541, -2.4965298175811768], [0.9993690252304077, -0.017975229769945145, -0.030637016519904137, 0.017664778977632523], [-0.03511553257703781, -0.370055615901947, -0.9283455014228821, -0.872543215751648], [0.0, 0.0, 0.0, 1.0]]}, "Bone.003": {"matrix": [[-0.7593306303024292, -0.5302117466926575, 0.37721648812294006, -1.8844209909439087], [0.5247047543525696, -0.8417646288871765, -0.12695367634296417, 0.02069801092147827], [0.3848399519920349, 0.10152740776538849, 0.9173822402954102, 0.519432783126831], [0.0, 0.0, 0.0, 1.0]]}, "finger4joint1": {"matrix": [[-0.4134348928928375, -0.27391567826271057, -0.8683555126190186, -2.111680030822754], [0.8270154595375061, -0.5119578242301941, -0.23225946724414825, -0.3400987386703491], [-0.3809417188167572, -0.8141677379608154, 0.4381938576698303, 0.5629494190216064], [0.0, 0.0, 0.0, 1.0]]}, "finger4joint2": {"matrix": [[-0.4362961947917938, 0.09806673973798752, -0.8944428563117981, -2.3837764263153076], [0.8104231953620911, -0.38909345865249634, -0.4379729628562927, -0.8486567139625549], [-0.39097222685813904, -0.915963351726532, 0.09028451144695282, -0.24581143260002136], [0.0, 0.0, 0.0, 1.0]]}, "finger4joint3": {"matrix": [[-0.42980676889419556, 0.31089285016059875, -0.8477094769477844, -2.342876672744751], [0.8462820649147034, -0.1885761022567749, -0.49824240803718567, -1.0109331607818604], [-0.31475749611854553, -0.9315494298934937, -0.18205170333385468, -0.6278257966041565], [0.0, 0.0, 0.0, 1.0]]}}