{"root": {"matrix": [[0.5221152901649475, -0.5412557125091553, -0.6591190099716187, 0.0], [-0.8286705017089844, -0.13913603127002716, -0.542168140411377, -1.4901161193847656e-08], [0.20174434781074524, 0.8292667865753174, -0.5211677551269531, 0.0], [0.0, 0.0, 0.0, 1.0]]}, "carpals": {"matrix": [[0.5849937200546265, -0.7865816354751587, -0.1976652890443802, 0.7250624895095825], [0.673242449760437, 0.33505913615226746, 0.6591506004333496, -1.949251413345337], [-0.45224621891975403, -0.5186757445335388, 0.7255678176879883, 1.3265323638916016], [0.0, 0.0, 0.0, 1.0]]}, "metacarpals": {"matrix": [[0.2073354423046112, -0.720755934715271, 0.6614550352096558, -0.04106318950653076], [0.04097253829240799, 0.6819522976875305, 0.7302478551864624, -1.6229057312011719], [-0.9774114489555359, -0.12430478632450104, 0.17092415690422058, 0.821345329284668], [0.0, 0.0, 0.0, 1.0]]}, "finger5joint1": {"matrix": [[0.31623926758766174, -0.8336977362632751, 0.45270368456840515, -0.7608579397201538], [0.07955118268728256, 0.4988167881965637, 0.8630486130714417, -1.5413260459899902], [-0.9453381299972534, -0.23691676557064056, 0.22406721115112305, 0.8515978455543518], [0.0, 0.0, 0.0, 1.0]]}, "finger5joint2": {"matrix": [[0.4712764322757721, -0.5849006175994873, -0.6601434350013733, -1.6414698362350464], [0.8497629761695862, 0.5015790462493896, 0.162236288189888, -1.0144398212432861], [0.23622214794158936, -0.6374236941337585, 0.7334096431732178, 0.6013492345809937], [0.0, 0.0, 0.0, 1.0]]}, "finger5joint3": {"matrix": [[0.4502404034137726, -0.4255652129650116, -0.7849696278572083, -2.043492555618286], [0.8826507925987244, 0.3449847996234894, 0.3192370533943176, -0.6696869134902954], [0.13494651019573212, -0.8365877270698547, 0.5309519171714783, 0.16322559118270874], [0.0, 0.0, 0.0, 1.0]]}, "Bone": {"matrix": [[0.6855772733688354, -0.023666955530643463, 0.7276149392127991, -1.1663633584976196], [-0.7267245650291443, 0.03687846660614014, 0.6859380006790161, -0.5581889748573303], [-0.043067388236522675, -0.9990394115447998, 0.008083720691502094, 0.6272709965705872], [0.0, 0.0, 0.0, 1.0]]}, "finger1joint1": {"matrix": [[0.6477952599525452, -0.6979963183403015, 0.30522486567497253, -1.186058759689331], [-0.16438248753547668, 0.2631462812423706, 0.9506481885910034, -0.5274991989135742], [-0.7438679337501526, -0.6659992337226868, 0.05572660267353058, -0.20411723852157593], [0.0, 0.0, 0.0, 1.0]]}, "finger1joint2": {"matrix": [[0.5379379391670227, -0.8016182780265808, 0.2608271837234497, -1.5805511474609375], [-0.4512390196323395, -0.012472901493310928, 0.8923157453536987, -0.37877464294433594], [-0.7120435237884521, -0.5977060198783875, -0.36843109130859375, -0.5805255174636841], [0.0, 0.0, 0.0, 1.0]]}, "finger1joint3": {"matrix": [[0.5906319618225098, -0.7924943566322327, -0.15200816094875336, -1.9241918325424194], [-0.35778865218162537, -0.4260380268096924, 0.8309503793716431, -0.3841215968132019], [-0.7232849597930908, -0.4363991916179657, -0.5351772308349609, -0.8367522954940796], [0.0, 0.0, 0.0, 1.0]]}, "Bone.001": {"matrix": [[0.7178604006767273, -0.020026398822665215, 0.6958988308906555, -1.1663634777069092], [-0.5851238965988159, 0.5242785811424255, 0.6186771988868713, -0.5581890344619751], [-0.3772348165512085, -0.8513110876083374, 0.3646410405635834, 0.6272710561752319], [0.0, 0.0, 0.0, 1.0]]}, "finger2joint1": {"matrix": [[0.6752045154571533, -0.44283783435821533, 0.589909553527832, -1.1790578365325928], [-0.2820870578289032, 0.583926260471344, 0.761220395565033, -0.22585740685462952], [-0.6815609931945801, -0.6803854703903198, 0.26935094594955444, 0.08763885498046875], [0.0, 0.0, 0.0, 1.0]]}, "finger2joint2": {"matrix": [[0.5749751329421997, -0.6115665435791016, 0.5434977412223816, -1.562178373336792], [-0.29726022481918335, 0.46273887157440186, 0.8351698517799377, 0.27932581305503845], [-0.7622596621513367, -0.6417621970176697, 0.0842689722776413, -0.5009958744049072], [0.0, 0.0, 0.0, 1.0]]}, "finger2joint3": {"matrix": [[0.450157105922699, -0.8201249241828918, 0.35320451855659485, -1.7943391799926758], [-0.31565138697624207, 0.223860502243042, 0.9220901131629944, 0.4549890160560608], [-0.8352978229522705, -0.526574969291687, -0.1581011712551117, -0.7446193695068359], [0.0, 0.0, 0.0, 1.0]]}, "Bone.002": {"matrix": [[0.48953691124916077, -0.4300008714199066, 0.758586049079895, -1.16636323928833], [-0.06350021809339523, 0.8500656485557556, 0.522834300994873, -0.5581890344619751], [-0.8696673512458801, -0.3041170537471771, 0.38883349299430847, 0.6272709965705872], [0.0, 0.0, 0.0, 1.0]]}, "finger3joint1": {"matrix": [[0.5309655666351318, -0.13931457698345184, 0.8358629941940308, -1.3476130962371826], [-0.4156413674354553, 0.8167701363563538, 0.4001604914665222, -0.19987785816192627], [-0.7384564280509949, -0.5598907470703125, 0.37577196955680847, 0.49908265471458435], [0.0, 0.0, 0.0, 1.0]]}, "finger3joint2": {"matrix": [[0.46942663192749023, -0.861629843711853, -0.19295746088027954, -1.4698171615600586], [-0.29646924138069153, -0.3596520721912384, 0.8847350478172302, 0.5165778398513794], [-0.8317118883132935, -0.35811224579811096, -0.42427700757980347, 0.007956832647323608], [0.0, 0.0, 0.0, 1.0]]}, "finger3joint3": {"matrix": [[0.4518545866012573, -0.5129789113998413, -0.7298493385314941, -2.0273609161376953], [-0.4585013687610626, -0.8353472948074341, 0.3032672107219696, 0.28385406732559204], [-0.7652475833892822, 0.1976042091846466, -0.6126570105552673, -0.22377055883407593], [0.0, 0.0, 0.0, 1.0]]}, "Bone.003": {"matrix": [[0.5139841437339783, -0.1750914752483368, 0.8397400379180908, -1.16636323928833], [0.6762880086898804, 0.684926450252533, -0.271127313375473, -0.5581890344619751], [-0.5276880264282227, 0.7072613835334778, 0.4704536497592926, 0.6272710561752319], [0.0, 0.0, 0.0, 1.0]]}, "finger4joint1": {"matrix": [[0.5263485312461853, -0.33634838461875916, 0.7809140682220459, -1.2414109706878662], [-0.37722474336624146, 0.7307227849960327, 0.5689860582351685, -0.2646162509918213], [-0.7620095014572144, -0.5940651297569275, 0.25773605704307556, 0.930417001247406], [0.0, 0.0, 0.0, 1.0]]}, "finger4joint2": {"matrix": [[0.5334814190864563, -0.7056115865707397, 0.4663792550563812, -1.5755257606506348], [-0.3493175506591797, 0.3183707594871521, 0.8812585473060608, 0.461253821849823], [-0.7703080177307129, -0.6330496668815613, -0.07663755863904953, 0.34029701352119446], [0.0, 0.0, 0.0, 1.0]]}, "finger4joint3": {"matrix": [[0.5834099650382996, -0.7937821745872498, 0.17187923192977905, -1.869809865951538], [-0.38742753863334656, -0.08599943667650223, 0.9178798198699951, 0.5940344333648682], [-0.7138152718544006, -0.6020911335945129, -0.3577060103416443, 0.07627551257610321], [0.0, 0.0, 0.0, 1.0]]}}