{"root": {"matrix": [[0.4802144467830658, -0.3239113390445709, -0.8151537179946899, -2.9802322387695312e-08], [-0.8756224513053894, -0.12218087166547775, -0.4672870337963104, -7.450580596923828e-09], [0.05176331847906113, 0.9381648302078247, -0.34229710698127747, 0.0], [0.0, 0.0, 0.0, 1.0]]}, "carpals": {"matrix": [[0.6900522112846375, -0.7224212884902954, 0.04399177432060242, 0.8605874180793762], [0.5516248941421509, 0.5643112659454346, 0.6142168641090393, -2.0472545623779297], [-0.46854841709136963, -0.39957478642463684, 0.787909984588623, 1.0738356113433838], [0.0, 0.0, 0.0, 1.0]]}, "metacarpals": {"matrix": [[0.14524146914482117, -0.7773216962814331, 0.6121076345443726, 0.1569533348083496], [0.03739793226122856, 0.6225388050079346, 0.7816945910453796, -1.4976187944412231], [-0.9886890649795532, -0.09064290672540665, 0.11948871612548828, 0.6846522092819214], [0.0, 0.0, 0.0, 1.0]]}, "finger5joint1": {"matrix": [[0.12731285393238068, -0.9721096754074097, 0.19696223735809326, -0.5639263391494751], [0.20327207446098328, 0.21993501484394073, 0.9541009068489075, -1.4704807996749878], [-0.970809817314148, -0.08143235743045807, 0.2256034016609192, 0.7572522163391113], [0.0, 0.0, 0.0, 1.0]]}, "finger5joint2": {"matrix": [[0.12000211328268051, -0.6955517530441284, -0.7083831429481506, -1.5907387733459473], [0.982854962348938, 0.18384508788585663, -0.014016731642186642, -1.2381694316864014], [0.13998223841190338, -0.6945559978485107, 0.7056886553764343, 0.6712374687194824], [0.0, 0.0, 0.0, 1.0]]}, "finger5joint3": {"matrix": [[0.09336120635271072, -0.39489713311195374, -0.9139690399169922, -2.0688159465789795], [0.9950000643730164, 0.06970611214637756, 0.07152052968740463, -1.1118063926696777], [0.03546605631709099, -0.9160768389701843, 0.3994308114051819, 0.19384479522705078], [0.0, 0.0, 0.0, 1.0]]}, "Bone": {"matrix": [[0.7358412742614746, -0.08563117682933807, 0.6717178225517273, -1.056661605834961], [-0.673142671585083, 0.015309183858335018, 0.7393538355827332, -0.5256629586219788], [-0.07359519600868225, -0.9962092041969299, -0.04637685790657997, 0.5431334376335144], [0.0, 0.0, 0.0, 1.0]]}, "finger1joint1": {"matrix": [[0.5916602611541748, -0.7548555135726929, 0.2830744683742523, -1.127922773361206], [-0.1324293613433838, 0.2553560137748718, 0.9577344655990601, -0.5129227638244629], [-0.7952360510826111, -0.6041409969329834, 0.051119010895490646, -0.2858995795249939], [0.0, 0.0, 0.0, 1.0]]}, "finger1joint2": {"matrix": [[0.4923607409000397, -0.84538334608078, 0.20714214444160461, -1.5545507669448853], [-0.42281121015548706, -0.024281607940793037, 0.9058921933174133, -0.36860111355781555], [-0.7607966065406799, -0.5336079001426697, -0.36939287185668945, -0.6273469924926758], [0.0, 0.0, 0.0, 1.0]]}, "finger1joint3": {"matrix": [[0.5414887070655823, -0.8125655651092529, -0.2157014012336731, -1.9169528484344482], [-0.3277180790901184, -0.4402879476547241, 0.8359108567237854, -0.37901023030281067], [-0.774203360080719, -0.3819471299648285, -0.5047034025192261, -0.8560958504676819], [0.0, 0.0, 0.0, 1.0]]}, "Bone.001": {"matrix": [[0.7372337579727173, -0.11085481196641922, 0.6664813756942749, -1.0566614866256714], [-0.5360971093177795, 0.5043842196464539, 0.6769016981124878, -0.525662899017334], [-0.41120055317878723, -0.8563336730003357, 0.31242021918296814, 0.5431334376335144], [0.0, 0.0, 0.0, 1.0]]}, "finger2joint1": {"matrix": [[0.22746622562408447, -0.48639193177223206, 0.8436123728752136, -1.1269304752349854], [-0.057726506143808365, 0.8580632209777832, 0.5102887749671936, -0.20594197511672974], [-0.9720732569694519, -0.16477228701114655, 0.16710276901721954, 0.000317499041557312], [0.0, 0.0, 0.0, 1.0]]}, "finger2joint2": {"matrix": [[0.10361115634441376, -0.6380383372306824, 0.7630016803741455, -1.5477321147918701], [-0.026803072541952133, 0.765060544013977, 0.6433998942375183, 0.5364105105400085], [-0.9942566156387329, -0.08711420744657516, 0.0621674545109272, -0.14223507046699524], [0.0, 0.0, 0.0, 1.0]]}, "finger2joint3": {"matrix": [[-0.03884759545326233, -0.8005365133285522, 0.5980233550071716, -1.7899420261383057], [0.0037425453774631023, 0.598354160785675, 0.8012226223945618, 0.8268400430679321], [-0.9992380142211914, 0.0333637110888958, -0.020248573273420334, -0.1753050535917282], [0.0, 0.0, 0.0, 1.0]]}, "Bone.002": {"matrix": [[0.44055238366127014, -0.5115779042243958, 0.7377002239227295, -1.056661605834961], [-0.04315320402383804, 0.8087242245674133, 0.586602509021759, -0.525662899017334], [-0.8966891169548035, -0.29026323556900024, 0.33420923352241516, 0.5431333780288696], [0.0, 0.0, 0.0, 1.0]]}, "finger3joint1": {"matrix": [[0.489694207906723, -0.2537537217140198, 0.8341513872146606, -1.2722967863082886], [-0.354583203792572, 0.8160629272460938, 0.4564116597175598, -0.18477749824523926], [-0.7965365052223206, -0.5192782878875732, 0.30964452028274536, 0.4207845628261566], [0.0, 0.0, 0.0, 1.0]]}, "finger3joint2": {"matrix": [[0.4106769859790802, -0.8797105550765991, -0.2396949827671051, -1.494884967803955], [-0.23851972818374634, -0.3573856055736542, 0.9029859304428101, 0.5310578346252441], [-0.8800299763679504, -0.3136635422706604, -0.3565983474254608, -0.03471674025058746], [0.0, 0.0, 0.0, 1.0]]}, "finger3joint3": {"matrix": [[0.4009774923324585, -0.39991480112075806, -0.8241876363754272, -2.0641281604766846], [-0.40440621972084045, -0.8845455646514893, 0.23245297372341156, 0.2998006343841553], [-0.8219931125640869, 0.24009816348552704, -0.5164108276367188, -0.2376822531223297], [0.0, 0.0, 0.0, 1.0]]}, "Bone.003": {"matrix": [[0.42808040976524353, -0.18517406284809113, 0.8845664262771606, -1.056661605834961], [0.7029339075088501, 0.6833940744400024, -0.19711953401565552, -0.525662899017334], [-0.5680060386657715, 0.706174910068512, 0.4227128028869629, 0.5431334972381592], [0.0, 0.0, 0.0, 1.0]]}, "finger4joint1": {"matrix": [[0.48514148592948914, -0.4000142216682434, 0.7775771617889404, -1.1360307931900024], [-0.3461354076862335, 0.7287518382072449, 0.5908556580543518, -0.23274695873260498], [-0.8030117154121399, -0.5557956099510193, 0.21508871018886566, 0.8458137512207031], [0.0, 0.0, 0.0, 1.0]]}, "finger4joint2": {"matrix": [[0.49076902866363525, -0.7724561095237732, 0.4030596613883972, -1.5333884954452515], [-0.3178650736808777, 0.27198371291160583, 0.9082874059677124, 0.49116528034210205], [-0.8112380504608154, -0.5738779902458191, -0.11205561459064484, 0.2937090992927551], [0.0, 0.0, 0.0, 1.0]]}, "finger4joint3": {"matrix": [[0.547332763671875, -0.8300763964653015, 0.10676991194486618, -1.8555512428283691], [-0.3526267409324646, -0.11303114891052246, 0.9289121031761169, 0.6045995950698853], [-0.7589998841285706, -0.5460740327835083, -0.3545728027820587, 0.054365888237953186], [0.0, 0.0, 0.0, 1.0]]}}