{"root": {"matrix": [[0.25843408703804016, -0.3862256705760956, -0.8854612112045288, -2.9802322387695312e-08], [-0.7713876366615295, 0.4692652225494385, -0.4298270046710968, 2.9802322387695312e-08], [0.5815263390541077, 0.7941158413887024, -0.1766556054353714, 0.0], [0.0, 0.0, 0.0, 1.0]]}, "carpals": {"matrix": [[0.5233687162399292, -0.7806214094161987, 0.34163618087768555, 0.3059471547603607], [-0.0998222753405571, 0.34200289845466614, 0.9343816637992859, -1.236824631690979], [-0.8462390303611755, -0.5231291055679321, 0.10107041150331497, 2.1122608184814453], [0.0, 0.0, 0.0, 1.0]]}, "metacarpals": {"matrix": [[-0.1444714069366455, -0.29178494215011597, 0.9455101490020752, -0.45437338948249817], [-0.8877816796302795, 0.46022021770477295, 0.006373503245413303, -0.903715968132019], [-0.4370028078556061, -0.8384858965873718, -0.3255300223827362, 1.602736234664917], [0.0, 0.0, 0.0, 1.0]]}, "finger5joint1": {"matrix": [[0.21910643577575684, -0.6949363350868225, 0.6848763823509216, -0.9844884276390076], [-0.9546393156051636, -0.00763083016499877, 0.2976663112640381, -0.48792898654937744], [-0.20163314044475555, -0.7190306186676025, -0.6650855541229248, 1.3348294496536255], [0.0, 0.0, 0.0, 1.0]]}, "finger5joint2": {"matrix": [[0.6940358281135559, -0.48304250836372375, -0.5338387489318848, -1.718530535697937], [0.29440221190452576, -0.4862511157989502, 0.8227311968803406, -0.49598923325538635], [-0.6569939851760864, -0.7281683683395386, -0.19526682794094086, 0.5753373503684998], [0.0, 0.0, 0.0, 1.0]]}, "finger5joint3": {"matrix": [[0.6742430329322815, -0.44202572107315063, -0.5916156768798828, -2.0505425930023193], [0.20197910070419312, -0.660179078578949, 0.7234413623809814, -0.8302067518234253], [-0.7103521823883057, -0.6072695255279541, -0.35584113001823425, 0.0748416930437088], [0.0, 0.0, 0.0, 1.0]]}, "Bone": {"matrix": [[0.18494586646556854, -0.3399265706539154, 0.9220871925354004, -0.9099307060241699], [-0.5906966924667358, -0.7883188128471375, -0.1721351593732834, -0.18518441915512085], [0.7854120135307312, -0.5128384232521057, -0.3465898633003235, 0.29362696409225464], [0.0, 0.0, 0.0, 1.0]]}, "finger1joint1": {"matrix": [[-0.08306039124727249, -0.6407495737075806, 0.7632436156272888, -1.1928133964538574], [-0.939030110836029, 0.3067494034767151, 0.15532825887203217, -0.8412135243415833], [-0.3336513340473175, -0.7038071751594543, -0.6271618604660034, -0.1331508457660675], [0.0, 0.0, 0.0, 1.0]]}, "finger1joint2": {"matrix": [[-0.2986598014831543, -0.9224041700363159, -0.24489346146583557, -1.5549511909484863], [-0.9476792812347412, 0.25633105635643005, 0.19025780260562897, -0.6678454875946045], [-0.1127210259437561, 0.2889028787612915, -0.9506991505622864, -0.5309274196624756], [0.0, 0.0, 0.0, 1.0]]}, "finger1joint3": {"matrix": [[-0.28788304328918457, -0.7194494605064392, -0.6320725679397583, -1.9503709077835083], [-0.9323018193244934, 0.05965091288089752, 0.35672807693481445, -0.557960569858551], [-0.21894437074661255, 0.691978394985199, -0.6879165172576904, -0.4070795178413391], [0.0, 0.0, 0.0, 1.0]]}, "Bone.001": {"matrix": [[0.16640077531337738, -0.05024097487330437, 0.9847773313522339, -0.9099306464195251], [-0.8384754657745361, -0.5327742099761963, 0.1144987940788269, -0.18518435955047607], [0.5189114212989807, -0.8447646498680115, -0.13077984750270844, 0.293626993894577], [0.0, 0.0, 0.0, 1.0]]}, "finger2joint1": {"matrix": [[-0.09551230072975159, -0.5668489933013916, 0.8182661533355713, -0.9417777061462402], [-0.9525370001792908, 0.2907438278198242, 0.09022589027881622, -0.5229012966156006], [-0.28905051946640015, -0.7708112001419067, -0.5677143335342407, -0.24185556173324585], [0.0, 0.0, 0.0, 1.0]]}, "finger2joint2": {"matrix": [[-0.22158978879451752, -0.8498798608779907, 0.47812336683273315, -1.4321863651275635], [-0.9265868663787842, 0.3362973928451538, 0.1683460772037506, -0.2713645398616791], [-0.30386587977409363, -0.4057190418243408, -0.862007737159729, -0.9087221026420593], [0.0, 0.0, 0.0, 1.0]]}, "finger2joint3": {"matrix": [[-0.3594358265399933, -0.9321728348731995, -0.04312187060713768, -1.754814863204956], [-0.8932105302810669, 0.33029934763908386, 0.30508485436439514, -0.1437005251646042], [-0.2701489329338074, 0.148175448179245, -0.9513481259346008, -1.0627397298812866], [0.0, 0.0, 0.0, 1.0]]}, "Bone.002": {"matrix": [[0.06872408092021942, -0.03684909641742706, 0.9969549179077148, -0.9099307060241699], [-0.9741730093955994, 0.21297380328178406, 0.07502544671297073, -0.18518441915512085], [-0.21509011089801788, -0.9763626456260681, -0.02126096561551094, 0.29362696409225464], [0.0, 0.0, 0.0, 1.0]]}, "finger3joint1": {"matrix": [[-0.012958407402038574, -0.6458895802497864, 0.763320803642273, -0.9254629611968994], [-0.9789314866065979, 0.16376814246177673, 0.12195487320423126, -0.09541382640600204], [-0.2037772238254547, -0.7456583976745605, -0.6344037652015686, -0.1179196834564209], [0.0, 0.0, 0.0, 1.0]]}, "finger3joint2": {"matrix": [[-0.14452657103538513, -0.869490385055542, -0.47233301401138306, -1.4920251369476318], [-0.9447053074836731, -0.020750148221850395, 0.3272630274295807, 0.04824056476354599], [-0.2943532168865204, 0.4935137927532196, -0.818413257598877, -0.7719974517822266], [0.0, 0.0, 0.0, 1.0]]}, "finger3joint3": {"matrix": [[-0.10599733144044876, -0.42896682024002075, -0.8970797061920166, -2.0546555519104004], [-0.986134946346283, -0.07049255818128586, 0.15022820234298706, 0.03481355309486389], [-0.12768054008483887, 0.900565505027771, -0.4155470132827759, -0.4526544213294983], [0.0, 0.0, 0.0, 1.0]]}, "Bone.003": {"matrix": [[0.5635913610458374, 0.43131083250045776, 0.7045110464096069, -0.9099306464195251], [-0.5004104971885681, 0.856826901435852, -0.12424460798501968, -0.18518443405628204], [-0.6572321057319641, -0.28252142667770386, 0.6987327337265015, 0.29362696409225464], [0.0, 0.0, 0.0, 1.0]]}, "finger4joint1": {"matrix": [[-0.15077495574951172, -0.7115022540092468, 0.6863172054290771, -0.7250624895095825], [-0.8850386738777161, 0.406454473733902, 0.22693809866905212, 0.18206825852394104], [-0.440423846244812, -0.5732006430625916, -0.690990149974823, 0.1725327968597412], [0.0, 0.0, 0.0, 1.0]]}, "finger4joint2": {"matrix": [[-0.15376418828964233, -0.9864558577537537, -0.05710700899362564, -1.4318395853042603], [-0.8709415197372437, 0.10800722241401672, 0.47936907410621643, 0.5858234167098999], [-0.46670863032341003, 0.12344671785831451, -0.8757531046867371, -0.3968612551689148], [0.0, 0.0, 0.0, 1.0]]}, "finger4joint3": {"matrix": [[-0.07038001716136932, -0.8617030382156372, -0.5025079846382141, -1.8432537317276], [-0.8838244676589966, -0.17969582974910736, 0.4319295883178711, 0.6308692097663879], [-0.46249380707740784, 0.47452816367149353, -0.748947262763977, -0.345376193523407], [0.0, 0.0, 0.0, 1.0]]}}