{"root": {"matrix": [[0.3945600986480713, -0.4745030403137207, -0.7868730425834656, -2.9802322387695312e-08], [-0.90910404920578, -0.07706373184919357, -0.40937885642051697, 0.0], [0.13361206650733948, 0.8768740296363831, -0.4617789387702942, 0.0], [0.0, 0.0, 0.0, 1.0]]}, "carpals": {"matrix": [[0.782211184501648, -0.62254399061203, -0.024176521226763725, 0.5163012742996216], [0.5050753355026245, 0.6109396815299988, 0.6096320152282715, -2.0853214263916016], [-0.3647523522377014, -0.4890720546245575, 0.792315661907196, 1.2123749256134033], [0.0, 0.0, 0.0, 1.0]]}, "metacarpals": {"matrix": [[0.23646534979343414, -0.6964053511619568, 0.6775718927383423, -0.09005272388458252], [0.0697866752743721, 0.7077203989028931, 0.7030371427536011, -1.4902697801589966], [-0.9691303968429565, -0.11895842850208282, 0.21595124900341034, 0.7360216379165649], [0.0, 0.0, 0.0, 1.0]]}, "finger5joint1": {"matrix": [[-0.02787446416914463, -0.9978369474411011, 0.059534430503845215, -0.8076926469802856], [0.38108134269714355, 0.04445207118988037, 0.923471987247467, -1.3878471851348877], [-0.924121081829071, 0.04842878505587578, 0.379018098115921, 0.7493495345115662], [0.0, 0.0, 0.0, 1.0]]}, "finger5joint2": {"matrix": [[0.02570231817662716, -0.45420128107070923, -0.8905279636383057, -1.8616801500320435], [0.9571741819381714, 0.26815134286880493, -0.10914106667041779, -1.3408937454223633], [0.28836846351623535, -0.8495854735374451, 0.4416421353816986, 0.8005034923553467], [0.0, 0.0, 0.0, 1.0]]}, "finger5joint3": {"matrix": [[0.03217606991529465, -0.12261815369129181, -0.9919318556785583, -2.173868417739868], [0.9825779795646667, 0.18563424050807953, 0.008925310336053371, -1.1565839052200317], [0.1830422431230545, -0.9749380946159363, 0.12645503878593445, 0.21655359864234924], [0.0, 0.0, 0.0, 1.0]]}, "Bone": {"matrix": [[0.6647437214851379, 0.006160056218504906, 0.7470459938049316, -1.1773349046707153], [-0.7453380227088928, 0.07354415208101273, 0.662617564201355, -0.3853216767311096], [-0.050859108567237854, -0.9972728490829468, 0.05347937345504761, 0.5502945184707642], [0.0, 0.0, 0.0, 1.0]]}, "finger1joint1": {"matrix": [[0.582384467124939, -0.6471219658851624, 0.4919973313808441, -1.172208547592163], [-0.14525094628334045, 0.5126498937606812, 0.8462220430374146, -0.3241191506385803], [-0.7998314499855042, -0.5642897486686707, 0.20456433296203613, -0.2796236574649811], [0.0, 0.0, 0.0, 1.0]]}, "finger1joint2": {"matrix": [[0.4177643656730652, -0.8024519085884094, 0.42607957124710083, -1.5379478931427002], [-0.406216561794281, 0.25450995564460754, 0.8776174187660217, -0.034380532801151276], [-0.8126874566078186, -0.539717972278595, -0.21964406967163086, -0.5985480546951294], [0.0, 0.0, 0.0, 1.0]]}, "finger1joint3": {"matrix": [[0.4879237711429596, -0.8728702068328857, 0.005286090541630983, -1.8819459676742554], [-0.3243114948272705, -0.17565718293190002, 0.9294978380203247, 0.07472369819879532], [-0.8104026317596436, -0.4552385210990906, -0.3687891364097595, -0.8299162983894348], [0.0, 0.0, 0.0, 1.0]]}, "Bone.001": {"matrix": [[0.7107916474342346, 0.019963011145591736, 0.703119158744812, -1.1773347854614258], [-0.5928475260734558, 0.5549675226211548, 0.583560049533844, -0.385321706533432], [-0.3785587251186371, -0.8316322565078735, 0.4063014090061188, 0.5502945184707642], [0.0, 0.0, 0.0, 1.0]]}, "finger2joint1": {"matrix": [[0.3064279854297638, -0.2932720482349396, 0.9055899977684021, -1.1646807193756104], [-0.034481484442949295, 0.9473116397857666, 0.3184511363506317, -0.03353685140609741], [-0.9512689113616943, -0.12880843877792358, 0.2801704704761505, 0.023136451840400696], [0.0, 0.0, 0.0, 1.0]]}, "finger2joint2": {"matrix": [[0.19364672899246216, -0.7490094304084778, 0.6336289644241333, -1.4184045791625977], [0.022045936435461044, 0.6490130424499512, 0.760457456111908, 0.7860287427902222], [-0.9808235168457031, -0.13329118490219116, 0.14219193160533905, -0.08830203860998154], [0.0, 0.0, 0.0, 1.0]]}, "finger2joint3": {"matrix": [[0.04906298220157623, -0.9857850670814514, 0.1606874316930771, -1.7027411460876465], [0.028302686288952827, 0.16218864917755127, 0.9863535165786743, 1.0324047803878784], [-0.9983944296836853, -0.043845582753419876, 0.035857848823070526, -0.13890156149864197], [0.0, 0.0, 0.0, 1.0]]}, "Bone.002": {"matrix": [[0.5122406482696533, -0.39575818181037903, 0.7622237205505371, -1.1773349046707153], [-0.047084540128707886, 0.8732261061668396, 0.48503485321998596, -0.385321706533432], [-0.8575502634048462, -0.2843434810638428, 0.42866790294647217, 0.5502945184707642], [0.0, 0.0, 0.0, 1.0]]}, "finger3joint1": {"matrix": [[0.5636662244796753, -0.30010074377059937, 0.769558310508728, -1.3441509008407593], [-0.3417932391166687, 0.7634212970733643, 0.5480555295944214, -0.017248153686523438], [-0.7519693374633789, -0.5719501972198486, 0.32774245738983154, 0.43044087290763855], [0.0, 0.0, 0.0, 1.0]]}, "finger3joint2": {"matrix": [[0.4788392186164856, -0.7938739657402039, -0.37480273842811584, -1.607393741607666], [-0.2377793788909912, -0.528251588344574, 0.8151140213012695, 0.6524109840393066], [-0.8450881838798523, -0.30118823051452637, -0.44171443581581116, -0.07126328349113464], [0.0, 0.0, 0.0, 1.0]]}, "finger3joint3": {"matrix": [[0.49506285786628723, -0.2249472290277481, -0.8392326831817627, -2.121093988418579], [-0.3973778188228607, -0.9175823926925659, 0.011534863151609898, 0.3105897307395935], [-0.7726600766181946, 0.32778191566467285, -0.5436499714851379, -0.26615625619888306], [0.0, 0.0, 0.0, 1.0]]}, "Bone.003": {"matrix": [[0.5487118363380432, -0.17501968145370483, 0.8174861073493958, -1.1773349046707153], [0.6788118481636047, 0.6640447378158569, -0.31346243619918823, -0.385321706533432], [-0.48798519372940063, 0.726919949054718, 0.4831746816635132, 0.5502945184707642], [0.0, 0.0, 0.0, 1.0]]}, "finger4joint1": {"matrix": [[0.5366787910461426, -0.2892201244831085, 0.7926710844039917, -1.2523518800735474], [-0.3697102665901184, 0.7638436555862427, 0.5290147066116333, -0.10069924592971802], [-0.7584787011146545, -0.5769696831703186, 0.30301111936569214, 0.8618665337562561], [0.0, 0.0, 0.0, 1.0]]}, "finger4joint2": {"matrix": [[0.5451143980026245, -0.7919307947158813, 0.275128573179245, -1.5396511554718018], [-0.34181907773017883, 0.08971098810434341, 0.9354736804962158, 0.6580716967582703], [-0.7655126452445984, -0.6039844751358032, -0.2217942625284195, 0.2887284755706787], [0.0, 0.0, 0.0, 1.0]]}, "finger4joint3": {"matrix": [[0.6049745082855225, -0.7937237620353699, -0.0633104220032692, -1.8699359893798828], [-0.3617413640022278, -0.3448076546192169, 0.866169810295105, 0.6954867839813232], [-0.7093297243118286, -0.5011088252067566, -0.49572262167930603, 0.03682897984981537], [0.0, 0.0, 0.0, 1.0]]}}