{"root": {"matrix": [[0.5884793996810913, -0.16842049360275269, 0.7907758951187134, 0.0], [0.1357397884130478, 0.984761118888855, 0.10872092097997665, 5.960464477539063e-08], [-0.7970361709594727, 0.043359801173210144, 0.6023730039596558, 0.0], [0.0, 0.0, 0.0, 1.0]]}, "carpals": {"matrix": [[-0.4386010766029358, -0.7819821238517761, -0.442868709564209, 1.0770740509033203], [0.0889091044664383, -0.5281378030776978, 0.844491183757782, 1.2586491107940674], [-0.8942729830741882, 0.33101963996887207, 0.30116724967956543, -1.8277578353881836], [0.0, 0.0, 0.0, 1.0]]}, "metacarpals": {"matrix": [[-0.5395824313163757, -0.8365373611450195, 0.09516118466854095, 0.3154282569885254], [0.1373850256204605, 0.024028319865465164, 0.990226149559021, 0.7442460656166077], [-0.8306480050086975, 0.5473823547363281, 0.10196258127689362, -1.5053467750549316], [0.0, 0.0, 0.0, 1.0]]}, "finger5joint1": {"matrix": [[-0.18104426562786102, -0.975360631942749, -0.12607184052467346, -0.10642611980438232], [0.29505860805511475, -0.17615307867527008, 0.9391008019447327, 0.32650506496429443], [-0.9381701946258545, 0.13282009959220886, 0.31968021392822266, -1.0891664028167725], [0.0, 0.0, 0.0, 1.0]]}, "finger5joint2": {"matrix": [[-0.09042101353406906, -0.9928324222564697, 0.0781463235616684, -1.1366726160049438], [0.9356396794319153, -0.11156907677650452, -0.33485865592956543, 0.14043943583965302], [0.34117749333381653, 0.042838484048843384, 0.9390221238136292, -0.9488720893859863], [0.0, 0.0, 0.0, 1.0]]}, "finger5joint3": {"matrix": [[-0.18687689304351807, -0.9724329710006714, -0.1394643634557724, -1.8190809488296509], [0.9381480813026428, -0.13453397154808044, -0.31902703642845154, 0.06375409662723541], [0.29146990180015564, -0.19045720994472504, 0.9374278783798218, -0.9194276928901672], [0.0, 0.0, 0.0, 1.0]]}, "Bone": {"matrix": [[0.7320705056190491, -0.6794256567955017, 0.04952987655997276, -0.9906388521194458], [-0.08617717027664185, -0.020241057500243187, 0.9960740804672241, 0.7817609310150146], [-0.6757557392120361, -0.7334650754928589, -0.07336879521608353, -0.6507310271263123], [0.0, 0.0, 0.0, 1.0]]}, "finger1joint1": {"matrix": [[-0.23309797048568726, -0.7340312600135803, 0.6378581523895264, -1.5560483932495117], [0.1558043211698532, 0.6192634105682373, 0.7695697546005249, 0.7649165391921997], [-0.9598907828330994, 0.2787661552429199, -0.029983604326844215, -1.2611114978790283], [0.0, 0.0, 0.0, 1.0]]}, "finger1joint2": {"matrix": [[-0.401502788066864, -0.7616452574729919, -0.5086174607276917, -1.9709070920944214], [-0.09831177443265915, -0.5162948369979858, 0.8507492542266846, 1.1149108409881592], [-0.910565972328186, 0.39158111810684204, 0.13241510093212128, -1.1035590171813965], [0.0, 0.0, 0.0, 1.0]]}, "finger1joint3": {"matrix": [[-0.4227335751056671, 0.3260463774204254, -0.8455706834793091, -2.2974119186401367], [0.00735945301130414, -0.9317736625671387, -0.362964928150177, 0.8935837745666504], [-0.906224250793457, -0.1596604436635971, 0.3914922773838043, -0.9356945753097534], [0.0, 0.0, 0.0, 1.0]]}, "Bone.001": {"matrix": [[0.45946305990219116, -0.8366901278495789, 0.29806530475616455, -0.990638792514801], [0.030150389298796654, 0.35008370876312256, 0.9362329244613647, 0.7817609906196594], [-0.8876847624778748, -0.42117786407470703, 0.18607722222805023, -0.6507308483123779], [0.0, 0.0, 0.0, 1.0]]}, "finger2joint1": {"matrix": [[-0.27448126673698425, -0.5375579595565796, -0.7973023653030396, -1.521003007888794], [0.2683676481246948, -0.8390264511108398, 0.4733003079891205, 1.0036733150482178], [-0.9233843088150024, -0.0840582624077797, 0.3745602071285248, -0.917708694934845], [0.0, 0.0, 0.0, 1.0]]}, "finger2joint2": {"matrix": [[-0.2471086084842682, -0.39559394121170044, -0.8845577239990234, -1.9860706329345703], [0.14650149643421173, -0.917626678943634, 0.36945676803588867, 0.2777904272079468], [-0.9578489661216736, -0.03829321637749672, 0.28470849990844727, -0.990431547164917], [0.0, 0.0, 0.0, 1.0]]}, "finger2joint3": {"matrix": [[-0.2108185589313507, -0.15142185986042023, -0.9657258987426758, -2.136244535446167], [0.006683311425149441, -0.9881296157836914, 0.15347574651241302, -0.0705556869506836], [-0.9775022864341736, 0.025901203975081444, 0.20932796597480774, -1.004968285560608], [0.0, 0.0, 0.0, 1.0]]}, "Bone.002": {"matrix": [[-0.2588109076023102, -0.8798501491546631, 0.39859771728515625, -0.9906388521194458], [0.25097617506980896, 0.33723101019859314, 0.9073511362075806, 0.7817609310150146], [-0.9327528476715088, 0.334870845079422, 0.13354253768920898, -0.6507309079170227], [0.0, 0.0, 0.0, 1.0]]}, "finger3joint1": {"matrix": [[-0.42497771978378296, -0.9024023413658142, 0.07115836441516876, -1.3615045547485352], [0.13828295469284058, 0.012967102229595184, 0.9903078079223633, 0.9239072203636169], [-0.8945792317390442, 0.4306986629962921, 0.11927624046802521, -0.5095794796943665], [0.0, 0.0, 0.0, 1.0]]}, "finger3joint2": {"matrix": [[-0.5647578239440918, -0.24611060321331024, -0.7877041101455688, -2.1530752182006836], [0.10007133334875107, -0.9678757786750793, 0.23065580427646637, 0.9352816343307495], [-0.8191669583320618, 0.05143794044852257, 0.5712440609931946, -0.1317785680294037], [0.0, 0.0, 0.0, 1.0]]}, "finger3joint3": {"matrix": [[-0.4357564449310303, 0.3628177046775818, -0.8236984610557556, -2.312328577041626], [0.011712833307683468, -0.9127917885780334, -0.40825727581977844, 0.3089883327484131], [-0.8999884724617004, -0.1875486522912979, 0.39350518584251404, -0.09849409759044647], [0.0, 0.0, 0.0, 1.0]]}, "Bone.003": {"matrix": [[-0.410765677690506, 0.002769959159195423, 0.9117365479469299, -0.9906388521194458], [0.829435408115387, 0.4163399040699005, 0.37242159247398376, 0.7817609906196594], [-0.37856075167655945, 0.90920490026474, -0.17331551015377045, -0.6507309675216675], [0.0, 0.0, 0.0, 1.0]]}, "finger4joint1": {"matrix": [[-0.13335540890693665, -0.943367600440979, 0.30376526713371277, -0.9894515872001648], [0.06662724912166595, 0.2972757816314697, 0.9524639844894409, 0.9602123498916626], [-0.9888260960578918, 0.14725516736507416, 0.023210762068629265, -0.2610280513763428], [0.0, 0.0, 0.0, 1.0]]}, "finger4joint2": {"matrix": [[-0.14905469119548798, -0.6718348264694214, -0.7255480289459229, -1.9265542030334473], [0.09180403500795364, -0.739978015422821, 0.6663364768028259, 1.2555139064788818], [-0.9845579862594604, 0.0327121876180172, 0.171974316239357, -0.11475079506635666], [0.0, 0.0, 0.0, 1.0]]}, "finger4joint3": {"matrix": [[-0.08206210285425186, 0.0662023276090622, -0.9944256544113159, -2.206751585006714], [0.14324024319648743, -0.9866483211517334, -0.07750508934259415, 0.9468965530395508], [-0.9862797260284424, -0.14880210161209106, 0.07148345559835434, -0.10110774636268616], [0.0, 0.0, 0.0, 1.0]]}}