{"root": {"matrix": [[0.4098397493362427, -0.5674344897270203, -0.7141774892807007, -5.960464477539063e-08], [-0.8381974101066589, 0.07455563545227051, -0.5402467846870422, 0.0], [0.3598005473613739, 0.8200362920761108, -0.44506633281707764, 0.0], [0.0, 0.0, 0.0, 1.0]]}, "carpals": {"matrix": [[0.7652387022972107, -0.6434018015861511, -0.021064134314656258, 0.45172005891799927], [0.3523111045360565, 0.3911914527416229, 0.8502033352851868, -1.7618472576141357], [-0.5387822985649109, -0.6580297350883484, 0.5260326266288757, 1.666381597518921], [0.0, 0.0, 0.0, 1.0]]}, "metacarpals": {"matrix": [[0.1945214718580246, -0.5962920784950256, 0.7788434028625488, -0.17494940757751465], [-0.42175495624542236, 0.6660234928131104, 0.6152520179748535, -1.3808293342590332], [-0.8855981230735779, -0.4481608271598816, -0.1219332218170166, 1.025464653968811], [0.0, 0.0, 0.0, 1.0]]}, "finger5joint1": {"matrix": [[0.24340209364891052, -0.6575469970703125, 0.7130128145217896, -0.8697577118873596], [-0.3904748260974884, 0.6064873933792114, 0.692605197429657, -1.1798412799835205], [-0.8878539800643921, -0.4469951093196869, -0.10913519561290741, 0.9752643704414368], [0.0, 0.0, 0.0, 1.0]]}, "finger5joint2": {"matrix": [[0.7295577526092529, -0.5885840058326721, -0.34830158948898315, -1.5643064975738525], [0.6805455684661865, 0.574245035648346, 0.4550820589065552, -0.5392253994941711], [-0.06784354895353317, -0.5690436363220215, 0.8195034861564636, 0.5031158328056335], [0.0, 0.0, 0.0, 1.0]]}, "finger5joint3": {"matrix": [[0.6894882917404175, -0.5837322473526001, -0.4287915527820587, -1.9688608646392822], [0.7050915360450745, 0.4055213928222656, 0.5817195177078247, -0.1445266455411911], [-0.1656842678785324, -0.7034261226654053, 0.6911872625350952, 0.11199216544628143], [0.0, 0.0, 0.0, 1.0]]}, "Bone": {"matrix": [[0.5511515140533447, -0.03414761275053024, 0.8337060809135437, -1.1059268712997437], [-0.772793710231781, -0.39770129323005676, 0.49459385871887207, -0.34098169207572937], [0.31467679142951965, -0.9168792366981506, -0.2455827295780182, 0.3257611393928528], [0.0, 0.0, 0.0, 1.0]]}, "finger1joint1": {"matrix": [[0.5850926637649536, -0.7640410661697388, 0.2718597948551178, -1.134344220161438], [-0.539176344871521, -0.11608719080686569, 0.8341535329818726, -0.6719437837600708], [-0.6057683229446411, -0.6346376538276672, -0.4798746407032013, -0.4372544288635254], [0.0, 0.0, 0.0, 1.0]]}, "finger1joint2": {"matrix": [[0.4897043704986572, -0.8530372977256775, 0.18032453954219818, -1.5661635398864746], [-0.7651087641716003, -0.3212645947933197, 0.5580297708511353, -0.7375537157058716], [-0.41808849573135376, -0.4112376272678375, -0.8099910616874695, -0.7959378957748413], [0.0, 0.0, 0.0, 1.0]]}, "finger1joint3": {"matrix": [[0.5364127159118652, -0.8082423210144043, -0.24291107058525085, -1.9318466186523438], [-0.6923578381538391, -0.5860227346420288, 0.4209722578525543, -0.875274658203125], [-0.4825992286205292, -0.05763356760144234, -0.8739429712295532, -0.9722287058830261], [0.0, 0.0, 0.0, 1.0]]}, "Bone.001": {"matrix": [[0.6013222336769104, 0.05486318841576576, 0.7971207499504089, -1.1059269905090332], [-0.7977180480957031, 0.09785229712724686, 0.5950380563735962, -0.340981662273407], [-0.0453544557094574, -0.9936874508857727, 0.10260620713233948, 0.32576116919517517], [0.0, 0.0, 0.0, 1.0]]}, "finger2joint1": {"matrix": [[0.4070812463760376, -0.9129337072372437, -0.02892608940601349, -1.0711500644683838], [-0.5099790692329407, -0.25344693660736084, 0.8220009207725525, -0.2789546847343445], [-0.7577637434005737, -0.3198695480823517, -0.5687506794929504, -0.3041210472583771], [0.0, 0.0, 0.0, 1.0]]}, "finger2joint2": {"matrix": [[0.32377925515174866, -0.6859419345855713, -0.6516520977020264, -1.860973596572876], [-0.6045811772346497, -0.6797906756401062, 0.4151695668697357, -0.4982239902019501], [-0.7277694940567017, 0.25955328345298767, -0.6348097920417786, -0.5808558464050293], [0.0, 0.0, 0.0, 1.0]]}, "finger2joint3": {"matrix": [[0.2998899519443512, -0.2118827998638153, -0.9301459193229675, -2.121368408203125], [-0.7132235169410706, -0.6973203420639038, -0.07110542804002762, -0.756283700466156], [-0.633543848991394, 0.6847259402275085, -0.36023926734924316, -0.4823251962661743], [0.0, 0.0, 0.0, 1.0]]}, "Bone.002": {"matrix": [[0.45664557814598083, -0.2843021750450134, 0.8429988622665405, -1.1059268712997437], [-0.5128134489059448, 0.690186619758606, 0.5105530619621277, -0.340981662273407], [-0.726978063583374, -0.665442943572998, 0.16937676072120667, 0.32576116919517517], [0.0, 0.0, 0.0, 1.0]]}, "finger3joint1": {"matrix": [[0.38216906785964966, -0.0950460359454155, 0.9191915392875671, -1.2257630825042725], [-0.6836168766021729, 0.6402114033699036, 0.35042405128479004, -0.05006110668182373], [-0.6217835545539856, -0.7622960209846497, 0.17969395220279694, 0.04527026414871216], [0.0, 0.0, 0.0, 1.0]]}, "finger3joint2": {"matrix": [[0.3263828158378601, -0.855223536491394, 0.40257537364959717, -1.309135913848877], [-0.5868576765060425, 0.1505315899848938, 0.7955740094184875, 0.5115205645561218], [-0.7409941554069519, -0.49591606855392456, -0.45276352763175964, -0.6234017014503479], [0.0, 0.0, 0.0, 1.0]]}, "finger3joint3": {"matrix": [[0.2111971229314804, -0.977436900138855, 0.0035974602214992046, -1.8625340461730957], [-0.7040855884552002, -0.14957857131958008, 0.6941825151443481, 0.60892653465271], [-0.6779817342758179, -0.14914225041866302, -0.7197896838188171, -0.9442992210388184], [0.0, 0.0, 0.0, 1.0]]}, "Bone.003": {"matrix": [[0.6124070882797241, -0.04391836002469063, 0.7893217206001282, -1.1059268712997437], [0.28748857975006104, 0.9424655437469482, -0.1706128865480423, -0.340981662273407], [-0.736415445804596, 0.3314056694507599, 0.5897986888885498, 0.3257611393928528], [0.0, 0.0, 0.0, 1.0]]}, "finger4joint1": {"matrix": [[0.2375008761882782, -0.36497029662132263, 0.9002165794372559, -1.124751091003418], [-0.4919525682926178, 0.7539047598838806, 0.43544191122055054, 0.06297743320465088], [-0.8376011848449707, -0.546281635761261, -0.0004949725698679686, 0.4678080677986145], [0.0, 0.0, 0.0, 1.0]]}, "finger4joint2": {"matrix": [[0.24641120433807373, -0.9584391713142395, 0.14379054307937622, -1.487297773361206], [-0.4660411775112152, 0.012905468232929707, 0.8846685290336609, 0.8118754625320435], [-0.8497568964958191, -0.28500455617904663, -0.44349202513694763, -0.07484573125839233], [0.0, 0.0, 0.0, 1.0]]}, "finger4joint3": {"matrix": [[0.32309964299201965, -0.7503882050514221, -0.5766489505767822, -1.8870272636413574], [-0.47839245200157166, -0.6552504301071167, 0.5846254229545593, 0.8172578811645508], [-0.8165456652641296, 0.08697216957807541, -0.5706912279129028, -0.1937105506658554], [0.0, 0.0, 0.0, 1.0]]}}