{"root": {"matrix": [[0.20005269348621368, -0.9140779376029968, -0.3527612090110779, 0.0], [-0.19931775331497192, 0.3145432472229004, -0.9280813336372375, -2.9802322387695312e-08], [0.9592972993850708, 0.25597676634788513, -0.1192668080329895, 0.0], [0.0, 0.0, 0.0, 1.0]]}, "carpals": {"matrix": [[0.9080678820610046, -0.29422587156295776, -0.29806652665138245, -0.4026407301425934], [0.25580671429634094, -0.1738801747560501, 0.9509618282318115, -0.03853107988834381], [-0.331625372171402, -0.9397854208946228, -0.08262983709573746, 2.4333887100219727], [0.0, 0.0, 0.0, 1.0]]}, "metacarpals": {"matrix": [[0.45051681995391846, -0.5766579508781433, 0.6815423965454102, -0.6892150640487671], [-0.7085821628570557, 0.2334311604499817, 0.6658986210823059, -0.20788933336734772], [-0.5430891513824463, -0.7829272747039795, -0.3034447431564331, 1.5180433988571167], [0.0, 0.0, 0.0, 1.0]]}, "finger5joint1": {"matrix": [[0.2501260042190552, -0.39679744839668274, 0.8831696510314941, -1.3777107000350952], [-0.6238179802894592, 0.6315543055534363, 0.4604237377643585, -0.22427448630332947], [-0.7404646873474121, -0.6661009192466736, -0.08956114202737808, 1.2913717031478882], [0.0, 0.0, 0.0, 1.0]]}, "finger5joint2": {"matrix": [[0.8996027708053589, -0.3341467082500458, -0.28117692470550537, -1.7968368530273438], [0.43668848276138306, 0.6821017861366272, 0.5865491628646851, 0.442818820476532], [-0.004202140495181084, -0.6504477262496948, 0.7595388889312744, 0.5877877473831177], [0.0, 0.0, 0.0, 1.0]]}, "finger5joint3": {"matrix": [[0.8785892724990845, -0.36524972319602966, -0.30768999457359314, -2.026507616043091], [0.4655020534992218, 0.5109873414039612, 0.7226335406303406, 0.9116513133049011], [-0.10671594738960266, -0.7781282663345337, 0.6189727783203125, 0.1407122015953064], [0.0, 0.0, 0.0, 1.0]]}, "Bone": {"matrix": [[0.5795950293540955, 0.23374043405056, 0.7806630730628967, -1.5895382165908813], [-0.39554938673973083, -0.7568637728691101, 0.5202861428260803, 0.15656155347824097], [0.7124674320220947, -0.6103463172912598, -0.3462184965610504, 0.295676589012146], [0.0, 0.0, 0.0, 1.0]]}, "finger1joint1": {"matrix": [[0.7445809245109558, -0.49053502082824707, 0.4527410566806793, -1.3950222730636597], [-0.6390528082847595, -0.3278188705444336, 0.6958060264587402, -0.47329118847846985], [-0.1929003894329071, -0.8074094653129578, -0.5575652718544006, -0.2122460901737213], [0.0, 0.0, 0.0, 1.0]]}, "finger1joint2": {"matrix": [[0.5810467600822449, -0.6534191370010376, 0.48520925641059875, -1.6722620725631714], [-0.8138670921325684, -0.46810683608055115, 0.34423279762268066, -0.6585673093795776], [0.002201228868216276, -0.5949112772941589, -0.8037881255149841, -0.6685764193534851], [0.0, 0.0, 0.0, 1.0]]}, "finger1joint3": {"matrix": [[0.6507768630981445, -0.751203179359436, 0.11037765443325043, -1.9523720741271973], [-0.7570971250534058, -0.6310340166091919, 0.16911526024341583, -0.8592370748519897], [-0.057388097047805786, -0.19362302124500275, -0.9793959259986877, -0.9236050844192505], [0.0, 0.0, 0.0, 1.0]]}, "Bone.001": {"matrix": [[0.7122506499290466, 0.2598843276500702, 0.6520420908927917, -1.5895382165908813], [-0.5639920830726624, -0.3411198854446411, 0.7520304322242737, 0.15656150877475739], [0.4178653657436371, -0.9033809304237366, -0.09638999402523041, 0.2956766188144684], [0.0, 0.0, 0.0, 1.0]]}, "finger2joint1": {"matrix": [[0.8414449095726013, -0.5091609358787537, 0.18090173602104187, -1.4248017072677612], [-0.5183145999908447, -0.6659467816352844, 0.5365300178527832, -0.05966883897781372], [-0.15270930528640747, -0.545224666595459, -0.8242630362510681, -0.2769617438316345], [0.0, 0.0, 0.0, 1.0]]}, "finger2joint2": {"matrix": [[0.7716198563575745, -0.4999040961265564, -0.39331740140914917, -1.8653017282485962], [-0.6237686276435852, -0.7157682180404663, -0.31398752331733704, -0.6358119249343872], [-0.12456062436103821, 0.48761796951293945, -0.8641255497932434, -0.7486622929573059], [0.0, 0.0, 0.0, 1.0]]}, "finger2joint3": {"matrix": [[0.7412267923355103, -0.35215428471565247, -0.5714630484580994, -2.0550737380981445], [-0.6711813807487488, -0.37626010179519653, -0.6387045383453369, -0.907529354095459], [0.009903628379106522, 0.8569802641868591, -0.5152536034584045, -0.5635545253753662], [0.0, 0.0, 0.0, 1.0]]}, "Bone.002": {"matrix": [[0.6813779473304749, -0.23157350718975067, 0.6943325996398926, -1.5895382165908813], [-0.6538640856742859, 0.23371070623397827, 0.719611644744873, 0.15656150877475739], [-0.32891610264778137, -0.9443265199661255, 0.007827848196029663, 0.2956766188144684], [0.0, 0.0, 0.0, 1.0]]}, "finger3joint1": {"matrix": [[0.5084978938102722, 0.2672366797924042, 0.8185440897941589, -1.6871486902236938], [-0.7264242172241211, 0.6435412764549255, 0.2411688268184662, 0.2550728917121887], [-0.46231794357299805, -0.7172438502311707, 0.521366536617279, -0.10236650705337524], [0.0, 0.0, 0.0, 1.0]]}, "finger3joint2": {"matrix": [[0.5122154951095581, -0.7930566072463989, 0.3296915590763092, -1.4527336359024048], [-0.6243289709091187, -0.08020850270986557, 0.777032732963562, 0.8195754289627075], [-0.589786946773529, -0.6038440465927124, -0.5362120270729065, -0.7315194606781006], [0.0, 0.0, 0.0, 1.0]]}, "finger3joint3": {"matrix": [[0.40949198603630066, -0.6605066657066345, -0.6293229460716248, -1.9659051895141602], [-0.7493064403533936, -0.6370058059692383, 0.1810065507888794, 0.7676740884780884], [-0.5204384922981262, 0.3974347412586212, -0.7557704448699951, -1.1222550868988037], [0.0, 0.0, 0.0, 1.0]]}, "Bone.003": {"matrix": [[0.7095280289649963, -0.2622312605381012, 0.654067873954773, -1.5895382165908813], [0.07107234746217728, 0.9500779509544373, 0.3038100600242615, 0.15656152367591858], [-0.7010838389396667, -0.1690753996372223, 0.6927443146705627, 0.295676589012146], [0.0, 0.0, 0.0, 1.0]]}, "finger4joint1": {"matrix": [[0.42069926857948303, -0.33216509222984314, 0.8442027568817139, -1.7019355297088623], [-0.6931886076927185, 0.4826061725616455, 0.5353321433067322, 0.5637834072113037], [-0.5852363109588623, -0.810405433177948, -0.027220888063311577, 0.22320759296417236], [0.0, 0.0, 0.0, 1.0]]}, "finger4joint2": {"matrix": [[0.42919760942459106, -0.681272029876709, -0.5930072665214539, -2.0318949222564697], [-0.6714769005775452, -0.6797853112220764, 0.29497501254081726, 1.0431846380233765], [-0.6040759682655334, 0.271587997674942, -0.749220609664917, -0.5818158984184265], [0.0, 0.0, 0.0, 1.0]]}, "finger4joint3": {"matrix": [[0.49297237396240234, 0.3450736999511719, -0.798687756061554, -2.316027879714966], [-0.6168881058692932, -0.5087121725082397, -0.6005502343177795, 0.7596713304519653], [-0.6135363578796387, 0.7887555360794067, -0.03790928050875664, -0.46854662895202637], [0.0, 0.0, 0.0, 1.0]]}}