{"root": {"matrix": [[0.3576897978782654, -0.8800678253173828, 0.3123117983341217, 5.960464477539063e-08], [0.4188961684703827, -0.14769156277179718, -0.8959426283836365, 0.0], [0.8346161246299744, 0.45129576325416565, 0.31582918763160706, 0.0], [0.0, 0.0, 0.0, 1.0]]}, "carpals": {"matrix": [[-0.3778759241104126, -0.4389667809009552, -0.8151795268058777, -0.08763059973716736], [0.9168018102645874, -0.300240159034729, -0.26330626010894775, 0.9034873247146606], [-0.12916679680347443, -0.8468551635742188, 0.515899121761322, 2.2936906814575195], [0.0, 0.0, 0.0, 1.0]]}, "metacarpals": {"matrix": [[-0.43099650740623474, -0.6766787767410278, -0.596948504447937, -0.5151816606521606], [0.9022652506828308, -0.3324276804924011, -0.27460724115371704, 0.6110552549362183], [-0.012621189467608929, -0.6569606065750122, 0.7538189888000488, 1.4688589572906494], [0.0, 0.0, 0.0, 1.0]]}, "finger5joint1": {"matrix": [[-0.5824428796768188, -0.6031243801116943, -0.5449779629707336, -0.5801511406898499], [0.7978384494781494, -0.5525036454200745, -0.24123334884643555, 0.3759968876838684], [-0.1556084156036377, -0.5753089785575867, 0.8029975891113281, 0.7860695123672485], [0.0, 0.0, 0.0, 1.0]]}, "finger5joint2": {"matrix": [[-0.32483890652656555, -0.9457488656044006, -0.006174477282911539, -1.2172147035598755], [-0.21375635266304016, 0.07977601885795593, -0.973624050617218, -0.20759737491607666], [0.9212965369224548, -0.3149508833885193, -0.22807428240776062, 0.17838658392429352], [0.0, 0.0, 0.0, 1.0]]}, "finger5joint3": {"matrix": [[-0.41087624430656433, -0.8474268317222595, -0.33622583746910095, -1.8672610521316528], [-0.15144763886928558, 0.42711231112480164, -0.8914249539375305, -0.15276451408863068], [0.8990237712860107, -0.31534451246261597, -0.3038311004638672, -0.03809019923210144], [0.0, 0.0, 0.0, 1.0]]}, "Bone": {"matrix": [[0.6500157117843628, -0.4367833733558655, -0.6218517422676086, -1.5716651678085327], [0.48982349038124084, 0.8664551973342896, -0.096582792699337, 0.09204334020614624], [0.5809923410415649, -0.24181713163852692, 0.7771562933921814, 0.4431609511375427], [0.0, 0.0, 0.0, 1.0]]}, "finger1joint1": {"matrix": [[-0.230035200715065, -0.4551696181297302, -0.8601768016815186, -1.9351508617401123], [0.9180984497070312, 0.1916491836309433, -0.34693771600723267, 0.8130967617034912], [0.3227677643299103, -0.8695347905158997, 0.37380456924438477, 0.24192370474338531], [0.0, 0.0, 0.0, 1.0]]}, "finger1joint2": {"matrix": [[0.051924578845500946, -0.16835767030715942, -0.9843572974205017, -2.1924028396606445], [0.9761145710945129, 0.21677786111831665, 0.014413643628358841, 0.9214125871658325], [0.210960254073143, -0.9615938067436218, 0.1755926012992859, -0.24951854348182678], [0.0, 0.0, 0.0, 1.0]]}, "finger1joint3": {"matrix": [[-0.041889797896146774, 0.27163466811180115, -0.9614882469177246, -2.2645747661590576], [0.9639423489570618, 0.2641049027442932, 0.03261689841747284, 1.0143418312072754], [0.2627936899662018, -0.9254528284072876, -0.27290329337120056, -0.6617380380630493], [0.0, 0.0, 0.0, 1.0]]}, "Bone.001": {"matrix": [[0.3857743442058563, -0.8231773376464844, -0.41660165786743164, -1.5716650485992432], [0.7390456199645996, 0.5460241436958313, -0.39454910159111023, 0.09204337000846863], [0.5522584915161133, -0.1556805968284607, 0.8190077543258667, 0.44316092133522034], [0.0, 0.0, 0.0, 1.0]]}, "finger2joint1": {"matrix": [[-0.2443426251411438, -0.5976830124855042, -0.7635911107063293, -2.093463659286499], [0.9441290497779846, 0.032973043620586395, -0.3279220759868622, 0.43815910816192627], [0.22117149829864502, -0.8010538816452026, 0.556233286857605, 0.3444776237010956], [0.0, 0.0, 0.0, 1.0]]}, "finger2joint2": {"matrix": [[-0.22577551007270813, 0.12245669215917587, -0.9664520025253296, -2.610548496246338], [0.9694898724555969, 0.12546828389167786, -0.21058736741542816, 0.4666857123374939], [0.09547135978937149, -0.9845108389854431, -0.14704804122447968, -0.348553329706192], [0.0, 0.0, 0.0, 1.0]]}, "finger2joint3": {"matrix": [[-0.12297560274600983, 0.8128933310508728, -0.5692811608314514, -2.5640621185302734], [0.9923953413963318, 0.09765125066041946, -0.07493714988231659, 0.5143155455589294], [-0.005324792582541704, -0.5741675496101379, -0.8187202215194702, -0.7222898006439209], [0.0, 0.0, 0.0, 1.0]]}, "Bone.002": {"matrix": [[-0.2909526824951172, -0.9020165801048279, -0.31892380118370056, -1.5716649293899536], [0.9165623188018799, -0.16720907390117645, -0.36325564980506897, 0.09204335510730743], [0.2743358016014099, -0.39800354838371277, 0.8754042983055115, 0.44316092133522034], [0.0, 0.0, 0.0, 1.0]]}, "finger3joint1": {"matrix": [[-0.2923785150051117, -0.810458779335022, -0.5076131820678711, -1.9518741369247437], [0.9489595293998718, -0.18023133277893066, -0.2588294744491577, 0.021563053131103516], [0.1182829812169075, -0.5573803186416626, 0.8217882513999939, 0.27539846301078796], [0.0, 0.0, 0.0, 1.0]]}, "finger3joint2": {"matrix": [[-0.3969372808933258, 0.3062628507614136, -0.8652420043945312, -2.6627936363220215], [0.9178398251533508, 0.12904858589172363, -0.3753886818885803, -0.13653254508972168], [-0.003309144638478756, -0.9431591629981995, -0.33232423663139343, -0.21352535486221313], [0.0, 0.0, 0.0, 1.0]]}, "finger3joint3": {"matrix": [[-0.23009093105793, 0.8307732939720154, -0.5068270564079285, -2.4646167755126953], [0.9731517434120178, 0.19954168796539307, -0.11471261829137802, -0.053027741611003876], [0.005833120550960302, -0.5196141600608826, -0.8543809652328491, -0.8238250017166138], [0.0, 0.0, 0.0, 1.0]]}, "Bone.003": {"matrix": [[-0.82986980676651, -0.34208184480667114, 0.4407900869846344, -1.5716650485992432], [0.3303341567516327, -0.9378982186317444, -0.10595428198575974, 0.09204334020614624], [0.44966137409210205, 0.057679738849401474, 0.8913346529006958, 0.4431609511375427], [0.0, 0.0, 0.0, 1.0]]}, "finger4joint1": {"matrix": [[-0.5933488607406616, -0.45552465319633484, -0.6636519432067871, -1.7182880640029907], [0.7739025354385376, -0.5495868921279907, -0.3146887421607971, -0.30995798110961914], [-0.22138574719429016, -0.7003222107887268, 0.6786285638809204, 0.4678836464881897], [0.0, 0.0, 0.0, 1.0]]}, "finger4joint2": {"matrix": [[-0.6163395643234253, -0.14734917879104614, -0.7735717296600342, -2.1707875728607178], [0.7548798322677612, -0.3902735114097595, -0.5271080136299133, -0.8558951616287231], [-0.2242354303598404, -0.9088312983512878, 0.3517720699310303, -0.22778776288032532], [0.0, 0.0, 0.0, 1.0]]}, "finger4joint3": {"matrix": [[-0.5905753970146179, 0.028567349538207054, -0.806476354598999, -2.23224139213562], [0.7923389077186584, -0.1689913421869278, -0.5862088203430176, -1.018663763999939], [-0.15303374826908112, -0.985203206539154, 0.07716722786426544, -0.6068275570869446], [0.0, 0.0, 0.0, 1.0]]}}