{"root": {"matrix": [[0.3815799951553345, -0.7690888047218323, -0.5127368569374084, -5.960464477539063e-08], [-0.904253363609314, -0.19559277594089508, -0.37956464290618896, -1.4901161193847656e-08], [0.1916312426328659, 0.608478307723999, -0.7700854539871216, 0.0], [0.0, 0.0, 0.0, 1.0]]}, "carpals": {"matrix": [[0.5005128383636475, -0.7454146146774292, -0.44027698040008545, 0.16778165102005005], [0.8424879908561707, 0.3023379147052765, 0.44587594270706177, -2.1937217712402344], [-0.1992500126361847, -0.5940948724746704, 0.7793269753456116, 1.1155353784561157], [0.0, 0.0, 0.0, 1.0]]}, "metacarpals": {"matrix": [[0.4952393174171448, -0.7456533908843994, 0.445801317691803, -0.5582478046417236], [0.35353532433509827, 0.6417143940925598, 0.68059903383255, -1.8992464542388916], [-0.7935682535171509, -0.17945295572280884, 0.5814171433448792, 0.5368906259536743], [0.0, 0.0, 0.0, 1.0]]}, "finger5joint1": {"matrix": [[0.802791953086853, -0.5393827557563782, 0.25414782762527466, -1.2540550231933594], [0.16646553575992584, 0.6120359301567078, 0.77311110496521, -1.875049352645874], [-0.5725505352020264, -0.5783406496047974, 0.58112633228302, 0.3345501124858856], [0.0, 0.0, 0.0, 1.0]]}, "finger5joint2": {"matrix": [[0.2550605535507202, -0.4110373556613922, -0.8752097487449646, -1.8237899541854858], [0.7350333333015442, 0.6705119013786316, -0.10069302469491959, -1.2285727262496948], [0.6282274127006531, -0.6176255345344543, 0.4731474220752716, -0.27633509039878845], [0.0, 0.0, 0.0, 1.0]]}, "finger5joint3": {"matrix": [[0.26336953043937683, -0.26246488094329834, -0.9283039569854736, -2.1063103675842285], [0.7988430261611938, 0.5987999439239502, 0.05733778700232506, -0.7677063941955566], [0.5408194661140442, -0.756670355796814, 0.367374062538147, -0.700850784778595], [0.0, 0.0, 0.0, 1.0]]}, "Bone": {"matrix": [[0.7727945446968079, 0.2867361903190613, 0.566189706325531, -1.7224197387695312], [-0.6346371173858643, 0.34224894642829895, 0.6928932070732117, -0.8973520994186401], [0.004899777937680483, -0.8947892785072327, 0.44646164774894714, 0.25671473145484924], [0.0, 0.0, 0.0, 1.0]]}, "finger1joint1": {"matrix": [[0.5971360802650452, -0.79487144947052, 0.10773880779743195, -1.4838013648986816], [0.28303980827331543, 0.3344685137271881, 0.8988986611366272, -0.6125367879867554], [-0.7505443096160889, -0.5062706470489502, 0.42470356822013855, -0.4879179298877716], [0.0, 0.0, 0.0, 1.0]]}, "finger1joint2": {"matrix": [[0.5517580509185791, -0.5788159370422363, -0.6004457473754883, -1.9330453872680664], [-0.010822564363479614, -0.7248637676239014, 0.68880695104599, -0.4235024154186249], [-0.83393394947052, -0.373556524515152, -0.40621379017829895, -0.7740511298179626], [0.0, 0.0, 0.0, 1.0]]}, "finger1joint3": {"matrix": [[0.508974015712738, -0.11146526038646698, -0.8535343408584595, -2.1811742782592773], [0.08559104800224304, -0.9801124930381775, 0.17903442680835724, -0.7342396974563599], [-0.8565160036087036, -0.16417880356311798, -0.48931148648262024, -0.9341886043548584], [0.0, 0.0, 0.0, 1.0]]}, "Bone.001": {"matrix": [[0.885263979434967, 0.1642989218235016, 0.4351014792919159, -1.7224197387695312], [-0.3950209319591522, 0.7594212293624878, 0.5169501304626465, -0.8973521590232849], [-0.2454909384250641, -0.6295116543769836, 0.7371899485588074, 0.25671470165252686], [0.0, 0.0, 0.0, 1.0]]}, "finger2joint1": {"matrix": [[0.8724770545959473, -0.15124906599521637, 0.4646582305431366, -1.6182732582092285], [-0.08399990200996399, 0.8903158903121948, 0.44752782583236694, -0.4159674346446991], [-0.481380820274353, -0.4294891059398651, 0.764075517654419, -0.14232245087623596], [0.0, 0.0, 0.0, 1.0]]}, "finger2joint2": {"matrix": [[0.8085353374481201, -0.5816068053245544, 0.08946482092142105, -1.7491261959075928], [-0.04413935914635658, 0.09166378527879715, 0.9948110580444336, 0.3542884290218353], [-0.5867896676063538, -0.8082889318466187, 0.048441726714372635, -0.5138944387435913], [0.0, 0.0, 0.0, 1.0]]}, "finger2joint3": {"matrix": [[0.72524094581604, -0.4759344160556793, -0.4975055754184723, -1.9699137210845947], [-0.12204598635435104, -0.8000240921974182, 0.5874229073524475, 0.38908547163009644], [-0.6775913834571838, -0.36530470848083496, -0.6382962465286255, -0.8207342624664307], [0.0, 0.0, 0.0, 1.0]]}, "Bone.002": {"matrix": [[0.7421321868896484, -0.44447481632232666, 0.5016790628433228, -1.7224196195602417], [0.23829253017902374, 0.8745585083961487, 0.422331303358078, -0.8973520994186401], [-0.6264634132385254, -0.19387929141521454, 0.7549532055854797, 0.25671470165252686], [0.0, 0.0, 0.0, 1.0]]}, "finger3joint1": {"matrix": [[0.8204285502433777, 0.1914231777191162, 0.5387523770332336, -1.909770131111145], [-0.3877042531967163, 0.8788133263587952, 0.27815842628479004, -0.5287169218063354], [-0.42021697759628296, -0.4370858073234558, 0.7952192425727844, 0.1749926209449768], [0.0, 0.0, 0.0, 1.0]]}, "finger3joint2": {"matrix": [[0.8188502192497253, -0.3743523061275482, 0.43513748049736023, -1.7418574094772339], [-0.254361629486084, 0.4429280459880829, 0.8597177267074585, 0.24216187000274658], [-0.514572024345398, -0.8146624565124512, 0.2674708962440491, -0.20841097831726074], [0.0, 0.0, 0.0, 1.0]]}, "finger3joint3": {"matrix": [[0.7144182324409485, -0.6045007109642029, 0.3523994982242584, -1.9840933084487915], [-0.3730197250843048, 0.09706838428974152, 0.9227316379547119, 0.5287719368934631], [-0.5919989347457886, -0.7906684279441833, -0.15614329278469086, -0.7355630397796631], [0.0, 0.0, 0.0, 1.0]]}, "Bone.003": {"matrix": [[0.5368733406066895, -0.4980265498161316, 0.6809820532798767, -1.7224197387695312], [0.8362563848495483, 0.4208614230155945, -0.351497620344162, -0.8973520994186401], [-0.11154384166002274, 0.7581853866577148, 0.6424273252487183, 0.25671470165252686], [0.0, 0.0, 0.0, 1.0]]}, "finger4joint1": {"matrix": [[0.7094708681106567, 0.1605667620897293, 0.6861990690231323, -1.935883641242981], [-0.22766365110874176, 0.973710298538208, 0.007542026229202747, -0.7169627547264099], [-0.6669483184814453, -0.16157343983650208, 0.7273745536804199, 0.5816876888275146], [0.0, 0.0, 0.0, 1.0]]}, "finger4joint2": {"matrix": [[0.7260833978652954, -0.40472307801246643, 0.5558794140815735, -1.7763830423355103], [-0.20509520173072815, 0.6441532969474792, 0.7368865609169006, 0.2502811551094055], [-0.6563066840171814, -0.6490495204925537, 0.3847024440765381, 0.42118728160858154], [0.0, 0.0, 0.0, 1.0]]}, "finger4joint3": {"matrix": [[0.7490037083625793, -0.6019608974456787, 0.27683255076408386, -1.9451781511306763], [-0.2686888575553894, 0.10596204549074173, 0.9573805928230286, 0.5189335346221924], [-0.6056395769119263, -0.7914637923240662, -0.08237415552139282, 0.1504928320646286], [0.0, 0.0, 0.0, 1.0]]}}