{"root": {"matrix": [[0.34193241596221924, -0.5473825335502625, -0.763841986656189, 0.0], [-0.9201494455337524, -0.3600667119026184, -0.15387307107448578, -2.9802322387695312e-08], [-0.19080671668052673, 0.7554629445075989, -0.6267922520637512, 0.0], [0.0, 0.0, 0.0, 1.0]]}, "carpals": {"matrix": [[0.24059754610061646, -0.9345014691352844, 0.2623351514339447, 0.3233603239059448], [0.799953818321228, 0.34398236870765686, 0.49168041348457336, -2.4160337448120117], [-0.5497148036956787, 0.09155886620283127, 0.8303194046020508, 0.37842294573783875], [0.0, 0.0, 0.0, 1.0]]}, "metacarpals": {"matrix": [[-0.2811141610145569, -0.43006062507629395, 0.8579175472259521, -0.5868384838104248], [-0.36322420835494995, 0.8751423954963684, 0.31967732310295105, -2.0809969902038574], [-0.8882807493209839, -0.22175070643424988, -0.4022234380245209, 0.4676007628440857], [0.0, 0.0, 0.0, 1.0]]}, "finger5joint1": {"matrix": [[0.10622663795948029, -0.5548741817474365, 0.8251244425773621, -1.1358544826507568], [-0.7633361220359802, 0.48626983165740967, 0.4252754747867584, -1.6493515968322754], [-0.637207567691803, -0.6750230193138123, -0.3719007670879364, 0.6623788475990295], [0.0, 0.0, 0.0, 1.0]]}, "finger5joint2": {"matrix": [[0.8258489966392517, -0.4606988728046417, -0.3251607120037079, -1.7219526767730713], [0.42294904589653015, 0.12470198422670364, 0.8975316286087036, -1.1357182264328003], [-0.37294378876686096, -0.8787521123886108, 0.2978372871875763, -0.050629258155822754], [0.0, 0.0, 0.0, 1.0]]}, "finger5joint3": {"matrix": [[0.7958770990371704, -0.4730258285999298, -0.3779228627681732, -2.038607358932495], [0.38268643617630005, -0.09068653732538223, 0.9194163680076599, -1.0500061511993408], [-0.4691803455352783, -0.8763685822486877, 0.1088453084230423, -0.6546263694763184], [0.0, 0.0, 0.0, 1.0]]}, "Bone": {"matrix": [[0.3073621690273285, -0.48192891478538513, 0.8205320239067078, -1.2582825422286987], [-0.944606363773346, -0.25881102681159973, 0.2018297016620636, -0.7146567106246948], [0.11509525775909424, -0.8371148109436035, -0.5347819328308105, 0.12138634920120239], [0.0, 0.0, 0.0, 1.0]]}, "finger1joint1": {"matrix": [[-0.20381221175193787, -0.7781335711479187, 0.5941116213798523, -1.6593377590179443], [-0.46555784344673157, 0.6108761429786682, 0.6403793692588806, -0.9300360679626465], [-0.8612294793128967, -0.1460762768983841, -0.48677030205726624, -0.5752502679824829], [0.0, 0.0, 0.0, 1.0]]}, "finger1joint2": {"matrix": [[-0.35941246151924133, -0.4852019250392914, -0.7971209287643433, -2.0991222858428955], [-0.6505441665649414, -0.4821406602859497, 0.586798369884491, -0.584782063961029], [-0.6690402030944824, 0.7294650673866272, -0.1423579752445221, -0.6578093767166138], [0.0, 0.0, 0.0, 1.0]]}, "finger1joint3": {"matrix": [[-0.4202476441860199, 0.2405819147825241, -0.8749355673789978, -2.3071200847625732], [-0.5696442127227783, -0.8204883933067322, 0.0480000264942646, -0.7914679050445557], [-0.7063266634941101, 0.5185739398002625, 0.4818543791770935, -0.3450997471809387], [0.0, 0.0, 0.0, 1.0]]}, "Bone.001": {"matrix": [[0.22067587077617645, -0.25200262665748596, 0.9422296285629272, -1.2582825422286987], [-0.9456606507301331, 0.18124622106552124, 0.2699543237686157, -0.7146567702293396], [-0.23880469799041748, -0.9506020545959473, -0.19831235706806183, 0.12138637900352478], [0.0, 0.0, 0.0, 1.0]]}, "finger2joint1": {"matrix": [[-0.01602943427860737, -0.08771608024835587, 0.9960164427757263, -1.418022871017456], [-0.7649184465408325, 0.6426028609275818, 0.04428176209330559, -0.599767804145813], [-0.6439272165298462, -0.761161744594574, -0.07739622890949249, -0.481184720993042], [0.0, 0.0, 0.0, 1.0]]}, "finger2joint2": {"matrix": [[-0.11587174236774445, -0.8496498465538025, 0.5144596099853516, -1.4939104318618774], [-0.7044782638549805, 0.4354283809661865, 0.5604571104049683, -0.04382060468196869], [-0.7002027034759521, -0.29748448729515076, -0.6490138173103333, -1.1397030353546143], [0.0, 0.0, 0.0, 1.0]]}, "finger2joint3": {"matrix": [[-0.2580615282058716, -0.8014533519744873, -0.5395151376724243, -1.8164515495300293], [-0.6971282362937927, -0.23215456306934357, 0.6783185005187988, 0.12147516012191772], [-0.6688916087150574, 0.5511592626571655, -0.4988057315349579, -1.2526330947875977], [0.0, 0.0, 0.0, 1.0]]}, "Bone.002": {"matrix": [[-0.032391324639320374, -0.2231912761926651, 0.9742363095283508, -1.2582825422286987], [-0.5555731654167175, 0.8143017888069153, 0.168079674243927, -0.7146568298339844], [-0.8308363556861877, -0.5358152985572815, -0.15037544071674347, 0.12138634920120239], [0.0, 0.0, 0.0, 1.0]]}, "finger3joint1": {"matrix": [[-0.09556925296783447, 0.0021851258352398872, 0.9954203367233276, -1.3523598909378052], [-0.7986627221107483, 0.5967037677764893, -0.07798860967159271, -0.37142038345336914], [-0.5941416621208191, -0.8024584650993347, -0.055281367152929306, -0.10446512699127197], [0.0, 0.0, 0.0, 1.0]]}, "finger3joint2": {"matrix": [[-0.13256381452083588, -0.8009774088859558, 0.5838338732719421, -1.3504431247711182], [-0.6906285881996155, 0.4971480965614319, 0.5252386331558228, 0.1519971489906311], [-0.7109562754631042, -0.3335846960544586, -0.6190818548202515, -0.8083668947219849], [0.0, 0.0, 0.0, 1.0]]}, "finger3joint3": {"matrix": [[-0.26843008399009705, -0.9589365720748901, 0.09157507121562958, -1.8687397241592407], [-0.7435912489891052, 0.2667023837566376, 0.6131407618522644, 0.4736918807029724], [-0.6123864650726318, 0.09649104624986649, -0.7846478223800659, -1.02422297000885], [0.0, 0.0, 0.0, 1.0]]}, "Bone.003": {"matrix": [[0.38801291584968567, 0.41276031732559204, 0.8240600228309631, -1.2582825422286987], [0.1384270191192627, 0.8578682541847229, -0.4948734939098358, -0.7146568298339844], [-0.9111990928649902, 0.30608946084976196, 0.2757268249988556, 0.1213863343000412], [0.0, 0.0, 0.0, 1.0]]}, "finger4joint1": {"matrix": [[-0.1902896761894226, -0.34184807538986206, 0.9202877283096313, -1.0813653469085693], [-0.5633028745651245, 0.8057675361633301, 0.18283341825008392, -0.3469577431678772], [-0.8040394186973572, -0.4836094379425049, -0.34589332342147827, 0.25258225202560425], [0.0, 0.0, 0.0, 1.0]]}, "finger4joint2": {"matrix": [[-0.1802695095539093, -0.9187182188034058, 0.3513680100440979, -1.420943260192871], [-0.5410484671592712, 0.3909400999546051, 0.7446017861366272, 0.4534587264060974], [-0.8214432001113892, -0.05587806552648544, -0.5675457715988159, -0.22781553864479065], [0.0, 0.0, 0.0, 1.0]]}, "finger4joint3": {"matrix": [[-0.10839693248271942, -0.9617554545402527, -0.25154784321784973, -1.804106593132019], [-0.5825076103210449, -0.14359813928604126, 0.8000399470329285, 0.6165053248405457], [-0.8055647015571594, 0.23325051367282867, -0.5446643233299255, -0.2511202096939087], [0.0, 0.0, 0.0, 1.0]]}}