{"root": {"matrix": [[0.43185511231422424, -0.3993265926837921, -0.8087270259857178, 0.0], [-0.7808066010475159, 0.28331881761550903, -0.5568405985832214, 0.0], [0.45148879289627075, 0.8719339370727539, -0.18944419920444489, 0.0], [0.0, 0.0, 0.0, 1.0]]}, "carpals": {"matrix": [[0.6186714768409729, -0.7498250007629395, 0.23453770577907562, 0.6766839027404785], [0.10281803458929062, 0.3732331693172455, 0.9220222234725952, -1.4258531332015991], [-0.7788926959037781, -0.5463142395019531, 0.3080044388771057, 1.89579176902771], [0.0, 0.0, 0.0, 1.0]]}, "metacarpals": {"matrix": [[0.012828105129301548, -0.5027726292610168, 0.8643234372138977, -0.05364120006561279], [-0.7869037389755249, 0.5282492637634277, 0.3189590275287628, -1.062326431274414], [-0.616942286491394, -0.6842310428619385, -0.38885724544525146, 1.3636850118637085], [0.0, 0.0, 0.0, 1.0]]}, "finger5joint1": {"matrix": [[0.17125479876995087, -0.7675923705101013, 0.6176354885101318, -0.6983634829521179], [-0.7638654112815857, 0.2924816310405731, 0.5752944946289062, -0.7540055513381958], [-0.6222389340400696, -0.5703123211860657, -0.5362483859062195, 1.2414307594299316], [0.0, 0.0, 0.0, 1.0]]}, "finger5joint2": {"matrix": [[0.607040524482727, -0.6719552874565125, -0.424237459897995, -1.5091502666473389], [0.5765926837921143, 0.0050694928504526615, 0.8170156478881836, -0.4450652599334717], [-0.5468475222587585, -0.7405738830566406, 0.39052218198776245, 0.6390256285667419], [0.0, 0.0, 0.0, 1.0]]}, "finger5joint3": {"matrix": [[0.5640901327133179, -0.6133564710617065, -0.552807092666626, -1.9710087776184082], [0.5286893844604492, -0.2459724396467209, 0.8123942613601685, -0.44158080220222473], [-0.6342626810073853, -0.750527024269104, 0.18552468717098236, 0.13000324368476868], [0.0, 0.0, 0.0, 1.0]]}, "Bone": {"matrix": [[0.42379939556121826, -0.2090209424495697, 0.8813081979751587, -0.8386088013648987], [-0.6685165762901306, -0.7286896705627441, 0.1486489474773407, -0.23758256435394287], [0.6111294627189636, -0.6521667838096619, -0.44855228066444397, 0.2954104244709015], [0.0, 0.0, 0.0, 1.0]]}, "finger1joint1": {"matrix": [[0.24492613971233368, -0.9303038120269775, 0.2730309069156647, -1.0125534534454346], [-0.863933801651001, -0.08160506933927536, 0.4969492554664612, -0.8439891338348389], [-0.4400333762168884, -0.3575965464115143, -0.823708176612854, -0.2473147213459015], [0.0, 0.0, 0.0, 1.0]]}, "finger1joint2": {"matrix": [[0.1687271147966385, -0.9602733254432678, -0.22227531671524048, -1.5383410453796387], [-0.972405731678009, -0.19903120398521423, 0.12170985341072083, -0.8901105523109436], [-0.1611146628856659, 0.1956060528755188, -0.967357337474823, -0.4494205415248871], [0.0, 0.0, 0.0, 1.0]]}, "finger1joint3": {"matrix": [[0.18046455085277557, -0.7579761743545532, -0.6268210411071777, -1.9499945640563965], [-0.9471205472946167, -0.3058229088783264, 0.09713263064622879, -0.9754319787025452], [-0.26532068848609924, 0.5761460661888123, -0.7730850577354431, -0.3655674457550049], [0.0, 0.0, 0.0, 1.0]]}, "Bone.001": {"matrix": [[0.42887648940086365, -0.035630565136671066, 0.902660071849823, -0.8386088013648987], [-0.8531307578086853, -0.344534307718277, 0.39174413681030273, -0.23758265376091003], [0.297039270401001, -0.9380972385406494, -0.1781601905822754, 0.2954104244709015], [0.0, 0.0, 0.0, 1.0]]}, "finger2joint1": {"matrix": [[0.08467099070549011, -0.6194127202033997, 0.7804861068725586, -0.8611944913864136], [-0.8637875914573669, 0.3448295295238495, 0.3673730790615082, -0.45597732067108154], [-0.49669045209884644, -0.7052801847457886, -0.5058440566062927, -0.2992340922355652], [0.0, 0.0, 0.0, 1.0]]}, "finger2joint2": {"matrix": [[-0.04418104514479637, -0.8814671039581299, 0.4701739549636841, -1.3970786333084106], [-0.8593032956123352, 0.27357789874076843, 0.43214869499206543, -0.15764839947223663], [-0.509554386138916, -0.38492926955223083, -0.7695346474647522, -0.9094065427780151], [0.0, 0.0, 0.0, 1.0]]}, "finger2joint3": {"matrix": [[-0.1868249475955963, -0.9812657237052917, -0.047050364315509796, -1.7316981554031372], [-0.8574072122573853, 0.13949079811573029, 0.4953731894493103, -0.053793735802173615], [-0.4795299172401428, 0.1328894942998886, -0.8674048185348511, -1.0555318593978882], [0.0, 0.0, 0.0, 1.0]]}, "Bone.002": {"matrix": [[0.2683050036430359, -0.21740011870861053, 0.9384825825691223, -0.8386088609695435], [-0.8577853441238403, 0.3894559144973755, 0.33545202016830444, -0.23758265376091003], [-0.43842512369155884, -0.895020067691803, -0.08198966830968857, 0.2954104244709015], [0.0, 0.0, 0.0, 1.0]]}, "finger3joint1": {"matrix": [[0.08143198490142822, -0.3936043083667755, 0.9156661033630371, -0.9302451610565186], [-0.8484935760498047, 0.45462313294410706, 0.2708805203437805, -0.07342308759689331], [-0.5229029655456543, -0.7989950776100159, -0.2969498634338379, -0.08184945583343506], [0.0, 0.0, 0.0, 1.0]]}, "finger3joint2": {"matrix": [[-0.017413577064871788, -0.9023259878158569, 0.4307023286819458, -1.2755076885223389], [-0.7757943868637085, 0.2839394211769104, 0.5634902715682983, 0.3253639340400696], [-0.6307454705238342, -0.32432395219802856, -0.7049638628959656, -0.7827131748199463], [0.0, 0.0, 0.0, 1.0]]}, "finger3joint3": {"matrix": [[-0.13434065878391266, -0.9875105619430542, 0.08231338858604431, -1.8593850135803223], [-0.8444485068321228, 0.15755115449428558, 0.5119414925575256, 0.5090954899787903], [-0.5185163617134094, -0.0007347645587287843, -0.855067253112793, -0.9925768971443176], [0.0, 0.0, 0.0, 1.0]]}, "Bone.003": {"matrix": [[0.5724849104881287, 0.17363043129444122, 0.8013198971748352, -0.8386087417602539], [-0.1917487531900406, 0.9785704612731934, -0.07504656165838242, -0.23758266866207123], [-0.7971783876419067, -0.1106889396905899, 0.5935102701187134, 0.2954104244709015], [0.0, 0.0, 0.0, 1.0]]}, "finger4joint1": {"matrix": [[-0.03214205428957939, -0.6703839898109436, 0.7413177490234375, -0.7641875147819519], [-0.7530538439750671, 0.5039210915565491, 0.42305195331573486, 0.18185168504714966], [-0.6571731567382812, -0.544654369354248, -0.5210322737693787, 0.24796700477600098], [0.0, 0.0, 0.0, 1.0]]}, "finger4joint2": {"matrix": [[-0.03317996487021446, -0.9979815483093262, 0.054145704954862595, -1.4301193952560425], [-0.732994794845581, 0.06112683191895485, 0.6774817705154419, 0.6824262142181396], [-0.6794242262840271, -0.01720961555838585, -0.7335434556007385, -0.29307031631469727], [0.0, 0.0, 0.0, 1.0]]}, "finger4joint3": {"matrix": [[0.049104537814855576, -0.8539327383041382, -0.5180612206459045, -1.8463404178619385], [-0.7453711032867432, -0.37658998370170593, 0.5500921010971069, 0.7079199552536011], [-0.6648384928703308, 0.3591358959674835, -0.6549890637397766, -0.30024781823158264], [0.0, 0.0, 0.0, 1.0]]}}