{"root": {"matrix": [[0.22293846309185028, -0.9554129242897034, -0.19360949099063873, 0.0], [0.26873478293418884, 0.25114595890045166, -0.9298964142799377, 0.0], [0.9370592832565308, 0.15528008341789246, 0.3127427101135254, 0.0], [0.0, 0.0, 0.0, 1.0]]}, "carpals": {"matrix": [[0.8751034140586853, -0.11864843964576721, -0.4691655933856964, -0.4092373847961426], [0.3563896119594574, -0.4978504180908203, 0.7906524538993835, 0.9581073522567749], [-0.3273839056491852, -0.8591084480285645, -0.3933853805065155, 2.2359652519226074], [0.0, 0.0, 0.0, 1.0]]}, "metacarpals": {"matrix": [[0.44691404700279236, -0.6761205792427063, 0.5857718586921692, -0.524800181388855], [-0.6777656078338623, 0.17146041989326477, 0.715006947517395, 0.4732040464878082], [-0.5838676691055298, -0.7165625691413879, -0.38162311911582947, 1.3991987705230713], [0.0, 0.0, 0.0, 1.0]]}, "finger5joint1": {"matrix": [[0.05068695917725563, -0.7229570150375366, 0.6890310645103455, -1.2300270795822144], [-0.4935188889503479, 0.5816655158996582, 0.6466097235679626, 0.39584529399871826], [-0.868256688117981, -0.3728243410587311, -0.3273100256919861, 1.2497146129608154], [0.0, 0.0, 0.0, 1.0]]}, "finger5joint2": {"matrix": [[0.8456375002861023, -0.23132990300655365, -0.4810231328010559, -1.993666648864746], [0.5312131643295288, 0.2768661677837372, 0.8007230162620544, 1.0102423429489136], [-0.05205220729112625, -0.9326471090316772, 0.35701417922973633, 0.8559105396270752], [0.0, 0.0, 0.0, 1.0]]}, "finger5joint3": {"matrix": [[0.8455427289009094, -0.038519687950611115, -0.5325159430503845, -2.152667760848999], [0.50984787940979, -0.23778089880943298, 0.8267496228218079, 1.2005422115325928], [-0.1584683209657669, -0.9705544114112854, -0.18141447007656097, 0.21486951410770416], [0.0, 0.0, 0.0, 1.0]]}, "Bone": {"matrix": [[0.6850462555885315, 0.22895866632461548, 0.6915846467018127, -1.5804122686386108], [-0.3339402675628662, -0.7450204491615295, 0.5774325132369995, 0.7409014105796814], [0.6474527716636658, -0.6265161037445068, -0.43391484022140503, 0.28044578433036804], [0.0, 0.0, 0.0, 1.0]]}, "finger1joint1": {"matrix": [[0.7795822024345398, -0.5064740777015686, 0.3684229254722595, -1.3898755311965942], [-0.5757508873939514, -0.34802213311195374, 0.7398590445518494, 0.12090453505516052], [-0.24650023877620697, -0.7889007329940796, -0.5629146099090576, -0.24093320965766907], [0.0, 0.0, 0.0, 1.0]]}, "finger1joint2": {"matrix": [[0.6403691172599792, -0.6467331051826477, 0.414323091506958, -1.6761237382888794], [-0.7665918469429016, -0.5047523975372314, 0.39694076776504517, -0.07579001784324646], [-0.04758431762456894, -0.5718052387237549, -0.8190079927444458, -0.686802864074707], [0.0, 0.0, 0.0, 1.0]]}, "finger1joint3": {"matrix": [[0.7023299336433411, -0.7104247808456421, 0.04504697024822235, -1.9533677101135254], [-0.7034146189689636, -0.6829008460044861, 0.19711515307426453, -0.29216909408569336], [-0.1092730462551117, -0.17012658715248108, -0.9793446063995361, -0.9319263696670532], [0.0, 0.0, 0.0, 1.0]]}, "Bone.001": {"matrix": [[0.7985803484916687, 0.18783998489379883, 0.5718262791633606, -1.5804121494293213], [-0.49572739005088806, -0.3335479497909546, 0.801872730255127, 0.7409013509750366], [0.3413551449775696, -0.9238297939300537, -0.1732473224401474, 0.28044575452804565], [0.0, 0.0, 0.0, 1.0]]}, "finger2joint1": {"matrix": [[0.8398990035057068, -0.5401554703712463, 0.05292930454015732, -1.46134352684021], [-0.47687971591949463, -0.6878945231437683, 0.5471623539924622, 0.5294707417488098], [-0.25914302468299866, -0.4848020672798157, -0.8353509902954102, -0.30515483021736145], [0.0, 0.0, 0.0, 1.0]]}, "finger2joint2": {"matrix": [[0.779110312461853, -0.4943999946117401, -0.38542911410331726, -1.9286584854125977], [-0.5856488943099976, -0.7933441996574402, -0.16619321703910828, -0.06566044688224792], [-0.22361214458942413, 0.3552089035511017, -0.9076473712921143, -0.7245808839797974], [0.0, 0.0, 0.0, 1.0]]}, "finger2joint3": {"matrix": [[0.7485641241073608, -0.19405010342597961, -0.6340315937995911, -2.1163406372070312], [-0.6555702686309814, -0.35993510484695435, -0.6638328433036804, -0.3668268918991089], [-0.09939352422952652, 0.9125736951828003, -0.39664801955223083, -0.5897377729415894], [0.0, 0.0, 0.0, 1.0]]}, "Bone.002": {"matrix": [[0.6942739486694336, -0.35192617774009705, 0.6277989745140076, -1.5804120302200317], [-0.6004472374916077, 0.197687029838562, 0.7748438119888306, 0.7409013509750366], [-0.3967956006526947, -0.9149138331413269, -0.07406408339738846, 0.28044575452804565], [0.0, 0.0, 0.0, 1.0]]}, "finger3joint1": {"matrix": [[0.6258249282836914, 0.30206725001335144, 0.7190956473350525, -1.7287524938583374], [-0.778857409954071, 0.291113018989563, 0.5555487275123596, 0.8242284059524536], [-0.04152526706457138, -0.9077489972114563, 0.41745302081108093, -0.10519957542419434], [0.0, 0.0, 0.0, 1.0]]}, "finger3joint2": {"matrix": [[0.6373424530029297, -0.7507197260856628, 0.1738232672214508, -1.4637848138809204], [-0.743985116481781, -0.5407337546348572, 0.392547070980072, 1.0795873403549194], [-0.20070089399814606, -0.3795086741447449, -0.9031566381454468, -0.9014602899551392], [0.0, 0.0, 0.0, 1.0]]}, "finger3joint3": {"matrix": [[0.5609925985336304, -0.710730254650116, -0.4244406223297119, -1.9495607614517212], [-0.8253008723258972, -0.5201522707939148, -0.2198183685541153, 0.7296891808509827], [-0.06454238295555115, 0.47360754013061523, -0.8783676028251648, -1.1470328569412231], [0.0, 0.0, 0.0, 1.0]]}, "Bone.003": {"matrix": [[0.6204178333282471, -0.35836341977119446, 0.6976082921028137, -1.5804122686386108], [0.11793532222509384, 0.9220143556594849, 0.36875584721565247, 0.7409014105796814], [-0.7753532528877258, -0.14650988578796387, 0.6142977476119995, 0.28044572472572327], [0.0, 0.0, 0.0, 1.0]]}, "finger4joint1": {"matrix": [[0.7610838413238525, -0.20072853565216064, 0.6168138384819031, -1.7340136766433716], [-0.6486494541168213, -0.23882263898849487, 0.722646176815033, 1.136094570159912], [0.002253221347928047, -0.9500901103019714, -0.3119663894176483, 0.21764874458312988], [0.0, 0.0, 0.0, 1.0]]}, "finger4joint2": {"matrix": [[0.768051266670227, -0.5707451701164246, -0.2904253602027893, -1.9334092140197754], [-0.6398781538009644, -0.7020745277404785, -0.3124852776527405, 0.8988579511642456], [-0.025550968945026398, 0.4258415102958679, -0.9044365286827087, -0.7261318564414978], [0.0, 0.0, 0.0, 1.0]]}, "finger4joint3": {"matrix": [[0.8170028924942017, -0.02411511540412903, -0.5761288404464722, -2.171445846557617], [-0.5746629238128662, -0.11657420545816422, -0.8100448250770569, 0.6060487627983093], [-0.04762760549783707, 0.9928888082504272, -0.10909952968358994, -0.5485291481018066], [0.0, 0.0, 0.0, 1.0]]}}