{"root": {"matrix": [[0.7200314998626709, -0.47430258989334106, 0.5065488219261169, 0.0], [0.2594413161277771, 0.8610169887542725, 0.4374241828918457, 0.0], [-0.6436185240745544, -0.18353943526744843, 0.7430130839347839, 0.0], [0.0, 0.0, 0.0, 1.0]]}, "carpals": {"matrix": [[0.07157827913761139, -0.671334445476532, -0.7376897931098938, 1.1071279048919678], [-0.510580837726593, -0.6600024104118347, 0.5510932803153992, 1.3803192377090454], [-0.8568452000617981, 0.3372039496898651, -0.39001238346099854, -1.7187122106552124], [0.0, 0.0, 0.0, 1.0]]}, "metacarpals": {"matrix": [[-0.08213891834020615, -0.9965253472328186, 0.01378416083753109, 0.45325231552124023], [-0.8443521857261658, 0.0769304558634758, 0.5302366018295288, 0.737480878829956], [-0.5294548869132996, 0.031914349645376205, -0.8477374911308289, -1.390277624130249], [0.0, 0.0, 0.0, 1.0]]}, "finger5joint1": {"matrix": [[-0.2584260404109955, -0.9635836482048035, 0.0687171146273613, -0.10669207572937012], [-0.8083430528640747, 0.25464457273483276, 0.5307893753051758, 0.7114154100418091], [-0.5289587378501892, 0.08162285387516022, -0.8447131514549255, -0.9304322004318237], [0.0, 0.0, 0.0, 1.0]]}, "finger5joint2": {"matrix": [[0.2211604118347168, -0.9672170877456665, 0.12481294572353363, -1.1244986057281494], [0.5376968383789062, 0.22770638763904572, 0.8118075728416443, 0.9803894758224487], [-0.8136152029037476, -0.11242816597223282, 0.5704296231269836, -0.8442162275314331], [0.0, 0.0, 0.0, 1.0]]}, "finger5joint3": {"matrix": [[0.12269129604101181, -0.9800412654876709, -0.15641333162784576, -1.7893011569976807], [0.5110937356948853, -0.07270345091819763, 0.8564443588256836, 1.1369000673294067], [-0.8507229089736938, -0.18502025306224823, 0.49197328090667725, -0.9214920401573181], [0.0, 0.0, 0.0, 1.0]]}, "Bone": {"matrix": [[0.9670986533164978, -0.2479405552148819, 0.05696685239672661, -1.1026005744934082], [-0.2509927451610565, -0.8933830857276917, 0.3726513981819153, 0.8575906753540039], [-0.041502177715301514, -0.3746892213821411, -0.9262210726737976, -1.3404505252838135], [0.0, 0.0, 0.0, 1.0]]}, "finger1joint1": {"matrix": [[0.20778709650039673, -0.854876697063446, -0.4754049777984619, -1.3089336156845093], [-0.7765877842903137, -0.4396810233592987, 0.45121145248413086, 0.11412829160690308], [-0.5947570204734802, 0.27543777227401733, -0.7552469968795776, -1.6522622108459473], [0.0, 0.0, 0.0, 1.0]]}, "finger1joint2": {"matrix": [[0.35971736907958984, -0.6931212544441223, -0.6246486902236938, -1.7920913696289062], [-0.8681379556655884, -0.493977814912796, 0.048190776258707047, -0.1343698799610138], [-0.34196484088897705, 0.5249462127685547, -0.7794174551963806, -1.4965906143188477], [0.0, 0.0, 0.0, 1.0]]}, "finger1joint3": {"matrix": [[0.31979304552078247, -0.3310706317424774, -0.8877636194229126, -2.0892210006713867], [-0.8400841355323792, -0.5323776602745056, -0.10407990217208862, -0.34613001346588135], [-0.4381679594516754, 0.7790802121162415, -0.4483780264854431, -1.2715548276901245], [0.0, 0.0, 0.0, 1.0]]}, "Bone.001": {"matrix": [[0.8257402181625366, -0.5428098440170288, 0.15332984924316406, -1.1026005744934082], [-0.49262499809265137, -0.5616202354431152, 0.6647578477859497, 0.8575906753540039], [-0.2747240960597992, -0.6244516968727112, -0.7311542630195618, -1.3404502868652344], [0.0, 0.0, 0.0, 1.0]]}, "finger2joint1": {"matrix": [[0.17729197442531586, -0.9681802988052368, -0.17661802470684052, -1.446678876876831], [-0.8189035654067993, -0.24466460943222046, 0.5191683769226074, 0.5015888214111328], [-0.5458610653877258, 0.05258868262171745, -0.8362236618995667, -1.736280083656311], [0.0, 0.0, 0.0, 1.0]]}, "finger2joint2": {"matrix": [[0.10457143187522888, -0.38574039936065674, -0.9166616797447205, -2.284298896789551], [-0.8821327686309814, -0.4616035223007202, 0.0936150923371315, 0.2899174988269806], [-0.4592457115650177, 0.7988279461860657, -0.3885449469089508, -1.6907830238342285], [0.0, 0.0, 0.0, 1.0]]}, "finger2joint3": {"matrix": [[0.1411231905221939, 0.5016955137252808, -0.8534548878669739, -2.430732488632202], [-0.934068500995636, -0.21816618740558624, -0.28269991278648376, 0.11468521505594254], [-0.3280245363712311, 0.8370811939239502, 0.43782976269721985, -1.3875348567962646], [0.0, 0.0, 0.0, 1.0]]}, "Bone.002": {"matrix": [[0.21086819469928741, -0.9402447938919067, 0.2673460841178894, -1.1026004552841187], [-0.7550926804542542, 0.017009401693940163, 0.6553972959518433, 0.8575907349586487], [-0.6207816004753113, -0.3400736153125763, -0.7063853144645691, -1.340450406074524], [0.0, 0.0, 0.0, 1.0]]}, "finger3joint1": {"matrix": [[0.018811039626598358, -0.9439696073532104, 0.3294951319694519, -1.4989230632781982], [-0.846144437789917, 0.16052816808223724, 0.5082030296325684, 0.8647603392601013], [-0.5326218008995056, -0.2883602976799011, -0.7957150340080261, -1.4837948083877563], [0.0, 0.0, 0.0, 1.0]]}, "finger3joint2": {"matrix": [[-0.14348480105400085, -0.13573192059993744, -0.9803001880645752, -2.326956033706665], [-0.8291860222816467, -0.5242447853088379, 0.19395339488983154, 1.0055726766586304], [-0.5402432680130005, 0.840680718421936, -0.037325866520404816, -1.736739158630371], [0.0, 0.0, 0.0, 1.0]]}, "finger3joint3": {"matrix": [[0.016854969784617424, 0.7189070582389832, -0.6949014663696289, -2.414785385131836], [-0.8749675750732422, -0.325745165348053, -0.35822033882141113, 0.666344165802002], [-0.483888179063797, 0.614054262638092, 0.6235300898551941, -1.192751169204712], [0.0, 0.0, 0.0, 1.0]]}, "Bone.003": {"matrix": [[-0.1989336460828781, -0.4391911029815674, 0.876091480255127, -1.1026004552841187], [-0.14253437519073486, 0.8974199891090393, 0.41751793026924133, 0.8575906753540039], [-0.9695923924446106, -0.04181470721960068, -0.2411268800497055, -1.3404502868652344], [0.0, 0.0, 0.0, 1.0]]}, "finger4joint1": {"matrix": [[-0.08815249800682068, -0.7983827590942383, -0.5956622362136841, -1.290846347808838], [-0.8464284539222717, -0.25522708892822266, 0.4673517942428589, 1.2422423362731934], [-0.5251550674438477, 0.5453839302062988, -0.6532751321792603, -1.3583729267120361], [0.0, 0.0, 0.0, 1.0]]}, "finger4joint2": {"matrix": [[-0.11791666597127914, -0.31571805477142334, -0.941497266292572, -2.0839269161224365], [-0.8428741097450256, -0.46946489810943604, 0.2629934549331665, 0.9887101650238037], [-0.5250320434570312, 0.8245752453804016, -0.21075287461280823, -0.8166109323501587], [0.0, 0.0, 0.0, 1.0]]}, "finger4joint3": {"matrix": [[-0.07747869938611984, 0.08899498730897903, -0.9930137395858765, -2.2156014442443848], [-0.8046889305114746, -0.5936189293861389, 0.009584280662238598, 0.7929137945175171], [-0.5886191129684448, 0.7998100519180298, 0.11760617047548294, -0.4727112650871277], [0.0, 0.0, 0.0, 1.0]]}}