{"root": {"matrix": [[0.21649883687496185, -0.5113821625709534, -0.8316348195075989, 0.0], [-0.6640223860740662, 0.5473248958587646, -0.5094209909439087, 0.0], [0.7156832218170166, 0.662513256072998, -0.22107405960559845, 0.0], [0.0, 0.0, 0.0, 1.0]]}, "carpals": {"matrix": [[0.5973045825958252, -0.7648419737815857, 0.24133755266666412, 0.0825548768043518], [-0.03365869075059891, 0.27674347162246704, 0.9603539705276489, -0.9086664915084839], [-0.801307737827301, -0.5817470550537109, 0.13955678045749664, 2.291832208633423], [0.0, 0.0, 0.0, 1.0]]}, "metacarpals": {"matrix": [[0.09295319020748138, -0.2824261784553528, 0.9547748565673828, -0.6623964905738831], [-0.8697717189788818, 0.4437030553817749, 0.21592670679092407, -0.6391200423240662], [-0.4846200942993164, -0.8505073189735413, -0.20440267026424408, 1.7252140045166016], [0.0, 0.0, 0.0, 1.0]]}, "finger5joint1": {"matrix": [[0.42244502902030945, -0.635662853717804, 0.6461213231086731, -1.2326421737670898], [-0.8671850562095642, -0.07607018202543259, 0.4921412765979767, -0.3221224546432495], [-0.26368555426597595, -0.7682095170021057, -0.5833727717399597, 1.4089744091033936], [0.0, 0.0, 0.0, 1.0]]}, "finger5joint2": {"matrix": [[0.6362174153327942, -0.32225343585014343, -0.7009848356246948, -1.9040751457214355], [0.45410147309303284, -0.5781194567680359, 0.6779153347015381, -0.40247324109077454], [-0.6237136125564575, -0.7496199011802673, -0.2214738130569458, 0.597536027431488], [0.0, 0.0, 0.0, 1.0]]}, "finger5joint3": {"matrix": [[0.6409777998924255, -0.24754807353019714, -0.7265444993972778, -2.1255712509155273], [0.36013397574424744, -0.7389129996299744, 0.569482684135437, -0.7998350858688354], [-0.6778275966644287, -0.6266793608665466, -0.38447633385658264, 0.08229593932628632], [0.0, 0.0, 0.0, 1.0]]}, "Bone": {"matrix": [[0.21162322163581848, -0.10881457477807999, 0.9712748527526855, -1.1033422946929932], [-0.5893780589103699, -0.8069624900817871, 0.03800858184695244, 0.05362361669540405], [0.7796464562416077, -0.5804919004440308, -0.2349049150943756, 0.39733603596687317], [0.0, 0.0, 0.0, 1.0]]}, "finger1joint1": {"matrix": [[0.15139909088611603, -0.6041975021362305, 0.7823193669319153, -1.1938964128494263], [-0.9139909148216248, 0.2158273607492447, 0.34356775879859924, -0.6179205775260925], [-0.3764289915561676, -0.767048716545105, -0.519554853439331, -0.08574217557907104], [0.0, 0.0, 0.0, 1.0]]}, "finger1joint2": {"matrix": [[-0.0819190964102745, -0.958939254283905, -0.27152305841445923, -1.5353755950927734], [-0.9793265461921692, 0.026892200112342834, 0.20048962533473969, -0.4959396421909332], [-0.18495577573776245, 0.282333642244339, -0.941317617893219, -0.5192614793777466], [0.0, 0.0, 0.0, 1.0]]}, "finger1joint3": {"matrix": [[-0.07375982403755188, -0.7303670048713684, -0.679060697555542, -1.9464571475982666], [-0.9543112516403198, -0.146017923951149, 0.26070791482925415, -0.484411358833313], [-0.289567768573761, 0.667264997959137, -0.6862272024154663, -0.3982296884059906], [0.0, 0.0, 0.0, 1.0]]}, "Bone.001": {"matrix": [[0.27529358863830566, 0.15797759592533112, 0.9482912421226501, -1.1033421754837036], [-0.81877201795578, -0.47840777039527893, 0.3173923194408417, 0.053623661398887634], [0.5038107633590698, -0.8638107180595398, -0.0023548549506813288, 0.39733606576919556], [0.0, 0.0, 0.0, 1.0]]}, "finger2joint1": {"matrix": [[0.38159388303756714, -0.48164817690849304, 0.7889239192008972, -1.0032027959823608], [-0.9239152669906616, -0.1731901466846466, 0.3411528766155243, -0.24963124096393585], [-0.027681957930326462, -0.8590809106826782, -0.5110903978347778, -0.15021944046020508], [0.0, 0.0, 0.0, 1.0]]}, "finger2joint2": {"matrix": [[0.26192793250083923, -0.8601909279823303, 0.4375673234462738, -1.4199001789093018], [-0.9633485078811646, -0.20583373308181763, 0.17202267050743103, -0.39946651458740234], [-0.057906411588191986, -0.46658745408058167, -0.8825773000717163, -0.8934524059295654], [0.0, 0.0, 0.0, 1.0]]}, "finger2joint3": {"matrix": [[0.12138506770133972, -0.9783686995506287, -0.16751164197921753, -1.7464429140090942], [-0.9920910000801086, -0.12501344084739685, 0.0112485121935606, -0.47760435938835144], [-0.03194659948348999, 0.16482140123844147, -0.9858057498931885, -1.0705766677856445], [0.0, 0.0, 0.0, 1.0]]}, "Bone.002": {"matrix": [[0.2925184369087219, 0.03214072436094284, 0.9557195901870728, -1.1033422946929932], [-0.9253373742103577, 0.2616170644760132, 0.2744211256504059, 0.053623639047145844], [-0.2412126511335373, -0.9646362662315369, 0.10626889765262604, 0.39733603596687317], [0.0, 0.0, 0.0, 1.0]]}, "finger3joint1": {"matrix": [[0.13013143837451935, -0.1907062828540802, 0.9729834794998169, -1.0897947549819946], [-0.9167793989181519, 0.35058319568634033, 0.1913292109966278, 0.16389787197113037], [-0.3775995671749115, -0.9169090390205383, -0.1292136311531067, -0.009267866611480713], [0.0, 0.0, 0.0, 1.0]]}, "finger3joint2": {"matrix": [[0.06049531325697899, -0.928984522819519, 0.3651410937309265, -1.2570786476135254], [-0.8565340638160706, 0.1395207792520523, 0.4968734085559845, 0.4714230000972748], [-0.512532651424408, -0.34281423687934875, -0.7872664928436279, -0.8135634660720825], [0.0, 0.0, 0.0, 1.0]]}, "finger3joint3": {"matrix": [[-0.04793618991971016, -0.9914122819900513, -0.12167102843523026, -1.8582061529159546], [-0.9199001789093018, -0.0036462759599089622, 0.39213547110557556, 0.561704158782959], [-0.3892117440700531, 0.13072268664836884, -0.9118253588676453, -1.0353918075561523], [0.0, 0.0, 0.0, 1.0]]}, "Bone.003": {"matrix": [[0.726280689239502, 0.2746369242668152, 0.6301515102386475, -1.1033422946929932], [-0.3354530930519104, 0.9417557120323181, -0.023816131055355072, 0.05362364649772644], [-0.5999895930290222, -0.1940889209508896, 0.7761068344116211, 0.39733606576919556], [0.0, 0.0, 0.0, 1.0]]}, "finger4joint1": {"matrix": [[0.08665376156568527, -0.5292293429374695, 0.844042181968689, -0.9856275320053101], [-0.8681398034095764, 0.37548720836639404, 0.32456475496292114, 0.45727840065956116], [-0.48869645595550537, -0.7608713507652283, -0.42690756916999817, 0.3141457438468933], [0.0, 0.0, 0.0, 1.0]]}, "finger4joint2": {"matrix": [[0.0907818004488945, -0.9683446884155273, -0.23252318799495697, -1.5113422870635986], [-0.8528749346733093, -0.1961456686258316, 0.4838705360889435, 0.8302720785140991], [-0.5141620635986328, 0.15438653528690338, -0.8436833620071411, -0.441672682762146], [0.0, 0.0, 0.0, 1.0]]}, "finger4joint3": {"matrix": [[0.1743539571762085, -0.6782426238059998, -0.7138538956642151, -1.9152028560638428], [-0.8406051397323608, -0.48007693886756897, 0.25081580877304077, 0.748466968536377], [-0.5128189325332642, 0.5563385486602783, -0.6538376212120056, -0.3772837817668915], [0.0, 0.0, 0.0, 1.0]]}}